180.21	3430.03
180.28	-126.48
180.36	632.87
180.44	-47.62
180.51	-16.34
180.59	7.05
180.66	34.75
180.74	32.71
180.81	32.61
180.89	35.14
180.97	36.48
181.04	34.16
181.12	33.02
181.19	33.04
181.27	33.22
181.34	49.26
181.42	56.25
181.50	63.43
181.57	74.98
181.65	80.64
181.72	75.37
181.80	70.98
181.87	71.50
181.95	72.00
182.03	71.76
182.10	75.02
182.18	78.22
182.25	85.36
182.33	87.77
182.40	97.68
182.48	96.85
182.55	111.98
182.63	120.61
182.71	128.28
182.78	136.78
182.86	151.19
182.93	151.35
183.01	150.98
183.08	146.85
183.16	145.24
183.23	136.28
183.31	143.49
183.39	150.44
183.46	171.04
183.54	181.58
183.61	209.99
183.69	230.63
183.76	263.76
183.84	289.28
183.91	318.12
183.99	357.63
184.06	389.85
184.14	422.64
184.22	469.11
184.29	503.39
184.37	515.62
184.44	531.93
184.52	519.90
184.59	461.71
184.67	407.46
184.74	357.01
184.82	323.26
184.89	318.88
184.97	362.55
185.04	432.28
185.12	501.69
185.20	580.83
185.27	655.24
185.35	744.40
185.42	803.08
185.50	865.70
185.57	921.95
185.65	964.93
185.72	1002.61
185.80	1081.55
185.87	1139.41
185.95	1205.31
186.02	1320.12
186.10	1388.81
186.17	1413.05
186.25	1402.86
186.33	1261.91
186.40	1062.23
186.48	915.65
186.55	822.95
186.63	807.89
186.70	931.45
186.78	1096.30
186.85	1239.88
186.93	1364.45
187.00	1468.38
187.08	1581.67
187.15	1685.60
187.23	1809.26
187.30	1939.02
187.38	2049.21
187.45	2167.97
187.53	2304.02
187.60	2383.72
187.68	2484.19
187.75	2628.31
187.83	2697.96
187.90	2754.67
187.98	2865.60
188.05	2891.70
188.13	2749.51
188.21	2496.58
188.28	2230.29
188.36	1966.39
188.43	1775.37
188.51	1781.73
188.58	1973.24
188.66	2183.20
188.73	2384.32
188.81	2598.27
188.88	2758.70
188.96	2919.15
189.03	3058.06
189.11	3206.82
189.18	3340.50
189.26	3448.27
189.33	3557.65
189.41	3684.83
189.48	3763.10
189.56	3855.81
189.63	3989.28
189.71	4050.85
189.78	4112.78
189.86	4213.02
189.93	4263.12
190.01	4261.07
190.08	4237.84
190.16	4052.31
190.23	3686.87
190.31	3343.96
190.38	3096.56
190.46	2952.52
190.53	2993.61
190.61	3230.16
190.68	3479.88
190.76	3701.88
190.83	3894.91
190.91	4055.76
190.98	4227.20
191.06	4372.59
191.13	4523.02
191.21	4656.31
191.28	4774.38
191.35	4890.22
191.43	5007.86
191.50	5077.42
191.58	5166.89
191.65	5262.06
191.73	5294.27
191.80	5335.23
191.88	5375.02
191.95	5366.30
192.03	5362.85
192.10	5387.29
192.18	5398.49
192.25	5385.18
192.33	5283.39
192.40	5054.78
192.48	4807.38
192.55	4609.89
192.63	4482.86
192.70	4508.56
192.78	4690.78
192.85	4922.62
192.93	5129.16
193.00	5315.94
193.08	5462.65
193.15	5614.69
193.22	5717.82
193.30	5807.44
193.37	5890.37
193.45	5942.48
193.52	5978.62
193.60	6037.18
193.67	6083.23
193.75	6131.51
193.82	6200.65
193.90	6234.63
193.97	6266.15
194.05	6312.34
194.12	6345.38
194.20	6390.19
194.27	6454.39
194.34	6502.51
194.42	6535.68
194.49	6572.60
194.57	6590.98
194.64	6557.52
194.72	6467.82
194.79	6360.74
194.87	6257.78
194.94	6165.81
195.02	6126.88
195.09	6164.18
195.17	6243.55
195.24	6329.27
195.31	6438.43
195.39	6549.48
195.46	6668.14
195.54	6771.81
195.61	6866.98
195.69	6938.80
195.76	6996.00
195.84	7046.27
195.91	7084.69
195.99	7111.15
196.06	7131.92
196.13	7152.82
196.21	7159.38
196.28	7162.82
196.36	7158.42
196.43	7133.28
196.51	7096.86
196.58	7054.26
196.66	7028.13
196.73	7030.67
196.80	7068.70
196.88	7130.82
196.95	7216.93
197.03	7301.63
197.10	7362.75
197.18	7393.61
197.25	7412.98
197.33	7427.49
197.40	7440.22
197.47	7454.37
197.55	7491.92
197.62	7532.73
197.70	7560.71
197.77	7590.89
197.85	7613.84
197.92	7617.83
197.99	7593.44
198.07	7535.37
198.14	7450.22
198.22	7392.67
198.29	7374.00
198.37	7419.30
198.44	7522.33
198.51	7655.64
198.59	7778.61
198.66	7884.46
198.74	7958.58
198.81	8014.56
198.89	8057.97
198.96	8098.84
199.03	8126.46
199.11	8157.01
199.18	8169.07
199.26	8177.76
199.33	8186.77
199.41	8197.87
199.48	8174.14
199.55	8122.65
199.63	8038.20
199.70	7962.29
199.78	7886.80
199.85	7867.25
199.93	7928.93
200.00	8057.59
200.07	8192.67
200.15	8335.11
200.22	8454.76
200.30	8537.94
200.37	8604.99
200.44	8656.06
200.52	8705.69
200.59	8759.77
200.67	8795.94
200.74	8805.97
200.81	8803.63
200.89	8789.35
200.96	8773.34
201.04	8768.38
201.11	8755.91
201.19	8714.16
201.26	8663.95
201.33	8617.22
201.41	8594.13
201.48	8623.36
201.56	8718.39
201.63	8856.95
201.70	8992.79
201.78	9118.22
201.85	9230.77
201.93	9318.01
202.00	9378.46
202.07	9434.87
202.15	9481.02
202.22	9509.43
202.30	9543.83
202.37	9574.90
202.44	9603.70
202.52	9625.44
202.59	9633.45
202.67	9630.15
202.74	9637.78
202.81	9633.85
202.89	9607.15
202.96	9592.29
203.04	9608.07
203.11	9641.64
203.18	9716.57
203.26	9838.08
203.33	9968.02
203.41	10080.86
203.48	10179.38
203.55	10244.84
203.63	10304.53
203.70	10366.88
203.77	10423.18
203.85	10471.17
203.92	10521.19
204.00	10573.44
204.07	10619.79
204.14	10668.60
204.22	10710.44
204.29	10751.44
204.37	10774.48
204.44	10785.12
204.51	10803.80
204.59	10828.54
204.66	10848.34
204.73	10887.58
204.81	10952.29
204.88	11036.03
204.96	11134.75
205.03	11244.88
205.10	11348.22
205.18	11438.67
205.25	11510.29
205.32	11576.75
205.40	11641.96
205.47	11705.15
205.55	11768.19
205.62	11827.33
205.69	11887.64
205.77	11947.45
205.84	12017.66
205.91	12089.68
205.99	12161.46
206.06	12220.36
206.14	12283.71
206.21	12338.92
206.28	12382.54
206.36	12433.32
206.43	12482.46
206.50	12546.76
206.58	12620.68
206.65	12715.56
206.72	12812.78
206.80	12927.64
206.87	13024.82
206.95	13122.08
207.02	13210.44
207.09	13297.01
207.17	13380.68
207.24	13466.76
207.31	13550.86
207.39	13639.43
207.46	13723.51
207.53	13800.14
207.61	13879.39
207.68	13954.37
207.75	14038.59
207.83	14121.37
207.90	14199.65
207.98	14271.76
208.05	14344.06
208.12	14404.76
208.20	14487.26
208.27	14580.62
208.34	14683.61
208.42	14788.50
208.49	14903.55
208.56	14996.98
208.64	15101.04
208.71	15201.64
208.78	15300.39
208.86	15401.23
208.93	15508.87
209.00	15604.80
209.08	15703.76
209.15	15809.60
209.22	15909.98
209.30	16007.36
209.37	16110.85
209.44	16218.32
209.52	16322.30
209.59	16420.05
209.67	16524.69
209.74	16625.25
209.81	16723.50
209.89	16821.15
209.96	16929.37
210.03	17039.67
210.11	17152.87
210.18	17259.99
210.25	17373.77
210.33	17490.33
210.40	17598.23
210.47	17707.76
210.55	17835.40
210.62	17955.82
210.69	18067.14
210.77	18192.65
210.84	18314.51
210.91	18438.71
210.99	18555.88
211.06	18678.86
211.13	18790.82
211.21	18911.98
211.28	19019.41
211.35	19141.85
211.42	19267.19
211.50	19396.62
211.57	19520.70
211.64	19648.59
211.72	19766.79
211.79	19887.53
211.86	20009.63
211.94	20141.61
212.01	20264.38
212.08	20396.30
212.16	20520.06
212.23	20648.16
212.30	20776.03
212.38	20908.38
212.45	21042.12
212.52	21175.75
212.60	21304.09
212.67	21432.75
212.74	21565.69
212.82	21692.82
212.89	21827.73
212.96	21961.03
213.03	22089.22
213.11	22225.60
213.18	22357.81
213.25	22498.00
213.33	22634.25
213.40	22767.59
213.47	22897.42
213.55	23042.93
213.62	23177.63
213.69	23320.77
213.77	23466.45
213.84	23610.02
213.91	23752.73
213.98	23900.77
214.06	24045.16
214.13	24198.85
214.20	24347.88
214.28	24492.54
214.35	24633.42
214.42	24773.44
214.50	24908.32
214.57	25040.60
214.64	25175.69
214.72	25317.47
214.79	25459.58
214.86	25599.65
214.93	25746.74
215.01	25896.23
215.08	26034.90
215.15	26182.71
215.23	26332.48
215.30	26488.83
215.37	26635.72
215.44	26789.11
215.52	26942.11
215.59	27092.82
215.66	27226.01
215.74	27367.81
215.81	27503.88
215.88	27644.51
215.95	27777.97
216.03	27932.75
216.10	28081.13
216.17	28237.74
216.25	28385.57
216.32	28544.71
216.39	28697.04
216.46	28851.60
216.54	28999.25
216.61	29157.04
216.68	29304.32
216.76	29447.91
216.83	29591.43
216.90	29739.93
216.97	29888.72
217.05	30044.77
217.12	30198.45
217.19	30352.72
217.27	30503.29
217.34	30638.12
217.41	30765.58
217.48	30898.68
217.56	31033.96
217.63	31176.63
217.70	31323.05
217.78	31483.25
217.85	31638.72
217.92	31788.68
217.99	31936.98
218.07	32082.28
218.14	32223.32
218.21	32372.40
218.28	32522.63
218.36	32663.67
218.43	32816.14
218.50	32968.25
218.57	33107.25
218.65	33250.82
218.72	33393.98
218.79	33534.55
218.87	33667.26
218.94	33805.78
219.01	33945.32
219.08	34084.15
219.16	34225.19
219.23	34365.66
219.30	34508.84
219.37	34651.22
219.45	34802.89
219.52	34946.08
219.59	35079.88
219.66	35207.62
219.74	35336.49
219.81	35472.83
219.88	35601.96
219.95	35746.02
220.03	35898.12
220.10	36035.59
220.17	36163.72
220.24	36299.62
220.32	36431.52
220.39	36554.80
220.46	36680.45
220.53	36807.99
220.61	36937.18
220.68	37066.36
220.75	37193.93
220.82	37334.07
220.90	37464.24
220.97	37585.16
221.04	37702.32
221.11	37818.00
221.19	37931.01
221.26	38046.92
221.33	38172.82
221.40	38301.41
221.48	38434.56
221.55	38560.48
221.62	38681.00
221.69	38797.44
221.77	38923.79
221.84	39046.88
221.91	39162.32
221.98	39290.85
222.06	39418.86
222.13	39537.18
222.20	39642.05
222.27	39761.03
222.35	39876.99
222.42	39985.74
222.49	40095.20
222.56	40214.13
222.63	40319.27
222.71	40420.06
222.78	40524.50
222.85	40633.51
222.92	40749.39
223.00	40868.77
223.07	40984.61
223.14	41096.08
223.21	41195.29
223.29	41289.47
223.36	41392.85
223.43	41491.80
223.50	41593.95
223.57	41702.17
223.65	41824.09
223.72	41929.14
223.79	42038.75
223.86	42141.24
223.94	42231.31
224.01	42307.04
224.08	42392.35
224.15	42476.24
224.22	42570.44
224.30	42666.66
224.37	42761.02
224.44	42861.14
224.51	42953.85
224.59	43032.34
224.66	43117.08
224.73	43208.65
224.80	43295.92
224.87	43389.76
224.95	43495.76
225.02	43596.17
225.09	43690.30
225.16	43783.52
225.23	43870.40
225.31	43957.06
225.38	44041.28
225.45	44126.96
225.52	44214.23
225.60	44300.15
225.67	44376.58
225.74	44451.75
225.81	44528.04
225.88	44598.32
225.96	44667.32
226.03	44739.57
226.10	44816.96
226.17	44886.86
226.24	44956.85
226.32	45038.52
226.39	45123.61
226.46	45198.69
226.53	45281.02
226.60	45364.19
226.68	45444.74
226.75	45528.54
226.82	45614.63
226.89	45693.12
226.96	45761.62
227.04	45816.23
227.11	45862.56
227.18	45915.14
227.25	45959.17
227.32	46015.89
227.40	46086.65
227.47	46157.99
227.54	46233.52
227.61	46316.83
227.68	46401.14
227.76	46480.65
227.83	46550.74
227.90	46615.43
227.97	46676.30
228.04	46730.62
228.11	46770.88
228.19	46816.16
228.26	46865.71
228.33	46916.76
228.40	46961.32
228.47	47013.59
228.55	47067.82
228.62	47127.54
228.69	47186.85
228.76	47247.87
228.83	47309.08
228.90	47371.22
228.98	47421.04
229.05	47480.41
229.12	47550.28
229.19	47620.31
229.26	47678.56
229.34	47733.95
229.41	47782.70
229.48	47815.50
229.55	47853.67
229.62	47912.06
229.69	47969.39
229.77	48026.54
229.84	48083.42
229.91	48132.33
229.98	48162.54
230.05	48199.51
230.12	48230.73
230.20	48278.71
230.27	48323.56
230.34	48375.50
230.41	48427.05
230.48	48485.27
230.55	48530.86
230.63	48583.59
230.70	48644.94
230.77	48692.24
230.84	48730.40
230.91	48764.76
230.98	48799.68
231.06	48829.42
231.13	48878.74
231.20	48933.31
231.27	48994.88
231.34	49050.59
231.41	49108.58
231.49	49148.78
231.56	49194.50
231.63	49233.79
231.70	49279.37
231.77	49312.62
231.84	49345.41
231.92	49371.22
231.99	49396.98
232.06	49424.09
232.13	49453.82
232.20	49493.40
232.27	49528.57
232.34	49560.32
232.42	49591.46
232.49	49617.81
232.56	49649.74
232.63	49693.43
232.70	49731.91
232.77	49775.02
232.85	49820.44
232.92	49855.65
232.99	49882.09
233.06	49913.36
233.13	49921.78
233.20	49935.46
233.27	49942.71
233.35	49945.09
233.42	49943.76
233.49	49964.48
233.56	49988.33
233.63	50015.74
233.70	50046.05
233.77	50089.60
233.85	50116.26
233.92	50156.27
233.99	50183.24
234.06	50211.87
234.13	50231.71
234.20	50260.76
234.27	50260.48
234.35	50271.16
234.42	50280.15
234.49	50288.79
234.56	50300.04
234.63	50315.89
234.70	50328.63
234.77	50348.40
234.84	50369.87
234.92	50370.23
234.99	50372.78
235.06	50379.07
235.13	50375.41
235.20	50369.33
235.27	50381.58
235.34	50390.70
235.41	50405.00
235.49	50405.66
235.56	50415.83
235.63	50417.22
235.70	50425.16
235.77	50419.99
235.84	50435.34
235.91	50432.23
235.98	50428.42
236.06	50410.71
236.13	50399.57
236.20	50379.81
236.27	50350.33
236.34	50320.08
236.41	50304.50
236.48	50290.24
236.55	50275.31
236.63	50274.57
236.70	50274.57
236.77	50280.62
236.84	50291.04
236.91	50298.01
236.98	50305.22
237.05	50317.93
237.12	50313.14
237.19	50297.34
237.27	50286.08
237.34	50274.51
237.41	50257.85
237.48	50238.13
237.55	50222.56
237.62	50211.45
237.69	50207.85
237.76	50205.50
237.83	50210.57
237.91	50220.26
237.98	50224.91
238.05	50219.84
238.12	50213.73
238.19	50198.86
238.26	50193.76
238.33	50177.87
238.40	50165.33
238.47	50146.98
238.54	50144.42
238.62	50123.07
238.69	50110.71
238.76	50094.57
238.83	50079.85
238.90	50059.16
238.97	50043.27
239.04	50031.07
239.11	50024.11
239.18	50020.58
239.25	50017.52
239.33	49999.47
239.40	49984.43
239.47	49962.43
239.54	49934.96
239.61	49896.92
239.68	49867.01
239.75	49841.77
239.82	49827.31
239.89	49814.03
239.96	49817.16
240.03	49822.83
240.11	49819.27
240.18	49806.17
240.25	49795.13
240.32	49778.93
240.39	49768.15
240.46	49753.79
240.53	49756.74
240.60	49764.94
240.67	49765.28
240.74	49763.07
240.81	49752.12
240.88	49737.87
240.96	49720.54
241.03	49709.93
241.10	49699.25
241.17	49698.56
241.24	49690.12
241.31	49689.96
241.38	49674.88
241.45	49655.98
241.52	49642.18
241.59	49625.67
241.66	49605.88
241.73	49598.71
241.80	49588.21
241.88	49576.31
241.95	49563.28
242.02	49543.48
242.09	49520.46
242.16	49500.52
242.23	49489.58
242.30	49467.88
242.37	49448.02
242.44	49443.35
242.51	49440.60
242.58	49433.12
242.65	49445.72
242.72	49454.43
242.79	49446.29
242.87	49447.68
242.94	49441.27
243.01	49431.74
243.08	49438.96
243.15	49443.02
243.22	49438.87
243.29	49452.85
243.36	49453.21
243.43	49453.38
243.50	49472.53
243.57	49491.09
243.64	49486.94
243.71	49490.09
243.78	49483.80
243.85	49468.05
243.92	49461.02
243.99	49457.36
244.07	49450.94
244.14	49439.01
244.21	49427.41
244.28	49414.26
244.35	49407.36
244.42	49407.82
244.49	49410.61
244.56	49422.38
244.63	49430.08
244.70	49432.44
244.77	49438.51
244.84	49453.53
244.91	49465.36
244.98	49478.58
245.05	49495.20
245.12	49513.25
245.19	49523.92
245.26	49524.83
245.33	49538.39
245.40	49566.20
245.47	49598.82
245.55	49629.82
245.62	49655.69
245.69	49661.67
245.76	49661.79
245.83	49652.29
245.90	49646.89
245.97	49649.78
246.04	49668.89
246.11	49681.24
246.18	49690.14
246.25	49698.10
246.32	49708.38
246.39	49714.01
246.46	49718.51
246.53	49736.15
246.60	49746.88
246.67	49760.86
246.74	49777.59
246.81	49807.28
246.88	49824.68
246.95	49849.46
247.02	49878.82
247.09	49909.48
247.16	49915.70
247.23	49912.20
247.30	49906.29
247.37	49894.42
247.44	49894.85
247.51	49908.46
247.58	49944.27
247.66	49989.22
247.73	50041.41
247.80	50070.04
247.87	50100.36
247.94	50133.14
248.01	50172.51
248.08	50194.03
248.15	50224.27
248.22	50251.66
248.29	50272.68
248.36	50282.25
248.43	50304.65
248.50	50328.84
248.57	50349.02
248.64	50363.36
248.71	50385.73
248.78	50413.54
248.85	50433.08
248.92	50461.45
248.99	50488.28
249.06	50507.32
249.13	50520.67
249.20	50541.46
249.27	50557.14
249.34	50572.55
249.41	50584.92
249.48	50577.81
249.55	50564.36
249.62	50571.73
249.69	50589.76
249.76	50615.34
249.83	50663.45
249.90	50720.85
249.97	50762.23
250.04	50804.94
250.11	50844.16
250.18	50874.24
250.25	50893.88
250.32	50912.26
250.39	50930.79
250.46	50942.81
250.53	50965.90
250.60	50993.13
250.67	51021.96
250.74	51048.42
250.81	51067.18
250.88	51086.52
250.95	51100.71
251.02	51119.21
251.09	51135.10
251.16	51175.27
251.23	51199.66
251.30	51216.96
251.37	51230.48
251.44	51249.61
251.51	51258.73
251.58	51276.25
251.65	51301.53
251.72	51318.22
251.79	51332.36
251.86	51346.49
251.93	51358.86
252.00	51370.99
252.07	51385.51
252.14	51402.13
252.21	51410.56
252.28	51417.04
252.35	51430.57
252.42	51458.28
252.49	51473.08
252.56	51487.14
252.63	51497.94
252.70	51507.20
252.77	51514.94
252.84	51522.61
252.91	51533.44
252.98	51559.12
253.05	51579.78
253.12	51590.67
253.19	51610.82
253.25	51633.04
253.32	51642.18
253.39	51670.89
253.46	51697.88
253.53	51720.08
253.60	51734.33
253.67	51756.81
253.74	51762.28
253.81	51777.86
253.88	51786.18
253.95	51802.68
254.02	51814.59
254.09	51829.77
254.16	51834.06
254.23	51849.38
254.30	51857.92
254.37	51876.78
254.44	51889.88
254.51	51901.08
254.58	51904.27
254.65	51914.09
254.72	51908.48
254.79	51906.39
254.86	51914.69
254.93	51922.56
255.00	51928.15
255.07	51929.11
255.14	51940.89
255.21	51937.01
255.28	51928.02
255.34	51919.18
255.41	51927.96
255.48	51921.55
255.55	51925.14
255.62	51940.50
255.69	51953.48
255.76	51952.80
255.83	51961.61
255.90	51968.99
255.97	51978.07
256.04	51977.30
256.11	51988.94
256.18	51991.62
256.25	51991.31
256.32	51985.18
256.39	51991.04
256.46	51985.79
256.53	51982.25
256.60	51980.03
256.67	51977.40
256.74	51974.83
256.80	51979.81
256.87	51981.88
256.94	51987.95
257.01	51990.04
257.08	51985.93
257.15	51970.67
257.22	51962.69
257.29	51936.12
257.36	51914.56
257.43	51900.61
257.50	51901.24
257.57	51883.46
257.64	51882.62
257.71	51865.73
257.78	51846.08
257.85	51816.32
257.92	51803.74
257.98	51788.33
258.05	51784.81
258.12	51776.28
258.19	51765.00
258.26	51756.64
258.33	51750.26
258.40	51749.08
258.47	51753.04
258.54	51768.69
258.61	51773.12
258.68	51769.07
258.75	51756.86
258.82	51745.46
258.89	51716.03
258.95	51687.99
259.02	51673.69
259.09	51654.29
259.16	51631.52
259.23	51612.20
259.30	51586.38
259.37	51559.22
259.44	51539.37
259.51	51527.03
259.58	51522.61
259.65	51511.38
259.72	51494.51
259.79	51468.56
259.85	51434.53
259.92	51393.70
259.99	51371.76
260.06	51346.77
260.13	51325.40
260.20	51299.30
260.27	51269.57
260.34	51230.78
260.41	51200.91
260.48	51174.03
260.55	51162.42
260.62	51153.48
260.68	51141.86
260.75	51111.35
260.82	51092.06
260.89	51065.97
260.96	51041.61
261.03	51019.14
261.10	50996.32
261.17	50970.21
261.24	50931.72
261.31	50894.26
261.38	50864.08
261.44	50838.82
261.51	50798.34
261.58	50763.97
261.65	50719.07
261.72	50674.28
261.79	50634.77
261.86	50607.41
261.93	50583.69
262.00	50570.75
262.07	50543.09
262.13	50515.38
262.20	50479.27
262.27	50437.99
262.34	50396.65
262.41	50361.49
262.48	50320.37
262.55	50284.67
262.62	50250.07
262.69	50209.32
262.76	50176.89
262.82	50151.80
262.89	50125.25
262.96	50095.40
263.03	50071.48
263.10	50048.03
263.17	50012.28
263.24	49978.99
263.31	49946.44
263.38	49903.20
263.44	49857.92
263.51	49810.58
263.58	49758.20
263.65	49710.65
263.72	49669.52
263.79	49626.90
263.86	49591.18
263.93	49555.56
264.00	49521.03
264.06	49486.46
264.13	49450.65
264.20	49422.11
264.27	49382.54
264.34	49343.74
264.41	49304.29
264.48	49259.82
264.55	49207.40
264.61	49166.71
264.68	49120.30
264.75	49075.85
264.82	49028.20
264.89	48996.22
264.96	48960.40
265.03	48920.83
265.10	48884.86
265.16	48848.04
265.23	48808.53
265.30	48776.22
265.37	48752.30
265.44	48708.78
265.51	48667.39
265.58	48617.22
265.65	48562.76
265.71	48501.53
265.78	48464.92
265.85	48424.49
265.92	48387.31
265.99	48340.88
266.06	48308.31
266.13	48258.63
266.20	48222.18
266.26	48178.48
266.33	48145.67
266.40	48097.51
266.47	48051.23
266.54	47988.24
266.61	47929.07
266.68	47863.24
266.74	47795.66
266.81	47734.35
266.88	47683.06
266.95	47632.17
267.02	47590.59
267.09	47554.15
267.16	47514.61
267.22	47474.88
267.29	47437.92
267.36	47393.66
267.43	47353.76
267.50	47316.96
267.57	47287.10
267.64	47255.72
267.70	47225.12
267.77	47189.79
267.84	47153.38
267.91	47104.58
267.98	47048.25
268.05	46995.86
268.11	46943.18
268.18	46883.60
268.25	46838.46
268.32	46797.51
268.39	46756.72
268.46	46719.10
268.53	46688.88
268.59	46648.77
268.66	46615.05
268.73	46574.44
268.80	46535.26
268.87	46482.12
268.94	46433.42
269.00	46382.92
269.07	46339.61
269.14	46306.81
269.21	46272.33
269.28	46231.89
269.35	46188.02
269.41	46146.10
269.48	46090.28
269.55	46040.88
269.62	45995.13
269.69	45959.24
269.76	45911.29
269.82	45872.41
269.89	45846.96
269.96	45825.36
270.03	45789.67
270.10	45772.00
270.17	45736.56
270.23	45701.91
270.30	45655.59
270.37	45624.91
270.44	45587.46
270.51	45545.26
270.58	45501.56
270.64	45475.21
270.71	45431.63
270.78	45393.78
270.85	45362.37
270.92	45338.16
270.99	45298.45
271.05	45264.79
271.12	45219.90
271.19	45190.64
271.26	45139.91
271.33	45103.47
271.39	45066.78
271.46	45023.43
271.53	44984.81
271.60	44959.80
271.67	44929.79
271.74	44895.76
271.80	44876.26
271.87	44848.96
271.94	44820.69
272.01	44787.52
272.08	44763.88
272.14	44724.02
272.21	44689.88
272.28	44662.72
272.35	44638.77
272.42	44610.75
272.48	44599.01
272.55	44580.00
272.62	44555.99
272.69	44532.26
272.76	44514.49
272.83	44486.62
272.89	44453.88
272.96	44416.84
273.03	44382.03
273.10	44344.60
273.17	44313.46
273.23	44286.12
273.30	44270.05
273.37	44247.46
273.44	44226.38
273.51	44207.80
273.57	44192.33
273.64	44161.86
273.71	44138.34
273.78	44112.42
273.85	44093.61
273.91	44066.92
273.98	44049.77
274.05	44034.84
274.12	44021.05
274.19	43992.86
274.25	43973.78
274.32	43955.64
274.39	43919.24
274.46	43868.44
274.53	43821.99
274.59	43769.60
274.66	43723.00
274.73	43705.48
274.80	43691.60
274.86	43668.09
274.93	43648.49
275.00	43615.74
275.07	43564.01
275.14	43529.83
275.20	43508.34
275.27	43488.40
275.34	43465.70
275.41	43454.66
275.48	43438.02
275.54	43420.47
275.61	43392.33
275.68	43373.80
275.75	43345.27
275.81	43310.34
275.88	43277.50
275.95	43255.33
276.02	43230.41
276.09	43205.48
276.15	43182.32
276.22	43156.64
276.29	43136.44
276.36	43109.89
276.42	43087.22
276.49	43065.91
276.56	43044.01
276.63	43012.49
276.70	42988.04
276.76	42967.90
276.83	42945.81
276.90	42922.10
276.97	42904.89
277.03	42885.70
277.10	42869.78
277.17	42852.25
277.24	42837.20
277.30	42824.83
277.37	42804.89
277.44	42782.22
277.51	42764.50
277.58	42737.49
277.64	42706.91
277.71	42690.72
277.78	42665.70
277.85	42639.00
277.91	42618.74
277.98	42598.51
278.05	42573.21
278.12	42555.45
278.18	42534.02
278.25	42508.08
278.32	42480.40
278.39	42464.92
278.45	42446.13
278.52	42430.22
278.59	42415.46
278.66	42402.88
278.72	42382.98
278.79	42362.82
278.86	42338.80
278.93	42329.24
278.99	42313.73
279.06	42294.21
279.13	42265.01
279.20	42246.99
279.26	42223.10
279.33	42196.22
279.40	42166.44
279.47	42150.29
279.53	42123.39
279.60	42093.18
279.67	42066.80
279.74	42041.40
279.80	42013.27
279.87	41998.53
279.94	41981.54
280.01	41970.52
280.07	41953.92
280.14	41935.53
280.21	41908.05
280.28	41880.23
280.34	41845.24
280.41	41821.90
280.48	41796.39
280.55	41772.38
280.61	41751.11
280.68	41738.40
280.75	41704.84
280.82	41667.29
280.88	41627.15
280.95	41576.02
281.02	41508.88
281.08	41443.54
281.15	41380.62
281.22	41319.23
281.29	41267.04
281.35	41220.25
281.42	41183.62
281.49	41149.54
281.56	41109.33
281.62	41074.54
281.69	41041.37
281.76	41010.71
281.82	40975.25
281.89	40944.67
281.96	40911.52
282.03	40884.82
282.09	40858.86
282.16	40837.58
282.23	40815.61
282.30	40791.53
282.36	40770.31
282.43	40748.01
282.50	40739.11
282.56	40718.52
282.63	40699.75
282.70	40678.09
282.77	40666.71
282.83	40639.22
282.90	40617.02
282.97	40590.43
283.03	40559.90
283.10	40525.97
283.17	40503.02
283.24	40479.58
283.30	40458.20
283.37	40437.71
283.44	40409.58
283.50	40373.28
283.57	40355.53
283.64	40329.44
283.71	40290.39
283.77	40250.66
283.84	40225.64
283.91	40180.03
283.97	40154.95
284.04	40160.60
284.11	40168.63
284.18	40169.53
284.24	40187.70
284.31	40187.45
284.38	40177.37
284.44	40164.94
284.51	40150.23
284.58	40126.82
284.64	40119.63
284.71	40113.73
284.78	40104.37
284.85	40093.18
284.91	40082.14
284.98	40061.67
285.05	40025.04
285.11	40005.40
285.18	39985.52
285.25	39980.22
285.31	39972.68
285.38	39976.16
285.45	39976.33
285.52	39974.24
285.58	39955.36
285.65	39944.76
285.72	39923.50
285.78	39899.23
285.85	39881.89
285.92	39867.55
285.98	39846.39
286.05	39838.99
286.12	39831.69
286.18	39821.21
286.25	39818.21
286.32	39820.78
286.39	39820.56
286.45	39812.62
286.52	39800.94
286.59	39783.87
286.65	39772.67
286.72	39761.18
286.79	39756.95
286.85	39745.58
286.92	39736.90
286.99	39729.81
287.05	39711.87
287.12	39706.23
287.19	39703.27
287.25	39704.10
287.32	39696.65
287.39	39697.03
287.45	39686.56
287.52	39682.73
287.59	39675.05
287.65	39670.73
287.72	39663.35
287.79	39655.32
287.86	39647.85
287.92	39631.57
287.99	39618.02
288.06	39618.59
288.12	39610.21
288.19	39606.16
288.26	39597.60
288.32	39589.62
288.39	39573.66
288.46	39567.69
288.52	39564.21
288.59	39573.94
288.66	39583.04
288.72	39588.34
288.79	39593.60
288.86	39594.58
288.92	39592.81
288.99	39585.78
289.06	39581.83
289.12	39581.10
289.19	39580.99
289.26	39584.32
289.32	39590.28
289.39	39595.92
289.45	39599.09
289.52	39591.73
289.59	39592.40
289.65	39599.41
289.72	39604.54
289.79	39611.73
289.85	39624.82
289.92	39630.03
289.99	39629.69
290.05	39628.96
290.12	39620.18
290.19	39614.57
290.25	39605.42
290.32	39599.43
290.39	39599.01
290.45	39600.87
290.52	39602.51
290.59	39611.79
290.65	39614.71
290.72	39615.55
290.79	39619.15
290.85	39630.78
290.92	39645.69
290.98	39657.37
291.05	39671.05
291.12	39677.79
291.18	39681.45
291.25	39680.40
291.32	39677.00
291.38	39666.19
291.45	39665.35
291.52	39665.94
291.58	39661.58
291.65	39671.52
291.72	39694.31
291.78	39714.21
291.85	39727.41
291.91	39746.59
291.98	39772.42
292.05	39776.68
292.11	39787.60
292.18	39802.36
292.25	39810.20
292.31	39798.05
292.38	39802.91
292.45	39803.85
292.51	39810.81
292.58	39816.49
292.64	39833.42
292.71	39843.61
292.78	39853.54
292.84	39847.06
292.91	39855.74
292.98	39861.93
293.04	39874.05
293.11	39882.96
293.17	39902.26
293.24	39914.12
293.31	39923.16
293.37	39929.99
293.44	39931.70
293.51	39941.42
293.57	39947.93
293.64	39958.76
293.70	39970.80
293.77	39996.92
293.84	40008.02
293.90	40010.80
293.97	40019.72
294.04	40029.46
294.10	40026.22
294.17	40032.88
294.23	40056.82
294.30	40070.46
294.37	40075.60
294.43	40095.92
294.50	40107.06
294.56	40112.41
294.63	40121.69
294.70	40143.10
294.76	40156.33
294.83	40173.52
294.90	40196.18
294.96	40209.36
295.03	40226.50
295.09	40243.48
295.16	40258.10
295.23	40257.82
295.29	40269.87
295.36	40273.01
295.42	40273.26
295.49	40286.59
295.56	40314.79
295.62	40333.74
295.69	40352.06
295.75	40371.04
295.82	40384.28
295.89	40386.74
295.95	40390.23
296.02	40396.66
296.08	40399.70
296.15	40397.26
296.22	40410.71
296.28	40429.81
296.35	40451.03
296.41	40473.08
296.48	40500.81
296.55	40519.82
296.61	40534.40
296.68	40547.43
296.74	40572.39
296.81	40592.09
296.88	40612.12
296.94	40636.06
297.01	40659.08
297.07	40667.92
297.14	40678.44
297.20	40683.89
297.27	40691.23
297.34	40706.92
297.40	40727.38
297.47	40741.58
297.53	40761.66
297.60	40781.26
297.67	40794.22
297.73	40809.03
297.80	40822.17
297.86	40830.28
297.93	40842.91
298.00	40855.78
298.06	40871.56
298.13	40898.25
298.19	40917.06
298.26	40929.25
298.32	40942.08
298.39	40953.66
298.46	40960.34
298.52	40975.66
298.59	40988.09
298.65	40999.46
298.72	41017.09
298.78	41036.48
298.85	41045.97
298.92	41059.91
298.98	41078.82
299.05	41088.46
299.11	41100.68
299.18	41118.24
299.24	41132.41
299.31	41137.61
299.38	41143.96
299.44	41140.66
299.51	41153.23
299.57	41162.16
299.64	41175.80
299.70	41188.23
299.77	41205.48
299.84	41205.31
299.90	41208.27
299.97	41208.08
300.03	41215.73
300.10	41232.72
300.16	41253.47
300.23	41269.47
300.30	41285.27
300.36	41292.30
300.43	41303.80
300.49	41311.58
300.56	41328.65
300.62	41346.69
300.69	41370.41
300.75	41377.67
300.82	41387.72
300.89	41399.32
300.95	41411.81
301.02	41407.40
301.08	41411.71
301.15	41414.09
301.21	41410.80
301.28	41406.58
301.34	41418.32
301.41	41417.65
301.48	41415.18
301.54	41406.65
301.61	41400.72
301.67	41396.46
301.74	41403.38
301.80	41403.29
301.87	41410.41
301.93	41411.42
302.00	41410.88
302.06	41396.45
302.13	41387.91
302.20	41384.24
302.26	41380.69
302.33	41371.87
302.39	41371.44
302.46	41374.44
302.52	41369.30
302.59	41363.89
302.65	41355.74
302.72	41350.92
302.78	41347.00
302.85	41344.97
302.91	41332.85
302.98	41331.48
303.05	41324.23
303.11	41321.19
303.18	41305.79
303.24	41302.06
303.31	41281.98
303.37	41263.49
303.44	41243.02
303.50	41227.09
303.57	41206.03
303.63	41196.72
303.70	41189.50
303.76	41173.42
303.83	41166.55
303.89	41162.87
303.96	41150.67
304.03	41130.27
304.09	41117.12
304.16	41094.00
304.22	41064.56
304.29	41046.87
304.35	41027.47
304.42	41012.61
304.48	40988.71
304.55	40969.37
304.61	40936.78
304.68	40917.22
304.74	40891.75
304.81	40877.18
304.87	40843.72
304.94	40819.46
305.00	40786.58
305.07	40750.46
305.13	40712.19
305.20	40694.24
305.26	40669.82
305.33	40651.92
305.39	40631.39
305.46	40604.77
305.52	40581.41
305.59	40558.38
305.66	40529.86
305.72	40497.37
305.79	40468.43
305.85	40430.65
305.92	40377.05
305.98	40261.90
306.05	40049.64
306.11	39756.29
306.18	39473.06
306.24	39287.77
306.31	39255.99
306.37	39377.10
306.44	39610.10
306.50	39838.33
306.57	39982.14
306.63	40029.44
306.70	40016.31
306.76	39974.88
306.83	39931.73
306.89	39878.82
306.96	39828.85
307.02	39785.18
307.09	39747.95
307.15	39706.13
307.22	39672.96
307.28	39635.71
307.35	39596.39
307.41	39546.89
307.48	39499.87
307.54	39450.38
307.61	39400.21
307.67	39347.08
307.74	39295.99
307.80	39247.76
307.87	39199.95
307.93	39156.73
308.00	39117.66
308.06	39079.05
308.13	39035.36
308.19	38988.44
308.26	38939.37
308.32	38900.25
308.38	38862.05
308.45	38817.96
308.51	38780.35
308.58	38724.32
308.64	38654.60
308.71	38593.38
308.77	38543.78
308.84	38484.21
308.90	38458.97
308.97	38439.68
309.03	38411.85
309.10	38360.32
309.16	38313.90
309.23	38250.94
309.29	38183.36
309.36	38103.35
309.42	38034.31
309.49	37967.88
309.55	37898.40
309.62	37835.61
309.68	37781.84
309.75	37730.58
309.81	37674.38
309.88	37625.59
309.94	37568.23
310.00	37511.96
310.07	37453.93
310.13	37408.81
310.20	37349.70
310.26	37298.74
310.33	37246.58
310.39	37199.78
310.46	37147.06
310.52	37096.31
310.59	37043.78
310.65	36991.96
310.72	36934.18
310.78	36869.33
310.85	36807.34
310.91	36747.72
310.97	36692.28
311.04	36638.40
311.10	36578.95
311.17	36528.05
311.23	36475.13
311.30	36420.53
311.36	36367.84
311.43	36325.91
311.49	36269.16
311.56	36205.98
311.62	36142.62
311.69	36082.43
311.75	36021.46
311.81	35961.50
311.88	35901.19
311.94	35849.78
312.01	35798.87
312.07	35747.95
312.14	35705.16
312.20	35662.67
312.27	35608.91
312.33	35545.29
312.40	35477.54
312.46	35403.73
312.52	35339.55
312.59	35278.61
312.65	35218.44
312.72	35150.01
312.78	35088.35
312.85	35017.80
312.91	34941.28
312.98	34874.05
313.04	34815.24
313.10	34755.01
313.17	34697.14
313.23	34650.12
313.30	34594.23
313.36	34533.98
313.43	34470.48
313.49	34410.97
313.56	34337.33
313.62	34264.65
313.68	34196.62
313.75	34138.61
313.81	34075.81
313.88	34008.76
313.94	33947.08
314.01	33895.52
314.07	33837.36
314.13	33773.13
314.20	33717.10
314.26	33659.90
314.33	33594.99
314.39	33522.54
314.46	33447.73
314.52	33382.28
314.58	33311.92
314.65	33239.96
314.71	33169.15
314.78	33113.53
314.84	33050.90
314.91	32988.05
314.97	32924.47
315.03	32870.38
315.10	32809.41
315.16	32738.87
315.23	32675.53
315.29	32616.13
315.36	32544.88
315.42	32477.74
315.48	32415.34
315.55	32348.77
315.61	32274.17
315.68	32217.24
315.74	32152.75
315.81	32084.26
315.87	32014.91
315.93	31959.43
316.00	31910.08
316.06	31870.24
316.13	31845.77
316.19	31797.07
316.25	31692.99
316.32	31525.49
316.38	31309.28
316.45	31020.29
316.51	30706.51
316.58	30375.84
316.64	30025.33
316.70	29659.64
316.77	29273.42
316.83	28869.83
316.90	28443.92
316.96	28006.64
317.02	27550.37
317.09	27098.78
317.15	26627.63
317.22	26140.18
317.28	25643.54
317.34	25128.45
317.41	24596.59
317.47	24060.00
317.54	23519.80
317.60	22965.26
317.66	22406.03
317.73	21840.15
317.79	21262.18
317.86	20687.76
317.92	20105.81
317.98	19512.11
318.05	18913.58
318.11	18321.92
318.18	17729.96
318.24	17143.82
318.30	16560.46
318.37	15978.60
318.43	15388.59
318.50	14800.01
318.56	14213.07
318.62	13640.42
318.69	13077.53
318.75	12528.87
318.82	11982.37
318.88	11456.55
318.94	10937.72
319.01	10430.23
319.07	9940.36
319.13	9458.83
319.20	8983.74
319.26	8521.29
319.33	8075.71
319.39	7637.62
319.45	7229.53
319.52	6837.76
319.58	6460.06
319.65	6097.90
319.71	5749.45
319.77	5416.48
319.84	5097.41
319.90	4797.56
319.96	4509.80
320.03	4240.85
320.09	3985.93
320.16	3740.01
320.22	3514.77
320.28	3306.26
320.35	3110.79
320.41	2929.08
320.47	2764.78
320.54	2604.99
320.60	2462.44
320.67	2332.29
320.73	2211.23
320.79	2099.50
320.86	2002.83
320.92	1907.61
320.98	1822.88
321.05	1745.11
321.11	1670.67
321.18	1604.01
321.24	1546.36
321.30	1487.06
321.37	1435.73
321.43	1398.36
321.49	1357.93
321.56	1320.46
321.62	1290.41
321.68	1256.67
321.75	1222.74
321.81	1194.14
321.88	1165.40
321.94	1141.63
322.00	1120.23
322.07	1091.45
322.13	1063.11
322.19	1032.45
322.26	998.03
322.32	967.54
322.38	942.57
322.45	921.70
322.51	897.92
322.58	878.76
322.64	851.15
322.70	826.75
322.77	795.31
322.83	774.32
322.89	743.29
322.96	715.83
323.02	688.10
323.08	660.16
323.15	630.47
323.21	605.61
323.27	582.30
323.34	557.29
323.40	533.46
323.46	508.07
323.53	477.73
323.59	403.59
323.65	303.32
323.72	189.93
323.78	81.24
323.85	-17.96
323.91	-67.63
323.97	-86.37
324.04	-86.78
