180.21	3430.48
180.28	-126.69
180.36	632.94
180.44	-47.96
180.51	-16.68
180.59	6.89
180.66	34.63
180.74	32.64
180.81	32.63
180.89	34.96
180.97	36.19
181.04	33.71
181.12	32.92
181.19	33.19
181.27	33.48
181.34	49.34
181.42	56.39
181.50	63.24
181.57	74.62
181.65	80.08
181.72	75.10
181.80	70.88
181.87	71.56
181.95	72.14
182.03	72.36
182.10	75.52
182.18	78.30
182.25	85.65
182.33	88.21
182.40	98.46
182.48	97.75
182.55	113.32
182.63	121.68
182.71	129.36
182.78	137.92
182.86	151.71
182.93	151.68
183.01	151.69
183.08	147.12
183.16	145.48
183.23	137.10
183.31	144.77
183.39	152.16
183.46	172.74
183.54	183.25
183.61	210.57
183.69	230.82
183.76	263.36
183.84	289.41
183.91	317.86
183.99	359.11
184.06	390.24
184.14	422.89
184.22	468.33
184.29	502.54
184.37	513.06
184.44	530.93
184.52	518.64
184.59	461.05
184.67	407.36
184.74	357.29
184.82	323.79
184.89	319.77
184.97	364.35
185.04	434.44
185.12	505.39
185.20	583.23
185.27	657.45
185.35	745.16
185.42	803.51
185.50	865.26
185.57	921.88
185.65	964.87
185.72	1003.63
185.80	1082.55
185.87	1139.77
185.95	1205.45
186.02	1320.38
186.10	1388.96
186.17	1412.10
186.25	1402.62
186.33	1262.31
186.40	1063.62
186.48	916.89
186.55	824.57
186.63	809.40
186.70	933.21
186.78	1096.38
186.85	1239.55
186.93	1364.26
187.00	1468.57
187.08	1582.21
187.15	1685.82
187.23	1808.20
187.30	1936.96
187.38	2045.74
187.45	2162.98
187.53	2299.66
187.60	2380.12
187.68	2481.28
187.75	2627.05
187.83	2697.49
187.90	2755.89
187.98	2866.45
188.05	2893.49
188.13	2752.43
188.21	2499.06
188.28	2233.35
188.36	1970.83
188.43	1780.16
188.51	1783.67
188.58	1973.48
188.66	2180.48
188.73	2382.81
188.81	2597.30
188.88	2757.80
188.96	2919.09
189.03	3055.26
189.11	3202.25
189.18	3333.54
189.26	3442.95
189.33	3553.84
189.41	3686.79
189.48	3766.02
189.56	3860.10
189.63	3992.32
189.71	4054.13
189.78	4113.85
189.86	4212.52
189.93	4262.03
190.01	4258.99
190.08	4233.19
190.16	4046.42
190.23	3682.34
190.31	3339.42
190.38	3093.76
190.46	2951.43
190.53	2998.36
190.61	3233.74
190.68	3483.77
190.76	3704.94
190.83	3899.11
190.91	4056.98
190.98	4227.85
191.06	4369.94
191.13	4519.83
191.21	4651.54
191.28	4768.09
191.35	4885.31
191.43	5005.96
191.50	5077.79
191.58	5168.27
191.65	5261.17
191.73	5293.79
191.80	5335.60
191.88	5374.80
191.95	5366.47
192.03	5367.94
192.10	5392.57
192.18	5402.05
192.25	5387.52
192.33	5282.81
192.40	5051.62
192.48	4801.91
192.55	4606.42
192.63	4482.29
192.70	4512.41
192.78	4695.69
192.85	4930.25
192.93	5133.43
193.00	5319.50
193.08	5471.71
193.15	5622.16
193.22	5722.78
193.30	5815.10
193.37	5896.56
193.45	5939.11
193.52	5977.40
193.60	6036.48
193.67	6084.88
193.75	6132.48
193.82	6205.31
193.90	6236.58
193.97	6271.99
194.05	6313.07
194.12	6346.11
194.20	6389.51
194.27	6452.59
194.34	6499.81
194.42	6536.06
194.49	6573.25
194.57	6590.74
194.64	6558.78
194.72	6468.76
194.79	6362.04
194.87	6256.65
194.94	6165.26
195.02	6125.93
195.09	6160.37
195.17	6238.57
195.24	6328.58
195.31	6436.66
195.39	6550.04
195.46	6669.23
195.54	6776.56
195.61	6871.99
195.69	6946.90
195.76	7000.53
195.84	7046.84
195.91	7080.42
195.99	7103.65
196.06	7120.68
196.13	7148.97
196.21	7157.60
196.28	7162.99
196.36	7161.82
196.43	7136.21
196.51	7093.34
196.58	7054.09
196.66	7025.70
196.73	7024.87
196.80	7066.04
196.88	7132.04
196.95	7214.68
197.03	7302.26
197.10	7364.04
197.18	7397.01
197.25	7418.12
197.33	7435.61
197.40	7447.21
197.47	7462.66
197.55	7495.76
197.62	7528.69
197.70	7554.92
197.77	7585.89
197.85	7607.08
197.92	7611.32
197.99	7593.90
198.07	7535.73
198.14	7450.62
198.22	7392.04
198.29	7375.33
198.37	7412.56
198.44	7515.64
198.51	7649.65
198.59	7775.60
198.66	7880.98
198.74	7958.77
198.81	8015.38
198.89	8058.15
198.96	8098.34
199.03	8125.98
199.11	8155.84
199.18	8168.59
199.26	8178.11
199.33	8192.15
199.41	8204.21
199.48	8181.21
199.55	8128.37
199.63	8043.70
199.70	7962.89
199.78	7883.07
199.85	7864.82
199.93	7926.10
200.00	8053.70
200.07	8185.28
200.15	8330.14
200.22	8453.04
200.30	8537.38
200.37	8602.81
200.44	8657.42
200.52	8708.39
200.59	8755.99
200.67	8791.53
200.74	8803.81
200.81	8802.04
200.89	8783.87
200.96	8772.23
201.04	8768.53
201.11	8752.92
201.19	8709.74
201.26	8668.27
201.33	8620.89
201.41	8600.65
201.48	8633.84
201.56	8727.56
201.63	8860.36
201.70	8995.66
201.78	9117.39
201.85	9224.96
201.93	9317.34
202.00	9379.51
202.07	9434.16
202.15	9480.00
202.22	9516.28
202.30	9550.07
202.37	9581.38
202.44	9609.35
202.52	9627.89
202.59	9628.21
202.67	9622.16
202.74	9628.31
202.81	9626.61
202.89	9604.82
202.96	9587.60
203.04	9605.09
203.11	9638.33
203.18	9714.68
203.26	9835.33
203.33	9971.88
203.41	10082.30
203.48	10180.13
203.55	10244.74
203.63	10307.08
203.70	10366.84
203.77	10425.01
203.85	10474.56
203.92	10521.11
204.00	10570.27
204.07	10620.12
204.14	10664.27
204.22	10703.55
204.29	10742.17
204.37	10762.94
204.44	10771.10
204.51	10790.69
204.59	10814.06
204.66	10837.43
204.73	10880.15
204.81	10947.84
204.88	11034.64
204.96	11133.95
205.03	11246.49
205.10	11347.34
205.18	11437.16
205.25	11508.98
205.32	11577.26
205.40	11645.06
205.47	11712.07
205.55	11776.27
205.62	11839.70
205.69	11902.10
205.77	11957.13
205.84	12025.51
205.91	12091.48
205.99	12158.75
206.06	12216.33
206.14	12282.66
206.21	12338.83
206.28	12388.92
206.36	12440.68
206.43	12492.29
206.50	12554.36
206.58	12627.28
206.65	12718.01
206.72	12817.20
206.80	12928.31
206.87	13032.50
206.95	13129.87
207.02	13226.18
207.09	13311.04
207.17	13394.46
207.24	13478.50
207.31	13560.61
207.39	13637.35
207.46	13717.29
207.53	13794.53
207.61	13871.41
207.68	13948.97
207.75	14033.90
207.83	14115.84
207.90	14199.29
207.98	14266.88
208.05	14343.49
208.12	14408.92
208.20	14491.56
208.27	14583.11
208.34	14695.06
208.42	14796.87
208.49	14906.46
208.56	15005.39
208.64	15104.20
208.71	15199.63
208.78	15293.18
208.86	15399.75
208.93	15504.42
209.00	15602.53
209.08	15701.78
209.15	15808.33
209.22	15906.29
209.30	16011.31
209.37	16113.84
209.44	16215.26
209.52	16323.08
209.59	16417.36
209.67	16515.28
209.74	16617.36
209.81	16724.12
209.89	16819.48
209.96	16931.74
210.03	17041.95
210.11	17150.24
210.18	17255.97
210.25	17368.48
210.33	17480.89
210.40	17587.98
210.47	17707.58
210.55	17827.41
210.62	17946.91
210.69	18061.59
210.77	18186.16
210.84	18304.86
210.91	18430.42
210.99	18550.15
211.06	18676.84
211.13	18794.94
211.21	18909.37
211.28	19021.93
211.35	19145.30
211.42	19267.74
211.50	19388.74
211.57	19515.84
211.64	19639.88
211.72	19757.62
211.79	19875.91
211.86	20001.50
211.94	20136.22
212.01	20263.06
212.08	20394.81
212.16	20521.09
212.23	20648.79
212.30	20772.69
212.38	20898.71
212.45	21034.15
212.52	21171.37
212.60	21303.26
212.67	21433.66
212.74	21567.14
212.82	21698.28
212.89	21831.96
212.96	21962.83
213.03	22099.92
213.11	22240.38
213.18	22370.72
213.25	22506.38
213.33	22645.25
213.40	22772.46
213.47	22906.44
213.55	23043.45
213.62	23181.93
213.69	23320.93
213.77	23460.39
213.84	23600.53
213.91	23754.39
213.98	23897.35
214.06	24042.91
214.13	24200.36
214.20	24345.14
214.28	24484.99
214.35	24628.95
214.42	24774.91
214.50	24910.70
214.57	25048.19
214.64	25185.51
214.72	25320.05
214.79	25458.77
214.86	25601.57
214.93	25745.70
215.01	25897.92
215.08	26045.47
215.15	26191.78
215.23	26338.95
215.30	26494.31
215.37	26628.77
215.44	26780.47
215.52	26932.04
215.59	27077.30
215.66	27214.19
215.74	27358.79
215.81	27496.13
215.88	27644.38
215.95	27784.54
216.03	27931.09
216.10	28083.29
216.17	28235.56
216.25	28374.48
216.32	28532.32
216.39	28694.48
216.46	28848.88
216.54	28998.38
216.61	29157.51
216.68	29299.67
216.76	29439.67
216.83	29579.23
216.90	29731.11
216.97	29874.63
217.05	30030.06
217.12	30176.92
217.19	30333.16
217.27	30472.34
217.34	30609.11
217.41	30741.40
217.48	30880.47
217.56	31022.17
217.63	31172.11
217.70	31319.20
217.78	31476.83
217.85	31633.25
217.92	31784.70
217.99	31936.17
218.07	32084.52
218.14	32226.30
218.21	32371.18
218.28	32515.84
218.36	32663.39
218.43	32814.36
218.50	32964.45
218.57	33110.92
218.65	33254.27
218.72	33393.17
218.79	33533.16
218.87	33668.81
218.94	33809.16
219.01	33948.59
219.08	34078.05
219.16	34221.24
219.23	34370.59
219.30	34513.41
219.37	34653.91
219.45	34804.20
219.52	34943.62
219.59	35070.86
219.66	35197.61
219.74	35334.87
219.81	35477.77
219.88	35615.46
219.95	35759.14
220.03	35906.58
220.10	36040.69
220.17	36172.31
220.24	36300.84
220.32	36432.01
220.39	36550.03
220.46	36669.53
220.53	36797.17
220.61	36926.35
220.68	37053.08
220.75	37183.51
220.82	37323.05
220.90	37450.31
220.97	37575.17
221.04	37699.09
221.11	37816.15
221.19	37935.49
221.26	38055.45
221.33	38182.83
221.40	38316.24
221.48	38448.07
221.55	38568.13
221.62	38681.08
221.69	38791.77
221.77	38906.26
221.84	39034.06
221.91	39151.92
221.98	39278.67
222.06	39403.06
222.13	39522.45
222.20	39627.84
222.27	39743.19
222.35	39859.70
222.42	39979.81
222.49	40087.83
222.56	40206.15
222.63	40322.58
222.71	40436.28
222.78	40542.03
222.85	40650.62
222.92	40768.36
223.00	40878.65
223.07	40989.74
223.14	41093.22
223.21	41193.96
223.29	41284.51
223.36	41389.10
223.43	41490.44
223.50	41599.85
223.57	41723.13
223.65	41851.11
223.72	41960.49
223.79	42061.02
223.86	42162.28
223.94	42245.07
224.01	42320.21
224.08	42400.90
224.15	42485.63
224.22	42575.11
224.30	42665.91
224.37	42763.57
224.44	42863.50
224.51	42960.59
224.59	43039.68
224.66	43123.24
224.73	43203.46
224.80	43285.83
224.87	43373.28
224.95	43476.80
225.02	43582.26
225.09	43685.42
225.16	43784.27
225.23	43878.24
225.31	43969.04
225.38	44051.34
225.45	44137.01
225.52	44219.00
225.60	44297.76
225.67	44369.83
225.74	44442.04
225.81	44511.37
225.88	44583.71
225.96	44660.46
226.03	44728.09
226.10	44808.40
226.17	44889.06
226.24	44969.18
226.32	45051.89
226.39	45143.76
226.46	45216.55
226.53	45287.46
226.60	45367.23
226.68	45439.98
226.75	45525.41
226.82	45617.62
226.89	45702.38
226.96	45778.37
227.04	45836.95
227.11	45877.35
227.18	45924.93
227.25	45966.48
227.32	46011.73
227.40	46082.85
227.47	46157.64
227.54	46233.93
227.61	46310.13
227.68	46390.30
227.76	46464.32
227.83	46541.53
227.90	46608.50
227.97	46675.53
228.04	46738.26
228.11	46781.66
228.19	46819.78
228.26	46869.94
228.33	46922.05
228.40	46959.27
228.47	47013.43
228.55	47071.14
228.62	47128.38
228.69	47189.08
228.76	47246.67
228.83	47306.54
228.90	47367.36
228.98	47415.87
229.05	47471.24
229.12	47544.57
229.19	47609.06
229.26	47668.23
229.34	47720.63
229.41	47767.11
229.48	47806.90
229.55	47849.26
229.62	47901.38
229.69	47962.07
229.77	48024.50
229.84	48080.24
229.91	48137.37
229.98	48177.80
230.05	48214.65
230.12	48243.52
230.20	48284.84
230.27	48323.25
230.34	48370.61
230.41	48427.24
230.48	48490.15
230.55	48548.40
230.63	48609.42
230.70	48676.45
230.77	48716.72
230.84	48753.73
230.91	48779.66
230.98	48805.71
231.06	48826.94
231.13	48875.81
231.20	48924.32
231.27	48981.85
231.34	49039.80
231.41	49099.72
231.49	49152.86
231.56	49203.18
231.63	49250.08
231.70	49287.14
231.77	49323.69
231.84	49343.00
231.92	49366.26
231.99	49387.74
232.06	49424.10
232.13	49450.67
232.20	49497.77
232.27	49536.98
232.34	49578.10
232.42	49600.38
232.49	49633.70
232.56	49657.66
232.63	49692.38
232.70	49721.68
232.77	49767.29
232.85	49807.46
232.92	49842.28
232.99	49873.17
233.06	49896.29
233.13	49913.11
233.20	49922.08
233.27	49931.84
233.35	49941.10
233.42	49954.01
233.49	49969.81
233.56	50001.03
233.63	50027.21
233.70	50050.83
233.77	50086.30
233.85	50117.04
233.92	50148.95
233.99	50178.57
234.06	50212.75
234.13	50238.85
234.20	50264.49
234.27	50270.83
234.35	50281.55
234.42	50284.30
234.49	50291.56
234.56	50304.71
234.63	50314.09
234.70	50329.03
234.77	50344.41
234.84	50357.15
234.92	50359.91
234.99	50366.36
235.06	50370.83
235.13	50371.52
235.20	50371.01
235.27	50377.04
235.34	50385.95
235.41	50399.61
235.49	50406.65
235.56	50421.92
235.63	50430.35
235.70	50438.76
235.77	50438.17
235.84	50443.11
235.91	50435.24
235.98	50422.29
236.06	50405.55
236.13	50390.27
236.20	50373.68
236.27	50348.90
236.34	50329.50
236.41	50309.84
236.48	50295.73
236.55	50282.78
236.63	50279.12
236.70	50276.43
236.77	50280.12
236.84	50282.94
236.91	50286.61
236.98	50288.01
237.05	50293.39
237.12	50285.60
237.19	50278.98
237.27	50274.89
237.34	50276.26
237.41	50271.56
237.48	50261.25
237.55	50248.32
237.62	50233.83
237.69	50224.01
237.76	50216.18
237.83	50226.56
237.91	50228.51
237.98	50227.71
238.05	50217.21
238.12	50204.41
238.19	50186.94
238.26	50183.21
238.33	50169.49
238.40	50160.04
238.47	50150.66
238.54	50137.12
238.62	50117.04
238.69	50108.74
238.76	50087.88
238.83	50075.20
238.90	50064.71
238.97	50057.56
239.04	50048.29
239.11	50048.20
239.18	50041.34
239.25	50029.21
239.33	50003.62
239.40	49989.83
239.47	49968.11
239.54	49937.90
239.61	49909.57
239.68	49878.22
239.75	49851.65
239.82	49833.14
239.89	49825.63
239.96	49829.06
240.03	49835.74
240.11	49831.22
240.18	49820.25
240.25	49809.31
240.32	49790.38
240.39	49771.12
240.46	49754.12
240.53	49754.60
240.60	49745.88
240.67	49742.31
240.74	49743.96
240.81	49739.31
240.88	49727.38
240.96	49715.46
241.03	49705.38
241.10	49692.21
241.17	49682.76
241.24	49678.95
241.31	49684.26
241.38	49676.89
241.45	49668.58
241.52	49666.76
241.59	49650.40
241.66	49627.17
241.73	49608.90
241.80	49595.76
241.88	49576.25
241.95	49555.34
242.02	49531.88
242.09	49507.16
242.16	49487.92
242.23	49476.84
242.30	49459.78
242.37	49450.87
242.44	49456.67
242.51	49447.37
242.58	49443.45
242.65	49449.10
242.72	49454.77
242.79	49444.84
242.87	49449.83
242.94	49441.03
243.01	49437.28
243.08	49437.76
243.15	49439.43
243.22	49440.24
243.29	49449.59
243.36	49454.80
243.43	49457.66
243.50	49473.94
243.57	49489.83
243.64	49487.31
243.71	49494.29
243.78	49495.86
243.85	49483.43
243.92	49473.01
243.99	49469.02
244.07	49456.58
244.14	49446.17
244.21	49439.03
244.28	49434.25
244.35	49430.74
244.42	49431.72
244.49	49431.48
244.56	49441.65
244.63	49443.79
244.70	49442.98
244.77	49448.45
244.84	49456.94
244.91	49467.00
244.98	49484.57
245.05	49510.68
245.12	49531.66
245.19	49550.31
245.26	49560.18
245.33	49575.25
245.40	49602.65
245.47	49632.96
245.55	49659.28
245.62	49682.68
245.69	49690.76
245.76	49688.30
245.83	49683.36
245.90	49675.71
245.97	49676.40
246.04	49694.27
246.11	49701.31
246.18	49705.65
246.25	49717.17
246.32	49716.39
246.39	49712.42
246.46	49716.24
246.53	49730.57
246.60	49747.16
246.67	49773.25
246.74	49792.26
246.81	49820.50
246.88	49839.97
246.95	49861.80
247.02	49886.66
247.09	49916.40
247.16	49918.16
247.23	49912.45
247.30	49899.80
247.37	49892.29
247.44	49900.50
247.51	49919.43
247.58	49959.07
247.66	50007.46
247.73	50048.35
247.80	50067.37
247.87	50103.21
247.94	50134.64
248.01	50162.99
248.08	50194.75
248.15	50223.83
248.22	50251.86
248.29	50279.25
248.36	50296.40
248.43	50313.49
248.50	50341.23
248.57	50360.59
248.64	50368.49
248.71	50392.21
248.78	50418.82
248.85	50432.93
248.92	50461.46
248.99	50489.21
249.06	50513.68
249.13	50527.97
249.20	50555.24
249.27	50567.33
249.34	50584.17
249.41	50590.85
249.48	50587.80
249.55	50576.30
249.62	50586.42
249.69	50596.94
249.76	50624.84
249.83	50668.49
249.90	50724.35
249.97	50764.52
250.04	50812.27
250.11	50852.08
250.18	50882.93
250.25	50900.80
250.32	50917.75
250.39	50935.94
250.46	50952.19
250.53	50979.46
250.60	51008.76
250.67	51041.69
250.74	51062.27
250.81	51071.35
250.88	51086.70
250.95	51110.73
251.02	51124.60
251.09	51150.36
251.16	51188.74
251.23	51209.68
251.30	51218.77
251.37	51233.72
251.44	51242.35
251.51	51260.76
251.58	51282.93
251.65	51305.56
251.72	51322.39
251.79	51342.42
251.86	51354.62
251.93	51365.55
252.00	51381.91
252.07	51401.01
252.14	51419.06
252.21	51427.51
252.28	51441.57
252.35	51460.00
252.42	51480.56
252.49	51492.92
252.56	51503.52
252.63	51510.20
252.70	51513.28
252.77	51519.10
252.84	51530.91
252.91	51543.37
252.98	51570.11
253.05	51592.82
253.12	51603.07
253.19	51618.15
253.25	51647.05
253.32	51659.33
253.39	51683.23
253.46	51709.65
253.53	51731.71
253.60	51735.54
253.67	51746.98
253.74	51757.52
253.81	51777.41
253.88	51791.19
253.95	51812.22
254.02	51829.81
254.09	51842.55
254.16	51857.03
254.23	51865.68
254.30	51878.72
254.37	51891.93
254.44	51901.86
254.51	51901.45
254.58	51911.16
254.65	51917.59
254.72	51926.26
254.79	51924.93
254.86	51940.95
254.93	51941.38
255.00	51950.76
255.07	51951.97
255.14	51961.06
255.21	51953.84
255.28	51953.19
255.34	51941.22
255.41	51936.26
255.48	51929.57
255.55	51925.74
255.62	51933.22
255.69	51941.70
255.76	51946.22
255.83	51950.14
255.90	51965.11
255.97	51975.96
256.04	51979.36
256.11	51986.98
256.18	51988.07
256.25	51982.50
256.32	51973.50
256.39	51977.33
256.46	51975.11
256.53	51979.91
256.60	51980.13
256.67	51984.55
256.74	51985.97
256.80	51989.61
256.87	51991.06
256.94	51993.86
257.01	51994.98
257.08	51991.18
257.15	51975.57
257.22	51968.59
257.29	51947.12
257.36	51928.20
257.43	51917.30
257.50	51918.25
257.57	51900.05
257.64	51893.72
257.71	51873.71
257.78	51848.44
257.85	51820.88
257.92	51806.59
257.98	51789.68
258.05	51790.14
258.12	51780.43
258.19	51771.30
258.26	51769.25
258.33	51760.62
258.40	51750.16
258.47	51750.14
258.54	51750.92
258.61	51740.14
258.68	51738.86
258.75	51731.78
258.82	51723.41
258.89	51706.54
258.95	51694.91
259.02	51681.53
259.09	51666.11
259.16	51642.02
259.23	51620.12
259.30	51595.15
259.37	51574.83
259.44	51556.85
259.51	51543.52
259.58	51532.96
259.65	51521.15
259.72	51500.03
259.79	51467.96
259.85	51439.68
259.92	51402.05
259.99	51368.86
260.06	51344.01
260.13	51320.66
260.20	51291.26
260.27	51268.98
260.34	51236.46
260.41	51207.36
260.48	51182.91
260.55	51168.50
260.62	51156.25
260.68	51140.22
260.75	51117.81
260.82	51095.98
260.89	51070.96
260.96	51045.36
261.03	51029.60
261.10	51006.54
261.17	50980.95
261.24	50949.09
261.31	50915.32
261.38	50879.57
261.44	50839.85
261.51	50798.73
261.58	50759.28
261.65	50715.61
261.72	50675.15
261.79	50639.21
261.86	50603.72
261.93	50582.04
262.00	50565.21
262.07	50532.23
262.13	50505.45
262.20	50478.65
262.27	50431.31
262.34	50393.77
262.41	50365.14
262.48	50330.64
262.55	50301.71
262.62	50277.73
262.69	50238.92
262.76	50205.76
262.82	50171.91
262.89	50139.69
262.96	50106.79
263.03	50078.01
263.10	50049.45
263.17	50018.16
263.24	49976.86
263.31	49946.20
263.38	49908.85
263.44	49872.85
263.51	49829.24
263.58	49786.40
263.65	49742.25
263.72	49698.91
263.79	49652.66
263.86	49618.24
263.93	49574.82
264.00	49527.50
264.06	49494.50
264.13	49455.94
264.20	49424.29
264.27	49395.44
264.34	49359.71
264.41	49311.63
264.48	49265.45
264.55	49210.95
264.61	49156.13
264.68	49114.35
264.75	49080.57
264.82	49030.38
264.89	48989.69
264.96	48960.40
265.03	48916.62
265.10	48874.88
265.16	48841.29
265.23	48803.48
265.30	48776.29
265.37	48752.88
265.44	48706.51
265.51	48668.06
265.58	48625.89
265.65	48566.75
265.71	48511.65
265.78	48471.94
265.85	48429.29
265.92	48385.61
265.99	48343.48
266.06	48302.15
266.13	48255.63
266.20	48212.32
266.26	48173.13
266.33	48134.64
266.40	48087.25
266.47	48041.28
266.54	47983.93
266.61	47927.07
266.68	47866.16
266.74	47810.00
266.81	47748.06
266.88	47699.28
266.95	47643.43
267.02	47602.51
267.09	47556.90
267.16	47516.93
267.22	47473.91
267.29	47445.47
267.36	47402.26
267.43	47358.64
267.50	47320.90
267.57	47288.51
267.64	47250.60
267.70	47218.74
267.77	47184.14
267.84	47146.35
267.91	47097.53
267.98	47038.89
268.05	46984.06
268.11	46935.09
268.18	46883.08
268.25	46839.92
268.32	46801.13
268.39	46763.50
268.46	46721.13
268.53	46692.55
268.59	46653.72
268.66	46617.98
268.73	46576.06
268.80	46542.03
268.87	46488.63
268.94	46443.59
269.00	46403.34
269.07	46364.48
269.14	46330.73
269.21	46297.31
269.28	46255.80
269.35	46212.13
269.41	46171.08
269.48	46118.07
269.55	46071.79
269.62	46025.55
269.69	45985.21
269.76	45932.51
269.82	45892.26
269.89	45858.31
269.96	45835.63
270.03	45800.33
270.10	45773.22
270.17	45734.73
270.23	45694.65
270.30	45652.06
270.37	45617.49
270.44	45584.35
270.51	45547.88
270.58	45515.13
270.64	45481.96
270.71	45443.81
270.78	45413.17
270.85	45377.41
270.92	45338.15
270.99	45297.92
271.05	45262.25
271.12	45221.41
271.19	45188.56
271.26	45145.16
271.33	45107.18
271.39	45071.30
271.46	45022.70
271.53	44983.94
271.60	44968.07
271.67	44944.79
271.74	44911.05
271.80	44886.74
271.87	44864.27
271.94	44822.50
272.01	44786.85
272.08	44752.36
272.14	44718.81
272.21	44685.50
272.28	44662.36
272.35	44640.86
272.42	44614.36
272.48	44595.72
272.55	44572.35
272.62	44547.85
272.69	44525.11
272.76	44511.73
272.83	44485.67
272.89	44455.85
272.96	44420.33
273.03	44383.96
273.10	44347.83
273.17	44319.52
273.23	44290.10
273.30	44264.89
273.37	44241.23
273.44	44219.35
273.51	44199.56
273.57	44185.26
273.64	44170.72
273.71	44152.91
273.78	44124.97
273.85	44098.85
273.91	44073.63
273.98	44054.19
274.05	44034.33
274.12	44023.39
274.19	44003.12
274.25	43984.76
274.32	43957.31
274.39	43916.83
274.46	43867.51
274.53	43820.90
274.59	43769.16
274.66	43734.78
274.73	43719.53
274.80	43699.27
274.86	43677.21
274.93	43663.16
275.00	43629.45
275.07	43581.74
275.14	43557.25
275.20	43527.30
275.27	43503.60
275.34	43478.09
275.41	43467.81
275.48	43448.81
275.54	43431.32
275.61	43403.37
275.68	43387.85
275.75	43356.62
275.81	43320.24
275.88	43294.71
275.95	43266.45
276.02	43229.50
276.09	43204.16
276.15	43177.45
276.22	43152.56
276.29	43132.69
276.36	43113.74
276.42	43090.89
276.49	43069.65
276.56	43043.42
276.63	43018.96
276.70	42998.32
276.76	42975.92
276.83	42961.75
276.90	42942.53
276.97	42916.07
277.03	42890.44
277.10	42867.13
277.17	42846.89
277.24	42830.97
277.30	42813.58
277.37	42799.56
277.44	42784.81
277.51	42761.36
277.58	42738.40
277.64	42715.29
277.71	42695.24
277.78	42677.44
277.85	42649.36
277.91	42616.47
277.98	42593.34
278.05	42557.06
278.12	42533.30
278.18	42515.08
278.25	42501.33
278.32	42475.59
278.39	42467.53
278.45	42452.72
278.52	42437.83
278.59	42422.38
278.66	42411.91
278.72	42392.69
278.79	42368.17
278.86	42344.11
278.93	42329.07
278.99	42312.35
279.06	42288.29
279.13	42266.08
279.20	42248.32
279.26	42224.49
279.33	42201.97
279.40	42180.49
279.47	42146.86
279.53	42115.15
279.60	42084.16
279.67	42052.93
279.74	42026.78
279.80	42015.14
279.87	42003.36
279.94	41992.26
280.01	41982.02
280.07	41966.74
280.14	41943.41
280.21	41921.78
280.28	41896.96
280.34	41868.69
280.41	41842.41
280.48	41812.27
280.55	41781.37
280.61	41750.06
280.68	41723.28
280.75	41691.39
280.82	41660.71
280.88	41628.86
280.95	41577.18
281.02	41520.44
281.08	41452.31
281.15	41384.61
281.22	41316.31
281.29	41258.52
281.35	41202.37
281.42	41171.00
281.49	41133.96
281.56	41098.77
281.62	41074.78
281.69	41047.78
281.76	41012.85
281.82	40978.83
281.89	40945.34
281.96	40912.01
282.03	40884.03
282.09	40857.20
282.16	40842.20
282.23	40821.00
282.30	40795.86
282.36	40777.67
282.43	40754.97
282.50	40740.26
282.56	40717.96
282.63	40698.68
282.70	40672.57
282.77	40661.65
282.83	40634.51
282.90	40616.59
282.97	40596.94
283.03	40570.13
283.10	40534.05
283.17	40510.13
283.24	40488.97
283.30	40462.23
283.37	40442.95
283.44	40427.10
283.50	40398.37
283.57	40371.98
283.64	40344.77
283.71	40303.90
283.77	40253.32
283.84	40219.16
283.91	40173.21
283.97	40149.84
284.04	40156.44
284.11	40166.61
284.18	40180.50
284.24	40197.79
284.31	40203.59
284.38	40192.12
284.44	40177.89
284.51	40149.46
284.58	40134.66
284.64	40119.75
284.71	40112.21
284.78	40105.56
284.85	40097.99
284.91	40082.31
284.98	40061.39
285.05	40031.44
285.11	40009.72
285.18	39992.57
285.25	39977.33
285.31	39973.40
285.38	39976.12
285.45	39973.13
285.52	39973.35
285.58	39965.12
285.65	39950.41
285.72	39927.93
285.78	39913.66
285.85	39895.03
285.92	39879.62
285.98	39859.90
286.05	39847.80
286.12	39834.06
286.18	39821.93
286.25	39816.92
286.32	39810.75
286.39	39800.59
286.45	39794.07
286.52	39783.81
286.59	39766.83
286.65	39763.21
286.72	39763.17
286.79	39752.32
286.85	39741.64
286.92	39734.80
286.99	39719.35
287.05	39698.25
287.12	39700.43
287.19	39700.43
287.25	39696.32
287.32	39693.91
287.39	39701.57
287.45	39691.14
287.52	39686.16
287.59	39689.63
287.65	39689.71
287.72	39680.11
287.79	39667.00
287.86	39647.72
287.92	39629.69
287.99	39620.33
288.06	39615.73
288.12	39606.65
288.19	39609.40
288.26	39599.12
288.32	39584.56
288.39	39573.54
288.46	39575.89
288.52	39570.53
288.59	39573.26
288.66	39579.70
288.72	39586.44
288.79	39585.88
288.86	39589.42
288.92	39591.86
288.99	39583.50
289.06	39578.81
289.12	39575.86
289.19	39580.31
289.26	39582.10
289.32	39589.91
289.39	39589.91
289.45	39592.59
289.52	39577.30
289.59	39574.28
289.65	39576.40
289.72	39583.10
289.79	39591.13
289.85	39607.80
289.92	39615.53
289.99	39622.54
290.05	39624.48
290.12	39612.08
290.19	39606.91
290.25	39600.83
290.32	39595.75
290.39	39595.80
290.45	39606.80
290.52	39609.64
290.59	39621.98
290.65	39621.91
290.72	39619.26
290.79	39621.69
290.85	39625.35
290.92	39636.89
290.98	39651.76
291.05	39663.31
291.12	39670.66
291.18	39679.70
291.25	39672.75
291.32	39668.57
291.38	39669.69
291.45	39670.64
291.52	39668.16
291.58	39670.88
291.65	39685.80
291.72	39700.17
291.78	39717.16
291.85	39734.05
291.91	39746.13
291.98	39763.74
292.05	39768.52
292.11	39772.08
292.18	39787.90
292.25	39803.45
292.31	39790.59
292.38	39800.52
292.45	39809.78
292.51	39815.44
292.58	39821.04
292.64	39837.23
292.71	39840.56
292.78	39844.52
292.84	39838.04
292.91	39843.53
292.98	39853.92
293.04	39864.37
293.11	39870.28
293.17	39886.50
293.24	39895.61
293.31	39911.02
293.37	39922.91
293.44	39932.79
293.51	39949.27
293.57	39960.17
293.64	39962.15
293.70	39979.59
293.77	40002.88
293.84	40014.65
293.90	40025.99
293.97	40035.31
294.04	40036.54
294.10	40040.85
294.17	40046.00
294.23	40059.16
294.30	40068.66
294.37	40080.41
294.43	40095.65
294.50	40103.40
294.56	40114.81
294.63	40125.48
294.70	40140.68
294.76	40149.60
294.83	40167.16
294.90	40175.75
294.96	40193.47
295.03	40208.57
295.09	40225.85
295.16	40247.18
295.23	40258.96
295.29	40269.02
295.36	40276.68
295.42	40280.35
295.49	40281.26
295.56	40305.56
295.62	40333.28
295.69	40349.06
295.75	40364.72
295.82	40383.42
295.89	40390.95
295.95	40391.20
296.02	40398.75
296.08	40407.24
296.15	40411.81
296.22	40418.94
296.28	40433.36
296.35	40450.10
296.41	40465.05
296.48	40482.10
296.55	40501.25
296.61	40517.61
296.68	40538.02
296.74	40562.39
296.81	40590.68
296.88	40611.58
296.94	40631.14
297.01	40652.23
297.07	40666.11
297.14	40669.87
297.20	40682.84
297.27	40695.78
297.34	40710.92
297.40	40729.15
297.47	40745.99
297.53	40760.57
297.60	40776.36
297.67	40790.71
297.73	40809.26
297.80	40827.44
297.86	40836.58
297.93	40854.44
298.00	40870.69
298.06	40880.74
298.13	40903.16
298.19	40926.35
298.26	40936.34
298.32	40948.32
298.39	40960.33
298.46	40964.37
298.52	40970.14
298.59	40982.49
298.65	40991.91
298.72	41012.41
298.78	41033.76
298.85	41055.70
298.92	41071.17
298.98	41087.41
299.05	41100.87
299.11	41109.64
299.18	41118.45
299.24	41130.07
299.31	41133.81
299.38	41143.59
299.44	41149.50
299.51	41167.54
299.57	41176.06
299.64	41191.41
299.70	41202.68
299.77	41215.43
299.84	41211.57
299.90	41213.28
299.97	41215.03
300.03	41220.01
300.10	41233.34
300.16	41250.10
300.23	41267.93
300.30	41288.70
300.36	41296.31
300.43	41306.75
300.49	41313.69
300.56	41331.83
300.62	41343.61
300.69	41358.95
300.75	41370.16
300.82	41388.46
300.89	41393.51
300.95	41401.76
301.02	41401.76
301.08	41398.56
301.15	41392.27
301.21	41396.45
301.28	41403.29
301.34	41411.60
301.41	41414.80
301.48	41414.20
301.54	41414.15
301.61	41405.30
301.67	41399.68
301.74	41409.26
301.80	41417.12
301.87	41414.06
301.93	41412.80
302.00	41412.44
302.06	41401.05
302.13	41385.11
302.20	41381.83
302.26	41379.64
302.33	41375.86
302.39	41372.28
302.46	41372.58
302.52	41363.39
302.59	41356.79
302.65	41354.18
302.72	41353.21
302.78	41352.46
302.85	41350.67
302.91	41341.24
302.98	41329.03
303.05	41310.51
303.11	41303.02
303.18	41292.79
303.24	41285.81
303.31	41270.89
303.37	41259.83
303.44	41245.70
303.50	41232.42
303.57	41210.57
303.63	41203.65
303.70	41194.63
303.76	41176.16
303.83	41160.15
303.89	41154.72
303.96	41140.71
304.03	41123.78
304.09	41110.77
304.16	41087.25
304.22	41059.71
304.29	41033.44
304.35	41010.76
304.42	40990.69
304.48	40975.57
304.55	40958.06
304.61	40938.68
304.68	40917.81
304.74	40897.05
304.81	40879.72
304.87	40851.69
304.94	40826.41
305.00	40804.09
305.07	40770.13
305.13	40725.69
305.20	40699.57
305.26	40672.32
305.33	40644.88
305.39	40626.42
305.46	40595.68
305.52	40564.60
305.59	40538.19
305.66	40506.74
305.72	40472.89
305.79	40454.73
305.85	40432.80
305.92	40380.31
305.98	40272.87
306.05	40056.74
306.11	39760.88
306.18	39464.96
306.24	39280.42
306.31	39244.17
306.37	39371.67
306.44	39603.70
306.50	39836.20
306.57	39977.41
306.63	40025.84
306.70	40006.81
306.76	39965.06
306.83	39915.19
306.89	39865.60
306.96	39812.50
307.02	39768.00
307.09	39731.91
307.15	39698.17
307.22	39666.95
307.28	39628.46
307.35	39590.68
307.41	39541.92
307.48	39493.54
307.54	39441.78
307.61	39394.68
307.67	39342.99
307.74	39292.05
307.80	39246.29
307.87	39198.40
307.93	39159.98
308.00	39123.53
308.06	39084.89
308.13	39034.01
308.19	38983.77
308.26	38929.33
308.32	38884.69
308.38	38846.18
308.45	38804.48
308.51	38770.49
308.58	38716.64
308.64	38650.94
308.71	38592.98
308.77	38543.71
308.84	38483.85
308.90	38454.85
308.97	38432.78
309.03	38402.04
309.10	38363.51
309.16	38320.67
309.23	38260.70
309.29	38194.51
309.36	38107.62
309.42	38033.58
309.49	37964.75
309.55	37900.66
309.62	37833.81
309.68	37788.55
309.75	37726.37
309.81	37671.70
309.88	37621.48
309.94	37567.68
310.00	37509.74
310.07	37457.47
310.13	37404.63
310.20	37345.05
310.26	37290.71
310.33	37240.77
310.39	37197.57
310.46	37148.86
310.52	37100.72
310.59	37051.80
310.65	36996.30
310.72	36935.88
310.78	36878.25
310.85	36811.22
310.91	36752.18
310.97	36700.90
311.04	36644.50
311.10	36580.70
311.17	36527.13
311.23	36471.19
311.30	36409.90
311.36	36354.44
311.43	36306.61
311.49	36246.62
311.56	36190.30
311.62	36131.84
311.69	36073.54
311.75	36017.59
311.81	35958.96
311.88	35895.77
311.94	35841.96
312.01	35799.28
312.07	35749.99
312.14	35708.51
312.20	35668.79
312.27	35616.73
312.33	35547.82
312.40	35473.10
312.46	35398.94
312.52	35329.95
312.59	35266.76
312.65	35204.38
312.72	35140.28
312.78	35083.17
312.85	35016.61
312.91	34949.00
312.98	34883.35
313.04	34827.91
313.10	34768.55
313.17	34710.72
313.23	34655.85
313.30	34597.09
313.36	34531.95
313.43	34463.57
313.49	34396.52
313.56	34320.86
313.62	34253.94
313.68	34191.79
313.75	34136.19
313.81	34080.21
313.88	34019.33
313.94	33961.03
314.01	33898.66
314.07	33833.24
314.13	33767.56
314.20	33714.63
314.26	33650.54
314.33	33587.65
314.39	33525.25
314.46	33444.96
314.52	33370.85
314.58	33301.92
314.65	33237.28
314.71	33170.08
314.78	33119.46
314.84	33057.84
314.91	32996.33
314.97	32929.61
315.03	32869.58
315.10	32810.14
315.16	32739.65
315.23	32673.63
315.29	32611.92
315.36	32545.52
315.42	32478.77
315.48	32416.60
315.55	32355.59
315.61	32278.93
315.68	32219.14
315.74	32153.35
315.81	32090.30
315.87	32013.75
315.93	31967.86
316.00	31916.17
316.06	31873.37
316.13	31841.02
316.19	31790.09
316.25	31685.92
316.32	31522.69
316.38	31308.61
316.45	31030.08
316.51	30726.78
316.58	30389.99
316.64	30037.87
316.70	29672.50
316.77	29287.52
316.83	28876.62
316.90	28455.35
316.96	28022.57
317.02	27563.00
317.09	27100.21
317.15	26627.76
317.22	26143.36
317.28	25638.11
317.34	25119.14
317.41	24591.49
317.47	24055.26
317.54	23505.18
317.60	22953.29
317.66	22402.26
317.73	21831.18
317.79	21260.71
317.86	20688.01
317.92	20105.20
317.98	19513.62
318.05	18923.87
318.11	18323.84
318.18	17735.24
318.24	17141.47
318.30	16552.33
318.37	15970.29
318.43	15383.10
318.50	14794.66
318.56	14211.97
318.62	13642.61
318.69	13076.56
318.75	12528.64
318.82	11982.05
318.88	11460.66
318.94	10938.69
319.01	10434.54
319.07	9944.03
319.13	9464.21
319.20	8994.47
319.26	8534.82
319.33	8086.06
319.39	7647.46
319.45	7235.88
319.52	6837.41
319.58	6461.00
319.65	6097.39
319.71	5749.64
319.77	5414.08
319.84	5094.79
319.90	4792.81
319.96	4504.75
320.03	4237.16
320.09	3986.22
320.16	3742.60
320.22	3517.51
320.28	3307.99
320.35	3112.18
320.41	2929.74
320.47	2764.27
320.54	2604.80
320.60	2463.63
320.67	2332.91
320.73	2210.31
320.79	2097.15
320.86	2000.31
320.92	1905.26
320.98	1822.03
321.05	1745.46
321.11	1673.93
321.18	1607.35
321.24	1549.28
321.30	1488.51
321.37	1437.68
321.43	1397.75
321.49	1356.28
321.56	1318.77
321.62	1288.30
321.68	1252.84
321.75	1219.04
321.81	1190.88
321.88	1163.16
321.94	1138.93
322.00	1119.28
322.07	1091.49
322.13	1063.86
322.19	1033.36
322.26	999.31
322.32	968.03
322.38	943.13
322.45	922.08
322.51	898.45
322.58	879.46
322.64	851.03
322.70	827.18
322.77	794.26
322.83	773.17
322.89	743.17
322.96	717.17
323.02	688.67
323.08	662.60
323.15	631.87
323.21	606.49
323.27	582.59
323.34	557.92
323.40	533.03
323.46	508.87
323.53	478.43
323.59	404.32
323.65	303.55
323.72	190.33
323.78	81.08
323.85	-18.44
323.91	-67.92
323.97	-87.00
324.04	-85.88
