180.21	3430.25
180.28	-126.14
180.36	632.98
180.44	-47.69
180.51	-16.41
180.59	7.21
180.66	34.37
180.74	32.59
180.81	32.48
180.89	34.62
180.97	36.00
181.04	34.34
181.12	32.93
181.19	33.46
181.27	33.65
181.34	49.23
181.42	56.16
181.50	63.70
181.57	74.71
181.65	80.34
181.72	75.18
181.80	70.80
181.87	71.18
181.95	71.69
182.03	72.01
182.10	75.00
182.18	78.11
182.25	84.93
182.33	87.69
182.40	98.19
182.48	97.64
182.55	112.74
182.63	121.94
182.71	129.42
182.78	137.67
182.86	151.92
182.93	152.10
183.01	151.53
183.08	147.39
183.16	145.63
183.23	137.13
183.31	144.35
183.39	151.68
183.46	172.25
183.54	183.10
183.61	210.32
183.69	231.39
183.76	264.32
183.84	290.96
183.91	319.01
183.99	360.41
184.06	391.29
184.14	423.91
184.22	469.01
184.29	502.51
184.37	513.09
184.44	531.29
184.52	518.90
184.59	460.74
184.67	407.67
184.74	357.46
184.82	323.07
184.89	319.73
184.97	364.11
185.04	434.05
185.12	504.13
185.20	583.39
185.27	657.78
185.35	745.27
185.42	803.64
185.50	865.60
185.57	920.48
185.65	963.78
185.72	1002.31
185.80	1081.05
185.87	1139.24
185.95	1205.97
186.02	1320.02
186.10	1390.15
186.17	1414.72
186.25	1404.88
186.33	1264.97
186.40	1065.46
186.48	918.22
186.55	825.00
186.63	809.34
186.70	932.25
186.78	1095.49
186.85	1237.19
186.93	1361.86
187.00	1466.50
187.08	1580.92
187.15	1687.35
187.23	1812.95
187.30	1942.70
187.38	2052.11
187.45	2169.55
187.53	2303.93
187.60	2383.09
187.68	2483.60
187.75	2628.36
187.83	2698.53
187.90	2755.57
187.98	2864.31
188.05	2891.65
188.13	2749.43
188.21	2496.01
188.28	2230.73
188.36	1970.28
188.43	1777.53
188.51	1783.77
188.58	1973.93
188.66	2183.76
188.73	2384.31
188.81	2598.22
188.88	2757.27
188.96	2918.77
189.03	3051.94
189.11	3197.48
189.18	3330.66
189.26	3442.34
189.33	3554.35
189.41	3687.60
189.48	3769.93
189.56	3865.06
189.63	3996.41
189.71	4052.91
189.78	4112.96
189.86	4214.64
189.93	4261.52
190.01	4257.40
190.08	4235.38
190.16	4050.70
190.23	3681.69
190.31	3340.71
190.38	3094.29
190.46	2950.08
190.53	2993.30
190.61	3227.80
190.68	3477.10
190.76	3699.12
190.83	3893.23
190.91	4051.58
190.98	4224.65
191.06	4369.54
191.13	4518.51
191.21	4653.03
191.28	4769.10
191.35	4884.03
191.43	5002.23
191.50	5073.51
191.58	5160.01
191.65	5255.61
191.73	5289.95
191.80	5332.42
191.88	5375.16
191.95	5368.25
192.03	5367.78
192.10	5393.76
192.18	5403.06
192.25	5383.88
192.33	5283.41
192.40	5052.91
192.48	4802.82
192.55	4606.81
192.63	4485.88
192.70	4513.54
192.78	4697.23
192.85	4929.41
192.93	5134.04
193.00	5319.78
193.08	5469.24
193.15	5618.03
193.22	5723.75
193.30	5812.80
193.37	5893.81
193.45	5937.70
193.52	5976.95
193.60	6035.34
193.67	6082.16
193.75	6129.27
193.82	6199.79
193.90	6235.39
193.97	6265.69
194.05	6308.90
194.12	6342.81
194.20	6389.99
194.27	6450.93
194.34	6499.51
194.42	6537.08
194.49	6573.37
194.57	6591.74
194.64	6556.53
194.72	6466.00
194.79	6362.13
194.87	6259.42
194.94	6167.75
195.02	6129.63
195.09	6164.74
195.17	6241.83
195.24	6327.72
195.31	6434.80
195.39	6552.00
195.46	6672.08
195.54	6775.74
195.61	6874.52
195.69	6947.77
195.76	7001.50
195.84	7049.92
195.91	7086.07
195.99	7109.08
196.06	7129.71
196.13	7153.35
196.21	7160.61
196.28	7163.27
196.36	7164.70
196.43	7139.61
196.51	7098.61
196.58	7055.91
196.66	7029.05
196.73	7026.74
196.80	7065.49
196.88	7129.33
196.95	7216.88
197.03	7304.50
197.10	7366.30
197.18	7396.91
197.25	7416.92
197.33	7430.27
197.40	7445.64
197.47	7457.48
197.55	7493.51
197.62	7528.87
197.70	7556.73
197.77	7580.16
197.85	7606.48
197.92	7611.20
197.99	7592.36
198.07	7536.13
198.14	7456.50
198.22	7396.01
198.29	7377.16
198.37	7417.91
198.44	7519.50
198.51	7651.65
198.59	7775.75
198.66	7883.21
198.74	7962.22
198.81	8020.40
198.89	8060.89
198.96	8104.14
199.03	8131.15
199.11	8158.58
199.18	8171.42
199.26	8182.44
199.33	8189.22
199.41	8198.73
199.48	8175.43
199.55	8120.29
199.63	8037.78
199.70	7958.84
199.78	7880.59
199.85	7862.31
199.93	7923.71
200.00	8049.76
200.07	8184.39
200.15	8333.05
200.22	8452.09
200.30	8537.53
200.37	8602.09
200.44	8658.91
200.52	8708.50
200.59	8760.41
200.67	8799.19
200.74	8816.60
200.81	8811.91
200.89	8792.91
200.96	8779.50
201.04	8771.98
201.11	8757.66
201.19	8717.13
201.26	8673.82
201.33	8626.26
201.41	8605.91
201.48	8634.70
201.56	8726.49
201.63	8861.81
201.70	8999.36
201.78	9123.66
201.85	9230.84
201.93	9318.44
202.00	9377.56
202.07	9433.00
202.15	9477.59
202.22	9509.99
202.30	9544.15
202.37	9576.71
202.44	9604.72
202.52	9622.83
202.59	9628.30
202.67	9625.19
202.74	9629.34
202.81	9624.03
202.89	9603.11
202.96	9587.92
203.04	9602.79
203.11	9638.21
203.18	9717.13
203.26	9833.23
203.33	9967.84
203.41	10083.47
203.48	10181.87
203.55	10246.83
203.63	10310.12
203.70	10369.45
203.77	10424.16
203.85	10467.44
203.92	10512.96
204.00	10564.35
204.07	10608.76
204.14	10654.16
204.22	10697.10
204.29	10739.43
204.37	10757.86
204.44	10774.97
204.51	10796.50
204.59	10822.21
204.66	10843.50
204.73	10892.31
204.81	10954.39
204.88	11037.83
204.96	11136.55
205.03	11248.01
205.10	11342.31
205.18	11435.05
205.25	11508.40
205.32	11577.79
205.40	11642.56
205.47	11709.70
205.55	11771.38
205.62	11831.62
205.69	11893.44
205.77	11954.98
205.84	12019.47
205.91	12086.82
205.99	12160.20
206.06	12219.92
206.14	12279.47
206.21	12342.38
206.28	12386.09
206.36	12432.67
206.43	12479.42
206.50	12543.71
206.58	12615.24
206.65	12715.60
206.72	12817.00
206.80	12929.54
206.87	13031.01
206.95	13130.79
207.02	13218.06
207.09	13302.72
207.17	13385.55
207.24	13467.04
207.31	13552.23
207.39	13636.65
207.46	13718.10
207.53	13795.88
207.61	13876.16
207.68	13950.63
207.75	14035.57
207.83	14115.92
207.90	14203.36
207.98	14275.03
208.05	14346.13
208.12	14414.65
208.20	14493.16
208.27	14581.13
208.34	14687.06
208.42	14788.80
208.49	14895.57
208.56	14996.41
208.64	15098.39
208.71	15198.60
208.78	15298.26
208.86	15404.04
208.93	15509.20
209.00	15608.97
209.08	15706.41
209.15	15810.93
209.22	15911.91
209.30	16014.95
209.37	16114.91
209.44	16223.10
209.52	16325.12
209.59	16420.01
209.67	16522.80
209.74	16626.09
209.81	16725.05
209.89	16824.07
209.96	16931.41
210.03	17039.01
210.11	17145.60
210.18	17249.67
210.25	17366.79
210.33	17480.18
210.40	17591.13
210.47	17710.02
210.55	17836.35
210.62	17954.10
210.69	18068.22
210.77	18188.95
210.84	18303.33
210.91	18429.22
210.99	18549.72
211.06	18675.22
211.13	18793.40
211.21	18914.33
211.28	19027.53
211.35	19148.03
211.42	19267.03
211.50	19393.30
211.57	19514.67
211.64	19639.26
211.72	19764.60
211.79	19889.68
211.86	20015.54
211.94	20149.68
212.01	20275.40
212.08	20398.58
212.16	20520.05
212.23	20642.04
212.30	20769.71
212.38	20893.09
212.45	21029.54
212.52	21165.83
212.60	21301.35
212.67	21435.17
212.74	21572.80
212.82	21701.10
212.89	21837.56
212.96	21969.10
213.03	22096.82
213.11	22235.73
213.18	22368.16
213.25	22506.24
213.33	22646.31
213.40	22779.74
213.47	22910.93
213.55	23046.34
213.62	23183.66
213.69	23317.59
213.77	23457.93
213.84	23595.47
213.91	23746.70
213.98	23892.78
214.06	24038.23
214.13	24192.57
214.20	24343.02
214.28	24490.56
214.35	24624.66
214.42	24767.68
214.50	24901.41
214.57	25031.81
214.64	25161.64
214.72	25305.01
214.79	25442.92
214.86	25586.95
214.93	25738.57
215.01	25894.47
215.08	26036.59
215.15	26186.03
215.23	26329.91
215.30	26479.32
215.37	26619.43
215.44	26777.52
215.52	26931.35
215.59	27081.90
215.66	27218.62
215.74	27360.67
215.81	27495.60
215.88	27641.89
215.95	27784.52
216.03	27937.88
216.10	28085.62
216.17	28241.41
216.25	28387.84
216.32	28544.14
216.39	28701.86
216.46	28859.84
216.54	29009.17
216.61	29157.44
216.68	29299.66
216.76	29438.63
216.83	29581.57
216.90	29727.44
216.97	29883.14
217.05	30041.98
217.12	30195.58
217.19	30347.74
217.27	30491.45
217.34	30626.01
217.41	30755.32
217.48	30888.58
217.56	31026.83
217.63	31178.53
217.70	31325.62
217.78	31483.03
217.85	31635.11
217.92	31789.58
217.99	31934.77
218.07	32080.24
218.14	32221.91
218.21	32378.32
218.28	32523.13
218.36	32672.41
218.43	32820.14
218.50	32975.25
218.57	33115.42
218.65	33260.22
218.72	33390.61
218.79	33532.35
218.87	33661.77
218.94	33796.94
219.01	33938.23
219.08	34077.66
219.16	34219.16
219.23	34364.98
219.30	34512.11
219.37	34648.98
219.45	34801.88
219.52	34943.84
219.59	35078.48
219.66	35204.84
219.74	35342.35
219.81	35476.53
219.88	35611.50
219.95	35752.96
220.03	35899.90
220.10	36033.63
220.17	36163.47
220.24	36296.66
220.32	36429.56
220.39	36550.73
220.46	36668.80
220.53	36801.01
220.61	36928.01
220.68	37048.79
220.75	37180.87
220.82	37324.46
220.90	37450.08
220.97	37572.80
221.04	37693.77
221.11	37810.02
221.19	37922.50
221.26	38043.71
221.33	38172.01
221.40	38307.05
221.48	38436.70
221.55	38561.08
221.62	38675.63
221.69	38790.01
221.77	38910.20
221.84	39038.56
221.91	39162.91
221.98	39291.77
222.06	39413.26
222.13	39530.48
222.20	39639.46
222.27	39751.27
222.35	39860.50
222.42	39977.49
222.49	40089.65
222.56	40201.59
222.63	40312.12
222.71	40425.27
222.78	40530.37
222.85	40640.40
222.92	40753.96
223.00	40861.01
223.07	40969.16
223.14	41076.21
223.21	41173.10
223.29	41273.68
223.36	41384.63
223.43	41491.38
223.50	41600.68
223.57	41711.74
223.65	41832.67
223.72	41940.26
223.79	42044.96
223.86	42144.75
223.94	42237.36
224.01	42314.43
224.08	42400.57
224.15	42488.69
224.22	42576.73
224.30	42665.57
224.37	42760.96
224.44	42856.45
224.51	42947.61
224.59	43033.82
224.66	43127.66
224.73	43210.11
224.80	43296.11
224.87	43383.99
224.95	43480.89
225.02	43582.29
225.09	43680.73
225.16	43775.76
225.23	43877.69
225.31	43966.64
225.38	44041.86
225.45	44123.41
225.52	44201.49
225.60	44274.66
225.67	44353.19
225.74	44429.08
225.81	44509.91
225.88	44589.01
225.96	44662.31
226.03	44736.71
226.10	44820.24
226.17	44900.80
226.24	44976.91
226.32	45056.58
226.39	45135.99
226.46	45205.43
226.53	45271.59
226.60	45354.58
226.68	45440.14
226.75	45526.85
226.82	45616.06
226.89	45706.46
226.96	45783.48
227.04	45833.30
227.11	45880.48
227.18	45929.48
227.25	45966.35
227.32	46006.76
227.40	46073.96
227.47	46144.46
227.54	46222.35
227.61	46304.21
227.68	46386.29
227.76	46467.45
227.83	46543.96
227.90	46611.21
227.97	46679.40
228.04	46738.18
228.11	46781.97
228.19	46815.78
228.26	46860.19
228.33	46905.08
228.40	46953.52
228.47	47007.26
228.55	47070.06
228.62	47127.82
228.69	47193.61
228.76	47251.38
228.83	47310.19
228.90	47370.38
228.98	47426.79
229.05	47481.45
229.12	47555.14
229.19	47624.41
229.26	47680.30
229.34	47733.82
229.41	47776.52
229.48	47808.27
229.55	47846.56
229.62	47900.38
229.69	47956.23
229.77	48015.98
229.84	48077.06
229.91	48130.44
229.98	48170.86
230.05	48206.24
230.12	48244.76
230.20	48289.36
230.27	48328.20
230.34	48379.40
230.41	48435.65
230.48	48488.56
230.55	48535.48
230.63	48591.99
230.70	48649.28
230.77	48694.85
230.84	48730.03
230.91	48756.46
230.98	48799.28
231.06	48838.76
231.13	48884.79
231.20	48948.46
231.27	49014.91
231.34	49063.11
231.41	49110.58
231.49	49159.68
231.56	49200.54
231.63	49243.32
231.70	49288.12
231.77	49326.82
231.84	49356.24
231.92	49378.52
231.99	49409.56
232.06	49436.18
232.13	49459.46
232.20	49497.34
232.27	49537.98
232.34	49566.98
232.42	49593.67
232.49	49627.41
232.56	49649.46
232.63	49680.44
232.70	49712.58
232.77	49762.51
232.85	49804.58
232.92	49848.28
232.99	49881.29
233.06	49911.91
233.13	49925.33
233.20	49933.45
233.27	49938.46
233.35	49940.20
233.42	49945.16
233.49	49954.68
233.56	49981.55
233.63	50011.95
233.70	50047.13
233.77	50088.22
233.85	50123.12
233.92	50160.25
233.99	50188.08
234.06	50217.62
234.13	50235.34
234.20	50255.35
234.27	50259.19
234.35	50271.10
234.42	50274.90
234.49	50283.82
234.56	50294.56
234.63	50303.30
234.70	50313.91
234.77	50337.13
234.84	50348.34
234.92	50352.63
234.99	50360.50
235.06	50371.73
235.13	50367.66
235.20	50374.63
235.27	50387.76
235.34	50395.03
235.41	50405.75
235.49	50414.24
235.56	50416.88
235.63	50419.62
235.70	50434.42
235.77	50434.07
235.84	50435.26
235.91	50429.95
235.98	50423.92
236.06	50404.25
236.13	50388.50
236.20	50374.86
236.27	50351.25
236.34	50330.37
236.41	50310.07
236.48	50293.25
236.55	50284.26
236.63	50284.70
236.70	50282.12
236.77	50286.13
236.84	50291.44
236.91	50290.36
236.98	50289.00
237.05	50291.77
237.12	50286.42
237.19	50272.11
237.27	50266.64
237.34	50270.42
237.41	50259.56
237.48	50244.59
237.55	50231.06
237.62	50214.07
237.69	50202.79
237.76	50203.81
237.83	50218.67
237.91	50235.16
237.98	50244.17
238.05	50228.79
238.12	50213.22
238.19	50195.14
238.26	50182.10
238.33	50161.21
238.40	50153.23
238.47	50138.33
238.54	50130.79
238.62	50115.80
238.69	50108.53
238.76	50094.81
238.83	50086.26
238.90	50070.92
238.97	50051.53
239.04	50039.07
239.11	50029.39
239.18	50029.48
239.25	50019.38
239.33	50000.70
239.40	49981.01
239.47	49959.73
239.54	49925.20
239.61	49892.40
239.68	49859.40
239.75	49837.65
239.82	49819.61
239.89	49802.13
239.96	49802.36
240.03	49811.84
240.11	49811.45
240.18	49803.13
240.25	49791.21
240.32	49773.36
240.39	49758.66
240.46	49741.11
240.53	49747.13
240.60	49750.10
240.67	49744.06
240.74	49740.16
240.81	49736.19
240.88	49724.95
240.96	49709.95
241.03	49702.55
241.10	49694.82
241.17	49689.51
241.24	49676.88
241.31	49675.61
241.38	49661.45
241.45	49644.47
241.52	49630.12
241.59	49618.76
241.66	49604.36
241.73	49595.49
241.80	49585.22
241.88	49569.81
241.95	49546.31
242.02	49520.33
242.09	49499.67
242.16	49481.31
242.23	49468.01
242.30	49461.73
242.37	49457.69
242.44	49458.80
242.51	49455.11
242.58	49454.18
242.65	49453.90
242.72	49455.88
242.79	49443.11
242.87	49441.26
242.94	49429.47
243.01	49428.31
243.08	49431.26
243.15	49439.08
243.22	49445.11
243.29	49457.78
243.36	49456.37
243.43	49452.98
243.50	49467.72
243.57	49479.37
243.64	49481.64
243.71	49490.11
243.78	49494.73
243.85	49477.28
243.92	49465.87
243.99	49459.37
244.07	49447.23
244.14	49432.76
244.21	49431.03
244.28	49423.39
244.35	49411.39
244.42	49408.11
244.49	49415.25
244.56	49418.38
244.63	49426.77
244.70	49430.64
244.77	49437.74
244.84	49444.33
244.91	49457.11
244.98	49472.29
245.05	49498.65
245.12	49519.67
245.19	49538.62
245.26	49549.65
245.33	49565.21
245.40	49593.98
245.47	49622.14
245.55	49641.06
245.62	49659.36
245.69	49665.79
245.76	49662.74
245.83	49659.44
245.90	49655.81
245.97	49662.91
246.04	49675.83
246.11	49684.32
246.18	49691.44
246.25	49700.63
246.32	49701.31
246.39	49700.46
246.46	49706.85
246.53	49721.69
246.60	49740.80
246.67	49766.73
246.74	49789.77
246.81	49815.09
246.88	49829.11
246.95	49856.26
247.02	49881.71
247.09	49904.26
247.16	49909.13
247.23	49911.44
247.30	49905.31
247.37	49893.26
247.44	49897.70
247.51	49915.07
247.58	49950.71
247.66	49980.53
247.73	50022.35
247.80	50055.74
247.87	50085.81
247.94	50113.05
248.01	50152.87
248.08	50182.04
248.15	50207.75
248.22	50237.21
248.29	50262.82
248.36	50276.33
248.43	50298.77
248.50	50326.52
248.57	50352.83
248.64	50368.41
248.71	50391.93
248.78	50418.19
248.85	50433.01
248.92	50448.10
248.99	50466.43
249.06	50486.02
249.13	50497.37
249.20	50527.75
249.27	50549.51
249.34	50572.61
249.41	50588.04
249.48	50581.13
249.55	50563.54
249.62	50574.57
249.69	50589.11
249.76	50621.68
249.83	50675.30
249.90	50735.63
249.97	50777.25
250.04	50824.07
250.11	50853.83
250.18	50873.45
250.25	50885.60
250.32	50896.65
250.39	50911.23
250.46	50931.61
250.53	50966.32
250.60	50998.41
250.67	51030.42
250.74	51054.89
250.81	51065.48
250.88	51077.41
250.95	51094.81
251.02	51113.85
251.09	51133.49
251.16	51167.46
251.23	51191.09
251.30	51209.04
251.37	51222.15
251.44	51235.22
251.51	51254.77
251.58	51271.13
251.65	51292.42
251.72	51313.51
251.79	51335.67
251.86	51346.13
251.93	51361.98
252.00	51372.04
252.07	51383.96
252.14	51398.11
252.21	51403.48
252.28	51416.41
252.35	51435.33
252.42	51460.76
252.49	51476.35
252.56	51496.37
252.63	51510.45
252.70	51516.40
252.77	51518.61
252.84	51528.27
252.91	51540.02
252.98	51563.08
253.05	51581.37
253.12	51595.21
253.19	51607.07
253.25	51626.74
253.32	51636.48
253.39	51663.51
253.46	51692.30
253.53	51721.51
253.60	51731.13
253.67	51744.04
253.74	51756.63
253.81	51768.87
253.88	51771.99
253.95	51788.35
254.02	51803.98
254.09	51817.42
254.16	51829.37
254.23	51844.83
254.30	51858.80
254.37	51872.00
254.44	51879.86
254.51	51888.87
254.58	51895.29
254.65	51899.73
254.72	51909.27
254.79	51906.92
254.86	51911.51
254.93	51915.86
255.00	51928.79
255.07	51926.31
255.14	51943.07
255.21	51944.80
255.28	51942.73
255.34	51923.61
255.41	51921.84
255.48	51911.26
255.55	51911.03
255.62	51919.25
255.69	51934.27
255.76	51936.26
255.83	51943.72
255.90	51953.91
255.97	51969.14
256.04	51974.53
256.11	51980.41
256.18	51977.04
256.25	51973.91
256.32	51963.35
256.39	51968.24
256.46	51972.30
256.53	51976.58
256.60	51976.75
256.67	51979.08
256.74	51978.61
256.80	51982.66
256.87	51980.43
256.94	51980.33
257.01	51981.14
257.08	51974.27
257.15	51959.58
257.22	51951.30
257.29	51935.54
257.36	51920.72
257.43	51915.51
257.50	51913.00
257.57	51902.59
257.64	51899.83
257.71	51877.52
257.78	51853.65
257.85	51823.69
257.92	51808.26
257.98	51786.09
258.05	51780.97
258.12	51769.90
258.19	51768.86
258.26	51760.85
258.33	51755.15
258.40	51751.91
258.47	51752.94
258.54	51752.15
258.61	51741.29
258.68	51737.71
258.75	51728.89
258.82	51712.97
258.89	51694.16
258.95	51684.92
259.02	51672.88
259.09	51659.25
259.16	51644.47
259.23	51624.54
259.30	51602.67
259.37	51577.79
259.44	51556.13
259.51	51531.93
259.58	51524.11
259.65	51505.39
259.72	51484.97
259.79	51455.25
259.85	51429.92
259.92	51383.03
259.99	51357.80
260.06	51335.70
260.13	51313.28
260.20	51286.84
260.27	51264.81
260.34	51231.01
260.41	51196.00
260.48	51168.08
260.55	51151.75
260.62	51144.53
260.68	51129.46
260.75	51107.32
260.82	51089.83
260.89	51069.53
260.96	51041.38
261.03	51019.98
261.10	50997.29
261.17	50966.56
261.24	50927.51
261.31	50893.49
261.38	50863.12
261.44	50836.57
261.51	50801.69
261.58	50768.63
261.65	50732.80
261.72	50686.72
261.79	50639.63
261.86	50612.58
261.93	50585.17
262.00	50552.76
262.07	50523.79
262.13	50498.90
262.20	50462.79
262.27	50422.20
262.34	50392.88
262.41	50361.21
262.48	50320.69
262.55	50291.19
262.62	50261.77
262.69	50218.55
262.76	50189.40
262.82	50167.50
262.89	50132.94
262.96	50105.15
263.03	50081.30
263.10	50049.36
263.17	50015.33
263.24	49977.19
263.31	49943.64
263.38	49896.41
263.44	49863.05
263.51	49812.17
263.58	49762.15
263.65	49714.34
263.72	49679.51
263.79	49634.92
263.86	49599.07
263.93	49565.00
264.00	49526.13
264.06	49491.71
264.13	49453.63
264.20	49420.45
264.27	49379.22
264.34	49339.35
264.41	49292.13
264.48	49247.97
264.55	49195.38
264.61	49155.50
264.68	49114.05
264.75	49075.36
264.82	49019.32
264.89	48975.18
264.96	48937.05
265.03	48893.29
265.10	48850.16
265.16	48823.84
265.23	48796.26
265.30	48763.63
265.37	48734.24
265.44	48697.70
265.51	48656.22
265.58	48611.94
265.65	48556.07
265.71	48500.48
265.78	48454.86
265.85	48409.69
265.92	48362.82
265.99	48323.35
266.06	48282.69
266.13	48237.26
266.20	48197.20
266.26	48156.83
266.33	48117.98
266.40	48070.63
266.47	48022.81
266.54	47956.56
266.61	47899.04
266.68	47840.01
266.74	47783.67
266.81	47734.14
266.88	47695.25
266.95	47641.68
267.02	47594.04
267.09	47552.66
267.16	47509.05
267.22	47469.89
267.29	47434.59
267.36	47393.26
267.43	47351.74
267.50	47314.04
267.57	47276.37
267.64	47247.01
267.70	47216.46
267.77	47178.57
267.84	47137.14
267.91	47088.08
267.98	47031.51
268.05	46985.18
268.11	46941.12
268.18	46888.77
268.25	46837.09
268.32	46794.10
268.39	46750.74
268.46	46711.41
268.53	46679.84
268.59	46658.35
268.66	46628.02
268.73	46582.60
268.80	46542.20
268.87	46489.79
268.94	46434.92
269.00	46382.90
269.07	46342.28
269.14	46304.87
269.21	46273.57
269.28	46239.01
269.35	46199.72
269.41	46163.43
269.48	46109.73
269.55	46057.75
269.62	46008.96
269.69	45971.31
269.76	45915.87
269.82	45880.96
269.89	45854.01
269.96	45828.76
270.03	45795.28
270.10	45772.39
270.17	45728.59
270.23	45684.99
270.30	45638.30
270.37	45600.45
270.44	45564.93
270.51	45536.32
270.58	45500.18
270.64	45468.72
270.71	45429.12
270.78	45396.03
270.85	45358.42
270.92	45325.87
270.99	45287.15
271.05	45255.26
271.12	45208.47
271.19	45168.22
271.26	45124.42
271.33	45081.38
271.39	45039.16
271.46	44995.06
271.53	44964.21
271.60	44946.87
271.67	44924.71
271.74	44894.20
271.80	44874.80
271.87	44850.88
271.94	44813.70
272.01	44776.34
272.08	44755.65
272.14	44721.73
272.21	44690.29
272.28	44664.82
272.35	44653.51
272.42	44623.16
272.48	44601.13
272.55	44575.53
272.62	44548.06
272.69	44520.56
272.76	44503.57
272.83	44482.11
272.89	44449.71
272.96	44419.57
273.03	44381.65
273.10	44343.90
273.17	44318.56
273.23	44292.24
273.30	44266.63
273.37	44242.61
273.44	44219.20
273.51	44191.40
273.57	44177.01
273.64	44155.51
273.71	44134.68
273.78	44110.68
273.85	44088.53
273.91	44065.26
273.98	44050.01
274.05	44034.00
274.12	44018.37
274.19	44001.55
274.25	43979.28
274.32	43947.44
274.39	43908.84
274.46	43867.29
274.53	43820.08
274.59	43769.35
274.66	43739.82
274.73	43724.56
274.80	43701.64
274.86	43674.02
274.93	43654.36
275.00	43615.02
275.07	43567.42
275.14	43531.74
275.20	43510.86
275.27	43489.49
275.34	43469.61
275.41	43453.70
275.48	43440.66
275.54	43418.11
275.61	43396.85
275.68	43373.95
275.75	43344.79
275.81	43304.84
275.88	43276.74
275.95	43248.67
276.02	43220.04
276.09	43196.76
276.15	43178.82
276.22	43155.45
276.29	43134.49
276.36	43109.24
276.42	43082.43
276.49	43059.83
276.56	43033.03
276.63	42999.34
276.70	42976.98
276.76	42964.76
276.83	42941.78
276.90	42922.89
276.97	42909.70
277.03	42893.72
277.10	42866.64
277.17	42847.64
277.24	42834.41
277.30	42819.67
277.37	42795.92
277.44	42778.03
277.51	42760.35
277.58	42727.60
277.64	42698.28
277.71	42678.42
277.78	42652.05
277.85	42623.93
277.91	42607.69
277.98	42581.60
278.05	42558.59
278.12	42545.27
278.18	42528.01
278.25	42502.29
278.32	42479.81
278.39	42463.57
278.45	42437.21
278.52	42416.07
278.59	42399.59
278.66	42384.79
278.72	42364.79
278.79	42346.92
278.86	42329.46
278.93	42317.31
278.99	42305.14
279.06	42283.72
279.13	42262.26
279.20	42242.96
279.26	42219.36
279.33	42193.53
279.40	42173.59
279.47	42153.81
279.53	42124.83
279.60	42094.36
279.67	42065.53
279.74	42036.62
279.80	42013.88
279.87	41998.86
279.94	41984.08
280.01	41971.00
280.07	41953.99
280.14	41935.59
280.21	41908.10
280.28	41881.47
280.34	41852.77
280.41	41828.31
280.48	41794.85
280.55	41770.32
280.61	41748.22
280.68	41729.21
280.75	41704.05
280.82	41673.38
280.88	41638.15
280.95	41585.79
281.02	41519.68
281.08	41445.25
281.15	41377.79
281.22	41313.17
281.29	41261.64
281.35	41214.50
281.42	41179.07
281.49	41146.26
281.56	41112.77
281.62	41076.48
281.69	41040.18
281.76	41006.57
281.82	40973.06
281.89	40939.80
281.96	40913.04
282.03	40893.62
282.09	40869.46
282.16	40844.65
282.23	40818.06
282.30	40788.69
282.36	40761.25
282.43	40741.31
282.50	40731.13
282.56	40711.38
282.63	40690.42
282.70	40671.39
282.77	40655.01
282.83	40630.04
282.90	40609.38
282.97	40584.35
283.03	40555.18
283.10	40523.49
283.17	40499.48
283.24	40475.00
283.30	40457.45
283.37	40436.69
283.44	40415.68
283.50	40387.28
283.57	40367.16
283.64	40338.80
283.71	40303.16
283.77	40254.56
283.84	40218.55
283.91	40179.52
283.97	40154.35
284.04	40158.33
284.11	40172.52
284.18	40180.81
284.24	40193.65
284.31	40197.80
284.38	40188.15
284.44	40174.27
284.51	40157.69
284.58	40139.73
284.64	40127.08
284.71	40117.96
284.78	40104.99
284.85	40094.13
284.91	40072.67
284.98	40057.35
285.05	40024.60
285.11	40009.32
285.18	39988.75
285.25	39981.77
285.31	39979.75
285.38	39987.51
285.45	39984.86
285.52	39982.93
285.58	39971.82
285.65	39949.79
285.72	39924.45
285.78	39904.42
285.85	39888.70
285.92	39877.21
285.98	39859.07
286.05	39849.18
286.12	39836.96
286.18	39824.28
286.25	39815.09
286.32	39809.48
286.39	39807.98
286.45	39805.24
286.52	39793.51
286.59	39783.44
286.65	39779.18
286.72	39774.46
286.79	39764.36
286.85	39752.21
286.92	39740.59
286.99	39732.79
287.05	39707.64
287.12	39700.28
287.19	39699.60
287.25	39702.59
287.32	39693.65
287.39	39695.69
287.45	39692.09
287.52	39686.96
287.59	39683.54
287.65	39682.54
287.72	39673.24
287.79	39658.76
287.86	39648.58
287.92	39629.44
287.99	39620.43
288.06	39619.72
288.12	39614.82
288.19	39607.27
288.26	39599.64
288.32	39587.65
288.39	39578.74
288.46	39578.81
288.52	39582.24
288.59	39587.58
288.66	39590.73
288.72	39592.34
288.79	39594.00
288.86	39592.59
288.92	39586.55
288.99	39580.57
289.06	39575.72
289.12	39570.62
289.19	39575.78
289.26	39579.53
289.32	39584.00
289.39	39587.09
289.45	39596.37
289.52	39580.27
289.59	39585.62
289.65	39591.70
289.72	39596.66
289.79	39598.05
289.85	39616.77
289.92	39622.21
289.99	39626.38
290.05	39630.83
290.12	39620.35
290.19	39617.67
290.25	39613.34
290.32	39611.72
290.39	39610.51
290.45	39615.81
290.52	39618.96
290.59	39626.56
290.65	39622.33
290.72	39620.12
290.79	39618.12
290.85	39620.25
290.92	39629.01
290.98	39640.30
291.05	39655.61
291.12	39667.15
291.18	39671.75
291.25	39669.59
291.32	39675.53
291.38	39675.17
291.45	39674.16
291.52	39671.48
291.58	39671.57
291.65	39678.04
291.72	39691.33
291.78	39715.64
291.85	39730.09
291.91	39745.47
291.98	39770.94
292.05	39772.05
292.11	39778.79
292.18	39793.73
292.25	39799.86
292.31	39786.76
292.38	39794.78
292.45	39796.30
292.51	39806.72
292.58	39811.73
292.64	39822.44
292.71	39829.94
292.78	39840.89
292.84	39836.65
292.91	39848.19
292.98	39853.11
293.04	39859.90
293.11	39864.93
293.17	39876.21
293.24	39888.66
293.31	39908.16
293.37	39926.36
293.44	39937.64
293.51	39956.29
293.57	39961.76
293.64	39961.14
293.70	39972.32
293.77	39984.66
293.84	39993.17
293.90	40002.90
293.97	40018.50
294.04	40021.17
294.10	40028.09
294.17	40035.06
294.23	40048.11
294.30	40057.37
294.37	40072.84
294.43	40089.66
294.50	40099.72
294.56	40113.22
294.63	40125.93
294.70	40142.43
294.76	40158.12
294.83	40177.88
294.90	40194.79
294.96	40210.20
295.03	40214.48
295.09	40222.79
295.16	40241.81
295.23	40249.03
295.29	40261.80
295.36	40272.96
295.42	40285.37
295.49	40285.52
295.56	40303.47
295.62	40323.67
295.69	40338.85
295.75	40351.77
295.82	40368.90
295.89	40376.50
295.95	40381.47
296.02	40391.97
296.08	40397.32
296.15	40401.67
296.22	40411.01
296.28	40425.41
296.35	40447.14
296.41	40460.01
296.48	40481.26
296.55	40508.57
296.61	40520.51
296.68	40537.51
296.74	40570.36
296.81	40603.52
296.88	40617.77
296.94	40645.96
297.01	40664.89
297.07	40678.41
297.14	40681.61
297.20	40699.18
297.27	40708.70
297.34	40726.42
297.40	40745.70
297.47	40759.41
297.53	40772.16
297.60	40787.21
297.67	40794.86
297.73	40801.61
297.80	40813.99
297.86	40816.36
297.93	40827.05
298.00	40842.37
298.06	40858.35
298.13	40882.76
298.19	40910.81
298.26	40928.93
298.32	40946.76
298.39	40957.69
298.46	40962.27
298.52	40974.63
298.59	40985.84
298.65	40996.25
298.72	41016.92
298.78	41035.08
298.85	41047.28
298.92	41064.81
298.98	41080.63
299.05	41093.17
299.11	41108.73
299.18	41117.04
299.24	41125.82
299.31	41128.86
299.38	41137.14
299.44	41137.22
299.51	41152.93
299.57	41163.19
299.64	41181.24
299.70	41191.01
299.77	41201.38
299.84	41204.30
299.90	41207.76
299.97	41211.16
300.03	41219.53
300.10	41244.22
300.16	41265.18
300.23	41284.39
300.30	41299.64
300.36	41308.30
300.43	41317.98
300.49	41323.87
300.56	41339.35
300.62	41357.29
300.69	41375.96
300.75	41380.15
300.82	41393.50
300.89	41404.46
300.95	41415.76
301.02	41410.48
301.08	41412.69
301.15	41407.85
301.21	41401.28
301.28	41393.68
301.34	41403.65
301.41	41404.27
301.48	41404.94
301.54	41401.63
301.61	41406.09
301.67	41404.87
301.74	41408.84
301.80	41419.91
301.87	41423.68
301.93	41421.19
302.00	41419.16
302.06	41407.71
302.13	41388.31
302.20	41384.22
302.26	41372.31
302.33	41367.54
302.39	41363.83
302.46	41366.78
302.52	41356.01
302.59	41353.68
302.65	41352.44
302.72	41352.68
302.78	41346.60
302.85	41351.04
302.91	41346.91
302.98	41330.54
303.05	41312.32
303.11	41300.39
303.18	41282.15
303.24	41269.76
303.31	41261.83
303.37	41254.31
303.44	41249.48
303.50	41234.30
303.57	41217.78
303.63	41205.47
303.70	41196.43
303.76	41175.79
303.83	41167.96
303.89	41155.56
303.96	41137.05
304.03	41117.19
304.09	41105.14
304.16	41079.87
304.22	41061.15
304.29	41045.68
304.35	41026.45
304.42	41006.44
304.48	40989.02
304.55	40966.30
304.61	40941.80
304.68	40920.56
304.74	40901.44
304.81	40883.74
304.87	40854.14
304.94	40828.48
305.00	40804.88
305.07	40766.91
305.13	40727.28
305.20	40698.98
305.26	40677.71
305.33	40655.48
305.39	40637.44
305.46	40609.25
305.52	40586.44
305.59	40551.46
305.66	40512.19
305.72	40474.22
305.79	40447.65
305.85	40419.15
305.92	40369.62
305.98	40260.70
306.05	40047.19
306.11	39754.37
306.18	39460.28
306.24	39274.91
306.31	39242.29
306.37	39365.71
306.44	39592.94
306.50	39827.34
306.57	39966.62
306.63	40017.26
306.70	40000.00
306.76	39962.61
306.83	39914.84
306.89	39865.21
306.96	39819.92
307.02	39784.02
307.09	39752.29
307.15	39706.09
307.22	39675.53
307.28	39631.26
307.35	39587.61
307.41	39536.11
307.48	39493.32
307.54	39441.37
307.61	39392.37
307.67	39340.77
307.74	39288.45
307.80	39247.56
307.87	39208.06
307.93	39165.34
308.00	39126.87
308.06	39091.25
308.13	39039.03
308.19	38986.88
308.26	38941.43
308.32	38900.73
308.38	38860.11
308.45	38818.86
308.51	38778.40
308.58	38721.95
308.64	38657.16
308.71	38590.88
308.77	38538.28
308.84	38486.90
308.90	38455.61
308.97	38431.98
309.03	38408.91
309.10	38371.43
309.16	38321.00
309.23	38259.34
309.29	38195.34
309.36	38119.38
309.42	38047.10
309.49	37977.51
309.55	37909.32
309.62	37836.81
309.68	37775.20
309.75	37713.01
309.81	37658.94
309.88	37610.27
309.94	37554.14
310.00	37501.85
310.07	37444.40
310.13	37392.62
310.20	37331.82
310.26	37285.48
310.33	37231.28
310.39	37184.39
310.46	37132.66
310.52	37089.76
310.59	37039.75
310.65	36993.57
310.72	36939.71
310.78	36878.34
310.85	36815.86
310.91	36758.78
310.97	36698.75
311.04	36648.26
311.10	36589.88
311.17	36532.22
311.23	36473.63
311.30	36418.05
311.36	36363.49
311.43	36314.41
311.49	36258.02
311.56	36199.39
311.62	36132.63
311.69	36065.40
311.75	36013.95
311.81	35958.09
311.88	35895.27
311.94	35848.39
312.01	35803.04
312.07	35744.87
312.14	35701.64
312.20	35660.19
312.27	35610.64
312.33	35546.41
312.40	35483.73
312.46	35407.66
312.52	35341.00
312.59	35276.76
312.65	35212.75
312.72	35144.79
312.78	35086.40
312.85	35016.16
312.91	34944.32
312.98	34877.80
313.04	34821.04
313.10	34760.49
313.17	34700.50
313.23	34647.89
313.30	34589.73
313.36	34522.86
313.43	34448.67
313.49	34390.30
313.56	34311.88
313.62	34248.51
313.68	34186.30
313.75	34133.24
313.81	34073.69
313.88	34017.01
313.94	33960.10
314.01	33903.97
314.07	33844.65
314.13	33779.02
314.20	33720.11
314.26	33653.61
314.33	33583.67
314.39	33515.85
314.46	33438.92
314.52	33374.23
314.58	33305.33
314.65	33240.32
314.71	33172.73
314.78	33120.59
314.84	33050.57
314.91	32990.77
314.97	32928.29
315.03	32870.24
315.10	32807.85
315.16	32740.31
315.23	32675.80
315.29	32610.42
315.36	32541.22
315.42	32473.81
315.48	32412.31
315.55	32345.30
315.61	32275.96
315.68	32220.01
315.74	32158.87
315.81	32095.35
315.87	32022.85
315.93	31966.50
316.00	31913.21
316.06	31866.71
316.13	31836.89
316.19	31789.66
316.25	31690.11
316.32	31525.46
316.38	31310.76
316.45	31033.05
316.51	30718.90
316.58	30386.83
316.64	30038.36
316.70	29674.34
316.77	29281.73
316.83	28880.67
316.90	28453.16
316.96	28012.77
317.02	27554.66
317.09	27093.13
317.15	26615.68
317.22	26127.03
317.28	25629.34
317.34	25115.30
317.41	24594.08
317.47	24060.21
317.54	23518.25
317.60	22964.31
317.66	22403.37
317.73	21829.80
317.79	21257.17
317.86	20686.07
317.92	20106.11
317.98	19518.26
318.05	18922.10
318.11	18327.32
318.18	17736.36
318.24	17141.28
318.30	16555.96
318.37	15980.23
318.43	15393.18
318.50	14803.12
318.56	14224.97
318.62	13657.97
318.69	13094.43
318.75	12541.39
318.82	11995.80
318.88	11467.40
318.94	10940.94
319.01	10429.25
319.07	9939.26
319.13	9457.61
319.20	8987.35
319.26	8527.72
319.33	8084.27
319.39	7643.06
319.45	7234.08
319.52	6837.84
319.58	6458.75
319.65	6094.84
319.71	5750.22
319.77	5415.20
319.84	5096.94
319.90	4798.67
319.96	4511.41
320.03	4241.32
320.09	3987.68
320.16	3742.86
320.22	3516.98
320.28	3307.39
320.35	3112.53
320.41	2928.37
320.47	2762.07
320.54	2600.78
320.60	2458.92
320.67	2329.14
320.73	2207.81
320.79	2095.26
320.86	1998.61
320.92	1903.74
320.98	1820.79
321.05	1745.20
321.11	1672.45
321.18	1606.58
321.24	1549.16
321.30	1488.21
321.37	1438.17
321.43	1399.18
321.49	1358.38
321.56	1320.03
321.62	1290.74
321.68	1254.81
321.75	1221.35
321.81	1192.01
321.88	1162.46
321.94	1138.69
322.00	1116.77
322.07	1089.08
322.13	1061.67
322.19	1032.14
322.26	997.75
322.32	968.52
322.38	944.08
322.45	923.63
322.51	900.60
322.58	881.77
322.64	853.72
322.70	829.26
322.77	795.98
322.83	774.47
322.89	743.23
322.96	716.42
323.02	688.22
323.08	661.05
323.15	630.48
323.21	605.97
323.27	582.63
323.34	557.29
323.40	534.10
323.46	509.36
323.53	478.26
323.59	404.02
323.65	303.67
323.72	190.21
323.78	81.11
323.85	-17.93
323.91	-67.59
323.97	-86.09
324.04	-86.70
