3428.2539
-125.945
632.136
-48.3931
-17.4833
5.9137
33.1645
31.4513
31.1342
33.4686
34.5433
32.5053
31.35
31.8481
31.9958
47.7807
54.4834
61.5948
72.7128
78.1394
72.9976
68.5718
69.2244
69.6348
69.8272
73.0874
76.3505
83.1039
85.6968
95.8431
95.147
110.2406
119.2091
127.0238
135.8635
150.2134
150.4059
149.9102
145.1555
143.1781
134.267
141.6766
148.8077
169.9413
180.476
208.0482
228.8693
262.1452
288.7733
317.8464
358.758
390.4729
422.9293
467.6208
501.7409
512.9572
530.4134
518.5051
461.2315
406.8922
356.418
321.9043
317.7074
361.9175
431.7901
501.6794
580.56
655.55
743.0541
802.4376
864.8497
920.9843
963.9302
1002.8279
1080.6429
1138.707
1205.3144
1320.002
1389.1655
1413.6504
1403.9342
1263.4511
1063.5224
916.2146
822.8718
807.6888
930.6784
1094.9478
1238.1012
1363.5649
1467.2793
1581.0014
1686.1944
1810.3204
1939.9919
2049.9715
2167.1337
2302.8181
2382.9005
2482.8821
2628.5881
2700.344
2757.3487
2867.5466
2895.1352
2754.2356
2500.4035
2234.0734
1970.6821
1778.6876
1781.1644
1970.6477
2180.1289
2381.9654
2597.3008
2758.4477
2920.6457
3058.0256
3204.5766
3337.5385
3449.1134
3561.0137
3693.5088
3775.5024
3869.1161
4001.5349
4061.8416
4119.4003
4219.9676
4269.1735
4265.2803
4241.7077
4059.165
3692.2425
3348.2891
3101.4675
2957.6066
3001.1743
3238.4972
3491.2789
3715.5662
3910.2825
4068.9765
4240.9363
4384.6675
4533.4691
4667.0837
4782.8878
4899.3162
5017.892
5088.5479
5176.6137
5274.3195
5308.7235
5353.985
5398.159
5393.1577
5391.5746
5418.5925
5430.5972
5417.337
5315.6378
5085.8286
4833.1832
4632.7363
4502.4317
4527.0
4707.6879
4938.7558
5143.3944
5331.9677
5482.5993
5637.8771
5746.2212
5842.3096
5932.428
5989.3808
6034.9848
6098.6711
6146.9173
6193.5591
6260.4727
6289.2487
6318.3381
6359.1366
6387.0648
6426.2105
6484.183
6532.0104
6566.8636
6604.7567
6626.9179
6597.2394
6505.6206
6401.7542
6304.3648
6222.9706
6196.7919
6246.8143
6336.662
6428.3618
6533.7754
6638.3164
6745.6403
6839.2539
6926.0728
6991.2541
7043.8981
7091.002
7126.3203
7149.5191
7168.527
7192.6193
7201.6317
7211.0642
7220.2728
7211.8804
7192.8166
7173.3389
7161.2687
7168.2878
7204.9277
7256.6421
7326.2075
7396.3647
7442.304
7461.411
7472.2382
7481.6487
7491.8212
7505.8023
7541.1071
7579.7863
7609.3626
7639.241
7668.1321
7681.9077
7677.4593
7645.7978
7593.0332
7558.6216
7552.0125
7588.0899
7667.1149
7768.5945
7862.4679
7946.5928
8009.5289
8059.6149
8097.7071
8135.447
8163.2408
8193.9769
8211.6519
8225.8501
8241.7081
8257.7669
8246.2368
8213.6602
8160.1566
8110.8936
8061.1903
8053.3123
8101.9667
8201.8868
8304.9969
8418.1626
8515.3904
8586.023
8643.9275
8693.3539
8738.1954
8784.0391
8818.8897
8835.2066
8839.9123
8833.8369
8833.1528
8836.3667
8835.8541
8815.3384
8793.1461
8767.1091
8762.925
8794.4214
8872.8484
8980.9698
9087.2892
9186.4704
9275.1346
9347.3782
9401.1306
9454.5353
9499.4645
9534.6059
9571.2726
9604.8997
9635.6866
9661.1986
9675.5441
9682.2075
9698.5497
9707.629
9700.2982
9700.7837
9726.6176
9764.7032
9833.6505
9934.729
10042.9806
10134.7639
10217.7703
10275.1633
10332.548
10390.7222
10446.4394
10495.487
10543.2533
10594.6057
10642.1549
10690.4616
10732.1199
10778.5058
10807.5928
10830.8558
10860.9323
10895.0114
10924.3309
10970.3809
11032.9895
11109.736
11197.5976
11293.1758
11382.2757
11465.1702
11533.5281
11600.631
11666.624
11730.9245
11792.1644
11853.5531
11914.3054
11975.1912
12042.7952
12112.6095
12184.0672
12247.006
12310.6549
12373.8778
12427.5699
12484.2257
12538.3559
12604.9595
12676.9759
12765.4231
12857.594
12959.5692
13054.3769
13147.3862
13236.4922
13319.8853
13404.7112
13489.1764
13572.8427
13655.2273
13738.4124
13816.0043
13896.9615
13973.0692
14057.3352
14140.8633
14224.2201
14297.8191
14377.2018
14448.6614
14529.8827
14622.2562
14727.4897
14826.4259
14933.3222
15030.6847
15128.8595
15222.1761
15318.6819
15420.3211
15524.0859
15623.3827
15723.396
15828.341
15930.8302
16033.7975
16136.3851
16242.0518
16345.221
16440.1432
16542.5844
16643.4084
16748.7255
16848.9665
16961.2437
17069.1317
17180.5623
17285.1013
17399.6538
17509.2708
17619.8284
17736.5814
17859.3734
17977.7888
18090.0431
18209.4941
18324.9123
18450.5782
18569.0009
18695.0243
18815.9739
18939.7785
19049.7696
19172.6114
19296.2904
19420.6459
19541.9882
19668.4248
19789.7972
19912.2275
20034.4827
20167.6969
20293.0768
20422.9092
20547.5592
20677.0091
20803.5559
20933.3757
21068.675
21206.1481
21335.4367
21464.6253
21597.3527
21725.815
21857.4545
21989.8879
22121.5497
22259.1768
22390.8794
22527.2454
22666.0953
22799.89
22932.6429
23074.0183
23209.759
23347.5319
23489.367
23631.1544
23778.9297
23925.8257
24073.8485
24227.7857
24375.6368
24522.4237
24664.8411
24805.0355
24941.4199
25077.3407
25209.644
25349.4697
25491.731
25633.7461
25779.1435
25928.8964
26072.5919
26219.8714
26365.4688
26516.127
26658.2244
26813.8518
26966.3119
27115.0493
27256.5553
27402.3114
27538.5908
27684.0968
27825.4934
27975.0703
28124.8712
28277.6633
28423.1295
28580.6343
28735.1876
28889.5518
29037.086
29192.4182
29335.8135
29479.247
29622.2149
29776.3567
29928.1165
30087.2418
30240.3246
30391.1326
30531.805
30661.7168
30789.2591
30923.6305
31062.2983
31211.1701
31363.504
31521.8606
31675.3032
31824.7742
31973.049
32117.8441
32257.3728
32406.4659
32555.3316
32701.5743
32850.8455
33005.5615
33149.5196
33293.7726
33430.2239
33567.4033
33701.3764
33840.0244
33978.4469
34116.2073
34259.8577
34401.2147
34543.9888
34685.6432
34832.3194
34976.0358
35110.3565
35237.2527
35371.5333
35515.5414
35647.6934
35791.7129
35940.8148
36076.7794
36205.2461
36341.0079
36470.6511
36593.0449
36718.5362
36845.4529
36970.083
37094.7038
37223.8719
37360.5174
37487.9159
37613.0333
37735.2915
37850.3549
37965.3152
38085.0737
38210.797
38343.6689
38475.4888
38598.072
38712.7341
38827.2399
38943.902
39068.2208
39188.3065
39316.8768
39442.2849
39561.8311
39669.0623
39782.8206
39895.8929
40010.5346
40121.7422
40239.5756
40349.7324
40457.0639
40561.921
40667.2923
40778.5557
40889.1859
40999.1536
41103.933
41208.2077
41306.7874
41415.5992
41521.8668
41630.7242
41742.0945
41862.4939
41969.6698
42075.7458
42172.2376
42261.4127
42338.933
42423.3416
42506.3154
42597.856
42686.2462
42779.0637
42877.8368
42970.0198
43051.1091
43137.3938
43224.0174
43307.1794
43398.8103
43502.6659
43609.0656
43707.9776
43802.0833
43896.9322
43985.5515
44063.7698
44146.3461
44228.9559
44305.4054
44380.7362
44455.4416
44529.2733
44603.4947
44675.5137
44746.0264
44825.8131
44904.1024
44977.4932
45056.0138
45138.4488
45208.188
45278.9704
45360.0579
45443.6741
45527.3994
45615.9798
45700.2799
45772.2731
45824.5894
45870.8981
45920.8454
45963.7936
46011.4423
46078.1175
46148.5881
46223.8642
46303.1196
46382.5035
46456.9912
46528.8724
46593.2033
46654.5633
46712.7369
46760.215
46803.5404
46849.32
46895.5847
46936.1691
46986.3736
47039.2318
47094.0987
47156.8168
47218.7781
47277.5935
47336.8222
47393.2876
47450.0803
47521.1413
47585.8335
47645.0002
47694.9408
47738.7953
47772.3547
47814.8396
47869.0496
47930.383
47988.3075
48045.2786
48093.9013
48129.5186
48162.4363
48197.3318
48238.6921
48281.1322
48331.5828
48385.1492
48439.7421
48491.169
48546.9601
48606.6393
48651.3982
48690.1121
48718.1039
48748.6685
48775.0784
48821.3847
48875.3871
48936.3689
48994.2287
49051.9347
49096.0726
49139.9367
49181.5718
49218.6626
49250.9018
49279.0885
49302.0958
49328.6186
49358.9731
49388.8714
49428.3052
49466.0828
49496.5047
49519.4721
49544.3661
49569.6409
49605.1978
49640.0441
49688.2504
49732.5808
49772.3259
49799.7097
49826.2248
49838.3402
49847.0481
49850.4145
49855.9938
49863.7624
49880.5509
49907.4442
49937.1958
49967.5891
50001.5023
50029.4119
50062.7916
50090.9582
50118.1232
50140.4961
50164.3451
50173.5957
50184.2319
50192.0396
50199.4946
50210.3748
50217.0033
50228.7879
50241.0256
50251.6064
50252.6095
50258.5559
50260.3153
50258.2581
50261.1271
50272.1355
50277.2436
50288.2557
50298.3612
50306.2009
50309.4375
50317.3679
50318.0552
50320.3426
50314.1439
50301.9644
50284.6297
50268.2156
50251.7197
50224.481
50205.0474
50186.6534
50172.0126
50159.2397
50156.1499
50151.5277
50154.4097
50161.6033
50166.5928
50169.6738
50174.3026
50166.9119
50151.1039
50140.7921
50138.6336
50130.0626
50118.5139
50105.5372
50090.7913
50082.4145
50077.2916
50084.1708
50090.3788
50090.4105
50077.7899
50065.7718
50049.9593
50046.0617
50033.6203
50021.8841
50006.7573
49996.9684
49975.3321
49961.7769
49949.5284
49937.7019
49923.9325
49910.001
49900.7988
49893.526
49890.8531
49879.5856
49859.6329
49839.6017
49816.549
49781.9937
49747.4364
49715.4015
49693.0065
49676.7703
49665.4866
49666.8974
49672.3123
49668.5086
49658.3578
49648.0447
49629.5138
49615.2521
49601.4834
49600.6368
49599.9281
49598.2412
49592.0291
49584.3007
49569.5046
49555.7341
49545.0131
49538.5584
49533.0083
49525.3544
49522.4835
49511.5804
49498.0718
49485.789
49471.784
49453.8124
49444.8353
49434.8855
49419.8869
49402.4427
49384.0047
49358.0819
49334.385
49323.916
49312.7182
49300.6067
49304.2102
49300.2423
49296.8349
49296.9337
49301.2712
49288.952
49289.7556
49277.4519
49273.7245
49275.8762
49279.6858
49280.7813
49292.561
49296.6568
49299.8546
49315.9378
49332.5271
49336.9509
49342.8635
49340.1022
49326.1091
49314.6543
49307.311
49299.5067
49289.4993
49286.1354
49279.5941
49272.0528
49267.883
49270.3167
49275.8774
49282.4501
49284.2631
49286.6037
49296.1076
49306.783
49323.6302
49348.829
49373.4577
49392.6742
49402.3746
49414.6585
49439.5741
49470.3261
49496.1242
49516.1474
49521.5926
49520.03
49514.0857
49507.9692
49512.83
49532.0586
49545.218
49553.237
49563.1718
49567.6317
49567.0635
49570.6069
49583.6887
49600.3105
49623.5121
49646.1219
49672.8078
49693.6899
49717.5069
49744.6691
49768.128
49775.8691
49776.4092
49771.8669
49763.5421
49773.3301
49792.4424
49827.7117
49866.0276
49911.3792
49940.5797
49970.9088
50002.4156
50039.7471
50067.3838
50096.1247
50126.1332
50150.1509
50166.166
50189.816
50213.9125
50233.4962
50245.7029
50266.2479
50291.4352
50312.5569
50340.8041
50368.3615
50390.0856
50401.7883
50422.633
50438.4325
50457.5159
50470.0544
50468.1901
50457.7895
50464.2222
50475.661
50503.8901
50552.4328
50609.2408
50652.4725
50698.9044
50739.7767
50768.8697
50791.2292
50811.1052
50832.1337
50848.0031
50875.617
50905.2065
50935.6034
50959.4594
50974.3768
50991.2325
51009.1965
51029.0836
51049.1201
51082.7696
51105.2859
51123.5682
51138.5299
51154.0101
51170.2867
51190.1226
51211.0287
51228.2819
51250.0459
51266.0479
51281.463
51293.2828
51308.8694
51323.2831
51330.2976
51341.116
51357.3442
51383.1207
51397.0156
51411.5448
51421.4096
51430.1682
51435.2455
51450.1344
51466.7567
51491.6622
51512.7824
51523.5967
51535.4125
51555.1013
51563.9293
51590.8466
51621.5603
51649.3598
51663.1728
51681.5599
51692.8793
51706.3585
51713.3694
51732.4247
51750.0592
51764.4461
51777.4569
51789.8391
51800.1159
51815.8974
51829.8802
51840.9822
51850.0961
51859.0256
51863.5459
51859.672
51865.9996
51870.5386
51877.9419
51880.21
51892.9107
51890.0409
51886.9016
51873.1254
51870.6534
51862.2007
51861.55
51873.3894
51888.3118
51892.783
51901.8453
51913.8208
51927.6574
51930.4248
51939.7844
51939.3254
51935.4318
51924.7351
51931.9836
51929.6709
51932.4377
51935.4489
51938.3945
51933.5039
51937.7893
51940.2379
51941.5938
51941.8184
51940.7548
51928.1094
51919.237
51897.3692
51878.2561
51864.9834
51863.1154
51849.5079
51851.4596
51838.3242
51822.2055
51797.4264
51784.8238
51768.395
51765.0273
51751.7499
51742.8066
51730.6394
51717.4548
51710.3512
51712.5262
51715.6039
51718.1316
51717.5395
51705.3418
51692.2388
51668.7959
51648.4509
51634.869
51618.9993
51599.446
51580.1113
51554.3264
51531.1097
51512.7841
51500.6972
51493.9892
51480.9026
51460.4779
51430.9307
51397.3116
51358.4643
51333.4672
51310.5295
51288.6334
51261.9216
51234.7196
51200.5448
51169.8621
51144.1357
51130.11
51120.2068
51105.5707
51080.4939
51061.0673
51038.3835
51012.7159
50989.8452
50966.0388
50938.3773
50901.3473
50868.9247
50840.9005
50813.1396
50775.1542
50739.9232
50701.5696
50658.2815
50616.5442
50586.9543
50565.1515
50543.1528
50513.7943
50486.5014
50455.113
50409.2412
50373.5925
50344.0381
50306.3524
50273.9577
50246.0765
50203.5436
50168.1383
50140.076
50110.6739
50082.5463
50057.332
50027.5509
49994.2353
49955.3767
49919.5189
49881.326
49844.4065
49797.5035
49751.0498
49709.0477
49665.6779
49622.3172
49587.3392
49550.6789
49508.9766
49474.4206
49436.6553
49404.8119
49365.2073
49324.1211
49280.1591
49235.5039
49186.618
49143.5816
49103.2224
49064.4017
49016.1483
48974.7312
48938.5427
48895.868
48855.9615
48823.2861
48788.4665
48759.0282
48728.1938
48684.3625
48644.0119
48597.0641
48539.2714
48486.326
48447.0479
48402.607
48359.7663
48319.1792
48284.048
48236.2693
48198.0595
48160.2023
48119.165
48070.9256
48021.4697
47956.1956
47894.0797
47834.6211
47773.863
47722.4128
47678.8291
47626.7419
47583.5279
47542.8861
47498.6675
47456.7195
47424.5646
47384.6565
47345.3626
47308.5495
47278.0665
47243.8705
47208.4903
47170.1244
47133.7934
47083.7233
47028.3462
46978.1876
46931.1601
46876.34
46827.2941
46785.5158
46743.0172
46700.9256
46665.376
46631.4641
46598.5297
46559.341
46517.4893
46469.2674
46423.593
46375.5509
46333.4406
46303.5828
46274.0444
46235.6825
46195.8407
46157.3471
46103.2283
46045.4073
45995.2607
45954.3817
45903.6773
45864.0195
45838.895
45815.4621
45780.2466
45752.5435
45712.1807
45670.5249
45624.8799
45593.3944
45561.6996
45529.3929
45492.775
45464.5852
45423.3783
45387.8053
45353.1162
45320.2705
45282.3276
45251.6011
45210.108
45174.1245
45130.47
45089.6274
45049.1756
45004.1654
44968.6214
44947.1911
44919.5209
44885.571
44861.4709
44838.2264
44804.504
44770.5013
44743.3131
44708.4578
44676.0837
44651.3105
44630.4599
44602.5246
44585.6009
44559.6924
44533.2676
44510.7401
44497.2966
44470.1012
44440.3965
44406.5901
44370.9663
44330.5468
44302.0809
44275.9553
44256.4564
44234.6569
44214.84
44193.9289
44177.0869
44152.0287
44130.075
44102.546
44083.5793
44058.8775
44041.5849
44022.6123
44010.2392
43988.1687
43967.0634
43938.4069
43901.9961
43856.265
43807.599
43756.7578
43722.8744
43703.742
43683.0202
43661.8119
43643.7172
43607.8501
43560.6102
43529.0897
43500.3394
43477.4809
43456.2529
43444.6247
43427.8595
43410.3724
43386.523
43365.2655
43335.9311
43301.5249
43273.6388
43247.9305
43220.3264
43194.8954
43169.4755
43144.1528
43124.3382
43099.5006
43075.7283
43053.5704
43027.461
42997.2901
42974.8575
42956.4321
42939.1185
42920.7004
42900.0285
42881.741
42859.358
42842.6533
42829.6741
42815.7662
42796.3808
42778.8903
42754.9589
42723.6266
42697.8712
42677.2824
42654.257
42626.6581
42601.1941
42577.119
42548.7155
42530.223
42510.7627
42492.6257
42469.4676
42454.7921
42432.7592
42416.2605
42400.6149
42385.2132
42368.9647
42348.6885
42326.2312
42312.4618
42295.1778
42271.5687
42246.0931
42228.2666
42205.2483
42184.7358
42161.9128
42141.6759
42114.3544
42085.776
42055.2675
42028.8335
42008.4975
41993.7618
41978.8769
41967.9239
41951.7328
41931.8518
41905.5369
41877.873
41848.1037
41823.3884
41794.4884
41769.4332
41744.8025
41723.0342
41693.6829
41661.489
41626.9848
41578.1703
41518.3515
41448.25
41378.8149
41309.5104
41251.4958
41197.8853
41164.0394
41131.1877
41098.9045
41069.561
41036.2862
41001.9394
40967.7284
40935.2261
40905.8758
40883.1012
40858.7691
40838.6838
40815.5463
40789.12
40765.1241
40741.3497
40724.352
40698.514
40678.0716
40657.1733
40643.6227
40618.9305
40603.761
40581.3787
40555.4358
40524.1171
40501.1265
40475.1427
40448.0458
40423.2997
40398.7352
40370.152
40350.3805
40324.3104
40288.8982
40246.2376
40210.86
40166.9938
40145.1917
40150.3201
40162.0533
40173.7421
40188.5303
40193.3176
40182.4254
40166.4172
40143.7003
40126.6421
40113.1011
40103.6828
40092.7414
40083.9187
40068.7449
40050.222
40020.7676
40002.0687
39982.2615
39970.0446
39964.1093
39965.741
39964.6002
39965.4494
39958.7382
39943.5493
39921.3418
39900.6695
39881.8256
39864.4011
39845.793
39834.3434
39824.1653
39814.1649
39808.4779
39804.3642
39805.3011
39799.9588
39789.7521
39776.353
39769.9197
39762.7195
39753.4036
39741.636
39731.7299
39721.2351
39700.4047
39696.397
39691.927
39690.3111
39685.8974
39690.503
39684.5685
39683.7473
39682.1985
39679.2209
39668.5821
39655.6018
39641.0368
39625.0193
39612.4046
39610.9045
39603.9179
39603.0925
39593.475
39585.4054
39572.6315
39569.4978
39566.1809
39572.6237
39578.9857
39583.7978
39588.2128
39589.0636
39585.0972
39574.3471
39568.821
39564.4033
39565.8308
39570.8667
39580.9642
39583.8267
39589.4291
39580.7232
39579.8949
39582.1221
39587.329
39595.5256
39610.2497
39615.9768
39619.3445
39618.6566
39607.1194
39603.4671
39598.3132
39594.565
39598.1787
39604.4047
39606.2868
39614.6874
39616.0687
39613.7042
39612.5984
39619.6279
39631.3434
39642.1447
39655.0365
39664.6156
39669.1768
39666.9263
39668.0626
39665.7818
39666.4858
39664.4507
39666.561
39674.8725
39691.3308
39713.2873
39729.8905
39744.9384
39767.7608
39773.2842
39780.2569
39792.9403
39799.0854
39788.5289
39793.3636
39793.7235
39800.6981
39806.8289
39819.9761
39825.5297
39835.526
39832.3826
39840.3593
39847.6701
39857.9008
39863.1837
39876.1448
39886.7773
39899.1734
39913.2599
39922.2009
39937.363
39946.4023
39954.1333
39967.6036
39986.5881
39997.9114
40005.6996
40013.8094
40020.2745
40025.8437
40034.2228
40051.8827
40063.2507
40074.7066
40091.3819
40099.8769
40109.4183
40121.7763
40134.0193
40143.808
40160.5505
40176.3657
40193.3483
40206.5282
40223.3288
40237.7082
40244.0064
40254.1328
40262.4622
40267.1062
40276.0306
40298.8811
40318.8088
40333.3293
40348.2997
40363.887
40368.0496
40371.6379
40383.609
40391.6499
40395.3372
40409.1721
40427.984
40448.7886
40468.395
40488.9234
40508.791
40522.1397
40538.1883
40560.6568
40587.4869
40606.1607
40627.5571
40645.2467
40655.3201
40664.2326
40676.5939
40690.4944
40710.2217
40731.9201
40746.5034
40760.888
40777.204
40784.7519
40798.3562
40810.4775
40819.7562
40829.7499
40846.2855
40859.0084
40884.127
40905.1715
40922.2011
40941.773
40956.4272
40959.9391
40972.725
40984.5955
40991.5175
41007.863
41026.8568
41040.9539
41054.4074
41068.2797
41077.6801
41091.698
41102.6157
41115.7027
41122.3792
41134.6423
41137.2119
41149.3886
41159.0571
41175.2686
41184.0712
41196.8988
41203.5986
41206.2452
41208.4306
41217.3165
41236.011
41252.4851
41273.1193
41290.571
41298.9222
41308.466
41315.6581
41328.0446
41344.0711
41361.6261
41369.6129
41384.4043
41391.433
41400.5127
41399.7352
41402.0705
41399.352
41401.3104
41399.2754
41407.3836
41408.0183
41408.1173
41402.2399
41398.5751
41394.9016
41400.9003
41404.6871
41407.8317
41405.6513
41405.2043
41392.8154
41380.3332
41376.7262
41371.5817
41367.8838
41364.1456
41364.1016
41355.0317
41352.7937
41347.2371
41345.4624
41342.0458
41341.5505
41332.4852
41323.201
41310.1967
41300.8756
41286.5766
41278.3487
41261.7491
41250.2617
41238.2712
41224.3504
41205.2191
41192.9424
41181.7215
41163.4443
41151.9568
41141.7532
41130.4406
41113.299
41098.5283
41075.9851
41050.115
41028.2379
41005.7172
40986.9193
40968.8067
40951.9439
40929.5627
40912.4894
40892.1834
40875.9011
40846.1923
40820.1094
40792.2469
40758.5413
40719.9334
40693.0503
40669.6376
40645.8457
40623.5886
40593.1768
40570.3262
40543.4757
40508.9253
40477.4178
40452.6696
40421.0011
40368.6367
40261.4888
40048.0303
39752.9444
39464.0014
39279.83
39244.3755
39363.429
39594.5115
39826.3639
39967.4627
40018.4831
40010.0038
39970.5798
39921.6541
39866.9686
39816.4202
39771.3928
39736.2944
39696.8656
39666.3946
39626.3851
39585.948
39535.1194
39488.7182
39440.1736
39392.099
39336.7724
39287.2093
39243.1446
39197.1527
39154.2194
39118.1744
39079.1825
39029.7827
38979.5432
38930.4423
38888.2998
38848.4868
38806.8072
38769.1649
38715.6276
38650.0353
38591.4823
38540.9332
38484.3802
38454.6154
38431.6913
38402.1673
38359.868
38315.0498
38252.8711
38188.5726
38109.4698
38036.4482
37967.0663
37899.3288
37829.0371
37776.3566
37719.016
37663.3041
37616.1428
37563.8815
37505.0621
37448.8057
37399.8839
37338.7121
37288.9234
37235.0586
37189.4107
37136.616
37087.8402
37034.0527
36986.7615
36928.5964
36866.4984
36803.1586
36746.9404
36689.6291
36634.6086
36575.4572
36523.0288
36467.1556
36410.9662
36358.4061
36315.1089
36258.0666
36199.0563
36137.2797
36075.4175
36016.0579
35955.2519
35894.1808
35841.3626
35798.6713
35744.6994
35700.9627
35659.0232
35606.67
35537.7413
35469.2175
35398.4301
35331.1689
35268.5288
35205.9686
35142.8064
35077.9488
35008.4242
34933.701
34866.3598
34809.0075
34751.622
34695.3448
34646.6353
34593.4152
34525.4203
34456.5302
34390.8311
34315.1731
34243.9579
34181.2166
34126.784
34065.5773
34004.8471
33943.8049
33888.8833
33829.2066
33768.9248
33713.913
33652.8993
33583.696
33513.888
33436.0302
33366.2376
33297.1525
33232.1756
33166.3474
33110.9979
33046.9444
32986.5943
32923.5198
32861.5574
32799.6987
32728.9035
32662.9883
32599.0588
32533.853
32467.2477
32406.4636
32341.819
32268.4873
32207.167
32146.2413
32080.7816
32009.7062
31956.8181
31910.3506
31866.6075
31838.0199
31788.1614
31686.483
31520.6698
31303.7494
31023.2379
30711.9469
30377.0649
30023.8596
29658.407
29269.2971
28861.3576
28437.5414
28001.3545
27547.2451
27087.9049
26616.4032
26130.1519
25629.4093
25112.1158
24586.7399
24053.3766
23510.216
22957.3031
22399.6147
21830.0423
21255.279
20681.3915
20101.9051
19510.0857
18915.3587
18319.0414
17729.5422
17138.1865
16551.6926
15969.4501
15382.6136
14791.8649
14208.2647
13640.2311
13075.8381
12526.9837
11983.6285
11457.628
10935.4691
10428.7777
9936.1176
9453.7194
8982.5809
8522.6398
8077.4484
7639.6214
7231.2417
6836.9187
6457.9463
6093.7933
5747.8736
5411.8759
5094.1042
4795.4576
4508.9272
4239.0775
3987.1938
3741.724
3515.421
3305.4594
3110.3062
2926.6101
2761.8456
2603.1248
2461.8003
2331.3279
2209.9222
2096.971
1999.7381
1904.761
1821.4095
1744.6031
1671.2885
1604.1
1545.9312
1486.3255
1435.7907
1397.2421
1356.6987
1318.8914
1288.3133
1253.8295
1220.0733
1191.5918
1163.0322
1139.2248
1117.6758
1089.7494
1062.009
1032.4076
998.3144
968.2856
943.442
922.0807
898.0178
878.7767
851.035
826.738
794.819
773.518
742.4764
715.6853
687.5758
660.2351
630.243
605.6571
582.0546
557.1242
533.4486
508.7831
477.8554
403.7201
303.1137
189.76
80.6709
-18.1036
-67.7145
-85.8547
-86.4445
