180.21	3420.95
180.28	-125.29
180.36	631.63
180.44	-46.76
180.51	-15.23
180.59	9.01
180.66	36.78
180.74	35.20
180.81	35.09
180.89	37.45
180.97	38.40
181.04	36.73
181.12	36.04
181.19	37.20
181.27	38.82
181.34	56.11
181.42	63.63
181.50	71.58
181.57	82.09
181.65	86.48
181.72	80.34
181.80	76.14
181.87	77.34
181.95	79.92
182.03	83.49
182.10	90.83
182.18	99.02
182.25	112.20
182.33	123.12
182.40	140.66
182.48	147.74
182.55	171.06
182.63	187.50
182.71	202.53
182.78	220.05
182.86	238.66
182.93	233.61
183.01	223.51
183.08	207.32
183.16	194.06
183.23	180.15
183.31	192.45
183.39	209.40
183.46	244.46
183.54	271.39
183.61	315.88
183.69	353.39
183.76	407.35
183.84	451.35
183.91	499.21
183.99	555.94
184.06	601.19
184.14	648.66
184.22	704.62
184.29	737.03
184.37	747.31
184.44	753.53
184.52	703.94
184.59	607.25
184.67	523.69
184.74	446.35
184.82	400.75
184.89	411.06
184.97	480.64
185.04	573.41
185.12	667.91
185.20	767.93
185.27	864.09
185.35	964.65
185.42	1031.20
185.50	1105.52
185.57	1163.64
185.65	1209.67
185.72	1262.00
185.80	1347.25
185.87	1412.10
185.95	1503.21
186.02	1620.24
186.10	1672.30
186.17	1672.12
186.25	1598.71
186.33	1396.34
186.40	1166.81
186.48	1008.00
186.55	925.54
186.63	952.85
186.70	1111.06
186.78	1288.31
186.85	1443.01
186.93	1573.39
187.00	1690.87
187.08	1809.81
187.15	1927.69
187.23	2062.52
187.30	2191.21
187.38	2310.10
187.45	2439.46
187.53	2565.97
187.60	2648.88
187.68	2766.36
187.75	2892.95
187.83	2955.90
187.90	3022.90
187.98	3104.36
188.05	3066.92
188.13	2865.39
188.21	2573.42
188.28	2285.52
188.36	2024.06
188.43	1878.42
188.51	1941.33
188.58	2156.13
188.66	2367.79
188.73	2578.56
188.81	2788.21
188.88	2953.54
188.96	3111.38
189.03	3256.14
189.11	3409.25
189.18	3537.16
189.26	3647.32
189.33	3765.27
189.41	3887.49
189.48	3969.06
189.56	4075.60
189.63	4190.16
189.71	4245.93
189.78	4311.61
189.86	4392.23
189.93	4418.06
190.01	4394.32
190.08	4311.78
190.16	4054.11
190.23	3672.33
190.31	3345.25
190.38	3125.19
190.46	3032.75
190.53	3139.37
190.61	3393.02
190.68	3635.89
190.76	3860.04
190.83	4047.48
190.91	4213.58
190.98	4379.53
191.06	4530.35
191.13	4672.86
191.21	4804.42
191.28	4922.15
191.35	5038.68
191.43	5142.57
191.50	5211.61
191.58	5297.67
191.65	5373.90
191.73	5407.14
191.80	5450.33
191.88	5476.34
191.95	5468.74
192.03	5472.65
192.10	5492.05
192.18	5490.18
192.25	5448.60
192.33	5302.22
192.40	5056.41
192.48	4814.31
192.55	4635.12
192.63	4551.31
192.70	4625.28
192.78	4823.93
192.85	5048.81
192.93	5251.38
193.00	5424.26
193.08	5573.96
193.15	5714.48
193.22	5814.15
193.30	5899.34
193.37	5982.69
193.45	6033.26
193.52	6082.73
193.60	6146.15
193.67	6195.53
193.75	6244.57
193.82	6303.79
193.90	6333.40
193.97	6367.71
194.05	6409.09
194.12	6440.52
194.20	6482.65
194.27	6535.71
194.34	6575.81
194.42	6603.28
194.49	6633.00
194.57	6634.54
194.64	6578.06
194.72	6471.63
194.79	6362.71
194.87	6263.86
194.94	6197.17
195.02	6193.22
195.09	6257.90
195.17	6351.55
195.24	6450.75
195.31	6558.68
195.39	6668.80
195.46	6771.77
195.54	6865.76
195.61	6948.27
195.69	7010.34
195.76	7059.39
195.84	7106.33
195.91	7133.87
195.99	7147.34
196.06	7155.22
196.13	7164.94
196.21	7162.72
196.28	7164.71
196.36	7167.98
196.43	7157.96
196.51	7141.06
196.58	7127.22
196.66	7128.08
196.73	7146.56
196.80	7192.93
196.88	7254.25
196.95	7322.25
197.03	7386.26
197.10	7424.80
197.18	7441.29
197.25	7446.19
197.33	7453.41
197.40	7459.95
197.47	7474.33
197.55	7504.74
197.62	7538.17
197.70	7564.07
197.77	7592.04
197.85	7616.66
197.92	7623.74
197.99	7609.01
198.07	7572.76
198.14	7519.34
198.22	7492.89
198.29	7503.23
198.37	7556.44
198.44	7650.30
198.51	7757.04
198.59	7851.57
198.66	7933.31
198.74	7993.56
198.81	8037.54
198.89	8068.66
198.96	8097.57
199.03	8108.80
199.11	8123.54
199.18	8127.36
199.26	8138.61
199.33	8151.64
199.41	8167.30
199.48	8156.76
199.55	8121.27
199.63	8065.19
199.70	8016.01
199.78	7973.35
199.85	7982.03
199.93	8049.59
200.00	8160.54
200.07	8274.33
200.15	8391.17
200.22	8486.22
200.30	8553.06
200.37	8602.28
200.44	8634.32
200.52	8662.64
200.59	8692.39
200.67	8715.42
200.74	8726.51
200.81	8730.41
200.89	8729.88
200.96	8734.60
201.04	8733.94
201.11	8725.99
201.19	8706.16
201.26	8684.66
201.33	8662.46
201.41	8672.51
201.48	8721.66
201.56	8809.56
201.63	8925.29
201.70	9034.12
201.78	9127.42
201.85	9207.50
201.93	9270.38
202.00	9315.65
202.07	9353.98
202.15	9383.78
202.22	9407.49
202.30	9436.86
202.37	9463.71
202.44	9491.99
202.52	9519.53
202.59	9538.44
202.67	9552.48
202.74	9569.38
202.81	9575.85
202.89	9567.19
202.96	9570.56
203.04	9599.72
203.11	9643.77
203.18	9726.35
203.26	9840.36
203.33	9952.21
203.41	10043.14
203.48	10113.75
203.55	10152.15
203.63	10187.86
203.70	10224.33
203.77	10262.58
203.85	10308.28
203.92	10361.37
204.00	10423.00
204.07	10482.18
204.14	10535.51
204.22	10578.91
204.29	10626.21
204.37	10653.76
204.44	10676.24
204.51	10706.19
204.59	10741.59
204.66	10770.99
204.73	10821.20
204.81	10892.37
204.88	10971.73
204.96	11061.31
205.03	11148.23
205.10	11226.40
205.18	11287.88
205.25	11341.51
205.32	11389.15
205.40	11443.61
205.47	11500.34
205.55	11562.06
205.62	11624.57
205.69	11693.36
205.77	11764.25
205.84	11840.85
205.91	11912.65
205.99	11986.89
206.06	12052.09
206.14	12112.20
206.21	12169.39
206.28	12225.31
206.36	12283.36
206.43	12336.03
206.50	12409.85
206.58	12484.19
206.65	12561.96
206.72	12638.53
206.80	12721.10
206.87	12784.90
206.95	12853.70
207.02	12935.40
207.09	13018.19
207.17	13107.46
207.24	13205.72
207.31	13297.35
207.39	13384.29
207.46	13466.13
207.53	13548.66
207.61	13630.14
207.68	13708.33
207.75	13794.16
207.83	13883.22
207.90	13965.51
207.98	14033.86
208.05	14114.38
208.12	14181.90
208.20	14259.88
208.27	14340.38
208.34	14435.81
208.42	14514.03
208.49	14602.17
208.56	14675.91
208.64	14759.94
208.71	14844.45
208.78	14941.62
208.86	15046.24
208.93	15156.25
209.00	15268.25
209.08	15374.90
209.15	15483.39
209.22	15586.82
209.30	15690.63
209.37	15791.04
209.44	15895.86
209.52	15998.82
209.59	16093.37
209.67	16194.12
209.74	16286.84
209.81	16386.37
209.89	16477.65
209.96	16575.58
210.03	16668.42
210.11	16767.77
210.18	16856.79
210.25	16951.46
210.33	17045.64
210.40	17145.36
210.47	17254.05
210.55	17374.81
210.62	17502.11
210.69	17624.19
210.77	17750.70
210.84	17873.61
210.91	18004.81
210.99	18125.54
211.06	18249.58
211.13	18369.44
211.21	18493.49
211.28	18598.97
211.35	18716.16
211.42	18835.03
211.50	18949.43
211.57	19058.10
211.64	19175.35
211.72	19278.69
211.79	19379.49
211.86	19478.40
211.94	19593.51
212.01	19709.37
212.08	19834.23
212.16	19962.26
212.23	20097.13
212.30	20226.83
212.38	20354.04
212.45	20487.92
212.52	20622.56
212.60	20755.55
212.67	20883.27
212.74	21016.07
212.82	21146.47
212.89	21280.80
212.96	21414.25
213.03	21544.58
213.11	21680.10
213.18	21803.84
213.25	21934.94
213.33	22060.67
213.40	22180.74
213.47	22295.44
213.55	22420.38
213.62	22533.24
213.69	22654.69
213.77	22787.42
213.84	22921.68
213.91	23071.15
213.98	23223.26
214.06	23375.64
214.13	23529.20
214.20	23675.16
214.28	23817.20
214.35	23956.85
214.42	24096.21
214.50	24230.67
214.57	24370.80
214.64	24505.76
214.72	24645.59
214.79	24785.69
214.86	24925.06
214.93	25065.56
215.01	25208.32
215.08	25339.43
215.15	25467.50
215.23	25589.22
215.30	25713.29
215.37	25839.12
215.44	25981.90
215.52	26132.07
215.59	26290.64
215.66	26441.43
215.74	26585.32
215.81	26718.16
215.88	26863.37
215.95	26992.14
216.03	27136.25
216.10	27286.22
216.17	27440.00
216.25	27586.03
216.32	27748.33
216.39	27901.43
216.46	28054.41
216.54	28200.15
216.61	28347.11
216.68	28477.73
216.76	28611.31
216.83	28735.90
216.90	28874.24
216.97	29009.41
217.05	29153.68
217.12	29290.33
217.19	29431.10
217.27	29562.39
217.34	29692.68
217.41	29823.76
217.48	29962.26
217.56	30108.49
217.63	30263.17
217.70	30409.03
217.78	30566.33
217.85	30724.22
217.92	30870.11
217.99	31017.58
218.07	31164.66
218.14	31300.64
218.21	31443.60
218.28	31589.91
218.36	31727.82
218.43	31872.84
218.50	32023.96
218.57	32163.04
218.65	32293.68
218.72	32422.17
218.79	32541.86
218.87	32660.71
218.94	32782.20
219.01	32915.66
219.08	33050.21
219.16	33201.34
219.23	33354.16
219.30	33505.16
219.37	33648.06
219.45	33801.24
219.52	33944.32
219.59	34075.04
219.66	34202.42
219.74	34335.00
219.81	34476.67
219.88	34608.17
219.95	34745.54
220.03	34889.36
220.10	35026.58
220.17	35148.14
220.24	35276.86
220.32	35404.77
220.39	35526.09
220.46	35644.45
220.53	35762.86
220.61	35880.49
220.68	35996.66
220.75	36117.51
220.82	36251.68
220.90	36383.63
220.97	36507.56
221.04	36630.35
221.11	36748.02
221.19	36863.44
221.26	36980.10
221.33	37109.02
221.40	37246.25
221.48	37376.28
221.55	37503.92
221.62	37621.98
221.69	37738.98
221.77	37856.54
221.84	37985.93
221.91	38105.50
221.98	38229.45
222.06	38353.55
222.13	38472.64
222.20	38576.74
222.27	38690.12
222.35	38801.37
222.42	38908.04
222.49	39010.45
222.56	39120.37
222.63	39222.91
222.71	39327.61
222.78	39431.22
222.85	39536.13
222.92	39648.14
223.00	39759.94
223.07	39868.46
223.14	39980.59
223.21	40091.73
223.29	40193.04
223.36	40305.16
223.43	40421.03
223.50	40524.13
223.57	40637.95
223.65	40759.66
223.72	40871.83
223.79	40977.15
223.86	41084.51
223.94	41176.43
224.01	41262.45
224.08	41338.12
224.15	41418.28
224.22	41512.14
224.30	41597.00
224.37	41682.04
224.44	41790.06
224.51	41889.03
224.59	41961.96
224.66	42046.93
224.73	42138.06
224.80	42222.10
224.87	42314.27
224.95	42425.49
225.02	42543.83
225.09	42647.83
225.16	42742.91
225.23	42838.62
225.31	42932.58
225.38	43012.76
225.45	43096.71
225.52	43183.49
225.60	43267.75
225.67	43343.11
225.74	43420.47
225.81	43498.14
225.88	43577.44
225.96	43651.26
226.03	43726.49
226.10	43808.26
226.17	43887.54
226.24	43966.88
226.32	44046.14
226.39	44127.73
226.46	44197.58
226.53	44277.20
226.60	44358.63
226.68	44445.86
226.75	44531.54
226.82	44625.95
226.89	44714.34
226.96	44789.44
227.04	44853.36
227.11	44909.83
227.18	44970.55
227.25	45022.67
227.32	45081.64
227.40	45143.29
227.47	45220.13
227.54	45298.34
227.61	45371.77
227.68	45442.03
227.76	45526.25
227.83	45599.07
227.90	45659.98
227.97	45726.17
228.04	45790.65
228.11	45844.03
228.19	45901.07
228.26	45963.74
228.33	46022.89
228.40	46075.86
228.47	46135.73
228.55	46191.85
228.62	46248.64
228.69	46310.21
228.76	46372.79
228.83	46429.28
228.90	46490.62
228.98	46546.63
229.05	46609.07
229.12	46691.71
229.19	46764.16
229.26	46831.50
229.34	46894.58
229.41	46948.86
229.48	46986.37
229.55	47032.92
229.62	47088.90
229.69	47150.30
229.77	47210.71
229.84	47271.61
229.91	47325.39
229.98	47371.63
230.05	47412.17
230.12	47449.69
230.20	47498.80
230.27	47549.61
230.34	47605.03
230.41	47665.27
230.48	47725.22
230.55	47773.00
230.63	47831.77
230.70	47892.12
230.77	47937.52
230.84	47988.18
230.91	48031.48
230.98	48076.22
231.06	48109.84
231.13	48162.91
231.20	48222.63
231.27	48287.06
231.34	48345.76
231.41	48406.16
231.49	48454.18
231.56	48498.86
231.63	48547.36
231.70	48593.77
231.77	48633.60
231.84	48672.75
231.92	48703.55
231.99	48732.56
232.06	48763.82
232.13	48805.76
232.20	48847.98
232.27	48895.88
232.34	48936.97
232.42	48969.83
232.49	49001.36
232.56	49032.78
232.63	49069.88
232.70	49110.21
232.77	49158.46
232.85	49209.98
232.92	49257.15
232.99	49288.33
233.06	49318.03
233.13	49340.38
233.20	49354.94
233.27	49371.14
233.35	49385.32
233.42	49403.56
233.49	49420.46
233.56	49447.61
233.63	49479.49
233.70	49517.16
233.77	49556.28
233.85	49597.64
233.92	49637.98
233.99	49669.62
234.06	49704.53
234.13	49738.73
234.20	49773.09
234.27	49795.51
234.35	49816.95
234.42	49826.98
234.49	49837.47
234.56	49852.15
234.63	49863.73
234.70	49886.42
234.77	49908.86
234.84	49929.30
234.92	49932.45
234.99	49943.41
235.06	49945.02
235.13	49948.36
235.20	49955.06
235.27	49972.33
235.34	49979.82
235.41	50000.90
235.49	50021.98
235.56	50036.31
235.63	50047.19
235.70	50065.15
235.77	50070.76
235.84	50080.01
235.91	50080.40
235.98	50081.84
236.06	50071.26
236.13	50063.86
236.20	50053.17
236.27	50027.61
236.34	50008.25
236.41	49994.98
236.48	49984.22
236.55	49978.49
236.63	49989.07
236.70	49991.31
236.77	49999.38
236.84	50015.18
236.91	50026.42
236.98	50037.29
237.05	50054.48
237.12	50066.03
237.19	50057.40
237.27	50050.01
237.34	50047.89
237.41	50036.34
237.48	50020.54
237.55	50008.59
237.62	50000.32
237.69	49991.73
237.76	49987.11
237.83	49991.09
237.91	49996.11
237.98	50003.50
238.05	50006.74
238.12	50007.16
238.19	50003.91
238.26	50017.72
238.33	50017.31
238.40	50006.66
238.47	49989.90
238.54	49980.01
238.62	49955.08
238.69	49934.30
238.76	49924.51
238.83	49921.01
238.90	49918.82
238.97	49907.91
239.04	49907.56
239.11	49909.69
239.18	49912.82
239.25	49901.20
239.33	49889.60
239.40	49872.93
239.47	49845.19
239.54	49811.80
239.61	49781.11
239.68	49750.22
239.75	49726.67
239.82	49715.93
239.89	49708.76
239.96	49712.01
240.03	49716.86
240.11	49721.64
240.18	49705.84
240.25	49696.31
240.32	49684.67
240.39	49680.76
240.46	49664.85
240.53	49674.31
240.60	49679.30
240.67	49676.59
240.74	49664.24
240.81	49660.54
240.88	49638.02
240.96	49621.12
241.03	49610.21
241.10	49608.71
241.17	49600.44
241.24	49602.43
241.31	49605.43
241.38	49594.49
241.45	49589.14
241.52	49580.94
241.59	49564.21
241.66	49546.32
241.73	49538.62
241.80	49523.94
241.88	49511.29
241.95	49494.84
242.02	49473.08
242.09	49440.79
242.16	49411.54
242.23	49392.38
242.30	49378.53
242.37	49368.65
242.44	49381.23
242.51	49377.70
242.58	49376.88
242.65	49377.35
242.72	49377.64
242.79	49359.59
242.87	49362.10
242.94	49351.50
243.01	49348.67
243.08	49353.25
243.15	49361.26
243.22	49361.84
243.29	49366.88
243.36	49364.58
243.43	49360.38
243.50	49370.62
243.57	49381.79
243.64	49381.74
243.71	49385.69
243.78	49384.85
243.85	49367.15
243.92	49354.24
243.99	49346.65
244.07	49340.59
244.14	49334.47
244.21	49329.93
244.28	49322.62
244.35	49310.95
244.42	49303.95
244.49	49293.41
244.56	49298.30
244.63	49294.97
244.70	49296.93
244.77	49301.89
244.84	49312.52
244.91	49317.33
244.98	49333.47
245.05	49350.81
245.12	49367.05
245.19	49375.08
245.26	49379.49
245.33	49383.05
245.40	49404.46
245.47	49431.86
245.55	49456.95
245.62	49466.05
245.69	49468.38
245.76	49462.16
245.83	49451.12
245.90	49442.91
245.97	49448.91
246.04	49461.21
246.11	49470.76
246.18	49475.96
246.25	49479.42
246.32	49478.49
246.39	49475.36
246.46	49471.55
246.53	49472.62
246.60	49482.58
246.67	49505.91
246.74	49524.76
246.81	49547.82
246.88	49565.01
246.95	49581.88
247.02	49594.05
247.09	49611.79
247.16	49617.82
247.23	49615.16
247.30	49604.06
247.37	49593.55
247.44	49592.63
247.51	49600.21
247.58	49624.50
247.66	49652.39
247.73	49696.66
247.80	49721.49
247.87	49747.91
247.94	49775.24
248.01	49804.51
248.08	49819.09
248.15	49840.04
248.22	49863.78
248.29	49877.17
248.36	49894.77
248.43	49913.24
248.50	49937.20
248.57	49950.74
248.64	49960.20
248.71	49976.99
248.78	49998.16
248.85	50001.95
248.92	50015.92
248.99	50034.20
249.06	50039.67
249.13	50037.69
249.20	50058.41
249.27	50076.46
249.34	50093.88
249.41	50103.77
249.48	50098.16
249.55	50076.46
249.62	50071.35
249.69	50075.38
249.76	50094.86
249.83	50133.62
249.90	50183.58
249.97	50217.44
250.04	50250.35
250.11	50287.61
250.18	50312.21
250.25	50329.73
250.32	50345.80
250.39	50362.16
250.46	50368.56
250.53	50385.74
250.60	50401.57
250.67	50423.45
250.74	50433.84
250.81	50440.22
250.88	50449.39
250.95	50466.47
251.02	50476.51
251.09	50498.34
251.16	50522.30
251.23	50540.38
251.30	50551.76
251.37	50562.66
251.44	50567.71
251.51	50581.01
251.58	50597.12
251.65	50610.63
251.72	50617.45
251.79	50638.31
251.86	50646.84
251.93	50654.75
252.00	50663.08
252.07	50680.33
252.14	50681.96
252.21	50685.79
252.28	50688.66
252.35	50699.46
252.42	50716.58
252.49	50727.96
252.56	50739.71
252.63	50736.52
252.70	50735.60
252.77	50727.97
252.84	50731.54
252.91	50738.12
252.98	50764.45
253.05	50776.01
253.12	50787.68
253.19	50793.50
253.25	50806.20
253.32	50807.75
253.39	50832.10
253.46	50847.25
253.53	50870.78
253.60	50870.56
253.67	50880.23
253.74	50882.08
253.81	50900.54
253.88	50900.07
253.95	50919.11
254.02	50926.54
254.09	50933.47
254.16	50935.44
254.23	50944.88
254.30	50947.70
254.37	50963.44
254.44	50976.69
254.51	50984.65
254.58	50988.80
254.65	50997.59
254.72	50996.73
254.79	50990.78
254.86	50990.11
254.93	50983.62
255.00	50980.66
255.07	50979.48
255.14	50987.54
255.21	50977.27
255.28	50980.11
255.34	50959.83
255.41	50949.78
255.48	50929.16
255.55	50926.35
255.62	50921.07
255.69	50936.30
255.76	50934.91
255.83	50943.99
255.90	50948.16
255.97	50957.46
256.04	50952.35
256.11	50959.44
256.18	50955.10
256.25	50949.19
256.32	50935.86
256.39	50940.98
256.46	50929.21
256.53	50924.86
256.60	50925.23
256.67	50922.58
256.74	50917.71
256.80	50918.15
256.87	50915.39
256.94	50910.86
257.01	50906.67
257.08	50899.27
257.15	50889.81
257.22	50883.46
257.29	50853.12
257.36	50828.76
257.43	50806.99
257.50	50797.83
257.57	50781.86
257.64	50784.48
257.71	50773.11
257.78	50757.49
257.85	50727.78
257.92	50704.08
257.98	50684.82
258.05	50680.22
258.12	50661.87
258.19	50649.05
258.26	50636.88
258.33	50617.08
258.40	50603.77
258.47	50602.65
258.54	50604.78
258.61	50601.70
258.68	50600.19
258.75	50588.07
258.82	50576.09
258.89	50549.31
258.95	50526.96
259.02	50506.36
259.09	50487.04
259.16	50456.81
259.23	50439.14
259.30	50413.22
259.37	50392.30
259.44	50370.39
259.51	50355.27
259.58	50343.06
259.65	50329.20
259.72	50305.38
259.79	50273.95
259.85	50248.71
259.92	50213.26
259.99	50179.01
260.06	50152.82
260.13	50129.25
260.20	50096.60
260.27	50066.33
260.34	50031.99
260.41	49999.69
260.48	49974.56
260.55	49955.59
260.62	49945.64
260.68	49932.42
260.75	49904.15
260.82	49876.40
260.89	49850.94
260.96	49821.68
261.03	49798.26
261.10	49781.43
261.17	49758.81
261.24	49721.60
261.31	49685.79
261.38	49655.74
261.44	49619.12
261.51	49578.85
261.58	49541.83
261.65	49502.56
261.72	49457.99
261.79	49415.54
261.86	49385.11
261.93	49362.71
262.00	49331.47
262.07	49298.29
262.13	49277.91
262.20	49244.19
262.27	49200.48
262.34	49169.44
262.41	49139.55
262.48	49095.71
262.55	49063.46
262.62	49034.98
262.69	48992.79
262.76	48954.98
262.82	48924.31
262.89	48893.16
262.96	48865.57
263.03	48837.22
263.10	48807.73
263.17	48772.36
263.24	48736.06
263.31	48696.87
263.38	48661.14
263.44	48630.92
263.51	48589.14
263.58	48541.11
263.65	48498.90
263.72	48454.02
263.79	48406.09
263.86	48365.27
263.93	48329.56
264.00	48290.24
264.06	48255.51
264.13	48220.52
264.20	48193.24
264.27	48151.53
264.34	48113.39
264.41	48079.01
264.48	48034.78
264.55	47984.11
264.61	47940.23
264.68	47893.76
264.75	47839.91
264.82	47786.74
264.89	47739.93
264.96	47701.54
265.03	47657.13
265.10	47625.16
265.16	47590.29
265.23	47562.65
265.30	47540.73
265.37	47509.27
265.44	47457.32
265.51	47416.15
265.58	47371.88
265.65	47305.24
265.71	47253.69
265.78	47223.07
265.85	47185.02
265.92	47142.74
265.99	47102.71
266.06	47066.87
266.13	47021.05
266.20	46984.46
266.26	46943.82
266.33	46907.61
266.40	46858.11
266.47	46801.41
266.54	46739.67
266.61	46679.64
266.68	46622.45
266.74	46563.86
266.81	46516.54
266.88	46465.60
266.95	46410.99
267.02	46363.06
267.09	46327.45
267.16	46285.42
267.22	46244.46
267.29	46209.76
267.36	46172.56
267.43	46130.10
267.50	46093.99
267.57	46059.43
267.64	46023.80
267.70	45986.84
267.77	45951.36
267.84	45909.86
267.91	45866.42
267.98	45817.06
268.05	45774.55
268.11	45726.74
268.18	45677.59
268.25	45633.70
268.32	45594.24
268.39	45550.29
268.46	45509.89
268.53	45473.69
268.59	45430.50
268.66	45393.94
268.73	45353.01
268.80	45312.63
268.87	45269.95
268.94	45234.68
269.00	45192.03
269.07	45149.06
269.14	45118.02
269.21	45086.16
269.28	45042.67
269.35	45001.06
269.41	44967.50
269.48	44915.73
269.55	44861.24
269.62	44816.72
269.69	44779.87
269.76	44729.61
269.82	44695.40
269.89	44667.95
269.96	44642.69
270.03	44606.35
270.10	44579.74
270.17	44534.29
270.23	44493.22
270.30	44446.40
270.37	44418.62
270.44	44388.96
270.51	44361.44
270.58	44325.76
270.64	44296.62
270.71	44254.49
270.78	44218.30
270.85	44185.13
270.92	44159.92
270.99	44123.63
271.05	44092.87
271.12	44053.62
271.19	44014.44
271.26	43963.03
271.33	43927.25
271.39	43885.82
271.46	43835.54
271.53	43802.27
271.60	43781.98
271.67	43748.72
271.74	43720.44
271.80	43698.04
271.87	43674.35
271.94	43646.69
272.01	43621.07
272.08	43591.25
272.14	43563.01
272.21	43531.82
272.28	43509.92
272.35	43491.01
272.42	43463.72
272.48	43441.43
272.55	43415.50
272.62	43383.14
272.69	43358.94
272.76	43349.43
272.83	43326.45
272.89	43301.23
272.96	43270.66
273.03	43238.31
273.10	43194.65
273.17	43165.96
273.23	43138.54
273.30	43122.70
273.37	43102.11
273.44	43085.82
273.51	43061.68
273.57	43048.62
273.64	43019.28
273.71	42991.58
273.78	42959.48
273.85	42943.59
273.91	42919.23
273.98	42905.91
274.05	42890.18
274.12	42881.66
274.19	42865.01
274.25	42841.44
274.32	42820.88
274.39	42787.74
274.46	42747.47
274.53	42701.10
274.59	42654.91
274.66	42611.26
274.73	42585.95
274.80	42564.80
274.86	42540.17
274.93	42522.52
275.00	42491.43
275.07	42448.94
275.14	42414.10
275.20	42380.09
275.27	42350.16
275.34	42325.63
275.41	42312.58
275.48	42305.51
275.54	42297.27
275.61	42281.84
275.68	42268.82
275.75	42248.86
275.81	42210.86
275.88	42185.01
275.95	42158.27
276.02	42129.66
276.09	42094.78
276.15	42068.99
276.22	42037.87
276.29	42018.73
276.36	41991.39
276.42	41973.59
276.49	41945.08
276.56	41915.42
276.63	41884.06
276.70	41860.23
276.76	41842.38
276.83	41831.88
276.90	41821.37
276.97	41806.55
277.03	41785.78
277.10	41757.55
277.17	41733.81
277.24	41719.07
277.30	41701.44
277.37	41690.56
277.44	41681.66
277.51	41667.27
277.58	41640.62
277.64	41614.67
277.71	41595.55
277.78	41570.67
277.85	41543.74
277.91	41520.29
277.98	41495.69
278.05	41462.59
278.12	41446.11
278.18	41424.07
278.25	41403.54
278.32	41378.44
278.39	41363.93
278.45	41345.62
278.52	41332.76
278.59	41316.09
278.66	41306.78
278.72	41294.08
278.79	41271.04
278.86	41253.11
278.93	41247.13
278.99	41233.82
279.06	41210.39
279.13	41185.01
279.20	41163.93
279.26	41134.56
279.33	41109.55
279.40	41089.17
279.47	41077.74
279.53	41050.34
279.60	41026.21
279.67	40997.61
279.74	40966.71
279.80	40935.83
279.87	40924.38
279.94	40913.27
280.01	40903.51
280.07	40892.63
280.14	40875.03
280.21	40846.62
280.28	40816.91
280.34	40787.76
280.41	40760.36
280.48	40732.30
280.55	40707.26
280.61	40676.19
280.68	40653.22
280.75	40625.69
280.82	40597.99
280.88	40565.50
280.95	40519.60
281.02	40458.67
281.08	40391.46
281.15	40321.18
281.22	40250.09
281.29	40199.96
281.35	40146.01
281.42	40109.19
281.49	40074.16
281.56	40047.74
281.62	40017.41
281.69	39990.97
281.76	39962.71
281.82	39937.95
281.89	39903.09
281.96	39871.68
282.03	39849.44
282.09	39823.31
282.16	39793.01
282.23	39769.75
282.30	39742.62
282.36	39721.23
282.43	39702.89
282.50	39690.93
282.56	39672.30
282.63	39658.46
282.70	39635.91
282.77	39619.61
282.83	39599.89
282.90	39584.77
282.97	39565.74
283.03	39542.93
283.10	39512.44
283.17	39487.74
283.24	39461.73
283.30	39429.84
283.37	39403.35
283.44	39382.51
283.50	39356.46
283.57	39337.56
283.64	39320.44
283.71	39292.73
283.77	39255.08
283.84	39222.62
283.91	39174.92
283.97	39138.95
284.04	39126.48
284.11	39125.65
284.18	39130.77
284.24	39151.14
284.31	39163.48
284.38	39171.39
284.44	39160.04
284.51	39137.56
284.58	39112.73
284.64	39101.74
284.71	39085.99
284.78	39077.29
284.85	39073.62
284.91	39065.56
284.98	39044.99
285.05	39016.01
285.11	38997.36
285.18	38976.53
285.25	38962.82
285.31	38954.90
285.38	38956.30
285.45	38953.11
285.52	38950.38
285.58	38946.07
285.65	38936.12
285.72	38919.25
285.78	38903.75
285.85	38894.65
285.92	38877.60
285.98	38859.93
286.05	38850.71
286.12	38842.08
286.18	38834.57
286.25	38829.88
286.32	38823.35
286.39	38822.23
286.45	38812.58
286.52	38801.53
286.59	38789.66
286.65	38787.56
286.72	38782.47
286.79	38778.20
286.85	38764.81
286.92	38747.81
286.99	38733.96
287.05	38710.41
287.12	38703.39
287.19	38696.53
287.25	38699.98
287.32	38696.36
287.39	38700.78
287.45	38694.41
287.52	38691.80
287.59	38693.84
287.65	38692.56
287.72	38685.02
287.79	38680.28
287.86	38675.90
287.92	38657.07
287.99	38646.78
288.06	38647.88
288.12	38634.05
288.19	38621.63
288.26	38611.11
288.32	38604.49
288.39	38588.99
288.46	38588.63
288.52	38594.12
288.59	38601.91
288.66	38601.57
288.72	38603.35
288.79	38608.96
288.86	38603.78
288.92	38605.06
288.99	38603.59
289.06	38598.66
289.12	38588.45
289.19	38592.22
289.26	38592.66
289.32	38596.96
289.39	38600.32
289.45	38608.75
289.52	38603.64
289.59	38604.31
289.65	38608.45
289.72	38615.36
289.79	38630.56
289.85	38639.72
289.92	38646.28
289.99	38651.54
290.05	38648.13
290.12	38632.49
290.19	38627.97
290.25	38619.39
290.32	38616.66
290.39	38625.69
290.45	38634.06
290.52	38640.36
290.59	38654.51
290.65	38651.58
290.72	38645.60
290.79	38640.36
290.85	38645.95
290.92	38655.70
290.98	38669.38
291.05	38683.28
291.12	38697.76
291.18	38712.50
291.25	38713.76
291.32	38721.31
291.38	38721.26
291.45	38716.96
291.52	38702.13
291.58	38707.11
291.65	38713.35
291.72	38732.56
291.78	38760.24
291.85	38787.38
291.91	38799.06
291.98	38822.92
292.05	38827.98
292.11	38830.07
292.18	38831.07
292.25	38831.11
292.31	38818.75
292.38	38822.76
292.45	38824.99
292.51	38843.83
292.58	38856.38
292.64	38868.05
292.71	38876.20
292.78	38891.69
292.84	38887.91
292.91	38894.74
292.98	38902.81
293.04	38914.16
293.11	38920.40
293.17	38935.14
293.24	38949.71
293.31	38964.34
293.37	38982.47
293.44	38990.92
293.51	39002.09
293.57	39007.76
293.64	39013.19
293.70	39024.36
293.77	39042.02
293.84	39053.90
293.90	39060.33
293.97	39068.45
294.04	39071.74
294.10	39079.52
294.17	39090.41
294.23	39113.77
294.30	39134.75
294.37	39146.26
294.43	39169.62
294.50	39182.77
294.56	39195.08
294.63	39200.27
294.70	39215.97
294.76	39219.85
294.83	39231.58
294.90	39241.91
294.96	39260.62
295.03	39277.58
295.09	39298.86
295.16	39321.25
295.23	39331.19
295.29	39342.94
295.36	39351.72
295.42	39347.71
295.49	39350.65
295.56	39377.33
295.62	39396.41
295.69	39405.53
295.75	39426.75
295.82	39445.94
295.89	39445.74
295.95	39450.67
296.02	39469.91
296.08	39473.95
296.15	39467.90
296.22	39484.21
296.28	39502.89
296.35	39519.98
296.41	39543.70
296.48	39572.99
296.55	39589.38
296.61	39603.81
296.68	39619.22
296.74	39649.40
296.81	39676.34
296.88	39700.76
296.94	39722.41
297.01	39745.63
297.07	39747.46
297.14	39758.40
297.20	39767.83
297.27	39784.15
297.34	39803.28
297.40	39832.51
297.47	39852.45
297.53	39879.33
297.60	39898.39
297.67	39909.63
297.73	39920.82
297.80	39928.89
297.86	39929.28
297.93	39935.52
298.00	39954.23
298.06	39969.78
298.13	39995.11
298.19	40016.71
298.26	40037.59
298.32	40053.12
298.39	40065.82
298.46	40074.80
298.52	40087.30
298.59	40098.15
298.65	40113.12
298.72	40136.12
298.78	40160.37
298.85	40181.98
298.92	40203.28
298.98	40216.44
299.05	40227.06
299.11	40240.81
299.18	40255.54
299.24	40270.51
299.31	40277.26
299.38	40286.54
299.44	40285.73
299.51	40296.14
299.57	40306.92
299.64	40327.94
299.70	40342.69
299.77	40362.30
299.84	40370.84
299.90	40367.47
299.97	40359.50
300.03	40367.94
300.10	40381.09
300.16	40395.36
300.23	40425.18
300.30	40449.83
300.36	40456.60
300.43	40472.18
300.49	40483.20
300.56	40496.42
300.62	40518.52
300.69	40542.83
300.75	40550.67
300.82	40570.61
300.89	40577.66
300.95	40586.77
301.02	40585.61
301.08	40594.71
301.15	40598.99
301.21	40610.97
301.28	40614.10
301.34	40628.65
301.41	40632.21
301.48	40634.31
301.54	40632.67
301.61	40630.92
301.67	40631.19
301.74	40635.63
301.80	40640.75
301.87	40640.02
301.93	40638.64
302.00	40639.29
302.06	40635.57
302.13	40622.70
302.20	40621.08
302.26	40619.14
302.33	40616.72
302.39	40612.82
302.46	40619.41
302.52	40611.79
302.59	40619.85
302.65	40619.25
302.72	40628.26
302.78	40631.85
302.85	40643.34
302.91	40632.72
302.98	40627.69
303.05	40614.01
303.11	40604.35
303.18	40592.91
303.24	40594.82
303.31	40585.19
303.37	40579.74
303.44	40569.37
303.50	40557.81
303.57	40536.12
303.63	40528.72
303.70	40520.82
303.76	40509.71
303.83	40506.61
303.89	40496.75
303.96	40482.86
304.03	40467.81
304.09	40459.26
304.16	40439.15
304.22	40422.76
304.29	40409.33
304.35	40389.10
304.42	40369.24
304.48	40353.54
304.55	40341.17
304.61	40328.96
304.68	40322.46
304.74	40313.83
304.81	40302.72
304.87	40281.13
304.94	40253.47
305.00	40231.93
305.07	40202.61
305.13	40168.97
305.20	40150.89
305.26	40137.77
305.33	40120.50
305.39	40105.36
305.46	40081.44
305.52	40065.44
305.59	40045.34
305.66	40018.41
305.72	39992.95
305.79	39972.28
305.85	39941.82
305.92	39902.38
305.98	39837.77
306.05	39706.77
306.11	39478.94
306.18	39187.13
306.24	38933.41
306.31	38794.11
306.37	38810.99
306.44	38981.11
306.50	39227.42
306.57	39441.12
306.63	39567.65
306.70	39594.47
306.76	39572.08
306.83	39533.30
306.89	39489.51
306.96	39448.81
307.02	39417.02
307.09	39388.21
307.15	39358.90
307.22	39339.55
307.28	39303.12
307.35	39266.05
307.41	39221.22
307.48	39178.55
307.54	39138.66
307.61	39107.55
307.67	39065.85
307.74	39029.22
307.80	38994.39
307.87	38954.00
307.93	38914.10
308.00	38886.57
308.06	38854.68
308.13	38815.49
308.19	38773.79
308.26	38736.55
308.32	38700.00
308.38	38676.32
308.45	38645.27
308.51	38621.70
308.58	38580.56
308.64	38533.69
308.71	38482.99
308.77	38436.47
308.84	38378.81
308.90	38354.25
308.97	38332.20
309.03	38312.80
309.10	38283.49
309.16	38258.78
309.23	38214.20
309.29	38166.55
309.36	38099.98
309.42	38045.93
309.49	37991.11
309.55	37931.15
309.62	37870.55
309.68	37829.72
309.75	37783.60
309.81	37735.01
309.88	37696.49
309.94	37655.41
310.00	37602.83
310.07	37557.72
310.13	37522.68
310.20	37477.33
310.26	37433.31
310.33	37391.89
310.39	37353.08
310.46	37310.15
310.52	37270.81
310.59	37234.21
310.65	37199.11
310.72	37157.62
310.78	37105.34
310.85	37054.59
310.91	37015.31
310.97	36974.99
311.04	36931.54
311.10	36887.24
311.17	36848.13
311.23	36802.14
311.30	36754.97
311.36	36710.72
311.43	36682.28
311.49	36639.77
311.56	36597.90
311.62	36555.91
311.69	36511.40
311.75	36469.07
311.81	36423.46
311.88	36375.73
311.94	36339.91
312.01	36318.83
312.07	36280.01
312.14	36255.95
312.20	36231.91
312.27	36195.45
312.33	36141.80
312.40	36085.16
312.46	36025.44
312.52	35973.86
312.59	35920.34
312.65	35872.39
312.72	35824.62
312.78	35777.78
312.85	35725.38
312.91	35671.65
312.98	35617.89
313.04	35579.56
313.10	35534.36
313.17	35495.87
313.23	35468.67
313.30	35436.34
313.36	35390.97
313.43	35347.34
313.49	35299.37
313.56	35237.97
313.62	35186.49
313.68	35143.31
313.75	35108.61
313.81	35064.81
313.88	35021.37
313.94	34978.50
314.01	34939.92
314.07	34895.26
314.13	34854.27
314.20	34816.14
314.26	34775.14
314.33	34729.33
314.39	34680.64
314.46	34621.32
314.52	34572.70
314.58	34520.45
314.65	34467.59
314.71	34417.97
314.78	34379.71
314.84	34337.49
314.91	34295.86
314.97	34254.75
315.03	34218.51
315.10	34177.76
315.16	34126.15
315.23	34082.64
315.29	34039.57
315.36	33988.41
315.42	33944.64
315.48	33904.75
315.55	33860.16
315.61	33809.00
315.68	33769.84
315.74	33730.37
315.81	33690.21
315.87	33644.55
315.93	33609.79
316.00	33575.32
316.06	33536.49
316.13	33515.66
316.19	33480.43
316.25	33416.62
316.32	33323.77
316.38	33210.94
316.45	33057.28
316.51	32892.16
316.58	32722.71
316.64	32540.58
316.70	32353.92
316.77	32150.19
316.83	31933.71
316.90	31700.81
316.96	31465.02
317.02	31208.67
317.09	30943.81
317.15	30669.56
317.22	30373.64
317.28	30059.37
317.34	29728.15
317.41	29390.24
317.47	29040.52
317.54	28676.01
317.60	28291.25
317.66	27892.35
317.73	27473.50
317.79	27042.81
317.86	26606.40
317.92	26154.33
317.98	25683.51
318.05	25192.66
318.11	24685.98
318.18	24172.48
318.24	23649.71
318.30	23120.96
318.37	22593.16
318.43	22041.62
318.50	21479.13
318.56	20911.51
318.62	20343.76
318.69	19764.23
318.75	19194.51
318.82	18616.89
318.88	18042.39
318.94	17461.93
319.01	16883.30
319.07	16310.47
319.13	15733.91
319.20	15155.92
319.26	14580.98
319.33	14010.61
319.39	13435.77
319.45	12882.81
319.52	12338.19
319.58	11800.40
319.65	11270.84
319.71	10756.77
319.77	10245.79
319.84	9750.16
319.90	9267.51
319.96	8796.06
320.03	8333.20
320.09	7890.06
320.16	7451.56
320.22	7036.87
320.28	6633.91
320.35	6251.06
320.41	5881.89
320.47	5533.59
320.54	5190.30
320.60	4875.51
320.67	4573.82
320.73	4286.20
320.79	4013.16
320.86	3759.36
320.92	3512.36
320.98	3284.16
321.05	3068.17
321.11	2864.59
321.18	2677.44
321.24	2504.24
321.30	2337.35
321.37	2186.87
321.43	2054.57
321.49	1927.46
321.56	1810.94
321.62	1709.82
321.68	1611.26
321.75	1518.51
321.81	1437.59
321.88	1362.48
321.94	1297.07
322.00	1239.28
322.07	1180.76
322.13	1126.64
322.19	1074.74
322.26	1022.12
322.32	977.35
322.38	940.14
322.45	910.52
322.51	880.26
322.58	856.67
322.64	824.36
322.70	797.88
322.77	764.72
322.83	743.03
322.89	712.68
322.96	688.54
323.02	662.16
323.08	636.47
323.15	608.38
323.21	585.95
323.27	564.51
323.34	541.73
323.40	519.90
323.46	496.94
323.53	468.87
323.59	398.02
323.65	300.92
323.72	189.50
323.78	82.38
323.85	-16.30
323.91	-66.42
323.97	-84.57
324.04	-85.48
