180.21	3420.38
180.28	-124.72
180.36	631.31
180.44	-47.61
180.51	-16.66
180.59	7.34
180.66	35.23
180.74	33.69
180.81	33.88
180.89	36.82
180.97	38.03
181.04	36.25
181.12	36.15
181.19	37.60
181.27	38.86
181.34	56.29
181.42	64.24
181.50	71.42
181.57	82.26
181.65	87.24
181.72	81.12
181.80	76.31
181.87	77.52
181.95	80.27
182.03	83.54
182.10	90.87
182.18	99.27
182.25	112.98
182.33	123.09
182.40	140.40
182.48	147.02
182.55	170.30
182.63	187.10
182.71	203.13
182.78	220.96
182.86	239.82
182.93	235.21
183.01	224.17
183.08	207.32
183.16	193.68
183.23	178.79
183.31	190.31
183.39	208.83
183.46	243.14
183.54	270.13
183.61	315.02
183.69	353.54
183.76	406.24
183.84	450.59
183.91	499.02
183.99	557.72
184.06	601.93
184.14	649.87
184.22	705.96
184.29	737.71
184.37	745.70
184.44	752.56
184.52	703.64
184.59	606.30
184.67	522.91
184.74	446.41
184.82	399.77
184.89	408.92
184.97	479.10
185.04	571.55
185.12	666.62
185.20	767.77
185.27	864.86
185.35	966.14
185.42	1034.23
185.50	1108.17
185.57	1167.72
185.65	1214.04
185.72	1265.40
185.80	1350.08
185.87	1414.99
185.95	1503.88
186.02	1617.85
186.10	1668.63
186.17	1666.84
186.25	1594.63
186.33	1392.10
186.40	1164.36
186.48	1009.24
186.55	928.31
186.63	953.27
186.70	1111.07
186.78	1288.08
186.85	1441.06
186.93	1571.38
187.00	1689.92
187.08	1809.92
187.15	1929.10
187.23	2066.32
187.30	2195.59
187.38	2312.89
187.45	2444.08
187.53	2569.76
187.60	2651.03
187.68	2768.33
187.75	2894.36
187.83	2957.08
187.90	3027.87
187.98	3109.29
188.05	3073.74
188.13	2873.03
188.21	2579.92
188.28	2288.51
188.36	2026.18
188.43	1880.92
188.51	1944.62
188.58	2159.11
188.66	2370.75
188.73	2583.03
188.81	2789.91
188.88	2955.90
188.96	3114.22
189.03	3258.61
189.11	3408.91
189.18	3535.58
189.26	3646.50
189.33	3765.38
189.41	3888.07
189.48	3969.37
189.56	4076.16
189.63	4192.82
189.71	4247.12
189.78	4313.20
189.86	4396.34
189.93	4424.78
190.01	4399.82
190.08	4315.21
190.16	4059.28
190.23	3676.00
190.31	3349.66
190.38	3126.81
190.46	3037.73
190.53	3141.33
190.61	3397.89
190.68	3638.79
190.76	3860.97
190.83	4047.62
190.91	4215.71
190.98	4376.80
191.06	4526.07
191.13	4671.51
191.21	4798.80
191.28	4914.27
191.35	5032.15
191.43	5136.71
191.50	5207.32
191.58	5299.89
191.65	5377.54
191.73	5410.44
191.80	5453.31
191.88	5476.08
191.95	5464.63
192.03	5467.30
192.10	5487.17
192.18	5483.88
192.25	5443.32
192.33	5297.15
192.40	5051.81
192.48	4810.65
192.55	4631.90
192.63	4546.42
192.70	4622.64
192.78	4822.11
192.85	5045.95
192.93	5249.52
193.00	5424.47
193.08	5570.34
193.15	5707.93
193.22	5809.21
193.30	5894.09
193.37	5979.44
193.45	6032.09
193.52	6083.74
193.60	6146.63
193.67	6197.68
193.75	6245.56
193.82	6303.75
193.90	6333.58
193.97	6364.96
194.05	6402.21
194.12	6429.73
194.20	6473.02
194.27	6529.83
194.34	6570.88
194.42	6602.82
194.49	6634.99
194.57	6640.31
194.64	6580.02
194.72	6475.49
194.79	6367.42
194.87	6269.63
194.94	6198.22
195.02	6199.06
195.09	6263.43
195.17	6357.22
195.24	6458.07
195.31	6567.15
195.39	6672.37
195.46	6774.58
195.54	6865.95
195.61	6946.61
195.69	7007.25
195.76	7057.00
195.84	7105.76
195.91	7134.97
195.99	7146.40
196.06	7157.14
196.13	7169.00
196.21	7167.57
196.28	7168.87
196.36	7175.12
196.43	7163.05
196.51	7144.34
196.58	7130.58
196.66	7126.93
196.73	7142.91
196.80	7189.59
196.88	7248.15
196.95	7318.47
197.03	7385.63
197.10	7424.68
197.18	7444.24
197.25	7455.47
197.33	7459.86
197.40	7468.38
197.47	7484.34
197.55	7511.47
197.62	7538.63
197.70	7565.58
197.77	7588.37
197.85	7612.25
197.92	7618.57
197.99	7606.24
198.07	7566.09
198.14	7516.67
198.22	7487.37
198.29	7496.74
198.37	7550.21
198.44	7644.96
198.51	7752.37
198.59	7847.97
198.66	7932.60
198.74	7992.87
198.81	8035.96
198.89	8068.61
198.96	8100.67
199.03	8111.55
199.11	8126.18
199.18	8133.52
199.26	8141.42
199.33	8151.15
199.41	8163.36
199.48	8149.97
199.55	8115.27
199.63	8059.58
199.70	8012.37
199.78	7974.63
199.85	7985.31
199.93	8049.18
200.00	8161.96
200.07	8270.95
200.15	8387.64
200.22	8479.83
200.30	8548.10
200.37	8597.86
200.44	8636.49
200.52	8665.29
200.59	8696.75
200.67	8719.30
200.74	8729.42
200.81	8733.97
200.89	8733.28
200.96	8740.70
201.04	8739.97
201.11	8731.82
201.19	8707.84
201.26	8685.25
201.33	8661.01
201.41	8670.91
201.48	8715.61
201.56	8804.40
201.63	8918.63
201.70	9026.69
201.78	9122.85
201.85	9208.32
201.93	9272.72
202.00	9317.25
202.07	9359.05
202.15	9389.45
202.22	9413.28
202.30	9442.99
202.37	9468.80
202.44	9493.49
202.52	9520.28
202.59	9539.45
202.67	9554.29
202.74	9575.57
202.81	9582.92
202.89	9571.37
202.96	9574.65
203.04	9601.86
203.11	9643.74
203.18	9726.82
203.26	9841.47
203.33	9950.20
203.41	10038.15
203.48	10114.66
203.55	10152.10
203.63	10186.85
203.70	10224.40
203.77	10268.57
203.85	10307.29
203.92	10359.78
204.00	10418.32
204.07	10475.93
204.14	10527.89
204.22	10575.53
204.29	10622.35
204.37	10654.65
204.44	10681.31
204.51	10711.17
204.59	10742.80
204.66	10774.48
204.73	10824.06
204.81	10890.19
204.88	10969.69
204.96	11055.59
205.03	11141.64
205.10	11216.87
205.18	11283.76
205.25	11335.71
205.32	11392.14
205.40	11449.10
205.47	11509.89
205.55	11569.75
205.62	11632.39
205.69	11696.51
205.77	11767.18
205.84	11843.07
205.91	11919.17
205.99	11992.12
206.06	12055.70
206.14	12115.81
206.21	12179.07
206.28	12225.47
206.36	12283.73
206.43	12341.04
206.50	12410.79
206.58	12475.29
206.65	12561.20
206.72	12639.00
206.80	12719.57
206.87	12789.75
206.95	12860.96
207.02	12935.01
207.09	13019.08
207.17	13107.08
207.24	13200.04
207.31	13294.28
207.39	13384.57
207.46	13471.45
207.53	13556.32
207.61	13640.82
207.68	13720.26
207.75	13807.53
207.83	13891.30
207.90	13969.32
207.98	14041.48
208.05	14117.82
208.12	14187.64
208.20	14264.48
208.27	14349.70
208.34	14436.30
208.42	14514.81
208.49	14595.61
208.56	14671.48
208.64	14760.34
208.71	14852.95
208.78	14950.13
208.86	15058.26
208.93	15171.13
209.00	15275.80
209.08	15380.35
209.15	15491.56
209.22	15595.68
209.30	15697.31
209.37	15800.03
209.44	15903.63
209.52	16007.41
209.59	16102.24
209.67	16200.82
209.74	16297.39
209.81	16400.92
209.89	16494.76
209.96	16595.74
210.03	16687.39
210.11	16781.48
210.18	16861.66
210.25	16953.12
210.33	17044.69
210.40	17145.19
210.47	17252.44
210.55	17379.62
210.62	17505.36
210.69	17628.00
210.77	17754.31
210.84	17875.24
210.91	18000.15
210.99	18116.24
211.06	18239.90
211.13	18363.61
211.21	18491.25
211.28	18599.15
211.35	18720.30
211.42	18846.88
211.50	18966.42
211.57	19083.73
211.64	19205.58
211.72	19309.37
211.79	19401.89
211.86	19497.39
211.94	19598.48
212.01	19708.43
212.08	19835.69
212.16	19960.66
212.23	20093.78
212.30	20231.61
212.38	20363.54
212.45	20496.45
212.52	20637.41
212.60	20769.28
212.67	20899.68
212.74	21034.34
212.82	21164.19
212.89	21295.81
212.96	21428.39
213.03	21555.06
213.11	21690.43
213.18	21817.42
213.25	21944.60
213.33	22069.80
213.40	22190.75
213.47	22302.51
213.55	22424.20
213.62	22543.43
213.69	22666.51
213.77	22795.34
213.84	22932.65
213.91	23083.43
213.98	23229.52
214.06	23383.48
214.13	23536.90
214.20	23682.21
214.28	23824.17
214.35	23967.71
214.42	24107.09
214.50	24242.90
214.57	24380.89
214.64	24514.82
214.72	24653.67
214.79	24788.96
214.86	24934.32
214.93	25074.71
215.01	25224.38
215.08	25357.66
215.15	25490.42
215.23	25608.85
215.30	25734.70
215.37	25852.73
215.44	25993.68
215.52	26141.99
215.59	26301.88
215.66	26451.56
215.74	26596.24
215.81	26738.13
215.88	26880.75
215.95	27009.50
216.03	27151.50
216.10	27298.23
216.17	27445.54
216.25	27592.51
216.32	27750.92
216.39	27904.60
216.46	28055.86
216.54	28196.49
216.61	28344.15
216.68	28479.53
216.76	28616.44
216.83	28752.17
216.90	28888.29
216.97	29019.22
217.05	29161.23
217.12	29293.53
217.19	29426.71
217.27	29567.25
217.34	29703.70
217.41	29834.86
217.48	29978.08
217.56	30130.72
217.63	30288.82
217.70	30435.42
217.78	30585.49
217.85	30734.53
217.92	30882.09
217.99	31022.20
218.07	31166.22
218.14	31305.10
218.21	31448.19
218.28	31584.01
218.36	31724.30
218.43	31872.31
218.50	32027.46
218.57	32173.13
218.65	32310.55
218.72	32437.90
218.79	32559.77
218.87	32680.97
218.94	32798.80
219.01	32928.46
219.08	33057.59
219.16	33202.26
219.23	33351.09
219.30	33505.77
219.37	33653.91
219.45	33800.29
219.52	33944.13
219.59	34070.90
219.66	34192.95
219.74	34326.91
219.81	34471.93
219.88	34601.12
219.95	34745.68
220.03	34896.94
220.10	35031.27
220.17	35161.30
220.24	35301.43
220.32	35428.88
220.39	35546.76
220.46	35665.90
220.53	35784.64
220.61	35891.08
220.68	36003.62
220.75	36124.52
220.82	36253.12
220.90	36379.04
220.97	36508.96
221.04	36634.49
221.11	36753.93
221.19	36871.06
221.26	36988.38
221.33	37111.00
221.40	37245.57
221.48	37375.78
221.55	37503.09
221.62	37619.47
221.69	37736.06
221.77	37851.37
221.84	37973.97
221.91	38092.37
221.98	38224.33
222.06	38351.74
222.13	38472.60
222.20	38580.28
222.27	38692.24
222.35	38802.22
222.42	38914.92
222.49	39022.31
222.56	39141.75
222.63	39247.20
222.71	39356.34
222.78	39461.55
222.85	39564.43
222.92	39673.23
223.00	39786.24
223.07	39893.25
223.14	39993.84
223.21	40101.78
223.29	40193.98
223.36	40298.71
223.43	40404.90
223.50	40516.84
223.57	40625.76
223.65	40753.58
223.72	40866.84
223.79	40982.09
223.86	41085.75
223.94	41185.21
224.01	41266.06
224.08	41355.24
224.15	41434.37
224.22	41523.57
224.30	41610.59
224.37	41700.75
224.44	41795.43
224.51	41886.71
224.59	41966.27
224.66	42049.15
224.73	42135.38
224.80	42215.37
224.87	42305.27
224.95	42413.14
225.02	42522.00
225.09	42630.16
225.16	42734.81
225.23	42837.16
225.31	42927.50
225.38	43011.81
225.45	43093.21
225.52	43176.41
225.60	43259.05
225.67	43347.05
225.74	43427.95
225.81	43505.09
225.88	43582.77
225.96	43659.86
226.03	43729.90
226.10	43811.67
226.17	43893.54
226.24	43972.98
226.32	44050.38
226.39	44140.83
226.46	44212.80
226.53	44291.72
226.60	44375.79
226.68	44467.96
226.75	44548.28
226.82	44646.28
226.89	44731.93
226.96	44809.89
227.04	44870.80
227.11	44927.02
227.18	44981.43
227.25	45034.60
227.32	45087.38
227.40	45157.52
227.47	45228.17
227.54	45303.57
227.61	45381.47
227.68	45460.74
227.76	45533.39
227.83	45610.57
227.90	45676.64
227.97	45739.75
228.04	45803.99
228.11	45859.54
228.19	45906.25
228.26	45969.22
228.33	46029.75
228.40	46079.70
228.47	46136.12
228.55	46195.82
228.62	46248.50
228.69	46312.38
228.76	46376.40
228.83	46434.09
228.90	46498.49
228.98	46566.73
229.05	46625.02
229.12	46702.53
229.19	46776.78
229.26	46840.31
229.34	46891.09
229.41	46942.86
229.48	46986.17
229.55	47031.14
229.62	47091.57
229.69	47153.01
229.77	47215.07
229.84	47269.54
229.91	47323.74
229.98	47362.79
230.05	47403.58
230.12	47444.08
230.20	47490.77
230.27	47540.05
230.34	47598.32
230.41	47662.55
230.48	47721.28
230.55	47781.58
230.63	47843.94
230.70	47912.05
230.77	47962.99
230.84	48011.23
230.91	48047.94
230.98	48083.79
231.06	48109.74
231.13	48162.15
231.20	48222.32
231.27	48281.12
231.34	48343.01
231.41	48403.75
231.49	48448.03
231.56	48499.64
231.63	48554.25
231.70	48597.97
231.77	48641.91
231.84	48674.03
231.92	48693.77
231.99	48723.10
232.06	48756.15
232.13	48794.33
232.20	48850.14
232.27	48901.56
232.34	48945.13
232.42	48981.40
232.49	49004.60
232.56	49028.48
232.63	49067.40
232.70	49100.87
232.77	49153.02
232.85	49209.12
232.92	49257.46
232.99	49293.09
233.06	49332.05
233.13	49357.55
233.20	49375.67
233.27	49385.49
233.35	49396.58
233.42	49403.02
233.49	49414.54
233.56	49438.02
233.63	49469.83
233.70	49503.95
233.77	49549.25
233.85	49586.80
233.92	49638.02
233.99	49676.36
234.06	49713.51
234.13	49739.59
234.20	49774.32
234.27	49786.41
234.35	49802.88
234.42	49816.50
234.49	49836.77
234.56	49847.76
234.63	49862.68
234.70	49878.48
234.77	49897.79
234.84	49910.58
234.92	49919.55
234.99	49930.05
235.06	49939.10
235.13	49944.02
235.20	49960.61
235.27	49984.00
235.34	49994.82
235.41	50020.80
235.49	50041.31
235.56	50055.92
235.63	50066.29
235.70	50084.75
235.77	50082.69
235.84	50092.25
235.91	50086.60
235.98	50080.53
236.06	50069.08
236.13	50063.56
236.20	50048.23
236.27	50029.66
236.34	50018.50
236.41	50008.91
236.48	50001.15
236.55	49999.50
236.63	50003.10
236.70	49997.25
236.77	49999.77
236.84	50010.30
236.91	50019.14
236.98	50021.81
237.05	50033.37
237.12	50034.51
237.19	50026.81
237.27	50026.19
237.34	50030.93
237.41	50029.91
237.48	50022.58
237.55	50011.90
237.62	49996.58
237.69	49995.35
237.76	49990.43
237.83	50000.56
237.91	50006.09
237.98	50014.21
238.05	50006.60
238.12	50000.97
238.19	49993.99
238.26	50004.66
238.33	49999.11
238.40	49990.32
238.47	49976.11
238.54	49961.43
238.62	49945.07
238.69	49930.25
238.76	49927.40
238.83	49930.02
238.90	49930.54
238.97	49913.39
239.04	49909.70
239.11	49912.88
239.18	49909.06
239.25	49901.76
239.33	49888.83
239.40	49872.24
239.47	49839.70
239.54	49807.36
239.61	49775.63
239.68	49749.32
239.75	49725.42
239.82	49705.73
239.89	49697.72
239.96	49698.51
240.03	49701.87
240.11	49707.61
240.18	49706.20
240.25	49702.02
240.32	49687.16
240.39	49676.25
240.46	49661.27
240.53	49664.22
240.60	49663.17
240.67	49655.66
240.74	49649.37
240.81	49647.28
240.88	49636.91
240.96	49621.30
241.03	49622.10
241.10	49620.83
241.17	49613.72
241.24	49601.93
241.31	49607.20
241.38	49599.14
241.45	49596.08
241.52	49583.15
241.59	49576.36
241.66	49558.33
241.73	49542.55
241.80	49525.77
241.88	49511.05
241.95	49492.96
242.02	49471.56
242.09	49447.27
242.16	49419.95
242.23	49409.76
242.30	49396.60
242.37	49385.00
242.44	49392.16
242.51	49389.86
242.58	49385.29
242.65	49390.27
242.72	49395.97
242.79	49373.88
242.87	49368.57
242.94	49351.20
243.01	49335.94
243.08	49329.08
243.15	49338.32
243.22	49334.18
243.29	49350.83
243.36	49352.44
243.43	49357.20
243.50	49370.29
243.57	49392.85
243.64	49396.29
243.71	49406.76
243.78	49404.95
243.85	49390.42
243.92	49376.65
243.99	49369.28
244.07	49358.09
244.14	49343.14
244.21	49336.57
244.28	49324.53
244.35	49301.67
244.42	49287.44
244.49	49285.58
244.56	49284.24
244.63	49288.92
244.70	49298.88
244.77	49308.83
244.84	49313.64
244.91	49316.95
244.98	49325.12
245.05	49333.84
245.12	49344.88
245.19	49360.61
245.26	49373.64
245.33	49384.47
245.40	49408.57
245.47	49439.77
245.55	49461.35
245.62	49473.99
245.69	49475.80
245.76	49476.92
245.83	49459.56
245.90	49449.31
245.97	49450.32
246.04	49467.42
246.11	49469.59
246.18	49481.58
246.25	49486.18
246.32	49484.82
246.39	49470.01
246.46	49470.77
246.53	49479.89
246.60	49489.04
246.67	49508.89
246.74	49527.27
246.81	49546.51
246.88	49554.36
246.95	49575.69
247.02	49592.04
247.09	49617.47
247.16	49618.18
247.23	49618.03
247.30	49603.55
247.37	49588.70
247.44	49588.76
247.51	49601.15
247.58	49625.87
247.66	49663.15
247.73	49705.28
247.80	49727.14
247.87	49750.18
247.94	49773.39
248.01	49798.33
248.08	49812.90
248.15	49828.37
248.22	49855.31
248.29	49870.25
248.36	49888.15
248.43	49913.80
248.50	49939.23
248.57	49952.76
248.64	49962.73
248.71	49965.68
248.78	49976.03
248.85	49983.19
248.92	50001.62
248.99	50022.52
249.06	50041.11
249.13	50046.32
249.20	50058.93
249.27	50063.77
249.34	50072.05
249.41	50073.73
249.48	50070.21
249.55	50061.62
249.62	50062.70
249.69	50070.35
249.76	50100.21
249.83	50138.78
249.90	50178.03
249.97	50211.96
250.04	50250.08
250.11	50275.78
250.18	50301.10
250.25	50323.41
250.32	50338.85
250.39	50351.52
250.46	50363.91
250.53	50379.49
250.60	50396.82
250.67	50424.32
250.74	50444.27
250.81	50447.94
250.88	50454.48
250.95	50463.70
251.02	50473.19
251.09	50483.00
251.16	50514.10
251.23	50536.97
251.30	50554.74
251.37	50564.50
251.44	50572.87
251.51	50587.00
251.58	50602.31
251.65	50614.62
251.72	50623.68
251.79	50636.26
251.86	50639.25
251.93	50639.80
252.00	50647.50
252.07	50658.72
252.14	50669.23
252.21	50669.29
252.28	50679.81
252.35	50685.87
252.42	50706.14
252.49	50715.97
252.56	50728.99
252.63	50731.49
252.70	50737.58
252.77	50733.38
252.84	50739.58
252.91	50746.34
252.98	50762.98
253.05	50778.14
253.12	50782.01
253.19	50784.11
253.25	50799.82
253.32	50806.31
253.39	50828.77
253.46	50852.26
253.53	50877.42
253.60	50891.47
253.67	50899.86
253.74	50905.30
253.81	50915.95
253.88	50917.99
253.95	50924.67
254.02	50935.67
254.09	50942.29
254.16	50946.30
254.23	50952.81
254.30	50961.67
254.37	50968.24
254.44	50976.17
254.51	50985.17
254.58	50992.87
254.65	50994.37
254.72	50997.72
254.79	50989.61
254.86	50987.21
254.93	50977.65
255.00	50977.04
255.07	50975.35
255.14	50985.28
255.21	50979.94
255.28	50980.58
255.34	50961.11
255.41	50949.86
255.48	50937.12
255.55	50928.54
255.62	50928.70
255.69	50939.80
255.76	50945.54
255.83	50944.24
255.90	50948.82
255.97	50961.02
256.04	50952.55
256.11	50955.73
256.18	50953.34
256.25	50951.52
256.32	50939.50
256.39	50948.78
256.46	50946.72
256.53	50943.65
256.60	50936.56
256.67	50928.56
256.74	50917.07
256.80	50915.26
256.87	50924.13
256.94	50928.02
257.01	50923.77
257.08	50925.31
257.15	50906.86
257.22	50886.91
257.29	50858.52
257.36	50839.62
257.43	50816.66
257.50	50803.33
257.57	50783.97
257.64	50784.56
257.71	50767.94
257.78	50745.65
257.85	50722.11
257.92	50705.73
257.98	50685.21
258.05	50681.10
258.12	50665.53
258.19	50651.16
258.26	50632.68
258.33	50613.57
258.40	50601.46
258.47	50601.62
258.54	50608.19
258.61	50605.77
258.68	50607.01
258.75	50593.78
258.82	50572.77
258.89	50547.68
258.95	50534.96
259.02	50522.09
259.09	50503.52
259.16	50487.49
259.23	50455.56
259.30	50422.91
259.37	50386.83
259.44	50362.55
259.51	50348.45
259.58	50348.66
259.65	50333.66
259.72	50314.77
259.79	50285.10
259.85	50251.65
259.92	50212.40
259.99	50187.11
260.06	50160.13
260.13	50137.28
260.20	50110.34
260.27	50076.22
260.34	50042.60
260.41	50014.05
260.48	49983.43
260.55	49964.99
260.62	49953.87
260.68	49926.32
260.75	49896.37
260.82	49872.87
260.89	49840.97
260.96	49814.77
261.03	49800.20
261.10	49779.75
261.17	49759.05
261.24	49728.97
261.31	49697.70
261.38	49663.13
261.44	49631.56
261.51	49587.05
261.58	49545.96
261.65	49505.76
261.72	49462.07
261.79	49413.88
261.86	49382.32
261.93	49363.21
262.00	49333.70
262.07	49306.63
262.13	49282.37
262.20	49251.74
262.27	49203.26
262.34	49171.95
262.41	49137.26
262.48	49102.16
262.55	49066.50
262.62	49037.15
262.69	48990.57
262.76	48948.19
262.82	48917.13
262.89	48893.25
262.96	48867.47
263.03	48841.43
263.10	48817.79
263.17	48778.49
263.24	48733.94
263.31	48693.53
263.38	48656.18
263.44	48621.80
263.51	48582.20
263.58	48538.68
263.65	48497.64
263.72	48454.65
263.79	48405.57
263.86	48364.64
263.93	48326.48
264.00	48283.62
264.06	48250.78
264.13	48211.32
264.20	48178.10
264.27	48137.72
264.34	48101.77
264.41	48057.54
264.48	48018.31
264.55	47971.81
264.61	47925.83
264.68	47876.93
264.75	47832.11
264.82	47780.19
264.89	47735.51
264.96	47697.23
265.03	47656.39
265.10	47621.10
265.16	47590.11
265.23	47561.92
265.30	47541.76
265.37	47513.42
265.44	47467.66
265.51	47427.17
265.58	47373.53
265.65	47308.91
265.71	47253.40
265.78	47211.65
265.85	47165.40
265.92	47127.59
265.99	47087.32
266.06	47056.20
266.13	47016.59
266.20	46981.43
266.26	46938.26
266.33	46903.76
266.40	46854.95
266.47	46797.67
266.54	46734.33
266.61	46679.12
266.68	46618.38
266.74	46560.32
266.81	46518.55
266.88	46471.63
266.95	46420.18
267.02	46374.97
267.09	46335.18
267.16	46290.82
267.22	46252.11
267.29	46222.67
267.36	46186.21
267.43	46146.44
267.50	46111.42
267.57	46080.17
267.64	46044.76
267.70	46007.74
267.77	45970.66
267.84	45931.89
267.91	45886.68
267.98	45834.86
268.05	45786.36
268.11	45738.12
268.18	45680.42
268.25	45631.81
268.32	45581.88
268.39	45540.91
268.46	45498.33
268.53	45459.83
268.59	45419.34
268.66	45392.41
268.73	45352.02
268.80	45315.02
268.87	45270.97
268.94	45231.43
269.00	45184.55
269.07	45139.43
269.14	45103.46
269.21	45074.96
269.28	45039.40
269.35	45002.61
269.41	44967.47
269.48	44922.37
269.55	44870.72
269.62	44822.61
269.69	44785.88
269.76	44738.87
269.82	44694.83
269.89	44665.54
269.96	44638.97
270.03	44598.63
270.10	44571.55
270.17	44536.26
270.23	44500.44
270.30	44453.08
270.37	44420.48
270.44	44390.37
270.51	44358.63
270.58	44323.47
270.64	44305.55
270.71	44271.17
270.78	44234.68
270.85	44199.97
270.92	44170.48
270.99	44131.99
271.05	44096.68
271.12	44058.34
271.19	44024.04
271.26	43972.02
271.33	43923.62
271.39	43884.47
271.46	43837.79
271.53	43800.51
271.60	43787.16
271.67	43765.66
271.74	43736.47
271.80	43712.44
271.87	43691.77
271.94	43654.81
272.01	43617.91
272.08	43583.37
272.14	43548.89
272.21	43513.38
272.28	43489.72
272.35	43472.38
272.42	43452.59
272.48	43443.49
272.55	43423.33
272.62	43395.70
272.69	43373.41
272.76	43366.08
272.83	43340.32
272.89	43313.43
272.96	43283.33
273.03	43251.06
273.10	43208.09
273.17	43177.69
273.23	43145.53
273.30	43125.95
273.37	43105.61
273.44	43081.25
273.51	43055.67
273.57	43043.55
273.64	43020.23
273.71	42993.54
273.78	42967.03
273.85	42948.97
273.91	42923.16
273.98	42906.27
274.05	42889.71
274.12	42878.87
274.19	42858.64
274.25	42840.30
274.32	42817.38
274.39	42784.37
274.46	42749.63
274.53	42711.25
274.59	42661.07
274.66	42624.00
274.73	42601.97
274.80	42570.17
274.86	42545.74
274.93	42529.77
275.00	42496.48
275.07	42450.12
275.14	42414.11
275.20	42382.39
275.27	42352.55
275.34	42321.52
275.41	42311.67
275.48	42306.92
275.54	42288.17
275.61	42274.52
275.68	42263.86
275.75	42241.82
275.81	42207.68
275.88	42184.01
275.95	42156.89
276.02	42125.82
276.09	42098.54
276.15	42073.05
276.22	42050.69
276.29	42033.18
276.36	42007.30
276.42	41980.36
276.49	41956.72
276.56	41927.91
276.63	41891.91
276.70	41877.57
276.76	41864.99
276.83	41853.76
276.90	41838.22
276.97	41821.27
277.03	41800.38
277.10	41775.35
277.17	41750.22
277.24	41735.49
277.30	41723.99
277.37	41711.31
277.44	41693.41
277.51	41678.44
277.58	41650.62
277.64	41625.33
277.71	41599.23
277.78	41582.01
277.85	41550.57
277.91	41524.23
277.98	41501.77
278.05	41469.71
278.12	41445.65
278.18	41423.68
278.25	41404.55
278.32	41384.10
278.39	41374.43
278.45	41352.71
278.52	41341.61
278.59	41333.42
278.66	41315.86
278.72	41298.11
278.79	41279.23
278.86	41256.61
278.93	41242.38
278.99	41228.62
279.06	41207.57
279.13	41184.83
279.20	41166.16
279.26	41136.61
279.33	41114.39
279.40	41095.03
279.47	41080.00
279.53	41056.76
279.60	41027.65
279.67	40999.97
279.74	40967.49
279.80	40938.11
279.87	40920.83
279.94	40910.36
280.01	40898.52
280.07	40891.16
280.14	40874.16
280.21	40848.35
280.28	40823.30
280.34	40789.68
280.41	40763.57
280.48	40738.67
280.55	40715.23
280.61	40692.47
280.68	40675.09
280.75	40647.17
280.82	40616.66
280.88	40584.32
280.95	40530.28
281.02	40465.58
281.08	40388.63
281.15	40321.28
281.22	40252.12
281.29	40198.62
281.35	40147.14
281.42	40113.54
281.49	40077.13
281.56	40049.82
281.62	40026.23
281.69	39999.43
281.76	39976.42
281.82	39949.14
281.89	39916.03
281.96	39886.09
282.03	39864.42
282.09	39835.82
282.16	39811.37
282.23	39788.79
282.30	39760.27
282.36	39740.09
282.43	39721.41
282.50	39711.29
282.56	39687.83
282.63	39669.88
282.70	39650.87
282.77	39638.59
282.83	39611.11
282.90	39596.22
282.97	39572.87
283.03	39545.28
283.10	39511.96
283.17	39493.45
283.24	39472.29
283.30	39449.06
283.37	39425.77
283.44	39404.12
283.50	39371.48
283.57	39344.59
283.64	39319.11
283.71	39295.65
283.77	39260.48
283.84	39231.19
283.91	39189.26
283.97	39158.28
284.04	39144.51
284.11	39142.51
284.18	39141.70
284.24	39158.00
284.31	39173.77
284.38	39169.88
284.44	39159.37
284.51	39149.69
284.58	39134.91
284.64	39118.72
284.71	39111.17
284.78	39103.71
284.85	39093.64
284.91	39080.26
284.98	39067.19
285.05	39038.19
285.11	39014.45
285.18	38990.10
285.25	38972.06
285.31	38965.01
285.38	38961.92
285.45	38964.87
285.52	38971.18
285.58	38969.27
285.65	38948.73
285.72	38927.56
285.78	38903.60
285.85	38884.68
285.92	38868.52
285.98	38856.51
286.05	38853.64
286.12	38846.57
286.18	38834.19
286.25	38823.23
286.32	38813.04
286.39	38806.82
286.45	38805.11
286.52	38798.12
286.59	38791.04
286.65	38792.12
286.72	38793.43
286.79	38781.34
286.85	38769.26
286.92	38762.62
286.99	38743.89
287.05	38715.04
287.12	38706.17
287.19	38699.64
287.25	38692.73
287.32	38692.80
287.39	38699.61
287.45	38696.47
287.52	38696.72
287.59	38700.00
287.65	38696.56
287.72	38687.84
287.79	38680.22
287.86	38675.39
287.92	38658.42
287.99	38650.23
288.06	38649.45
288.12	38645.45
288.19	38637.88
288.26	38624.69
288.32	38614.33
288.39	38602.57
288.46	38600.12
288.52	38599.99
288.59	38608.09
288.66	38614.04
288.72	38615.39
288.79	38617.15
288.86	38618.23
288.92	38618.41
288.99	38610.57
289.06	38602.57
289.12	38594.93
289.19	38591.21
289.26	38590.11
289.32	38598.58
289.39	38608.55
289.45	38614.77
289.52	38604.05
289.59	38605.67
289.65	38606.82
289.72	38611.52
289.79	38628.56
289.85	38653.50
289.92	38658.94
289.99	38667.09
290.05	38672.75
290.12	38657.83
290.19	38646.85
290.25	38639.94
290.32	38638.49
290.39	38635.62
290.45	38641.07
290.52	38647.81
290.59	38664.93
290.65	38661.67
290.72	38655.98
290.79	38652.84
290.85	38659.36
290.92	38670.74
290.98	38684.62
291.05	38706.33
291.12	38718.91
291.18	38724.37
291.25	38723.69
291.32	38720.62
291.38	38718.93
291.45	38720.40
291.52	38720.39
291.58	38717.50
291.65	38729.71
291.72	38742.91
291.78	38763.76
291.85	38780.91
291.91	38800.43
291.98	38824.62
292.05	38828.01
292.11	38835.62
292.18	38846.70
292.25	38850.73
292.31	38839.39
292.38	38848.07
292.45	38851.14
292.51	38855.96
292.58	38861.87
292.64	38877.20
292.71	38882.67
292.78	38891.75
292.84	38891.28
292.91	38898.66
292.98	38903.32
293.04	38907.80
293.11	38910.83
293.17	38920.97
293.24	38939.65
293.31	38958.50
293.37	38983.16
293.44	38998.63
293.51	39019.32
293.57	39021.99
293.64	39023.42
293.70	39029.34
293.77	39047.17
293.84	39051.54
293.90	39062.32
293.97	39077.28
294.04	39091.61
294.10	39093.46
294.17	39108.78
294.23	39123.90
294.30	39134.00
294.37	39146.37
294.43	39165.78
294.50	39176.73
294.56	39194.98
294.63	39210.19
294.70	39215.99
294.76	39226.27
294.83	39239.68
294.90	39246.95
294.96	39261.19
295.03	39279.03
295.09	39296.01
295.16	39312.37
295.23	39324.69
295.29	39339.07
295.36	39349.73
295.42	39353.62
295.49	39366.22
295.56	39388.68
295.62	39406.99
295.69	39418.65
295.75	39442.12
295.82	39463.15
295.89	39464.37
295.95	39466.71
296.02	39481.81
296.08	39488.24
296.15	39485.73
296.22	39506.99
296.28	39527.37
296.35	39547.21
296.41	39562.72
296.48	39581.50
296.55	39605.91
296.61	39620.37
296.68	39641.06
296.74	39669.47
296.81	39698.80
296.88	39711.47
296.94	39734.13
297.01	39747.96
297.07	39760.59
297.14	39775.53
297.20	39793.70
297.27	39809.40
297.34	39831.91
297.40	39848.42
297.47	39862.60
297.53	39874.38
297.60	39888.49
297.67	39900.35
297.73	39921.00
297.80	39933.42
297.86	39944.59
297.93	39959.08
298.00	39973.36
298.06	39981.74
298.13	40004.93
298.19	40020.04
298.26	40039.01
298.32	40059.62
298.39	40074.92
298.46	40082.29
298.52	40100.05
298.59	40107.09
298.65	40116.85
298.72	40137.13
298.78	40155.20
298.85	40173.14
298.92	40193.68
298.98	40213.50
299.05	40221.17
299.11	40237.63
299.18	40250.52
299.24	40267.06
299.31	40268.99
299.38	40284.03
299.44	40287.94
299.51	40302.27
299.57	40314.32
299.64	40336.13
299.70	40352.34
299.77	40373.85
299.84	40384.12
299.90	40386.21
299.97	40382.53
300.03	40388.65
300.10	40397.30
300.16	40411.75
300.23	40429.61
300.30	40455.41
300.36	40466.98
300.43	40482.77
300.49	40500.09
300.56	40520.24
300.62	40543.07
300.69	40561.68
300.75	40575.78
300.82	40584.85
300.89	40593.86
300.95	40598.97
301.02	40603.20
301.08	40612.00
301.15	40617.96
301.21	40622.35
301.28	40625.35
301.34	40637.71
301.41	40635.77
301.48	40636.39
301.54	40636.22
301.61	40633.87
301.67	40629.39
301.74	40643.09
301.80	40650.79
301.87	40650.45
301.93	40648.97
302.00	40652.55
302.06	40639.42
302.13	40627.33
302.20	40630.20
302.26	40629.92
302.33	40622.42
302.39	40614.77
302.46	40618.11
302.52	40610.99
302.59	40616.30
302.65	40626.52
302.72	40637.25
302.78	40637.94
302.85	40645.27
302.91	40641.62
302.98	40631.67
303.05	40620.03
303.11	40616.93
303.18	40607.26
303.24	40602.91
303.31	40595.48
303.37	40594.77
303.44	40589.07
303.50	40574.68
303.57	40561.69
303.63	40556.92
303.70	40548.87
303.76	40526.46
303.83	40521.06
303.89	40512.78
303.96	40495.27
304.03	40480.99
304.09	40478.32
304.16	40457.00
304.22	40430.30
304.29	40411.51
304.35	40385.15
304.42	40370.48
304.48	40361.56
304.55	40355.00
304.61	40343.08
304.68	40340.82
304.74	40325.75
304.81	40316.11
304.87	40294.63
304.94	40273.29
305.00	40243.55
305.07	40211.85
305.13	40176.32
305.20	40149.90
305.26	40134.10
305.33	40121.26
305.39	40106.95
305.46	40084.17
305.52	40066.23
305.59	40046.31
305.66	40018.06
305.72	39989.35
305.79	39968.87
305.85	39940.34
305.92	39901.52
305.98	39850.52
306.05	39728.17
306.11	39505.51
306.18	39215.93
306.24	38959.97
306.31	38812.74
306.37	38823.36
306.44	38990.02
306.50	39234.93
306.57	39448.24
306.63	39568.62
306.70	39600.72
306.76	39578.78
306.83	39543.88
306.89	39498.87
306.96	39460.45
307.02	39422.02
307.09	39391.00
307.15	39363.85
307.22	39339.38
307.28	39309.15
307.35	39280.81
307.41	39237.67
307.48	39192.79
307.54	39161.76
307.61	39127.92
307.67	39082.56
307.74	39039.91
307.80	39009.08
307.87	38960.59
307.93	38914.50
308.00	38886.88
308.06	38865.85
308.13	38822.92
308.19	38790.64
308.26	38760.08
308.32	38725.67
308.38	38694.26
308.45	38663.77
308.51	38638.92
308.58	38599.57
308.64	38546.62
308.71	38493.77
308.77	38444.72
308.84	38386.48
308.90	38360.02
308.97	38344.30
309.03	38327.81
309.10	38302.26
309.16	38268.73
309.23	38217.42
309.29	38166.05
309.36	38095.43
309.42	38038.76
309.49	37990.12
309.55	37933.94
309.62	37871.35
309.68	37828.12
309.75	37774.65
309.81	37728.05
309.88	37689.18
309.94	37652.88
310.00	37609.57
310.07	37572.44
310.13	37528.22
310.20	37483.70
310.26	37445.01
310.33	37402.09
310.39	37365.07
310.46	37329.68
310.52	37287.23
310.59	37239.87
310.65	37203.75
310.72	37158.45
310.78	37112.56
310.85	37065.81
310.91	37023.99
310.97	36984.31
311.04	36945.45
311.10	36896.78
311.17	36860.21
311.23	36817.82
311.30	36769.29
311.36	36729.96
311.43	36700.69
311.49	36657.19
311.56	36621.97
311.62	36580.67
311.69	36531.22
311.75	36489.14
311.81	36437.07
311.88	36382.03
311.94	36350.08
312.01	36325.61
312.07	36287.88
312.14	36268.34
312.20	36244.97
312.27	36200.66
312.33	36147.67
312.40	36095.07
312.46	36035.37
312.52	35982.59
312.59	35934.09
312.65	35890.63
312.72	35840.87
312.78	35794.07
312.85	35741.27
312.91	35683.31
312.98	35631.87
313.04	35593.26
313.10	35554.98
313.17	35516.77
313.23	35493.82
313.30	35458.90
313.36	35406.74
313.43	35354.52
313.49	35305.32
313.56	35242.04
313.62	35184.73
313.68	35140.75
313.75	35105.29
313.81	35062.31
313.88	35020.17
313.94	34980.34
314.01	34940.10
314.07	34899.25
314.13	34862.60
314.20	34828.20
314.26	34783.38
314.33	34746.46
314.39	34694.20
314.46	34635.04
314.52	34580.97
314.58	34530.75
314.65	34468.76
314.71	34424.01
314.78	34387.73
314.84	34345.51
314.91	34301.34
314.97	34267.22
315.03	34227.46
315.10	34182.03
315.16	34134.86
315.23	34095.24
315.29	34046.63
315.36	34000.07
315.42	33956.09
315.48	33903.49
315.55	33852.78
315.61	33803.92
315.68	33759.13
315.74	33715.45
315.81	33683.81
315.87	33641.19
315.93	33612.68
316.00	33583.40
316.06	33550.38
316.13	33530.37
316.19	33499.48
316.25	33434.60
316.32	33342.67
316.38	33231.37
316.45	33076.05
316.51	32910.48
316.58	32739.52
316.64	32555.88
316.70	32371.40
316.77	32171.45
316.83	31962.26
316.90	31729.42
316.96	31487.68
317.02	31231.88
317.09	30965.49
317.15	30682.00
317.22	30387.97
317.28	30074.61
317.34	29741.66
317.41	29399.76
317.47	29043.12
317.54	28679.07
317.60	28295.40
317.66	27897.38
317.73	27479.53
317.79	27050.77
317.86	26611.25
317.92	26160.45
317.98	25683.22
318.05	25195.13
318.11	24694.66
318.18	24180.77
318.24	23659.72
318.30	23134.19
318.37	22598.86
318.43	22046.94
318.50	21483.15
318.56	20911.22
318.62	20346.09
318.69	19772.17
318.75	19201.35
318.82	18624.84
318.88	18050.71
318.94	17464.15
319.01	16880.94
319.07	16304.98
319.13	15728.82
319.20	15150.70
319.26	14574.19
319.33	14004.98
319.39	13430.68
319.45	12876.14
319.52	12334.30
319.58	11800.50
319.65	11275.92
319.71	10762.32
319.77	10255.69
319.84	9757.89
319.90	9277.28
319.96	8804.59
320.03	8345.55
320.09	7899.04
320.16	7462.21
320.22	7041.11
320.28	6638.64
320.35	6254.36
320.41	5884.31
320.47	5535.49
320.54	5199.83
320.60	4882.61
320.67	4579.53
320.73	4291.38
320.79	4015.23
320.86	3759.47
320.92	3512.46
320.98	3285.27
321.05	3070.56
321.11	2868.23
321.18	2679.35
321.24	2507.17
321.30	2339.43
321.37	2189.39
321.43	2057.90
321.49	1929.95
321.56	1814.66
321.62	1712.96
321.68	1612.55
321.75	1519.40
321.81	1438.54
321.88	1361.61
321.94	1295.72
322.00	1239.86
322.07	1182.02
322.13	1128.14
322.19	1076.89
322.26	1025.05
322.32	979.46
322.38	941.60
322.45	910.27
322.51	878.56
322.58	853.82
322.64	822.51
322.70	796.61
322.77	764.28
322.83	743.66
322.89	713.72
322.96	689.16
323.02	662.22
323.08	636.44
323.15	608.00
323.21	585.82
323.27	563.77
323.34	541.67
323.40	520.38
323.46	498.66
323.53	470.40
323.59	399.84
323.65	301.70
323.72	190.59
323.78	82.47
323.85	-16.29
323.91	-66.86
323.97	-85.67
324.04	-86.42
