180.21	3429.19
180.28	-125.47
180.36	632.40
180.44	-48.17
180.51	-17.31
180.59	6.34
180.66	34.02
180.74	32.41
180.81	32.30
180.89	34.86
180.97	35.81
181.04	33.72
181.12	32.42
181.19	32.72
181.27	32.88
181.34	48.46
181.42	55.36
181.50	62.65
181.57	74.08
181.65	79.24
181.72	74.60
181.80	69.64
181.87	70.29
181.95	70.68
182.03	71.25
182.10	74.19
182.18	77.80
182.25	84.66
182.33	87.11
182.40	97.16
182.48	96.54
182.55	111.58
182.63	120.11
182.71	127.63
182.78	136.02
182.86	150.17
182.93	150.04
183.01	149.56
183.08	144.90
183.16	143.31
183.23	134.34
183.31	141.84
183.39	149.08
183.46	170.14
183.54	180.22
183.61	208.51
183.69	229.34
183.76	262.00
183.84	288.49
183.91	317.66
183.99	357.33
184.06	388.96
184.14	422.25
184.22	467.66
184.29	501.21
184.37	512.54
184.44	529.58
184.52	517.41
184.59	459.76
184.67	406.54
184.74	356.83
184.82	322.71
184.89	318.84
184.97	362.91
185.04	432.58
185.12	502.30
185.20	581.12
185.27	655.36
185.35	742.56
185.42	801.61
185.50	863.16
185.57	918.85
185.65	962.52
185.72	1001.58
185.80	1080.39
185.87	1139.46
185.95	1205.99
186.02	1319.45
186.10	1387.90
186.17	1409.83
186.25	1398.87
186.33	1258.83
186.40	1060.44
186.48	914.26
186.55	821.79
186.63	807.83
186.70	930.91
186.78	1095.50
186.85	1238.12
186.93	1363.30
187.00	1465.86
187.08	1577.88
187.15	1681.25
187.23	1805.41
187.30	1936.44
187.38	2047.00
187.45	2166.36
187.53	2303.06
187.60	2384.93
187.68	2485.43
187.75	2632.02
187.83	2702.34
187.90	2760.34
187.98	2868.38
188.05	2893.97
188.13	2751.65
188.21	2499.43
188.28	2231.75
188.36	1970.22
188.43	1779.55
188.51	1784.60
188.58	1974.12
188.66	2184.89
188.73	2386.56
188.81	2602.58
188.88	2761.36
188.96	2923.07
189.03	3059.08
189.11	3202.84
189.18	3333.46
189.26	3445.62
189.33	3557.23
189.41	3688.59
189.48	3772.34
189.56	3866.37
189.63	3998.42
189.71	4057.63
189.78	4117.53
189.86	4216.90
189.93	4267.60
190.01	4262.83
190.08	4239.18
190.16	4054.63
190.23	3689.45
190.31	3344.57
190.38	3098.90
190.46	2955.49
190.53	2996.17
190.61	3232.90
190.68	3484.60
190.76	3707.66
190.83	3901.63
190.91	4064.36
190.98	4235.14
191.06	4379.05
191.13	4530.03
191.21	4663.48
191.28	4779.50
191.35	4896.61
191.43	5016.87
191.50	5083.22
191.58	5171.78
191.65	5270.13
191.73	5303.74
191.80	5346.21
191.88	5389.19
191.95	5384.18
192.03	5378.98
192.10	5404.00
192.18	5416.84
192.25	5403.58
192.33	5301.25
192.40	5074.03
192.48	4823.34
192.55	4624.75
192.63	4499.38
192.70	4522.46
192.78	4701.32
192.85	4933.04
192.93	5136.36
193.00	5321.05
193.08	5473.92
193.15	5628.81
193.22	5732.71
193.30	5824.67
193.37	5914.55
193.45	5965.01
193.52	6006.88
193.60	6070.78
193.67	6120.86
193.75	6165.81
193.82	6233.16
193.90	6262.70
193.97	6293.02
194.05	6333.45
194.12	6364.88
194.20	6403.69
194.27	6464.41
194.34	6510.06
194.42	6546.22
194.49	6582.11
194.57	6607.52
194.64	6577.40
194.72	6485.97
194.79	6379.78
194.87	6280.18
194.94	6193.13
195.02	6158.87
195.09	6204.96
195.17	6291.11
195.24	6377.92
195.31	6485.35
195.39	6593.19
195.46	6701.92
195.54	6800.51
195.61	6893.40
195.69	6962.72
195.76	7019.56
195.84	7069.29
195.91	7104.70
195.99	7128.46
196.06	7144.33
196.13	7170.33
196.21	7180.67
196.28	7188.95
196.36	7193.11
196.43	7178.04
196.51	7149.17
196.58	7120.56
196.66	7099.08
196.73	7100.47
196.80	7139.72
196.88	7191.44
196.95	7264.27
197.03	7344.21
197.10	7401.24
197.18	7428.60
197.25	7445.47
197.33	7460.98
197.40	7474.00
197.47	7487.64
197.55	7521.64
197.62	7560.82
197.70	7587.73
197.77	7609.75
197.85	7635.74
197.92	7642.13
197.99	7629.31
198.07	7587.56
198.14	7522.58
198.22	7478.19
198.29	7468.52
198.37	7509.71
198.44	7599.97
198.51	7717.28
198.59	7822.67
198.66	7918.71
198.74	7987.28
198.81	8038.47
198.89	8076.88
198.96	8116.54
199.03	8144.24
199.11	8174.70
199.18	8191.09
199.26	8205.42
199.33	8219.07
199.41	8227.55
199.48	8208.93
199.55	8166.90
199.63	8097.53
199.70	8032.36
199.78	7972.17
199.85	7958.74
199.93	8012.74
200.00	8128.78
200.07	8253.69
200.15	8385.17
200.22	8491.89
200.30	8567.53
200.37	8630.77
200.44	8675.32
200.52	8722.05
200.59	8773.11
200.67	8812.07
200.74	8828.91
200.81	8831.80
200.89	8819.87
200.96	8811.52
201.04	8805.94
201.11	8791.73
201.19	8761.20
201.26	8728.59
201.33	8693.93
201.41	8683.91
201.48	8719.01
201.56	8805.34
201.63	8924.51
201.70	9042.39
201.78	9154.87
201.85	9250.98
201.93	9331.32
202.00	9391.19
202.07	9451.12
202.15	9495.68
202.22	9531.49
202.30	9566.82
202.37	9594.80
202.44	9623.26
202.52	9644.01
202.59	9650.11
202.67	9649.47
202.74	9662.67
202.81	9662.42
202.89	9650.13
202.96	9645.90
203.04	9665.69
203.11	9702.83
203.18	9778.42
203.26	9888.66
203.33	10009.74
203.41	10114.29
203.48	10206.75
203.55	10265.47
203.63	10324.55
203.70	10383.74
203.77	10439.83
203.85	10485.82
203.92	10534.53
204.00	10585.83
204.07	10628.64
204.14	10674.61
204.22	10717.03
204.29	10760.81
204.37	10784.34
204.44	10805.75
204.51	10833.09
204.59	10860.61
204.66	10883.34
204.73	10925.70
204.81	10988.93
204.88	11065.40
204.96	11158.60
205.03	11266.55
205.10	11363.32
205.18	11448.92
205.25	11523.89
205.32	11590.58
205.40	11655.72
205.47	11720.72
205.55	11783.74
205.62	11847.35
205.69	11911.31
205.77	11972.61
205.84	12037.49
205.91	12108.04
205.99	12176.51
206.06	12235.73
206.14	12294.26
206.21	12355.68
206.28	12405.13
206.36	12455.83
206.43	12503.02
206.50	12568.95
206.58	12646.61
206.65	12740.48
206.72	12838.21
206.80	12949.29
206.87	13049.90
206.95	13146.87
207.02	13235.96
207.09	13318.73
207.17	13407.06
207.24	13489.09
207.31	13568.22
207.39	13650.58
207.46	13735.97
207.53	13810.94
207.61	13894.82
207.68	13972.02
207.75	14056.21
207.83	14142.61
207.90	14225.27
207.98	14295.61
208.05	14370.14
208.12	14438.93
208.20	14515.42
208.27	14609.98
208.34	14716.93
208.42	14818.72
208.49	14925.11
208.56	15024.85
208.64	15123.03
208.71	15217.30
208.78	15312.29
208.86	15419.32
208.93	15520.46
209.00	15619.32
209.08	15717.89
209.15	15822.80
209.22	15921.25
209.30	16028.79
209.37	16131.61
209.44	16237.11
209.52	16343.52
209.59	16439.84
209.67	16537.94
209.74	16636.37
209.81	16742.30
209.89	16842.44
209.96	16953.41
210.03	17064.58
210.11	17177.25
210.18	17280.54
210.25	17397.10
210.33	17510.87
210.40	17624.05
210.47	17744.10
210.55	17866.79
210.62	17981.84
210.69	18093.17
210.77	18210.53
210.84	18322.97
210.91	18445.67
210.99	18568.81
211.06	18692.43
211.13	18810.91
211.21	18934.82
211.28	19046.31
211.35	19163.83
211.42	19288.82
211.50	19415.37
211.57	19538.55
211.64	19665.57
211.72	19789.39
211.79	19903.78
211.86	20019.39
211.94	20150.20
212.01	20271.15
212.08	20399.27
212.16	20527.92
212.23	20663.26
212.30	20789.06
212.38	20921.59
212.45	21063.40
212.52	21201.78
212.60	21333.04
212.67	21463.81
212.74	21602.52
212.82	21727.62
212.89	21861.82
212.96	21995.50
213.03	22125.31
213.11	22257.33
213.18	22387.52
213.25	22522.28
213.33	22659.17
213.40	22792.58
213.47	22929.35
213.55	23067.46
213.62	23199.08
213.69	23337.40
213.77	23479.23
213.84	23617.08
213.91	23763.83
213.98	23917.08
214.06	24060.91
214.13	24212.20
214.20	24359.13
214.28	24504.32
214.35	24639.42
214.42	24782.31
214.50	24920.12
214.57	25060.45
214.64	25194.62
214.72	25339.99
214.79	25479.98
214.86	25621.62
214.93	25763.02
215.01	25915.24
215.08	26060.16
215.15	26208.74
215.23	26358.00
215.30	26509.41
215.37	26652.34
215.44	26809.78
215.52	26960.85
215.59	27112.27
215.66	27257.84
215.74	27403.57
215.81	27536.00
215.88	27680.41
215.95	27815.92
216.03	27963.40
216.10	28110.41
216.17	28261.42
216.25	28406.17
216.32	28566.72
216.39	28723.61
216.46	28879.08
216.54	29026.81
216.61	29183.26
216.68	29325.39
216.76	29465.18
216.83	29610.43
216.90	29765.46
216.97	29916.69
217.05	30074.97
217.12	30231.04
217.19	30382.76
217.27	30524.01
217.34	30658.97
217.41	30786.09
217.48	30922.03
217.56	31058.87
217.63	31202.82
217.70	31353.13
217.78	31518.65
217.85	31669.73
217.92	31820.35
217.99	31974.02
218.07	32122.08
218.14	32259.06
218.21	32410.09
218.28	32556.42
218.36	32697.72
218.43	32838.07
218.50	32991.67
218.57	33132.72
218.65	33279.15
218.72	33421.18
218.79	33565.07
218.87	33692.74
218.94	33826.64
219.01	33963.35
219.08	34097.65
219.16	34239.05
219.23	34383.91
219.30	34528.79
219.37	34666.42
219.45	34812.98
219.52	34953.83
219.59	35092.04
219.66	35218.07
219.74	35354.81
219.81	35502.05
219.88	35636.89
219.95	35781.83
220.03	35934.22
220.10	36077.64
220.17	36207.02
220.24	36348.16
220.32	36475.37
220.39	36595.11
220.46	36711.23
220.53	36832.61
220.61	36952.11
220.68	37072.49
220.75	37201.32
220.82	37340.67
220.90	37477.12
220.97	37605.88
221.04	37732.94
221.11	37848.75
221.19	37964.11
221.26	38075.79
221.33	38195.31
221.40	38326.62
221.48	38463.39
221.55	38585.36
221.62	38698.48
221.69	38813.41
221.77	38928.54
221.84	39049.96
221.91	39172.84
221.98	39304.41
222.06	39430.29
222.13	39552.90
222.20	39657.66
222.27	39774.68
222.35	39890.01
222.42	40006.38
222.49	40114.51
222.56	40233.21
222.63	40340.91
222.71	40443.59
222.78	40549.82
222.85	40655.68
222.92	40767.11
223.00	40876.57
223.07	40993.24
223.14	41101.60
223.21	41207.69
223.29	41308.91
223.36	41414.80
223.43	41516.91
223.50	41620.00
223.57	41732.95
223.65	41852.36
223.72	41958.97
223.79	42067.17
223.86	42166.91
223.94	42255.03
224.01	42337.88
224.08	42420.70
224.15	42502.60
224.22	42592.20
224.30	42683.16
224.37	42775.74
224.44	42877.16
224.51	42968.71
224.59	43051.20
224.66	43131.53
224.73	43217.96
224.80	43306.53
224.87	43394.57
224.95	43497.36
225.02	43613.66
225.09	43707.95
225.16	43802.79
225.23	43901.26
225.31	43988.80
225.38	44058.05
225.45	44144.44
225.52	44225.96
225.60	44302.85
225.67	44379.72
225.74	44450.89
225.81	44524.12
225.88	44597.47
225.96	44679.74
226.03	44750.87
226.10	44839.09
226.17	44915.02
226.24	44987.93
226.32	45063.20
226.39	45147.36
226.46	45215.04
226.53	45289.16
226.60	45369.38
226.68	45448.11
226.75	45535.01
226.82	45621.63
226.89	45702.49
226.96	45773.25
227.04	45830.61
227.11	45867.45
227.18	45918.16
227.25	45963.12
227.32	46008.91
227.40	46072.06
227.47	46146.47
227.54	46224.15
227.61	46302.80
227.68	46385.52
227.76	46458.79
227.83	46535.60
227.90	46599.40
227.97	46657.11
228.04	46716.54
228.11	46760.01
228.19	46796.52
228.26	46847.57
228.33	46901.90
228.40	46934.31
228.47	46988.03
228.55	47041.60
228.62	47091.83
228.69	47154.42
228.76	47231.59
228.83	47294.88
228.90	47355.02
228.98	47414.24
229.05	47465.71
229.12	47528.84
229.19	47590.78
229.26	47650.04
229.34	47695.89
229.41	47744.95
229.48	47781.75
229.55	47822.60
229.62	47876.07
229.69	47937.63
229.77	47997.98
229.84	48053.32
229.91	48105.57
229.98	48149.91
230.05	48184.63
230.12	48214.46
230.20	48257.53
230.27	48298.51
230.34	48341.26
230.41	48400.54
230.48	48457.90
230.55	48508.28
230.63	48561.51
230.70	48626.25
230.77	48664.47
230.84	48708.19
230.91	48737.63
230.98	48778.45
231.06	48801.02
231.13	48847.19
231.20	48897.82
231.27	48959.88
231.34	49013.12
231.41	49073.06
231.49	49117.99
231.56	49160.88
231.63	49198.80
231.70	49233.62
231.77	49263.34
231.84	49295.42
231.92	49315.26
231.99	49346.11
232.06	49373.13
232.13	49396.01
232.20	49434.47
232.27	49477.33
232.34	49510.89
232.42	49544.34
232.49	49583.11
232.56	49612.14
232.63	49644.56
232.70	49675.24
232.77	49722.82
232.85	49767.32
232.92	49803.66
232.99	49837.02
233.06	49866.79
233.13	49872.41
233.20	49878.21
233.27	49884.81
233.35	49886.29
233.42	49888.87
233.49	49910.82
233.56	49939.48
233.63	49964.61
233.70	49992.30
233.77	50023.51
233.85	50047.17
233.92	50080.61
233.99	50108.91
234.06	50136.93
234.13	50163.04
234.20	50192.73
234.27	50208.26
234.35	50221.98
234.42	50231.61
234.49	50243.32
234.56	50251.29
234.63	50254.92
234.70	50263.51
234.77	50275.54
234.84	50284.22
234.92	50284.13
234.99	50287.53
235.06	50295.23
235.13	50292.78
235.20	50300.67
235.27	50319.47
235.34	50322.54
235.41	50328.12
235.49	50334.59
235.56	50344.45
235.63	50341.77
235.70	50355.91
235.77	50363.54
235.84	50373.75
235.91	50364.88
235.98	50356.08
236.06	50341.52
236.13	50317.78
236.20	50303.28
236.27	50273.12
236.34	50252.25
236.41	50230.32
236.48	50223.02
236.55	50212.82
236.63	50214.96
236.70	50214.31
236.77	50219.50
236.84	50229.70
236.91	50230.90
236.98	50228.46
237.05	50232.15
237.12	50225.06
237.19	50206.54
237.27	50195.49
237.34	50196.54
237.41	50186.95
237.48	50169.21
237.55	50153.99
237.62	50136.18
237.69	50123.64
237.76	50117.40
237.83	50127.25
237.91	50134.03
237.98	50135.84
238.05	50131.36
238.12	50119.11
238.19	50103.17
238.26	50095.92
238.33	50089.66
238.40	50074.58
238.47	50059.72
238.54	50048.68
238.62	50027.38
238.69	50005.52
238.76	49991.51
238.83	49976.31
238.90	49963.71
238.97	49956.19
239.04	49956.27
239.11	49955.70
239.18	49961.02
239.25	49949.06
239.33	49923.99
239.40	49899.03
239.47	49869.42
239.54	49826.75
239.61	49795.07
239.68	49766.06
239.75	49750.35
239.82	49737.91
239.89	49728.39
239.96	49726.32
240.03	49730.86
240.11	49720.49
240.18	49707.26
240.25	49699.29
240.32	49685.60
240.39	49671.56
240.46	49660.68
240.53	49663.53
240.60	49668.11
240.67	49663.81
240.74	49655.41
240.81	49639.71
240.88	49623.35
240.96	49601.05
241.03	49591.06
241.10	49586.80
241.17	49585.62
241.24	49578.55
241.31	49582.07
241.38	49569.54
241.45	49557.62
241.52	49547.92
241.59	49534.36
241.66	49516.72
241.73	49506.78
241.80	49492.29
241.88	49479.93
241.95	49460.96
242.02	49439.61
242.09	49413.19
242.16	49395.73
242.23	49378.34
242.30	49369.26
242.37	49364.99
242.44	49369.74
242.51	49361.91
242.58	49360.33
242.65	49354.86
242.72	49344.98
242.79	49336.17
242.87	49341.56
242.94	49332.86
243.01	49334.46
243.08	49344.78
243.15	49351.43
243.22	49349.38
243.29	49359.35
243.36	49361.57
243.43	49362.67
243.50	49377.71
243.57	49394.78
243.64	49399.29
243.71	49399.12
243.78	49395.42
243.85	49373.02
243.92	49360.98
243.99	49344.37
244.07	49340.95
244.14	49333.01
244.21	49334.30
244.28	49322.98
244.35	49319.56
244.42	49317.61
244.49	49321.98
244.56	49326.31
244.63	49342.89
244.70	49351.61
244.77	49349.84
244.84	49349.31
244.91	49360.55
244.98	49371.16
245.05	49390.16
245.12	49415.31
245.19	49440.99
245.26	49452.44
245.33	49464.01
245.40	49492.90
245.47	49519.76
245.55	49541.55
245.62	49553.90
245.69	49560.26
245.76	49555.76
245.83	49555.23
245.90	49551.05
245.97	49559.62
246.04	49574.61
246.11	49584.53
246.18	49594.29
246.25	49600.57
246.32	49602.15
246.39	49600.44
246.46	49609.94
246.53	49618.81
246.60	49640.95
246.67	49665.46
246.74	49690.44
246.81	49708.60
246.88	49731.22
246.95	49752.69
247.02	49782.38
247.09	49807.68
247.16	49822.42
247.23	49827.66
247.30	49820.71
247.37	49807.25
247.44	49818.35
247.51	49832.24
247.58	49860.35
247.66	49898.50
247.73	49943.39
247.80	49970.25
247.87	50006.15
247.94	50039.60
248.01	50083.49
248.08	50116.18
248.15	50145.22
248.22	50174.66
248.29	50196.19
248.36	50207.54
248.43	50225.62
248.50	50248.78
248.57	50263.23
248.64	50281.90
248.71	50302.49
248.78	50329.21
248.85	50345.20
248.92	50370.35
248.99	50392.79
249.06	50415.06
249.13	50429.61
249.20	50455.79
249.27	50471.48
249.34	50481.76
249.41	50490.87
249.48	50489.58
249.55	50475.76
249.62	50485.39
249.69	50503.41
249.76	50531.76
249.83	50573.89
249.90	50633.97
249.97	50684.98
250.04	50732.56
250.11	50771.39
250.18	50804.14
250.25	50823.23
250.32	50836.65
250.39	50855.13
250.46	50868.36
250.53	50895.93
250.60	50924.75
250.67	50947.87
250.74	50970.08
250.81	50989.19
250.88	51002.45
250.95	51017.40
251.02	51043.38
251.09	51065.81
251.16	51097.56
251.23	51120.83
251.30	51138.10
251.37	51149.62
251.44	51160.89
251.51	51178.42
251.58	51198.74
251.65	51222.41
251.72	51242.56
251.79	51264.53
251.86	51277.70
251.93	51294.52
252.00	51304.38
252.07	51316.24
252.14	51333.03
252.21	51339.85
252.28	51348.72
252.35	51367.42
252.42	51386.08
252.49	51396.29
252.56	51412.58
252.63	51420.86
252.70	51428.02
252.77	51443.24
252.84	51457.91
252.91	51474.32
252.98	51496.13
253.05	51515.62
253.12	51530.93
253.19	51546.47
253.25	51562.56
253.32	51569.84
253.39	51598.66
253.46	51622.76
253.53	51647.32
253.60	51662.25
253.67	51687.73
253.74	51700.06
253.81	51713.26
253.88	51720.79
253.95	51739.51
254.02	51752.81
254.09	51770.63
254.16	51779.92
254.23	51791.10
254.30	51806.30
254.37	51826.64
254.44	51835.97
254.51	51846.15
254.58	51855.17
254.65	51861.60
254.72	51864.83
254.79	51858.48
254.86	51864.52
254.93	51865.25
255.00	51872.36
255.07	51874.39
255.14	51891.55
255.21	51889.36
255.28	51895.16
255.34	51882.80
255.41	51875.21
255.48	51860.82
255.55	51857.37
255.62	51860.04
255.69	51876.84
255.76	51885.84
255.83	51895.96
255.90	51915.53
255.97	51936.06
256.04	51935.51
256.11	51941.97
256.18	51943.74
256.25	51940.67
256.32	51923.70
256.39	51929.17
256.46	51930.45
256.53	51928.49
256.60	51929.46
256.67	51937.67
256.74	51933.17
256.80	51928.57
256.87	51934.51
256.94	51931.46
257.01	51926.12
257.08	51923.57
257.15	51917.38
257.22	51909.60
257.29	51889.69
257.36	51872.80
257.43	51863.82
257.50	51858.41
257.57	51846.25
257.64	51851.18
257.71	51838.15
257.78	51816.66
257.85	51790.24
257.92	51774.41
257.98	51755.25
258.05	51751.39
258.12	51743.76
258.19	51741.12
258.26	51728.21
258.33	51721.74
258.40	51716.38
258.47	51712.52
258.54	51711.06
258.61	51713.13
258.68	51706.46
258.75	51689.39
258.82	51679.83
258.89	51658.51
258.95	51635.66
259.02	51621.26
259.09	51610.00
259.16	51585.15
259.23	51563.27
259.30	51539.10
259.37	51517.56
259.44	51500.39
259.51	51486.45
259.58	51478.06
259.65	51467.06
259.72	51441.76
259.79	51409.75
259.85	51383.14
259.92	51348.12
259.99	51322.08
260.06	51299.45
260.13	51273.40
260.20	51243.81
260.27	51213.13
260.34	51173.54
260.41	51148.73
260.48	51127.82
260.55	51108.06
260.62	51094.26
260.68	51083.01
260.75	51055.08
260.82	51036.56
260.89	51026.54
260.96	51005.32
261.03	50982.99
261.10	50961.99
261.17	50935.58
261.24	50895.20
261.31	50861.53
261.38	50836.77
261.44	50805.66
261.51	50764.25
261.58	50724.98
261.65	50691.95
261.72	50643.39
261.79	50600.18
261.86	50571.44
261.93	50552.55
262.00	50518.22
262.07	50483.38
262.13	50458.68
262.20	50423.48
262.27	50373.52
262.34	50346.95
262.41	50329.23
262.48	50292.63
262.55	50263.49
262.62	50239.81
262.69	50201.90
262.76	50163.81
262.82	50135.66
262.89	50106.15
262.96	50076.61
263.03	50047.73
263.10	50014.73
263.17	49978.37
263.24	49935.25
263.31	49896.56
263.38	49857.88
263.44	49825.49
263.51	49776.97
263.58	49733.86
263.65	49697.01
263.72	49650.26
263.79	49605.83
263.86	49572.14
263.93	49538.08
264.00	49485.40
264.06	49451.74
264.13	49407.44
264.20	49375.13
264.27	49332.66
264.34	49296.71
264.41	49250.65
264.48	49214.26
264.55	49162.63
264.61	49119.67
264.68	49080.61
264.75	49044.76
264.82	48994.57
264.89	48958.09
264.96	48921.68
265.03	48876.45
265.10	48837.05
265.16	48801.35
265.23	48767.97
265.30	48740.95
265.37	48713.04
265.44	48666.89
265.51	48625.64
265.58	48580.35
265.65	48524.00
265.71	48473.26
265.78	48439.16
265.85	48398.25
265.92	48352.13
265.99	48311.06
266.06	48273.19
266.13	48224.87
266.20	48177.60
266.26	48135.25
266.33	48092.45
266.40	48048.04
266.47	47995.91
266.54	47934.41
266.61	47878.83
266.68	47818.52
266.74	47755.26
266.81	47706.70
266.88	47667.23
266.95	47608.86
267.02	47563.07
267.09	47520.18
267.16	47472.47
267.22	47424.04
267.29	47389.66
267.36	47351.93
267.43	47312.64
267.50	47283.99
267.57	47260.27
267.64	47229.47
267.70	47196.81
267.77	47165.90
267.84	47124.47
267.91	47073.40
267.98	47020.89
268.05	46967.82
268.11	46914.23
268.18	46851.27
268.25	46804.06
268.32	46759.87
268.39	46715.05
268.46	46674.36
268.53	46646.54
268.59	46614.94
268.66	46581.48
268.73	46546.59
268.80	46501.74
268.87	46452.97
268.94	46403.96
269.00	46359.52
269.07	46317.27
269.14	46288.02
269.21	46259.27
269.28	46219.61
269.35	46179.22
269.41	46138.74
269.48	46084.29
269.55	46023.32
269.62	45968.78
269.69	45929.51
269.76	45879.61
269.82	45838.91
269.89	45813.79
269.96	45797.36
270.03	45758.06
270.10	45731.10
270.17	45696.33
270.23	45660.67
270.30	45611.25
270.37	45582.51
270.44	45556.17
270.51	45524.97
270.58	45485.38
270.64	45458.29
270.71	45412.13
270.78	45368.84
270.85	45327.47
270.92	45290.05
270.99	45249.33
271.05	45220.15
271.12	45180.28
271.19	45145.36
271.26	45099.89
271.33	45060.07
271.39	45019.27
271.46	44969.79
271.53	44936.06
271.60	44922.10
271.67	44900.68
271.74	44869.91
271.80	44852.90
271.87	44831.81
271.94	44796.60
272.01	44759.40
272.08	44735.51
272.14	44699.60
272.21	44660.25
272.28	44631.85
272.35	44613.02
272.42	44580.00
272.48	44560.47
272.55	44536.17
272.62	44511.02
272.69	44487.72
272.76	44476.42
272.83	44455.82
272.89	44433.18
272.96	44407.51
273.03	44368.76
273.10	44325.11
273.17	44289.40
273.23	44262.01
273.30	44235.60
273.37	44214.03
273.44	44196.94
273.51	44173.87
273.57	44155.40
273.64	44132.68
273.71	44116.08
273.78	44082.50
273.85	44064.55
273.91	44035.16
273.98	44017.40
274.05	43997.84
274.12	43992.01
274.19	43973.99
274.25	43955.32
274.32	43925.92
274.39	43885.54
274.46	43838.68
274.53	43783.68
274.59	43733.95
274.66	43700.04
274.73	43680.46
274.80	43658.55
274.86	43645.46
274.93	43631.24
275.00	43595.60
275.07	43549.46
275.14	43515.83
275.20	43487.13
275.27	43465.36
275.34	43442.53
275.41	43431.63
275.48	43419.60
275.54	43402.86
275.61	43380.77
275.68	43360.17
275.75	43331.62
275.81	43298.26
275.88	43268.56
275.95	43244.05
276.02	43221.74
276.09	43192.13
276.15	43160.52
276.22	43131.42
276.29	43101.89
276.36	43070.05
276.42	43051.58
276.49	43031.71
276.56	43005.97
276.63	42980.16
276.70	42961.20
276.76	42942.46
276.83	42924.15
276.90	42910.76
276.97	42890.21
277.03	42870.09
277.10	42843.79
277.17	42828.41
277.24	42809.94
277.30	42791.52
277.37	42776.69
277.44	42762.51
277.51	42741.04
277.58	42713.09
277.64	42688.33
277.71	42660.86
277.78	42634.60
277.85	42605.50
277.91	42580.76
277.98	42558.16
278.05	42530.56
278.12	42514.66
278.18	42497.26
278.25	42479.18
278.32	42458.26
278.39	42441.29
278.45	42419.71
278.52	42398.92
278.59	42379.76
278.66	42362.00
278.72	42350.91
278.79	42332.74
278.86	42318.21
278.93	42303.56
278.99	42291.33
279.06	42268.19
279.13	42235.76
279.20	42208.76
279.26	42192.29
279.33	42170.24
279.40	42143.05
279.47	42133.20
279.53	42112.99
279.60	42081.94
279.67	42049.22
279.74	42022.84
279.80	41994.74
279.87	41973.76
279.94	41954.72
280.01	41942.50
280.07	41931.44
280.14	41912.24
280.21	41890.40
280.28	41861.45
280.34	41837.87
280.41	41805.81
280.48	41776.61
280.55	41750.07
280.61	41732.73
280.68	41702.03
280.75	41677.27
280.82	41649.75
280.88	41617.95
280.95	41566.29
281.02	41513.61
281.08	41449.78
281.15	41375.75
281.22	41303.75
281.29	41247.09
281.35	41188.37
281.42	41152.57
281.49	41118.25
281.56	41088.42
281.62	41059.43
281.69	41032.19
281.76	40990.61
281.82	40964.85
281.89	40934.89
281.96	40906.07
282.03	40882.12
282.09	40863.43
282.16	40837.83
282.23	40812.66
282.30	40787.32
282.36	40761.80
282.43	40736.48
282.50	40720.20
282.56	40693.95
282.63	40670.85
282.70	40651.48
282.77	40639.18
282.83	40611.06
282.90	40588.88
282.97	40567.13
283.03	40536.95
283.10	40501.75
283.17	40482.78
283.24	40462.66
283.30	40436.83
283.37	40415.42
283.44	40395.51
283.50	40367.06
283.57	40345.54
283.64	40318.80
283.71	40282.21
283.77	40234.80
283.84	40197.16
283.91	40157.83
283.97	40135.85
284.04	40143.16
284.11	40162.59
284.18	40172.86
284.24	40182.07
284.31	40191.62
284.38	40180.24
284.44	40159.48
284.51	40141.71
284.58	40129.03
284.64	40109.74
284.71	40099.77
284.78	40086.79
284.85	40077.35
284.91	40063.95
284.98	40041.14
285.05	40007.75
285.11	39992.78
285.18	39974.74
285.25	39963.09
285.31	39964.93
285.38	39969.54
285.45	39967.41
285.52	39963.12
285.58	39948.86
285.65	39932.13
285.72	39911.89
285.78	39892.31
285.85	39875.63
285.92	39861.17
285.98	39840.37
286.05	39825.30
286.12	39813.12
286.18	39806.60
286.25	39803.74
286.32	39798.29
286.39	39800.23
286.45	39798.14
286.52	39787.40
286.59	39775.91
286.65	39778.02
286.72	39771.61
286.79	39761.08
286.85	39746.52
286.92	39732.04
286.99	39714.73
287.05	39690.99
287.12	39687.58
287.19	39679.69
287.25	39679.55
287.32	39674.43
287.39	39677.46
287.45	39668.03
287.52	39664.41
287.59	39661.87
287.65	39663.52
287.72	39656.71
287.79	39646.15
287.86	39639.01
287.92	39623.13
287.99	39604.66
288.06	39599.47
288.12	39595.53
288.19	39596.57
288.26	39590.85
288.32	39586.08
288.39	39575.75
288.46	39572.69
288.52	39568.11
288.59	39572.29
288.66	39575.90
288.72	39579.73
288.79	39581.16
288.86	39584.52
288.92	39578.86
288.99	39567.00
289.06	39565.72
289.12	39558.77
289.19	39556.92
289.26	39567.14
289.32	39582.77
289.39	39579.33
289.45	39583.13
289.52	39573.20
289.59	39567.29
289.65	39568.00
289.72	39577.19
289.79	39587.15
289.85	39600.21
289.92	39604.34
289.99	39607.10
290.05	39604.41
290.12	39600.12
290.19	39595.16
290.25	39592.16
290.32	39589.03
290.39	39596.54
290.45	39599.79
290.52	39607.49
290.59	39617.83
290.65	39619.96
290.72	39618.01
290.79	39618.94
290.85	39621.16
290.92	39635.85
290.98	39642.21
291.05	39652.21
291.12	39657.46
291.18	39665.12
291.25	39658.16
291.32	39669.15
291.38	39666.87
291.45	39670.46
291.52	39665.53
291.58	39668.86
291.65	39669.25
291.72	39689.56
291.78	39711.23
291.85	39730.80
291.91	39746.56
291.98	39775.02
292.05	39780.45
292.11	39783.76
292.18	39794.73
292.25	39802.74
292.31	39783.57
292.38	39786.11
292.45	39782.92
292.51	39791.62
292.58	39795.21
292.64	39813.67
292.71	39817.05
292.78	39831.23
292.84	39824.88
292.91	39831.82
292.98	39836.97
293.04	39850.60
293.11	39862.45
293.17	39880.53
293.24	39893.11
293.31	39908.76
293.37	39925.74
293.44	39929.19
293.51	39937.43
293.57	39946.70
293.64	39950.35
293.70	39954.54
293.77	39974.59
293.84	39989.24
293.90	39993.73
293.97	40004.26
294.04	40017.89
294.10	40027.46
294.17	40039.20
294.23	40059.41
294.30	40069.33
294.37	40079.55
294.43	40094.51
294.50	40101.72
294.56	40109.13
294.63	40122.89
294.70	40134.29
294.76	40146.97
294.83	40155.82
294.90	40171.25
294.96	40190.98
295.03	40210.09
295.09	40222.25
295.16	40244.85
295.23	40247.63
295.29	40250.94
295.36	40258.46
295.42	40260.41
295.49	40271.18
295.56	40297.01
295.62	40323.45
295.69	40334.17
295.75	40353.21
295.82	40367.22
295.89	40371.44
295.95	40369.67
296.02	40381.44
296.08	40385.54
296.15	40386.86
296.22	40403.96
296.28	40423.46
296.35	40445.60
296.41	40464.79
296.48	40487.82
296.55	40503.35
296.61	40517.51
296.68	40531.38
296.74	40555.02
296.81	40579.10
296.88	40601.16
296.94	40622.95
297.01	40641.60
297.07	40650.10
297.14	40656.63
297.20	40664.39
297.27	40674.17
297.34	40695.29
297.40	40717.28
297.47	40734.50
297.53	40750.63
297.60	40772.64
297.67	40777.71
297.73	40786.16
297.80	40798.73
297.86	40808.93
297.93	40812.99
298.00	40830.79
298.06	40852.55
298.13	40879.47
298.19	40906.41
298.26	40932.17
298.32	40946.75
298.39	40959.26
298.46	40962.09
298.52	40969.85
298.59	40977.21
298.65	40991.80
298.72	41006.14
298.78	41026.06
298.85	41038.99
298.92	41054.62
298.98	41068.91
299.05	41079.88
299.11	41093.05
299.18	41103.20
299.24	41117.71
299.31	41121.41
299.38	41139.09
299.44	41143.00
299.51	41157.19
299.57	41162.66
299.64	41178.41
299.70	41186.43
299.77	41200.36
299.84	41207.96
299.90	41209.36
299.97	41213.34
300.03	41224.16
300.10	41240.89
300.16	41250.89
300.23	41272.73
300.30	41282.04
300.36	41287.15
300.43	41294.74
300.49	41307.66
300.56	41321.17
300.62	41338.63
300.69	41354.43
300.75	41362.49
300.82	41379.80
300.89	41388.39
300.95	41401.29
301.02	41398.48
301.08	41397.06
301.15	41390.48
301.21	41392.67
301.28	41394.15
301.34	41399.65
301.41	41405.55
301.48	41401.26
301.54	41394.03
301.61	41388.96
301.67	41390.31
301.74	41396.11
301.80	41405.10
301.87	41404.48
301.93	41401.74
302.00	41401.40
302.06	41390.48
302.13	41379.78
302.20	41380.33
302.26	41374.87
302.33	41363.51
302.39	41358.27
302.46	41356.06
302.52	41346.77
302.59	41349.52
302.65	41349.83
302.72	41350.61
302.78	41348.76
302.85	41349.75
302.91	41333.47
302.98	41321.06
303.05	41303.06
303.11	41293.56
303.18	41274.47
303.24	41269.84
303.31	41259.00
303.37	41254.81
303.44	41246.46
303.50	41233.79
303.57	41215.76
303.63	41202.75
303.70	41188.21
303.76	41168.02
303.83	41158.96
303.89	41141.28
303.96	41125.50
304.03	41104.59
304.09	41086.24
304.16	41060.53
304.22	41042.50
304.29	41024.16
304.35	41001.91
304.42	40987.09
304.48	40972.23
304.55	40951.12
304.61	40927.49
304.68	40906.61
304.74	40877.85
304.81	40858.71
304.87	40826.48
304.94	40799.65
305.00	40778.53
305.07	40754.45
305.13	40720.39
305.20	40693.65
305.26	40669.47
305.33	40645.61
305.39	40618.80
305.46	40589.14
305.52	40570.12
305.59	40545.44
305.66	40512.76
305.72	40484.14
305.79	40454.86
305.85	40420.11
305.92	40365.43
305.98	40252.78
306.05	40036.17
306.11	39742.41
306.18	39456.94
306.24	39271.10
306.31	39237.34
306.37	39358.71
306.44	39593.99
306.50	39825.92
306.57	39970.89
306.63	40022.77
306.70	40011.81
306.76	39969.25
306.83	39914.57
306.89	39856.41
306.96	39806.01
307.02	39761.47
307.09	39725.46
307.15	39688.99
307.22	39660.26
307.28	39621.51
307.35	39581.49
307.41	39528.50
307.48	39483.46
307.54	39440.99
307.61	39393.44
307.67	39338.64
307.74	39295.37
307.80	39252.14
307.87	39203.13
307.93	39156.21
308.00	39117.13
308.06	39078.49
308.13	39024.88
308.19	38972.12
308.26	38923.46
308.32	38884.72
308.38	38838.57
308.45	38800.20
308.51	38764.96
308.58	38713.92
308.64	38651.72
308.71	38595.39
308.77	38544.55
308.84	38487.95
308.90	38454.11
308.97	38423.40
309.03	38396.01
309.10	38354.62
309.16	38305.51
309.23	38246.53
309.29	38189.80
309.36	38108.51
309.42	38036.40
309.49	37967.55
309.55	37899.87
309.62	37828.82
309.68	37771.76
309.75	37710.50
309.81	37654.37
309.88	37608.82
309.94	37555.00
310.00	37500.20
310.07	37453.94
310.13	37410.76
310.20	37350.43
310.26	37294.72
310.33	37240.25
310.39	37187.65
310.46	37124.61
310.52	37075.41
310.59	37022.74
310.65	36976.20
310.72	36920.98
310.78	36869.64
310.85	36807.31
310.91	36750.46
310.97	36697.17
311.04	36640.90
311.10	36580.94
311.17	36523.88
311.23	36466.40
311.30	36403.62
311.36	36345.31
311.43	36301.63
311.49	36246.30
311.56	36192.89
311.62	36133.95
311.69	36078.89
311.75	36015.70
311.81	35954.09
311.88	35892.24
311.94	35845.58
312.01	35796.33
312.07	35744.04
312.14	35702.72
312.20	35662.61
312.27	35602.59
312.33	35536.92
312.40	35468.00
312.46	35397.27
312.52	35327.40
312.59	35266.13
312.65	35204.84
312.72	35145.75
312.78	35082.33
312.85	35015.46
312.91	34943.68
312.98	34869.99
313.04	34812.26
313.10	34752.38
313.17	34697.47
313.23	34650.16
313.30	34604.41
313.36	34534.43
313.43	34468.65
313.49	34400.58
313.56	34317.94
313.62	34244.18
313.68	34179.65
313.75	34125.59
313.81	34069.73
313.88	34011.18
313.94	33955.55
314.01	33903.11
314.07	33840.66
314.13	33779.43
314.20	33723.89
314.26	33655.92
314.33	33585.56
314.39	33513.81
314.46	33437.89
314.52	33374.23
314.58	33306.42
314.65	33244.64
314.71	33181.13
314.78	33117.66
314.84	33047.44
314.91	32985.68
314.97	32917.08
315.03	32850.94
315.10	32790.58
315.16	32722.36
315.23	32662.43
315.29	32598.99
315.36	32534.79
315.42	32472.03
315.48	32414.21
315.55	32346.04
315.61	32274.35
315.68	32211.25
315.74	32148.95
315.81	32079.85
315.87	32009.51
315.93	31954.76
316.00	31910.90
316.06	31866.73
316.13	31837.85
316.19	31787.24
316.25	31690.53
316.32	31527.17
316.38	31308.58
316.45	31031.74
316.51	30725.09
316.58	30389.69
316.64	30035.01
316.70	29670.82
316.77	29280.45
316.83	28867.34
316.90	28444.61
316.96	28011.58
317.02	27555.81
317.09	27096.42
317.15	26624.10
317.22	26135.69
317.28	25630.06
317.34	25111.45
317.41	24581.41
317.47	24049.57
317.54	23507.10
317.60	22957.73
317.66	22404.30
317.73	21838.72
317.79	21267.82
317.86	20690.14
317.92	20106.53
317.98	19515.19
318.05	18915.96
318.11	18314.56
318.18	17730.48
318.24	17140.51
318.30	16553.30
318.37	15979.02
318.43	15393.53
318.50	14795.65
318.56	14212.36
318.62	13643.49
318.69	13075.26
318.75	12527.01
318.82	11991.98
318.88	11465.87
318.94	10943.86
319.01	10434.99
319.07	9943.75
319.13	9458.26
319.20	8987.85
319.26	8527.40
319.33	8084.39
319.39	7645.53
319.45	7237.36
319.52	6844.19
319.58	6466.12
319.65	6101.10
319.71	5754.56
319.77	5415.31
319.84	5096.48
319.90	4796.66
319.96	4509.38
320.03	4240.75
320.09	3990.48
320.16	3745.76
320.22	3518.87
320.28	3309.12
320.35	3112.53
320.41	2928.89
320.47	2762.02
320.54	2603.70
320.60	2462.93
320.67	2332.54
320.73	2210.42
320.79	2099.07
320.86	2002.47
320.92	1907.46
320.98	1823.07
321.05	1746.67
321.11	1672.78
321.18	1604.62
321.24	1546.15
321.30	1487.41
321.37	1436.09
321.43	1396.64
321.49	1355.66
321.56	1318.54
321.62	1287.36
321.68	1252.82
321.75	1219.96
321.81	1191.69
321.88	1162.05
321.94	1139.69
322.00	1118.22
322.07	1090.65
322.13	1062.78
322.19	1033.34
322.26	998.52
322.32	969.43
322.38	945.03
322.45	923.72
322.51	900.71
322.58	881.35
322.64	852.63
322.70	827.21
322.77	795.71
322.83	773.53
322.89	742.15
322.96	716.42
323.02	687.95
323.08	660.66
323.15	630.21
323.21	606.29
323.27	581.99
323.34	556.91
323.40	532.74
323.46	508.63
323.53	477.12
323.59	402.80
323.65	303.16
323.72	190.03
323.78	80.67
323.85	-18.04
323.91	-67.34
323.97	-85.72
324.04	-85.90
