180.21	3429.17
180.28	-126.62
180.36	632.35
180.44	-48.29
180.51	-16.90
180.59	6.76
180.66	34.34
180.74	32.73
180.81	32.38
180.89	34.32
180.97	35.34
181.04	33.40
181.12	32.31
181.19	33.30
181.27	33.62
181.34	49.38
181.42	55.92
181.50	63.07
181.57	73.75
181.65	79.67
181.72	74.69
181.80	70.59
181.87	71.30
181.95	71.81
182.03	71.76
182.10	74.98
182.18	78.03
182.25	84.56
182.33	87.39
182.40	97.64
182.48	96.70
182.55	111.64
182.63	121.13
182.71	129.16
182.78	137.94
182.86	151.76
182.93	151.72
183.01	151.04
183.08	146.10
183.16	144.08
183.23	135.83
183.31	143.52
183.39	150.76
183.46	171.78
183.54	182.10
183.61	209.07
183.69	230.05
183.76	262.91
183.84	289.06
183.91	317.74
183.99	359.40
184.06	390.01
184.14	422.57
184.22	466.91
184.29	501.49
184.37	512.48
184.44	530.48
184.52	518.58
184.59	461.43
184.67	407.24
184.74	356.92
184.82	323.39
184.89	318.59
184.97	363.58
185.04	433.89
185.12	504.34
185.20	582.32
185.27	657.76
185.35	744.38
185.42	802.21
185.50	863.60
185.57	919.45
185.65	962.27
185.72	1001.84
185.80	1080.98
185.87	1139.02
185.95	1205.11
186.02	1319.39
186.10	1387.96
186.17	1412.02
186.25	1403.14
186.33	1263.70
186.40	1063.58
186.48	916.93
186.55	823.17
186.63	807.24
186.70	929.55
186.78	1092.94
186.85	1236.27
186.93	1361.75
187.00	1465.48
187.08	1579.20
187.15	1685.41
187.23	1810.36
187.30	1940.18
187.38	2050.39
187.45	2168.48
187.53	2303.22
187.60	2382.06
187.68	2482.53
187.75	2628.43
187.83	2700.01
187.90	2759.25
187.98	2869.51
188.05	2895.34
188.13	2753.11
188.21	2497.81
188.28	2230.78
188.36	1966.82
188.43	1775.49
188.51	1778.40
188.58	1969.42
188.66	2178.68
188.73	2381.55
188.81	2596.27
188.88	2758.15
188.96	2919.07
189.03	3055.93
189.11	3201.90
189.18	3334.98
189.26	3445.90
189.33	3557.57
189.41	3689.48
189.48	3771.72
189.56	3864.63
189.63	3997.23
189.71	4058.45
189.78	4117.15
189.86	4216.30
189.93	4266.48
190.01	4261.50
190.08	4236.58
190.16	4052.08
190.23	3686.29
190.31	3342.10
190.38	3096.78
190.46	2953.43
190.53	2997.88
190.61	3232.59
190.68	3485.76
190.76	3710.38
190.83	3905.16
190.91	4063.62
190.98	4237.47
191.06	4381.28
191.13	4528.36
191.21	4662.09
191.28	4778.87
191.35	4895.15
191.43	5012.72
191.50	5082.01
191.58	5168.68
191.65	5264.61
191.73	5297.24
191.80	5339.80
191.88	5383.38
191.95	5378.88
192.03	5376.65
192.10	5403.36
192.18	5418.24
192.25	5403.67
192.33	5301.82
192.40	5073.17
192.48	4820.75
192.55	4622.09
192.63	4495.12
192.70	4519.29
192.78	4698.82
192.85	4928.91
192.93	5129.54
193.00	5318.78
193.08	5471.24
193.15	5630.01
193.22	5737.92
193.30	5834.51
193.37	5919.36
193.45	5971.41
193.52	6009.28
193.60	6069.77
193.67	6115.17
193.75	6161.82
193.82	6227.89
193.90	6257.11
193.97	6291.22
194.05	6334.60
194.12	6363.89
194.20	6406.23
194.27	6467.92
194.34	6517.12
194.42	6552.11
194.49	6591.60
194.57	6613.13
194.64	6580.79
194.72	6487.38
194.79	6383.40
194.87	6283.07
194.94	6195.91
195.02	6166.17
195.09	6209.60
195.17	6293.19
195.24	6382.40
195.31	6490.58
195.39	6598.32
195.46	6711.83
195.54	6810.20
195.61	6900.92
195.69	6971.34
195.76	7025.14
195.84	7070.36
195.91	7107.12
195.99	7130.68
196.06	7150.57
196.13	7176.36
196.21	7183.16
196.28	7189.64
196.36	7193.87
196.43	7174.18
196.51	7144.43
196.58	7117.26
196.66	7096.12
196.73	7098.81
196.80	7135.81
196.88	7190.24
196.95	7266.45
197.03	7348.33
197.10	7400.63
197.18	7427.05
197.25	7447.80
197.33	7459.85
197.40	7467.22
197.47	7486.78
197.55	7522.33
197.62	7557.89
197.70	7589.47
197.77	7622.52
197.85	7645.91
197.92	7653.77
197.99	7640.07
198.07	7593.38
198.14	7521.47
198.22	7474.23
198.29	7460.46
198.37	7501.10
198.44	7592.28
198.51	7710.72
198.59	7818.20
198.66	7915.12
198.74	7982.40
198.81	8034.39
198.89	8075.94
198.96	8116.22
199.03	8147.00
199.11	8178.05
199.18	8194.06
199.26	8204.50
199.33	8220.29
199.41	8231.47
199.48	8214.45
199.55	8174.08
199.63	8108.47
199.70	8042.64
199.78	7982.07
199.85	7970.06
199.93	8021.99
200.00	8131.60
200.07	8249.05
200.15	8375.15
200.22	8480.43
200.30	8556.85
200.37	8621.02
200.44	8674.85
200.52	8723.33
200.59	8771.90
200.67	8809.67
200.74	8825.80
200.81	8825.43
200.89	8812.63
200.96	8807.48
201.04	8805.33
201.11	8796.66
201.19	8764.84
201.26	8731.63
201.33	8694.13
201.41	8684.74
201.48	8717.03
201.56	8805.11
201.63	8926.29
201.70	9050.93
201.78	9162.78
201.85	9260.74
201.93	9339.33
202.00	9395.15
202.07	9449.31
202.15	9491.82
202.22	9525.38
202.30	9564.29
202.37	9598.12
202.44	9625.25
202.52	9647.63
202.59	9657.90
202.67	9654.95
202.74	9664.84
202.81	9669.42
202.89	9653.08
202.96	9646.89
203.04	9671.37
203.11	9709.85
203.18	9782.48
203.26	9895.46
203.33	10012.20
203.41	10115.56
203.48	10205.36
203.55	10265.78
203.63	10325.38
203.70	10386.12
203.77	10440.91
203.85	10492.41
203.92	10538.12
204.00	10584.84
204.07	10631.53
204.14	10677.96
204.22	10718.08
204.29	10764.21
204.37	10796.51
204.44	10817.66
204.51	10840.14
204.59	10863.20
204.66	10886.43
204.73	10929.03
204.81	10988.78
204.88	11071.47
204.96	11166.96
205.03	11270.52
205.10	11358.77
205.18	11446.67
205.25	11516.89
205.32	11589.60
205.40	11657.30
205.47	11726.78
205.55	11789.09
205.62	11851.47
205.69	11915.23
205.77	11977.96
205.84	12046.16
205.91	12118.41
205.99	12188.85
206.06	12243.91
206.14	12304.55
206.21	12362.68
206.28	12409.22
206.36	12458.59
206.43	12512.07
206.50	12575.42
206.58	12650.38
206.65	12744.44
206.72	12846.15
206.80	12950.55
206.87	13049.98
206.95	13142.07
207.02	13229.02
207.09	13311.91
207.17	13396.84
207.24	13477.96
207.31	13564.20
207.39	13649.06
207.46	13729.11
207.53	13805.81
207.61	13889.94
207.68	13967.58
207.75	14051.57
207.83	14140.06
207.90	14224.87
207.98	14293.54
208.05	14367.40
208.12	14436.63
208.20	14512.19
208.27	14596.37
208.34	14703.71
208.42	14803.54
208.49	14912.68
208.56	15013.27
208.64	15118.66
208.71	15215.65
208.78	15313.58
208.86	15419.24
208.93	15524.41
209.00	15628.70
209.08	15725.76
209.15	15832.63
209.22	15930.33
209.30	16033.45
209.37	16134.02
209.44	16238.72
209.52	16337.97
209.59	16433.51
209.67	16533.01
209.74	16630.43
209.81	16737.64
209.89	16838.59
209.96	16946.46
210.03	17053.11
210.11	17163.50
210.18	17265.94
210.25	17380.13
210.33	17490.70
210.40	17604.54
210.47	17725.04
210.55	17854.18
210.62	17975.00
210.69	18090.29
210.77	18205.45
210.84	18317.57
210.91	18440.22
210.99	18558.16
211.06	18683.97
211.13	18805.49
211.21	18929.33
211.28	19035.94
211.35	19159.81
211.42	19285.56
211.50	19409.61
211.57	19531.23
211.64	19657.32
211.72	19776.60
211.79	19898.47
211.86	20022.60
211.94	20152.83
212.01	20279.44
212.08	20408.25
212.16	20532.91
212.23	20667.18
212.30	20799.02
212.38	20925.83
212.45	21064.87
212.52	21196.93
212.60	21322.54
212.67	21450.96
212.74	21590.69
212.82	21716.43
212.89	21850.44
212.96	21982.43
213.03	22115.71
213.11	22246.41
213.18	22379.18
213.25	22516.61
213.33	22654.50
213.40	22787.74
213.47	22929.16
213.55	23075.16
213.62	23210.16
213.69	23351.86
213.77	23494.68
213.84	23633.48
213.91	23776.03
213.98	23922.61
214.06	24062.74
214.13	24214.29
214.20	24356.13
214.28	24509.04
214.35	24650.24
214.42	24791.88
214.50	24928.63
214.57	25069.59
214.64	25198.35
214.72	25345.13
214.79	25490.68
214.86	25639.87
214.93	25784.92
215.01	25937.62
215.08	26075.29
215.15	26222.16
215.23	26362.35
215.30	26511.82
215.37	26652.41
215.44	26812.50
215.52	26966.25
215.59	27112.90
215.66	27250.92
215.74	27392.22
215.81	27526.47
215.88	27662.49
215.95	27799.23
216.03	27952.01
216.10	28104.54
216.17	28256.65
216.25	28412.92
216.32	28574.62
216.39	28733.19
216.46	28884.87
216.54	29030.99
216.61	29179.44
216.68	29323.21
216.76	29462.86
216.83	29607.64
216.90	29758.87
216.97	29914.32
217.05	30072.60
217.12	30231.28
217.19	30382.31
217.27	30526.90
217.34	30656.48
217.41	30783.67
217.48	30911.72
217.56	31050.32
217.63	31195.68
217.70	31345.55
217.78	31503.90
217.85	31659.97
217.92	31809.92
217.99	31958.92
218.07	32108.95
218.14	32251.55
218.21	32398.48
218.28	32548.19
218.36	32698.96
218.43	32844.40
218.50	32992.25
218.57	33138.02
218.65	33279.86
218.72	33408.97
218.79	33546.29
218.87	33685.73
218.94	33828.24
219.01	33965.65
219.08	34111.10
219.16	34255.87
219.23	34399.74
219.30	34533.05
219.37	34671.05
219.45	34817.75
219.52	34961.94
219.59	35089.35
219.66	35216.58
219.74	35354.13
219.81	35495.09
219.88	35626.72
219.95	35774.20
220.03	35928.75
220.10	36065.54
220.17	36194.14
220.24	36329.19
220.32	36459.18
220.39	36580.33
220.46	36707.31
220.53	36835.64
220.61	36962.50
220.68	37087.17
220.75	37217.41
220.82	37354.10
220.90	37479.63
220.97	37605.93
221.04	37730.54
221.11	37849.52
221.19	37961.84
221.26	38084.52
221.33	38210.94
221.40	38334.56
221.48	38459.24
221.55	38584.00
221.62	38702.21
221.69	38813.98
221.77	38937.43
221.84	39065.18
221.91	39186.89
221.98	39309.13
222.06	39433.32
222.13	39556.51
222.20	39665.67
222.27	39781.94
222.35	39895.60
222.42	40009.07
222.49	40119.42
222.56	40231.18
222.63	40339.11
222.71	40445.61
222.78	40551.53
222.85	40656.65
222.92	40773.25
223.00	40884.72
223.07	40999.52
223.14	41105.62
223.21	41207.98
223.29	41305.04
223.36	41413.42
223.43	41517.08
223.50	41628.52
223.57	41742.48
223.65	41865.02
223.72	41972.05
223.79	42075.92
223.86	42171.79
223.94	42259.91
224.01	42333.14
224.08	42421.01
224.15	42510.59
224.22	42603.65
224.30	42688.21
224.37	42787.06
224.44	42879.29
224.51	42967.26
224.59	43049.54
224.66	43142.03
224.73	43226.43
224.80	43314.06
224.87	43408.35
224.95	43507.13
225.02	43608.98
225.09	43710.04
225.16	43799.00
225.23	43888.34
225.31	43981.93
225.38	44064.27
225.45	44138.23
225.52	44226.24
225.60	44308.27
225.67	44376.64
225.74	44451.31
225.81	44529.74
225.88	44602.99
225.96	44668.69
226.03	44746.34
226.10	44822.16
226.17	44898.50
226.24	44968.34
226.32	45053.30
226.39	45132.57
226.46	45207.26
226.53	45282.03
226.60	45367.35
226.68	45449.48
226.75	45534.15
226.82	45620.09
226.89	45705.34
226.96	45778.13
227.04	45831.29
227.11	45877.55
227.18	45926.67
227.25	45976.02
227.32	46021.69
227.40	46089.97
227.47	46164.85
227.54	46245.99
227.61	46320.21
227.68	46403.24
227.76	46478.37
227.83	46551.21
227.90	46612.73
227.97	46671.55
228.04	46727.51
228.11	46774.71
228.19	46807.91
228.26	46851.24
228.33	46898.12
228.40	46941.73
228.47	46994.17
228.55	47055.63
228.62	47112.70
228.69	47173.42
228.76	47239.21
228.83	47301.03
228.90	47356.59
228.98	47415.97
229.05	47481.09
229.12	47547.18
229.19	47612.99
229.26	47677.67
229.34	47727.34
229.41	47775.77
229.48	47811.85
229.55	47852.89
229.62	47901.99
229.69	47960.43
229.77	48014.03
229.84	48068.83
229.91	48115.81
229.98	48156.44
230.05	48195.24
230.12	48227.33
230.20	48269.88
230.27	48310.73
230.34	48357.17
230.41	48410.25
230.48	48467.40
230.55	48520.76
230.63	48577.71
230.70	48646.62
230.77	48689.76
230.84	48727.65
230.91	48754.20
230.98	48786.37
231.06	48804.75
231.13	48855.85
231.20	48912.95
231.27	48969.75
231.34	49023.17
231.41	49081.01
231.49	49121.89
231.56	49162.23
231.63	49207.16
231.70	49250.92
231.77	49289.35
231.84	49319.25
231.92	49342.14
231.99	49374.89
232.06	49404.73
232.13	49436.11
232.20	49478.00
232.27	49522.01
232.34	49551.55
232.42	49576.70
232.49	49601.71
232.56	49623.35
232.63	49650.99
232.70	49680.49
232.77	49720.68
232.85	49760.21
232.92	49811.39
232.99	49846.09
233.06	49876.43
233.13	49896.90
233.20	49907.13
233.27	49901.68
233.35	49902.55
233.42	49909.76
233.49	49926.50
233.56	49954.73
233.63	49987.11
233.70	50019.40
233.77	50052.48
233.85	50079.05
233.92	50112.47
233.99	50138.52
234.06	50164.23
234.13	50191.96
234.20	50221.65
234.27	50231.00
234.35	50236.74
234.42	50246.90
234.49	50250.59
234.56	50251.19
234.63	50261.47
234.70	50280.57
234.77	50296.65
234.84	50316.71
234.92	50320.03
234.99	50327.20
235.06	50323.56
235.13	50316.42
235.20	50314.20
235.27	50326.69
235.34	50328.01
235.41	50339.09
235.49	50354.99
235.56	50365.06
235.63	50371.62
235.70	50381.78
235.77	50390.18
235.84	50394.60
235.91	50388.70
235.98	50377.63
236.06	50363.00
236.13	50343.98
236.20	50321.46
236.27	50291.96
236.34	50268.98
236.41	50252.57
236.48	50235.83
236.55	50227.98
236.63	50224.11
236.70	50217.66
236.77	50214.19
236.84	50226.23
236.91	50223.28
236.98	50227.34
237.05	50235.99
237.12	50234.02
237.19	50214.26
237.27	50212.68
237.34	50215.25
237.41	50210.54
237.48	50194.77
237.55	50182.08
237.62	50163.73
237.69	50148.03
237.76	50137.12
237.83	50146.42
237.91	50155.16
237.98	50154.13
238.05	50144.06
238.12	50131.54
238.19	50111.88
238.26	50105.94
238.33	50096.56
238.40	50088.60
238.47	50077.35
238.54	50075.05
238.62	50062.68
238.69	50052.58
238.76	50037.10
238.83	50025.26
238.90	50005.98
238.97	49989.69
239.04	49976.78
239.11	49971.83
239.18	49973.05
239.25	49964.79
239.33	49940.54
239.40	49918.54
239.47	49894.10
239.54	49852.66
239.61	49817.78
239.68	49783.46
239.75	49765.12
239.82	49749.53
239.89	49745.04
239.96	49741.16
240.03	49746.30
240.11	49739.56
240.18	49728.94
240.25	49719.51
240.32	49707.80
240.39	49696.54
240.46	49681.83
240.53	49681.77
240.60	49675.68
240.67	49670.87
240.74	49659.80
240.81	49656.83
240.88	49644.83
240.96	49632.56
241.03	49624.05
241.10	49619.37
241.17	49609.14
241.24	49600.94
241.31	49593.57
241.38	49584.33
241.45	49571.72
241.52	49563.48
241.59	49549.04
241.66	49542.51
241.73	49531.60
241.80	49523.93
241.88	49509.43
241.95	49494.49
242.02	49469.15
242.09	49442.34
242.16	49422.68
242.23	49412.54
242.30	49400.80
242.37	49390.57
242.44	49396.72
242.51	49391.45
242.58	49382.83
242.65	49377.08
242.72	49379.08
242.79	49363.08
242.87	49360.48
242.94	49351.62
243.01	49355.07
243.08	49362.32
243.15	49372.91
243.22	49377.94
243.29	49391.93
243.36	49389.97
243.43	49391.79
243.50	49403.20
243.57	49417.72
243.64	49416.00
243.71	49419.26
243.78	49414.70
243.85	49404.28
243.92	49393.47
243.99	49386.85
244.07	49383.37
244.14	49374.55
244.21	49368.71
244.28	49361.30
244.35	49359.08
244.42	49351.31
244.49	49346.93
244.56	49352.08
244.63	49354.68
244.70	49353.60
244.77	49360.87
244.84	49373.74
244.91	49386.03
244.98	49404.56
245.05	49432.84
245.12	49455.40
245.19	49475.33
245.26	49477.69
245.33	49491.64
245.40	49509.85
245.47	49539.30
245.55	49567.26
245.62	49592.93
245.69	49594.83
245.76	49598.10
245.83	49596.29
245.90	49589.19
245.97	49599.51
246.04	49623.59
246.11	49631.70
246.18	49635.71
246.25	49646.75
246.32	49640.56
246.39	49636.53
246.46	49646.63
246.53	49659.29
246.60	49670.17
246.67	49696.72
246.74	49719.12
246.81	49744.05
246.88	49763.36
246.95	49784.77
247.02	49807.48
247.09	49831.77
247.16	49834.73
247.23	49832.73
247.30	49828.87
247.37	49823.43
247.44	49829.38
247.51	49847.18
247.58	49884.44
247.66	49927.47
247.73	49973.71
247.80	50004.50
247.87	50036.38
247.94	50072.60
248.01	50111.69
248.08	50136.64
248.15	50168.52
248.22	50195.07
248.29	50213.16
248.36	50227.19
248.43	50253.16
248.50	50276.69
248.57	50297.56
248.64	50312.37
248.71	50324.60
248.78	50350.69
248.85	50366.53
248.92	50396.59
248.99	50419.20
249.06	50445.85
249.13	50452.13
249.20	50476.75
249.27	50496.29
249.34	50517.26
249.41	50530.68
249.48	50531.72
249.55	50523.23
249.62	50523.10
249.69	50533.83
249.76	50561.98
249.83	50611.73
249.90	50662.89
249.97	50708.80
250.04	50755.31
250.11	50792.50
250.18	50814.88
250.25	50839.55
250.32	50860.98
250.39	50882.40
250.46	50900.25
250.53	50929.99
250.60	50962.21
250.67	50994.57
250.74	51022.15
250.81	51036.45
250.88	51053.68
250.95	51065.13
251.02	51080.34
251.09	51094.94
251.16	51127.46
251.23	51152.44
251.30	51169.43
251.37	51177.46
251.44	51191.80
251.51	51205.69
251.58	51223.97
251.65	51245.62
251.72	51264.21
251.79	51287.72
251.86	51306.96
251.93	51318.16
252.00	51328.94
252.07	51347.31
252.14	51358.96
252.21	51363.79
252.28	51373.78
252.35	51389.40
252.42	51416.33
252.49	51430.28
252.56	51442.26
252.63	51457.52
252.70	51468.79
252.77	51472.75
252.84	51485.04
252.91	51498.84
252.98	51516.98
253.05	51538.44
253.12	51544.07
253.19	51556.39
253.25	51580.67
253.32	51592.42
253.39	51621.98
253.46	51659.24
253.53	51691.38
253.60	51699.93
253.67	51719.51
253.74	51717.11
253.81	51727.50
253.88	51733.10
253.95	51756.32
254.02	51774.01
254.09	51800.79
254.16	51816.70
254.23	51829.26
254.30	51841.73
254.37	51853.28
254.44	51864.08
254.51	51871.35
254.58	51881.06
254.65	51886.38
254.72	51887.47
254.79	51880.82
254.86	51889.06
254.93	51890.01
255.00	51894.57
255.07	51899.15
255.14	51912.23
255.21	51906.58
255.28	51896.79
255.34	51885.74
255.41	51885.98
255.48	51877.91
255.55	51881.95
255.62	51897.31
255.69	51913.27
255.76	51918.31
255.83	51926.57
255.90	51938.78
255.97	51957.63
256.04	51961.86
256.11	51970.53
256.18	51970.26
256.25	51963.96
256.32	51951.57
256.39	51954.05
256.46	51952.62
256.53	51951.41
256.60	51949.63
256.67	51956.35
256.74	51952.85
256.80	51955.79
256.87	51962.75
256.94	51966.62
257.01	51961.12
257.08	51963.68
257.15	51953.39
257.22	51936.93
257.29	51914.73
257.36	51896.70
257.43	51880.08
257.50	51874.56
257.57	51869.38
257.64	51870.83
257.71	51851.05
257.78	51834.05
257.85	51804.76
257.92	51783.58
257.98	51766.91
258.05	51769.20
258.12	51762.18
258.19	51758.01
258.26	51748.81
258.33	51735.11
258.40	51721.90
258.47	51716.36
258.54	51718.44
258.61	51723.43
258.68	51722.68
258.75	51718.28
258.82	51707.78
258.89	51690.39
258.95	51676.24
259.02	51658.17
259.09	51641.65
259.16	51623.21
259.23	51597.61
259.30	51566.38
259.37	51547.01
259.44	51530.41
259.51	51517.62
259.58	51508.55
259.65	51495.40
259.72	51479.22
259.79	51442.46
259.85	51407.75
259.92	51369.19
259.99	51342.97
260.06	51318.86
260.13	51306.33
260.20	51277.19
260.27	51255.39
260.34	51220.06
260.41	51182.55
260.48	51149.15
260.55	51128.65
260.62	51117.77
260.68	51100.17
260.75	51078.72
260.82	51063.59
260.89	51048.46
260.96	51020.61
261.03	50999.48
261.10	50974.88
261.17	50948.33
261.24	50909.53
261.31	50874.97
261.38	50850.65
261.44	50828.02
261.51	50785.95
261.58	50747.71
261.65	50709.52
261.72	50667.13
261.79	50618.82
261.86	50589.02
261.93	50567.42
262.00	50543.03
262.07	50513.57
262.13	50492.99
262.20	50464.17
262.27	50423.34
262.34	50390.19
262.41	50360.37
262.48	50324.36
262.55	50290.31
262.62	50260.29
262.69	50216.83
262.76	50177.82
262.82	50140.32
262.89	50111.18
262.96	50082.68
263.03	50053.93
263.10	50021.51
263.17	49988.99
263.24	49950.57
263.31	49922.28
263.38	49891.01
263.44	49860.66
263.51	49814.55
263.58	49762.57
263.65	49713.45
263.72	49666.02
263.79	49617.23
263.86	49582.74
263.93	49549.15
264.00	49505.27
264.06	49474.52
264.13	49437.45
264.20	49405.31
264.27	49361.36
264.34	49324.04
264.41	49277.88
264.48	49231.86
264.55	49183.46
264.61	49142.86
264.68	49104.61
264.75	49065.59
264.82	49017.72
264.89	48975.48
264.96	48938.00
265.03	48897.49
265.10	48856.17
265.16	48826.51
265.23	48793.55
265.30	48765.48
265.37	48728.52
265.44	48694.90
265.51	48654.96
265.58	48612.99
265.65	48554.66
265.71	48504.13
265.78	48457.13
265.85	48409.23
265.92	48359.27
265.99	48320.14
266.06	48281.35
266.13	48228.32
266.20	48185.90
266.26	48145.70
266.33	48106.02
266.40	48060.93
266.47	48017.67
266.54	47959.60
266.61	47901.14
266.68	47838.93
266.74	47774.68
266.81	47718.61
266.88	47671.91
266.95	47617.68
267.02	47572.75
267.09	47535.26
267.16	47492.87
267.22	47448.86
267.29	47419.46
267.36	47382.45
267.43	47345.17
267.50	47310.98
267.57	47280.68
267.64	47241.98
267.70	47206.41
267.77	47158.56
267.84	47118.13
267.91	47073.46
267.98	47020.36
268.05	46969.33
268.11	46929.85
268.18	46873.77
268.25	46821.79
268.32	46779.21
268.39	46739.10
268.46	46698.45
268.53	46668.72
268.59	46635.54
268.66	46611.57
268.73	46573.84
268.80	46527.97
268.87	46477.42
268.94	46430.70
269.00	46373.72
269.07	46332.18
269.14	46301.99
269.21	46274.02
269.28	46235.47
269.35	46198.35
269.41	46153.73
269.48	46104.22
269.55	46045.03
269.62	45997.36
269.69	45954.31
269.76	45905.09
269.82	45861.96
269.89	45837.81
269.96	45815.12
270.03	45776.22
270.10	45749.04
270.17	45708.13
270.23	45662.79
270.30	45614.26
270.37	45581.87
270.44	45545.19
270.51	45510.97
270.58	45475.86
270.64	45451.98
270.71	45419.93
270.78	45390.59
270.85	45353.71
270.92	45322.80
270.99	45280.28
271.05	45247.27
271.12	45198.77
271.19	45166.78
271.26	45118.57
271.33	45082.04
271.39	45044.70
271.46	45005.75
271.53	44971.27
271.60	44951.90
271.67	44922.13
271.74	44885.18
271.80	44865.39
271.87	44847.78
271.94	44816.17
272.01	44777.56
272.08	44746.35
272.14	44712.12
272.21	44674.88
272.28	44649.61
272.35	44628.31
272.42	44603.43
272.48	44583.72
272.55	44559.63
272.62	44532.40
272.69	44513.75
272.76	44497.98
272.83	44469.44
272.89	44434.18
272.96	44397.99
273.03	44365.19
273.10	44325.53
273.17	44297.19
273.23	44275.60
273.30	44265.40
273.37	44241.14
273.44	44221.38
273.51	44202.68
273.57	44180.09
273.64	44147.05
273.71	44125.93
273.78	44099.48
273.85	44077.37
273.91	44053.39
273.98	44036.61
274.05	44013.61
274.12	44004.22
274.19	43982.79
274.25	43961.20
274.32	43929.45
274.39	43893.06
274.46	43843.89
274.53	43789.92
274.59	43747.51
274.66	43715.97
274.73	43697.63
274.80	43677.39
274.86	43659.77
274.93	43632.68
275.00	43596.26
275.07	43552.10
275.14	43518.81
275.20	43493.91
275.27	43473.68
275.34	43452.39
275.41	43442.26
275.48	43431.92
275.54	43415.40
275.61	43389.38
275.68	43373.71
275.75	43336.42
275.81	43295.65
275.88	43268.36
275.95	43244.18
276.02	43212.87
276.09	43190.17
276.15	43164.46
276.22	43140.28
276.29	43126.37
276.36	43102.94
276.42	43077.91
276.49	43054.63
276.56	43023.08
276.63	42984.95
276.70	42957.64
276.76	42942.64
276.83	42929.56
276.90	42913.19
276.97	42893.35
277.03	42876.13
277.10	42857.12
277.17	42834.18
277.24	42820.58
277.30	42810.75
277.37	42796.23
277.44	42775.23
277.51	42756.40
277.58	42725.55
277.64	42693.65
277.71	42669.18
277.78	42646.64
277.85	42614.80
277.91	42586.67
277.98	42564.20
278.05	42534.52
278.12	42515.27
278.18	42498.06
278.25	42482.03
278.32	42466.05
278.39	42456.33
278.45	42430.52
278.52	42413.44
278.59	42393.92
278.66	42373.10
278.72	42353.00
278.79	42338.78
278.86	42321.73
278.93	42313.37
278.99	42297.68
279.06	42277.78
279.13	42254.15
279.20	42234.46
279.26	42207.84
279.33	42188.06
279.40	42163.20
279.47	42138.69
279.53	42110.74
279.60	42084.51
279.67	42053.01
279.74	42021.98
279.80	42000.87
279.87	41988.89
279.94	41973.41
280.01	41964.08
280.07	41953.57
280.14	41934.08
280.21	41902.07
280.28	41865.11
280.34	41831.39
280.41	41809.54
280.48	41778.00
280.55	41751.86
280.61	41732.52
280.68	41709.58
280.75	41671.12
280.82	41640.67
280.88	41608.17
280.95	41560.81
281.02	41507.33
281.08	41439.97
281.15	41372.65
281.22	41305.98
281.29	41250.09
281.35	41189.58
281.42	41155.41
281.49	41118.45
281.56	41086.52
281.62	41057.67
281.69	41031.57
281.76	40996.83
281.82	40967.01
281.89	40938.98
281.96	40908.12
282.03	40881.74
282.09	40861.49
282.16	40843.28
282.23	40812.37
282.30	40788.18
282.36	40763.52
282.43	40740.41
282.50	40722.43
282.56	40694.07
282.63	40672.09
282.70	40647.25
282.77	40627.65
282.83	40607.66
282.90	40602.44
282.97	40583.07
283.03	40561.25
283.10	40533.91
283.17	40504.68
283.24	40475.82
283.30	40447.95
283.37	40424.78
283.44	40402.00
283.50	40371.61
283.57	40351.32
283.64	40321.33
283.71	40282.51
283.77	40240.00
283.84	40204.04
283.91	40156.99
283.97	40138.45
284.04	40146.79
284.11	40155.04
284.18	40166.52
284.24	40178.20
284.31	40185.97
284.38	40180.63
284.44	40164.95
284.51	40144.94
284.58	40132.33
284.64	40111.39
284.71	40092.35
284.78	40083.77
284.85	40073.67
284.91	40058.86
284.98	40040.34
285.05	40009.89
285.11	39988.42
285.18	39966.86
285.25	39952.13
285.31	39948.50
285.38	39955.93
285.45	39958.19
285.52	39959.80
285.58	39954.57
285.65	39943.63
285.72	39921.68
285.78	39904.99
285.85	39889.64
285.92	39865.84
285.98	39844.79
286.05	39829.15
286.12	39811.04
286.18	39795.98
286.25	39799.89
286.32	39792.33
286.39	39795.30
286.45	39791.75
286.52	39787.73
286.59	39771.51
286.65	39767.04
286.72	39759.16
286.79	39754.19
286.85	39741.24
286.92	39730.06
286.99	39716.30
287.05	39698.54
287.12	39686.68
287.19	39682.23
287.25	39680.49
287.32	39678.05
287.39	39680.57
287.45	39674.19
287.52	39673.13
287.59	39671.73
287.65	39671.48
287.72	39660.17
287.79	39648.80
287.86	39637.37
287.92	39622.76
287.99	39609.62
288.06	39609.36
288.12	39606.73
288.19	39601.68
288.26	39593.53
288.32	39584.28
288.39	39570.58
288.46	39568.45
288.52	39563.75
288.59	39570.74
288.66	39573.43
288.72	39578.89
288.79	39583.03
288.86	39584.74
288.92	39576.04
288.99	39566.18
289.06	39557.77
289.12	39549.31
289.19	39554.79
289.26	39558.23
289.32	39570.51
289.39	39576.32
289.45	39584.44
289.52	39574.84
289.59	39579.01
289.65	39579.18
289.72	39581.14
289.79	39588.78
289.85	39602.56
289.92	39605.65
289.99	39608.42
290.05	39614.27
290.12	39596.49
290.19	39591.77
290.25	39583.18
290.32	39579.89
290.39	39582.15
290.45	39595.59
290.52	39601.45
290.59	39612.44
290.65	39615.76
290.72	39614.87
290.79	39613.18
290.85	39619.98
290.92	39634.52
290.98	39643.14
291.05	39652.34
291.12	39659.85
291.18	39661.89
291.25	39662.26
291.32	39670.79
291.38	39666.16
291.45	39669.53
291.52	39663.76
291.58	39665.44
291.65	39670.67
291.72	39691.15
291.78	39716.14
291.85	39738.21
291.91	39752.42
291.98	39778.91
292.05	39780.98
292.11	39781.24
292.18	39790.70
292.25	39795.23
292.31	39783.04
292.38	39788.20
292.45	39792.91
292.51	39800.51
292.58	39801.89
292.64	39809.14
292.71	39812.44
292.78	39815.44
292.84	39813.83
292.91	39822.58
292.98	39832.74
293.04	39845.24
293.11	39852.16
293.17	39869.63
293.24	39885.49
293.31	39895.31
293.37	39911.81
293.44	39922.47
293.51	39930.15
293.57	39935.68
293.64	39949.57
293.70	39962.23
293.77	39983.26
293.84	39994.53
293.90	40003.28
293.97	40005.46
294.04	40015.35
294.10	40021.53
294.17	40032.75
294.23	40047.40
294.30	40057.89
294.37	40067.30
294.43	40085.05
294.50	40088.31
294.56	40106.07
294.63	40123.84
294.70	40138.46
294.76	40150.73
294.83	40171.50
294.90	40181.48
294.96	40198.38
295.03	40207.14
295.09	40217.34
295.16	40230.66
295.23	40236.26
295.29	40244.13
295.36	40251.64
295.42	40258.87
295.49	40266.58
295.56	40294.08
295.62	40314.87
295.69	40334.55
295.75	40347.25
295.82	40361.06
295.89	40357.06
295.95	40363.00
296.02	40371.43
296.08	40380.63
296.15	40383.80
296.22	40401.44
296.28	40416.36
296.35	40435.35
296.41	40454.70
296.48	40476.78
296.55	40497.72
296.61	40514.16
296.68	40533.30
296.74	40560.17
296.81	40586.12
296.88	40606.07
296.94	40628.66
297.01	40645.72
297.07	40654.26
297.14	40669.16
297.20	40682.15
297.27	40693.71
297.34	40712.98
297.40	40730.68
297.47	40742.36
297.53	40755.82
297.60	40766.84
297.67	40774.35
297.73	40790.11
297.80	40799.62
297.86	40806.72
297.93	40820.43
298.00	40835.91
298.06	40849.33
298.13	40880.76
298.19	40900.19
298.26	40916.03
298.32	40932.27
298.39	40938.46
298.46	40941.83
298.52	40958.68
298.59	40968.86
298.65	40982.24
298.72	41006.66
298.78	41019.08
298.85	41031.40
298.92	41051.81
298.98	41063.79
299.05	41070.88
299.11	41083.71
299.18	41096.21
299.24	41105.76
299.31	41114.02
299.38	41125.34
299.44	41132.11
299.51	41146.50
299.57	41155.04
299.64	41167.21
299.70	41180.70
299.77	41195.10
299.84	41199.05
299.90	41202.08
299.97	41203.74
300.03	41214.04
300.10	41226.96
300.16	41243.48
300.23	41270.49
300.30	41291.24
300.36	41301.11
300.43	41311.58
300.49	41321.17
300.56	41327.03
300.62	41340.75
300.69	41348.08
300.75	41357.32
300.82	41366.42
300.89	41372.83
300.95	41380.59
301.02	41385.93
301.08	41391.17
301.15	41390.95
301.21	41392.25
301.28	41394.47
301.34	41399.71
301.41	41396.24
301.48	41395.50
301.54	41388.68
301.61	41384.85
301.67	41378.50
301.74	41390.31
301.80	41402.00
301.87	41406.96
301.93	41403.90
302.00	41408.77
302.06	41394.41
302.13	41378.38
302.20	41376.82
302.26	41368.07
302.33	41361.18
302.39	41358.33
302.46	41350.39
302.52	41341.51
302.59	41344.53
302.65	41344.97
302.72	41345.36
302.78	41348.82
302.85	41348.04
302.91	41336.71
302.98	41319.97
303.05	41302.53
303.11	41289.63
303.18	41271.05
303.24	41261.90
303.31	41249.96
303.37	41234.16
303.44	41224.01
303.50	41215.38
303.57	41197.25
303.63	41185.17
303.70	41179.59
303.76	41161.22
303.83	41147.38
303.89	41144.15
303.96	41130.48
304.03	41107.68
304.09	41089.14
304.16	41069.28
304.22	41034.56
304.29	41016.18
304.35	41001.18
304.42	40984.52
304.48	40966.76
304.55	40956.90
304.61	40937.77
304.68	40917.15
304.74	40904.38
304.81	40888.37
304.87	40856.04
304.94	40827.09
305.00	40796.53
305.07	40759.06
305.13	40718.33
305.20	40690.21
305.26	40661.84
305.33	40642.48
305.39	40620.38
305.46	40588.31
305.52	40567.19
305.59	40542.23
305.66	40506.91
305.72	40473.10
305.79	40453.30
305.85	40418.81
305.92	40362.91
305.98	40254.78
306.05	40038.62
306.11	39736.54
306.18	39451.82
306.24	39266.78
306.31	39226.83
306.37	39346.38
306.44	39576.74
306.50	39805.71
306.57	39956.98
306.63	40015.48
306.70	40014.59
306.76	39983.29
306.83	39939.55
306.89	39878.48
306.96	39822.62
307.02	39768.38
307.09	39728.74
307.15	39688.24
307.22	39660.31
307.28	39626.07
307.35	39592.30
307.41	39541.23
307.48	39483.88
307.54	39430.87
307.61	39381.13
307.67	39320.59
307.74	39271.06
307.80	39231.03
307.87	39188.44
307.93	39147.38
308.00	39112.18
308.06	39071.67
308.13	39021.15
308.19	38968.36
308.26	38918.08
308.32	38880.83
308.38	38846.38
308.45	38811.82
308.51	38776.37
308.58	38720.66
308.64	38652.82
308.71	38591.67
308.77	38537.99
308.84	38481.73
308.90	38451.72
308.97	38422.75
309.03	38392.19
309.10	38348.48
309.16	38301.83
309.23	38243.05
309.29	38182.74
309.36	38105.89
309.42	38035.43
309.49	37965.76
309.55	37895.93
309.62	37820.31
309.68	37765.61
309.75	37707.49
309.81	37653.95
309.88	37607.72
309.94	37557.56
310.00	37497.56
310.07	37438.86
310.13	37386.83
310.20	37325.34
310.26	37281.17
310.33	37230.36
310.39	37185.90
310.46	37133.01
310.52	37083.40
310.59	37024.28
310.65	36974.89
310.72	36916.80
310.78	36859.40
310.85	36795.49
310.91	36742.17
310.97	36690.22
311.04	36635.06
311.10	36571.36
311.17	36517.53
311.23	36465.08
311.30	36411.35
311.36	36356.12
311.43	36319.91
311.49	36262.32
311.56	36202.37
311.62	36135.16
311.69	36074.42
311.75	36010.96
311.81	35957.28
311.88	35900.04
311.94	35848.83
312.01	35804.84
312.07	35751.57
312.14	35705.80
312.20	35656.67
312.27	35595.23
312.33	35530.18
312.40	35459.14
312.46	35380.17
312.52	35313.54
312.59	35257.78
312.65	35193.56
312.72	35131.24
312.78	35069.12
312.85	34995.25
312.91	34919.63
312.98	34853.59
313.04	34797.48
313.10	34742.95
313.17	34693.61
313.23	34640.14
313.30	34588.99
313.36	34523.23
313.43	34450.98
313.49	34383.73
313.56	34311.68
313.62	34236.78
313.68	34172.39
313.75	34122.59
313.81	34061.39
313.88	33999.78
313.94	33938.25
314.01	33880.31
314.07	33818.45
314.13	33757.45
314.20	33703.02
314.26	33643.09
314.33	33578.26
314.39	33508.40
314.46	33428.50
314.52	33363.47
314.58	33296.51
314.65	33229.04
314.71	33160.90
314.78	33105.85
314.84	33039.98
314.91	32979.15
314.97	32914.87
315.03	32856.57
315.10	32794.43
315.16	32724.72
315.23	32656.44
315.29	32595.15
315.36	32529.09
315.42	32464.73
315.48	32400.44
315.55	32335.13
315.61	32259.47
315.68	32199.92
315.74	32138.93
315.81	32071.77
315.87	32002.39
315.93	31947.25
316.00	31899.64
316.06	31857.00
316.13	31827.59
316.19	31776.90
316.25	31678.45
316.32	31510.62
316.38	31295.08
316.45	31014.84
316.51	30704.32
316.58	30371.40
316.64	30022.68
316.70	29655.15
316.77	29266.88
316.83	28855.88
316.90	28427.52
316.96	27989.48
317.02	27539.79
317.09	27082.10
317.15	26618.83
317.22	26139.33
317.28	25637.36
317.34	25119.53
317.41	24595.61
317.47	24058.58
317.54	23511.78
317.60	22955.05
317.66	22392.73
317.73	21816.93
317.79	21236.61
317.86	20664.59
317.92	20089.31
317.98	19499.58
318.05	18910.48
318.11	18316.04
318.18	17726.39
318.24	17139.98
318.30	16552.12
318.37	15969.97
318.43	15383.96
318.50	14793.70
318.56	14205.52
318.62	13637.27
318.69	13071.79
318.75	12527.45
318.82	11981.47
318.88	11455.40
318.94	10937.35
319.01	10430.11
319.07	9935.71
319.13	9453.84
319.20	8982.55
319.26	8519.57
319.33	8077.92
319.39	7638.32
319.45	7230.36
319.52	6836.72
319.58	6458.31
319.65	6094.04
319.71	5749.86
319.77	5414.32
319.84	5096.63
319.90	4797.94
319.96	4508.85
320.03	4238.93
320.09	3987.66
320.16	3743.18
320.22	3516.41
320.28	3306.18
320.35	3110.22
320.41	2924.88
320.47	2758.48
320.54	2601.17
320.60	2460.83
320.67	2331.07
320.73	2209.53
320.79	2098.60
320.86	2001.78
320.92	1906.79
320.98	1823.23
321.05	1746.87
321.11	1672.13
321.18	1603.48
321.24	1545.45
321.30	1485.74
321.37	1435.33
321.43	1397.28
321.49	1357.45
321.56	1319.78
321.62	1289.62
321.68	1256.63
321.75	1223.39
321.81	1194.26
321.88	1165.93
321.94	1141.79
322.00	1119.31
322.07	1090.82
322.13	1063.28
322.19	1032.90
322.26	999.85
322.32	969.37
322.38	944.28
322.45	922.74
322.51	899.20
322.58	879.82
322.64	852.37
322.70	828.16
322.77	796.39
322.83	775.46
322.89	743.80
322.96	716.43
323.02	687.93
323.08	660.60
323.15	630.13
323.21	605.01
323.27	581.09
323.34	556.19
323.40	533.60
323.46	509.29
323.53	478.65
323.59	405.21
323.65	304.60
323.72	190.29
323.78	80.77
323.85	-18.16
323.91	-68.10
323.97	-86.32
324.04	-87.29
