180.21	3429.94
180.28	-125.48
180.36	633.90
180.44	-44.41
180.51	-10.11
180.59	17.43
180.66	48.84
180.74	49.60
180.81	50.88
180.89	54.67
180.97	57.24
181.04	57.31
181.12	58.38
181.19	61.80
181.27	64.31
181.34	83.41
181.42	91.35
181.50	98.93
181.57	109.49
181.65	114.73
181.72	109.56
181.80	106.66
181.87	111.65
181.95	119.77
182.03	128.89
182.10	142.43
182.18	158.03
182.25	180.35
182.33	198.28
182.40	223.17
182.48	238.43
182.55	268.29
182.63	287.33
182.71	305.19
182.78	321.40
182.86	330.14
182.93	315.61
183.01	299.93
183.08	280.13
183.16	270.04
183.23	266.80
183.31	292.47
183.39	323.64
183.46	372.98
183.54	415.83
183.61	471.11
183.69	525.11
183.76	589.50
183.84	644.00
183.91	701.43
183.99	760.97
184.06	807.96
184.14	860.92
184.22	898.22
184.29	905.03
184.37	902.20
184.44	872.93
184.52	782.79
184.59	686.65
184.67	619.44
184.74	558.85
184.82	548.85
184.89	602.13
184.97	695.60
185.04	796.25
185.12	901.39
185.20	1002.66
185.27	1107.29
185.35	1196.01
185.42	1263.96
185.50	1341.70
185.57	1394.96
185.65	1448.95
185.72	1522.24
185.80	1600.13
185.87	1667.92
185.95	1757.02
186.02	1812.55
186.10	1813.04
186.17	1769.56
186.25	1637.86
186.33	1441.56
186.40	1276.35
186.48	1178.54
186.55	1163.69
186.63	1247.88
186.70	1417.76
186.78	1580.77
186.85	1726.51
186.93	1848.58
187.00	1982.24
187.08	2091.09
187.15	2222.31
187.23	2354.71
187.30	2472.27
187.38	2591.59
187.45	2727.61
187.53	2825.39
187.60	2916.65
187.68	3035.39
187.75	3114.68
187.83	3153.38
187.90	3189.16
187.98	3181.92
188.05	3059.49
188.13	2825.80
188.21	2568.51
188.28	2351.30
188.36	2188.16
188.43	2162.28
188.51	2301.95
188.58	2513.62
188.66	2709.17
188.73	2909.40
188.81	3095.50
188.88	3257.83
188.96	3394.59
189.03	3541.25
189.11	3680.34
189.18	3786.55
189.26	3890.64
189.33	4011.77
189.41	4105.09
189.48	4193.12
189.56	4299.77
189.63	4378.23
189.71	4432.48
189.78	4491.52
189.86	4509.50
189.93	4476.46
190.01	4402.71
190.08	4236.53
190.16	3952.21
190.23	3654.86
190.31	3449.37
190.38	3334.88
190.46	3357.58
190.53	3527.32
190.61	3771.09
190.68	3981.13
190.76	4180.59
190.83	4351.16
190.91	4514.79
190.98	4649.26
191.06	4794.64
191.13	4921.71
191.21	5033.50
191.28	5140.41
191.35	5250.25
191.43	5325.58
191.50	5397.63
191.58	5480.51
191.65	5529.52
191.73	5566.17
191.80	5603.91
191.88	5609.89
191.95	5598.80
192.03	5598.67
192.10	5583.18
192.18	5543.00
192.25	5456.49
192.33	5286.59
192.40	5086.62
192.48	4928.84
192.55	4837.06
192.63	4845.92
192.70	4977.81
192.78	5167.64
192.85	5361.56
192.93	5535.39
193.00	5679.71
193.08	5814.32
193.15	5930.76
193.22	6027.15
193.30	6107.56
193.37	6186.45
193.45	6239.87
193.52	6291.96
193.60	6344.37
193.67	6392.81
193.75	6435.44
193.82	6469.03
193.90	6496.44
193.97	6528.37
194.05	6561.12
194.12	6591.57
194.20	6641.35
194.27	6689.78
194.34	6711.93
194.42	6725.87
194.49	6733.49
194.57	6708.35
194.64	6634.73
194.72	6554.39
194.79	6481.88
194.87	6423.83
194.94	6402.09
195.02	6440.63
195.09	6511.07
195.17	6597.97
195.24	6698.52
195.31	6793.31
195.39	6889.06
195.46	6970.86
195.54	7047.79
195.61	7108.36
195.69	7154.81
195.76	7192.60
195.84	7237.51
195.91	7256.90
195.99	7272.91
196.06	7293.90
196.13	7309.28
196.21	7312.36
196.28	7319.46
196.36	7320.60
196.43	7312.43
196.51	7306.23
196.58	7307.00
196.66	7321.62
196.73	7350.83
196.80	7394.50
196.88	7439.95
196.95	7493.31
197.03	7536.31
197.10	7554.29
197.18	7563.37
197.25	7570.80
197.33	7586.25
197.40	7610.57
197.47	7639.65
197.55	7679.44
197.62	7717.09
197.70	7739.41
197.77	7753.65
197.85	7773.62
197.92	7771.23
197.99	7757.33
198.07	7735.21
198.14	7711.91
198.22	7710.52
198.29	7734.76
198.37	7784.96
198.44	7858.11
198.51	7931.50
198.59	7992.26
198.66	8052.14
198.74	8101.43
198.81	8140.41
198.89	8178.55
198.96	8212.47
199.03	8236.24
199.11	8261.86
199.18	8271.98
199.26	8281.83
199.33	8292.27
199.41	8297.47
199.48	8274.50
199.55	8244.53
199.63	8211.13
199.70	8190.49
199.78	8183.57
199.85	8220.89
199.93	8288.75
200.00	8378.42
200.07	8456.39
200.15	8535.39
200.22	8601.86
200.30	8651.61
200.37	8700.56
200.44	8749.25
200.52	8790.01
200.59	8825.06
200.67	8854.30
200.74	8858.64
200.81	8861.04
200.89	8861.06
200.96	8871.04
201.04	8868.90
201.11	8872.00
201.19	8868.65
201.26	8863.56
201.33	8856.14
201.41	8881.71
201.48	8935.18
201.56	9006.44
201.63	9097.85
201.70	9180.24
201.78	9258.53
201.85	9325.72
201.93	9381.67
202.00	9426.90
202.07	9478.42
202.15	9514.36
202.22	9543.55
202.30	9576.21
202.37	9599.39
202.44	9620.96
202.52	9647.72
202.59	9671.60
202.67	9685.46
202.74	9706.50
202.81	9717.56
202.89	9723.65
202.96	9740.61
203.04	9784.36
203.11	9837.05
203.18	9915.06
203.26	10005.85
203.33	10089.90
203.41	10157.35
203.48	10220.88
203.55	10267.12
203.63	10317.96
203.70	10371.63
203.77	10417.93
203.85	10460.57
203.92	10502.68
204.00	10554.19
204.07	10600.51
204.14	10652.48
204.22	10698.06
204.29	10743.35
204.37	10766.77
204.44	10790.69
204.51	10820.37
204.59	10854.98
204.66	10896.31
204.73	10955.98
204.81	11026.38
204.88	11107.47
204.96	11196.30
205.03	11281.74
205.10	11352.97
205.18	11421.47
205.25	11479.50
205.32	11536.29
205.40	11593.95
205.47	11660.37
205.55	11722.29
205.62	11785.96
205.69	11849.68
205.77	11907.68
205.84	11964.55
205.91	12025.46
205.99	12085.34
206.06	12135.14
206.14	12191.39
206.21	12246.62
206.28	12298.73
206.36	12361.08
206.43	12426.70
206.50	12499.76
206.58	12576.47
206.65	12656.54
206.72	12738.13
206.80	12830.00
206.87	12914.66
206.95	13003.97
207.02	13099.82
207.09	13193.17
207.17	13284.29
207.24	13376.31
207.31	13461.89
207.39	13542.07
207.46	13612.88
207.53	13680.15
207.61	13753.09
207.68	13822.15
207.75	13897.60
207.83	13979.32
207.90	14057.84
207.98	14127.91
208.05	14211.06
208.12	14283.56
208.20	14367.06
208.27	14459.62
208.34	14562.01
208.42	14653.41
208.49	14749.86
208.56	14834.24
208.64	14922.57
208.71	15007.81
208.78	15093.75
208.86	15194.09
208.93	15296.77
209.00	15395.64
209.08	15490.32
209.15	15596.02
209.22	15696.42
209.30	15794.26
209.37	15893.85
209.44	16002.48
209.52	16105.52
209.59	16194.78
209.67	16290.77
209.74	16385.22
209.81	16489.43
209.89	16589.15
209.96	16695.85
210.03	16801.49
210.11	16906.46
210.18	17000.84
210.25	17111.86
210.33	17227.16
210.40	17337.92
210.47	17457.14
210.55	17574.28
210.62	17669.10
210.69	17761.43
210.77	17861.49
210.84	17959.27
210.91	18075.49
210.99	18197.54
211.06	18323.49
211.13	18450.28
211.21	18570.63
211.28	18677.68
211.35	18799.07
211.42	18914.63
211.50	19026.19
211.57	19139.64
211.64	19258.38
211.72	19374.03
211.79	19490.14
211.86	19612.86
211.94	19745.86
212.01	19869.51
212.08	19995.46
212.16	20118.79
212.23	20241.21
212.30	20362.89
212.38	20485.64
212.45	20607.29
212.52	20734.51
212.60	20860.18
212.67	20985.29
212.74	21111.87
212.82	21234.75
212.89	21360.45
212.96	21485.53
213.03	21617.69
213.11	21754.41
213.18	21896.87
213.25	22043.40
213.33	22187.46
213.40	22323.36
213.47	22454.48
213.55	22575.21
213.62	22687.81
213.69	22805.30
213.77	22927.89
213.84	23056.20
213.91	23198.60
213.98	23339.15
214.06	23485.41
214.13	23631.31
214.20	23783.58
214.28	23934.11
214.35	24084.05
214.42	24224.08
214.50	24363.01
214.57	24491.57
214.64	24609.23
214.72	24728.96
214.79	24855.48
214.86	24978.12
214.93	25107.25
215.01	25256.81
215.08	25398.55
215.15	25537.17
215.23	25668.12
215.30	25811.68
215.37	25943.41
215.44	26089.50
215.52	26253.29
215.59	26418.43
215.66	26566.66
215.74	26713.94
215.81	26864.92
215.88	26999.89
215.95	27133.98
216.03	27269.74
216.10	27401.40
216.17	27537.31
216.25	27676.81
216.32	27828.37
216.39	27981.90
216.46	28136.08
216.54	28270.53
216.61	28402.42
216.68	28531.51
216.76	28667.96
216.83	28819.21
216.90	28984.48
216.97	29157.52
217.05	29323.96
217.12	29476.06
217.19	29587.86
217.27	29677.47
217.34	29760.86
217.41	29858.30
217.48	29965.30
217.56	30096.10
217.63	30260.56
217.70	30431.13
217.78	30597.16
217.85	30752.47
217.92	30919.08
217.99	31083.74
218.07	31224.51
218.14	31354.27
218.21	31505.00
218.28	31650.19
218.36	31789.33
218.43	31932.16
218.50	32084.78
218.57	32216.09
218.65	32338.97
218.72	32463.04
218.79	32601.75
218.87	32737.82
218.94	32878.85
219.01	33023.27
219.08	33159.92
219.16	33286.73
219.23	33402.55
219.30	33517.44
219.37	33641.49
219.45	33767.61
219.52	33907.63
219.59	34044.29
219.66	34167.27
219.74	34294.93
219.81	34447.19
219.88	34585.27
219.95	34732.72
220.03	34893.06
220.10	35039.63
220.17	35150.51
220.24	35268.45
220.32	35388.06
220.39	35503.97
220.46	35621.27
220.53	35755.59
220.61	35879.59
220.68	36011.56
220.75	36147.60
220.82	36285.17
220.90	36398.26
220.97	36496.83
221.04	36581.97
221.11	36670.31
221.19	36766.34
221.26	36875.03
221.33	37008.56
221.40	37145.63
221.48	37282.91
221.55	37410.82
221.62	37538.80
221.69	37667.73
221.77	37792.27
221.84	37911.61
221.91	38031.47
221.98	38151.34
222.06	38276.77
222.13	38407.66
222.20	38526.49
222.27	38633.71
222.35	38744.33
222.42	38837.69
222.49	38917.23
222.56	38995.89
222.63	39083.47
222.71	39176.91
222.78	39292.39
222.85	39412.46
222.92	39537.69
223.00	39640.60
223.07	39731.89
223.14	39801.72
223.21	39879.39
223.29	39971.51
223.36	40105.68
223.43	40235.39
223.50	40366.34
223.57	40499.16
223.65	40635.73
223.72	40740.50
223.79	40843.64
223.86	40943.36
223.94	41042.43
224.01	41116.95
224.08	41183.20
224.15	41250.05
224.22	41317.56
224.30	41366.78
224.37	41438.90
224.44	41527.06
224.51	41621.23
224.59	41716.57
224.66	41831.59
224.73	41937.08
224.80	42041.12
224.87	42147.97
224.95	42250.84
225.02	42350.13
225.09	42435.38
225.16	42517.66
225.23	42601.36
225.31	42694.12
225.38	42782.79
225.45	42881.23
225.52	42974.59
225.60	43051.41
225.67	43101.09
225.74	43136.80
225.81	43171.66
225.88	43227.33
225.96	43312.81
226.03	43435.04
226.10	43573.67
226.17	43706.90
226.24	43817.99
226.32	43906.81
226.39	43977.37
226.46	44030.30
226.53	44084.39
226.60	44147.77
226.68	44208.42
226.75	44271.24
226.82	44343.41
226.89	44418.41
226.96	44483.51
227.04	44530.88
227.11	44574.67
227.18	44618.16
227.25	44650.93
227.32	44703.26
227.40	44774.91
227.47	44845.55
227.54	44917.87
227.61	44995.91
227.68	45064.08
227.76	45136.22
227.83	45212.90
227.90	45278.91
227.97	45335.62
228.04	45390.65
228.11	45430.93
228.19	45470.14
228.26	45526.88
228.33	45595.45
228.40	45662.96
228.47	45736.87
228.55	45806.82
228.62	45868.51
228.69	45924.11
228.76	45981.94
228.83	46033.36
228.90	46087.70
228.98	46147.56
229.05	46214.57
229.12	46288.41
229.19	46354.70
229.26	46424.21
229.34	46471.34
229.41	46516.22
229.48	46547.97
229.55	46589.81
229.62	46632.95
229.69	46684.49
229.77	46728.44
229.84	46769.03
229.91	46808.09
229.98	46836.27
230.05	46862.83
230.12	46907.02
230.20	46962.76
230.27	47028.32
230.34	47090.40
230.41	47171.19
230.48	47227.83
230.55	47280.81
230.63	47318.77
230.70	47364.18
230.77	47377.19
230.84	47403.85
230.91	47424.20
230.98	47462.81
231.06	47503.61
231.13	47579.64
231.20	47651.97
231.27	47720.74
231.34	47774.11
231.41	47823.76
231.49	47861.39
231.56	47907.84
231.63	47966.94
231.70	48021.80
231.77	48060.16
231.84	48084.05
231.92	48094.66
231.99	48095.99
232.06	48111.93
232.13	48144.43
232.20	48197.35
232.27	48245.83
232.34	48294.03
232.42	48318.07
232.49	48337.31
232.56	48364.43
232.63	48417.10
232.70	48469.85
232.77	48536.86
232.85	48608.16
232.92	48649.95
232.99	48668.01
233.06	48685.01
233.13	48695.32
233.20	48699.00
233.27	48706.95
233.35	48711.65
233.42	48711.29
233.49	48717.94
233.56	48737.37
233.63	48759.32
233.70	48779.90
233.77	48806.96
233.85	48838.26
233.92	48869.16
233.99	48898.99
234.06	48940.82
234.13	48984.79
234.20	49031.41
234.27	49059.88
234.35	49087.66
234.42	49098.18
234.49	49103.84
234.56	49106.55
234.63	49097.29
234.70	49090.98
234.77	49080.64
234.84	49061.25
234.92	49036.79
234.99	49040.48
235.06	49047.27
235.13	49075.33
235.20	49110.63
235.27	49154.52
235.34	49179.97
235.41	49214.64
235.49	49235.85
235.56	49261.94
235.63	49268.36
235.70	49273.77
235.77	49253.78
235.84	49247.78
235.91	49224.79
235.98	49212.88
236.06	49217.52
236.13	49230.43
236.20	49233.93
236.27	49229.46
236.34	49233.20
236.41	49231.07
236.48	49223.89
236.55	49219.75
236.63	49225.31
236.70	49213.43
236.77	49201.63
236.84	49205.16
236.91	49190.78
236.98	49177.68
237.05	49181.11
237.12	49175.33
237.19	49158.92
237.27	49154.51
237.34	49163.95
237.41	49156.12
237.48	49142.15
237.55	49129.15
237.62	49118.42
237.69	49110.81
237.76	49112.70
237.83	49119.18
237.91	49129.21
237.98	49141.60
238.05	49141.03
238.12	49138.42
238.19	49136.42
238.26	49145.61
238.33	49137.26
238.40	49116.94
238.47	49094.70
238.54	49079.25
238.62	49040.60
238.69	49012.56
238.76	48996.34
238.83	48985.83
238.90	48989.26
238.97	49006.15
239.04	49021.15
239.11	49033.18
239.18	49047.79
239.25	49043.69
239.33	49027.18
239.40	49006.30
239.47	48978.76
239.54	48928.78
239.61	48881.70
239.68	48833.13
239.75	48797.28
239.82	48771.33
239.89	48754.83
239.96	48751.18
240.03	48757.20
240.11	48772.49
240.18	48790.60
240.25	48809.10
240.32	48811.56
240.39	48820.99
240.46	48821.13
240.53	48837.90
240.60	48863.43
240.67	48888.47
240.74	48902.61
240.81	48916.87
240.88	48903.01
240.96	48872.83
241.03	48851.87
241.10	48832.84
241.17	48807.95
241.24	48790.01
241.31	48778.07
241.38	48760.66
241.45	48752.46
241.52	48752.22
241.59	48757.11
241.66	48771.07
241.73	48790.53
241.80	48798.84
241.88	48789.66
241.95	48762.66
242.02	48724.07
242.09	48667.62
242.16	48604.60
242.23	48576.54
242.30	48569.49
242.37	48570.84
242.44	48588.06
242.51	48598.34
242.58	48591.85
242.65	48579.74
242.72	48584.92
242.79	48577.58
242.87	48590.96
242.94	48592.02
243.01	48590.00
243.08	48572.05
243.15	48567.81
243.22	48557.21
243.29	48566.03
243.36	48580.67
243.43	48603.78
243.50	48623.86
243.57	48641.70
243.64	48647.48
243.71	48665.55
243.78	48667.57
243.85	48659.71
243.92	48643.00
243.99	48628.96
244.07	48605.62
244.14	48578.55
244.21	48575.81
244.28	48593.48
244.35	48617.31
244.42	48638.46
244.49	48672.10
244.56	48688.04
244.63	48692.69
244.70	48688.89
244.77	48690.20
244.84	48687.19
244.91	48675.10
244.98	48675.73
245.05	48687.55
245.12	48709.85
245.19	48738.63
245.26	48778.37
245.33	48810.28
245.40	48844.35
245.47	48857.12
245.55	48868.88
245.62	48876.98
245.69	48889.14
245.76	48904.78
245.83	48924.70
245.90	48938.28
245.97	48947.56
246.04	48961.45
246.11	48960.10
246.18	48952.34
246.25	48947.80
246.32	48942.51
246.39	48932.91
246.46	48935.31
246.53	48950.08
246.60	48964.31
246.67	48993.79
246.74	49023.21
246.81	49063.13
246.88	49088.76
246.95	49110.30
247.02	49128.25
247.09	49140.15
247.16	49131.72
247.23	49113.97
247.30	49088.15
247.37	49059.92
247.44	49046.65
247.51	49036.41
247.58	49043.50
247.66	49085.98
247.73	49144.40
247.80	49188.41
247.87	49244.77
247.94	49309.24
248.01	49358.56
248.08	49394.41
248.15	49432.93
248.22	49458.63
248.29	49482.47
248.36	49506.59
248.43	49534.82
248.50	49560.98
248.57	49583.51
248.64	49610.67
248.71	49643.81
248.78	49671.15
248.85	49689.96
248.92	49712.71
248.99	49719.99
249.06	49711.07
249.13	49689.98
249.20	49681.72
249.27	49665.31
249.34	49652.38
249.41	49661.27
249.48	49675.18
249.55	49685.38
249.62	49704.91
249.69	49729.52
249.76	49751.06
249.83	49783.21
249.90	49816.57
249.97	49853.61
250.04	49904.14
250.11	49961.30
250.18	50012.14
250.25	50054.69
250.32	50081.59
250.39	50103.55
250.46	50108.96
250.53	50118.95
250.60	50134.17
250.67	50169.66
250.74	50196.46
250.81	50196.27
250.88	50188.91
250.95	50195.85
251.02	50176.02
251.09	50165.32
251.16	50188.30
251.23	50227.60
251.30	50264.44
251.37	50310.69
251.44	50341.12
251.51	50377.74
251.58	50399.36
251.65	50427.08
251.72	50448.07
251.79	50473.53
251.86	50464.65
251.93	50442.07
252.00	50387.09
252.07	50344.85
252.14	50311.99
252.21	50307.51
252.28	50323.27
252.35	50370.21
252.42	50434.05
252.49	50483.08
252.56	50528.72
252.63	50571.11
252.70	50589.50
252.77	50593.38
252.84	50604.11
252.91	50601.47
252.98	50591.08
253.05	50583.41
253.12	50578.64
253.19	50586.73
253.25	50604.27
253.32	50626.60
253.39	50667.58
253.46	50696.16
253.53	50711.77
253.60	50709.39
253.67	50713.78
253.74	50727.10
253.81	50759.88
253.88	50782.76
253.95	50820.56
254.02	50853.69
254.09	50858.21
254.16	50849.83
254.23	50846.31
254.30	50823.84
254.37	50810.36
254.44	50820.00
254.51	50838.36
254.58	50846.20
254.65	50868.81
254.72	50874.49
254.79	50847.84
254.86	50822.54
254.93	50801.80
255.00	50794.95
255.07	50803.68
255.14	50824.95
255.21	50814.96
255.28	50798.41
255.34	50773.78
255.41	50758.68
255.48	50758.49
255.55	50781.15
255.62	50825.31
255.69	50867.51
255.76	50894.81
255.83	50924.11
255.90	50945.87
255.97	50960.13
256.04	50966.44
256.11	50970.54
256.18	50961.06
256.25	50948.40
256.32	50926.32
256.39	50899.10
256.46	50869.48
256.53	50846.39
256.60	50814.64
256.67	50795.38
256.74	50784.05
256.80	50780.65
256.87	50761.06
256.94	50753.68
257.01	50747.88
257.08	50748.07
257.15	50742.93
257.22	50751.81
257.29	50751.07
257.36	50745.08
257.43	50738.01
257.50	50730.44
257.57	50706.92
257.64	50704.21
257.71	50689.33
257.78	50675.81
257.85	50656.86
257.92	50658.88
257.98	50655.29
258.05	50655.50
258.12	50645.43
258.19	50627.98
258.26	50585.72
258.33	50535.54
258.40	50496.92
258.47	50466.43
258.54	50457.49
258.61	50477.39
258.68	50503.66
258.75	50526.93
258.82	50549.07
258.89	50538.52
258.95	50502.06
259.02	50463.55
259.09	50417.58
259.16	50351.11
259.23	50300.23
259.30	50263.91
259.37	50230.99
259.44	50213.99
259.51	50214.15
259.58	50220.86
259.65	50218.59
259.72	50211.24
259.79	50174.94
259.85	50139.12
259.92	50109.82
259.99	50097.85
260.06	50090.77
260.13	50086.60
260.20	50074.20
260.27	50045.20
260.34	49988.76
260.41	49926.17
260.48	49879.45
260.55	49846.50
260.62	49808.15
260.68	49778.71
260.75	49757.02
260.82	49749.81
260.89	49737.97
260.96	49727.41
261.03	49733.55
261.10	49726.20
261.17	49702.48
261.24	49674.49
261.31	49649.17
261.38	49598.83
261.44	49554.06
261.51	49510.48
261.58	49473.04
261.65	49434.82
261.72	49395.62
261.79	49346.93
261.86	49296.23
261.93	49251.08
262.00	49215.18
262.07	49184.87
262.13	49163.67
262.20	49142.65
262.27	49111.96
262.34	49083.30
262.41	49045.64
262.48	49004.52
262.55	48966.32
262.62	48916.41
262.69	48857.01
262.76	48812.24
262.82	48767.33
262.89	48717.75
262.96	48674.18
263.03	48636.96
263.10	48604.70
263.17	48560.98
263.24	48515.96
263.31	48485.37
263.38	48451.21
263.44	48423.10
263.51	48392.35
263.58	48367.92
263.65	48335.70
263.72	48295.79
263.79	48230.01
263.86	48177.17
263.93	48111.29
264.00	48056.96
264.06	48023.85
264.13	48004.10
264.20	47986.89
264.27	47965.85
264.34	47929.49
264.41	47878.30
264.48	47832.60
264.55	47790.55
264.61	47762.72
264.68	47739.60
264.75	47709.73
264.82	47646.95
264.89	47575.43
264.96	47501.05
265.03	47418.58
265.10	47356.77
265.16	47330.91
265.23	47317.26
265.30	47305.45
265.37	47294.38
265.44	47269.11
265.51	47240.46
265.58	47199.01
265.65	47147.06
265.71	47095.79
265.78	47053.23
265.85	46995.49
265.92	46941.39
265.99	46892.11
266.06	46841.67
266.13	46784.08
266.20	46744.58
266.26	46719.20
266.33	46683.31
266.40	46640.24
266.47	46579.39
266.54	46501.33
266.61	46412.85
266.68	46337.26
266.74	46280.72
266.81	46240.58
266.88	46203.16
266.95	46155.91
267.02	46126.30
267.09	46077.90
267.16	46024.45
267.22	45978.85
267.29	45957.40
267.36	45922.45
267.43	45897.79
267.50	45871.70
267.57	45834.35
267.64	45783.91
267.70	45743.21
267.77	45686.62
267.84	45643.88
267.91	45599.14
267.98	45550.51
268.05	45487.45
268.11	45434.83
268.18	45372.36
268.25	45316.17
268.32	45261.30
268.39	45214.21
268.46	45178.83
268.53	45157.53
268.59	45143.20
268.66	45126.83
268.73	45106.55
268.80	45073.77
268.87	45025.95
268.94	44979.32
269.00	44941.09
269.07	44894.70
269.14	44852.52
269.21	44814.11
269.28	44773.21
269.35	44729.36
269.41	44687.85
269.48	44646.54
269.55	44586.64
269.62	44521.15
269.69	44460.80
269.76	44393.89
269.82	44326.93
269.89	44293.81
269.96	44276.64
270.03	44252.82
270.10	44233.49
270.17	44205.67
270.23	44174.27
270.30	44131.41
270.37	44091.71
270.44	44060.12
270.51	44038.45
270.58	44012.04
270.64	43984.82
270.71	43945.72
270.78	43909.04
270.85	43868.30
270.92	43810.81
270.99	43760.84
271.05	43717.96
271.12	43668.27
271.19	43620.42
271.26	43577.32
271.33	43535.04
271.39	43491.91
271.46	43439.29
271.53	43396.16
271.60	43372.34
271.67	43348.16
271.74	43324.36
271.80	43316.37
271.87	43312.02
271.94	43275.50
272.01	43228.03
272.08	43188.12
272.14	43140.13
272.21	43099.00
272.28	43084.54
272.35	43069.71
272.42	43046.60
272.48	43037.73
272.55	43011.14
272.62	42983.40
272.69	42979.63
272.76	42980.39
272.83	42956.49
272.89	42938.90
272.96	42903.59
273.03	42845.92
273.10	42782.43
273.17	42745.91
273.23	42696.98
273.30	42660.73
273.37	42630.75
273.44	42614.31
273.51	42587.41
273.57	42577.37
273.64	42568.06
273.71	42567.79
273.78	42556.51
273.85	42546.09
273.91	42518.73
273.98	42496.57
274.05	42461.62
274.12	42434.57
274.19	42406.43
274.25	42383.72
274.32	42348.08
274.39	42309.53
274.46	42256.02
274.53	42198.32
274.59	42130.92
274.66	42079.50
274.73	42036.68
274.80	41999.66
274.86	41966.17
274.93	41948.55
275.00	41932.81
275.07	41910.75
275.14	41883.40
275.20	41844.47
275.27	41810.83
275.34	41763.54
275.41	41726.51
275.48	41707.99
275.54	41703.27
275.61	41688.71
275.68	41673.81
275.75	41650.42
275.81	41610.30
275.88	41571.19
275.95	41535.52
276.02	41494.33
276.09	41453.02
276.15	41421.52
276.22	41398.43
276.29	41374.91
276.36	41350.98
276.42	41330.45
276.49	41301.13
276.56	41242.67
276.63	41179.40
276.70	41130.36
276.76	41093.81
276.83	41077.29
276.90	41075.69
276.97	41082.01
277.03	41086.27
277.10	41079.29
277.17	41064.11
277.24	41056.04
277.30	41039.52
277.37	41014.00
277.44	40986.29
277.51	40948.11
277.58	40907.64
277.64	40870.91
277.71	40840.98
277.78	40802.16
277.85	40756.96
277.91	40709.07
277.98	40663.74
278.05	40613.58
278.12	40582.89
278.18	40551.34
278.25	40530.92
278.32	40515.30
278.39	40514.19
278.45	40507.52
278.52	40509.50
278.59	40494.47
278.66	40462.03
278.72	40433.19
278.79	40401.39
278.86	40372.69
278.93	40359.65
278.99	40354.53
279.06	40338.94
279.13	40316.62
279.20	40301.04
279.26	40278.00
279.33	40258.96
279.40	40231.79
279.47	40207.61
279.53	40174.63
279.60	40134.70
279.67	40092.49
279.74	40051.12
279.80	40019.59
279.87	39989.02
279.94	39965.73
280.01	39940.70
280.07	39918.11
280.14	39886.78
280.21	39852.67
280.28	39815.86
280.34	39782.13
280.41	39738.86
280.48	39688.97
280.55	39648.75
280.61	39612.49
280.68	39583.00
280.75	39564.26
280.82	39547.24
280.88	39514.47
280.95	39464.41
281.02	39409.62
281.08	39348.38
281.15	39283.37
281.22	39222.75
281.29	39165.27
281.35	39095.39
281.42	39039.59
281.49	38981.76
281.56	38927.67
281.62	38891.73
281.69	38860.73
281.76	38830.82
281.82	38811.69
281.89	38793.11
281.96	38762.18
282.03	38734.59
282.09	38696.85
282.16	38658.66
282.23	38616.95
282.30	38580.47
282.36	38546.97
282.43	38517.03
282.50	38497.28
282.56	38465.55
282.63	38441.72
282.70	38410.04
282.77	38387.49
282.83	38364.49
282.90	38358.24
282.97	38337.61
283.03	38334.20
283.10	38325.86
283.17	38310.05
283.24	38277.01
283.30	38252.27
283.37	38215.19
283.44	38168.22
283.50	38116.32
283.57	38081.16
283.64	38027.32
283.71	37973.44
283.77	37929.98
283.84	37903.21
283.91	37871.09
283.97	37859.98
284.04	37861.48
284.11	37847.35
284.18	37831.33
284.24	37820.68
284.31	37814.02
284.38	37803.14
284.44	37794.19
284.51	37780.80
284.58	37775.69
284.64	37757.71
284.71	37738.81
284.78	37715.93
284.85	37695.80
284.91	37673.02
284.98	37655.96
285.05	37615.92
285.11	37600.46
285.18	37570.53
285.25	37540.86
285.31	37520.68
285.38	37515.43
285.45	37503.68
285.52	37497.93
285.58	37477.34
285.65	37444.94
285.72	37411.22
285.78	37378.10
285.85	37356.96
285.92	37347.50
285.98	37335.80
286.05	37325.99
286.12	37314.57
286.18	37294.98
286.25	37272.82
286.32	37248.82
286.39	37231.26
286.45	37208.90
286.52	37173.49
286.59	37141.20
286.65	37124.53
286.72	37113.39
286.79	37110.76
286.85	37121.79
286.92	37127.53
286.99	37126.06
287.05	37103.54
287.12	37092.13
287.19	37070.13
287.25	37062.74
287.32	37047.22
287.39	37045.50
287.45	37027.51
287.52	37020.20
287.59	37002.58
287.65	36996.98
287.72	36977.76
287.79	36953.54
287.86	36922.69
287.92	36890.76
287.99	36857.35
288.06	36841.23
288.12	36821.30
288.19	36810.61
288.26	36790.41
288.32	36780.03
288.39	36759.61
288.46	36756.37
288.52	36750.84
288.59	36761.56
288.66	36760.94
288.72	36765.35
288.79	36760.30
288.86	36745.69
288.92	36722.07
288.99	36689.05
289.06	36662.71
289.12	36636.40
289.19	36617.27
289.26	36604.90
289.32	36603.27
289.39	36591.00
289.45	36588.31
289.52	36581.91
289.59	36577.02
289.65	36569.73
289.72	36557.71
289.79	36540.55
289.85	36531.14
289.92	36512.86
289.99	36500.13
290.05	36489.02
290.12	36472.81
290.19	36450.06
290.25	36426.98
290.32	36407.67
290.39	36399.53
290.45	36394.97
290.52	36392.64
290.59	36401.36
290.65	36395.22
290.72	36382.32
290.79	36360.74
290.85	36358.28
290.92	36350.59
290.98	36345.91
291.05	36349.18
291.12	36347.72
291.18	36338.36
291.25	36324.39
291.32	36308.94
291.38	36277.50
291.45	36264.71
291.52	36241.87
291.58	36224.57
291.65	36214.12
291.72	36214.87
291.78	36209.51
291.85	36186.43
291.91	36168.06
291.98	36161.86
292.05	36143.25
292.11	36128.74
292.18	36131.31
292.25	36128.42
292.31	36105.85
292.38	36102.43
292.45	36096.53
292.51	36093.24
292.58	36083.66
292.64	36076.12
292.71	36065.02
292.78	36049.22
292.84	36025.86
292.91	36004.84
292.98	35992.88
293.04	35980.85
293.11	35964.09
293.17	35952.71
293.24	35950.13
293.31	35938.71
293.37	35925.84
293.44	35913.64
293.51	35900.74
293.57	35882.90
293.64	35867.49
293.70	35857.91
293.77	35849.74
293.84	35839.06
293.90	35828.07
293.97	35823.00
294.04	35809.38
294.10	35792.99
294.17	35780.92
294.23	35768.64
294.30	35746.60
294.37	35729.21
294.43	35726.40
294.50	35713.49
294.56	35700.89
294.63	35690.36
294.70	35681.77
294.76	35667.67
294.83	35663.05
294.90	35657.05
294.96	35652.53
295.03	35636.19
295.09	35630.26
295.16	35628.82
295.23	35619.13
295.29	35604.41
295.36	35590.90
295.42	35563.44
295.49	35529.02
295.56	35519.41
295.62	35509.99
295.69	35495.55
295.75	35490.22
295.82	35492.05
295.89	35462.41
295.95	35434.02
296.02	35419.75
296.08	35392.50
296.15	35352.83
296.22	35340.93
296.28	35334.29
296.35	35326.83
296.41	35315.56
296.48	35312.44
296.55	35309.40
296.61	35292.89
296.68	35282.02
296.74	35279.32
296.81	35275.73
296.88	35256.87
296.94	35242.34
297.01	35220.61
297.07	35190.68
297.14	35168.44
297.20	35155.68
297.27	35151.86
297.34	35156.69
297.40	35163.34
297.47	35162.09
297.53	35145.67
297.60	35130.07
297.67	35097.40
297.73	35077.27
297.80	35049.37
297.86	35019.99
297.93	34992.80
298.00	34976.25
298.06	34954.08
298.13	34943.13
298.19	34938.11
298.26	34933.15
298.32	34933.68
298.39	34925.43
298.46	34909.31
298.52	34887.65
298.59	34858.34
298.65	34824.17
298.72	34802.63
298.78	34781.06
298.85	34764.42
298.92	34742.89
298.98	34724.85
299.05	34696.19
299.11	34670.87
299.18	34639.94
299.24	34616.81
299.31	34578.02
299.38	34543.89
299.44	34515.21
299.51	34499.81
299.57	34487.75
299.64	34482.78
299.70	34473.60
299.77	34459.19
299.84	34436.27
299.90	34395.31
299.97	34356.32
300.03	34328.96
300.10	34314.71
300.16	34295.15
300.23	34285.41
300.30	34272.83
300.36	34248.97
300.43	34220.97
300.49	34189.25
300.56	34168.50
300.62	34147.73
300.69	34129.47
300.75	34099.11
300.82	34077.77
300.89	34046.22
300.95	34015.62
301.02	33977.32
301.08	33945.25
301.15	33909.73
301.21	33876.29
301.28	33849.13
301.34	33829.20
301.41	33798.54
301.48	33772.38
301.54	33746.49
301.61	33719.89
301.67	33690.15
301.74	33664.40
301.80	33632.51
301.87	33595.41
301.93	33545.43
302.00	33499.21
302.06	33450.60
302.13	33406.31
302.20	33372.01
302.26	33338.49
302.33	33317.05
302.39	33285.34
302.46	33252.32
302.52	33209.11
302.59	33167.16
302.65	33114.21
302.72	33073.78
302.78	33036.56
302.85	33005.07
302.91	32973.69
302.98	32943.33
303.05	32906.44
303.11	32868.22
303.18	32822.10
303.24	32783.32
303.31	32736.56
303.37	32695.33
303.44	32657.37
303.50	32617.44
303.57	32566.25
303.63	32517.91
303.70	32473.84
303.76	32422.14
303.83	32378.40
303.89	32333.51
303.96	32288.90
304.03	32240.98
304.09	32188.78
304.16	32127.04
304.22	32071.96
304.29	32021.58
304.35	31971.26
304.42	31929.66
304.48	31891.25
304.55	31853.17
304.61	31803.71
304.68	31751.81
304.74	31697.82
304.81	31651.59
304.87	31587.64
304.94	31539.26
305.00	31496.27
305.07	31444.19
305.13	31380.12
305.20	31330.71
305.26	31274.57
305.33	31215.31
305.39	31160.70
305.46	31103.75
305.52	31051.75
305.59	30997.34
305.66	30944.66
305.72	30897.48
305.79	30849.49
305.85	30795.05
305.92	30711.90
305.98	30593.88
306.05	30450.11
306.11	30297.46
306.18	30131.93
306.24	29999.63
306.31	29930.69
306.37	29916.54
306.44	29950.97
306.50	30005.91
306.57	30060.51
306.63	30086.08
306.70	30062.72
306.76	30007.17
306.83	29949.27
306.89	29878.17
306.96	29805.94
307.02	29748.04
307.09	29695.99
307.15	29637.02
307.22	29588.41
307.28	29534.03
307.35	29475.13
307.41	29408.38
307.48	29334.89
307.54	29266.83
307.61	29194.78
307.67	29124.54
307.74	29063.91
307.80	29017.53
307.87	28955.00
307.93	28897.51
308.00	28846.48
308.06	28789.88
308.13	28719.97
308.19	28664.29
308.26	28605.46
308.32	28547.71
308.38	28482.17
308.45	28420.76
308.51	28364.41
308.58	28306.80
308.64	28247.41
308.71	28196.76
308.77	28143.86
308.84	28076.57
308.90	28017.08
308.97	27953.54
309.03	27897.92
309.10	27839.84
309.16	27780.97
309.23	27710.13
309.29	27641.13
309.36	27548.12
309.42	27466.94
309.49	27392.15
309.55	27326.83
309.62	27259.35
309.68	27214.70
309.75	27155.69
309.81	27087.87
309.88	27030.78
309.94	26973.05
310.00	26905.09
310.07	26838.59
310.13	26785.94
310.20	26713.91
310.26	26648.37
310.33	26577.22
310.39	26520.71
310.46	26453.86
310.52	26395.15
310.59	26333.84
310.65	26281.44
310.72	26221.62
310.78	26161.92
310.85	26100.38
310.91	26038.22
310.97	25982.87
311.04	25919.99
311.10	25852.81
311.17	25792.13
311.23	25731.88
311.30	25665.44
311.36	25607.23
311.43	25565.15
311.49	25508.15
311.56	25453.26
311.62	25398.81
311.69	25344.55
311.75	25289.27
311.81	25229.90
311.88	25170.70
311.94	25110.32
312.01	25062.88
312.07	25000.22
312.14	24958.63
312.20	24911.65
312.27	24866.47
312.33	24802.78
312.40	24737.06
312.46	24664.81
312.52	24598.39
312.59	24530.55
312.65	24462.76
312.72	24398.65
312.78	24335.97
312.85	24275.06
312.91	24203.97
312.98	24149.62
313.04	24104.61
313.10	24057.44
313.17	24003.46
313.23	23959.34
313.30	23907.79
313.36	23844.36
313.43	23779.76
313.49	23724.26
313.56	23661.08
313.62	23596.41
313.68	23537.21
313.75	23483.91
313.81	23429.09
313.88	23383.34
313.94	23336.19
314.01	23293.04
314.07	23244.60
314.13	23194.91
314.20	23138.47
314.26	23080.35
314.33	23025.33
314.39	22968.79
314.46	22905.15
314.52	22855.65
314.58	22803.72
314.65	22748.15
314.71	22691.01
314.78	22640.17
314.84	22585.06
314.91	22532.63
314.97	22475.00
315.03	22423.61
315.10	22372.60
315.16	22311.48
315.23	22256.77
315.29	22212.41
315.36	22164.79
315.42	22114.20
315.48	22064.71
315.55	22017.46
315.61	21954.91
315.68	21903.05
315.74	21845.96
315.81	21787.92
315.87	21726.39
315.93	21686.36
316.00	21651.34
316.06	21620.47
316.13	21596.12
316.19	21547.22
316.25	21456.32
316.32	21318.31
316.38	21143.45
316.45	20933.06
316.51	20707.76
316.58	20474.65
316.64	20235.44
316.70	20005.46
316.77	19764.04
316.83	19518.62
316.90	19269.54
316.96	19024.98
317.02	18770.88
317.09	18522.56
317.15	18281.99
317.22	18039.61
317.28	17798.26
317.34	17555.22
317.41	17314.42
317.47	17072.46
317.54	16831.09
317.60	16582.80
317.66	16336.42
317.73	16092.00
317.79	15843.74
317.86	15601.94
317.92	15359.64
317.98	15112.77
318.05	14860.51
318.11	14612.98
318.18	14364.17
318.24	14110.96
318.30	13861.44
318.37	13612.49
318.43	13352.20
318.50	13089.16
318.56	12826.37
318.62	12568.44
318.69	12302.89
318.75	12038.51
318.82	11765.56
318.88	11501.84
318.94	11223.04
319.01	10954.10
319.07	10685.45
319.13	10413.16
319.20	10136.21
319.26	9858.22
319.33	9574.89
319.39	9281.97
319.45	9004.55
319.52	8721.38
319.58	8440.74
319.65	8156.21
319.71	7878.68
319.77	7596.91
319.84	7322.26
319.90	7052.28
319.96	6783.03
320.03	6517.85
320.09	6254.27
320.16	5986.37
320.22	5729.46
320.28	5482.35
320.35	5240.29
320.41	5005.20
320.47	4784.07
320.54	4561.41
320.60	4349.75
320.67	4148.63
320.73	3953.80
320.79	3761.68
320.86	3584.98
320.92	3409.28
320.98	3241.94
321.05	3084.20
321.11	2931.77
321.18	2787.28
321.24	2655.61
321.30	2525.50
321.37	2404.74
321.43	2301.18
321.49	2197.75
321.56	2099.31
321.62	2011.20
321.68	1924.25
321.75	1839.06
321.81	1763.33
321.88	1689.76
321.94	1625.67
322.00	1565.41
322.07	1502.34
322.13	1441.47
322.19	1382.07
322.26	1320.51
322.32	1264.55
322.38	1215.14
322.45	1172.32
322.51	1127.27
322.58	1088.41
322.64	1042.32
322.70	999.36
322.77	950.25
322.83	914.38
322.89	868.76
322.96	827.83
323.02	788.77
323.08	749.75
323.15	707.69
323.21	672.19
323.27	638.34
323.34	603.04
323.40	569.71
323.46	535.72
323.53	496.38
323.59	416.84
323.65	312.06
323.72	195.11
323.78	84.28
323.85	-15.49
323.91	-66.38
323.97	-85.10
324.04	-85.88
