180.21	3438.08
180.28	-127.20
180.36	635.30
180.44	-44.91
180.51	-10.71
180.59	16.29
180.66	47.37
180.74	47.55
180.81	48.19
180.89	51.67
180.97	53.56
181.04	52.49
181.12	51.77
181.19	53.96
181.27	54.96
181.34	72.86
181.42	80.57
181.50	88.51
181.57	100.00
181.65	105.55
181.72	100.92
181.80	96.77
181.87	99.91
181.95	104.13
182.03	109.05
182.10	117.45
182.18	127.38
182.25	142.57
182.33	152.99
182.40	171.06
182.48	178.52
182.55	201.78
182.63	215.65
182.71	229.16
182.78	240.91
182.86	250.59
182.93	242.09
183.01	235.14
183.08	224.83
183.16	222.73
183.23	221.75
183.31	243.51
183.39	266.30
183.46	305.13
183.54	335.37
183.61	380.11
183.69	421.75
183.76	473.37
183.84	516.11
183.91	563.99
183.99	614.07
184.06	654.79
184.14	701.78
184.22	735.02
184.29	743.97
184.37	745.84
184.44	723.62
184.52	651.58
184.59	579.52
184.67	531.48
184.74	484.58
184.82	484.81
184.89	537.84
184.97	620.57
185.04	709.97
185.12	804.05
185.20	893.32
185.27	986.46
185.35	1065.61
185.42	1125.65
185.50	1198.13
185.57	1248.60
185.65	1302.49
185.72	1371.18
185.80	1445.73
185.87	1509.95
185.95	1592.54
186.02	1643.16
186.10	1649.27
186.17	1611.75
186.25	1494.05
186.33	1321.17
186.40	1177.82
186.48	1095.64
186.55	1090.11
186.63	1173.32
186.70	1335.05
186.78	1488.00
186.85	1624.04
186.93	1739.94
187.00	1870.00
187.08	1974.44
187.15	2102.06
187.23	2230.06
187.30	2345.36
187.38	2462.58
187.45	2594.34
187.53	2689.33
187.60	2782.05
187.68	2900.53
187.75	2975.93
187.83	3020.13
187.90	3060.15
187.98	3052.20
188.05	2933.04
188.13	2712.45
188.21	2468.31
188.28	2262.90
188.36	2115.31
188.43	2099.68
188.51	2240.68
188.58	2447.15
188.66	2637.47
188.73	2831.81
188.81	3010.45
188.88	3168.32
188.96	3302.03
189.03	3449.21
189.11	3588.00
189.18	3696.47
189.26	3806.52
189.33	3930.62
189.41	4023.25
189.48	4110.36
189.56	4215.68
189.63	4288.40
189.71	4337.75
189.78	4391.72
189.86	4407.38
189.93	4374.93
190.01	4301.24
190.08	4137.74
190.16	3862.45
190.23	3578.73
190.31	3385.95
190.38	3285.02
190.46	3320.65
190.53	3495.92
190.61	3738.28
190.68	3945.89
190.76	4143.70
190.83	4308.72
190.91	4472.27
190.98	4605.12
191.06	4747.21
191.13	4871.88
191.21	4980.40
191.28	5083.47
191.35	5194.36
191.43	5271.63
191.50	5348.63
191.58	5434.18
191.65	5488.11
191.73	5528.91
191.80	5572.05
191.88	5581.97
191.95	5578.91
192.03	5579.96
192.10	5569.06
192.18	5532.77
192.25	5445.22
192.33	5272.65
192.40	5074.89
192.48	4916.71
192.55	4825.43
192.63	4833.91
192.70	4971.86
192.78	5162.43
192.85	5355.43
192.93	5526.76
193.00	5675.50
193.08	5812.35
193.15	5933.25
193.22	6038.72
193.30	6129.26
193.37	6216.70
193.45	6276.43
193.52	6339.66
193.60	6389.08
193.67	6435.95
193.75	6474.40
193.82	6505.61
193.90	6524.05
193.97	6551.13
194.05	6576.78
194.12	6599.81
194.20	6643.62
194.27	6688.44
194.34	6711.81
194.42	6727.49
194.49	6741.34
194.57	6719.58
194.64	6653.35
194.72	6584.81
194.79	6527.18
194.87	6486.52
194.94	6492.11
195.02	6552.88
195.09	6636.86
195.17	6732.28
195.24	6826.42
195.31	6906.28
195.39	6983.12
195.46	7049.78
195.54	7112.62
195.61	7166.11
195.69	7206.24
195.76	7241.37
195.84	7279.04
195.91	7295.72
195.99	7306.00
196.06	7325.21
196.13	7343.25
196.21	7359.31
196.28	7384.21
196.36	7418.18
196.43	7444.63
196.51	7470.95
196.58	7498.67
196.66	7523.97
196.73	7545.66
196.80	7573.81
196.88	7598.31
196.95	7619.72
197.03	7633.74
197.10	7630.43
197.18	7617.61
197.25	7608.43
197.33	7613.59
197.40	7639.52
197.47	7671.82
197.55	7717.15
197.62	7756.64
197.70	7789.53
197.77	7815.61
197.85	7851.58
197.92	7877.17
197.99	7911.01
198.07	7937.82
198.14	7959.61
198.22	7982.82
198.29	8002.29
198.37	8020.35
198.44	8046.68
198.51	8066.26
198.59	8080.71
198.66	8110.86
198.74	8139.42
198.81	8165.35
198.89	8194.46
198.96	8229.60
199.03	8253.76
199.11	8285.30
199.18	8310.61
199.26	8334.69
199.33	8360.30
199.41	8390.33
199.48	8403.13
199.55	8420.64
199.63	8433.85
199.70	8449.28
199.78	8459.39
199.85	8481.66
199.93	8506.56
200.00	8542.71
200.07	8571.92
200.15	8613.25
200.22	8651.83
200.30	8685.29
200.37	8721.86
200.44	8760.84
200.52	8791.87
200.59	8831.06
200.67	8860.90
200.74	8879.68
200.81	8897.73
200.89	8918.23
200.96	8941.16
201.04	8964.60
201.11	8998.67
201.19	9033.05
201.26	9059.54
201.33	9074.78
201.41	9099.88
201.48	9126.52
201.56	9153.87
201.63	9198.65
201.70	9241.22
201.78	9282.67
201.85	9329.57
201.93	9374.68
202.00	9411.16
202.07	9456.53
202.15	9496.12
202.22	9526.20
202.30	9559.25
202.37	9588.91
202.44	9620.72
202.52	9658.87
202.59	9703.39
202.67	9736.28
202.74	9779.61
202.81	9818.55
202.89	9858.07
202.96	9897.11
203.04	9946.10
203.11	9983.96
203.18	10028.29
203.26	10075.51
203.33	10117.70
203.41	10159.34
203.48	10213.07
203.55	10253.82
203.63	10298.03
203.70	10351.12
203.77	10400.49
203.85	10442.00
203.92	10485.47
204.00	10539.96
204.07	10581.91
204.14	10633.59
204.22	10682.75
204.29	10739.43
204.37	10780.51
204.44	10827.99
204.51	10873.48
204.59	10923.75
204.66	10970.81
204.73	11031.85
204.81	11088.26
204.88	11150.60
204.96	11216.05
205.03	11278.79
205.10	11328.24
205.18	11381.73
205.25	11436.05
205.32	11493.17
205.40	11549.65
205.47	11610.89
205.55	11679.58
205.62	11740.24
205.69	11801.99
205.77	11867.66
205.84	11926.90
205.91	11984.80
205.99	12047.20
206.06	12100.89
206.14	12158.11
206.21	12227.76
206.28	12291.30
206.36	12362.69
206.43	12428.15
206.50	12498.69
206.58	12565.67
206.65	12636.27
206.72	12704.88
206.80	12783.08
206.87	12861.72
206.95	12950.16
207.02	13037.48
207.09	13125.78
207.17	13221.26
207.24	13308.79
207.31	13385.88
207.39	13464.64
207.46	13537.43
207.53	13599.49
207.61	13673.65
207.68	13744.76
207.75	13825.10
207.83	13908.80
207.90	13996.21
207.98	14071.61
208.05	14156.29
208.12	14234.28
208.20	14314.93
208.27	14404.60
208.34	14501.65
208.42	14591.27
208.49	14677.57
208.56	14756.26
208.64	14840.08
208.71	14919.46
208.78	15002.35
208.86	15100.23
208.93	15202.22
209.00	15297.27
209.08	15389.79
209.15	15487.23
209.22	15583.71
209.30	15681.61
209.37	15780.51
209.44	15892.31
209.52	16001.24
209.59	16098.51
209.67	16198.09
209.74	16292.01
209.81	16396.15
209.89	16494.93
209.96	16602.50
210.03	16709.25
210.11	16814.90
210.18	16909.81
210.25	17022.53
210.33	17133.23
210.40	17238.98
210.47	17352.91
210.55	17467.19
210.62	17564.32
210.69	17653.71
210.77	17758.07
210.84	17862.74
210.91	17974.86
210.99	18091.18
211.06	18215.08
211.13	18339.96
211.21	18459.42
211.28	18568.04
211.35	18685.14
211.42	18801.15
211.50	18912.62
211.57	19025.84
211.64	19144.87
211.72	19260.07
211.79	19378.02
211.86	19494.17
211.94	19624.77
212.01	19747.90
212.08	19874.37
212.16	19992.35
212.23	20115.09
212.30	20234.55
212.38	20351.72
212.45	20475.37
212.52	20604.70
212.60	20731.17
212.67	20852.61
212.74	20982.24
212.82	21101.28
212.89	21223.19
212.96	21348.64
213.03	21485.53
213.11	21625.10
213.18	21764.01
213.25	21910.16
213.33	22052.77
213.40	22186.61
213.47	22317.46
213.55	22440.80
213.62	22558.69
213.69	22676.83
213.77	22800.57
213.84	22922.77
213.91	23063.97
213.98	23201.56
214.06	23341.18
214.13	23483.16
214.20	23636.94
214.28	23789.20
214.35	23932.70
214.42	24075.43
214.50	24211.61
214.57	24334.58
214.64	24449.60
214.72	24574.90
214.79	24701.70
214.86	24829.38
214.93	24963.37
215.01	25111.11
215.08	25249.43
215.15	25382.41
215.23	25505.19
215.30	25637.48
215.37	25760.83
215.44	25914.29
215.52	26076.92
215.59	26237.88
215.66	26391.87
215.74	26546.94
215.81	26683.81
215.88	26820.51
215.95	26955.55
216.03	27084.52
216.10	27219.22
216.17	27358.72
216.25	27495.48
216.32	27650.34
216.39	27806.90
216.46	27951.24
216.54	28082.24
216.61	28213.44
216.68	28335.20
216.76	28471.70
216.83	28618.73
216.90	28781.16
216.97	28953.16
217.05	29124.45
217.12	29269.65
217.19	29388.80
217.27	29479.62
217.34	29564.18
217.41	29660.14
217.48	29772.12
217.56	29900.88
217.63	30066.29
217.70	30234.91
217.78	30397.04
217.85	30556.56
217.92	30725.43
217.99	30880.94
218.07	31026.46
218.14	31165.09
218.21	31311.91
218.28	31452.09
218.36	31593.85
218.43	31733.30
218.50	31879.03
218.57	32007.88
218.65	32130.04
218.72	32255.02
218.79	32387.66
218.87	32521.86
218.94	32663.73
219.01	32807.88
219.08	32943.72
219.16	33067.50
219.23	33183.21
219.30	33296.56
219.37	33412.69
219.45	33533.60
219.52	33677.44
219.59	33806.42
219.66	33932.56
219.74	34070.11
219.81	34224.55
219.88	34368.62
219.95	34516.67
220.03	34670.84
220.10	34807.63
220.17	34923.95
220.24	35039.20
220.32	35162.33
220.39	35277.08
220.46	35397.44
220.53	35523.72
220.61	35647.78
220.68	35778.61
220.75	35910.46
220.82	36049.62
220.90	36165.30
220.97	36256.33
221.04	36343.93
221.11	36432.76
221.19	36521.67
221.26	36626.15
221.33	36756.09
221.40	36885.00
221.48	37026.26
221.55	37152.86
221.62	37282.39
221.69	37413.60
221.77	37540.20
221.84	37655.24
221.91	37776.50
221.98	37898.08
222.06	38015.65
222.13	38142.51
222.20	38252.97
222.27	38363.73
222.35	38473.26
222.42	38570.11
222.49	38651.98
222.56	38733.79
222.63	38818.28
222.71	38906.32
222.78	39017.56
222.85	39136.71
222.92	39264.51
223.00	39369.15
223.07	39462.42
223.14	39533.78
223.21	39610.80
223.29	39704.09
223.36	39832.56
223.43	39967.53
223.50	40103.75
223.57	40237.38
223.65	40373.02
223.72	40480.11
223.79	40577.31
223.86	40676.66
223.94	40772.41
224.01	40849.61
224.08	40914.49
224.15	40979.02
224.22	41038.07
224.30	41086.89
224.37	41155.94
224.44	41247.97
224.51	41345.33
224.59	41451.06
224.66	41570.16
224.73	41672.49
224.80	41772.11
224.87	41874.02
224.95	41969.84
225.02	42066.75
225.09	42158.87
225.16	42245.78
225.23	42325.27
225.31	42418.64
225.38	42500.75
225.45	42591.98
225.52	42680.36
225.60	42761.65
225.67	42808.99
225.74	42849.11
225.81	42887.32
225.88	42940.55
225.96	43024.96
226.03	43143.55
226.10	43274.25
226.17	43394.56
226.24	43508.21
226.32	43596.80
226.39	43670.44
226.46	43728.97
226.53	43794.52
226.60	43850.79
226.68	43908.12
226.75	43972.26
226.82	44041.04
226.89	44112.80
226.96	44178.13
227.04	44231.48
227.11	44267.65
227.18	44306.42
227.25	44330.19
227.32	44379.23
227.40	44445.96
227.47	44517.46
227.54	44585.61
227.61	44661.69
227.68	44728.31
227.76	44801.18
227.83	44875.31
227.90	44947.67
227.97	45013.31
228.04	45078.72
228.11	45112.91
228.19	45144.06
228.26	45199.00
228.33	45266.62
228.40	45323.36
228.47	45391.08
228.55	45463.66
228.62	45528.70
228.69	45584.45
228.76	45641.55
228.83	45701.37
228.90	45761.53
228.98	45817.87
229.05	45878.65
229.12	45947.34
229.19	46015.02
229.26	46078.76
229.34	46125.35
229.41	46164.24
229.48	46204.90
229.55	46245.19
229.62	46301.49
229.69	46359.30
229.77	46411.70
229.84	46454.42
229.91	46489.86
229.98	46506.95
230.05	46532.71
230.12	46572.33
230.20	46632.46
230.27	46694.59
230.34	46758.48
230.41	46827.37
230.48	46889.06
230.55	46932.03
230.63	46974.51
230.70	47026.43
230.77	47052.94
230.84	47076.01
230.91	47098.09
230.98	47138.76
231.06	47172.73
231.13	47233.14
231.20	47308.54
231.27	47375.05
231.34	47417.93
231.41	47472.24
231.49	47519.22
231.56	47560.80
231.63	47611.45
231.70	47670.36
231.77	47696.40
231.84	47711.86
231.92	47715.03
231.99	47724.36
232.06	47736.26
232.13	47776.49
232.20	47830.99
232.27	47888.21
232.34	47932.17
232.42	47965.84
232.49	47988.60
232.56	48017.82
232.63	48070.76
232.70	48122.26
232.77	48178.79
232.85	48233.69
232.92	48273.05
232.99	48281.72
233.06	48304.74
233.13	48322.93
233.20	48334.46
233.27	48343.78
233.35	48350.00
233.42	48347.30
233.49	48348.44
233.56	48370.49
233.63	48391.29
233.70	48416.01
233.77	48444.56
233.85	48476.48
233.92	48501.80
233.99	48526.56
234.06	48564.94
234.13	48606.40
234.20	48657.11
234.27	48691.73
234.35	48724.27
234.42	48740.14
234.49	48742.42
234.56	48737.70
234.63	48722.37
234.70	48713.44
234.77	48708.20
234.84	48689.37
234.92	48664.15
234.99	48662.72
235.06	48676.24
235.13	48694.98
235.20	48731.90
235.27	48779.16
235.34	48814.92
235.41	48845.21
235.49	48868.88
235.56	48889.21
235.63	48889.62
235.70	48892.01
235.77	48869.93
235.84	48857.14
235.91	48839.51
235.98	48828.24
236.06	48822.94
236.13	48830.51
236.20	48833.46
236.27	48825.50
236.34	48832.64
236.41	48842.12
236.48	48839.74
236.55	48831.30
236.63	48832.62
236.70	48824.87
236.77	48811.82
236.84	48812.68
236.91	48813.29
236.98	48806.79
237.05	48807.63
237.12	48799.71
237.19	48778.24
237.27	48768.99
237.34	48773.30
237.41	48763.66
237.48	48756.89
237.55	48753.37
237.62	48737.35
237.69	48732.75
237.76	48736.19
237.83	48740.89
237.91	48748.38
237.98	48763.70
238.05	48759.97
238.12	48749.58
238.19	48734.38
238.26	48743.42
238.33	48733.05
238.40	48713.70
238.47	48695.83
238.54	48687.21
238.62	48650.51
238.69	48624.31
238.76	48606.26
238.83	48595.18
238.90	48598.86
238.97	48617.57
239.04	48631.28
239.11	48649.74
239.18	48663.47
239.25	48660.94
239.33	48639.29
239.40	48621.89
239.47	48586.05
239.54	48540.52
239.61	48482.01
239.68	48428.69
239.75	48392.16
239.82	48369.45
239.89	48348.67
239.96	48348.17
240.03	48355.24
240.11	48364.03
240.18	48382.40
240.25	48401.84
240.32	48406.82
240.39	48416.93
240.46	48422.56
240.53	48436.23
240.60	48461.70
240.67	48494.23
240.74	48518.37
240.81	48532.76
240.88	48523.79
240.96	48503.33
241.03	48481.37
241.10	48452.09
241.17	48421.62
241.24	48409.05
241.31	48400.95
241.38	48386.62
241.45	48377.42
241.52	48375.26
241.59	48369.73
241.66	48376.79
241.73	48385.15
241.80	48396.33
241.88	48393.13
241.95	48369.71
242.02	48329.63
242.09	48278.58
242.16	48221.50
242.23	48201.92
242.30	48199.89
242.37	48196.58
242.44	48216.86
242.51	48223.76
242.58	48202.60
242.65	48188.28
242.72	48185.18
242.79	48176.45
242.87	48191.60
242.94	48197.92
243.01	48196.61
243.08	48194.32
243.15	48189.42
243.22	48182.88
243.29	48192.31
243.36	48205.04
243.43	48224.45
243.50	48242.52
243.57	48261.05
243.64	48273.09
243.71	48288.69
243.78	48292.57
243.85	48292.17
243.92	48279.54
243.99	48274.09
244.07	48255.50
244.14	48232.81
244.21	48224.16
244.28	48235.04
244.35	48252.97
244.42	48279.53
244.49	48304.14
244.56	48325.68
244.63	48331.27
244.70	48321.85
244.77	48318.83
244.84	48319.11
244.91	48307.10
244.98	48304.16
245.05	48312.02
245.12	48340.25
245.19	48372.44
245.26	48410.68
245.33	48449.90
245.40	48485.64
245.47	48496.05
245.55	48508.52
245.62	48518.36
245.69	48526.04
245.76	48547.72
245.83	48571.96
245.90	48584.96
245.97	48589.40
246.04	48603.18
246.11	48594.73
246.18	48584.11
246.25	48582.28
246.32	48584.25
246.39	48587.61
246.46	48605.80
246.53	48615.82
246.60	48625.25
246.67	48658.04
246.74	48685.19
246.81	48709.26
246.88	48740.57
246.95	48769.15
247.02	48780.70
247.09	48788.98
247.16	48788.21
247.23	48772.38
247.30	48745.26
247.37	48724.13
247.44	48716.23
247.51	48707.30
247.58	48716.45
247.66	48753.30
247.73	48808.37
247.80	48850.73
247.87	48903.44
247.94	48964.38
248.01	49023.09
248.08	49062.99
248.15	49097.69
248.22	49131.29
248.29	49164.69
248.36	49186.93
248.43	49212.97
248.50	49241.45
248.57	49259.78
248.64	49270.70
248.71	49301.56
248.78	49327.19
248.85	49341.30
248.92	49374.31
248.99	49392.71
249.06	49384.43
249.13	49364.32
249.20	49358.23
249.27	49334.41
249.34	49335.34
249.41	49352.53
249.48	49374.72
249.55	49391.72
249.62	49414.37
249.69	49423.94
249.76	49449.13
249.83	49479.21
249.90	49518.54
249.97	49560.56
250.04	49617.85
250.11	49668.36
250.18	49717.60
250.25	49757.76
250.32	49783.96
250.39	49802.05
250.46	49807.90
250.53	49817.51
250.60	49832.91
250.67	49867.56
250.74	49897.80
250.81	49895.56
250.88	49889.03
250.95	49889.34
251.02	49874.25
251.09	49857.60
251.16	49888.11
251.23	49928.62
251.30	49966.12
251.37	50003.66
251.44	50035.35
251.51	50068.46
251.58	50092.57
251.65	50118.61
251.72	50142.71
251.79	50165.72
251.86	50157.10
251.93	50131.97
252.00	50087.95
252.07	50043.79
252.14	50029.84
252.21	50034.62
252.28	50059.75
252.35	50100.84
252.42	50169.18
252.49	50209.51
252.56	50240.21
252.63	50277.46
252.70	50299.42
252.77	50302.52
252.84	50315.46
252.91	50318.16
252.98	50306.14
253.05	50302.10
253.12	50305.97
253.19	50307.38
253.25	50335.29
253.32	50364.15
253.39	50396.11
253.46	50420.08
253.53	50442.33
253.60	50430.02
253.67	50428.28
253.74	50453.46
253.81	50480.52
253.88	50505.60
253.95	50544.70
254.02	50576.28
254.09	50574.64
254.16	50572.51
254.23	50560.91
254.30	50544.58
254.37	50540.93
254.44	50554.16
254.51	50574.31
254.58	50595.11
254.65	50621.21
254.72	50626.90
254.79	50601.21
254.86	50570.72
254.93	50545.56
255.00	50538.50
255.07	50539.77
255.14	50565.53
255.21	50567.51
255.28	50554.84
255.34	50527.42
255.41	50524.23
255.48	50526.33
255.55	50546.29
255.62	50585.03
255.69	50623.15
255.76	50648.31
255.83	50673.02
255.90	50694.85
255.97	50715.62
256.04	50719.86
256.11	50723.38
256.18	50715.66
256.25	50700.99
256.32	50678.25
256.39	50660.98
256.46	50629.49
256.53	50599.77
256.60	50576.68
256.67	50553.30
256.74	50539.32
256.80	50534.51
256.87	50521.36
256.94	50503.66
257.01	50500.36
257.08	50503.60
257.15	50500.06
257.22	50500.91
257.29	50497.81
257.36	50495.94
257.43	50485.26
257.50	50481.97
257.57	50469.14
257.64	50483.04
257.71	50473.54
257.78	50467.64
257.85	50452.96
257.92	50458.28
257.98	50448.68
258.05	50441.07
258.12	50427.56
258.19	50403.49
258.26	50357.96
258.33	50298.84
258.40	50260.92
258.47	50231.05
258.54	50223.25
258.61	50238.11
258.68	50269.58
258.75	50292.29
258.82	50304.08
258.89	50290.67
258.95	50261.37
259.02	50225.06
259.09	50169.97
259.16	50123.94
259.23	50076.74
259.30	50040.72
259.37	50017.88
259.44	50015.50
259.51	50003.07
259.58	50010.11
259.65	50000.14
259.72	49981.80
259.79	49941.16
259.85	49907.72
259.92	49875.12
259.99	49865.41
260.06	49859.25
260.13	49847.23
260.20	49837.01
260.27	49804.55
260.34	49753.77
260.41	49695.09
260.48	49659.00
260.55	49632.56
260.62	49608.91
260.68	49581.26
260.75	49561.14
260.82	49544.60
260.89	49520.33
260.96	49505.73
261.03	49511.71
261.10	49507.33
261.17	49502.02
261.24	49478.23
261.31	49453.57
261.38	49408.05
261.44	49357.26
261.51	49303.57
261.58	49265.83
261.65	49227.42
261.72	49188.73
261.79	49145.32
261.86	49098.85
261.93	49060.28
262.00	49030.30
262.07	48995.81
262.13	48973.89
262.20	48955.28
262.27	48913.72
262.34	48876.17
262.41	48840.24
262.48	48799.04
262.55	48755.36
262.62	48716.23
262.69	48661.92
262.76	48620.71
262.82	48571.88
262.89	48522.58
262.96	48469.62
263.03	48435.56
263.10	48398.33
263.17	48358.12
263.24	48314.42
263.31	48293.14
263.38	48258.75
263.44	48229.64
263.51	48202.85
263.58	48175.14
263.65	48146.27
263.72	48105.30
263.79	48038.98
263.86	47978.69
263.93	47922.28
264.00	47860.81
264.06	47817.47
264.13	47795.03
264.20	47776.43
264.27	47747.33
264.34	47718.66
264.41	47681.63
264.48	47644.93
264.55	47607.97
264.61	47583.98
264.68	47553.31
264.75	47521.77
264.82	47456.49
264.89	47384.36
264.96	47309.03
265.03	47234.07
265.10	47172.90
265.16	47143.36
265.23	47127.11
265.30	47117.53
265.37	47101.56
265.44	47071.11
265.51	47052.06
265.58	47022.71
265.65	46979.85
265.71	46930.38
265.78	46897.02
265.85	46829.39
265.92	46763.15
265.99	46700.68
266.06	46654.66
266.13	46593.19
266.20	46557.23
266.26	46535.56
266.33	46502.31
266.40	46456.87
266.47	46393.30
266.54	46312.54
266.61	46225.44
266.68	46154.41
266.74	46089.08
266.81	46051.89
266.88	46025.23
266.95	45978.55
267.02	45947.18
267.09	45909.66
267.16	45854.67
267.22	45809.04
267.29	45779.45
267.36	45747.81
267.43	45721.03
267.50	45697.09
267.57	45659.06
267.64	45616.89
267.70	45572.05
267.77	45523.90
267.84	45479.44
267.91	45430.16
267.98	45376.20
268.05	45308.24
268.11	45237.90
268.18	45172.96
268.25	45115.11
268.32	45066.64
268.39	45023.38
268.46	44993.46
268.53	44975.28
268.59	44962.90
268.66	44943.93
268.73	44922.08
268.80	44891.11
268.87	44840.96
268.94	44795.36
269.00	44758.70
269.07	44711.21
269.14	44672.51
269.21	44633.56
269.28	44595.25
269.35	44548.75
269.41	44513.97
269.48	44470.58
269.55	44420.58
269.62	44351.39
269.69	44289.26
269.76	44220.96
269.82	44155.57
269.89	44110.61
269.96	44096.14
270.03	44073.20
270.10	44055.77
270.17	44034.34
270.23	44006.28
270.30	43962.47
270.37	43928.97
270.44	43900.50
270.51	43871.80
270.58	43839.14
270.64	43813.92
270.71	43774.39
270.78	43736.16
270.85	43697.03
270.92	43652.00
270.99	43596.15
271.05	43553.99
271.12	43505.08
271.19	43456.31
271.26	43409.79
271.33	43370.16
271.39	43323.08
271.46	43263.01
271.53	43215.75
271.60	43186.39
271.67	43157.74
271.74	43136.67
271.80	43129.09
271.87	43126.02
271.94	43097.65
272.01	43057.16
272.08	43021.26
272.14	42980.51
272.21	42943.07
272.28	42922.84
272.35	42904.17
272.42	42875.98
272.48	42862.97
272.55	42835.51
272.62	42812.73
272.69	42805.35
272.76	42809.88
272.83	42793.58
272.89	42774.13
272.96	42741.42
273.03	42690.04
273.10	42634.12
273.17	42581.87
273.23	42533.83
273.30	42489.92
273.37	42461.74
273.44	42433.65
273.51	42416.45
273.57	42405.34
273.64	42392.54
273.71	42386.33
273.78	42375.95
273.85	42362.26
273.91	42333.76
273.98	42319.54
274.05	42293.65
274.12	42266.85
274.19	42242.06
274.25	42223.51
274.32	42188.92
274.39	42144.80
274.46	42090.18
274.53	42031.02
274.59	41965.02
274.66	41912.28
274.73	41870.93
274.80	41832.04
274.86	41797.78
274.93	41786.42
275.00	41766.40
275.07	41733.52
275.14	41709.06
275.20	41671.31
275.27	41624.61
275.34	41582.81
275.41	41548.51
275.48	41531.48
275.54	41531.59
275.61	41524.31
275.68	41507.36
275.75	41487.21
275.81	41451.98
275.88	41413.72
275.95	41377.94
276.02	41337.74
276.09	41303.57
276.15	41267.99
276.22	41245.85
276.29	41223.64
276.36	41202.34
276.42	41176.43
276.49	41140.98
276.56	41078.53
276.63	41013.67
276.70	40958.24
276.76	40925.35
276.83	40914.37
276.90	40916.74
276.97	40921.41
277.03	40930.57
277.10	40922.08
277.17	40905.80
277.24	40888.97
277.30	40876.64
277.37	40846.71
277.44	40815.27
277.51	40779.78
277.58	40743.22
277.64	40702.44
277.71	40671.57
277.78	40640.24
277.85	40601.29
277.91	40555.40
277.98	40513.93
278.05	40468.81
278.12	40434.53
278.18	40400.82
278.25	40380.62
278.32	40360.68
278.39	40358.00
278.45	40353.63
278.52	40355.71
278.59	40337.48
278.66	40306.49
278.72	40282.67
278.79	40248.42
278.86	40213.38
278.93	40196.05
278.99	40189.09
279.06	40164.84
279.13	40144.95
279.20	40133.50
279.26	40117.86
279.33	40106.46
279.40	40081.39
279.47	40051.91
279.53	40015.30
279.60	39979.75
279.67	39934.15
279.74	39893.51
279.80	39862.84
279.87	39833.20
279.94	39809.57
280.01	39787.89
280.07	39768.19
280.14	39742.01
280.21	39707.66
280.28	39658.41
280.34	39610.95
280.41	39564.56
280.48	39515.97
280.55	39474.23
280.61	39452.42
280.68	39433.24
280.75	39415.19
280.82	39390.22
280.88	39360.46
280.95	39306.30
281.02	39250.27
281.08	39184.30
281.15	39123.97
281.22	39064.04
281.29	39005.30
281.35	38937.63
281.42	38882.19
281.49	38818.70
281.56	38757.56
281.62	38717.53
281.69	38683.52
281.76	38656.07
281.82	38644.01
281.89	38627.51
281.96	38599.99
282.03	38573.04
282.09	38539.77
282.16	38497.82
282.23	38461.35
282.30	38418.68
282.36	38381.67
282.43	38352.98
282.50	38337.90
282.56	38300.93
282.63	38279.96
282.70	38254.84
282.77	38226.90
282.83	38196.94
282.90	38186.34
282.97	38166.41
283.03	38157.06
283.10	38149.23
283.17	38136.60
283.24	38119.53
283.30	38096.04
283.37	38064.41
283.44	38018.44
283.50	37964.88
283.57	37918.89
283.64	37866.66
283.71	37809.69
283.77	37768.84
283.84	37742.55
283.91	37716.02
283.97	37709.39
284.04	37713.61
284.11	37701.04
284.18	37688.96
284.24	37678.42
284.31	37671.23
284.38	37658.29
284.44	37656.37
284.51	37645.75
284.58	37637.07
284.64	37617.91
284.71	37596.15
284.78	37567.86
284.85	37547.97
284.91	37525.91
284.98	37504.90
285.05	37470.24
285.11	37446.95
285.18	37412.08
285.25	37383.97
285.31	37356.09
285.38	37346.37
285.45	37338.53
285.52	37331.30
285.58	37310.83
285.65	37294.25
285.72	37266.80
285.78	37243.11
285.85	37223.98
285.92	37212.97
285.98	37194.57
286.05	37178.96
286.12	37163.57
286.18	37148.33
286.25	37129.92
286.32	37109.43
286.39	37096.43
286.45	37064.66
286.52	37025.22
286.59	36989.79
286.65	36969.14
286.72	36959.41
286.79	36955.30
286.85	36967.86
286.92	36971.55
286.99	36964.92
287.05	36939.89
287.12	36930.51
287.19	36911.67
287.25	36905.20
287.32	36899.93
287.39	36904.17
287.45	36887.43
287.52	36876.67
287.59	36865.04
287.65	36854.26
287.72	36830.50
287.79	36808.51
287.86	36775.15
287.92	36738.92
287.99	36709.70
288.06	36699.12
288.12	36683.48
288.19	36674.55
288.26	36653.11
288.32	36633.21
288.39	36606.38
288.46	36595.43
288.52	36590.13
288.59	36599.70
288.66	36604.03
288.72	36609.11
288.79	36602.74
288.86	36586.97
288.92	36563.19
288.99	36536.84
289.06	36516.51
289.12	36496.43
289.19	36485.25
289.26	36474.76
289.32	36468.51
289.39	36452.86
289.45	36448.92
289.52	36429.84
289.59	36427.04
289.65	36420.35
289.72	36402.69
289.79	36391.93
289.85	36398.53
289.92	36385.93
289.99	36375.93
290.05	36372.42
290.12	36350.33
290.19	36322.18
290.25	36290.83
290.32	36258.80
290.39	36239.50
290.45	36233.11
290.52	36231.85
290.59	36240.33
290.65	36237.56
290.72	36231.36
290.79	36223.55
290.85	36210.97
290.92	36205.94
290.98	36203.90
291.05	36203.60
291.12	36197.53
291.18	36191.31
291.25	36176.03
291.32	36168.73
291.38	36145.79
291.45	36123.98
291.52	36105.61
291.58	36090.14
291.65	36070.11
291.72	36061.83
291.78	36054.51
291.85	36034.03
291.91	36019.15
291.98	36012.83
292.05	35998.98
292.11	35988.61
292.18	35988.84
292.25	35979.47
292.31	35963.88
292.38	35959.83
292.45	35952.03
292.51	35947.73
292.58	35934.10
292.64	35928.62
292.71	35915.69
292.78	35905.97
292.84	35881.37
292.91	35868.95
292.98	35850.48
293.04	35838.68
293.11	35818.76
293.17	35811.67
293.24	35804.91
293.31	35796.95
293.37	35784.37
293.44	35774.21
293.51	35764.19
293.57	35746.91
293.64	35730.64
293.70	35716.66
293.77	35702.82
293.84	35685.19
293.90	35677.10
293.97	35670.39
294.04	35666.15
294.10	35655.51
294.17	35646.87
294.23	35638.64
294.30	35617.72
294.37	35600.23
294.43	35594.20
294.50	35574.35
294.56	35557.82
294.63	35543.62
294.70	35531.92
294.76	35519.47
294.83	35519.89
294.90	35506.48
294.96	35508.78
295.03	35496.07
295.09	35493.85
295.16	35486.32
295.23	35484.69
295.29	35470.22
295.36	35454.23
295.42	35422.95
295.49	35396.89
295.56	35386.54
295.62	35373.74
295.69	35360.18
295.75	35359.77
295.82	35355.56
295.89	35327.95
295.95	35304.53
296.02	35287.29
296.08	35253.51
296.15	35219.19
296.22	35197.77
296.28	35186.57
296.35	35177.06
296.41	35167.15
296.48	35161.65
296.55	35158.35
296.61	35147.55
296.68	35136.13
296.74	35131.81
296.81	35133.95
296.88	35120.01
296.94	35099.25
297.01	35082.33
297.07	35061.74
297.14	35040.87
297.20	35029.02
297.27	35026.95
297.34	35032.07
297.40	35032.52
297.47	35019.88
297.53	35001.41
297.60	34984.57
297.67	34952.61
297.73	34929.86
297.80	34901.49
297.86	34876.73
297.93	34844.37
298.00	34824.16
298.06	34800.73
298.13	34798.29
298.19	34792.16
298.26	34798.17
298.32	34800.26
298.39	34790.81
298.46	34773.88
298.52	34758.20
298.59	34726.44
298.65	34692.07
298.72	34675.68
298.78	34651.64
298.85	34632.19
298.92	34615.18
298.98	34593.32
299.05	34568.90
299.11	34538.29
299.18	34506.99
299.24	34478.32
299.31	34443.76
299.38	34412.28
299.44	34383.59
299.51	34369.43
299.57	34354.84
299.64	34351.25
299.70	34343.36
299.77	34329.78
299.84	34300.75
299.90	34258.92
299.97	34214.74
300.03	34183.93
300.10	34170.96
300.16	34151.41
300.23	34146.14
300.30	34138.03
300.36	34106.38
300.43	34082.49
300.49	34050.22
300.56	34021.91
300.62	33998.22
300.69	33985.58
300.75	33958.44
300.82	33944.41
300.89	33914.73
300.95	33887.45
301.02	33840.92
301.08	33797.93
301.15	33759.99
301.21	33734.08
301.28	33704.33
301.34	33687.33
301.41	33667.91
301.48	33643.41
301.54	33612.59
301.61	33584.09
301.67	33552.49
301.74	33524.58
301.80	33484.71
301.87	33445.90
301.93	33397.65
302.00	33357.20
302.06	33304.70
302.13	33262.10
302.20	33235.79
302.26	33204.51
302.33	33178.55
302.39	33149.16
302.46	33115.57
302.52	33067.64
302.59	33029.72
302.65	32978.65
302.72	32936.99
302.78	32898.86
302.85	32867.65
302.91	32831.45
302.98	32803.80
303.05	32770.02
303.11	32741.69
303.18	32695.77
303.24	32659.01
303.31	32610.36
303.37	32573.83
303.44	32532.20
303.50	32496.09
303.57	32449.21
303.63	32404.63
303.70	32356.95
303.76	32306.43
303.83	32262.62
303.89	32216.92
303.96	32173.23
304.03	32119.05
304.09	32072.43
304.16	32013.16
304.22	31960.35
304.29	31909.59
304.35	31858.35
304.42	31813.34
304.48	31768.71
304.55	31725.29
304.61	31672.83
304.68	31631.82
304.74	31575.36
304.81	31531.98
304.87	31472.37
304.94	31427.15
305.00	31375.11
305.07	31319.67
305.13	31253.11
305.20	31198.81
305.26	31141.09
305.33	31088.01
305.39	31039.10
305.46	30983.21
305.52	30932.11
305.59	30883.98
305.66	30831.60
305.72	30778.39
305.79	30731.48
305.85	30673.42
305.92	30587.67
305.98	30469.02
306.05	30330.40
306.11	30177.54
306.18	30019.28
306.24	29882.53
306.31	29812.37
306.37	29804.60
306.44	29844.81
306.50	29902.30
306.57	29961.06
306.63	29987.11
306.70	29959.90
306.76	29903.52
306.83	29842.01
306.89	29771.63
306.96	29696.94
307.02	29634.52
307.09	29581.66
307.15	29525.25
307.22	29474.17
307.28	29423.43
307.35	29363.69
307.41	29285.44
307.48	29212.72
307.54	29138.30
307.61	29066.85
307.67	29006.58
307.74	28949.23
307.80	28894.69
307.87	28840.58
307.93	28785.71
308.00	28725.39
308.06	28674.05
308.13	28607.81
308.19	28546.27
308.26	28483.98
308.32	28431.68
308.38	28371.40
308.45	28313.37
308.51	28264.01
308.58	28207.10
308.64	28141.47
308.71	28087.78
308.77	28036.00
308.84	27968.33
308.90	27911.63
308.97	27854.62
309.03	27795.02
309.10	27736.39
309.16	27672.30
309.23	27597.40
309.29	27525.71
309.36	27434.71
309.42	27350.74
309.49	27281.83
309.55	27222.59
309.62	27156.80
309.68	27116.07
309.75	27057.17
309.81	26991.31
309.88	26930.75
309.94	26867.75
310.00	26794.83
310.07	26733.84
310.13	26676.15
310.20	26608.56
310.26	26550.47
310.33	26487.45
310.39	26429.85
310.46	26365.64
310.52	26307.86
310.59	26242.91
310.65	26180.46
310.72	26119.63
310.78	26059.69
310.85	25992.01
310.91	25933.18
310.97	25880.42
311.04	25820.29
311.10	25761.89
311.17	25701.84
311.23	25640.87
311.30	25580.87
311.36	25524.85
311.43	25477.36
311.49	25425.33
311.56	25377.54
311.62	25326.32
311.69	25267.97
311.75	25210.44
311.81	25150.08
311.88	25077.97
311.94	25018.25
312.01	24966.30
312.07	24905.07
312.14	24860.51
312.20	24822.20
312.27	24768.79
312.33	24703.09
312.40	24634.86
312.46	24567.97
312.52	24498.09
312.59	24439.30
312.65	24381.26
312.72	24318.37
312.78	24257.78
312.85	24199.27
312.91	24123.66
312.98	24061.14
313.04	24015.58
313.10	23964.10
313.17	23912.97
313.23	23871.31
313.30	23815.85
313.36	23757.56
313.43	23697.97
313.49	23639.90
313.56	23571.97
313.62	23517.88
313.68	23457.29
313.75	23402.86
313.81	23352.42
313.88	23303.69
313.94	23257.97
314.01	23208.18
314.07	23155.73
314.13	23095.82
314.20	23046.62
314.26	22982.89
314.33	22928.35
314.39	22874.56
314.46	22815.71
314.52	22767.84
314.58	22717.86
314.65	22664.19
314.71	22603.37
314.78	22555.28
314.84	22492.71
314.91	22442.45
314.97	22390.76
315.03	22340.70
315.10	22286.42
315.16	22227.39
315.23	22170.76
315.29	22123.37
315.36	22079.86
315.42	22034.65
315.48	21990.47
315.55	21948.14
315.61	21889.05
315.68	21835.35
315.74	21775.07
315.81	21716.01
315.87	21653.36
315.93	21611.04
316.00	21572.13
316.06	21538.80
316.13	21513.39
316.19	21461.61
316.25	21369.70
316.32	21235.56
316.38	21064.28
316.45	20850.53
316.51	20625.58
316.58	20396.07
316.64	20156.78
316.70	19925.88
316.77	19687.64
316.83	19442.32
316.90	19193.22
316.96	18950.30
317.02	18699.32
317.09	18459.01
317.15	18224.06
317.22	17983.18
317.28	17743.28
317.34	17503.64
317.41	17259.68
317.47	17019.74
317.54	16782.51
317.60	16534.91
317.66	16290.49
317.73	16041.96
317.79	15794.98
317.86	15551.64
317.92	15308.12
317.98	15057.96
318.05	14808.03
318.11	14559.89
318.18	14311.74
318.24	14064.61
318.30	13816.68
318.37	13574.17
318.43	13317.67
318.50	13056.44
318.56	12792.02
318.62	12534.81
318.69	12266.61
318.75	12001.46
318.82	11728.74
318.88	11467.81
318.94	11192.82
319.01	10924.75
319.07	10656.09
319.13	10386.96
319.20	10108.48
319.26	9830.20
319.33	9546.69
319.39	9255.34
319.45	8978.14
319.52	8698.94
319.58	8419.64
319.65	8139.83
319.71	7863.00
319.77	7579.46
319.84	7303.24
319.90	7033.26
319.96	6763.96
320.03	6498.33
320.09	6241.43
320.16	5977.41
320.22	5724.24
320.28	5476.00
320.35	5237.44
320.41	4999.93
320.47	4776.30
320.54	4554.08
320.60	4346.41
320.67	4143.11
320.73	3949.77
320.79	3760.51
320.86	3584.30
320.92	3408.59
320.98	3244.45
321.05	3084.32
321.11	2931.83
321.18	2786.13
321.24	2652.93
321.30	2522.16
321.37	2402.90
321.43	2298.62
321.49	2196.57
321.56	2099.80
321.62	2014.29
321.68	1927.16
321.75	1843.74
321.81	1768.10
321.88	1695.22
321.94	1628.29
322.00	1568.44
322.07	1505.85
322.13	1444.54
322.19	1384.43
322.26	1322.40
322.32	1266.72
322.38	1216.37
322.45	1173.82
322.51	1129.02
322.58	1090.00
322.64	1042.86
322.70	1001.59
322.77	952.50
322.83	915.91
322.89	870.36
322.96	830.25
323.02	788.56
323.08	748.36
323.15	705.41
323.21	670.60
323.27	635.96
323.34	600.73
323.40	567.70
323.46	534.85
323.53	495.08
323.59	415.47
323.65	311.26
323.72	194.02
323.78	83.12
323.85	-16.40
323.91	-67.11
323.97	-86.37
324.04	-86.56
