180.21	3428.97
180.28	-125.93
180.36	632.59
180.44	-48.01
180.51	-16.82
180.59	6.84
180.66	34.72
180.74	33.37
180.81	33.23
180.89	36.01
180.97	37.04
181.04	34.87
181.12	33.62
181.19	34.40
181.27	34.17
181.34	51.00
181.42	57.47
181.50	64.46
181.57	75.42
181.65	81.21
181.72	75.03
181.80	70.48
181.87	71.68
181.95	72.03
182.03	72.19
182.10	75.86
182.18	79.28
182.25	85.61
182.33	88.62
182.40	98.77
182.48	98.69
182.55	114.10
182.63	123.39
182.71	131.29
182.78	140.48
182.86	155.07
182.93	155.23
183.01	154.45
183.08	149.56
183.16	147.12
183.23	137.34
183.31	145.26
183.39	152.82
183.46	174.25
183.54	185.26
183.61	213.98
183.69	234.82
183.76	268.80
183.84	295.26
183.91	324.93
183.99	365.63
184.06	398.03
184.14	431.08
184.22	477.71
184.29	512.64
184.37	524.37
184.44	542.27
184.52	530.13
184.59	470.93
184.67	415.21
184.74	363.71
184.82	328.03
184.89	322.79
184.97	368.59
185.04	439.95
185.12	511.24
185.20	590.88
185.27	666.84
185.35	754.78
185.42	813.93
185.50	876.67
185.57	933.53
185.65	976.93
185.72	1016.34
185.80	1095.30
185.87	1153.73
185.95	1221.93
186.02	1338.24
186.10	1405.94
186.17	1430.02
186.25	1418.75
186.33	1274.67
186.40	1072.42
186.48	926.11
186.55	832.79
186.63	819.00
186.70	943.66
186.78	1110.61
186.85	1254.54
186.93	1380.45
187.00	1485.26
187.08	1598.78
187.15	1702.40
187.23	1826.78
187.30	1955.63
187.38	2065.86
187.45	2186.85
187.53	2324.78
187.60	2406.03
187.68	2509.86
187.75	2657.71
187.83	2730.37
187.90	2788.29
187.98	2898.91
188.05	2925.18
188.13	2780.72
188.21	2523.19
188.28	2253.88
188.36	1989.72
188.43	1795.60
188.51	1798.56
188.58	1988.30
188.66	2199.48
188.73	2401.23
188.81	2617.92
188.88	2781.42
188.96	2946.33
189.03	3084.78
189.11	3235.22
189.18	3373.19
189.26	3488.26
189.33	3604.56
189.41	3740.67
189.48	3824.49
189.56	3920.63
189.63	4054.29
189.71	4113.12
189.78	4169.84
189.86	4269.05
189.93	4316.45
190.01	4312.19
190.08	4287.10
190.16	4099.49
190.23	3727.64
190.31	3380.13
190.38	3129.98
190.46	2987.63
190.53	3036.17
190.61	3281.36
190.68	3540.29
190.76	3771.88
190.83	3970.14
190.91	4134.75
190.98	4307.67
191.06	4452.16
191.13	4599.82
191.21	4734.71
191.28	4848.85
191.35	4964.00
191.43	5081.17
191.50	5148.98
191.58	5238.48
191.65	5341.43
191.73	5386.24
191.80	5441.17
191.88	5494.74
191.95	5493.10
192.03	5492.36
192.10	5521.13
192.18	5540.12
192.25	5537.03
192.33	5437.49
192.40	5206.11
192.48	4944.11
192.55	4729.37
192.63	4583.32
192.70	4602.36
192.78	4781.89
192.85	5015.74
192.93	5225.28
193.00	5416.36
193.08	5567.86
193.15	5722.88
193.22	5833.41
193.30	5939.54
193.37	6051.43
193.45	6132.67
193.52	6203.44
193.60	6288.18
193.67	6344.12
193.75	6389.14
193.82	6451.57
193.90	6470.58
193.97	6488.70
194.05	6514.46
194.12	6529.39
194.20	6555.89
194.27	6606.43
194.34	6648.67
194.42	6683.62
194.49	6722.50
194.57	6746.92
194.64	6715.95
194.72	6619.95
194.79	6519.93
194.87	6435.42
194.94	6381.88
195.02	6397.03
195.09	6489.98
195.17	6612.15
195.24	6720.61
195.31	6820.58
195.39	6899.17
195.46	6977.32
195.54	7043.60
195.61	7109.19
195.69	7160.12
195.76	7207.01
195.84	7249.56
195.91	7279.36
195.99	7290.85
196.06	7295.86
196.13	7311.52
196.21	7318.13
196.28	7336.10
196.36	7371.90
196.43	7410.80
196.51	7450.74
196.58	7494.78
196.66	7533.74
196.73	7566.15
196.80	7597.72
196.88	7619.33
196.95	7642.10
197.03	7667.18
197.10	7673.02
197.18	7659.71
197.25	7646.47
197.33	7634.90
197.40	7625.57
197.47	7631.44
197.55	7662.79
197.62	7700.23
197.70	7732.63
197.77	7769.06
197.85	7811.69
197.92	7851.83
197.99	7894.41
198.07	7939.46
198.14	7977.25
198.22	8012.29
198.29	8038.45
198.37	8060.01
198.44	8082.84
198.51	8100.59
198.59	8117.70
198.66	8146.75
198.74	8176.11
198.81	8201.14
198.89	8222.78
198.96	8247.10
199.03	8262.64
199.11	8285.05
199.18	8302.35
199.26	8327.18
199.33	8353.46
199.41	8387.44
199.48	8409.68
199.55	8444.96
199.63	8473.55
199.70	8510.44
199.78	8532.39
199.85	8556.15
199.93	8575.11
200.00	8604.75
200.07	8625.14
200.15	8660.67
200.22	8701.92
200.30	8733.66
200.37	8767.07
200.44	8788.29
200.52	8806.74
200.59	8828.63
200.67	8851.92
200.74	8866.51
200.81	8895.24
200.89	8922.53
200.96	8953.43
201.04	8982.33
201.11	9024.14
201.19	9061.54
201.26	9100.45
201.33	9135.54
201.41	9177.75
201.48	9212.61
201.56	9248.35
201.63	9291.84
201.70	9326.11
201.78	9361.08
201.85	9401.82
201.93	9436.66
202.00	9465.88
202.07	9501.23
202.15	9530.51
202.22	9552.48
202.30	9585.18
202.37	9616.50
202.44	9652.19
202.52	9701.19
202.59	9753.30
202.67	9798.27
202.74	9845.59
202.81	9888.10
202.89	9927.93
202.96	9975.04
203.04	10029.14
203.11	10075.59
203.18	10128.51
203.26	10178.25
203.33	10219.64
203.41	10255.91
203.48	10297.27
203.55	10325.20
203.63	10352.35
203.70	10385.59
203.77	10424.50
203.85	10471.44
203.92	10524.53
204.00	10594.08
204.07	10656.88
204.14	10715.53
204.22	10766.50
204.29	10826.03
204.37	10872.16
204.44	10924.12
204.51	10984.89
204.59	11047.69
204.66	11101.34
204.73	11161.50
204.81	11217.04
204.88	11275.08
204.96	11329.17
205.03	11382.56
205.10	11430.79
205.18	11482.19
205.25	11527.32
205.32	11577.87
205.40	11632.56
205.47	11690.11
205.55	11747.30
205.62	11812.42
205.69	11884.70
205.77	11959.58
205.84	12041.58
205.91	12126.85
205.99	12206.82
206.06	12276.98
206.14	12347.36
206.21	12420.07
206.28	12485.92
206.36	12560.70
206.43	12634.54
206.50	12714.93
206.58	12781.80
206.65	12852.75
206.72	12910.60
206.80	12969.20
206.87	13021.04
206.95	13085.87
207.02	13158.05
207.09	13236.63
207.17	13325.68
207.24	13419.20
207.31	13511.41
207.39	13601.63
207.46	13691.27
207.53	13776.99
207.61	13861.38
207.68	13946.14
207.75	14036.76
207.83	14129.86
207.90	14216.34
207.98	14304.70
208.05	14396.66
208.12	14477.53
208.20	14564.85
208.27	14654.43
208.34	14738.88
208.42	14808.20
208.49	14886.71
208.56	14957.25
208.64	15038.43
208.71	15123.68
208.78	15221.26
208.86	15328.93
208.93	15438.49
209.00	15547.75
209.08	15658.31
209.15	15770.95
209.22	15876.14
209.30	15978.83
209.37	16082.84
209.44	16191.91
209.52	16300.04
209.59	16401.21
209.67	16512.48
209.74	16620.12
209.81	16728.57
209.89	16828.13
209.96	16936.02
210.03	17032.46
210.11	17126.75
210.18	17211.43
210.25	17304.53
210.33	17395.49
210.40	17499.13
210.47	17616.84
210.55	17743.57
210.62	17872.63
210.69	17995.98
210.77	18123.18
210.84	18242.34
210.91	18375.38
210.99	18495.17
211.06	18622.17
211.13	18747.92
211.21	18875.49
211.28	18982.31
211.35	19105.32
211.42	19235.12
211.50	19356.28
211.57	19472.82
211.64	19605.62
211.72	19720.12
211.79	19819.85
211.86	19919.97
211.94	20035.67
212.01	20144.35
212.08	20270.99
212.16	20404.21
212.23	20548.61
212.30	20687.28
212.38	20821.88
212.45	20956.83
212.52	21096.98
212.60	21223.12
212.67	21348.11
212.74	21481.81
212.82	21614.66
212.89	21748.75
212.96	21889.86
213.03	22028.32
213.11	22172.81
213.18	22307.05
213.25	22444.81
213.33	22578.69
213.40	22708.51
213.47	22828.05
213.55	22959.18
213.62	23079.98
213.69	23202.76
213.77	23339.28
213.84	23476.93
213.91	23630.65
213.98	23786.26
214.06	23947.90
214.13	24104.56
214.20	24258.88
214.28	24404.01
214.35	24548.93
214.42	24689.05
214.50	24824.79
214.57	24964.68
214.64	25102.86
214.72	25242.12
214.79	25390.08
214.86	25536.95
214.93	25679.68
215.01	25827.76
215.08	25971.98
215.15	26104.61
215.23	26234.58
215.30	26369.77
215.37	26495.23
215.44	26637.11
215.52	26784.39
215.59	26939.63
215.66	27092.96
215.74	27251.03
215.81	27396.22
215.88	27550.72
215.95	27693.65
216.03	27842.39
216.10	27993.57
216.17	28149.44
216.25	28295.11
216.32	28451.65
216.39	28609.38
216.46	28758.44
216.54	28901.42
216.61	29056.77
216.68	29202.62
216.76	29345.76
216.83	29489.25
216.90	29638.77
216.97	29778.16
217.05	29923.88
217.12	30065.61
217.19	30207.77
217.27	30347.16
217.34	30487.12
217.41	30623.29
217.48	30764.98
217.56	30913.23
217.63	31068.78
217.70	31223.73
217.78	31385.27
217.85	31539.41
217.92	31694.43
217.99	31839.30
218.07	31985.29
218.14	32128.11
218.21	32278.27
218.28	32424.22
218.36	32572.71
218.43	32717.02
218.50	32875.21
218.57	33020.95
218.65	33163.92
218.72	33296.45
218.79	33427.72
218.87	33546.41
218.94	33675.84
219.01	33803.83
219.08	33934.60
219.16	34075.52
219.23	34222.68
219.30	34370.70
219.37	34517.18
219.45	34677.88
219.52	34832.10
219.59	34971.55
219.66	35105.48
219.74	35245.61
219.81	35388.80
219.88	35528.47
219.95	35678.77
220.03	35833.30
220.10	35973.33
220.17	36100.27
220.24	36233.54
220.32	36365.83
220.39	36486.54
220.46	36612.16
220.53	36739.05
220.61	36853.28
220.68	36963.34
220.75	37081.76
220.82	37210.81
220.90	37333.88
220.97	37464.69
221.04	37594.63
221.11	37716.19
221.19	37835.38
221.26	37964.52
221.33	38094.69
221.40	38226.87
221.48	38369.34
221.55	38502.89
221.62	38618.35
221.69	38735.37
221.77	38858.58
221.84	38986.62
221.91	39108.78
221.98	39239.63
222.06	39372.35
222.13	39494.42
222.20	39595.23
222.27	39705.05
222.35	39820.62
222.42	39928.43
222.49	40037.49
222.56	40152.00
222.63	40260.21
222.71	40367.14
222.78	40474.03
222.85	40580.32
222.92	40694.17
223.00	40809.32
223.07	40919.29
223.14	41030.13
223.21	41136.08
223.29	41241.92
223.36	41354.07
223.43	41468.79
223.50	41581.38
223.57	41703.18
223.65	41825.67
223.72	41939.23
223.79	42053.10
223.86	42149.24
223.94	42241.33
224.01	42318.29
224.08	42397.04
224.15	42475.54
224.22	42574.78
224.30	42658.61
224.37	42748.37
224.44	42854.90
224.51	42945.76
224.59	43024.78
224.66	43111.58
224.73	43210.13
224.80	43293.61
224.87	43389.14
224.95	43494.48
225.02	43599.38
225.09	43701.40
225.16	43795.71
225.23	43894.74
225.31	43984.37
225.38	44076.31
225.45	44160.48
225.52	44248.21
225.60	44326.16
225.67	44406.64
225.74	44475.88
225.81	44551.71
225.88	44627.23
225.96	44703.79
226.03	44779.70
226.10	44866.14
226.17	44945.34
226.24	45025.50
226.32	45112.68
226.39	45192.73
226.46	45264.47
226.53	45336.33
226.60	45420.60
226.68	45503.77
226.75	45601.80
226.82	45700.43
226.89	45791.76
226.96	45867.37
227.04	45922.05
227.11	45964.58
227.18	46015.81
227.25	46066.42
227.32	46118.09
227.40	46186.24
227.47	46256.90
227.54	46337.38
227.61	46414.30
227.68	46496.60
227.76	46571.95
227.83	46648.78
227.90	46712.70
227.97	46778.51
228.04	46835.39
228.11	46888.18
228.19	46939.36
228.26	46993.00
228.33	47049.73
228.40	47095.92
228.47	47156.13
228.55	47211.61
228.62	47273.06
228.69	47331.11
228.76	47395.42
228.83	47455.81
228.90	47521.07
228.98	47578.14
229.05	47643.25
229.12	47720.49
229.19	47782.33
229.26	47842.37
229.34	47892.83
229.41	47936.82
229.48	47980.18
229.55	48028.18
229.62	48083.23
229.69	48148.44
229.77	48210.62
229.84	48266.61
229.91	48322.90
229.98	48366.60
230.05	48406.41
230.12	48444.59
230.20	48488.27
230.27	48532.00
230.34	48587.44
230.41	48646.25
230.48	48711.62
230.55	48772.57
230.63	48838.24
230.70	48902.86
230.77	48950.46
230.84	48986.41
230.91	49013.59
230.98	49047.49
231.06	49077.62
231.13	49123.83
231.20	49181.69
231.27	49246.47
231.34	49309.65
231.41	49368.11
231.49	49415.41
231.56	49464.53
231.63	49505.34
231.70	49538.43
231.77	49575.59
231.84	49612.23
231.92	49638.46
231.99	49672.82
232.06	49712.92
232.13	49747.88
232.20	49791.50
232.27	49838.07
232.34	49877.75
232.42	49898.95
232.49	49933.47
232.56	49956.99
232.63	49996.65
232.70	50030.49
232.77	50088.50
232.85	50131.10
232.92	50186.31
232.99	50209.65
233.06	50237.69
233.13	50254.98
233.20	50266.62
233.27	50269.53
233.35	50281.50
233.42	50296.30
233.49	50317.52
233.56	50352.63
233.63	50382.67
233.70	50426.32
233.77	50470.13
233.85	50498.98
233.92	50534.58
233.99	50565.21
234.06	50593.01
234.13	50619.12
234.20	50646.52
234.27	50653.86
234.35	50672.00
234.42	50682.46
234.49	50691.43
234.56	50712.48
234.63	50733.08
234.70	50749.30
234.77	50764.92
234.84	50782.68
234.92	50781.28
234.99	50784.27
235.06	50788.63
235.13	50789.90
235.20	50794.28
235.27	50804.88
235.34	50813.92
235.41	50827.72
235.49	50839.28
235.56	50845.38
235.63	50855.13
235.70	50865.49
235.77	50867.83
235.84	50875.13
235.91	50867.94
235.98	50861.15
236.06	50850.71
236.13	50836.98
236.20	50822.98
236.27	50801.77
236.34	50786.98
236.41	50770.43
236.48	50764.05
236.55	50760.28
236.63	50762.46
236.70	50758.46
236.77	50763.70
236.84	50769.76
236.91	50772.97
236.98	50780.91
237.05	50789.48
237.12	50786.97
237.19	50774.56
237.27	50769.78
237.34	50772.32
237.41	50772.55
237.48	50762.17
237.55	50752.82
237.62	50733.63
237.69	50723.14
237.76	50713.23
237.83	50717.26
237.91	50725.63
237.98	50728.08
238.05	50721.60
238.12	50713.53
238.19	50708.58
238.26	50710.63
238.33	50704.73
238.40	50691.45
238.47	50680.13
238.54	50672.40
238.62	50649.59
238.69	50641.88
238.76	50635.25
238.83	50628.25
238.90	50612.71
238.97	50596.62
239.04	50583.73
239.11	50574.87
239.18	50569.88
239.25	50559.19
239.33	50538.41
239.40	50518.01
239.47	50499.75
239.54	50466.29
239.61	50439.42
239.68	50414.92
239.75	50395.58
239.82	50374.59
239.89	50366.68
239.96	50364.39
240.03	50375.60
240.11	50372.26
240.18	50371.06
240.25	50360.63
240.32	50344.81
240.39	50324.62
240.46	50312.30
240.53	50304.34
240.60	50305.22
240.67	50304.07
240.74	50301.11
240.81	50293.23
240.88	50283.69
240.96	50269.96
241.03	50256.49
241.10	50251.22
241.17	50248.35
241.24	50240.53
241.31	50234.47
241.38	50220.36
241.45	50209.71
241.52	50196.87
241.59	50178.48
241.66	50167.60
241.73	50167.83
241.80	50150.14
241.88	50131.04
241.95	50121.55
242.02	50097.76
242.09	50065.82
242.16	50045.77
242.23	50042.71
242.30	50026.66
242.37	50011.66
242.44	50014.24
242.51	50007.24
242.58	50000.87
242.65	50002.78
242.72	50009.05
242.79	50001.31
242.87	50010.30
242.94	49998.49
243.01	49992.03
243.08	49989.77
243.15	49989.77
243.22	49981.91
243.29	49992.75
243.36	50000.38
243.43	50012.79
243.50	50033.72
243.57	50054.23
243.64	50053.93
243.71	50061.43
243.78	50057.27
243.85	50044.16
243.92	50029.01
243.99	50024.21
244.07	50011.04
244.14	49999.27
244.21	49988.86
244.28	49978.27
244.35	49969.69
244.42	49958.23
244.49	49954.83
244.56	49958.79
244.63	49970.64
244.70	49973.16
244.77	49983.09
244.84	49989.29
244.91	49995.77
244.98	50004.77
245.05	50024.88
245.12	50040.49
245.19	50055.81
245.26	50057.38
245.33	50065.59
245.40	50085.59
245.47	50117.05
245.55	50142.60
245.62	50167.49
245.69	50170.86
245.76	50173.48
245.83	50164.73
245.90	50152.60
245.97	50156.38
246.04	50175.72
246.11	50179.09
246.18	50188.96
246.25	50204.96
246.32	50208.95
246.39	50208.88
246.46	50216.87
246.53	50222.75
246.60	50230.68
246.67	50239.98
246.74	50261.75
246.81	50279.18
246.88	50298.60
246.95	50323.00
247.02	50356.38
247.09	50375.71
247.16	50382.71
247.23	50381.54
247.30	50371.83
247.37	50361.59
247.44	50372.80
247.51	50389.66
247.58	50423.38
247.66	50455.63
247.73	50492.28
247.80	50516.63
247.87	50543.81
247.94	50568.97
248.01	50608.36
248.08	50642.33
248.15	50664.93
248.22	50691.92
248.29	50716.03
248.36	50726.11
248.43	50737.61
248.50	50756.90
248.57	50780.55
248.64	50783.14
248.71	50803.30
248.78	50827.18
248.85	50845.08
248.92	50865.31
248.99	50896.67
249.06	50915.90
249.13	50931.47
249.20	50952.87
249.27	50969.21
249.34	50988.00
249.41	50999.94
249.48	50992.64
249.55	50978.86
249.62	50979.48
249.69	50987.66
249.76	51014.25
249.83	51059.87
249.90	51109.23
249.97	51148.76
250.04	51188.43
250.11	51222.58
250.18	51254.79
250.25	51283.32
250.32	51298.84
250.39	51319.11
250.46	51330.75
250.53	51349.96
250.60	51372.78
250.67	51400.73
250.74	51420.55
250.81	51433.37
250.88	51447.94
250.95	51465.34
251.02	51483.57
251.09	51503.64
251.16	51535.67
251.23	51548.04
251.30	51556.53
251.37	51563.72
251.44	51570.70
251.51	51580.60
251.58	51599.55
251.65	51624.60
251.72	51644.25
251.79	51665.88
251.86	51683.96
251.93	51702.09
252.00	51708.21
252.07	51718.78
252.14	51728.53
252.21	51729.38
252.28	51738.39
252.35	51749.79
252.42	51768.32
252.49	51778.80
252.56	51799.11
252.63	51802.29
252.70	51809.28
252.77	51816.07
252.84	51828.21
252.91	51833.05
252.98	51854.28
253.05	51875.24
253.12	51882.31
253.19	51891.50
253.25	51909.79
253.32	51922.87
253.39	51947.24
253.46	51976.67
253.53	51996.51
253.60	52004.42
253.67	52017.47
253.74	52018.60
253.81	52031.20
253.88	52042.10
253.95	52063.24
254.02	52071.07
254.09	52082.91
254.16	52095.01
254.23	52103.70
254.30	52111.20
254.37	52130.82
254.44	52143.12
254.51	52147.75
254.58	52156.35
254.65	52161.18
254.72	52157.26
254.79	52158.89
254.86	52160.04
254.93	52154.64
255.00	52159.43
255.07	52163.62
255.14	52166.85
255.21	52164.28
255.28	52163.02
255.34	52143.43
255.41	52137.54
255.48	52125.86
255.55	52124.42
255.62	52134.78
255.69	52150.18
255.76	52148.23
255.83	52157.56
255.90	52162.36
255.97	52173.45
256.04	52170.35
256.11	52181.32
256.18	52181.16
256.25	52185.69
256.32	52171.85
256.39	52179.76
256.46	52179.22
256.53	52177.92
256.60	52168.92
256.67	52172.60
256.74	52165.51
256.80	52163.53
256.87	52160.62
256.94	52161.83
257.01	52158.99
257.08	52162.93
257.15	52145.13
257.22	52134.31
257.29	52114.72
257.36	52094.86
257.43	52077.75
257.50	52077.50
257.57	52062.53
257.64	52061.38
257.71	52048.50
257.78	52034.51
257.85	52012.47
257.92	51996.18
257.98	51980.17
258.05	51976.45
258.12	51957.67
258.19	51940.36
258.26	51928.56
258.33	51911.50
258.40	51894.05
258.47	51885.29
258.54	51887.23
258.61	51887.31
258.68	51884.12
258.75	51876.16
258.82	51864.36
258.89	51834.04
258.95	51809.68
259.02	51792.35
259.09	51774.01
259.16	51757.67
259.23	51746.31
259.30	51725.84
259.37	51704.86
259.44	51682.95
259.51	51666.10
259.58	51649.42
259.65	51629.19
259.72	51603.41
259.79	51573.17
259.85	51542.37
259.92	51510.81
259.99	51490.58
260.06	51467.71
260.13	51445.18
260.20	51408.13
260.27	51373.18
260.34	51336.43
260.41	51301.00
260.48	51269.96
260.55	51259.50
260.62	51253.50
260.68	51236.34
260.75	51212.41
260.82	51198.87
260.89	51173.45
260.96	51140.07
261.03	51116.15
261.10	51089.90
261.17	51056.06
261.24	51022.96
261.31	50992.15
261.38	50964.83
261.44	50933.87
261.51	50896.05
261.58	50847.98
261.65	50806.98
261.72	50754.51
261.79	50713.98
261.86	50679.14
261.93	50659.65
262.00	50637.55
262.07	50616.80
262.13	50593.63
262.20	50563.79
262.27	50524.80
262.34	50488.56
262.41	50455.87
262.48	50413.26
262.55	50380.39
262.62	50348.11
262.69	50306.70
262.76	50265.55
262.82	50230.67
262.89	50200.48
262.96	50171.79
263.03	50143.54
263.10	50117.28
263.17	50090.86
263.24	50057.18
263.31	50017.55
263.38	49981.05
263.44	49944.94
263.51	49899.12
263.58	49845.59
263.65	49806.63
263.72	49758.52
263.79	49710.55
263.86	49673.72
263.93	49636.38
264.00	49595.09
264.06	49559.16
264.13	49522.65
264.20	49489.62
264.27	49450.31
264.34	49409.08
264.41	49368.23
264.48	49320.95
264.55	49264.69
264.61	49216.48
264.68	49172.52
264.75	49131.21
264.82	49083.57
264.89	49039.63
264.96	49007.07
265.03	48963.87
265.10	48924.45
265.16	48889.83
265.23	48864.70
265.30	48835.31
265.37	48804.40
265.44	48759.92
265.51	48719.72
265.58	48666.22
265.65	48605.57
265.71	48556.79
265.78	48518.98
265.85	48473.33
265.92	48436.02
265.99	48396.28
266.06	48354.52
266.13	48299.48
266.20	48256.67
266.26	48212.96
266.33	48171.85
266.40	48122.69
266.47	48076.86
266.54	48018.31
266.61	47957.47
266.68	47900.52
266.74	47849.24
266.81	47802.26
266.88	47757.78
266.95	47704.83
267.02	47657.94
267.09	47612.46
267.16	47565.99
267.22	47523.28
267.29	47490.37
267.36	47450.99
267.43	47413.33
267.50	47377.53
267.57	47346.06
267.64	47313.12
267.70	47276.07
267.77	47234.23
267.84	47195.89
267.91	47140.48
267.98	47076.23
268.05	47030.76
268.11	46983.18
268.18	46924.78
268.25	46882.07
268.32	46849.76
268.39	46803.32
268.46	46761.54
268.53	46728.51
268.59	46690.01
268.66	46652.88
268.73	46613.53
268.80	46565.98
268.87	46512.19
268.94	46469.07
269.00	46416.77
269.07	46373.62
269.14	46345.09
269.21	46321.91
269.28	46279.86
269.35	46244.72
269.41	46208.95
269.48	46155.84
269.55	46098.93
269.62	46054.87
269.69	46015.35
269.76	45959.95
269.82	45917.09
269.89	45887.75
269.96	45856.75
270.03	45817.50
270.10	45790.49
270.17	45750.08
270.23	45704.82
270.30	45660.36
270.37	45628.48
270.44	45594.21
270.51	45562.36
270.58	45531.46
270.64	45501.18
270.71	45462.01
270.78	45427.83
270.85	45393.09
270.92	45360.46
270.99	45331.20
271.05	45303.52
271.12	45254.89
271.19	45216.27
271.26	45165.24
271.33	45121.08
271.39	45074.67
271.46	45036.33
271.53	45009.23
271.60	44989.49
271.67	44953.51
271.74	44919.60
271.80	44891.41
271.87	44864.35
271.94	44829.73
272.01	44800.41
272.08	44775.57
272.14	44745.97
272.21	44709.15
272.28	44685.73
272.35	44661.84
272.42	44630.65
272.48	44614.26
272.55	44589.32
272.62	44565.17
272.69	44549.63
272.76	44538.40
272.83	44509.88
272.89	44476.76
272.96	44442.71
273.03	44406.06
273.10	44367.10
273.17	44339.78
273.23	44318.91
273.30	44299.67
273.37	44275.89
273.44	44248.05
273.51	44217.93
273.57	44198.87
273.64	44169.70
273.71	44147.92
273.78	44124.82
273.85	44108.43
273.91	44083.37
273.98	44064.50
274.05	44040.77
274.12	44028.27
274.19	44010.91
274.25	43992.70
274.32	43965.86
274.39	43930.42
274.46	43882.83
274.53	43832.23
274.59	43778.23
274.66	43741.20
274.73	43723.68
274.80	43709.00
274.86	43691.72
274.93	43672.74
275.00	43644.44
275.07	43607.05
275.14	43572.69
275.20	43543.31
275.27	43520.50
275.34	43493.16
275.41	43471.05
275.48	43450.55
275.54	43427.64
275.61	43404.50
275.68	43382.36
275.75	43357.00
275.81	43325.03
275.88	43299.58
275.95	43273.83
276.02	43249.72
276.09	43222.50
276.15	43196.15
276.22	43169.95
276.29	43151.70
276.36	43131.47
276.42	43106.37
276.49	43082.19
276.56	43060.10
276.63	43029.64
276.70	43007.23
276.76	42991.60
276.83	42981.63
276.90	42959.91
276.97	42937.49
277.03	42911.61
277.10	42888.01
277.17	42867.37
277.24	42853.90
277.30	42839.79
277.37	42824.70
277.44	42798.60
277.51	42777.55
277.58	42748.97
277.64	42724.18
277.71	42702.29
277.78	42685.90
277.85	42657.60
277.91	42633.27
277.98	42608.53
278.05	42575.39
278.12	42556.80
278.18	42532.61
278.25	42514.35
278.32	42494.85
278.39	42487.27
278.45	42467.83
278.52	42451.56
278.59	42436.40
278.66	42420.50
278.72	42396.70
278.79	42371.11
278.86	42351.87
278.93	42333.12
278.99	42318.30
279.06	42300.14
279.13	42272.72
279.20	42254.16
279.26	42230.30
279.33	42204.96
279.40	42181.54
279.47	42166.99
279.53	42137.51
279.60	42109.25
279.67	42080.04
279.74	42053.21
279.80	42030.45
279.87	42014.87
279.94	42000.26
280.01	41980.62
280.07	41961.78
280.14	41945.24
280.21	41922.05
280.28	41892.73
280.34	41870.94
280.41	41848.49
280.48	41816.15
280.55	41787.78
280.61	41765.01
280.68	41739.39
280.75	41709.57
280.82	41677.43
280.88	41644.63
280.95	41600.08
281.02	41542.38
281.08	41471.66
281.15	41405.00
281.22	41333.07
281.29	41272.70
281.35	41219.12
281.42	41185.93
281.49	41150.83
281.56	41121.93
281.62	41089.57
281.69	41060.41
281.76	41027.64
281.82	40994.78
281.89	40960.43
281.96	40934.29
282.03	40906.99
282.09	40881.23
282.16	40861.73
282.23	40844.54
282.30	40813.71
282.36	40792.32
282.43	40770.13
282.50	40752.15
282.56	40724.17
282.63	40706.13
282.70	40687.76
282.77	40675.38
282.83	40650.46
282.90	40635.76
282.97	40611.78
283.03	40576.98
283.10	40544.20
283.17	40517.51
283.24	40488.75
283.30	40466.49
283.37	40446.08
283.44	40421.37
283.50	40393.85
283.57	40374.52
283.64	40346.78
283.71	40309.34
283.77	40261.67
283.84	40225.52
283.91	40181.48
283.97	40157.73
284.04	40167.44
284.11	40182.48
284.18	40192.83
284.24	40203.32
284.31	40208.08
284.38	40196.70
284.44	40178.79
284.51	40161.98
284.58	40150.53
284.64	40143.15
284.71	40131.74
284.78	40120.98
284.85	40109.62
284.91	40087.07
284.98	40064.01
285.05	40033.66
285.11	40010.89
285.18	39989.82
285.25	39982.91
285.31	39976.79
285.38	39977.22
285.45	39984.82
285.52	39987.35
285.58	39984.79
285.65	39968.65
285.72	39949.36
285.78	39925.32
285.85	39908.88
285.92	39888.44
285.98	39869.35
286.05	39857.76
286.12	39851.04
286.18	39837.70
286.25	39833.72
286.32	39832.34
286.39	39830.79
286.45	39824.25
286.52	39815.45
286.59	39799.03
286.65	39781.97
286.72	39776.29
286.79	39764.58
286.85	39752.39
286.92	39743.10
286.99	39737.94
287.05	39712.91
287.12	39707.82
287.19	39700.98
287.25	39700.89
287.32	39700.05
287.39	39703.28
287.45	39698.58
287.52	39693.43
287.59	39693.94
287.65	39691.84
287.72	39689.77
287.79	39680.48
287.86	39673.90
287.92	39653.88
287.99	39644.04
288.06	39634.95
288.12	39623.14
288.19	39620.25
288.26	39607.38
288.32	39593.08
288.39	39586.33
288.46	39585.39
288.52	39583.14
288.59	39592.98
288.66	39601.32
288.72	39598.56
288.79	39596.80
288.86	39593.42
288.92	39589.89
288.99	39578.08
289.06	39576.15
289.12	39574.22
289.19	39581.69
289.26	39590.78
289.32	39603.39
289.39	39606.75
289.45	39612.17
289.52	39602.56
289.59	39597.89
289.65	39595.85
289.72	39598.20
289.79	39612.87
289.85	39624.23
289.92	39632.53
289.99	39635.13
290.05	39638.37
290.12	39623.90
290.19	39618.90
290.25	39610.88
290.32	39609.37
290.39	39612.51
290.45	39616.22
290.52	39620.81
290.59	39626.45
290.65	39624.77
290.72	39621.39
290.79	39621.28
290.85	39629.10
290.92	39641.68
290.98	39657.04
291.05	39674.13
291.12	39689.49
291.18	39694.33
291.25	39692.58
291.32	39697.99
291.38	39693.99
291.45	39694.24
291.52	39688.83
291.58	39697.01
291.65	39702.95
291.72	39721.58
291.78	39743.74
291.85	39764.93
291.91	39776.59
291.98	39801.91
292.05	39806.68
292.11	39811.16
292.18	39824.07
292.25	39825.48
292.31	39810.44
292.38	39815.65
292.45	39815.63
292.51	39820.02
292.58	39825.70
292.64	39832.32
292.71	39838.20
292.78	39842.58
292.84	39836.81
292.91	39848.82
292.98	39861.26
293.04	39875.06
293.11	39885.43
293.17	39900.44
293.24	39911.85
293.31	39926.81
293.37	39935.80
293.44	39947.95
293.51	39967.16
293.57	39977.40
293.64	39985.19
293.70	39997.82
293.77	40013.94
293.84	40025.97
293.90	40035.64
293.97	40041.05
294.04	40050.83
294.10	40054.86
294.17	40059.41
294.23	40070.66
294.30	40088.41
294.37	40097.94
294.43	40113.46
294.50	40115.89
294.56	40121.13
294.63	40129.45
294.70	40142.83
294.76	40154.28
294.83	40178.68
294.90	40199.28
294.96	40218.99
295.03	40233.79
295.09	40253.30
295.16	40265.23
295.23	40277.35
295.29	40283.25
295.36	40291.44
295.42	40288.52
295.49	40291.63
295.56	40313.91
295.62	40334.06
295.69	40344.80
295.75	40363.60
295.82	40383.77
295.89	40382.62
295.95	40389.05
296.02	40401.96
296.08	40408.83
296.15	40411.21
296.22	40426.94
296.28	40439.50
296.35	40458.59
296.41	40477.40
296.48	40498.26
296.55	40517.75
296.61	40531.95
296.68	40549.11
296.74	40579.01
296.81	40611.46
296.88	40632.66
296.94	40658.80
297.01	40673.73
297.07	40677.84
297.14	40689.70
297.20	40701.73
297.27	40716.82
297.34	40743.52
297.40	40767.10
297.47	40778.72
297.53	40791.66
297.60	40808.34
297.67	40818.71
297.73	40834.30
297.80	40843.75
297.86	40851.04
297.93	40863.63
298.00	40872.05
298.06	40876.78
298.13	40896.96
298.19	40922.05
298.26	40930.93
298.32	40949.27
298.39	40970.96
298.46	40980.12
298.52	40987.37
298.59	41001.53
298.65	41010.94
298.72	41025.14
298.78	41043.04
298.85	41059.16
298.92	41073.55
298.98	41092.54
299.05	41104.58
299.11	41121.25
299.18	41138.29
299.24	41155.16
299.31	41161.43
299.38	41177.05
299.44	41177.53
299.51	41186.47
299.57	41196.28
299.64	41210.60
299.70	41219.20
299.77	41233.54
299.84	41235.73
299.90	41234.13
299.97	41231.75
300.03	41235.13
300.10	41246.58
300.16	41264.40
300.23	41285.82
300.30	41306.46
300.36	41316.70
300.43	41331.52
300.49	41341.98
300.56	41356.99
300.62	41374.39
300.69	41392.09
300.75	41405.51
300.82	41415.04
300.89	41421.69
300.95	41431.28
301.02	41432.33
301.08	41429.06
301.15	41434.73
301.21	41432.10
301.28	41434.29
301.34	41444.43
301.41	41447.87
301.48	41448.20
301.54	41445.77
301.61	41435.20
301.67	41421.92
301.74	41426.22
301.80	41427.95
301.87	41425.63
301.93	41418.88
302.00	41423.57
302.06	41410.03
302.13	41395.57
302.20	41398.64
302.26	41394.04
302.33	41391.76
302.39	41388.02
302.46	41390.36
302.52	41376.37
302.59	41380.31
302.65	41378.58
302.72	41381.70
302.78	41376.23
302.85	41378.93
302.91	41371.48
302.98	41355.68
303.05	41337.59
303.11	41325.61
303.18	41313.89
303.24	41306.36
303.31	41292.65
303.37	41282.68
303.44	41279.43
303.50	41267.95
303.57	41246.69
303.63	41239.92
303.70	41232.28
303.76	41209.74
303.83	41191.81
303.89	41178.89
303.96	41161.63
304.03	41141.23
304.09	41125.93
304.16	41109.35
304.22	41084.58
304.29	41060.90
304.35	41039.35
304.42	41017.75
304.48	40996.98
304.55	40979.92
304.61	40960.62
304.68	40942.42
304.74	40922.10
304.81	40906.38
304.87	40878.86
304.94	40854.83
305.00	40825.96
305.07	40792.99
305.13	40752.32
305.20	40726.82
305.26	40704.73
305.33	40682.74
305.39	40668.22
305.46	40639.84
305.52	40611.74
305.59	40578.47
305.66	40544.19
305.72	40504.74
305.79	40482.44
305.85	40455.15
305.92	40407.40
305.98	40300.38
306.05	40088.70
306.11	39792.92
306.18	39499.61
306.24	39313.95
306.31	39283.28
306.37	39401.38
306.44	39631.47
306.50	39866.02
306.57	40009.19
306.63	40055.81
306.70	40049.73
306.76	40008.35
306.83	39959.99
306.89	39900.16
306.96	39852.78
307.02	39808.98
307.09	39772.48
307.15	39737.58
307.22	39707.36
307.28	39669.81
307.35	39629.69
307.41	39582.29
307.48	39533.96
307.54	39490.31
307.61	39434.54
307.67	39378.75
307.74	39329.30
307.80	39280.09
307.87	39231.52
307.93	39192.68
308.00	39155.55
308.06	39110.46
308.13	39062.47
308.19	39013.20
308.26	38959.75
308.32	38914.71
308.38	38874.72
308.45	38833.08
308.51	38793.34
308.58	38739.13
308.64	38679.11
308.71	38623.43
308.77	38575.20
308.84	38520.09
308.90	38495.41
308.97	38466.64
309.03	38441.75
309.10	38398.93
309.16	38353.56
309.23	38291.15
309.29	38231.01
309.36	38152.09
309.42	38083.62
309.49	38020.23
309.55	37954.40
309.62	37884.07
309.68	37826.52
309.75	37767.40
309.81	37704.30
309.88	37658.30
309.94	37608.01
310.00	37551.28
310.07	37496.17
310.13	37447.26
310.20	37384.56
310.26	37327.30
310.33	37272.39
310.39	37219.89
310.46	37165.72
310.52	37113.99
310.59	37065.13
310.65	37020.33
310.72	36963.50
310.78	36905.39
310.85	36839.78
310.91	36783.69
310.97	36724.79
311.04	36671.06
311.10	36610.33
311.17	36559.90
311.23	36504.87
311.30	36444.69
311.36	36391.78
311.43	36351.84
311.49	36295.19
311.56	36232.40
311.62	36174.54
311.69	36113.47
311.75	36055.16
311.81	36001.05
311.88	35943.10
311.94	35891.44
312.01	35852.38
312.07	35796.35
312.14	35750.50
312.20	35707.79
312.27	35655.63
312.33	35579.60
312.40	35514.69
312.46	35441.54
312.52	35371.20
312.59	35305.03
312.65	35240.83
312.72	35175.18
312.78	35113.03
312.85	35045.86
312.91	34973.22
312.98	34910.15
313.04	34848.89
313.10	34784.94
313.17	34729.49
313.23	34678.60
313.30	34625.49
313.36	34555.13
313.43	34486.93
313.49	34420.51
313.56	34342.97
313.62	34277.38
313.68	34217.16
313.75	34165.82
313.81	34107.13
313.88	34047.94
313.94	33986.53
314.01	33935.75
314.07	33877.02
314.13	33816.69
314.20	33763.15
314.26	33703.23
314.33	33635.93
314.39	33568.94
314.46	33491.83
314.52	33425.09
314.58	33347.42
314.65	33278.47
314.71	33204.72
314.78	33147.26
314.84	33082.05
314.91	33028.58
314.97	32970.43
315.03	32907.63
315.10	32844.20
315.16	32773.54
315.23	32706.14
315.29	32639.26
315.36	32583.93
315.42	32519.15
315.48	32459.90
315.55	32394.06
315.61	32316.88
315.68	32246.66
315.74	32183.90
315.81	32115.49
315.87	32042.44
315.93	31995.93
316.00	31958.78
316.06	31918.16
316.13	31892.16
316.19	31845.01
316.25	31735.47
316.32	31563.27
316.38	31346.43
316.45	31063.80
316.51	30746.03
316.58	30417.50
316.64	30064.73
316.70	29696.75
316.77	29307.59
316.83	28905.22
316.90	28478.62
316.96	28041.75
317.02	27588.47
317.09	27128.20
317.15	26653.68
317.22	26165.48
317.28	25662.28
317.34	25142.20
317.41	24616.83
317.47	24084.31
317.54	23541.11
317.60	22995.60
317.66	22436.76
317.73	21865.92
317.79	21289.43
317.86	20717.55
317.92	20134.98
317.98	19547.51
318.05	18955.57
318.11	18360.31
318.18	17768.96
318.24	17174.64
318.30	16587.19
318.37	16002.37
318.43	15415.16
318.50	14821.95
318.56	14238.25
318.62	13665.64
318.69	13100.07
318.75	12549.60
318.82	12008.82
318.88	11480.68
318.94	10958.91
319.01	10451.26
319.07	9955.53
319.13	9470.42
319.20	8997.24
319.26	8534.93
319.33	8090.97
319.39	7653.89
319.45	7243.57
319.52	6848.43
319.58	6468.92
319.65	6102.22
319.71	5756.18
319.77	5421.42
319.84	5103.54
319.90	4806.36
319.96	4519.19
320.03	4248.17
320.09	3993.59
320.16	3748.59
320.22	3521.39
320.28	3309.45
320.35	3113.82
320.41	2930.91
320.47	2764.39
320.54	2604.94
320.60	2463.57
320.67	2332.21
320.73	2208.69
320.79	2094.32
320.86	1996.05
320.92	1901.97
320.98	1819.56
321.05	1743.99
321.11	1671.66
321.18	1604.82
321.24	1546.48
321.30	1486.67
321.37	1433.88
321.43	1395.19
321.49	1354.71
321.56	1316.69
321.62	1285.88
321.68	1253.15
321.75	1219.68
321.81	1190.34
321.88	1161.21
321.94	1136.56
322.00	1113.70
322.07	1085.28
322.13	1059.29
322.19	1030.43
322.26	996.45
322.32	967.09
322.38	942.63
322.45	919.23
322.51	894.72
322.58	876.02
322.64	849.13
322.70	825.00
322.77	794.32
322.83	772.35
322.89	740.70
322.96	713.51
323.02	685.68
323.08	658.36
323.15	629.50
323.21	605.85
323.27	581.73
323.34	556.46
323.40	532.95
323.46	507.28
323.53	476.60
323.59	402.84
323.65	302.46
323.72	189.12
323.78	80.63
323.85	-18.49
323.91	-67.71
323.97	-86.56
324.04	-86.18
