180.21	3428.81
180.28	-125.94
180.36	632.59
180.44	-47.77
180.51	-16.78
180.59	6.98
180.66	34.81
180.74	33.00
180.81	32.54
180.89	34.74
180.97	36.01
181.04	33.62
181.12	32.53
181.19	33.27
181.27	33.87
181.34	49.43
181.42	56.55
181.50	63.95
181.57	75.53
181.65	81.19
181.72	76.17
181.80	71.59
181.87	71.72
181.95	71.73
182.03	71.75
182.10	75.44
182.18	78.79
182.25	86.09
182.33	88.58
182.40	99.06
182.48	98.70
182.55	113.51
182.63	122.80
182.71	131.09
182.78	140.08
182.86	154.30
182.93	154.97
183.01	153.84
183.08	148.93
183.16	146.50
183.23	137.81
183.31	145.71
183.39	152.84
183.46	174.46
183.54	185.73
183.61	213.85
183.69	235.40
183.76	270.01
183.84	297.04
183.91	326.73
183.99	368.40
184.06	399.37
184.14	432.17
184.22	477.86
184.29	512.07
184.37	522.99
184.44	541.40
184.52	528.87
184.59	469.95
184.67	414.13
184.74	362.74
184.82	327.29
184.89	323.28
184.97	369.10
185.04	440.95
185.12	511.20
185.20	590.79
185.27	666.28
185.35	753.35
185.42	812.19
185.50	875.85
185.57	933.63
185.65	977.49
185.72	1016.83
185.80	1096.32
185.87	1155.22
185.95	1222.28
186.02	1339.77
186.10	1409.86
186.17	1433.22
186.25	1421.43
186.33	1278.00
186.40	1073.95
186.48	925.83
186.55	832.81
186.63	818.61
186.70	944.26
186.78	1110.46
186.85	1253.75
186.93	1378.83
187.00	1485.61
187.08	1600.32
187.15	1707.10
187.23	1833.24
187.30	1963.30
187.38	2071.70
187.45	2190.23
187.53	2325.52
187.60	2406.33
187.68	2510.60
187.75	2659.95
187.83	2732.28
187.90	2791.42
187.98	2900.74
188.05	2927.16
188.13	2781.37
188.21	2523.20
188.28	2253.14
188.36	1988.62
188.43	1793.70
188.51	1797.93
188.58	1989.97
188.66	2200.50
188.73	2403.69
188.81	2622.60
188.88	2785.98
188.96	2949.94
189.03	3090.04
189.11	3239.81
189.18	3373.08
189.26	3486.50
189.33	3603.03
189.41	3738.64
189.48	3824.79
189.56	3921.37
189.63	4053.29
189.71	4111.97
189.78	4169.08
189.86	4265.53
189.93	4314.15
190.01	4310.33
190.08	4286.12
190.16	4097.35
190.23	3728.38
190.31	3381.95
190.38	3134.61
190.46	2989.95
190.53	3040.64
190.61	3284.23
190.68	3542.52
190.76	3772.10
190.83	3974.15
190.91	4136.32
190.98	4310.43
191.06	4457.76
191.13	4608.65
191.21	4738.07
191.28	4853.39
191.35	4965.62
191.43	5078.45
191.50	5145.68
191.58	5236.49
191.65	5336.15
191.73	5379.83
191.80	5438.84
191.88	5492.80
191.95	5493.20
192.03	5494.56
192.10	5522.60
192.18	5537.39
192.25	5531.10
192.33	5432.97
192.40	5202.74
192.48	4943.20
192.55	4730.71
192.63	4586.18
192.70	4602.76
192.78	4782.35
192.85	5016.07
192.93	5225.06
193.00	5418.11
193.08	5571.15
193.15	5727.42
193.22	5837.75
193.30	5944.72
193.37	6051.37
193.45	6131.96
193.52	6203.56
193.60	6286.93
193.67	6342.04
193.75	6389.26
193.82	6451.32
193.90	6468.69
193.97	6488.52
194.05	6519.55
194.12	6534.03
194.20	6560.63
194.27	6607.76
194.34	6647.64
194.42	6683.45
194.49	6725.35
194.57	6748.80
194.64	6719.50
194.72	6627.03
194.79	6521.78
194.87	6435.93
194.94	6383.71
195.02	6398.35
195.09	6489.48
195.17	6613.80
195.24	6721.25
195.31	6817.78
195.39	6894.00
195.46	6972.41
195.54	7036.50
195.61	7099.47
195.69	7153.37
195.76	7200.66
195.84	7246.86
195.91	7276.35
195.99	7291.44
196.06	7297.81
196.13	7314.82
196.21	7319.59
196.28	7337.56
196.36	7371.41
196.43	7407.25
196.51	7446.10
196.58	7487.14
196.66	7524.01
196.73	7556.14
196.80	7588.65
196.88	7612.84
196.95	7640.80
197.03	7667.41
197.10	7672.17
197.18	7659.58
197.25	7645.49
197.33	7635.82
197.40	7630.87
197.47	7638.59
197.55	7668.79
197.62	7705.96
197.70	7738.71
197.77	7772.79
197.85	7814.43
197.92	7851.45
197.99	7890.87
198.07	7932.05
198.14	7965.53
198.22	8001.65
198.29	8029.41
198.37	8055.99
198.44	8077.97
198.51	8098.99
198.59	8120.25
198.66	8153.42
198.74	8183.58
198.81	8207.63
198.89	8227.58
198.96	8251.11
199.03	8261.45
199.11	8283.31
199.18	8305.18
199.26	8331.52
199.33	8353.82
199.41	8389.36
199.48	8410.08
199.55	8441.02
199.63	8468.03
199.70	8505.73
199.78	8531.68
199.85	8558.54
199.93	8575.17
200.00	8606.35
200.07	8625.97
200.15	8658.25
200.22	8694.32
200.30	8731.19
200.37	8763.27
200.44	8788.87
200.52	8809.62
200.59	8833.94
200.67	8852.45
200.74	8869.53
200.81	8891.51
200.89	8915.64
200.96	8944.44
201.04	8979.73
201.11	9018.86
201.19	9065.49
201.26	9104.66
201.33	9140.08
201.41	9176.05
201.48	9212.97
201.56	9240.71
201.63	9286.22
201.70	9325.12
201.78	9364.29
201.85	9401.38
201.93	9440.41
202.00	9468.41
202.07	9497.45
202.15	9523.88
202.22	9548.82
202.30	9580.31
202.37	9613.89
202.44	9656.77
202.52	9706.36
202.59	9758.22
202.67	9801.37
202.74	9852.15
202.81	9891.56
202.89	9930.32
202.96	9974.09
203.04	10024.41
203.11	10065.66
203.18	10116.99
203.26	10171.22
203.33	10214.24
203.41	10253.66
203.48	10301.06
203.55	10329.15
203.63	10352.82
203.70	10385.79
203.77	10427.01
203.85	10466.98
203.92	10518.29
204.00	10584.40
204.07	10648.08
204.14	10705.60
204.22	10755.78
204.29	10817.84
204.37	10867.91
204.44	10918.93
204.51	10982.64
204.59	11049.48
204.66	11104.52
204.73	11164.01
204.81	11225.04
204.88	11278.27
204.96	11331.46
205.03	11383.61
205.10	11431.38
205.18	11478.23
205.25	11522.93
205.32	11575.40
205.40	11634.44
205.47	11691.39
205.55	11750.46
205.62	11815.19
205.69	11880.95
205.77	11954.68
205.84	12036.28
205.91	12118.62
205.99	12199.36
206.06	12268.95
206.14	12337.36
206.21	12410.52
206.28	12476.36
206.36	12549.27
206.43	12628.51
206.50	12709.35
206.58	12778.72
206.65	12851.14
206.72	12917.90
206.80	12976.97
206.87	13027.47
206.95	13093.29
207.02	13165.26
207.09	13241.83
207.17	13328.55
207.24	13424.80
207.31	13516.76
207.39	13611.31
207.46	13697.53
207.53	13786.78
207.61	13873.30
207.68	13954.59
207.75	14041.25
207.83	14134.02
207.90	14219.44
207.98	14302.70
208.05	14398.84
208.12	14482.18
208.20	14571.37
208.27	14657.15
208.34	14739.94
208.42	14808.29
208.49	14888.40
208.56	14955.23
208.64	15044.24
208.71	15131.67
208.78	15225.82
208.86	15327.25
208.93	15437.85
209.00	15536.87
209.08	15647.43
209.15	15759.70
209.22	15867.54
209.30	15976.39
209.37	16086.56
209.44	16194.65
209.52	16302.77
209.59	16403.99
209.67	16510.71
209.74	16617.39
209.81	16728.64
209.89	16831.05
209.96	16941.88
210.03	17039.39
210.11	17131.51
210.18	17219.40
210.25	17314.24
210.33	17404.57
210.40	17504.52
210.47	17619.95
210.55	17739.36
210.62	17864.03
210.69	17986.27
210.77	18115.05
210.84	18238.19
210.91	18370.58
210.99	18489.84
211.06	18616.39
211.13	18741.34
211.21	18863.08
211.28	18978.62
211.35	19112.32
211.42	19239.70
211.50	19367.93
211.57	19492.22
211.64	19615.34
211.72	19722.36
211.79	19823.95
211.86	19923.79
211.94	20038.95
212.01	20152.14
212.08	20282.08
212.16	20412.75
212.23	20549.96
212.30	20685.70
212.38	20819.30
212.45	20953.36
212.52	21093.49
212.60	21226.69
212.67	21357.81
212.74	21490.71
212.82	21620.59
212.89	21760.07
212.96	21893.60
213.03	22028.58
213.11	22170.20
213.18	22306.63
213.25	22442.35
213.33	22577.09
213.40	22699.37
213.47	22818.61
213.55	22943.05
213.62	23066.53
213.69	23194.01
213.77	23331.65
213.84	23475.08
213.91	23625.91
213.98	23777.25
214.06	23933.27
214.13	24094.56
214.20	24247.21
214.28	24397.31
214.35	24544.69
214.42	24684.45
214.50	24825.63
214.57	24964.55
214.64	25100.23
214.72	25235.15
214.79	25381.19
214.86	25518.07
214.93	25663.92
215.01	25819.57
215.08	25967.15
215.15	26113.22
215.23	26255.93
215.30	26393.23
215.37	26515.77
215.44	26657.25
215.52	26804.73
215.59	26951.97
215.66	27101.28
215.74	27258.22
215.81	27400.02
215.88	27543.06
215.95	27685.61
216.03	27837.68
216.10	27984.49
216.17	28143.37
216.25	28294.80
216.32	28453.93
216.39	28610.71
216.46	28770.15
216.54	28917.89
216.61	29077.21
216.68	29222.97
216.76	29363.67
216.83	29501.70
216.90	29641.53
216.97	29773.55
217.05	29920.03
217.12	30065.18
217.19	30211.13
217.27	30351.11
217.34	30483.67
217.41	30612.17
217.48	30748.56
217.56	30898.95
217.63	31063.49
217.70	31227.05
217.78	31394.96
217.85	31554.25
217.92	31704.80
217.99	31854.19
218.07	31999.19
218.14	32137.38
218.21	32282.10
218.28	32425.90
218.36	32565.76
218.43	32715.88
218.50	32876.20
218.57	33024.25
218.65	33166.01
218.72	33293.96
218.79	33419.57
218.87	33541.63
218.94	33670.59
219.01	33802.36
219.08	33947.78
219.16	34101.93
219.23	34254.73
219.30	34404.57
219.37	34554.80
219.45	34702.14
219.52	34851.15
219.59	34985.31
219.66	35118.05
219.74	35255.11
219.81	35407.20
219.88	35532.92
219.95	35676.63
220.03	35825.24
220.10	35968.60
220.17	36096.71
220.24	36240.97
220.32	36371.19
220.39	36495.45
220.46	36619.78
220.53	36739.35
220.61	36855.99
220.68	36970.11
220.75	37091.36
220.82	37218.30
220.90	37349.00
220.97	37480.04
221.04	37611.55
221.11	37734.25
221.19	37858.88
221.26	37973.08
221.33	38098.97
221.40	38235.77
221.48	38372.20
221.55	38492.53
221.62	38614.88
221.69	38731.12
221.77	38849.51
221.84	38976.27
221.91	39104.65
221.98	39241.53
222.06	39372.74
222.13	39502.14
222.20	39608.47
222.27	39718.29
222.35	39826.85
222.42	39937.49
222.49	40039.79
222.56	40154.97
222.63	40263.94
222.71	40370.74
222.78	40476.99
222.85	40576.43
222.92	40690.55
223.00	40802.08
223.07	40917.44
223.14	41025.12
223.21	41140.18
223.29	41243.98
223.36	41357.95
223.43	41468.71
223.50	41582.74
223.57	41699.82
223.65	41821.24
223.72	41929.71
223.79	42038.13
223.86	42132.15
223.94	42223.67
224.01	42306.43
224.08	42394.69
224.15	42478.46
224.22	42577.13
224.30	42667.45
224.37	42759.55
224.44	42855.46
224.51	42952.34
224.59	43038.05
224.66	43125.28
224.73	43212.83
224.80	43302.31
224.87	43393.92
224.95	43494.05
225.02	43601.62
225.09	43703.44
225.16	43800.43
225.23	43898.39
225.31	43991.83
225.38	44079.06
225.45	44167.60
225.52	44253.91
225.60	44331.17
225.67	44405.56
225.74	44481.55
225.81	44558.95
225.88	44639.11
225.96	44716.75
226.03	44794.76
226.10	44875.69
226.17	44953.19
226.24	45023.04
226.32	45100.27
226.39	45184.34
226.46	45255.10
226.53	45334.52
226.60	45422.25
226.68	45513.70
226.75	45598.44
226.82	45687.80
226.89	45770.93
226.96	45848.42
227.04	45902.02
227.11	45954.25
227.18	46009.70
227.25	46054.47
227.32	46107.45
227.40	46180.01
227.47	46260.26
227.54	46343.33
227.61	46433.43
227.68	46515.29
227.76	46592.10
227.83	46657.00
227.90	46718.64
227.97	46774.13
228.04	46828.82
228.11	46872.76
228.19	46925.02
228.26	46984.45
228.33	47046.08
228.40	47100.32
228.47	47168.55
228.55	47223.01
228.62	47274.45
228.69	47327.37
228.76	47386.63
228.83	47437.92
228.90	47499.64
228.98	47559.75
229.05	47621.11
229.12	47699.38
229.19	47767.90
229.26	47835.66
229.34	47895.15
229.41	47950.55
229.48	47986.48
229.55	48039.49
229.62	48100.90
229.69	48161.22
229.77	48225.85
229.84	48284.55
229.91	48334.05
229.98	48369.31
230.05	48409.74
230.12	48445.87
230.20	48493.65
230.27	48541.69
230.34	48589.00
230.41	48649.03
230.48	48712.10
230.55	48766.03
230.63	48826.89
230.70	48898.52
230.77	48937.66
230.84	48972.15
230.91	49001.79
230.98	49037.97
231.06	49077.13
231.13	49133.62
231.20	49191.99
231.27	49261.81
231.34	49322.35
231.41	49376.55
231.49	49425.49
231.56	49479.51
231.63	49527.27
231.70	49569.34
231.77	49601.91
231.84	49628.56
231.92	49654.68
231.99	49677.08
232.06	49706.19
232.13	49744.04
232.20	49797.50
232.27	49841.57
232.34	49882.00
232.42	49904.69
232.49	49936.14
232.56	49962.70
232.63	50001.52
232.70	50036.70
232.77	50096.72
232.85	50140.02
232.92	50178.37
232.99	50205.32
233.06	50237.44
233.13	50251.88
233.20	50268.30
233.27	50276.86
233.35	50285.62
233.42	50299.55
233.49	50318.80
233.56	50348.84
233.63	50380.65
233.70	50411.75
233.77	50446.32
233.85	50477.73
233.92	50512.31
233.99	50543.85
234.06	50581.11
234.13	50608.92
234.20	50644.54
234.27	50663.00
234.35	50682.55
234.42	50691.57
234.49	50703.96
234.56	50715.07
234.63	50718.68
234.70	50723.71
234.77	50739.12
234.84	50757.56
234.92	50760.73
234.99	50772.15
235.06	50787.83
235.13	50792.68
235.20	50800.59
235.27	50817.86
235.34	50828.60
235.41	50840.82
235.49	50847.98
235.56	50848.50
235.63	50854.63
235.70	50864.84
235.77	50868.70
235.84	50875.47
235.91	50877.13
235.98	50865.92
236.06	50853.66
236.13	50843.40
236.20	50832.05
236.27	50806.00
236.34	50791.35
236.41	50775.58
236.48	50759.29
236.55	50747.82
236.63	50751.05
236.70	50744.15
236.77	50745.04
236.84	50753.40
236.91	50760.55
236.98	50764.68
237.05	50777.44
237.12	50774.36
237.19	50765.12
237.27	50763.95
237.34	50765.26
237.41	50757.66
237.48	50748.45
237.55	50740.02
237.62	50721.66
237.69	50711.48
237.76	50706.76
237.83	50718.98
237.91	50719.97
237.98	50729.56
238.05	50721.75
238.12	50715.84
238.19	50701.14
238.26	50701.98
238.33	50689.90
238.40	50680.66
238.47	50670.78
238.54	50660.28
238.62	50642.51
238.69	50627.53
238.76	50619.71
238.83	50609.32
238.90	50598.13
238.97	50585.00
239.04	50586.00
239.11	50580.94
239.18	50575.82
239.25	50574.18
239.33	50558.69
239.40	50527.08
239.47	50504.82
239.54	50475.32
239.61	50440.10
239.68	50406.48
239.75	50394.08
239.82	50379.79
239.89	50370.71
239.96	50369.01
240.03	50380.94
240.11	50378.11
240.18	50366.20
240.25	50348.17
240.32	50331.23
240.39	50310.31
240.46	50296.24
240.53	50299.22
240.60	50301.95
240.67	50299.24
240.74	50298.53
240.81	50287.95
240.88	50267.92
240.96	50256.19
241.03	50248.45
241.10	50249.18
241.17	50249.09
241.24	50245.47
241.31	50243.53
241.38	50232.75
241.45	50215.71
241.52	50210.35
241.59	50196.99
241.66	50186.34
241.73	50172.90
241.80	50160.40
241.88	50136.92
241.95	50124.63
242.02	50096.58
242.09	50073.28
242.16	50045.45
242.23	50030.95
242.30	50015.96
242.37	50013.18
242.44	50018.18
242.51	50019.75
242.58	50014.56
242.65	50010.45
242.72	50008.19
242.79	49995.58
242.87	49998.09
242.94	49992.91
243.01	49985.32
243.08	49987.19
243.15	49993.05
243.22	49996.70
243.29	50007.43
243.36	50016.14
243.43	50014.87
243.50	50024.60
243.57	50033.06
243.64	50031.27
243.71	50038.58
243.78	50037.08
243.85	50021.10
243.92	50009.91
243.99	50002.24
244.07	49987.45
244.14	49977.14
244.21	49972.31
244.28	49958.95
244.35	49945.71
244.42	49942.37
244.49	49943.69
244.56	49954.47
244.63	49961.31
244.70	49967.12
244.77	49972.29
244.84	49978.19
244.91	49982.52
244.98	50000.70
245.05	50024.42
245.12	50045.75
245.19	50064.21
245.26	50071.13
245.33	50082.48
245.40	50104.40
245.47	50131.58
245.55	50155.15
245.62	50176.71
245.69	50181.40
245.76	50178.94
245.83	50170.99
245.90	50156.76
245.97	50157.55
246.04	50170.16
246.11	50180.76
246.18	50183.83
246.25	50195.82
246.32	50192.61
246.39	50192.05
246.46	50196.01
246.53	50206.80
246.60	50218.70
246.67	50243.80
246.74	50258.44
246.81	50278.80
246.88	50301.28
246.95	50326.09
247.02	50351.49
247.09	50379.14
247.16	50383.20
247.23	50378.03
247.30	50369.77
247.37	50357.87
247.44	50365.87
247.51	50385.55
247.58	50418.21
247.66	50453.66
247.73	50494.74
247.80	50515.30
247.87	50534.99
247.94	50562.66
248.01	50591.94
248.08	50613.05
248.15	50637.76
248.22	50671.43
248.29	50693.85
248.36	50711.12
248.43	50736.02
248.50	50763.95
248.57	50779.54
248.64	50787.44
248.71	50806.10
248.78	50828.15
248.85	50839.47
248.92	50863.49
248.99	50886.69
249.06	50904.45
249.13	50915.32
249.20	50937.55
249.27	50954.62
249.34	50975.69
249.41	50988.46
249.48	50988.54
249.55	50970.75
249.62	50972.78
249.69	50982.08
249.76	51005.91
249.83	51043.10
249.90	51105.04
249.97	51141.88
250.04	51180.13
250.11	51215.67
250.18	51246.13
250.25	51264.78
250.32	51280.95
250.39	51299.80
250.46	51313.54
250.53	51338.17
250.60	51362.07
250.67	51392.08
250.74	51417.83
250.81	51431.29
250.88	51449.05
250.95	51467.13
251.02	51488.89
251.09	51508.94
251.16	51532.73
251.23	51543.35
251.30	51556.19
251.37	51558.96
251.44	51562.35
251.51	51582.24
251.58	51606.46
251.65	51623.81
251.72	51646.70
251.79	51667.71
251.86	51673.20
251.93	51678.16
252.00	51686.03
252.07	51691.35
252.14	51703.62
252.21	51714.65
252.28	51731.80
252.35	51749.13
252.42	51776.90
252.49	51783.72
252.56	51791.31
252.63	51792.63
252.70	51796.79
252.77	51795.99
252.84	51810.57
252.91	51827.54
252.98	51845.84
253.05	51856.84
253.12	51867.45
253.19	51871.74
253.25	51884.75
253.32	51897.50
253.39	51916.93
253.46	51947.29
253.53	51979.63
253.60	51995.51
253.67	52008.20
253.74	52026.53
253.81	52038.19
253.88	52042.50
253.95	52059.26
254.02	52076.25
254.09	52088.32
254.16	52095.50
254.23	52105.84
254.30	52113.61
254.37	52129.08
254.44	52134.42
254.51	52141.99
254.58	52146.67
254.65	52151.77
254.72	52149.61
254.79	52146.39
254.86	52152.72
254.93	52158.33
255.00	52160.99
255.07	52163.99
255.14	52179.39
255.21	52175.74
255.28	52171.34
255.34	52157.54
255.41	52151.03
255.48	52137.90
255.55	52130.89
255.62	52133.36
255.69	52145.32
255.76	52146.13
255.83	52153.88
255.90	52161.70
255.97	52175.72
256.04	52175.88
256.11	52180.58
256.18	52176.05
256.25	52173.84
256.32	52162.52
256.39	52166.05
256.46	52160.82
256.53	52160.11
256.60	52156.94
256.67	52155.51
256.74	52154.36
256.80	52160.75
256.87	52165.56
256.94	52161.62
257.01	52160.61
257.08	52160.99
257.15	52142.97
257.22	52132.14
257.29	52110.61
257.36	52092.97
257.43	52075.76
257.50	52070.42
257.57	52050.33
257.64	52061.60
257.71	52050.84
257.78	52039.95
257.85	52022.78
257.92	52014.34
257.98	51989.90
258.05	51976.69
258.12	51950.36
258.19	51937.20
258.26	51913.62
258.33	51892.75
258.40	51885.05
258.47	51884.52
258.54	51879.59
258.61	51878.54
258.68	51875.98
258.75	51855.81
258.82	51841.70
258.89	51826.04
258.95	51811.06
259.02	51798.31
259.09	51783.83
259.16	51762.49
259.23	51731.70
259.30	51706.73
259.37	51687.73
259.44	51672.78
259.51	51657.70
259.58	51658.11
259.65	51642.46
259.72	51618.40
259.79	51588.57
259.85	51559.10
259.92	51514.59
259.99	51488.96
260.06	51463.43
260.13	51439.31
260.20	51406.53
260.27	51377.97
260.34	51342.21
260.41	51310.33
260.48	51282.30
260.55	51267.15
260.62	51251.00
260.68	51232.43
260.75	51202.35
260.82	51179.68
260.89	51152.60
260.96	51132.94
261.03	51107.10
261.10	51082.17
261.17	51047.22
261.24	51013.04
261.31	50974.00
261.38	50944.56
261.44	50917.13
261.51	50885.71
261.58	50846.47
261.65	50810.85
261.72	50773.84
261.79	50737.45
261.86	50709.89
261.93	50687.44
262.00	50659.95
262.07	50623.73
262.13	50588.59
262.20	50548.71
262.27	50500.46
262.34	50464.66
262.41	50431.42
262.48	50397.48
262.55	50373.01
262.62	50343.93
262.69	50299.36
262.76	50268.37
262.82	50236.21
262.89	50198.64
262.96	50176.05
263.03	50151.57
263.10	50124.47
263.17	50098.51
263.24	50065.56
263.31	50032.26
263.38	49996.01
263.44	49957.66
263.51	49903.72
263.58	49851.64
263.65	49804.59
263.72	49763.30
263.79	49712.79
263.86	49676.12
263.93	49642.27
264.00	49600.02
264.06	49559.60
264.13	49528.62
264.20	49497.89
264.27	49459.79
264.34	49425.59
264.41	49381.28
264.48	49333.75
264.55	49279.09
264.61	49226.55
264.68	49174.25
264.75	49133.81
264.82	49079.23
264.89	49037.94
264.96	49001.47
265.03	48958.27
265.10	48923.10
265.16	48892.30
265.23	48855.10
265.30	48829.44
265.37	48801.76
265.44	48751.18
265.51	48704.15
265.58	48662.30
265.65	48605.38
265.71	48551.35
265.78	48514.81
265.85	48477.97
265.92	48431.44
265.99	48389.00
266.06	48352.34
266.13	48304.39
266.20	48260.07
266.26	48226.46
266.33	48182.75
266.40	48130.81
266.47	48080.84
266.54	48019.77
266.61	47955.86
266.68	47898.08
266.74	47847.19
266.81	47796.39
266.88	47754.16
266.95	47701.24
267.02	47654.70
267.09	47603.43
267.16	47556.33
267.22	47512.47
267.29	47476.91
267.36	47442.97
267.43	47409.43
267.50	47368.68
267.57	47333.45
267.64	47298.71
267.70	47257.33
267.77	47213.16
267.84	47182.82
267.91	47131.86
267.98	47074.52
268.05	47017.77
268.11	46969.83
268.18	46913.39
268.25	46869.71
268.32	46834.51
268.39	46805.52
268.46	46770.72
268.53	46735.37
268.59	46697.64
268.66	46658.81
268.73	46608.15
268.80	46556.50
268.87	46502.90
268.94	46457.42
269.00	46410.97
269.07	46375.39
269.14	46351.87
269.21	46330.02
269.28	46289.15
269.35	46251.96
269.41	46216.48
269.48	46162.38
269.55	46103.95
269.62	46059.20
269.69	46020.13
269.76	45960.21
269.82	45914.00
269.89	45878.51
269.96	45854.10
270.03	45814.20
270.10	45785.32
270.17	45748.80
270.23	45714.40
270.30	45668.05
270.37	45637.55
270.44	45610.08
270.51	45575.19
270.58	45539.65
270.64	45513.02
270.71	45471.89
270.78	45434.88
270.85	45404.88
270.92	45368.11
270.99	45324.07
271.05	45290.07
271.12	45254.99
271.19	45215.03
271.26	45171.75
271.33	45134.73
271.39	45098.65
271.46	45048.94
271.53	45017.58
271.60	44999.16
271.67	44968.92
271.74	44934.46
271.80	44911.99
271.87	44886.43
271.94	44846.34
272.01	44814.87
272.08	44785.19
272.14	44747.71
272.21	44716.20
272.28	44698.76
272.35	44679.92
272.42	44658.21
272.48	44641.68
272.55	44611.24
272.62	44578.60
272.69	44554.06
272.76	44531.00
272.83	44508.54
272.89	44483.24
272.96	44457.65
273.03	44421.95
273.10	44384.35
273.17	44344.36
273.23	44316.95
273.30	44291.81
273.37	44265.27
273.44	44240.33
273.51	44223.64
273.57	44211.12
273.64	44187.95
273.71	44168.51
273.78	44148.72
273.85	44125.67
273.91	44093.85
273.98	44077.90
274.05	44057.82
274.12	44040.85
274.19	44024.42
274.25	44003.14
274.32	43973.02
274.39	43939.17
274.46	43893.14
274.53	43847.05
274.59	43799.53
274.66	43767.78
274.73	43744.91
274.80	43722.03
274.86	43696.95
274.93	43672.65
275.00	43630.61
275.07	43584.27
275.14	43555.86
275.20	43525.75
275.27	43509.22
275.34	43488.98
275.41	43476.54
275.48	43456.27
275.54	43440.56
275.61	43412.92
275.68	43391.19
275.75	43363.18
275.81	43330.03
275.88	43298.83
275.95	43275.34
276.02	43252.92
276.09	43233.40
276.15	43208.43
276.22	43184.04
276.29	43162.72
276.36	43132.00
276.42	43100.52
276.49	43078.95
276.56	43051.73
276.63	43022.37
276.70	42997.30
276.76	42977.41
276.83	42960.77
276.90	42945.06
276.97	42925.83
277.03	42911.25
277.10	42891.06
277.17	42874.86
277.24	42857.61
277.30	42838.97
277.37	42820.90
277.44	42802.79
277.51	42778.96
277.58	42753.25
277.64	42728.10
277.71	42704.28
277.78	42680.72
277.85	42654.43
277.91	42628.55
277.98	42606.36
278.05	42581.18
278.12	42567.37
278.18	42547.01
278.25	42527.26
278.32	42504.91
278.39	42490.23
278.45	42463.14
278.52	42445.30
278.59	42430.27
278.66	42412.87
278.72	42393.07
278.79	42377.18
278.86	42356.60
278.93	42344.02
278.99	42326.15
279.06	42300.87
279.13	42271.00
279.20	42251.47
279.26	42232.16
279.33	42212.15
279.40	42191.15
279.47	42176.39
279.53	42149.51
279.60	42116.39
279.67	42082.65
279.74	42054.43
279.80	42029.67
279.87	42018.91
279.94	42003.88
280.01	41998.70
280.07	41981.95
280.14	41961.77
280.21	41926.87
280.28	41900.53
280.34	41874.52
280.41	41854.44
280.48	41822.20
280.55	41799.16
280.61	41770.20
280.68	41743.60
280.75	41720.03
280.82	41691.40
280.88	41654.77
280.95	41609.14
281.02	41550.06
281.08	41473.60
281.15	41405.87
281.22	41336.17
281.29	41272.88
281.35	41218.72
281.42	41183.37
281.49	41142.92
281.56	41112.24
281.62	41083.42
281.69	41051.16
281.76	41018.63
281.82	40990.39
281.89	40954.05
281.96	40925.23
282.03	40902.06
282.09	40874.60
282.16	40855.15
282.23	40837.05
282.30	40814.55
282.36	40790.22
282.43	40774.20
282.50	40758.94
282.56	40739.79
282.63	40720.57
282.70	40699.00
282.77	40678.09
282.83	40647.38
282.90	40626.91
282.97	40605.46
283.03	40585.10
283.10	40554.83
283.17	40536.48
283.24	40511.53
283.30	40480.97
283.37	40450.48
283.44	40428.45
283.50	40397.93
283.57	40377.71
283.64	40349.82
283.71	40312.40
283.77	40275.13
283.84	40241.44
283.91	40196.18
283.97	40176.03
284.04	40181.99
284.11	40185.87
284.18	40198.19
284.24	40210.89
284.31	40217.75
284.38	40212.67
284.44	40199.70
284.51	40178.12
284.58	40168.75
284.64	40152.94
284.71	40136.73
284.78	40120.74
284.85	40108.07
284.91	40089.16
284.98	40068.36
285.05	40036.62
285.11	40019.21
285.18	39999.90
285.25	39986.04
285.31	39980.99
285.38	39990.05
285.45	39995.13
285.52	39993.63
285.58	39983.97
285.65	39970.99
285.72	39942.57
285.78	39910.81
285.85	39892.04
285.92	39877.89
285.98	39863.58
286.05	39852.06
286.12	39848.87
286.18	39839.72
286.25	39839.32
286.32	39831.70
286.39	39836.77
286.45	39829.15
286.52	39820.66
286.59	39800.19
286.65	39792.21
286.72	39784.65
286.79	39775.45
286.85	39766.59
286.92	39755.15
286.99	39742.43
287.05	39719.88
287.12	39717.61
287.19	39709.17
287.25	39710.59
287.32	39699.46
287.39	39703.97
287.45	39693.60
287.52	39692.16
287.59	39695.05
287.65	39695.51
287.72	39684.45
287.79	39674.24
287.86	39663.81
287.92	39641.28
287.99	39630.00
288.06	39628.44
288.12	39626.52
288.19	39626.01
288.26	39618.29
288.32	39615.37
288.39	39603.69
288.46	39599.00
288.52	39594.06
288.59	39600.96
288.66	39605.99
288.72	39608.45
288.79	39609.00
288.86	39609.03
288.92	39601.85
288.99	39588.67
289.06	39583.48
289.12	39576.30
289.19	39581.94
289.26	39593.34
289.32	39609.59
289.39	39615.61
289.45	39626.07
289.52	39616.78
289.59	39611.96
289.65	39609.27
289.72	39615.23
289.79	39628.11
289.85	39637.01
289.92	39641.75
289.99	39647.97
290.05	39646.84
290.12	39631.32
290.19	39633.46
290.25	39624.65
290.32	39620.80
290.39	39623.59
290.45	39628.58
290.52	39625.35
290.59	39637.70
290.65	39630.89
290.72	39624.21
290.79	39620.61
290.85	39625.87
290.92	39638.38
290.98	39653.40
291.05	39670.67
291.12	39680.57
291.18	39693.36
291.25	39693.42
291.32	39693.25
291.38	39691.92
291.45	39695.43
291.52	39691.22
291.58	39693.32
291.65	39707.41
291.72	39724.16
291.78	39747.63
291.85	39761.86
291.91	39776.15
291.98	39794.77
292.05	39793.15
292.11	39792.73
292.18	39808.52
292.25	39814.47
292.31	39806.69
292.38	39819.45
292.45	39824.77
292.51	39831.99
292.58	39832.48
292.64	39845.56
292.71	39845.65
292.78	39857.27
292.84	39856.65
292.91	39862.53
292.98	39872.02
293.04	39884.55
293.11	39888.95
293.17	39895.57
293.24	39913.59
293.31	39924.97
293.37	39941.94
293.44	39950.39
293.51	39970.82
293.57	39982.05
293.64	39987.66
293.70	39996.15
293.77	40013.37
293.84	40014.20
293.90	40015.45
293.97	40021.43
294.04	40031.65
294.10	40034.89
294.17	40046.89
294.23	40063.97
294.30	40072.88
294.37	40082.97
294.43	40104.51
294.50	40113.20
294.56	40122.56
294.63	40139.73
294.70	40153.05
294.76	40160.18
294.83	40178.22
294.90	40197.14
294.96	40220.45
295.03	40237.29
295.09	40256.45
295.16	40273.47
295.23	40287.34
295.29	40290.61
295.36	40294.34
295.42	40306.19
295.49	40318.00
295.56	40333.67
295.62	40354.56
295.69	40370.95
295.75	40379.07
295.82	40392.11
295.89	40394.54
295.95	40398.47
296.02	40404.86
296.08	40410.95
296.15	40412.39
296.22	40425.12
296.28	40444.98
296.35	40465.88
296.41	40482.38
296.48	40501.07
296.55	40524.50
296.61	40548.10
296.68	40569.32
296.74	40600.69
296.81	40631.03
296.88	40653.13
296.94	40663.55
297.01	40679.62
297.07	40684.97
297.14	40695.41
297.20	40703.73
297.27	40721.26
297.34	40742.29
297.40	40766.85
297.47	40779.65
297.53	40798.76
297.60	40813.85
297.67	40823.84
297.73	40831.51
297.80	40845.82
297.86	40852.48
297.93	40856.80
298.00	40871.14
298.06	40889.28
298.13	40912.68
298.19	40934.54
298.26	40958.70
298.32	40980.46
298.39	40988.80
298.46	40990.79
298.52	40999.50
298.59	41005.80
298.65	41008.62
298.72	41028.19
298.78	41052.27
298.85	41072.17
298.92	41089.04
298.98	41107.34
299.05	41119.06
299.11	41131.74
299.18	41140.05
299.24	41151.14
299.31	41155.29
299.38	41169.16
299.44	41172.04
299.51	41186.99
299.57	41201.03
299.64	41219.25
299.70	41227.63
299.77	41237.19
299.84	41243.08
299.90	41241.16
299.97	41237.57
300.03	41241.43
300.10	41255.47
300.16	41263.99
300.23	41286.44
300.30	41307.24
300.36	41319.47
300.43	41333.70
300.49	41345.85
300.56	41356.44
300.62	41377.92
300.69	41396.24
300.75	41406.16
300.82	41419.12
300.89	41427.52
300.95	41428.91
301.02	41429.37
301.08	41433.48
301.15	41438.85
301.21	41440.45
301.28	41438.53
301.34	41445.49
301.41	41446.86
301.48	41444.46
301.54	41441.42
301.61	41444.76
301.67	41440.16
301.74	41446.30
301.80	41450.13
301.87	41450.79
301.93	41444.85
302.00	41442.30
302.06	41426.56
302.13	41408.45
302.20	41407.14
302.26	41397.56
302.33	41388.57
302.39	41385.65
302.46	41390.93
302.52	41381.03
302.59	41382.90
302.65	41390.39
302.72	41389.14
302.78	41384.95
302.85	41384.84
302.91	41378.97
302.98	41365.38
303.05	41349.90
303.11	41342.01
303.18	41329.97
303.24	41321.77
303.31	41305.31
303.37	41296.33
303.44	41282.44
303.50	41266.58
303.57	41246.97
303.63	41236.56
303.70	41222.70
303.76	41207.47
303.83	41197.12
303.89	41184.85
303.96	41170.48
304.03	41160.56
304.09	41140.70
304.16	41113.28
304.22	41086.01
304.29	41065.41
304.35	41040.00
304.42	41024.52
304.48	41009.50
304.55	40995.75
304.61	40973.29
304.68	40949.28
304.74	40928.00
304.81	40912.35
304.87	40882.12
304.94	40860.18
305.00	40837.66
305.07	40802.82
305.13	40760.99
305.20	40733.22
305.26	40703.84
305.33	40676.99
305.39	40658.96
305.46	40633.06
305.52	40611.86
305.59	40588.37
305.66	40552.58
305.72	40519.59
305.79	40492.98
305.85	40459.41
305.92	40407.56
305.98	40302.46
306.05	40084.32
306.11	39790.47
306.18	39505.70
306.24	39316.76
306.31	39286.12
306.37	39405.81
306.44	39632.03
306.50	39860.44
306.57	40005.02
306.63	40053.19
306.70	40046.72
306.76	40014.44
306.83	39972.70
306.89	39922.95
306.96	39870.45
307.02	39826.85
307.09	39791.09
307.15	39748.27
307.22	39719.09
307.28	39685.85
307.35	39650.60
307.41	39601.66
307.48	39547.99
307.54	39495.92
307.61	39444.32
307.67	39384.59
307.74	39332.17
307.80	39295.15
307.87	39244.74
307.93	39201.12
308.00	39165.32
308.06	39125.92
308.13	39071.98
308.19	39022.93
308.26	38973.76
308.32	38931.18
308.38	38887.93
308.45	38847.28
308.51	38811.70
308.58	38759.43
308.64	38692.88
308.71	38637.32
308.77	38592.62
308.84	38532.91
308.90	38497.88
308.97	38476.61
309.03	38448.50
309.10	38402.94
309.16	38361.08
309.23	38303.00
309.29	38238.46
309.36	38155.90
309.42	38078.65
309.49	38007.25
309.55	37937.26
309.62	37866.07
309.68	37814.26
309.75	37763.68
309.81	37708.01
309.88	37664.05
309.94	37609.58
310.00	37555.44
310.07	37500.20
310.13	37454.99
310.20	37392.73
310.26	37349.64
310.33	37294.72
310.39	37244.10
310.46	37188.15
310.52	37139.76
310.59	37082.83
310.65	37035.01
310.72	36980.13
310.78	36920.19
310.85	36859.91
310.91	36799.09
310.97	36745.89
311.04	36687.59
311.10	36629.48
311.17	36575.44
311.23	36525.34
311.30	36464.70
311.36	36414.70
311.43	36368.73
311.49	36310.30
311.56	36246.09
311.62	36184.66
311.69	36120.20
311.75	36059.87
311.81	35998.51
311.88	35942.18
311.94	35889.26
312.01	35849.50
312.07	35796.92
312.14	35754.39
312.20	35709.22
312.27	35653.23
312.33	35581.76
312.40	35513.51
312.46	35444.70
312.52	35379.21
312.59	35314.78
312.65	35255.70
312.72	35191.42
312.78	35128.28
312.85	35060.49
312.91	34994.98
312.98	34923.27
313.04	34869.17
313.10	34805.28
313.17	34747.78
313.23	34694.81
313.30	34643.37
313.36	34566.20
313.43	34504.09
313.49	34441.17
313.56	34367.74
313.62	34296.35
313.68	34240.46
313.75	34185.27
313.81	34120.87
313.88	34058.60
313.94	33998.79
314.01	33946.05
314.07	33880.43
314.13	33820.75
314.20	33766.02
314.26	33700.94
314.33	33627.18
314.39	33558.97
314.46	33482.43
314.52	33406.84
314.58	33341.08
314.65	33281.99
314.71	33220.04
314.78	33163.43
314.84	33104.81
314.91	33043.98
314.97	32980.85
315.03	32913.35
315.10	32850.89
315.16	32780.41
315.23	32719.00
315.29	32650.25
315.36	32587.44
315.42	32524.10
315.48	32463.58
315.55	32391.10
315.61	32318.07
315.68	32255.18
315.74	32190.68
315.81	32124.88
315.87	32053.15
315.93	31999.41
316.00	31947.13
316.06	31905.35
316.13	31873.51
316.19	31829.38
316.25	31725.51
316.32	31566.42
316.38	31350.23
316.45	31074.58
316.51	30761.19
316.58	30432.87
316.64	30076.87
316.70	29710.46
316.77	29319.95
316.83	28909.64
316.90	28487.45
316.96	28057.83
317.02	27608.37
317.09	27148.30
317.15	26678.21
317.22	26190.13
317.28	25680.80
317.34	25156.24
317.41	24624.57
317.47	24090.42
317.54	23544.79
317.60	22994.61
317.66	22435.72
317.73	21868.87
317.79	21293.74
317.86	20717.85
317.92	20137.67
317.98	19549.38
318.05	18957.56
318.11	18362.50
318.18	17772.48
318.24	17182.88
318.30	16591.50
318.37	16005.61
318.43	15418.05
318.50	14825.21
318.56	14242.22
318.62	13673.82
318.69	13107.93
318.75	12556.99
318.82	12017.56
318.88	11487.29
318.94	10964.72
319.01	10455.92
319.07	9961.25
319.13	9477.02
319.20	9006.51
319.26	8547.20
319.33	8102.07
319.39	7661.85
319.45	7251.58
319.52	6854.06
319.58	6471.78
319.65	6105.75
319.71	5759.90
319.77	5420.71
319.84	5102.79
319.90	4802.00
319.96	4515.33
320.03	4244.80
320.09	3992.43
320.16	3746.55
320.22	3522.03
320.28	3310.92
320.35	3115.94
320.41	2932.27
320.47	2765.40
320.54	2604.08
320.60	2462.58
320.67	2331.60
320.73	2208.37
320.79	2095.91
320.86	1999.62
320.92	1905.30
320.98	1821.90
321.05	1744.85
321.11	1671.24
321.18	1604.15
321.24	1545.64
321.30	1486.50
321.37	1434.91
321.43	1396.58
321.49	1354.80
321.56	1317.04
321.62	1284.60
321.68	1251.21
321.75	1217.61
321.81	1188.70
321.88	1160.97
321.94	1137.20
322.00	1115.50
322.07	1088.36
322.13	1061.50
322.19	1031.00
322.26	998.23
322.32	968.78
322.38	942.55
322.45	920.68
322.51	896.73
322.58	876.79
322.64	849.24
322.70	825.12
322.77	793.36
322.83	772.33
322.89	741.39
322.96	713.50
323.02	685.83
323.08	658.63
323.15	628.58
323.21	604.56
323.27	581.10
323.34	556.16
323.40	532.47
323.46	507.58
323.53	475.94
323.59	402.55
323.65	302.20
323.72	189.32
323.78	80.41
323.85	-17.95
323.91	-67.61
323.97	-86.16
324.04	-86.60
