180.21	3429.56
180.28	-126.09
180.36	633.99
180.44	-44.32
180.51	-9.94
180.59	17.78
180.66	49.29
180.74	49.74
180.81	51.27
180.89	54.99
180.97	57.37
181.04	57.53
181.12	58.61
181.19	61.65
181.27	64.66
181.34	84.07
181.42	92.32
181.50	100.22
181.57	111.14
181.65	116.29
181.72	110.95
181.80	107.93
181.87	113.23
181.95	121.14
182.03	130.51
182.10	143.98
182.18	159.72
182.25	181.60
182.33	200.06
182.40	224.75
182.48	239.76
182.55	269.38
182.63	288.24
182.71	306.04
182.78	321.88
182.86	329.97
182.93	315.03
183.01	299.16
183.08	279.11
183.16	269.15
183.23	267.11
183.31	293.25
183.39	324.50
183.46	373.57
183.54	415.69
183.61	471.44
183.69	525.66
183.76	588.91
183.84	643.99
183.91	703.39
183.99	762.21
184.06	809.54
184.14	865.13
184.22	901.84
184.29	907.46
184.37	904.99
184.44	874.63
184.52	783.64
184.59	687.51
184.67	620.31
184.74	559.22
184.82	550.21
184.89	604.30
184.97	698.58
185.04	799.03
185.12	903.97
185.20	1004.25
185.27	1106.71
185.35	1194.37
185.42	1262.50
185.50	1341.60
185.57	1397.04
185.65	1452.44
185.72	1524.91
185.80	1602.90
185.87	1668.07
185.95	1754.41
186.02	1808.71
186.10	1809.98
186.17	1768.43
186.25	1637.07
186.33	1441.96
186.40	1277.85
186.48	1180.24
186.55	1162.21
186.63	1246.69
186.70	1417.49
186.78	1579.71
186.85	1725.88
186.93	1847.56
187.00	1980.88
187.08	2089.80
187.15	2221.41
187.23	2354.64
187.30	2473.15
187.38	2595.07
187.45	2729.43
187.53	2828.12
187.60	2916.67
187.68	3036.37
187.75	3114.00
187.83	3153.58
187.90	3187.96
187.98	3182.17
188.05	3060.14
188.13	2827.10
188.21	2568.52
188.28	2352.46
188.36	2189.61
188.43	2163.73
188.51	2300.24
188.58	2514.15
188.66	2708.86
188.73	2909.01
188.81	3090.67
188.88	3252.65
188.96	3387.44
189.03	3534.90
189.11	3676.16
189.18	3787.05
189.26	3897.13
189.33	4018.89
189.41	4111.84
189.48	4193.38
189.56	4299.78
189.63	4373.72
189.71	4423.47
189.78	4479.51
189.86	4502.48
189.93	4469.20
190.01	4395.84
190.08	4235.51
190.16	3953.01
190.23	3655.18
190.31	3448.18
190.38	3335.01
190.46	3355.89
190.53	3525.95
190.61	3768.50
190.68	3979.07
190.76	4178.78
190.83	4347.88
190.91	4511.06
190.98	4647.07
191.06	4792.05
191.13	4916.68
191.21	5028.90
191.28	5134.48
191.35	5245.18
191.43	5320.59
191.50	5396.21
191.58	5476.99
191.65	5528.52
191.73	5561.39
191.80	5599.85
191.88	5605.92
191.95	5596.06
192.03	5596.03
192.10	5581.16
192.18	5541.29
192.25	5452.45
192.33	5283.45
192.40	5081.83
192.48	4925.29
192.55	4836.14
192.63	4843.26
192.70	4974.57
192.78	5166.16
192.85	5359.56
192.93	5529.66
193.00	5674.78
193.08	5812.87
193.15	5927.30
193.22	6023.98
193.30	6102.71
193.37	6182.76
193.45	6231.37
193.52	6285.99
193.60	6337.40
193.67	6387.77
193.75	6430.91
193.82	6468.50
193.90	6496.96
193.97	6527.32
194.05	6557.35
194.12	6588.22
194.20	6635.08
194.27	6681.28
194.34	6706.36
194.42	6721.07
194.49	6728.21
194.57	6704.18
194.64	6631.20
194.72	6550.09
194.79	6476.88
194.87	6418.68
194.94	6398.22
195.02	6435.16
195.09	6505.19
195.17	6595.14
195.24	6694.21
195.31	6790.75
195.39	6887.58
195.46	6974.32
195.54	7053.35
195.61	7118.69
195.69	7167.90
195.76	7205.03
195.84	7246.52
195.91	7264.33
195.99	7274.22
196.06	7285.34
196.13	7301.50
196.21	7305.08
196.28	7312.78
196.36	7318.53
196.43	7313.05
196.51	7306.64
196.58	7307.17
196.66	7320.36
196.73	7348.36
196.80	7395.85
196.88	7440.97
196.95	7495.17
197.03	7539.01
197.10	7556.31
197.18	7564.21
197.25	7573.49
197.33	7582.32
197.40	7604.69
197.47	7634.35
197.55	7671.29
197.62	7706.43
197.70	7731.81
197.77	7746.45
197.85	7761.08
197.92	7759.72
197.99	7745.94
198.07	7726.10
198.14	7704.52
198.22	7708.22
198.29	7732.75
198.37	7784.08
198.44	7857.59
198.51	7930.24
198.59	7992.03
198.66	8055.53
198.74	8103.15
198.81	8138.87
198.89	8172.31
198.96	8203.15
199.03	8218.43
199.11	8244.82
199.18	8257.12
199.26	8271.74
199.33	8282.80
199.41	8292.23
199.48	8269.42
199.55	8242.72
199.63	8208.22
199.70	8184.58
199.78	8180.38
199.85	8218.29
199.93	8285.84
200.00	8371.13
200.07	8453.99
200.15	8531.12
200.22	8593.79
200.30	8643.12
200.37	8692.55
200.44	8735.46
200.52	8774.96
200.59	8813.92
200.67	8837.71
200.74	8846.77
200.81	8856.97
200.89	8859.78
200.96	8867.40
201.04	8869.04
201.11	8870.98
201.19	8860.55
201.26	8856.47
201.33	8850.61
201.41	8875.66
201.48	8929.74
201.56	9005.76
201.63	9094.56
201.70	9180.46
201.78	9256.61
201.85	9322.63
201.93	9376.63
202.00	9419.69
202.07	9464.67
202.15	9503.12
202.22	9533.46
202.30	9563.52
202.37	9585.19
202.44	9606.24
202.52	9626.65
202.59	9646.62
202.67	9660.45
202.74	9682.85
202.81	9696.42
202.89	9706.00
202.96	9726.36
203.04	9772.08
203.11	9827.90
203.18	9907.13
203.26	10000.05
203.33	10083.78
203.41	10150.70
203.48	10217.24
203.55	10259.84
203.63	10306.13
203.70	10358.42
203.77	10410.05
203.85	10449.32
203.92	10494.37
204.00	10544.03
204.07	10591.25
204.14	10640.31
204.22	10682.39
204.29	10727.60
204.37	10754.38
204.44	10779.09
204.51	10808.76
204.59	10848.95
204.66	10893.28
204.73	10958.95
204.81	11026.67
204.88	11104.00
204.96	11187.31
205.03	11268.09
205.10	11336.06
205.18	11402.19
205.25	11461.22
205.32	11522.21
205.40	11578.71
205.47	11645.39
205.55	11708.77
205.62	11771.60
205.69	11834.87
205.77	11895.99
205.84	11954.71
205.91	12018.84
205.99	12075.97
206.06	12125.72
206.14	12181.26
206.21	12234.30
206.28	12283.19
206.36	12347.34
206.43	12411.08
206.50	12483.32
206.58	12558.15
206.65	12639.73
206.72	12718.07
206.80	12806.48
206.87	12895.48
206.95	12983.90
207.02	13079.07
207.09	13175.49
207.17	13269.16
207.24	13355.71
207.31	13439.68
207.39	13514.26
207.46	13584.72
207.53	13647.34
207.61	13722.00
207.68	13796.21
207.75	13880.80
207.83	13965.01
207.90	14047.66
207.98	14115.26
208.05	14194.97
208.12	14265.36
208.20	14344.36
208.27	14436.98
208.34	14537.66
208.42	14627.48
208.49	14722.36
208.56	14805.81
208.64	14892.95
208.71	14981.52
208.78	15069.99
208.86	15170.50
208.93	15276.14
209.00	15369.89
209.08	15461.01
209.15	15561.28
209.22	15660.36
209.30	15759.15
209.37	15862.27
209.44	15973.25
209.52	16080.92
209.59	16171.71
209.67	16268.52
209.74	16359.28
209.81	16463.97
209.89	16561.41
209.96	16667.19
210.03	16770.46
210.11	16884.26
210.18	16979.11
210.25	17089.46
210.33	17201.45
210.40	17306.95
210.47	17413.99
210.55	17527.11
210.62	17628.02
210.69	17725.35
210.77	17836.73
210.84	17943.90
210.91	18062.78
210.99	18180.94
211.06	18302.30
211.13	18422.17
211.21	18542.81
211.28	18646.91
211.35	18761.05
211.42	18877.01
211.50	18989.59
211.57	19106.04
211.64	19225.17
211.72	19340.89
211.79	19459.46
211.86	19576.90
211.94	19705.41
212.01	19827.22
212.08	19953.22
212.16	20071.20
212.23	20194.73
212.30	20311.53
212.38	20432.58
212.45	20556.81
212.52	20689.44
212.60	20817.21
212.67	20946.76
212.74	21078.69
212.82	21202.01
212.89	21323.29
212.96	21448.64
213.03	21577.95
213.11	21712.57
213.18	21853.07
213.25	22000.25
213.33	22148.82
213.40	22281.86
213.47	22411.69
213.55	22533.76
213.62	22641.18
213.69	22753.21
213.77	22878.87
213.84	23002.79
213.91	23140.86
213.98	23284.40
214.06	23424.84
214.13	23570.09
214.20	23720.15
214.28	23877.39
214.35	24029.21
214.42	24180.82
214.50	24326.41
214.57	24460.59
214.64	24579.07
214.72	24703.03
214.79	24821.44
214.86	24940.94
214.93	25071.07
215.01	25216.85
215.08	25351.67
215.15	25487.10
215.23	25609.56
215.30	25744.69
215.37	25865.73
215.44	26022.87
215.52	26185.99
215.59	26351.93
215.66	26501.84
215.74	26659.74
215.81	26799.37
215.88	26937.91
215.95	27074.34
216.03	27209.91
216.10	27344.81
216.17	27490.01
216.25	27627.84
216.32	27781.17
216.39	27947.18
216.46	28098.52
216.54	28225.03
216.61	28363.80
216.68	28486.05
216.76	28613.36
216.83	28757.75
216.90	28920.03
216.97	29089.71
217.05	29259.67
217.12	29410.33
217.19	29536.59
217.27	29631.39
217.34	29714.43
217.41	29815.25
217.48	29923.46
217.56	30048.87
217.63	30212.01
217.70	30376.63
217.78	30534.12
217.85	30689.58
217.92	30850.06
217.99	31007.43
218.07	31151.39
218.14	31290.82
218.21	31435.58
218.28	31583.23
218.36	31728.00
218.43	31876.23
218.50	32026.37
218.57	32167.79
218.65	32292.75
218.72	32408.34
218.79	32533.05
218.87	32659.48
218.94	32796.80
219.01	32937.80
219.08	33076.53
219.16	33211.14
219.23	33333.43
219.30	33450.14
219.37	33567.14
219.45	33693.49
219.52	33832.56
219.59	33963.32
219.66	34084.16
219.74	34219.44
219.81	34374.68
219.88	34510.78
219.95	34659.59
220.03	34823.39
220.10	34962.89
220.17	35080.68
220.24	35203.78
220.32	35332.14
220.39	35452.20
220.46	35572.72
220.53	35693.76
220.61	35815.49
220.68	35938.92
220.75	36063.23
220.82	36204.63
220.90	36328.67
220.97	36426.65
221.04	36514.65
221.11	36601.97
221.19	36687.03
221.26	36793.22
221.33	36925.52
221.40	37060.76
221.48	37195.09
221.55	37323.56
221.62	37452.43
221.69	37583.92
221.77	37701.78
221.84	37826.57
221.91	37952.76
221.98	38068.14
222.06	38186.77
222.13	38326.09
222.20	38442.55
222.27	38548.96
222.35	38657.36
222.42	38756.66
222.49	38837.82
222.56	38923.17
222.63	39014.96
222.71	39113.16
222.78	39223.46
222.85	39339.06
222.92	39455.67
223.00	39557.69
223.07	39643.67
223.14	39714.14
223.21	39791.64
223.29	39894.39
223.36	40018.36
223.43	40154.80
223.50	40292.33
223.57	40428.94
223.65	40555.41
223.72	40666.22
223.79	40765.81
223.86	40866.27
223.94	40966.00
224.01	41038.86
224.08	41111.55
224.15	41180.65
224.22	41243.23
224.30	41290.04
224.37	41363.50
224.44	41441.91
224.51	41535.37
224.59	41633.20
224.66	41753.91
224.73	41858.46
224.80	41969.15
224.87	42073.71
224.95	42176.07
225.02	42266.28
225.09	42361.31
225.16	42441.52
225.23	42523.10
225.31	42606.80
225.38	42690.09
225.45	42775.70
225.52	42867.43
225.60	42951.20
225.67	43009.66
225.74	43057.34
225.81	43100.79
225.88	43149.96
225.96	43230.24
226.03	43344.89
226.10	43475.18
226.17	43600.52
226.24	43725.79
226.32	43812.70
226.39	43883.99
226.46	43943.05
226.53	44004.94
226.60	44053.06
226.68	44110.09
226.75	44174.75
226.82	44241.41
226.89	44306.03
226.96	44375.46
227.04	44428.86
227.11	44471.39
227.18	44517.26
227.25	44554.82
227.32	44608.52
227.40	44679.64
227.47	44748.26
227.54	44815.04
227.61	44891.92
227.68	44966.10
227.76	45030.95
227.83	45110.19
227.90	45181.09
227.97	45245.57
228.04	45296.74
228.11	45337.17
228.19	45372.48
228.26	45427.82
228.33	45493.38
228.40	45557.17
228.47	45637.43
228.55	45711.73
228.62	45778.83
228.69	45833.32
228.76	45887.67
228.83	45936.06
228.90	45993.29
228.98	46054.19
229.05	46126.51
229.12	46207.63
229.19	46278.05
229.26	46340.63
229.34	46381.30
229.41	46419.45
229.48	46454.86
229.55	46503.63
229.62	46557.20
229.69	46615.34
229.77	46665.39
229.84	46700.47
229.91	46723.56
229.98	46738.82
230.05	46764.26
230.12	46798.40
230.20	46861.40
230.27	46930.49
230.34	47007.68
230.41	47080.09
230.48	47144.03
230.55	47190.43
230.63	47233.37
230.70	47276.48
230.77	47301.88
230.84	47322.76
230.91	47338.69
230.98	47369.10
231.06	47406.19
231.13	47469.42
231.20	47545.69
231.27	47621.97
231.34	47685.34
231.41	47738.98
231.49	47789.01
231.56	47837.69
231.63	47886.59
231.70	47935.81
231.77	47970.46
231.84	47986.75
231.92	47989.97
231.99	47993.24
232.06	48011.11
232.13	48040.80
232.20	48085.72
232.27	48135.64
232.34	48186.09
232.42	48212.19
232.49	48236.92
232.56	48271.97
232.63	48327.09
232.70	48373.69
232.77	48435.76
232.85	48495.86
232.92	48537.09
232.99	48557.88
233.06	48585.82
233.13	48602.89
233.20	48607.63
233.27	48612.20
233.35	48609.25
233.42	48605.94
233.49	48608.11
233.56	48634.95
233.63	48660.44
233.70	48688.85
233.77	48722.95
233.85	48755.95
233.92	48787.53
233.99	48821.08
234.06	48867.74
234.13	48907.59
234.20	48953.73
234.27	48980.55
234.35	49001.66
234.42	49004.34
234.49	49009.86
234.56	49013.36
234.63	49009.62
234.70	49007.57
234.77	49007.55
234.84	48990.76
234.92	48964.55
234.99	48958.64
235.06	48967.07
235.13	48980.89
235.20	49013.16
235.27	49059.38
235.34	49091.22
235.41	49119.69
235.49	49154.85
235.56	49180.62
235.63	49183.24
235.70	49183.12
235.77	49171.04
235.84	49150.84
235.91	49130.75
235.98	49118.50
236.06	49114.46
236.13	49119.13
236.20	49121.88
236.27	49113.14
236.34	49122.65
236.41	49133.92
236.48	49132.44
236.55	49131.64
236.63	49136.04
236.70	49125.58
236.77	49114.51
236.84	49117.49
236.91	49109.14
236.98	49102.63
237.05	49103.87
237.12	49097.13
237.19	49073.29
237.27	49071.41
237.34	49072.48
237.41	49066.08
237.48	49053.01
237.55	49046.49
237.62	49026.65
237.69	49030.47
237.76	49031.06
237.83	49042.03
237.91	49056.99
237.98	49076.78
238.05	49069.63
238.12	49063.51
238.19	49056.56
238.26	49059.11
238.33	49047.83
238.40	49029.18
238.47	49010.89
238.54	48992.30
238.62	48957.20
238.69	48926.05
238.76	48901.48
238.83	48885.35
238.90	48890.15
238.97	48902.56
239.04	48918.53
239.11	48936.37
239.18	48957.81
239.25	48953.57
239.33	48933.77
239.40	48920.85
239.47	48894.34
239.54	48847.74
239.61	48800.52
239.68	48758.08
239.75	48716.96
239.82	48697.55
239.89	48681.62
239.96	48681.88
240.03	48691.69
240.11	48704.06
240.18	48720.77
240.25	48732.46
240.32	48732.05
240.39	48739.31
240.46	48744.05
240.53	48749.59
240.60	48765.61
240.67	48793.89
240.74	48802.16
240.81	48806.10
240.88	48798.11
240.96	48780.85
241.03	48757.70
241.10	48740.96
241.17	48719.29
241.24	48700.79
241.31	48687.06
241.38	48670.86
241.45	48662.46
241.52	48663.46
241.59	48661.20
241.66	48670.99
241.73	48683.06
241.80	48691.56
241.88	48685.33
241.95	48664.67
242.02	48632.27
242.09	48581.96
242.16	48525.70
242.23	48502.96
242.30	48494.29
242.37	48487.54
242.44	48506.85
242.51	48511.51
242.58	48495.62
242.65	48489.16
242.72	48492.87
242.79	48478.71
242.87	48489.26
242.94	48492.08
243.01	48481.10
243.08	48476.93
243.15	48473.27
243.22	48467.59
243.29	48476.84
243.36	48491.46
243.43	48499.96
243.50	48520.47
243.57	48536.68
243.64	48545.48
243.71	48561.27
243.78	48575.82
243.85	48568.17
243.92	48555.16
243.99	48542.15
244.07	48523.88
244.14	48491.58
244.21	48486.29
244.28	48497.41
244.35	48512.19
244.42	48535.81
244.49	48565.63
244.56	48585.75
244.63	48595.21
244.70	48596.60
244.77	48599.43
244.84	48596.87
244.91	48586.44
244.98	48582.12
245.05	48598.12
245.12	48620.30
245.19	48652.50
245.26	48688.17
245.33	48722.16
245.40	48750.75
245.47	48763.80
245.55	48773.56
245.62	48778.82
245.69	48788.00
245.76	48802.02
245.83	48817.63
245.90	48831.09
245.97	48848.79
246.04	48865.32
246.11	48869.59
246.18	48862.07
246.25	48853.84
246.32	48844.68
246.39	48841.33
246.46	48837.44
246.53	48852.96
246.60	48869.89
246.67	48902.74
246.74	48931.39
246.81	48970.82
246.88	48995.94
246.95	49023.84
247.02	49040.07
247.09	49052.24
247.16	49048.21
247.23	49034.39
247.30	49000.70
247.37	48965.44
247.44	48948.93
247.51	48938.45
247.58	48946.76
247.66	48993.36
247.73	49061.19
247.80	49106.07
247.87	49155.15
247.94	49216.63
248.01	49263.25
248.08	49296.78
248.15	49330.45
248.22	49358.23
248.29	49377.76
248.36	49399.65
248.43	49420.38
248.50	49452.90
248.57	49482.30
248.64	49508.64
248.71	49535.23
248.78	49564.00
248.85	49574.72
248.92	49598.20
248.99	49606.67
249.06	49600.04
249.13	49578.24
249.20	49571.27
249.27	49550.45
249.34	49543.32
249.41	49558.83
249.48	49581.47
249.55	49594.51
249.62	49611.45
249.69	49629.06
249.76	49649.67
249.83	49669.30
249.90	49706.50
249.97	49741.46
250.04	49796.33
250.11	49852.21
250.18	49913.72
250.25	49948.26
250.32	49980.33
250.39	50003.77
250.46	50011.26
250.53	50017.05
250.60	50036.28
250.67	50066.82
250.74	50091.07
250.81	50094.62
250.88	50093.09
250.95	50095.84
251.02	50087.22
251.09	50072.39
251.16	50092.18
251.23	50120.79
251.30	50159.64
251.37	50190.98
251.44	50221.75
251.51	50253.11
251.58	50279.48
251.65	50298.54
251.72	50329.34
251.79	50355.05
251.86	50346.82
251.93	50323.37
252.00	50283.78
252.07	50234.75
252.14	50208.54
252.21	50207.99
252.28	50228.85
252.35	50266.54
252.42	50332.71
252.49	50377.78
252.56	50420.39
252.63	50462.41
252.70	50489.49
252.77	50491.30
252.84	50500.39
252.91	50492.38
252.98	50472.69
253.05	50454.48
253.12	50458.21
253.19	50464.76
253.25	50497.21
253.32	50527.18
253.39	50570.74
253.46	50590.83
253.53	50610.50
253.60	50597.62
253.67	50593.82
253.74	50604.40
253.81	50635.78
253.88	50658.76
253.95	50693.57
254.02	50724.20
254.09	50730.42
254.16	50724.01
254.23	50707.62
254.30	50692.61
254.37	50691.30
254.44	50700.33
254.51	50724.95
254.58	50750.46
254.65	50774.87
254.72	50777.51
254.79	50756.71
254.86	50724.42
254.93	50695.67
255.00	50686.94
255.07	50691.34
255.14	50711.87
255.21	50711.27
255.28	50698.03
255.34	50676.73
255.41	50667.81
255.48	50665.02
255.55	50683.39
255.62	50720.47
255.69	50756.25
255.76	50788.62
255.83	50817.98
255.90	50842.92
255.97	50871.07
256.04	50874.92
256.11	50872.05
256.18	50870.97
256.25	50856.41
256.32	50826.87
256.39	50808.27
256.46	50782.52
256.53	50746.24
256.60	50717.37
256.67	50696.68
256.74	50686.68
256.80	50679.48
256.87	50670.80
256.94	50655.24
257.01	50649.69
257.08	50642.81
257.15	50637.65
257.22	50641.99
257.29	50644.06
257.36	50641.51
257.43	50633.50
257.50	50628.26
257.57	50603.11
257.64	50596.51
257.71	50576.25
257.78	50563.50
257.85	50542.41
257.92	50546.92
257.98	50545.48
258.05	50553.29
258.12	50547.77
258.19	50532.71
258.26	50489.44
258.33	50435.49
258.40	50398.24
258.47	50369.34
258.54	50356.95
258.61	50374.95
258.68	50404.98
258.75	50422.42
258.82	50436.02
258.89	50425.64
258.95	50398.89
259.02	50367.49
259.09	50319.43
259.16	50260.58
259.23	50208.95
259.30	50164.12
259.37	50133.79
259.44	50118.36
259.51	50116.93
259.58	50128.49
259.65	50124.53
259.72	50106.87
259.79	50075.89
259.85	50033.26
259.92	50000.45
259.99	49995.35
260.06	49987.19
260.13	49977.21
260.20	49967.73
260.27	49936.34
260.34	49875.68
260.41	49822.09
260.48	49780.65
260.55	49746.89
260.62	49709.11
260.68	49678.26
260.75	49655.61
260.82	49640.13
260.89	49628.97
260.96	49627.29
261.03	49635.77
261.10	49623.09
261.17	49602.93
261.24	49571.68
261.31	49538.50
261.38	49491.40
261.44	49448.73
261.51	49407.14
261.58	49373.14
261.65	49340.44
261.72	49296.36
261.79	49246.09
261.86	49197.33
261.93	49155.70
262.00	49123.73
262.07	49096.89
262.13	49078.55
262.20	49051.14
262.27	49018.11
262.34	48981.96
262.41	48940.18
262.48	48902.96
262.55	48870.62
262.62	48821.51
262.69	48759.03
262.76	48719.07
262.82	48675.33
262.89	48624.38
262.96	48576.37
263.03	48541.59
263.10	48503.63
263.17	48454.53
263.24	48404.77
263.31	48384.10
263.38	48354.03
263.44	48326.45
263.51	48301.02
263.58	48280.15
263.65	48241.65
263.72	48198.62
263.79	48137.33
263.86	48076.63
263.93	48019.93
264.00	47968.14
264.06	47937.03
264.13	47911.71
264.20	47890.30
264.27	47857.33
264.34	47827.24
264.41	47780.40
264.48	47741.45
264.55	47707.32
264.61	47684.88
264.68	47652.52
264.75	47616.03
264.82	47551.12
264.89	47477.79
264.96	47406.13
265.03	47327.88
265.10	47268.37
265.16	47241.49
265.23	47227.21
265.30	47213.51
265.37	47196.45
265.44	47172.12
265.51	47148.36
265.58	47113.41
265.65	47072.36
265.71	47028.47
265.78	46984.05
265.85	46921.29
265.92	46865.51
265.99	46802.40
266.06	46752.29
266.13	46695.10
266.20	46654.62
266.26	46623.82
266.33	46593.69
266.40	46544.79
266.47	46483.49
266.54	46405.38
266.61	46327.07
266.68	46250.89
266.74	46189.91
266.81	46153.14
266.88	46125.43
266.95	46069.96
267.02	46039.34
267.09	45999.67
267.16	45946.89
267.22	45900.94
267.29	45878.45
267.36	45851.14
267.43	45830.24
267.50	45802.26
267.57	45766.56
267.64	45717.42
267.70	45667.61
267.77	45616.23
267.84	45574.58
267.91	45529.59
267.98	45483.12
268.05	45420.17
268.11	45357.28
268.18	45299.19
268.25	45234.57
268.32	45184.30
268.39	45139.76
268.46	45102.46
268.53	45076.67
268.59	45065.54
268.66	45047.31
268.73	45020.59
268.80	44990.27
268.87	44938.31
268.94	44893.29
269.00	44853.45
269.07	44810.25
269.14	44769.94
269.21	44732.68
269.28	44690.17
269.35	44644.53
269.41	44609.91
269.48	44564.63
269.55	44510.32
269.62	44448.53
269.69	44390.64
269.76	44321.75
269.82	44258.56
269.89	44219.65
269.96	44203.80
270.03	44180.11
270.10	44164.32
270.17	44140.20
270.23	44106.71
270.30	44057.00
270.37	44015.94
270.44	43983.20
270.51	43959.08
270.58	43932.41
270.64	43906.44
270.71	43867.74
270.78	43830.40
270.85	43790.23
270.92	43743.04
270.99	43696.61
271.05	43660.73
271.12	43610.85
271.19	43567.22
271.26	43523.17
271.33	43480.65
271.39	43435.35
271.46	43378.21
271.53	43334.04
271.60	43308.07
271.67	43276.21
271.74	43253.24
271.80	43241.75
271.87	43225.99
271.94	43190.86
272.01	43151.40
272.08	43109.98
272.14	43063.10
272.21	43024.37
272.28	42999.99
272.35	42977.54
272.42	42954.13
272.48	42949.05
272.55	42932.26
272.62	42912.18
272.69	42911.80
272.76	42911.51
272.83	42887.76
272.89	42860.30
272.96	42822.84
273.03	42772.59
273.10	42716.02
273.17	42674.19
273.23	42634.95
273.30	42601.39
273.37	42562.27
273.44	42536.23
273.51	42513.25
273.57	42498.56
273.64	42488.62
273.71	42486.89
273.78	42472.16
273.85	42456.66
273.91	42435.19
273.98	42416.93
274.05	42387.52
274.12	42363.20
274.19	42342.31
274.25	42311.59
274.32	42275.42
274.39	42238.20
274.46	42187.63
274.53	42127.13
274.59	42065.03
274.66	42015.29
274.73	41971.61
274.80	41930.85
274.86	41895.95
274.93	41879.26
275.00	41859.21
275.07	41833.87
275.14	41812.63
275.20	41780.28
275.27	41745.94
275.34	41697.10
275.41	41660.84
275.48	41647.13
275.54	41640.68
275.61	41632.47
275.68	41621.68
275.75	41600.59
275.81	41559.90
275.88	41521.34
275.95	41482.57
276.02	41441.82
276.09	41407.54
276.15	41373.24
276.22	41348.85
276.29	41324.20
276.36	41297.29
276.42	41269.36
276.49	41234.74
276.56	41180.39
276.63	41114.17
276.70	41067.28
276.76	41032.61
276.83	41017.47
276.90	41014.21
276.97	41020.16
277.03	41023.01
277.10	41016.33
277.17	40998.32
277.24	40989.41
277.30	40975.39
277.37	40951.40
277.44	40924.91
277.51	40895.46
277.58	40855.32
277.64	40820.03
277.71	40789.61
277.78	40754.42
277.85	40711.37
277.91	40663.82
277.98	40615.26
278.05	40566.68
278.12	40530.32
278.18	40493.47
278.25	40470.94
278.32	40452.97
278.39	40453.36
278.45	40449.32
278.52	40455.11
278.59	40438.78
278.66	40413.81
278.72	40381.21
278.79	40346.80
278.86	40315.21
278.93	40304.33
278.99	40294.34
279.06	40280.92
279.13	40261.56
279.20	40250.00
279.26	40226.29
279.33	40209.04
279.40	40177.91
279.47	40146.69
279.53	40109.94
279.60	40072.83
279.67	40036.20
279.74	40000.63
279.80	39973.32
279.87	39939.35
279.94	39913.03
280.01	39883.09
280.07	39855.72
280.14	39821.00
280.21	39791.86
280.28	39756.39
280.34	39712.13
280.41	39670.60
280.48	39623.03
280.55	39581.70
280.61	39553.46
280.68	39534.34
280.75	39507.07
280.82	39488.32
280.88	39456.71
280.95	39400.41
281.02	39348.09
281.08	39295.80
281.15	39230.69
281.22	39168.26
281.29	39109.61
281.35	39043.15
281.42	38986.65
281.49	38928.58
281.56	38871.06
281.62	38837.19
281.69	38804.82
281.76	38775.96
281.82	38762.07
281.89	38749.54
281.96	38720.71
282.03	38688.04
282.09	38649.13
282.16	38611.29
282.23	38571.79
282.30	38531.69
282.36	38498.06
282.43	38474.07
282.50	38459.20
282.56	38423.36
282.63	38396.36
282.70	38370.72
282.77	38344.86
282.83	38315.51
282.90	38302.76
282.97	38290.44
283.03	38279.06
283.10	38269.90
283.17	38255.66
283.24	38239.41
283.30	38206.53
283.37	38169.47
283.44	38125.75
283.50	38070.42
283.57	38017.77
283.64	37974.11
283.71	37927.13
283.77	37890.32
283.84	37872.03
283.91	37849.78
283.97	37832.90
284.04	37825.64
284.11	37805.33
284.18	37790.56
284.24	37778.11
284.31	37771.53
284.38	37763.51
284.44	37759.95
284.51	37743.24
284.58	37734.85
284.64	37714.44
284.71	37697.36
284.78	37670.47
284.85	37652.21
284.91	37634.59
284.98	37621.13
285.05	37586.59
285.11	37562.48
285.18	37529.67
285.25	37501.16
285.31	37477.33
285.38	37465.80
285.45	37457.31
285.52	37447.54
285.58	37428.58
285.65	37404.85
285.72	37378.57
285.78	37346.26
285.85	37328.66
285.92	37314.79
285.98	37303.59
286.05	37288.53
286.12	37280.56
286.18	37255.55
286.25	37234.49
286.32	37203.42
286.39	37182.27
286.45	37155.91
286.52	37132.10
286.59	37100.72
286.65	37086.70
286.72	37078.48
286.79	37073.31
286.85	37077.52
286.92	37081.16
286.99	37078.70
287.05	37062.46
287.12	37048.87
287.19	37036.00
287.25	37025.75
287.32	37013.16
287.39	37009.35
287.45	36998.66
287.52	36981.70
287.59	36974.94
287.65	36970.39
287.72	36949.62
287.79	36923.16
287.86	36890.55
287.92	36846.21
287.99	36810.99
288.06	36800.25
288.12	36783.99
288.19	36781.72
288.26	36763.06
288.32	36749.01
288.39	36725.56
288.46	36720.60
288.52	36716.71
288.59	36730.46
288.66	36736.12
288.72	36740.03
288.79	36734.99
288.86	36714.80
288.92	36688.20
288.99	36654.40
289.06	36628.64
289.12	36597.56
289.19	36585.12
289.26	36579.09
289.32	36574.55
289.39	36562.49
289.45	36560.73
289.52	36545.26
289.59	36538.38
289.65	36533.77
289.72	36522.63
289.79	36514.88
289.85	36510.22
289.92	36496.14
289.99	36484.51
290.05	36472.08
290.12	36447.91
290.19	36426.87
290.25	36400.02
290.32	36373.85
290.39	36363.77
290.45	36367.88
290.52	36364.09
290.59	36367.17
290.65	36364.80
290.72	36352.01
290.79	36328.63
290.85	36317.06
290.92	36315.55
290.98	36308.47
291.05	36304.73
291.12	36302.62
291.18	36294.71
291.25	36278.81
291.32	36267.07
291.38	36245.82
291.45	36228.97
291.52	36210.61
291.58	36190.98
291.65	36178.59
291.72	36169.78
291.78	36157.59
291.85	36144.01
291.91	36127.92
291.98	36113.35
292.05	36103.69
292.11	36096.73
292.18	36088.27
292.25	36081.98
292.31	36065.16
292.38	36056.55
292.45	36048.28
292.51	36044.06
292.58	36030.25
292.64	36028.34
292.71	36020.48
292.78	36010.69
292.84	35992.06
292.91	35983.83
292.98	35971.68
293.04	35956.65
293.11	35935.16
293.17	35921.49
293.24	35913.16
293.31	35895.70
293.37	35883.76
293.44	35872.56
293.51	35866.11
293.57	35851.51
293.64	35842.46
293.70	35833.11
293.77	35825.91
293.84	35808.08
293.90	35796.00
293.97	35788.77
294.04	35778.84
294.10	35762.05
294.17	35749.41
294.23	35737.88
294.30	35714.37
294.37	35689.21
294.43	35682.76
294.50	35668.88
294.56	35654.78
294.63	35643.85
294.70	35638.97
294.76	35627.57
294.83	35621.94
294.90	35614.65
294.96	35607.27
295.03	35598.15
295.09	35598.60
295.16	35599.89
295.23	35590.46
295.29	35583.68
295.36	35571.04
295.42	35537.55
295.49	35509.42
295.56	35500.14
295.62	35486.80
295.69	35467.68
295.75	35462.95
295.82	35463.93
295.89	35437.43
295.95	35412.90
296.02	35393.97
296.08	35369.32
296.15	35326.78
296.22	35306.64
296.28	35290.89
296.35	35282.01
296.41	35265.04
296.48	35259.94
296.55	35260.46
296.61	35256.41
296.68	35253.47
296.74	35256.21
296.81	35255.96
296.88	35235.37
296.94	35214.85
297.01	35190.40
297.07	35160.36
297.14	35138.84
297.20	35130.11
297.27	35130.92
297.34	35129.66
297.40	35130.59
297.47	35117.81
297.53	35098.21
297.60	35075.53
297.67	35046.71
297.73	35030.21
297.80	35013.22
297.86	34994.07
297.93	34964.65
298.00	34947.86
298.06	34927.40
298.13	34918.56
298.19	34906.24
298.26	34904.60
298.32	34905.38
298.39	34893.08
298.46	34868.50
298.52	34853.25
298.59	34827.23
298.65	34790.52
298.72	34766.48
298.78	34749.26
298.85	34732.58
298.92	34714.11
298.98	34700.05
299.05	34678.95
299.11	34656.07
299.18	34620.86
299.24	34589.58
299.31	34547.69
299.38	34516.39
299.44	34485.21
299.51	34474.41
299.57	34466.10
299.64	34468.82
299.70	34461.76
299.77	34444.85
299.84	34417.65
299.90	34376.69
299.97	34330.74
300.03	34301.56
300.10	34286.47
300.16	34266.53
300.23	34257.61
300.30	34247.86
300.36	34221.04
300.43	34194.70
300.49	34157.80
300.56	34132.00
300.62	34108.93
300.69	34090.27
300.75	34063.64
300.82	34048.06
300.89	34018.34
300.95	33990.54
301.02	33947.74
301.08	33905.90
301.15	33873.92
301.21	33845.71
301.28	33814.22
301.34	33793.77
301.41	33772.64
301.48	33739.67
301.54	33710.43
301.61	33684.33
301.67	33654.77
301.74	33630.40
301.80	33599.96
301.87	33562.07
301.93	33516.99
302.00	33479.08
302.06	33427.26
302.13	33382.79
302.20	33349.96
302.26	33321.45
302.33	33289.93
302.39	33260.90
302.46	33228.48
302.52	33181.96
302.59	33137.33
302.65	33091.96
302.72	33046.46
302.78	33004.80
302.85	32976.71
302.91	32940.76
302.98	32905.23
303.05	32875.11
303.11	32843.73
303.18	32794.44
303.24	32759.22
303.31	32716.44
303.37	32674.97
303.44	32640.05
303.50	32602.92
303.57	32550.18
303.63	32501.20
303.70	32453.46
303.76	32395.99
303.83	32352.30
303.89	32306.76
303.96	32269.68
304.03	32223.40
304.09	32176.48
304.16	32123.58
304.22	32069.11
304.29	32014.12
304.35	31958.76
304.42	31921.36
304.48	31874.23
304.55	31832.61
304.61	31777.37
304.68	31732.42
304.74	31673.37
304.81	31627.07
304.87	31569.78
304.94	31525.09
305.00	31476.86
305.07	31423.13
305.13	31358.25
305.20	31304.04
305.26	31250.06
305.33	31194.92
305.39	31138.40
305.46	31083.70
305.52	31031.67
305.59	30977.73
305.66	30925.19
305.72	30878.91
305.79	30830.08
305.85	30777.61
305.92	30695.84
305.98	30580.09
306.05	30436.38
306.11	30280.93
306.18	30115.51
306.24	29977.87
306.31	29902.33
306.37	29896.32
306.44	29937.46
306.50	29998.23
306.57	30057.88
306.63	30088.00
306.70	30062.57
306.76	30002.19
306.83	29942.74
306.89	29868.10
306.96	29794.51
307.02	29728.88
307.09	29679.13
307.15	29622.21
307.22	29580.26
307.28	29525.51
307.35	29467.39
307.41	29397.65
307.48	29319.55
307.54	29240.90
307.61	29171.96
307.67	29104.00
307.74	29045.79
307.80	28996.44
307.87	28945.58
307.93	28885.25
308.00	28833.90
308.06	28779.79
308.13	28714.18
308.19	28651.62
308.26	28601.00
308.32	28546.59
308.38	28485.92
308.45	28426.26
308.51	28372.22
308.58	28308.54
308.64	28241.53
308.71	28183.63
308.77	28129.46
308.84	28055.01
308.90	27997.04
308.97	27942.01
309.03	27885.31
309.10	27820.64
309.16	27758.46
309.23	27684.30
309.29	27613.16
309.36	27524.87
309.42	27448.54
309.49	27377.70
309.55	27316.77
309.62	27252.60
309.68	27208.40
309.75	27147.36
309.81	27090.17
309.88	27028.76
309.94	26962.98
310.00	26890.85
310.07	26824.58
310.13	26765.72
310.20	26696.85
310.26	26637.68
310.33	26572.61
310.39	26517.65
310.46	26456.68
310.52	26401.94
310.59	26338.53
310.65	26279.91
310.72	26216.67
310.78	26154.26
310.85	26086.67
310.91	26027.66
310.97	25968.06
311.04	25910.69
311.10	25842.48
311.17	25783.26
311.23	25719.66
311.30	25660.45
311.36	25600.40
311.43	25557.38
311.49	25500.82
311.56	25447.46
311.62	25392.44
311.69	25336.76
311.75	25281.39
311.81	25222.37
311.88	25159.87
311.94	25101.73
312.01	25053.11
312.07	24993.76
312.14	24946.57
312.20	24902.66
312.27	24852.21
312.33	24789.13
312.40	24716.99
312.46	24650.32
312.52	24584.84
312.59	24519.91
312.65	24456.26
312.72	24393.71
312.78	24326.48
312.85	24266.00
312.91	24195.61
312.98	24137.41
313.04	24093.36
313.10	24049.19
313.17	23996.63
313.23	23953.14
313.30	23899.72
313.36	23834.55
313.43	23773.50
313.49	23717.87
313.56	23656.73
313.62	23595.61
313.68	23538.92
313.75	23491.26
313.81	23438.43
313.88	23386.63
313.94	23338.21
314.01	23296.44
314.07	23237.42
314.13	23180.29
314.20	23127.35
314.26	23070.42
314.33	23013.20
314.39	22965.03
314.46	22904.96
314.52	22854.63
314.58	22800.38
314.65	22742.19
314.71	22680.94
314.78	22628.88
314.84	22574.86
314.91	22522.75
314.97	22473.16
315.03	22421.55
315.10	22364.52
315.16	22301.56
315.23	22249.50
315.29	22200.61
315.36	22147.11
315.42	22105.24
315.48	22061.81
315.55	22016.56
315.61	21959.63
315.68	21915.18
315.74	21857.88
315.81	21800.69
315.87	21738.18
315.93	21693.70
316.00	21658.30
316.06	21625.94
316.13	21596.06
316.19	21548.99
316.25	21456.29
316.32	21309.94
316.38	21134.58
316.45	20920.40
316.51	20691.09
316.58	20459.37
316.64	20224.59
316.70	19992.47
316.77	19752.84
316.83	19506.85
316.90	19260.38
316.96	19017.14
317.02	18763.59
317.09	18523.75
317.15	18288.35
317.22	18042.14
317.28	17797.86
317.34	17554.86
317.41	17307.58
317.47	17064.22
317.54	16821.21
317.60	16575.80
317.66	16332.41
317.73	16083.66
317.79	15834.64
317.86	15591.49
317.92	15351.81
317.98	15103.26
318.05	14853.14
318.11	14604.24
318.18	14360.51
318.24	14104.23
318.30	13855.89
318.37	13612.04
318.43	13351.01
318.50	13084.14
318.56	12821.75
318.62	12562.44
318.69	12291.39
318.75	12026.27
318.82	11758.71
318.88	11492.80
318.94	11217.89
319.01	10949.27
319.07	10681.18
319.13	10408.60
319.20	10132.33
319.26	9849.27
319.33	9566.59
319.39	9275.60
319.45	8994.91
319.52	8715.19
319.58	8435.01
319.65	8151.81
319.71	7870.42
319.77	7587.05
319.84	7308.88
319.90	7036.86
319.96	6765.36
320.03	6500.22
320.09	6238.91
320.16	5970.07
320.22	5713.74
320.28	5463.59
320.35	5222.15
320.41	4986.94
320.47	4765.38
320.54	4541.43
320.60	4332.55
320.67	4129.16
320.73	3931.36
320.79	3739.53
320.86	3564.36
320.92	3388.01
320.98	3223.60
321.05	3066.38
321.11	2915.53
321.18	2771.01
321.24	2639.65
321.30	2509.10
321.37	2389.56
321.43	2284.45
321.49	2181.12
321.56	2083.55
321.62	1996.97
321.68	1910.42
321.75	1826.96
321.81	1751.72
321.88	1679.26
321.94	1614.63
322.00	1555.88
322.07	1492.96
322.13	1433.73
322.19	1374.86
322.26	1313.14
322.32	1255.72
322.38	1206.59
322.45	1163.51
322.51	1118.11
322.58	1080.12
322.64	1035.18
322.70	994.47
322.77	945.51
322.83	910.23
322.89	864.88
322.96	823.95
323.02	783.50
323.08	744.38
323.15	701.50
323.21	665.66
323.27	632.28
323.34	597.02
323.40	564.22
323.46	531.30
323.53	494.11
323.59	414.83
323.65	311.02
323.72	194.46
323.78	84.12
323.85	-16.31
323.91	-67.01
323.97	-86.70
324.04	-86.03
