180.21	3429.58
180.28	-125.38
180.36	633.67
180.44	-44.73
180.51	-10.60
180.59	17.37
180.66	48.59
180.74	49.65
180.81	51.66
180.89	55.97
180.97	58.43
181.04	59.36
181.12	60.02
181.19	63.08
181.27	65.51
181.34	84.58
181.42	92.11
181.50	100.12
181.57	110.89
181.65	115.94
181.72	110.64
181.80	107.75
181.87	112.58
181.95	119.62
182.03	128.45
182.10	142.31
182.18	157.88
182.25	180.35
182.33	199.59
182.40	224.44
182.48	239.25
182.55	269.34
182.63	288.40
182.71	305.61
182.78	321.74
182.86	330.45
182.93	316.09
183.01	300.51
183.08	281.06
183.16	271.51
183.23	268.41
183.31	293.78
183.39	324.63
183.46	373.52
183.54	415.95
183.61	471.34
183.69	524.97
183.76	588.52
183.84	643.60
183.91	703.12
183.99	763.70
184.06	811.63
184.14	866.29
184.22	903.80
184.29	909.61
184.37	906.25
184.44	875.35
184.52	784.76
184.59	688.45
184.67	620.52
184.74	559.16
184.82	550.25
184.89	603.84
184.97	697.82
185.04	797.93
185.12	903.28
185.20	1004.41
185.27	1108.15
185.35	1196.01
185.42	1264.49
185.50	1341.32
185.57	1395.22
185.65	1451.38
185.72	1524.35
185.80	1601.63
185.87	1669.83
185.95	1757.48
186.02	1810.84
186.10	1811.89
186.17	1769.04
186.25	1636.87
186.33	1441.44
186.40	1276.17
186.48	1180.47
186.55	1164.80
186.63	1249.02
186.70	1418.74
186.78	1581.60
186.85	1724.04
186.93	1846.19
187.00	1980.43
187.08	2090.30
187.15	2222.42
187.23	2355.34
187.30	2472.88
187.38	2592.24
187.45	2726.52
187.53	2822.80
187.60	2912.75
187.68	3032.15
187.75	3109.83
187.83	3150.26
187.90	3187.05
187.98	3181.38
188.05	3059.04
188.13	2828.17
188.21	2569.76
188.28	2352.10
188.36	2189.22
188.43	2161.82
188.51	2298.47
188.58	2510.18
188.66	2705.62
188.73	2904.86
188.81	3089.74
188.88	3249.94
188.96	3385.03
189.03	3531.06
189.11	3670.90
189.18	3778.89
189.26	3886.46
189.33	4009.14
189.41	4101.82
189.48	4187.78
189.56	4294.92
189.63	4374.03
189.71	4423.81
189.78	4484.70
189.86	4503.95
189.93	4470.78
190.01	4395.11
190.08	4233.23
190.16	3948.12
190.23	3653.66
190.31	3448.16
190.38	3335.09
190.46	3359.00
190.53	3531.67
190.61	3772.73
190.68	3982.12
190.76	4183.90
190.83	4349.35
190.91	4510.19
190.98	4643.32
191.06	4788.67
191.13	4913.25
191.21	5027.73
191.28	5133.08
191.35	5243.91
191.43	5318.84
191.50	5391.55
191.58	5473.48
191.65	5522.89
191.73	5558.87
191.80	5595.92
191.88	5603.72
191.95	5596.99
192.03	5597.26
192.10	5581.63
192.18	5541.67
192.25	5453.99
192.33	5280.48
192.40	5080.45
192.48	4923.37
192.55	4835.09
192.63	4842.69
192.70	4972.11
192.78	5163.20
192.85	5355.15
192.93	5529.02
193.00	5674.34
193.08	5811.82
193.15	5926.79
193.22	6021.58
193.30	6099.70
193.37	6176.98
193.45	6227.85
193.52	6284.41
193.60	6336.86
193.67	6384.73
193.75	6427.03
193.82	6468.07
193.90	6491.10
193.97	6527.16
194.05	6558.04
194.12	6590.07
194.20	6636.14
194.27	6686.93
194.34	6711.51
194.42	6728.35
194.49	6737.11
194.57	6711.73
194.64	6636.27
194.72	6553.99
194.79	6479.69
194.87	6421.55
194.94	6401.43
195.02	6442.60
195.09	6512.90
195.17	6601.04
195.24	6699.01
195.31	6794.08
195.39	6888.23
195.46	6971.50
195.54	7050.71
195.61	7111.79
195.69	7159.73
195.76	7193.63
195.84	7236.24
195.91	7256.01
195.99	7269.58
196.06	7286.47
196.13	7306.25
196.21	7309.44
196.28	7314.50
196.36	7321.37
196.43	7316.49
196.51	7309.65
196.58	7310.54
196.66	7325.83
196.73	7353.64
196.80	7394.54
196.88	7438.72
196.95	7490.25
197.03	7531.34
197.10	7549.17
197.18	7557.74
197.25	7566.57
197.33	7581.68
197.40	7605.84
197.47	7632.07
197.55	7673.03
197.62	7705.22
197.70	7726.31
197.77	7740.22
197.85	7757.64
197.92	7753.53
197.99	7744.21
198.07	7722.65
198.14	7702.94
198.22	7710.19
198.29	7736.41
198.37	7789.23
198.44	7864.71
198.51	7940.10
198.59	7994.70
198.66	8055.60
198.74	8102.96
198.81	8141.66
198.89	8174.14
198.96	8207.56
199.03	8224.06
199.11	8242.47
199.18	8253.32
199.26	8267.70
199.33	8282.13
199.41	8290.77
199.48	8271.66
199.55	8241.59
199.63	8205.03
199.70	8183.44
199.78	8178.63
199.85	8221.71
199.93	8288.84
200.00	8375.62
200.07	8452.92
200.15	8533.64
200.22	8595.83
200.30	8646.51
200.37	8695.21
200.44	8740.64
200.52	8780.25
200.59	8817.83
200.67	8844.65
200.74	8852.16
200.81	8856.80
200.89	8856.33
200.96	8861.23
201.04	8861.94
201.11	8864.98
201.19	8862.83
201.26	8857.74
201.33	8854.62
201.41	8880.51
201.48	8934.86
201.56	9005.38
201.63	9097.57
201.70	9181.73
201.78	9258.65
201.85	9325.21
201.93	9381.23
202.00	9424.96
202.07	9470.60
202.15	9506.60
202.22	9533.59
202.30	9562.29
202.37	9583.38
202.44	9605.54
202.52	9628.17
202.59	9648.89
202.67	9665.11
202.74	9687.39
202.81	9700.99
202.89	9707.87
202.96	9732.67
203.04	9781.06
203.11	9835.92
203.18	9914.03
203.26	10008.20
203.33	10087.98
203.41	10153.21
203.48	10219.42
203.55	10261.96
203.63	10309.95
203.70	10361.93
203.77	10410.62
203.85	10448.10
203.92	10488.33
204.00	10540.62
204.07	10588.28
204.14	10637.03
204.22	10684.49
204.29	10733.60
204.37	10758.18
204.44	10785.18
204.51	10817.87
204.59	10852.89
204.66	10894.50
204.73	10959.48
204.81	11027.51
204.88	11104.92
204.96	11191.18
205.03	11276.44
205.10	11340.46
205.18	11407.87
205.25	11462.67
205.32	11518.16
205.40	11573.50
205.47	11640.30
205.55	11700.81
205.62	11765.39
205.69	11828.98
205.77	11889.74
205.84	11948.19
205.91	12009.21
205.99	12070.09
206.06	12124.72
206.14	12179.01
206.21	12238.31
206.28	12288.89
206.36	12342.20
206.43	12404.68
206.50	12477.89
206.58	12550.05
206.65	12633.24
206.72	12721.16
206.80	12811.60
206.87	12892.03
206.95	12985.66
207.02	13081.93
207.09	13177.22
207.17	13266.31
207.24	13364.43
207.31	13443.66
207.39	13521.71
207.46	13591.52
207.53	13654.43
207.61	13726.78
207.68	13795.38
207.75	13868.84
207.83	13950.78
207.90	14035.87
207.98	14101.80
208.05	14185.04
208.12	14262.16
208.20	14342.65
208.27	14433.90
208.34	14535.18
208.42	14624.79
208.49	14714.24
208.56	14794.96
208.64	14884.56
208.71	14976.06
208.78	15061.60
208.86	15166.81
208.93	15270.03
209.00	15366.06
209.08	15458.34
209.15	15557.84
209.22	15656.12
209.30	15760.92
209.37	15863.96
209.44	15973.05
209.52	16087.52
209.59	16177.70
209.67	16267.42
209.74	16358.59
209.81	16459.10
209.89	16557.24
209.96	16663.34
210.03	16774.10
210.11	16881.23
210.18	16976.91
210.25	17085.74
210.33	17199.59
210.40	17305.11
210.47	17415.21
210.55	17533.03
210.62	17627.42
210.69	17715.62
210.77	17821.25
210.84	17927.96
210.91	18046.17
210.99	18162.88
211.06	18292.43
211.13	18417.22
211.21	18535.41
211.28	18636.17
211.35	18756.56
211.42	18877.59
211.50	18991.37
211.57	19103.92
211.64	19224.23
211.72	19338.02
211.79	19447.84
211.86	19559.63
211.94	19696.32
212.01	19825.85
212.08	19954.94
212.16	20071.11
212.23	20201.54
212.30	20317.01
212.38	20432.57
212.45	20560.57
212.52	20698.43
212.60	20824.34
212.67	20951.57
212.74	21078.57
212.82	21193.92
212.89	21308.00
212.96	21432.70
213.03	21564.24
213.11	21705.02
213.18	21846.42
213.25	22001.23
213.33	22147.21
213.40	22282.60
213.47	22408.79
213.55	22533.07
213.62	22648.36
213.69	22762.24
213.77	22879.34
213.84	23003.73
213.91	23145.78
213.98	23283.37
214.06	23426.54
214.13	23579.75
214.20	23731.90
214.28	23883.10
214.35	24032.68
214.42	24170.99
214.50	24305.90
214.57	24437.41
214.64	24555.97
214.72	24678.55
214.79	24807.01
214.86	24932.42
214.93	25061.59
215.01	25206.18
215.08	25341.00
215.15	25476.74
215.23	25601.45
215.30	25738.17
215.37	25867.24
215.44	26024.35
215.52	26190.72
215.59	26357.01
215.66	26509.45
215.74	26657.71
215.81	26795.53
215.88	26932.20
215.95	27068.45
216.03	27205.76
216.10	27353.24
216.17	27497.37
216.25	27635.11
216.32	27788.90
216.39	27943.54
216.46	28087.13
216.54	28218.37
216.61	28349.56
216.68	28473.34
216.76	28604.83
216.83	28748.26
216.90	28909.47
216.97	29079.71
217.05	29251.25
217.12	29404.48
217.19	29526.26
217.27	29622.49
217.34	29706.85
217.41	29799.10
217.48	29902.99
217.56	30034.78
217.63	30194.73
217.70	30365.18
217.78	30524.67
217.85	30691.13
217.92	30856.17
217.99	31020.84
218.07	31165.24
218.14	31309.67
218.21	31457.12
218.28	31599.93
218.36	31740.70
218.43	31890.68
218.50	32044.67
218.57	32170.78
218.65	32291.46
218.72	32409.01
218.79	32534.62
218.87	32658.22
218.94	32800.54
219.01	32951.18
219.08	33090.27
219.16	33218.61
219.23	33340.21
219.30	33459.65
219.37	33573.44
219.45	33699.56
219.52	33840.24
219.59	33970.64
219.66	34094.21
219.74	34225.80
219.81	34376.41
219.88	34510.36
219.95	34653.94
220.03	34807.33
220.10	34950.87
220.17	35065.41
220.24	35191.95
220.32	35315.86
220.39	35437.99
220.46	35558.93
220.53	35685.58
220.61	35809.25
220.68	35940.95
220.75	36072.48
220.82	36204.81
220.90	36326.27
220.97	36418.98
221.04	36509.55
221.11	36592.52
221.19	36689.16
221.26	36798.50
221.33	36931.30
221.40	37061.40
221.48	37205.81
221.55	37330.84
221.62	37453.74
221.69	37584.61
221.77	37710.61
221.84	37819.37
221.91	37940.71
221.98	38059.53
222.06	38174.47
222.13	38304.92
222.20	38429.50
222.27	38538.14
222.35	38643.07
222.42	38749.09
222.49	38829.97
222.56	38907.02
222.63	39000.85
222.71	39101.26
222.78	39209.50
222.85	39332.10
222.92	39460.37
223.00	39563.67
223.07	39652.95
223.14	39725.15
223.21	39804.90
223.29	39897.11
223.36	40017.80
223.43	40149.61
223.50	40284.20
223.57	40415.66
223.65	40549.85
223.72	40661.34
223.79	40768.71
223.86	40874.48
223.94	40967.08
224.01	41039.76
224.08	41104.91
224.15	41162.32
224.22	41218.75
224.30	41269.80
224.37	41340.47
224.44	41428.27
224.51	41526.51
224.59	41629.45
224.66	41748.92
224.73	41856.68
224.80	41960.67
224.87	42060.87
224.95	42161.06
225.02	42251.63
225.09	42342.14
225.16	42428.43
225.23	42516.66
225.31	42604.22
225.38	42694.01
225.45	42782.56
225.52	42875.14
225.60	42954.12
225.67	43004.24
225.74	43045.00
225.81	43085.22
225.88	43137.24
225.96	43219.63
226.03	43341.74
226.10	43471.73
226.17	43595.72
226.24	43707.15
226.32	43795.73
226.39	43863.88
226.46	43919.70
226.53	43984.64
226.60	44045.59
226.68	44108.62
226.75	44177.90
226.82	44256.22
226.89	44329.98
226.96	44396.61
227.04	44447.14
227.11	44482.97
227.18	44526.69
227.25	44559.88
227.32	44611.63
227.40	44678.91
227.47	44751.55
227.54	44816.54
227.61	44885.18
227.68	44955.78
227.76	45031.80
227.83	45108.78
227.90	45179.09
227.97	45239.69
228.04	45294.42
228.11	45329.34
228.19	45365.35
228.26	45412.49
228.33	45489.10
228.40	45548.10
228.47	45614.62
228.55	45689.38
228.62	45760.77
228.69	45814.75
228.76	45877.56
228.83	45938.06
228.90	45988.30
228.98	46046.72
229.05	46109.54
229.12	46181.18
229.19	46253.95
229.26	46319.26
229.34	46362.13
229.41	46407.86
229.48	46445.33
229.55	46490.24
229.62	46549.70
229.69	46610.44
229.77	46650.54
229.84	46688.84
229.91	46714.81
229.98	46730.29
230.05	46758.93
230.12	46801.69
230.20	46860.59
230.27	46930.11
230.34	47000.20
230.41	47074.22
230.48	47139.02
230.55	47191.13
230.63	47228.83
230.70	47274.34
230.77	47293.23
230.84	47318.87
230.91	47338.55
230.98	47375.61
231.06	47408.67
231.13	47468.70
231.20	47545.97
231.27	47614.48
231.34	47663.47
231.41	47717.32
231.49	47766.90
231.56	47808.75
231.63	47864.39
231.70	47922.24
231.77	47962.85
231.84	47984.44
231.92	47989.49
231.99	47991.71
232.06	48013.08
232.13	48045.03
232.20	48093.60
232.27	48143.88
232.34	48189.35
232.42	48208.43
232.49	48237.46
232.56	48273.59
232.63	48325.69
232.70	48380.76
232.77	48453.41
232.85	48508.83
232.92	48548.41
232.99	48567.89
233.06	48591.37
233.13	48601.47
233.20	48605.21
233.27	48616.02
233.35	48623.24
233.42	48616.65
233.49	48620.02
233.56	48644.91
233.63	48656.55
233.70	48677.82
233.77	48713.67
233.85	48746.43
233.92	48776.89
233.99	48811.24
234.06	48851.45
234.13	48890.70
234.20	48937.83
234.27	48962.23
234.35	48989.80
234.42	49001.85
234.49	48997.83
234.56	48996.57
234.63	48993.19
234.70	48985.11
234.77	48974.67
234.84	48960.29
234.92	48934.08
234.99	48934.71
235.06	48948.65
235.13	48980.06
235.20	49023.80
235.27	49070.29
235.34	49092.75
235.41	49118.22
235.49	49129.85
235.56	49147.18
235.63	49150.76
235.70	49160.53
235.77	49150.52
235.84	49147.93
235.91	49125.26
235.98	49113.52
236.06	49109.51
236.13	49110.43
236.20	49111.96
236.27	49106.09
236.34	49114.80
236.41	49123.80
236.48	49128.36
236.55	49134.78
236.63	49147.55
236.70	49146.72
236.77	49133.41
236.84	49128.17
236.91	49112.64
236.98	49089.48
237.05	49079.17
237.12	49068.10
237.19	49052.17
237.27	49041.81
237.34	49050.08
237.41	49042.55
237.48	49037.84
237.55	49024.22
237.62	49007.28
237.69	49016.58
237.76	49026.47
237.83	49038.77
237.91	49057.91
237.98	49078.38
238.05	49064.34
238.12	49050.46
238.19	49036.69
238.26	49038.64
238.33	49031.89
238.40	49012.99
238.47	48993.16
238.54	48973.01
238.62	48934.67
238.69	48908.46
238.76	48892.18
238.83	48880.62
238.90	48893.88
238.97	48913.53
239.04	48926.92
239.11	48948.67
239.18	48966.68
239.25	48960.71
239.33	48939.26
239.40	48915.98
239.47	48880.82
239.54	48831.74
239.61	48783.85
239.68	48734.69
239.75	48695.97
239.82	48677.34
239.89	48658.75
239.96	48652.59
240.03	48662.40
240.11	48679.19
240.18	48690.60
240.25	48705.59
240.32	48712.09
240.39	48719.45
240.46	48716.11
240.53	48725.58
240.60	48748.92
240.67	48769.82
240.74	48790.98
240.81	48803.89
240.88	48797.93
240.96	48780.87
241.03	48756.58
241.10	48731.73
241.17	48710.19
241.24	48686.75
241.31	48670.03
241.38	48658.39
241.45	48652.70
241.52	48649.66
241.59	48655.78
241.66	48665.58
241.73	48678.98
241.80	48685.91
241.88	48678.99
241.95	48655.62
242.02	48617.70
242.09	48560.55
242.16	48497.14
242.23	48476.29
242.30	48469.94
242.37	48469.66
242.44	48489.88
242.51	48496.68
242.58	48473.79
242.65	48461.78
242.72	48465.90
242.79	48457.08
242.87	48469.01
242.94	48477.88
243.01	48476.82
243.08	48468.06
243.15	48463.51
243.22	48453.26
243.29	48460.05
243.36	48471.13
243.43	48489.82
243.50	48512.02
243.57	48539.23
243.64	48551.66
243.71	48568.55
243.78	48574.96
243.85	48566.03
243.92	48545.28
243.99	48533.07
244.07	48511.97
244.14	48482.31
244.21	48476.83
244.28	48492.80
244.35	48511.04
244.42	48530.31
244.49	48557.85
244.56	48577.49
244.63	48583.40
244.70	48576.94
244.77	48579.16
244.84	48578.95
244.91	48571.05
244.98	48567.79
245.05	48580.24
245.12	48602.00
245.19	48632.70
245.26	48658.74
245.33	48694.48
245.40	48732.15
245.47	48746.87
245.55	48754.46
245.62	48772.08
245.69	48774.94
245.76	48785.45
245.83	48803.05
245.90	48810.44
245.97	48812.74
246.04	48833.08
246.11	48835.27
246.18	48821.56
246.25	48827.54
246.32	48835.55
246.39	48831.18
246.46	48839.22
246.53	48864.51
246.60	48874.23
246.67	48895.19
246.74	48920.31
246.81	48949.91
246.88	48969.50
246.95	48992.29
247.02	49010.33
247.09	49023.74
247.16	49016.85
247.23	49001.27
247.30	48975.32
247.37	48949.00
247.44	48937.66
247.51	48922.98
247.58	48931.56
247.66	48969.78
247.73	49016.13
247.80	49055.57
247.87	49105.70
247.94	49163.69
248.01	49215.31
248.08	49262.31
248.15	49298.08
248.22	49329.59
248.29	49354.48
248.36	49370.80
248.43	49396.27
248.50	49427.98
248.57	49458.02
248.64	49483.75
248.71	49522.60
248.78	49548.79
248.85	49570.13
248.92	49592.74
248.99	49607.04
249.06	49598.16
249.13	49578.04
249.20	49560.55
249.27	49544.04
249.34	49531.06
249.41	49541.00
249.48	49558.38
249.55	49574.21
249.62	49592.37
249.69	49612.76
249.76	49639.20
249.83	49675.77
249.90	49716.08
249.97	49751.52
250.04	49803.93
250.11	49857.11
250.18	49905.76
250.25	49943.79
250.32	49971.14
250.39	49992.63
250.46	49992.77
250.53	49997.46
250.60	50010.79
250.67	50049.80
250.74	50076.02
250.81	50085.97
250.88	50083.54
250.95	50083.95
251.02	50064.26
251.09	50046.45
251.16	50065.76
251.23	50097.96
251.30	50138.52
251.37	50177.05
251.44	50216.49
251.51	50257.69
251.58	50275.20
251.65	50291.64
251.72	50317.31
251.79	50340.91
251.86	50325.17
251.93	50308.06
252.00	50268.39
252.07	50220.34
252.14	50187.71
252.21	50186.69
252.28	50208.30
252.35	50251.76
252.42	50322.27
252.49	50366.47
252.56	50406.13
252.63	50445.39
252.70	50470.50
252.77	50467.97
252.84	50483.15
252.91	50476.00
252.98	50455.91
253.05	50436.80
253.12	50441.98
253.19	50454.33
253.25	50480.51
253.32	50516.76
253.39	50559.02
253.46	50583.47
253.53	50602.67
253.60	50601.34
253.67	50598.27
253.74	50612.23
253.81	50640.25
253.88	50651.08
253.95	50678.39
254.02	50702.99
254.09	50709.09
254.16	50705.29
254.23	50700.17
254.30	50689.29
254.37	50679.39
254.44	50684.48
254.51	50699.27
254.58	50714.87
254.65	50735.17
254.72	50750.27
254.79	50726.58
254.86	50706.03
254.93	50677.84
255.00	50667.40
255.07	50670.66
255.14	50696.97
255.21	50694.49
255.28	50684.16
255.34	50661.82
255.41	50651.12
255.48	50652.89
255.55	50668.99
255.62	50707.24
255.69	50745.95
255.76	50771.96
255.83	50796.06
255.90	50816.91
255.97	50842.69
256.04	50845.15
256.11	50853.04
256.18	50845.20
256.25	50826.69
256.32	50798.36
256.39	50780.50
256.46	50743.59
256.53	50713.16
256.60	50692.87
256.67	50674.61
256.74	50658.88
256.80	50657.42
256.87	50640.28
256.94	50627.20
257.01	50617.02
257.08	50618.94
257.15	50613.00
257.22	50616.10
257.29	50609.70
257.36	50617.16
257.43	50611.86
257.50	50604.65
257.57	50593.77
257.64	50603.28
257.71	50580.55
257.78	50570.20
257.85	50551.28
257.92	50545.38
257.98	50534.15
258.05	50535.36
258.12	50525.22
258.19	50507.97
258.26	50474.57
258.33	50423.11
258.40	50381.05
258.47	50349.65
258.54	50348.05
258.61	50357.39
258.68	50377.68
258.75	50404.01
258.82	50420.13
258.89	50405.86
258.95	50379.48
259.02	50348.85
259.09	50296.64
259.16	50236.88
259.23	50184.71
259.30	50142.74
259.37	50117.59
259.44	50104.62
259.51	50096.79
259.58	50105.84
259.65	50101.94
259.72	50082.55
259.79	50046.69
259.85	50011.87
259.92	49976.98
259.99	49964.52
260.06	49964.83
260.13	49959.23
260.20	49952.01
260.27	49920.06
260.34	49869.69
260.41	49803.57
260.48	49760.79
260.55	49729.34
260.62	49697.89
260.68	49665.94
260.75	49644.82
260.82	49630.90
260.89	49614.92
260.96	49610.47
261.03	49610.50
261.10	49603.57
261.17	49582.91
261.24	49549.18
261.31	49511.34
261.38	49478.02
261.44	49431.42
261.51	49388.79
261.58	49354.57
261.65	49327.34
261.72	49283.38
261.79	49235.63
261.86	49183.14
261.93	49145.13
262.00	49106.69
262.07	49074.75
262.13	49055.88
262.20	49033.84
262.27	49000.86
262.34	48973.43
262.41	48936.91
262.48	48898.68
262.55	48861.92
262.62	48812.16
262.69	48745.48
262.76	48703.40
262.82	48655.02
262.89	48610.53
262.96	48563.77
263.03	48529.89
263.10	48489.43
263.17	48440.68
263.24	48387.06
263.31	48363.79
263.38	48336.64
263.44	48312.94
263.51	48294.56
263.58	48270.43
263.65	48225.84
263.72	48178.18
263.79	48114.61
263.86	48052.54
263.93	48001.64
264.00	47957.66
264.06	47922.75
264.13	47896.11
264.20	47878.29
264.27	47852.29
264.34	47817.71
264.41	47778.32
264.48	47741.44
264.55	47703.03
264.61	47672.71
264.68	47645.23
264.75	47609.22
264.82	47543.80
264.89	47471.95
264.96	47395.70
265.03	47316.62
265.10	47259.90
265.16	47234.01
265.23	47219.31
265.30	47206.71
265.37	47193.49
265.44	47167.13
265.51	47146.68
265.58	47111.18
265.65	47068.27
265.71	47018.08
265.78	46972.98
265.85	46903.44
265.92	46842.96
265.99	46786.25
266.06	46744.85
266.13	46690.05
266.20	46649.68
266.26	46626.94
266.33	46593.15
266.40	46537.60
266.47	46478.02
266.54	46402.33
266.61	46324.46
266.68	46256.47
266.74	46199.81
266.81	46161.92
266.88	46127.31
266.95	46070.99
267.02	46030.09
267.09	45987.44
267.16	45933.10
267.22	45895.44
267.29	45868.39
267.36	45844.96
267.43	45823.04
267.50	45788.16
267.57	45742.78
267.64	45696.13
267.70	45644.24
267.77	45591.24
267.84	45551.56
267.91	45513.24
267.98	45464.69
268.05	45400.91
268.11	45339.53
268.18	45272.78
268.25	45209.38
268.32	45157.81
268.39	45116.36
268.46	45078.98
268.53	45063.48
268.59	45048.44
268.66	45036.37
268.73	45014.38
268.80	44987.75
268.87	44938.67
268.94	44889.83
269.00	44845.14
269.07	44801.85
269.14	44757.58
269.21	44722.52
269.28	44691.17
269.35	44648.01
269.41	44609.40
269.48	44565.57
269.55	44509.80
269.62	44444.44
269.69	44381.25
269.76	44308.34
269.82	44241.31
269.89	44200.23
269.96	44176.95
270.03	44151.73
270.10	44139.73
270.17	44122.03
270.23	44086.57
270.30	44043.17
270.37	44006.71
270.44	43976.95
270.51	43946.24
270.58	43918.35
270.64	43891.99
270.71	43853.44
270.78	43816.79
270.85	43778.60
270.92	43740.06
270.99	43691.41
271.05	43653.00
271.12	43599.59
271.19	43553.65
271.26	43500.52
271.33	43459.49
271.39	43415.67
271.46	43357.89
271.53	43317.40
271.60	43291.24
271.67	43266.56
271.74	43244.42
271.80	43238.91
271.87	43229.08
271.94	43194.48
272.01	43146.84
272.08	43108.26
272.14	43057.76
272.21	43013.93
272.28	42997.07
272.35	42983.34
272.42	42954.11
272.48	42947.04
272.55	42929.53
272.62	42904.99
272.69	42892.67
272.76	42894.91
272.83	42873.23
272.89	42847.89
272.96	42816.73
273.03	42771.54
273.10	42724.30
273.17	42682.86
273.23	42642.68
273.30	42599.97
273.37	42562.39
273.44	42528.50
273.51	42508.59
273.57	42496.47
273.64	42485.63
273.71	42487.61
273.78	42477.11
273.85	42463.33
273.91	42435.70
273.98	42419.38
274.05	42382.41
274.12	42354.72
274.19	42323.84
274.25	42295.22
274.32	42261.14
274.39	42224.73
274.46	42175.04
274.53	42113.08
274.59	42045.77
274.66	41986.01
274.73	41941.72
274.80	41901.37
274.86	41879.14
274.93	41871.86
275.00	41861.27
275.07	41843.68
275.14	41821.56
275.20	41783.29
275.27	41743.34
275.34	41691.66
275.41	41657.68
275.48	41636.90
275.54	41631.34
275.61	41621.88
275.68	41610.96
275.75	41582.68
275.81	41541.14
275.88	41501.40
275.95	41461.78
276.02	41423.24
276.09	41384.64
276.15	41359.26
276.22	41335.20
276.29	41312.82
276.36	41287.80
276.42	41268.17
276.49	41233.34
276.56	41176.34
276.63	41113.49
276.70	41066.47
276.76	41028.51
276.83	41012.15
276.90	41013.30
276.97	41008.94
277.03	41008.54
277.10	41003.48
277.17	40989.42
277.24	40978.69
277.30	40970.74
277.37	40948.74
277.44	40916.71
277.51	40890.40
277.58	40847.00
277.64	40808.56
277.71	40777.14
277.78	40742.04
277.85	40687.31
277.91	40644.80
277.98	40603.35
278.05	40559.40
278.12	40523.23
278.18	40499.45
278.25	40471.11
278.32	40453.58
278.39	40450.16
278.45	40447.97
278.52	40445.84
278.59	40438.79
278.66	40409.02
278.72	40372.89
278.79	40338.70
278.86	40310.62
278.93	40292.43
278.99	40284.67
279.06	40275.17
279.13	40252.86
279.20	40232.08
279.26	40213.83
279.33	40198.20
279.40	40170.51
279.47	40140.54
279.53	40104.91
279.60	40066.86
279.67	40026.42
279.74	39983.17
279.80	39957.32
279.87	39923.05
279.94	39897.46
280.01	39871.04
280.07	39843.54
280.14	39807.86
280.21	39784.22
280.28	39740.23
280.34	39698.28
280.41	39664.68
280.48	39618.62
280.55	39572.31
280.61	39543.42
280.68	39519.92
280.75	39495.39
280.82	39475.04
280.88	39445.84
280.95	39395.04
281.02	39342.49
281.08	39280.19
281.15	39219.54
281.22	39160.68
281.29	39106.31
281.35	39043.18
281.42	38986.80
281.49	38930.74
281.56	38875.20
281.62	38832.52
281.69	38796.40
281.76	38777.27
281.82	38763.66
281.89	38740.11
281.96	38714.45
282.03	38684.55
282.09	38638.38
282.16	38596.80
282.23	38565.31
282.30	38529.71
282.36	38498.91
282.43	38471.13
282.50	38451.91
282.56	38414.63
282.63	38384.67
282.70	38356.70
282.77	38339.13
282.83	38310.64
282.90	38301.01
282.97	38287.33
283.03	38275.93
283.10	38267.28
283.17	38252.13
283.24	38229.30
283.30	38197.75
283.37	38164.52
283.44	38122.24
283.50	38074.21
283.57	38030.84
283.64	37980.86
283.71	37926.79
283.77	37878.42
283.84	37854.87
283.91	37830.14
283.97	37819.28
284.04	37824.59
284.11	37811.70
284.18	37790.24
284.24	37772.56
284.31	37763.66
284.38	37741.58
284.44	37732.80
284.51	37728.50
284.58	37723.90
284.64	37712.48
284.71	37701.89
284.78	37678.34
284.85	37656.68
284.91	37634.16
284.98	37613.24
285.05	37573.88
285.11	37549.92
285.18	37522.93
285.25	37493.21
285.31	37471.15
285.38	37465.77
285.45	37456.03
285.52	37439.72
285.58	37418.69
285.65	37393.32
285.72	37360.41
285.78	37332.96
285.85	37318.59
285.92	37310.06
285.98	37295.94
286.05	37284.29
286.12	37270.12
286.18	37252.83
286.25	37231.65
286.32	37206.64
286.39	37188.40
286.45	37162.26
286.52	37125.42
286.59	37093.17
286.65	37078.16
286.72	37068.00
286.79	37067.51
286.85	37069.24
286.92	37072.85
286.99	37064.74
287.05	37043.86
287.12	37030.48
287.19	37021.88
287.25	37018.44
287.32	37010.15
287.39	37012.10
287.45	37001.38
287.52	36988.32
287.59	36973.57
287.65	36965.46
287.72	36939.55
287.79	36915.25
287.86	36879.80
287.92	36844.50
287.99	36810.05
288.06	36799.34
288.12	36778.08
288.19	36768.78
288.26	36747.59
288.32	36731.97
288.39	36707.56
288.46	36705.20
288.52	36699.16
288.59	36709.20
288.66	36716.46
288.72	36716.74
288.79	36709.50
288.86	36696.43
288.92	36676.39
288.99	36647.68
289.06	36625.87
289.12	36595.19
289.19	36582.81
289.26	36569.83
289.32	36565.09
289.39	36558.22
289.45	36562.10
289.52	36546.62
289.59	36539.34
289.65	36526.66
289.72	36509.48
289.79	36494.17
289.85	36493.15
289.92	36476.26
289.99	36465.48
290.05	36457.47
290.12	36434.20
290.19	36405.11
290.25	36380.36
290.32	36358.37
290.39	36352.13
290.45	36348.64
290.52	36352.20
290.59	36357.65
290.65	36352.32
290.72	36331.94
290.79	36329.05
290.85	36317.52
290.92	36316.00
290.98	36310.47
291.05	36312.54
291.12	36302.10
291.18	36296.03
291.25	36283.28
291.32	36273.93
291.38	36252.26
291.45	36233.68
291.52	36208.78
291.58	36186.29
291.65	36172.79
291.72	36164.01
291.78	36154.53
291.85	36141.17
291.91	36126.56
291.98	36115.03
292.05	36103.95
292.11	36096.14
292.18	36089.53
292.25	36086.99
292.31	36072.33
292.38	36063.64
292.45	36052.23
292.51	36043.99
292.58	36026.60
292.64	36016.99
292.71	36006.90
292.78	35994.73
292.84	35982.58
292.91	35971.36
292.98	35959.12
293.04	35946.22
293.11	35934.53
293.17	35921.96
293.24	35916.42
293.31	35906.19
293.37	35896.74
293.44	35883.03
293.51	35877.05
293.57	35865.45
293.64	35849.19
293.70	35833.29
293.77	35817.83
293.84	35799.98
293.90	35783.12
293.97	35779.41
294.04	35776.03
294.10	35767.57
294.17	35754.06
294.23	35747.35
294.30	35726.49
294.37	35702.81
294.43	35693.87
294.50	35680.66
294.56	35666.01
294.63	35653.17
294.70	35642.94
294.76	35628.98
294.83	35621.12
294.90	35607.83
294.96	35603.83
295.03	35597.36
295.09	35590.21
295.16	35587.52
295.23	35579.32
295.29	35574.44
295.36	35562.24
295.42	35537.39
295.49	35512.92
295.56	35507.31
295.62	35486.83
295.69	35468.08
295.75	35465.42
295.82	35461.45
295.89	35433.36
295.95	35405.62
296.02	35383.49
296.08	35349.46
296.15	35311.17
296.22	35290.59
296.28	35281.01
296.35	35273.45
296.41	35270.39
296.48	35272.34
296.55	35272.45
296.61	35264.58
296.68	35254.25
296.74	35247.14
296.81	35239.38
296.88	35224.42
296.94	35205.35
297.01	35188.06
297.07	35161.89
297.14	35144.97
297.20	35132.91
297.27	35125.86
297.34	35126.08
297.40	35131.96
297.47	35116.02
297.53	35095.29
297.60	35079.27
297.67	35051.93
297.73	35026.78
297.80	35011.58
297.86	34989.15
297.93	34965.94
298.00	34946.11
298.06	34922.49
298.13	34911.79
298.19	34906.02
298.26	34897.95
298.32	34897.61
298.39	34891.43
298.46	34871.08
298.52	34849.69
298.59	34822.36
298.65	34791.56
298.72	34769.98
298.78	34751.94
298.85	34735.25
298.92	34720.74
298.98	34699.69
299.05	34676.12
299.11	34646.19
299.18	34617.44
299.24	34584.55
299.31	34543.22
299.38	34511.13
299.44	34481.85
299.51	34467.21
299.57	34462.62
299.64	34466.40
299.70	34460.20
299.77	34440.44
299.84	34410.83
299.90	34370.73
299.97	34324.03
300.03	34289.47
300.10	34283.57
300.16	34261.55
300.23	34243.65
300.30	34238.91
300.36	34218.02
300.43	34191.15
300.49	34164.41
300.56	34145.34
300.62	34120.41
300.69	34097.64
300.75	34068.90
300.82	34049.25
300.89	34017.90
300.95	33990.19
301.02	33955.80
301.08	33915.11
301.15	33881.66
301.21	33854.06
301.28	33825.40
301.34	33799.83
301.41	33774.08
301.48	33744.39
301.54	33717.28
301.61	33687.99
301.67	33661.82
301.74	33634.80
301.80	33598.54
301.87	33556.81
301.93	33512.35
302.00	33468.79
302.06	33428.01
302.13	33382.96
302.20	33350.72
302.26	33318.31
302.33	33286.90
302.39	33250.25
302.46	33217.65
302.52	33172.58
302.59	33126.82
302.65	33081.68
302.72	33043.85
302.78	33008.34
302.85	32981.93
302.91	32947.16
302.98	32914.62
303.05	32876.76
303.11	32847.53
303.18	32794.89
303.24	32762.33
303.31	32721.46
303.37	32686.55
303.44	32643.10
303.50	32606.54
303.57	32557.27
303.63	32504.08
303.70	32452.98
303.76	32399.10
303.83	32358.05
303.89	32315.66
303.96	32277.91
304.03	32227.69
304.09	32178.06
304.16	32120.87
304.22	32063.52
304.29	32013.03
304.35	31957.26
304.42	31918.89
304.48	31877.86
304.55	31829.48
304.61	31776.86
304.68	31734.46
304.74	31677.21
304.81	31623.23
304.87	31572.14
304.94	31523.29
305.00	31472.42
305.07	31417.64
305.13	31358.10
305.20	31295.32
305.26	31239.83
305.33	31189.24
305.39	31143.04
305.46	31088.28
305.52	31042.46
305.59	30993.23
305.66	30934.19
305.72	30877.68
305.79	30827.16
305.85	30776.13
305.92	30688.39
305.98	30570.71
306.05	30431.17
306.11	30277.48
306.18	30106.00
306.24	29971.43
306.31	29900.86
306.37	29889.14
306.44	29931.83
306.50	29998.42
306.57	30060.23
306.63	30090.70
306.70	30066.67
306.76	30008.41
306.83	29943.72
306.89	29867.48
306.96	29798.34
307.02	29737.97
307.09	29685.13
307.15	29623.24
307.22	29570.87
307.28	29506.92
307.35	29447.80
307.41	29372.96
307.48	29306.92
307.54	29236.55
307.61	29173.17
307.67	29109.66
307.74	29055.34
307.80	28997.47
307.87	28939.35
307.93	28885.48
308.00	28828.99
308.06	28769.65
308.13	28706.35
308.19	28650.65
308.26	28590.64
308.32	28530.50
308.38	28471.21
308.45	28411.05
308.51	28353.85
308.58	28290.51
308.64	28227.67
308.71	28171.85
308.77	28118.36
308.84	28055.12
308.90	27999.48
308.97	27944.90
309.03	27888.74
309.10	27828.88
309.16	27765.79
309.23	27694.24
309.29	27620.86
309.36	27532.99
309.42	27451.69
309.49	27377.48
309.55	27312.73
309.62	27247.12
309.68	27200.35
309.75	27141.77
309.81	27078.92
309.88	27020.01
309.94	26958.62
310.00	26889.64
310.07	26822.53
310.13	26770.27
310.20	26701.28
310.26	26641.57
310.33	26573.36
310.39	26520.27
310.46	26451.93
310.52	26395.25
310.59	26330.06
310.65	26272.47
310.72	26212.04
310.78	26153.47
310.85	26084.19
310.91	26024.74
310.97	25969.00
311.04	25909.26
311.10	25840.90
311.17	25783.84
311.23	25721.69
311.30	25660.96
311.36	25604.31
311.43	25559.77
311.49	25503.68
311.56	25448.62
311.62	25394.57
311.69	25335.53
311.75	25282.64
311.81	25224.34
311.88	25165.48
311.94	25104.08
312.01	25054.05
312.07	24990.32
312.14	24946.59
312.20	24902.40
312.27	24854.13
312.33	24790.78
312.40	24730.11
312.46	24661.53
312.52	24592.04
312.59	24525.52
312.65	24462.19
312.72	24394.82
312.78	24331.77
312.85	24274.41
312.91	24208.67
312.98	24149.44
313.04	24101.69
313.10	24050.13
313.17	23993.25
313.23	23947.84
313.30	23897.76
313.36	23835.09
313.43	23768.04
313.49	23709.85
313.56	23645.68
313.62	23580.75
313.68	23523.28
313.75	23474.77
313.81	23424.77
313.88	23373.69
313.94	23321.82
314.01	23276.13
314.07	23226.75
314.13	23167.75
314.20	23117.66
314.26	23069.32
314.33	23008.95
314.39	22954.03
314.46	22900.17
314.52	22850.20
314.58	22791.84
314.65	22742.97
314.71	22687.13
314.78	22637.69
314.84	22575.82
314.91	22523.62
314.97	22469.44
315.03	22415.39
315.10	22362.47
315.16	22305.18
315.23	22253.35
315.29	22205.92
315.36	22159.39
315.42	22106.33
315.48	22060.48
315.55	22014.44
315.61	21952.15
315.68	21897.84
315.74	21839.71
315.81	21781.86
315.87	21719.16
315.93	21679.68
316.00	21640.25
316.06	21609.44
316.13	21585.35
316.19	21536.50
316.25	21440.35
316.32	21306.57
316.38	21132.05
316.45	20912.99
316.51	20686.24
316.58	20462.82
316.64	20222.44
316.70	19991.52
316.77	19752.51
316.83	19510.63
316.90	19255.80
316.96	19013.62
317.02	18760.75
317.09	18520.40
317.15	18276.04
317.22	18030.32
317.28	17785.75
317.34	17544.33
317.41	17300.18
317.47	17057.27
317.54	16815.67
317.60	16570.06
317.66	16326.07
317.73	16078.95
317.79	15836.16
317.86	15597.25
317.92	15354.26
317.98	15107.66
318.05	14857.53
318.11	14602.63
318.18	14356.52
318.24	14105.32
318.30	13852.52
318.37	13603.97
318.43	13346.78
318.50	13082.42
318.56	12818.27
318.62	12554.95
318.69	12286.86
318.75	12026.04
318.82	11757.27
318.88	11492.90
318.94	11222.19
319.01	10952.70
319.07	10682.18
319.13	10406.92
319.20	10130.68
319.26	9850.37
319.33	9567.02
319.39	9273.13
319.45	8990.90
319.52	8709.62
319.58	8427.44
319.65	8144.33
319.71	7866.49
319.77	7587.93
319.84	7309.37
319.90	7038.78
319.96	6767.15
320.03	6500.20
320.09	6237.42
320.16	5973.21
320.22	5717.43
320.28	5468.58
320.35	5226.73
320.41	4989.68
320.47	4766.29
320.54	4542.76
320.60	4335.31
320.67	4135.15
320.73	3940.74
320.79	3750.36
320.86	3573.66
320.92	3397.07
320.98	3231.95
321.05	3074.34
321.11	2921.00
321.18	2776.54
321.24	2643.61
321.30	2512.22
321.37	2392.05
321.43	2288.84
321.49	2187.99
321.56	2091.27
321.62	2003.95
321.68	1916.64
321.75	1832.73
321.81	1756.97
321.88	1683.88
321.94	1619.81
322.00	1560.62
322.07	1496.39
322.13	1435.81
322.19	1377.90
322.26	1314.91
322.32	1258.11
322.38	1209.77
322.45	1165.61
322.51	1119.94
322.58	1082.03
322.64	1037.14
322.70	995.63
322.77	947.23
322.83	910.20
322.89	865.08
322.96	824.07
323.02	783.72
323.08	744.59
323.15	703.87
323.21	668.12
323.27	634.20
323.34	599.74
323.40	566.93
323.46	533.24
323.53	495.15
323.59	416.22
323.65	311.87
323.72	195.16
323.78	84.30
323.85	-15.71
323.91	-66.47
323.97	-86.29
324.04	-86.32
