180.21	3430.64
180.28	-125.53
180.36	634.53
180.44	-43.69
180.51	-9.21
180.59	18.20
180.66	49.54
180.74	49.96
180.81	51.62
180.89	55.33
180.97	57.81
181.04	58.17
181.12	59.19
181.19	62.01
181.27	65.10
181.34	84.98
181.42	93.18
181.50	101.33
181.57	111.85
181.65	116.92
181.72	110.74
181.80	107.51
181.87	112.02
181.95	120.29
182.03	129.21
182.10	143.18
182.18	158.68
182.25	180.72
182.33	198.68
182.40	222.55
182.48	236.84
182.55	267.01
182.63	285.72
182.71	303.43
182.78	320.10
182.86	329.40
182.93	314.42
183.01	299.21
183.08	279.66
183.16	269.57
183.23	266.33
183.31	292.66
183.39	323.58
183.46	372.24
183.54	414.49
183.61	470.48
183.69	523.73
183.76	587.55
183.84	643.13
183.91	702.83
183.99	762.27
184.06	810.28
184.14	864.69
184.22	902.39
184.29	908.47
184.37	905.69
184.44	875.21
184.52	784.05
184.59	686.86
184.67	618.38
184.74	556.99
184.82	547.07
184.89	600.05
184.97	693.77
185.04	795.78
185.12	901.84
185.20	1003.74
185.27	1109.65
185.35	1198.61
185.42	1266.52
185.50	1343.13
185.57	1396.25
185.65	1450.56
185.72	1521.02
185.80	1596.64
185.87	1664.12
185.95	1752.49
186.02	1806.98
186.10	1809.15
186.17	1767.40
186.25	1635.61
186.33	1440.15
186.40	1274.91
186.48	1177.43
186.55	1161.82
186.63	1245.84
186.70	1415.18
186.78	1576.95
186.85	1722.76
186.93	1844.44
187.00	1977.97
187.08	2086.65
187.15	2218.78
187.23	2352.58
187.30	2471.35
187.38	2591.36
187.45	2727.80
187.53	2825.23
187.60	2914.28
187.68	3031.84
187.75	3110.16
187.83	3149.55
187.90	3186.81
187.98	3179.49
188.05	3057.36
188.13	2825.94
188.21	2567.53
188.28	2350.13
188.36	2188.37
188.43	2164.70
188.51	2301.21
188.58	2515.31
188.66	2710.19
188.73	2910.29
188.81	3090.78
188.88	3252.12
188.96	3384.72
189.03	3529.76
189.11	3668.14
189.18	3778.30
189.26	3885.39
189.33	4008.80
189.41	4104.20
189.48	4191.87
189.56	4297.99
189.63	4375.53
189.71	4423.99
189.78	4479.17
189.86	4495.94
189.93	4462.93
190.01	4389.45
190.08	4229.51
190.16	3948.46
190.23	3653.52
190.31	3447.19
190.38	3333.39
190.46	3355.53
190.53	3525.63
190.61	3768.03
190.68	3977.32
190.76	4177.16
190.83	4346.12
190.91	4507.71
190.98	4639.49
191.06	4785.13
191.13	4908.99
191.21	5019.86
191.28	5126.46
191.35	5238.88
191.43	5313.23
191.50	5390.02
191.58	5470.97
191.65	5521.19
191.73	5556.55
191.80	5595.41
191.88	5601.56
191.95	5593.22
192.03	5592.25
192.10	5577.80
192.18	5536.83
192.25	5449.98
192.33	5279.48
192.40	5080.71
192.48	4924.45
192.55	4836.20
192.63	4845.06
192.70	4978.30
192.78	5170.67
192.85	5363.51
192.93	5535.98
193.00	5678.33
193.08	5812.95
193.15	5927.73
193.22	6023.61
193.30	6101.38
193.37	6179.32
193.45	6228.66
193.52	6283.01
193.60	6333.23
193.67	6380.71
193.75	6425.51
193.82	6462.40
193.90	6488.43
193.97	6521.03
194.05	6555.48
194.12	6584.25
194.20	6632.39
194.27	6678.22
194.34	6706.82
194.42	6721.54
194.49	6730.51
194.57	6709.31
194.64	6638.02
194.72	6555.08
194.79	6483.86
194.87	6425.03
194.94	6404.78
195.02	6441.76
195.09	6509.49
195.17	6593.80
195.24	6693.14
195.31	6783.79
195.39	6881.53
195.46	6966.26
195.54	7045.41
195.61	7107.94
195.69	7158.55
195.76	7191.63
195.84	7232.96
195.91	7253.03
195.99	7263.33
196.06	7278.96
196.13	7295.89
196.21	7298.10
196.28	7302.07
196.36	7310.05
196.43	7304.93
196.51	7299.70
196.58	7301.05
196.66	7317.70
196.73	7346.17
196.80	7389.08
196.88	7434.55
196.95	7487.41
197.03	7529.55
197.10	7543.89
197.18	7551.50
197.25	7558.37
197.33	7569.84
197.40	7591.50
197.47	7620.64
197.55	7658.14
197.62	7690.29
197.70	7717.46
197.77	7733.08
197.85	7751.82
197.92	7749.15
197.99	7739.41
198.07	7716.79
198.14	7696.92
198.22	7699.30
198.29	7726.18
198.37	7780.11
198.44	7854.91
198.51	7930.49
198.59	7990.89
198.66	8055.17
198.74	8101.94
198.81	8141.13
198.89	8171.34
198.96	8204.18
199.03	8218.43
199.11	8244.45
199.18	8256.24
199.26	8270.99
199.33	8281.57
199.41	8291.54
199.48	8267.94
199.55	8241.72
199.63	8205.48
199.70	8180.92
199.78	8173.49
199.85	8209.97
199.93	8271.91
200.00	8361.69
200.07	8444.68
200.15	8525.80
200.22	8592.63
200.30	8644.57
200.37	8691.03
200.44	8737.40
200.52	8777.46
200.59	8815.05
200.67	8843.48
200.74	8853.50
200.81	8856.82
200.89	8855.30
200.96	8859.45
201.04	8857.24
201.11	8859.83
201.19	8853.67
201.26	8852.55
201.33	8848.11
201.41	8873.57
201.48	8923.66
201.56	8998.32
201.63	9088.29
201.70	9172.79
201.78	9244.52
201.85	9311.84
201.93	9367.40
202.00	9412.31
202.07	9461.71
202.15	9502.17
202.22	9530.71
202.30	9561.18
202.37	9581.98
202.44	9599.12
202.52	9620.95
202.59	9639.56
202.67	9651.56
202.74	9674.14
202.81	9689.50
202.89	9703.25
202.96	9730.03
203.04	9776.73
203.11	9831.22
203.18	9908.07
203.26	9996.51
203.33	10076.62
203.41	10146.88
203.48	10208.07
203.55	10254.21
203.63	10300.00
203.70	10353.25
203.77	10396.53
203.85	10440.41
203.92	10484.28
204.00	10537.53
204.07	10582.83
204.14	10636.03
204.22	10680.82
204.29	10727.18
204.37	10756.05
204.44	10780.68
204.51	10812.15
204.59	10847.86
204.66	10885.49
204.73	10943.48
204.81	11016.96
204.88	11091.67
204.96	11176.02
205.03	11259.23
205.10	11328.65
205.18	11391.71
205.25	11452.90
205.32	11514.05
205.40	11574.49
205.47	11636.00
205.55	11699.14
205.62	11761.65
205.69	11821.82
205.77	11884.63
205.84	11944.36
205.91	12008.26
205.99	12063.78
206.06	12112.18
206.14	12164.95
206.21	12226.40
206.28	12275.12
206.36	12336.72
206.43	12401.99
206.50	12473.77
206.58	12543.43
206.65	12624.97
206.72	12710.49
206.80	12799.87
206.87	12884.57
206.95	12974.05
207.02	13066.04
207.09	13158.84
207.17	13254.49
207.24	13348.06
207.31	13439.05
207.39	13520.82
207.46	13591.03
207.53	13651.95
207.61	13719.14
207.68	13782.84
207.75	13858.48
207.83	13941.88
207.90	14025.88
207.98	14094.26
208.05	14179.77
208.12	14253.39
208.20	14332.47
208.27	14422.86
208.34	14522.47
208.42	14607.48
208.49	14694.98
208.56	14776.82
208.64	14864.72
208.71	14951.59
208.78	15038.28
208.86	15144.70
208.93	15249.96
209.00	15348.89
209.08	15447.37
209.15	15552.14
209.22	15651.73
209.30	15751.87
209.37	15849.72
209.44	15957.08
209.52	16059.16
209.59	16152.36
209.67	16247.33
209.74	16339.59
209.81	16444.34
209.89	16549.50
209.96	16656.45
210.03	16760.80
210.11	16872.11
210.18	16966.77
210.25	17073.74
210.33	17184.72
210.40	17292.01
210.47	17404.83
210.55	17518.98
210.62	17621.68
210.69	17710.87
210.77	17816.83
210.84	17917.88
210.91	18038.10
210.99	18151.76
211.06	18284.73
211.13	18412.45
211.21	18538.89
211.28	18641.37
211.35	18761.71
211.42	18870.76
211.50	18978.60
211.57	19084.53
211.64	19201.37
211.72	19312.38
211.79	19430.36
211.86	19551.70
211.94	19680.30
212.01	19805.11
212.08	19935.37
212.16	20057.43
212.23	20182.33
212.30	20305.97
212.38	20427.99
212.45	20548.95
212.52	20677.51
212.60	20798.84
212.67	20925.27
212.74	21051.98
212.82	21176.15
212.89	21298.97
212.96	21425.58
213.03	21555.75
213.11	21696.82
213.18	21835.79
213.25	21984.32
213.33	22131.25
213.40	22270.53
213.47	22399.18
213.55	22523.78
213.62	22636.87
213.69	22751.42
213.77	22867.31
213.84	22992.24
213.91	23131.29
213.98	23277.09
214.06	23416.49
214.13	23569.03
214.20	23721.72
214.28	23874.94
214.35	24014.18
214.42	24161.21
214.50	24297.75
214.57	24425.81
214.64	24541.03
214.72	24669.03
214.79	24797.49
214.86	24919.54
214.93	25051.12
215.01	25195.12
215.08	25327.98
215.15	25459.62
215.23	25589.35
215.30	25723.73
215.37	25852.57
215.44	26005.41
215.52	26163.86
215.59	26327.26
215.66	26481.65
215.74	26636.53
215.81	26779.63
215.88	26922.05
215.95	27057.59
216.03	27189.81
216.10	27327.16
216.17	27469.50
216.25	27607.53
216.32	27759.54
216.39	27914.45
216.46	28063.44
216.54	28194.76
216.61	28327.69
216.68	28449.99
216.76	28587.47
216.83	28728.51
216.90	28886.18
216.97	29054.22
217.05	29228.49
217.12	29375.97
217.19	29497.47
217.27	29594.80
217.34	29682.51
217.41	29781.38
217.48	29886.72
217.56	30015.85
217.63	30172.98
217.70	30340.32
217.78	30492.31
217.85	30654.42
217.92	30824.25
217.99	30994.60
218.07	31133.93
218.14	31272.01
218.21	31420.51
218.28	31565.32
218.36	31704.96
218.43	31858.02
218.50	32011.86
218.57	32142.96
218.65	32263.78
218.72	32384.61
218.79	32513.24
218.87	32644.57
218.94	32787.74
219.01	32929.83
219.08	33061.26
219.16	33186.18
219.23	33306.44
219.30	33423.63
219.37	33537.59
219.45	33669.18
219.52	33808.95
219.59	33939.60
219.66	34064.92
219.74	34204.79
219.81	34358.87
219.88	34496.89
219.95	34646.07
220.03	34805.67
220.10	34945.30
220.17	35059.30
220.24	35187.02
220.32	35310.77
220.39	35426.69
220.46	35546.85
220.53	35669.92
220.61	35784.76
220.68	35911.02
220.75	36035.16
220.82	36177.23
220.90	36297.46
220.97	36397.38
221.04	36486.09
221.11	36570.90
221.19	36657.24
221.26	36760.82
221.33	36892.89
221.40	37027.98
221.48	37170.48
221.55	37301.24
221.62	37427.49
221.69	37555.91
221.77	37671.77
221.84	37790.43
221.91	37911.11
221.98	38035.55
222.06	38150.34
222.13	38284.02
222.20	38401.37
222.27	38510.36
222.35	38618.73
222.42	38723.75
222.49	38801.86
222.56	38886.26
222.63	38973.40
222.71	39070.81
222.78	39180.29
222.85	39305.40
222.92	39427.78
223.00	39532.77
223.07	39619.69
223.14	39692.39
223.21	39769.56
223.29	39863.79
223.36	39991.03
223.43	40121.27
223.50	40252.78
223.57	40385.24
223.65	40510.07
223.72	40616.50
223.79	40720.64
223.86	40826.47
223.94	40930.50
224.01	41017.02
224.08	41084.74
224.15	41155.24
224.22	41217.69
224.30	41265.67
224.37	41331.07
224.44	41423.36
224.51	41517.80
224.59	41620.31
224.66	41736.13
224.73	41844.33
224.80	41943.16
224.87	42044.38
224.95	42141.71
225.02	42240.35
225.09	42332.07
225.16	42421.07
225.23	42509.24
225.31	42599.65
225.38	42681.91
225.45	42772.23
225.52	42856.05
225.60	42927.88
225.67	42976.13
225.74	43018.57
225.81	43057.29
225.88	43111.01
225.96	43198.29
226.03	43322.80
226.10	43452.45
226.17	43578.52
226.24	43696.14
226.32	43776.97
226.39	43843.03
226.46	43897.16
226.53	43956.71
226.60	44011.03
226.68	44071.69
226.75	44139.35
226.82	44214.77
226.89	44288.62
226.96	44359.77
227.04	44412.36
227.11	44452.03
227.18	44495.23
227.25	44522.60
227.32	44568.96
227.40	44638.79
227.47	44713.36
227.54	44782.93
227.61	44858.88
227.68	44932.23
227.76	45001.64
227.83	45071.38
227.90	45141.54
227.97	45208.05
228.04	45264.94
228.11	45310.38
228.19	45353.39
228.26	45406.93
228.33	45475.17
228.40	45541.24
228.47	45610.54
228.55	45681.01
228.62	45746.45
228.69	45801.42
228.76	45858.50
228.83	45914.09
228.90	45969.96
228.98	46028.47
229.05	46098.26
229.12	46169.30
229.19	46242.36
229.26	46307.16
229.34	46354.47
229.41	46392.74
229.48	46431.10
229.55	46469.84
229.62	46524.68
229.69	46585.50
229.77	46634.21
229.84	46669.84
229.91	46705.93
229.98	46722.09
230.05	46742.76
230.12	46781.56
230.20	46843.41
230.27	46906.19
230.34	46975.75
230.41	47051.27
230.48	47111.85
230.55	47160.23
230.63	47204.59
230.70	47255.33
230.77	47273.34
230.84	47301.59
230.91	47320.71
230.98	47356.60
231.06	47390.21
231.13	47453.61
231.20	47527.12
231.27	47607.17
231.34	47657.36
231.41	47715.99
231.49	47762.28
231.56	47795.67
231.63	47835.32
231.70	47887.17
231.77	47911.53
231.84	47932.80
231.92	47945.89
231.99	47957.07
232.06	47978.02
232.13	48011.61
232.20	48065.22
232.27	48119.12
232.34	48161.75
232.42	48180.44
232.49	48206.38
232.56	48231.89
232.63	48284.69
232.70	48337.19
232.77	48405.67
232.85	48462.94
232.92	48507.98
232.99	48529.67
233.06	48563.23
233.13	48583.69
233.20	48594.08
233.27	48602.17
233.35	48605.30
233.42	48592.98
233.49	48594.99
233.56	48619.44
233.63	48640.24
233.70	48655.49
233.77	48688.61
233.85	48714.88
233.92	48745.54
233.99	48773.50
234.06	48821.46
234.13	48859.90
234.20	48910.75
234.27	48939.62
234.35	48966.50
234.42	48969.89
234.49	48981.65
234.56	48979.23
234.63	48973.38
234.70	48966.39
234.77	48964.22
234.84	48939.86
234.92	48913.98
234.99	48907.81
235.06	48918.75
235.13	48940.30
235.20	48968.65
235.27	49018.01
235.34	49040.29
235.41	49073.41
235.49	49094.62
235.56	49128.10
235.63	49131.89
235.70	49141.17
235.77	49124.42
235.84	49116.69
235.91	49094.40
235.98	49078.82
236.06	49081.40
236.13	49088.69
236.20	49099.01
236.27	49098.59
236.34	49103.93
236.41	49112.64
236.48	49117.57
236.55	49105.55
236.63	49106.51
236.70	49106.59
236.77	49090.69
236.84	49087.52
236.91	49086.00
236.98	49075.71
237.05	49075.57
237.12	49066.49
237.19	49047.99
237.27	49036.55
237.34	49036.10
237.41	49024.11
237.48	49017.88
237.55	48999.40
237.62	48990.17
237.69	48989.73
237.76	48996.90
237.83	49007.32
237.91	49019.71
237.98	49032.94
238.05	49030.19
238.12	49021.44
238.19	49015.21
238.26	49026.98
238.33	49018.82
238.40	49001.25
238.47	48982.27
238.54	48961.30
238.62	48926.35
238.69	48900.22
238.76	48877.99
238.83	48865.21
238.90	48872.86
238.97	48886.36
239.04	48895.97
239.11	48913.27
239.18	48930.56
239.25	48923.97
239.33	48904.95
239.40	48886.87
239.47	48860.00
239.54	48811.04
239.61	48756.22
239.68	48708.84
239.75	48673.46
239.82	48648.73
239.89	48631.41
239.96	48635.99
240.03	48642.37
240.11	48650.43
240.18	48664.63
240.25	48674.77
240.32	48672.23
240.39	48682.11
240.46	48688.03
240.53	48699.47
240.60	48730.58
240.67	48760.85
240.74	48773.31
240.81	48785.18
240.88	48780.39
240.96	48757.90
241.03	48738.19
241.10	48716.94
241.17	48695.15
241.24	48680.37
241.31	48666.85
241.38	48647.22
241.45	48645.15
241.52	48646.16
241.59	48645.03
241.66	48657.38
241.73	48670.39
241.80	48671.77
241.88	48661.05
241.95	48633.99
242.02	48590.08
242.09	48536.84
242.16	48478.99
242.23	48456.48
242.30	48454.30
242.37	48454.93
242.44	48473.79
242.51	48482.48
242.58	48461.47
242.65	48450.33
242.72	48448.45
242.79	48442.98
242.87	48455.50
242.94	48460.06
243.01	48446.51
243.08	48439.16
243.15	48427.25
243.22	48420.09
243.29	48437.38
243.36	48445.94
243.43	48461.82
243.50	48486.56
243.57	48513.35
243.64	48514.59
243.71	48540.14
243.78	48549.56
243.85	48546.24
243.92	48521.89
243.99	48514.21
244.07	48489.07
244.14	48457.10
244.21	48444.39
244.28	48460.46
244.35	48476.85
244.42	48500.64
244.49	48539.42
244.56	48560.43
244.63	48562.92
244.70	48556.81
244.77	48558.69
244.84	48549.71
244.91	48539.29
244.98	48536.05
245.05	48549.50
245.12	48568.13
245.19	48592.65
245.26	48625.50
245.33	48658.24
245.40	48688.25
245.47	48702.67
245.55	48720.05
245.62	48737.32
245.69	48751.75
245.76	48773.28
245.83	48793.93
245.90	48807.16
245.97	48813.93
246.04	48824.73
246.11	48827.39
246.18	48824.40
246.25	48821.12
246.32	48820.76
246.39	48822.52
246.46	48823.58
246.53	48837.50
246.60	48852.78
246.67	48872.88
246.74	48893.10
246.81	48921.61
246.88	48939.88
246.95	48957.63
247.02	48977.53
247.09	48991.54
247.16	48992.12
247.23	48983.59
247.30	48965.52
247.37	48942.79
247.44	48928.76
247.51	48913.48
247.58	48916.92
247.66	48953.11
247.73	49003.09
247.80	49051.84
247.87	49106.62
247.94	49168.69
248.01	49225.71
248.08	49263.64
248.15	49297.76
248.22	49329.42
248.29	49355.39
248.36	49369.58
248.43	49388.90
248.50	49414.42
248.57	49437.65
248.64	49456.27
248.71	49482.09
248.78	49518.76
248.85	49539.98
248.92	49563.59
248.99	49580.39
249.06	49579.78
249.13	49559.19
249.20	49543.06
249.27	49522.62
249.34	49513.81
249.41	49526.47
249.48	49544.11
249.55	49561.68
249.62	49577.89
249.69	49595.05
249.76	49617.40
249.83	49645.42
249.90	49683.36
249.97	49725.72
250.04	49777.28
250.11	49826.40
250.18	49874.31
250.25	49912.94
250.32	49940.45
250.39	49964.60
250.46	49973.38
250.53	49985.16
250.60	50004.23
250.67	50031.55
250.74	50057.48
250.81	50061.93
250.88	50056.38
250.95	50053.52
251.02	50047.49
251.09	50032.89
251.16	50060.14
251.23	50099.90
251.30	50138.28
251.37	50170.62
251.44	50202.48
251.51	50228.67
251.58	50254.38
251.65	50279.22
251.72	50304.98
251.79	50327.32
251.86	50314.13
251.93	50279.89
252.00	50229.97
252.07	50181.50
252.14	50148.98
252.21	50148.44
252.28	50169.58
252.35	50212.51
252.42	50282.28
252.49	50330.79
252.56	50381.62
252.63	50432.16
252.70	50460.70
252.77	50464.22
252.84	50477.09
252.91	50466.19
252.98	50446.65
253.05	50428.55
253.12	50429.12
253.19	50437.28
253.25	50462.12
253.32	50490.70
253.39	50529.06
253.46	50551.44
253.53	50572.13
253.60	50566.48
253.67	50564.78
253.74	50588.43
253.81	50615.66
253.88	50634.33
253.95	50667.08
254.02	50689.41
254.09	50684.74
254.16	50682.75
254.23	50670.90
254.30	50651.66
254.37	50651.18
254.44	50668.75
254.51	50679.72
254.58	50695.78
254.65	50722.66
254.72	50731.98
254.79	50702.19
254.86	50686.84
254.93	50665.13
255.00	50660.99
255.07	50658.26
255.14	50680.65
255.21	50670.87
255.28	50659.68
255.34	50628.91
255.41	50625.52
255.48	50625.77
255.55	50644.62
255.62	50679.03
255.69	50721.64
255.76	50748.79
255.83	50774.71
255.90	50799.19
255.97	50821.28
256.04	50823.25
256.11	50822.21
256.18	50816.39
256.25	50806.26
256.32	50790.42
256.39	50775.81
256.46	50750.01
256.53	50720.43
256.60	50684.75
256.67	50654.79
256.74	50637.59
256.80	50627.84
256.87	50610.15
256.94	50603.49
257.01	50597.55
257.08	50595.70
257.15	50596.08
257.22	50608.28
257.29	50604.03
257.36	50602.39
257.43	50602.41
257.50	50597.92
257.57	50576.81
257.64	50573.99
257.71	50564.55
257.78	50549.63
257.85	50530.71
257.92	50531.56
257.98	50534.49
258.05	50531.22
258.12	50522.23
258.19	50501.69
258.26	50462.00
258.33	50405.05
258.40	50366.00
258.47	50329.01
258.54	50316.35
258.61	50328.98
258.68	50358.00
258.75	50380.78
258.82	50401.31
258.89	50395.57
258.95	50369.49
259.02	50333.46
259.09	50285.23
259.16	50227.48
259.23	50174.20
259.30	50131.09
259.37	50101.05
259.44	50084.86
259.51	50078.45
259.58	50089.17
259.65	50087.28
259.72	50071.13
259.79	50037.41
259.85	50002.71
259.92	49968.05
259.99	49952.29
260.06	49948.06
260.13	49939.25
260.20	49931.14
260.27	49894.93
260.34	49846.84
260.41	49790.87
260.48	49750.06
260.55	49713.44
260.62	49687.44
260.68	49651.10
260.75	49624.64
260.82	49609.47
260.89	49590.11
260.96	49578.00
261.03	49581.97
261.10	49571.28
261.17	49553.49
261.24	49531.94
261.31	49503.22
261.38	49463.78
261.44	49427.39
261.51	49381.25
261.58	49342.63
261.65	49305.70
261.72	49261.18
261.79	49215.42
261.86	49167.71
261.93	49125.69
262.00	49099.29
262.07	49071.07
262.13	49042.56
262.20	49021.13
262.27	48989.34
262.34	48950.41
262.41	48914.36
262.48	48876.30
262.55	48837.19
262.62	48789.42
262.69	48730.65
262.76	48681.80
262.82	48638.44
262.89	48591.95
262.96	48547.27
263.03	48520.84
263.10	48488.66
263.17	48447.19
263.24	48398.21
263.31	48373.15
263.38	48338.28
263.44	48307.89
263.51	48276.17
263.58	48256.48
263.65	48213.42
263.72	48161.14
263.79	48106.69
263.86	48053.39
263.93	47992.67
264.00	47949.69
264.06	47918.58
264.13	47888.86
264.20	47865.84
264.27	47839.13
264.34	47803.62
264.41	47757.17
264.48	47719.47
264.55	47681.02
264.61	47656.53
264.68	47626.07
264.75	47598.88
264.82	47537.94
264.89	47467.18
264.96	47393.14
265.03	47316.46
265.10	47258.25
265.16	47228.02
265.23	47207.96
265.30	47196.51
265.37	47182.25
265.44	47150.67
265.51	47121.17
265.58	47094.73
265.65	47040.66
265.71	46991.22
265.78	46949.54
265.85	46896.15
265.92	46834.06
265.99	46786.59
266.06	46744.23
266.13	46689.14
266.20	46640.72
266.26	46614.61
266.33	46582.18
266.40	46530.81
266.47	46469.24
266.54	46396.28
266.61	46315.05
266.68	46239.29
266.74	46179.98
266.81	46145.24
266.88	46113.15
266.95	46058.23
267.02	46022.60
267.09	45978.97
267.16	45926.31
267.22	45886.55
267.29	45862.89
267.36	45829.61
267.43	45799.46
267.50	45760.77
267.57	45715.44
267.64	45668.34
267.70	45627.20
267.77	45580.94
267.84	45538.68
267.91	45493.17
267.98	45444.58
268.05	45380.31
268.11	45316.07
268.18	45260.80
268.25	45204.71
268.32	45153.46
268.39	45106.60
268.46	45069.95
268.53	45053.53
268.59	45035.82
268.66	45020.77
268.73	44999.79
268.80	44972.20
268.87	44918.24
268.94	44882.11
269.00	44843.80
269.07	44796.13
269.14	44758.20
269.21	44721.24
269.28	44677.85
269.35	44628.76
269.41	44593.22
269.48	44541.08
269.55	44482.31
269.62	44412.87
269.69	44352.73
269.76	44284.43
269.82	44235.39
269.89	44198.71
269.96	44177.07
270.03	44154.05
270.10	44140.53
270.17	44109.89
270.23	44081.05
270.30	44039.58
270.37	44002.70
270.44	43969.30
270.51	43944.53
270.58	43908.63
270.64	43884.23
270.71	43846.95
270.78	43807.77
270.85	43764.83
270.92	43723.41
270.99	43676.51
271.05	43639.04
271.12	43595.59
271.19	43550.56
271.26	43504.51
271.33	43460.04
271.39	43415.68
271.46	43352.20
271.53	43309.50
271.60	43283.71
271.67	43262.21
271.74	43236.37
271.80	43233.03
271.87	43222.87
271.94	43190.79
272.01	43145.26
272.08	43101.48
272.14	43055.30
272.21	43018.69
272.28	42996.54
272.35	42979.90
272.42	42962.91
272.48	42950.93
272.55	42931.82
272.62	42909.37
272.69	42898.79
272.76	42898.29
272.83	42880.97
272.89	42854.32
272.96	42823.19
273.03	42775.10
273.10	42721.34
273.17	42677.66
273.23	42640.55
273.30	42597.74
273.37	42564.53
273.44	42537.16
273.51	42515.36
273.57	42498.69
273.64	42487.75
273.71	42482.10
273.78	42461.04
273.85	42442.76
273.91	42411.49
273.98	42393.28
274.05	42365.69
274.12	42351.79
274.19	42335.91
274.25	42313.32
274.32	42281.60
274.39	42247.43
274.46	42191.01
274.53	42125.66
274.59	42058.92
274.66	41997.64
274.73	41949.77
274.80	41914.99
274.86	41887.46
274.93	41877.46
275.00	41865.97
275.07	41838.52
275.14	41807.06
275.20	41767.39
275.27	41727.28
275.34	41685.49
275.41	41659.37
275.48	41651.70
275.54	41647.63
275.61	41635.42
275.68	41616.61
275.75	41587.45
275.81	41538.09
275.88	41502.78
275.95	41467.34
276.02	41424.91
276.09	41388.40
276.15	41357.82
276.22	41334.20
276.29	41316.16
276.36	41295.78
276.42	41272.83
276.49	41245.73
276.56	41184.97
276.63	41120.80
276.70	41070.20
276.76	41034.32
276.83	41014.83
276.90	41016.81
276.97	41017.42
277.03	41024.96
277.10	41017.00
277.17	41009.13
277.24	40993.38
277.30	40976.16
277.37	40944.80
277.44	40914.86
277.51	40874.26
277.58	40830.35
277.64	40795.54
277.71	40763.56
277.78	40727.76
277.85	40681.86
277.91	40644.09
277.98	40605.94
278.05	40562.69
278.12	40533.45
278.18	40500.93
278.25	40482.62
278.32	40464.54
278.39	40466.34
278.45	40457.64
278.52	40458.74
278.59	40434.26
278.66	40400.90
278.72	40368.02
278.79	40337.89
278.86	40319.95
278.93	40315.70
278.99	40313.39
279.06	40301.29
279.13	40277.58
279.20	40253.76
279.26	40229.20
279.33	40210.99
279.40	40180.14
279.47	40157.83
279.53	40125.93
279.60	40083.33
279.67	40034.86
279.74	39997.32
279.80	39961.13
279.87	39926.66
279.94	39898.15
280.01	39876.74
280.07	39845.02
280.14	39813.08
280.21	39779.95
280.28	39749.04
280.34	39711.42
280.41	39674.77
280.48	39628.87
280.55	39591.38
280.61	39561.41
280.68	39537.23
280.75	39515.36
280.82	39496.68
280.88	39463.91
280.95	39410.53
281.02	39354.85
281.08	39293.84
281.15	39231.25
281.22	39173.46
281.29	39110.04
281.35	39039.12
281.42	38986.81
281.49	38927.32
281.56	38868.93
281.62	38841.24
281.69	38812.93
281.76	38782.48
281.82	38764.34
281.89	38748.01
281.96	38716.36
282.03	38683.04
282.09	38645.50
282.16	38613.38
282.23	38572.64
282.30	38533.77
282.36	38500.81
282.43	38479.12
282.50	38459.82
282.56	38425.66
282.63	38406.53
282.70	38386.58
282.77	38360.67
282.83	38331.24
282.90	38320.74
282.97	38298.15
283.03	38278.91
283.10	38268.76
283.17	38253.85
283.24	38228.32
283.30	38198.93
283.37	38171.89
283.44	38127.36
283.50	38077.73
283.57	38039.54
283.64	37988.54
283.71	37933.72
283.77	37888.58
283.84	37866.69
283.91	37839.69
283.97	37830.34
284.04	37830.44
284.11	37818.96
284.18	37801.31
284.24	37785.96
284.31	37777.49
284.38	37764.88
284.44	37757.35
284.51	37745.38
284.58	37742.59
284.64	37727.29
284.71	37705.27
284.78	37685.60
284.85	37668.25
284.91	37646.67
284.98	37624.40
285.05	37592.16
285.11	37566.46
285.18	37533.10
285.25	37505.59
285.31	37484.33
285.38	37477.13
285.45	37463.38
285.52	37455.05
285.58	37431.94
285.65	37406.84
285.72	37378.11
285.78	37354.81
285.85	37338.37
285.92	37330.34
285.98	37316.17
286.05	37302.48
286.12	37284.32
286.18	37262.05
286.25	37234.66
286.32	37211.73
286.39	37198.97
286.45	37175.98
286.52	37144.89
286.59	37122.05
286.65	37100.02
286.72	37086.75
286.79	37084.34
286.85	37089.68
286.92	37085.76
286.99	37085.39
287.05	37061.53
287.12	37050.22
287.19	37029.99
287.25	37025.49
287.32	37019.34
287.39	37017.09
287.45	37008.58
287.52	36994.85
287.59	36981.76
287.65	36967.35
287.72	36950.28
287.79	36918.92
287.86	36893.60
287.92	36858.14
287.99	36830.86
288.06	36820.44
288.12	36808.60
288.19	36800.56
288.26	36781.49
288.32	36761.61
288.39	36733.14
288.46	36721.05
288.52	36714.04
288.59	36724.35
288.66	36734.66
288.72	36736.88
288.79	36735.25
288.86	36715.50
288.92	36690.30
288.99	36661.95
289.06	36640.56
289.12	36616.21
289.19	36605.79
289.26	36597.95
289.32	36589.12
289.39	36573.78
289.45	36570.52
289.52	36552.27
289.59	36541.95
289.65	36532.21
289.72	36518.14
289.79	36503.02
289.85	36500.11
289.92	36482.70
289.99	36472.53
290.05	36466.92
290.12	36443.90
290.19	36421.74
290.25	36402.26
290.32	36377.16
290.39	36366.93
290.45	36367.44
290.52	36373.63
290.59	36374.20
290.65	36373.04
290.72	36358.64
290.79	36344.99
290.85	36330.31
290.92	36325.42
290.98	36319.59
291.05	36319.45
291.12	36311.31
291.18	36303.41
291.25	36289.10
291.32	36268.86
291.38	36241.54
291.45	36220.29
291.52	36199.70
291.58	36186.23
291.65	36176.17
291.72	36171.91
291.78	36173.52
291.85	36155.89
291.91	36140.64
291.98	36139.88
292.05	36122.90
292.11	36103.76
292.18	36100.38
292.25	36093.77
292.31	36067.32
292.38	36061.07
292.45	36050.42
292.51	36044.81
292.58	36032.94
292.64	36031.00
292.71	36016.99
292.78	36013.17
292.84	35994.48
292.91	35980.11
292.98	35961.64
293.04	35956.54
293.11	35938.01
293.17	35924.78
293.24	35920.25
293.31	35907.25
293.37	35896.03
293.44	35882.52
293.51	35873.87
293.57	35855.46
293.64	35845.59
293.70	35832.67
293.77	35823.86
293.84	35809.97
293.90	35797.64
293.97	35790.29
294.04	35782.09
294.10	35769.41
294.17	35761.57
294.23	35752.92
294.30	35734.71
294.37	35715.66
294.43	35706.91
294.50	35688.82
294.56	35670.96
294.63	35657.37
294.70	35647.74
294.76	35634.40
294.83	35624.48
294.90	35619.96
294.96	35615.39
295.03	35604.18
295.09	35597.91
295.16	35600.38
295.23	35590.70
295.29	35585.07
295.36	35572.48
295.42	35548.41
295.49	35517.21
295.56	35509.20
295.62	35499.85
295.69	35485.48
295.75	35480.47
295.82	35477.46
295.89	35447.62
295.95	35409.17
296.02	35383.98
296.08	35353.07
296.15	35315.78
296.22	35300.73
296.28	35294.91
296.35	35287.19
296.41	35278.41
296.48	35273.19
296.55	35269.94
296.61	35258.05
296.68	35249.20
296.74	35244.10
296.81	35247.15
296.88	35230.78
296.94	35214.06
297.01	35199.20
297.07	35174.37
297.14	35155.67
297.20	35145.95
297.27	35138.79
297.34	35138.83
297.40	35146.85
297.47	35129.28
297.53	35109.80
297.60	35097.51
297.67	35068.15
297.73	35041.32
297.80	35023.64
297.86	35004.34
297.93	34983.05
298.00	34964.85
298.06	34946.42
298.13	34935.67
298.19	34922.52
298.26	34908.65
298.32	34908.70
298.39	34894.08
298.46	34876.26
298.52	34859.51
298.59	34834.65
298.65	34798.19
298.72	34778.52
298.78	34754.33
298.85	34731.09
298.92	34711.85
298.98	34696.80
299.05	34668.66
299.11	34646.84
299.18	34617.96
299.24	34592.41
299.31	34551.77
299.38	34526.74
299.44	34497.72
299.51	34485.35
299.57	34474.04
299.64	34473.64
299.70	34464.97
299.77	34447.04
299.84	34420.60
299.90	34382.28
299.97	34336.95
300.03	34304.91
300.10	34290.62
300.16	34271.15
300.23	34258.33
300.30	34251.26
300.36	34224.11
300.43	34196.38
300.49	34166.99
300.56	34139.35
300.62	34117.59
300.69	34099.80
300.75	34077.14
300.82	34058.69
300.89	34033.29
300.95	34007.06
301.02	33967.18
301.08	33923.55
301.15	33884.79
301.21	33856.42
301.28	33823.44
301.34	33805.22
301.41	33784.64
301.48	33756.44
301.54	33725.85
301.61	33698.78
301.67	33666.59
301.74	33642.44
301.80	33612.80
301.87	33574.10
301.93	33525.67
302.00	33483.69
302.06	33434.74
302.13	33384.87
302.20	33351.06
302.26	33320.49
302.33	33291.28
302.39	33258.94
302.46	33227.75
302.52	33184.70
302.59	33148.06
302.65	33099.31
302.72	33057.04
302.78	33025.22
302.85	32996.99
302.91	32959.46
302.98	32928.26
303.05	32894.19
303.11	32858.35
303.18	32809.33
303.24	32772.06
303.31	32729.61
303.37	32685.44
303.44	32643.54
303.50	32604.13
303.57	32552.51
303.63	32506.86
303.70	32466.86
303.76	32413.88
303.83	32373.87
303.89	32334.58
303.96	32294.09
304.03	32241.69
304.09	32187.65
304.16	32130.36
304.22	32068.39
304.29	32008.85
304.35	31954.85
304.42	31920.03
304.48	31874.10
304.55	31833.00
304.61	31785.08
304.68	31736.33
304.74	31679.73
304.81	31632.93
304.87	31571.54
304.94	31521.58
305.00	31478.27
305.07	31420.75
305.13	31357.36
305.20	31303.49
305.26	31251.70
305.33	31194.33
305.39	31146.63
305.46	31092.14
305.52	31046.17
305.59	30991.95
305.66	30936.43
305.72	30886.26
305.79	30841.32
305.85	30786.73
305.92	30701.70
305.98	30585.04
306.05	30441.45
306.11	30284.70
306.18	30123.13
306.24	29997.00
306.31	29929.59
306.37	29920.37
306.44	29958.60
306.50	30011.42
306.57	30059.77
306.63	30085.89
306.70	30062.87
306.76	30004.15
306.83	29946.13
306.89	29879.00
306.96	29803.79
307.02	29739.04
307.09	29691.51
307.15	29634.91
307.22	29586.75
307.28	29529.85
307.35	29471.15
307.41	29394.65
307.48	29318.44
307.54	29241.18
307.61	29176.12
307.67	29108.97
307.74	29055.08
307.80	29005.67
307.87	28946.62
307.93	28893.13
308.00	28837.49
308.06	28775.07
308.13	28709.76
308.19	28657.57
308.26	28595.18
308.32	28539.76
308.38	28481.70
308.45	28418.40
308.51	28361.23
308.58	28300.63
308.64	28239.77
308.71	28182.34
308.77	28130.46
308.84	28062.86
308.90	28005.70
308.97	27948.78
309.03	27896.28
309.10	27833.91
309.16	27773.68
309.23	27698.79
309.29	27626.48
309.36	27533.33
309.42	27456.00
309.49	27380.06
309.55	27316.33
309.62	27249.49
309.68	27206.02
309.75	27146.51
309.81	27083.66
309.88	27023.42
309.94	26958.31
310.00	26888.12
310.07	26820.55
310.13	26764.00
310.20	26700.08
310.26	26640.43
310.33	26572.61
310.39	26522.95
310.46	26461.49
310.52	26403.78
310.59	26339.38
310.65	26282.10
310.72	26217.61
310.78	26153.91
310.85	26088.45
310.91	26032.80
310.97	25975.23
311.04	25913.39
311.10	25850.81
311.17	25792.67
311.23	25725.19
311.30	25661.37
311.36	25598.72
311.43	25552.11
311.49	25494.57
311.56	25444.99
311.62	25395.79
311.69	25344.34
311.75	25290.47
311.81	25229.08
311.88	25163.85
311.94	25101.34
312.01	25050.46
312.07	24987.41
312.14	24940.97
312.20	24898.64
312.27	24853.34
312.33	24792.05
312.40	24724.72
312.46	24658.57
312.52	24592.49
312.59	24522.14
312.65	24455.87
312.72	24390.40
312.78	24329.48
312.85	24269.01
312.91	24208.20
312.98	24150.96
313.04	24109.69
313.10	24057.17
313.17	24007.58
313.23	23960.80
313.30	23905.12
313.36	23841.67
313.43	23782.87
313.49	23725.25
313.56	23657.87
313.62	23601.57
313.68	23542.72
313.75	23489.09
313.81	23435.45
313.88	23384.29
313.94	23338.59
314.01	23292.24
314.07	23240.70
314.13	23183.95
314.20	23133.25
314.26	23071.41
314.33	23017.10
314.39	22964.06
314.46	22902.64
314.52	22857.28
314.58	22804.56
314.65	22750.79
314.71	22692.25
314.78	22645.58
314.84	22580.79
314.91	22526.51
314.97	22473.68
315.03	22421.79
315.10	22366.46
315.16	22306.77
315.23	22256.56
315.29	22208.36
315.36	22161.40
315.42	22111.78
315.48	22071.06
315.55	22022.67
315.61	21959.81
315.68	21905.45
315.74	21847.04
315.81	21784.87
315.87	21720.82
315.93	21678.59
316.00	21643.67
316.06	21612.42
316.13	21587.91
316.19	21537.90
316.25	21443.74
316.32	21304.82
316.38	21133.18
316.45	20919.14
316.51	20697.54
316.58	20471.09
316.64	20234.49
316.70	20003.84
316.77	19766.88
316.83	19517.09
316.90	19263.32
316.96	19018.30
317.02	18765.71
317.09	18521.55
317.15	18283.79
317.22	18045.38
317.28	17805.01
317.34	17555.60
317.41	17310.04
317.47	17067.80
317.54	16823.89
317.60	16575.19
317.66	16335.24
317.73	16088.36
317.79	15844.12
317.86	15599.42
317.92	15354.31
317.98	15107.30
318.05	14855.48
318.11	14600.88
318.18	14357.47
318.24	14106.77
318.30	13855.35
318.37	13611.21
318.43	13357.01
318.50	13090.10
318.56	12825.42
318.62	12564.48
318.69	12293.34
318.75	12028.16
318.82	11759.59
318.88	11492.35
318.94	11220.09
319.01	10949.88
319.07	10679.93
319.13	10407.29
319.20	10132.15
319.26	9848.44
319.33	9565.14
319.39	9268.79
319.45	8986.21
319.52	8706.73
319.58	8427.74
319.65	8145.78
319.71	7871.70
319.77	7589.63
319.84	7310.90
319.90	7037.48
319.96	6764.73
320.03	6494.80
320.09	6236.77
320.16	5970.67
320.22	5717.11
320.28	5469.50
320.35	5230.99
320.41	4994.27
320.47	4772.94
320.54	4548.54
320.60	4340.34
320.67	4137.31
320.73	3938.50
320.79	3745.86
320.86	3568.87
320.92	3392.16
320.98	3226.48
321.05	3071.08
321.11	2919.18
321.18	2774.90
321.24	2642.32
321.30	2512.82
321.37	2392.39
321.43	2288.41
321.49	2186.02
321.56	2089.84
321.62	2002.61
321.68	1916.06
321.75	1832.37
321.81	1758.02
321.88	1684.39
321.94	1620.00
322.00	1559.99
322.07	1497.07
322.13	1436.23
322.19	1376.71
322.26	1313.53
322.32	1257.52
322.38	1209.17
322.45	1164.47
322.51	1119.11
322.58	1081.88
322.64	1036.30
322.70	993.58
322.77	946.33
322.83	911.00
322.89	864.92
322.96	824.39
323.02	784.32
323.08	745.63
323.15	703.63
323.21	669.04
323.27	634.75
323.34	600.61
323.40	567.14
323.46	534.04
323.53	494.85
323.59	415.86
323.65	311.15
323.72	194.65
323.78	83.62
323.85	-15.64
323.91	-66.37
323.97	-85.39
324.04	-86.46
