180.21	3428.83
180.28	-125.46
180.36	634.12
180.44	-44.29
180.51	-10.05
180.59	17.36
180.66	49.06
180.74	49.52
180.81	51.34
180.89	55.16
180.97	57.42
181.04	56.95
181.12	57.85
181.19	61.13
181.27	64.20
181.34	83.92
181.42	92.59
181.50	100.85
181.57	111.97
181.65	116.79
181.72	110.55
181.80	107.36
181.87	111.88
181.95	119.16
182.03	128.35
182.10	143.06
182.18	158.94
182.25	180.83
182.33	199.55
182.40	224.28
182.48	238.87
182.55	269.01
182.63	288.48
182.71	306.06
182.78	323.00
182.86	332.55
182.93	317.87
183.01	302.28
183.08	282.68
183.16	271.44
183.23	268.13
183.31	293.37
183.39	323.91
183.46	372.55
183.54	416.06
183.61	471.25
183.69	525.43
183.76	589.97
183.84	644.71
183.91	702.74
183.99	763.35
184.06	810.91
184.14	865.28
184.22	903.06
184.29	910.19
184.37	907.89
184.44	879.12
184.52	788.24
184.59	692.44
184.67	623.88
184.74	561.81
184.82	551.25
184.89	603.63
184.97	696.02
185.04	797.44
185.12	902.19
185.20	1002.37
185.27	1108.42
185.35	1198.42
185.42	1266.36
185.50	1345.62
185.57	1400.34
185.65	1454.96
185.72	1526.10
185.80	1604.09
185.87	1669.58
185.95	1756.35
186.02	1810.53
186.10	1812.64
186.17	1770.38
186.25	1639.50
186.33	1445.46
186.40	1280.35
186.48	1182.65
186.55	1165.88
186.63	1248.60
186.70	1418.27
186.78	1580.26
186.85	1724.17
186.93	1844.65
187.00	1979.80
187.08	2086.49
187.15	2218.71
187.23	2352.42
187.30	2470.36
187.38	2587.99
187.45	2723.28
187.53	2820.44
187.60	2910.42
187.68	3031.61
187.75	3111.52
187.83	3152.62
187.90	3190.52
187.98	3184.85
188.05	3063.71
188.13	2832.26
188.21	2574.36
188.28	2354.99
188.36	2190.69
188.43	2160.56
188.51	2296.74
188.58	2508.76
188.66	2702.56
188.73	2903.63
188.81	3087.33
188.88	3247.96
188.96	3382.86
189.03	3530.39
189.11	3667.28
189.18	3775.13
189.26	3880.80
189.33	4000.94
189.41	4093.55
189.48	4179.32
189.56	4287.90
189.63	4368.51
189.71	4423.75
189.78	4482.55
189.86	4504.58
189.93	4471.85
190.01	4395.68
190.08	4233.03
190.16	3951.59
190.23	3655.13
190.31	3445.69
190.38	3332.57
190.46	3352.07
190.53	3517.02
190.61	3758.21
190.68	3971.16
190.76	4170.63
190.83	4338.49
190.91	4505.80
190.98	4638.95
191.06	4782.38
191.13	4905.78
191.21	5015.92
191.28	5118.63
191.35	5231.39
191.43	5307.73
191.50	5383.64
191.58	5466.87
191.65	5516.83
191.73	5548.96
191.80	5584.54
191.88	5589.70
191.95	5581.19
192.03	5580.19
192.10	5564.03
192.18	5524.83
192.25	5439.62
192.33	5270.04
192.40	5072.38
192.48	4918.63
192.55	4829.29
192.63	4835.65
192.70	4962.94
192.78	5152.74
192.85	5345.60
192.93	5517.68
193.00	5661.02
193.08	5798.10
193.15	5911.53
193.22	6004.17
193.30	6079.89
193.37	6159.27
193.45	6210.91
193.52	6264.13
193.60	6312.63
193.67	6361.82
193.75	6402.62
193.82	6442.55
193.90	6471.91
193.97	6508.93
194.05	6542.57
194.12	6574.42
194.20	6619.35
194.27	6664.66
194.34	6691.20
194.42	6706.51
194.49	6714.79
194.57	6689.90
194.64	6617.01
194.72	6531.26
194.79	6456.05
194.87	6396.80
194.94	6373.71
195.02	6410.50
195.09	6479.79
195.17	6565.72
195.24	6663.47
195.31	6758.35
195.39	6857.77
195.46	6943.83
195.54	7027.43
195.61	7093.54
195.69	7144.72
195.76	7178.22
195.84	7219.71
195.91	7236.28
195.99	7246.96
196.06	7261.92
196.13	7278.28
196.21	7284.02
196.28	7290.25
196.36	7292.42
196.43	7286.99
196.51	7278.54
196.58	7278.48
196.66	7290.41
196.73	7322.82
196.80	7363.66
196.88	7412.98
196.95	7465.92
197.03	7513.88
197.10	7532.40
197.18	7544.07
197.25	7550.80
197.33	7563.85
197.40	7584.21
197.47	7608.26
197.55	7646.39
197.62	7678.66
197.70	7697.24
197.77	7710.67
197.85	7728.92
197.92	7726.95
197.99	7714.07
198.07	7692.12
198.14	7670.36
198.22	7670.41
198.29	7695.50
198.37	7750.42
198.44	7829.38
198.51	7904.08
198.59	7967.60
198.66	8027.92
198.74	8076.78
198.81	8113.02
198.89	8148.75
198.96	8178.60
199.03	8192.69
199.11	8214.16
199.18	8225.86
199.26	8237.28
199.33	8249.52
199.41	8260.83
199.48	8234.75
199.55	8204.85
199.63	8164.82
199.70	8138.59
199.78	8125.07
199.85	8162.08
199.93	8228.64
200.00	8323.91
200.07	8411.61
200.15	8502.74
200.22	8572.90
200.30	8624.58
200.37	8674.08
200.44	8718.04
200.52	8756.12
200.59	8796.46
200.67	8822.63
200.74	8828.19
200.81	8829.32
200.89	8826.58
200.96	8829.18
201.04	8829.05
201.11	8827.46
201.19	8823.17
201.26	8815.80
201.33	8812.00
201.41	8838.30
201.48	8892.27
201.56	8968.82
201.63	9064.27
201.70	9150.58
201.78	9228.02
201.85	9295.44
201.93	9351.44
202.00	9395.34
202.07	9441.61
202.15	9475.84
202.22	9504.81
202.30	9531.42
202.37	9554.16
202.44	9577.15
202.52	9600.88
202.59	9621.68
202.67	9633.87
202.74	9653.38
202.81	9662.61
202.89	9669.60
202.96	9688.78
203.04	9733.66
203.11	9788.62
203.18	9869.85
203.26	9962.83
203.33	10049.40
203.41	10123.00
203.48	10188.19
203.55	10229.45
203.63	10278.11
203.70	10329.40
203.77	10374.70
203.85	10414.34
203.92	10458.30
204.00	10512.21
204.07	10559.46
204.14	10613.77
204.22	10662.21
204.29	10710.07
204.37	10735.69
204.44	10759.91
204.51	10786.36
204.59	10821.76
204.66	10862.03
204.73	10925.70
204.81	10998.72
204.88	11079.33
204.96	11163.84
205.03	11243.97
205.10	11309.94
205.18	11370.68
205.25	11426.16
205.32	11486.45
205.40	11545.11
205.47	11607.09
205.55	11673.11
205.62	11736.31
205.69	11798.86
205.77	11862.68
205.84	11921.52
205.91	11985.04
205.99	12047.55
206.06	12100.11
206.14	12153.20
206.21	12209.59
206.28	12258.40
206.36	12315.45
206.43	12377.70
206.50	12450.83
206.58	12529.24
206.65	12613.27
206.72	12693.67
206.80	12779.78
206.87	12864.58
206.95	12951.00
207.02	13040.12
207.09	13136.43
207.17	13230.20
207.24	13319.42
207.31	13407.91
207.39	13490.28
207.46	13564.65
207.53	13630.85
207.61	13704.12
207.68	13772.80
207.75	13849.73
207.83	13931.63
207.90	14012.88
207.98	14081.30
208.05	14157.90
208.12	14231.43
208.20	14311.01
208.27	14397.25
208.34	14496.19
208.42	14587.42
208.49	14678.26
208.56	14760.78
208.64	14849.75
208.71	14936.89
208.78	15026.09
208.86	15125.94
208.93	15228.44
209.00	15328.98
209.08	15425.71
209.15	15528.33
209.22	15633.05
209.30	15732.86
209.37	15834.38
209.44	15946.94
209.52	16051.79
209.59	16142.21
209.67	16240.69
209.74	16333.62
209.81	16430.80
209.89	16534.16
209.96	16637.27
210.03	16738.57
210.11	16844.70
210.18	16942.17
210.25	17047.16
210.33	17164.24
210.40	17267.78
210.47	17380.96
210.55	17498.32
210.62	17601.58
210.69	17691.45
210.77	17803.79
210.84	17907.48
210.91	18021.65
210.99	18140.43
211.06	18268.72
211.13	18389.55
211.21	18508.25
211.28	18613.24
211.35	18727.74
211.42	18843.22
211.50	18956.72
211.57	19070.67
211.64	19188.39
211.72	19301.41
211.79	19409.12
211.86	19520.58
211.94	19646.64
212.01	19770.97
212.08	19894.70
212.16	20020.78
212.23	20150.27
212.30	20275.80
212.38	20395.41
212.45	20522.65
212.52	20651.56
212.60	20776.50
212.67	20903.20
212.74	21032.47
212.82	21153.96
212.89	21275.01
212.96	21400.75
213.03	21527.92
213.11	21665.37
213.18	21806.77
213.25	21950.97
213.33	22091.98
213.40	22230.28
213.47	22361.42
213.55	22476.27
213.62	22589.83
213.69	22704.61
213.77	22824.71
213.84	22946.13
213.91	23092.60
213.98	23238.27
214.06	23383.65
214.13	23525.64
214.20	23673.78
214.28	23824.58
214.35	23969.90
214.42	24117.85
214.50	24261.44
214.57	24393.85
214.64	24512.02
214.72	24636.63
214.79	24759.74
214.86	24885.34
214.93	25020.22
215.01	25168.00
215.08	25303.48
215.15	25436.45
215.23	25556.02
215.30	25687.53
215.37	25812.92
215.44	25967.30
215.52	26127.75
215.59	26302.05
215.66	26464.11
215.74	26617.42
215.81	26759.34
215.88	26900.22
215.95	27029.87
216.03	27153.73
216.10	27288.76
216.17	27430.32
216.25	27568.32
216.32	27726.54
216.39	27891.03
216.46	28044.36
216.54	28173.15
216.61	28305.76
216.68	28425.41
216.76	28555.06
216.83	28700.57
216.90	28868.03
216.97	29037.19
217.05	29206.49
217.12	29354.53
217.19	29468.27
217.27	29552.27
217.34	29639.97
217.41	29737.58
217.48	29851.16
217.56	29986.15
217.63	30153.10
217.70	30320.92
217.78	30488.52
217.85	30646.52
217.92	30814.37
217.99	30982.37
218.07	31122.82
218.14	31254.15
218.21	31402.36
218.28	31540.16
218.36	31675.50
218.43	31821.25
218.50	31973.47
218.57	32108.44
218.65	32227.22
218.72	32350.90
218.79	32482.80
218.87	32605.97
218.94	32738.88
219.01	32887.20
219.08	33022.33
219.16	33155.57
219.23	33279.99
219.30	33400.16
219.37	33526.17
219.45	33649.71
219.52	33787.60
219.59	33915.43
219.66	34041.09
219.74	34170.98
219.81	34326.58
219.88	34462.03
219.95	34618.94
220.03	34778.03
220.10	34915.73
220.17	35028.67
220.24	35153.36
220.32	35277.17
220.39	35393.90
220.46	35515.93
220.53	35639.25
220.61	35760.82
220.68	35876.24
220.75	36002.96
220.82	36143.22
220.90	36267.18
220.97	36364.33
221.04	36459.40
221.11	36544.82
221.19	36632.61
221.26	36745.82
221.33	36874.99
221.40	37006.31
221.48	37150.37
221.55	37280.62
221.62	37403.36
221.69	37540.16
221.77	37677.91
221.84	37797.08
221.91	37917.74
221.98	38038.15
222.06	38155.24
222.13	38276.02
222.20	38387.50
222.27	38495.29
222.35	38595.04
222.42	38691.24
222.49	38773.17
222.56	38860.73
222.63	38954.78
222.71	39054.49
222.78	39171.14
222.85	39292.79
222.92	39413.29
223.00	39515.49
223.07	39609.80
223.14	39681.78
223.21	39758.28
223.29	39855.38
223.36	39983.51
223.43	40114.10
223.50	40249.30
223.57	40386.87
223.65	40516.15
223.72	40621.31
223.79	40730.42
223.86	40828.33
223.94	40922.84
224.01	41003.17
224.08	41073.89
224.15	41137.07
224.22	41201.98
224.30	41249.90
224.37	41319.23
224.44	41406.61
224.51	41502.76
224.59	41606.68
224.66	41726.57
224.73	41833.85
224.80	41938.12
224.87	42045.22
224.95	42146.48
225.02	42243.41
225.09	42335.32
225.16	42417.97
225.23	42500.33
225.31	42584.22
225.38	42673.35
225.45	42768.93
225.52	42862.02
225.60	42943.66
225.67	42998.00
225.74	43039.76
225.81	43079.86
225.88	43136.23
225.96	43217.98
226.03	43335.50
226.10	43460.58
226.17	43581.67
226.24	43700.13
226.32	43788.03
226.39	43857.25
226.46	43917.47
226.53	43972.13
226.60	44020.29
226.68	44079.58
226.75	44145.65
226.82	44222.92
226.89	44303.58
226.96	44374.51
227.04	44422.06
227.11	44465.42
227.18	44507.22
227.25	44537.49
227.32	44585.12
227.40	44656.99
227.47	44729.97
227.54	44795.77
227.61	44875.96
227.68	44950.02
227.76	45021.50
227.83	45099.00
227.90	45170.64
227.97	45227.74
228.04	45289.41
228.11	45335.76
228.19	45377.07
228.26	45434.43
228.33	45507.27
228.40	45564.55
228.47	45635.12
228.55	45699.57
228.62	45761.09
228.69	45817.65
228.76	45880.34
228.83	45931.76
228.90	45989.53
228.98	46051.32
229.05	46115.58
229.12	46183.65
229.19	46254.76
229.26	46326.07
229.34	46374.11
229.41	46419.69
229.48	46467.74
229.55	46515.26
229.62	46570.82
229.69	46630.59
229.77	46669.57
229.84	46699.92
229.91	46734.01
229.98	46751.88
230.05	46780.23
230.12	46834.75
230.20	46904.91
230.27	46966.84
230.34	47036.67
230.41	47103.57
230.48	47161.17
230.55	47207.83
230.63	47251.07
230.70	47293.71
230.77	47324.28
230.84	47351.03
230.91	47374.11
230.98	47411.97
231.06	47454.43
231.13	47518.05
231.20	47591.50
231.27	47660.85
231.34	47712.04
231.41	47761.21
231.49	47805.91
231.56	47851.03
231.63	47902.63
231.70	47955.34
231.77	47995.06
231.84	48016.51
231.92	48026.44
231.99	48034.42
232.06	48058.95
232.13	48091.81
232.20	48142.38
232.27	48195.87
232.34	48244.50
232.42	48265.78
232.49	48290.15
232.56	48328.31
232.63	48379.47
232.70	48426.93
232.77	48494.25
232.85	48549.42
232.92	48582.14
232.99	48600.70
233.06	48628.00
233.13	48642.28
233.20	48651.06
233.27	48667.41
233.35	48673.12
233.42	48671.51
233.49	48682.37
233.56	48708.56
233.63	48729.75
233.70	48751.14
233.77	48778.59
233.85	48803.79
233.92	48839.68
233.99	48863.70
234.06	48903.13
234.13	48952.64
234.20	49003.98
234.27	49023.66
234.35	49048.33
234.42	49060.75
234.49	49059.30
234.56	49060.62
234.63	49058.00
234.70	49056.37
234.77	49051.18
234.84	49030.60
234.92	49006.53
234.99	49012.57
235.06	49026.47
235.13	49048.19
235.20	49082.31
235.27	49130.40
235.34	49157.97
235.41	49188.60
235.49	49214.65
235.56	49240.57
235.63	49242.69
235.70	49247.37
235.77	49238.31
235.84	49232.47
235.91	49224.03
235.98	49215.34
236.06	49218.15
236.13	49214.90
236.20	49213.28
236.27	49202.59
236.34	49204.06
236.41	49210.17
236.48	49211.94
236.55	49212.06
236.63	49212.02
236.70	49210.73
236.77	49194.55
236.84	49198.62
236.91	49190.17
236.98	49195.33
237.05	49197.01
237.12	49188.00
237.19	49172.56
237.27	49174.67
237.34	49170.98
237.41	49163.89
237.48	49161.02
237.55	49149.32
237.62	49125.43
237.69	49124.49
237.76	49128.09
237.83	49133.27
237.91	49149.80
237.98	49166.61
238.05	49165.44
238.12	49158.06
238.19	49157.85
238.26	49161.94
238.33	49154.80
238.40	49137.06
238.47	49118.44
238.54	49098.67
238.62	49063.77
238.69	49032.94
238.76	49005.20
238.83	48991.26
238.90	48996.39
238.97	49012.79
239.04	49040.77
239.11	49059.85
239.18	49082.18
239.25	49073.05
239.33	49050.22
239.40	49019.98
239.47	48984.27
239.54	48930.14
239.61	48883.46
239.68	48841.67
239.75	48811.18
239.82	48798.55
239.89	48780.69
239.96	48775.84
240.03	48777.57
240.11	48781.72
240.18	48793.75
240.25	48808.62
240.32	48813.81
240.39	48826.64
240.46	48838.68
240.53	48854.50
240.60	48881.87
240.67	48909.74
240.74	48925.60
240.81	48931.47
240.88	48919.84
240.96	48899.23
241.03	48880.41
241.10	48856.19
241.17	48840.36
241.24	48825.70
241.31	48811.84
241.38	48795.35
241.45	48792.62
241.52	48784.70
241.59	48785.04
241.66	48798.36
241.73	48808.66
241.80	48810.48
241.88	48804.15
241.95	48780.45
242.02	48743.95
242.09	48697.07
242.16	48646.35
242.23	48626.79
242.30	48624.19
242.37	48620.13
242.44	48635.38
242.51	48638.98
242.58	48625.87
242.65	48609.98
242.72	48608.71
242.79	48600.02
242.87	48610.28
242.94	48612.52
243.01	48602.36
243.08	48591.38
243.15	48589.20
243.22	48588.71
243.29	48601.04
243.36	48619.54
243.43	48636.22
243.50	48650.70
243.57	48663.72
243.64	48668.36
243.71	48687.28
243.78	48699.06
243.85	48698.98
243.92	48678.13
243.99	48659.94
244.07	48638.82
244.14	48615.22
244.21	48604.24
244.28	48624.34
244.35	48644.94
244.42	48665.91
244.49	48687.30
244.56	48702.68
244.63	48708.12
244.70	48703.34
244.77	48701.01
244.84	48700.12
244.91	48693.32
244.98	48689.39
245.05	48708.80
245.12	48738.66
245.19	48773.54
245.26	48807.58
245.33	48842.71
245.40	48871.82
245.47	48887.20
245.55	48893.70
245.62	48903.79
245.69	48915.23
245.76	48927.83
245.83	48939.35
245.90	48952.41
245.97	48964.19
246.04	48975.09
246.11	48974.12
246.18	48970.97
246.25	48971.52
246.32	48974.17
246.39	48972.40
246.46	48981.12
246.53	48997.22
246.60	49011.20
246.67	49027.77
246.74	49055.05
246.81	49086.03
246.88	49107.01
246.95	49125.67
247.02	49146.24
247.09	49155.86
247.16	49149.01
247.23	49133.42
247.30	49108.28
247.37	49078.17
247.44	49064.44
247.51	49050.67
247.58	49058.96
247.66	49102.07
247.73	49162.86
247.80	49215.43
247.87	49276.77
247.94	49337.45
248.01	49383.65
248.08	49418.37
248.15	49442.29
248.22	49471.34
248.29	49498.31
248.36	49521.95
248.43	49548.94
248.50	49583.62
248.57	49609.90
248.64	49630.04
248.71	49661.52
248.78	49693.01
248.85	49714.27
248.92	49736.31
248.99	49752.12
249.06	49741.79
249.13	49713.90
249.20	49696.80
249.27	49677.62
249.34	49663.54
249.41	49676.14
249.48	49697.70
249.55	49713.21
249.62	49738.27
249.69	49765.60
249.76	49797.25
249.83	49831.79
249.90	49873.95
249.97	49906.57
250.04	49951.92
250.11	49993.93
250.18	50042.33
250.25	50082.63
250.32	50115.67
250.39	50143.32
250.46	50155.83
250.53	50167.24
250.60	50179.61
250.67	50210.46
250.74	50235.27
250.81	50239.42
250.88	50232.39
250.95	50227.23
251.02	50214.42
251.09	50202.18
251.16	50227.70
251.23	50267.04
251.30	50313.47
251.37	50350.10
251.44	50378.95
251.51	50410.08
251.58	50430.01
251.65	50448.51
251.72	50472.62
251.79	50487.94
251.86	50471.67
251.93	50447.10
252.00	50401.87
252.07	50355.12
252.14	50338.49
252.21	50339.92
252.28	50358.33
252.35	50396.57
252.42	50456.61
252.49	50499.64
252.56	50538.80
252.63	50581.12
252.70	50605.22
252.77	50612.22
252.84	50621.99
252.91	50617.34
252.98	50599.55
253.05	50591.95
253.12	50592.47
253.19	50603.85
253.25	50633.61
253.32	50659.74
253.39	50697.93
253.46	50722.79
253.53	50736.35
253.60	50721.45
253.67	50723.28
253.74	50736.77
253.81	50767.48
253.88	50786.91
253.95	50826.02
254.02	50853.77
254.09	50855.45
254.16	50844.97
254.23	50835.65
254.30	50819.04
254.37	50815.20
254.44	50827.24
254.51	50846.78
254.58	50867.92
254.65	50897.36
254.72	50902.95
254.79	50878.67
254.86	50854.05
254.93	50827.11
255.00	50813.06
255.07	50819.45
255.14	50838.69
255.21	50834.25
255.28	50822.35
255.34	50800.27
255.41	50786.89
255.48	50792.54
255.55	50816.36
255.62	50847.82
255.69	50881.17
255.76	50906.52
255.83	50924.24
255.90	50942.77
255.97	50972.94
256.04	50980.27
256.11	50991.16
256.18	50993.11
256.25	50976.40
256.32	50946.28
256.39	50926.60
256.46	50893.47
256.53	50863.60
256.60	50840.02
256.67	50825.28
256.74	50817.86
256.80	50806.81
256.87	50790.82
256.94	50782.27
257.01	50773.16
257.08	50768.75
257.15	50769.77
257.22	50776.03
257.29	50771.01
257.36	50768.54
257.43	50758.01
257.50	50748.70
257.57	50733.12
257.64	50736.70
257.71	50720.56
257.78	50710.99
257.85	50693.86
257.92	50689.67
257.98	50685.03
258.05	50683.58
258.12	50675.92
258.19	50659.37
258.26	50617.99
258.33	50559.50
258.40	50516.24
258.47	50484.92
258.54	50478.47
258.61	50495.00
258.68	50522.34
258.75	50552.37
258.82	50568.17
258.89	50554.57
258.95	50526.27
259.02	50496.61
259.09	50444.64
259.16	50382.49
259.23	50335.34
259.30	50294.15
259.37	50261.74
259.44	50243.65
259.51	50243.72
259.58	50252.67
259.65	50251.05
259.72	50239.94
259.79	50219.02
259.85	50182.88
259.92	50145.70
259.99	50134.58
260.06	50121.10
260.13	50103.88
260.20	50096.23
260.27	50064.70
260.34	50006.83
260.41	49949.16
260.48	49906.79
260.55	49870.54
260.62	49839.70
260.68	49811.38
260.75	49791.39
260.82	49779.57
260.89	49761.26
260.96	49751.09
261.03	49753.20
261.10	49742.18
261.17	49722.24
261.24	49696.84
261.31	49662.72
261.38	49616.02
261.44	49570.09
261.51	49524.19
261.58	49483.32
261.65	49449.97
261.72	49409.16
261.79	49372.47
261.86	49327.59
261.93	49286.32
262.00	49256.14
262.07	49230.97
262.13	49203.53
262.20	49177.52
262.27	49148.97
262.34	49120.64
262.41	49079.72
262.48	49036.55
262.55	48996.35
262.62	48942.03
262.69	48882.33
262.76	48838.60
262.82	48795.34
262.89	48744.76
262.96	48703.52
263.03	48665.79
263.10	48625.38
263.17	48578.86
263.24	48537.97
263.31	48512.79
263.38	48474.64
263.44	48451.26
263.51	48428.48
263.58	48400.83
263.65	48361.37
263.72	48315.38
263.79	48247.31
263.86	48180.27
263.93	48125.91
264.00	48075.18
264.06	48045.03
264.13	48023.65
264.20	48013.41
264.27	47986.78
264.34	47956.81
264.41	47912.11
264.48	47870.06
264.55	47827.73
264.61	47795.86
264.68	47764.91
264.75	47731.35
264.82	47670.70
264.89	47597.29
264.96	47523.97
265.03	47447.44
265.10	47389.69
265.16	47361.29
265.23	47339.28
265.30	47331.79
265.37	47319.59
265.44	47291.68
265.51	47266.89
265.58	47238.84
265.65	47189.42
265.71	47138.23
265.78	47095.43
265.85	47029.35
265.92	46970.07
265.99	46911.98
266.06	46866.90
266.13	46804.40
266.20	46770.55
266.26	46743.49
266.33	46710.56
266.40	46654.98
266.47	46603.17
266.54	46521.59
266.61	46443.33
266.68	46371.90
266.74	46315.14
266.81	46276.73
266.88	46250.88
266.95	46199.51
267.02	46163.50
267.09	46121.47
267.16	46066.79
267.22	46022.27
267.29	45998.04
267.36	45970.99
267.43	45946.16
267.50	45908.48
267.57	45866.32
267.64	45812.97
267.70	45760.00
267.77	45705.36
267.84	45670.19
267.91	45627.84
267.98	45579.01
268.05	45523.11
268.11	45466.11
268.18	45404.12
268.25	45347.85
268.32	45303.02
268.39	45250.36
268.46	45212.86
268.53	45191.82
268.59	45169.40
268.66	45144.64
268.73	45122.18
268.80	45086.58
268.87	45034.88
268.94	44992.91
269.00	44957.21
269.07	44917.67
269.14	44880.42
269.21	44836.21
269.28	44793.08
269.35	44746.44
269.41	44704.82
269.48	44660.41
269.55	44609.78
269.62	44542.92
269.69	44482.73
269.76	44415.39
269.82	44352.44
269.89	44311.39
269.96	44292.04
270.03	44265.58
270.10	44247.87
270.17	44223.90
270.23	44194.22
270.30	44155.18
270.37	44116.89
270.44	44086.32
270.51	44061.82
270.58	44031.96
270.64	43999.68
270.71	43958.79
270.78	43924.69
270.85	43882.44
270.92	43833.88
270.99	43789.23
271.05	43753.34
271.12	43697.64
271.19	43646.97
271.26	43601.55
271.33	43559.65
271.39	43516.77
271.46	43462.98
271.53	43419.92
271.60	43393.94
271.67	43368.15
271.74	43341.08
271.80	43336.27
271.87	43332.13
271.94	43298.71
272.01	43252.88
272.08	43216.08
272.14	43162.96
272.21	43119.62
272.28	43097.28
272.35	43075.21
272.42	43045.18
272.48	43040.52
272.55	43020.34
272.62	43002.14
272.69	42996.85
272.76	43002.03
272.83	42982.47
272.89	42961.86
272.96	42924.18
273.03	42873.66
273.10	42815.79
273.17	42766.74
273.23	42713.20
273.30	42676.58
273.37	42640.95
273.44	42615.47
273.51	42597.87
273.57	42591.44
273.64	42577.75
273.71	42578.02
273.78	42564.34
273.85	42545.61
273.91	42519.99
273.98	42506.30
274.05	42475.27
274.12	42448.47
274.19	42423.46
274.25	42401.76
274.32	42368.21
274.39	42329.11
274.46	42279.10
274.53	42221.19
274.59	42154.75
274.66	42098.53
274.73	42060.96
274.80	42025.00
274.86	41995.57
274.93	41978.73
275.00	41952.17
275.07	41925.63
275.14	41897.05
275.20	41860.20
275.27	41820.27
275.34	41779.29
275.41	41741.37
275.48	41728.47
275.54	41720.35
275.61	41707.24
275.68	41695.56
275.75	41670.19
275.81	41632.64
275.88	41595.31
275.95	41559.82
276.02	41523.72
276.09	41485.20
276.15	41442.15
276.22	41413.51
276.29	41392.00
276.36	41365.41
276.42	41345.14
276.49	41317.04
276.56	41263.36
276.63	41200.60
276.70	41148.22
276.76	41112.67
276.83	41090.92
276.90	41091.67
276.97	41094.91
277.03	41100.85
277.10	41089.07
277.17	41081.02
277.24	41060.91
277.30	41046.56
277.37	41018.87
277.44	40996.45
277.51	40961.27
277.58	40923.29
277.64	40885.48
277.71	40860.53
277.78	40830.79
277.85	40788.33
277.91	40747.22
277.98	40704.32
278.05	40654.97
278.12	40616.24
278.18	40584.37
278.25	40561.86
278.32	40539.73
278.39	40537.31
278.45	40530.56
278.52	40531.42
278.59	40514.91
278.66	40489.46
278.72	40451.32
278.79	40415.70
278.86	40382.33
278.93	40375.90
278.99	40363.60
279.06	40349.72
279.13	40322.02
279.20	40311.07
279.26	40284.44
279.33	40270.17
279.40	40246.62
279.47	40220.77
279.53	40181.64
279.60	40146.71
279.67	40104.67
279.74	40065.41
279.80	40039.52
279.87	40010.17
279.94	39977.22
280.01	39950.69
280.07	39923.22
280.14	39897.47
280.21	39863.52
280.28	39830.93
280.34	39789.43
280.41	39750.48
280.48	39693.73
280.55	39653.09
280.61	39623.87
280.68	39605.49
280.75	39584.96
280.82	39568.26
280.88	39537.91
280.95	39481.58
281.02	39425.19
281.08	39363.01
281.15	39293.19
281.22	39231.23
281.29	39181.17
281.35	39114.06
281.42	39059.25
281.49	39001.68
281.56	38947.74
281.62	38905.35
281.69	38876.35
281.76	38849.91
281.82	38835.81
281.89	38816.69
281.96	38783.98
282.03	38750.31
282.09	38708.02
282.16	38672.76
282.23	38630.12
282.30	38591.24
282.36	38562.26
282.43	38537.50
282.50	38519.49
282.56	38485.65
282.63	38461.31
282.70	38428.64
282.77	38405.78
282.83	38375.69
282.90	38369.67
282.97	38359.36
283.03	38345.82
283.10	38332.10
283.17	38318.03
283.24	38290.06
283.30	38256.62
283.37	38224.34
283.44	38180.72
283.50	38130.02
283.57	38085.84
283.64	38034.62
283.71	37978.29
283.77	37932.84
283.84	37910.41
283.91	37886.12
283.97	37872.40
284.04	37877.06
284.11	37860.92
284.18	37840.66
284.24	37822.71
284.31	37811.76
284.38	37798.74
284.44	37793.26
284.51	37784.91
284.58	37786.51
284.64	37777.49
284.71	37757.43
284.78	37733.94
284.85	37713.34
284.91	37689.51
284.98	37663.18
285.05	37629.65
285.11	37605.50
285.18	37571.01
285.25	37541.70
285.31	37528.11
285.38	37520.79
285.45	37515.18
285.52	37510.55
285.58	37486.94
285.65	37454.07
285.72	37423.89
285.78	37398.85
285.85	37379.36
285.92	37368.99
285.98	37354.87
286.05	37340.42
286.12	37321.59
286.18	37300.12
286.25	37282.39
286.32	37257.27
286.39	37237.15
286.45	37212.36
286.52	37183.41
286.59	37153.41
286.65	37141.16
286.72	37135.33
286.79	37135.71
286.85	37133.15
286.92	37136.18
286.99	37130.63
287.05	37111.49
287.12	37101.14
287.19	37086.63
287.25	37080.10
287.32	37071.17
287.39	37067.32
287.45	37056.86
287.52	37050.45
287.59	37036.86
287.65	37023.11
287.72	37002.97
287.79	36969.91
287.86	36939.44
287.92	36900.18
287.99	36867.79
288.06	36856.97
288.12	36839.34
288.19	36827.69
288.26	36811.65
288.32	36798.86
288.39	36770.39
288.46	36759.04
288.52	36756.92
288.59	36765.15
288.66	36771.63
288.72	36772.68
288.79	36769.67
288.86	36746.65
288.92	36720.26
288.99	36684.00
289.06	36664.71
289.12	36640.56
289.19	36633.09
289.26	36620.63
289.32	36618.40
289.39	36604.93
289.45	36600.00
289.52	36575.56
289.59	36577.18
289.65	36573.91
289.72	36558.92
289.79	36547.77
289.85	36549.40
289.92	36536.62
289.99	36522.94
290.05	36515.32
290.12	36493.62
290.19	36475.52
290.25	36445.01
290.32	36422.94
290.39	36408.88
290.45	36408.38
290.52	36399.17
290.59	36399.14
290.65	36391.87
290.72	36379.72
290.79	36361.82
290.85	36351.63
290.92	36348.35
290.98	36340.65
291.05	36340.14
291.12	36335.67
291.18	36334.41
291.25	36320.18
291.32	36310.35
291.38	36289.53
291.45	36276.04
291.52	36253.62
291.58	36236.18
291.65	36218.54
291.72	36211.02
291.78	36202.44
291.85	36181.86
291.91	36166.36
291.98	36163.46
292.05	36146.72
292.11	36126.54
292.18	36123.81
292.25	36118.30
292.31	36097.74
292.38	36095.47
292.45	36089.24
292.51	36078.33
292.58	36063.83
292.64	36058.60
292.71	36045.21
292.78	36038.83
292.84	36024.32
292.91	36013.88
292.98	36001.57
293.04	35986.12
293.11	35963.72
293.17	35955.46
293.24	35942.35
293.31	35930.79
293.37	35926.24
293.44	35917.87
293.51	35903.05
293.57	35892.46
293.64	35877.15
293.70	35865.72
293.77	35849.93
293.84	35839.54
293.90	35824.40
293.97	35816.12
294.04	35803.34
294.10	35798.33
294.17	35787.42
294.23	35779.85
294.30	35760.62
294.37	35739.18
294.43	35732.07
294.50	35720.32
294.56	35711.50
294.63	35698.85
294.70	35693.90
294.76	35685.78
294.83	35676.39
294.90	35665.65
294.96	35660.01
295.03	35643.14
295.09	35629.38
295.16	35624.43
295.23	35609.68
295.29	35601.45
295.36	35589.57
295.42	35556.73
295.49	35530.30
295.56	35524.72
295.62	35507.77
295.69	35491.37
295.75	35491.73
295.82	35486.52
295.89	35461.62
295.95	35436.70
296.02	35416.24
296.08	35390.05
296.15	35358.94
296.22	35334.81
296.28	35323.83
296.35	35314.11
296.41	35298.39
296.48	35287.33
296.55	35280.25
296.61	35268.18
296.68	35265.29
296.74	35267.97
296.81	35269.85
296.88	35259.41
296.94	35245.52
297.01	35223.66
297.07	35195.49
297.14	35174.03
297.20	35170.42
297.27	35169.67
297.34	35169.81
297.40	35179.89
297.47	35168.99
297.53	35141.97
297.60	35117.97
297.67	35089.41
297.73	35061.65
297.80	35036.92
297.86	35016.48
297.93	34992.97
298.00	34970.58
298.06	34949.99
298.13	34950.62
298.19	34940.35
298.26	34933.05
298.32	34934.21
298.39	34921.15
298.46	34889.75
298.52	34873.22
298.59	34843.38
298.65	34815.12
298.72	34791.40
298.78	34778.95
298.85	34758.61
298.92	34746.32
298.98	34720.25
299.05	34700.81
299.11	34674.46
299.18	34646.48
299.24	34614.64
299.31	34580.41
299.38	34553.57
299.44	34520.47
299.51	34503.33
299.57	34491.55
299.64	34488.64
299.70	34474.39
299.77	34461.60
299.84	34437.41
299.90	34393.27
299.97	34349.70
300.03	34319.53
300.10	34303.50
300.16	34282.35
300.23	34276.69
300.30	34266.14
300.36	34234.62
300.43	34208.47
300.49	34181.21
300.56	34156.39
300.62	34132.34
300.69	34120.65
300.75	34092.58
300.82	34065.87
300.89	34036.63
300.95	34013.50
301.02	33969.32
301.08	33937.53
301.15	33906.72
301.21	33872.97
301.28	33836.87
301.34	33818.91
301.41	33791.04
301.48	33762.79
301.54	33734.70
301.61	33709.31
301.67	33685.58
301.74	33659.11
301.80	33628.87
301.87	33594.67
301.93	33551.52
302.00	33501.46
302.06	33445.95
302.13	33399.92
302.20	33363.00
302.26	33330.76
302.33	33302.27
302.39	33271.43
302.46	33231.56
302.52	33191.77
302.59	33146.97
302.65	33101.43
302.72	33061.98
302.78	33026.33
302.85	32991.22
302.91	32958.85
302.98	32926.01
303.05	32893.15
303.11	32860.80
303.18	32819.19
303.24	32786.96
303.31	32741.63
303.37	32698.05
303.44	32660.60
303.50	32623.45
303.57	32566.43
303.63	32519.42
303.70	32473.51
303.76	32419.76
303.83	32373.14
303.89	32336.42
303.96	32292.29
304.03	32247.61
304.09	32200.25
304.16	32146.49
304.22	32088.77
304.29	32038.08
304.35	31983.57
304.42	31936.57
304.48	31888.00
304.55	31839.47
304.61	31788.27
304.68	31739.49
304.74	31682.68
304.81	31634.54
304.87	31578.30
304.94	31533.10
305.00	31490.92
305.07	31433.91
305.13	31374.40
305.20	31323.69
305.26	31266.21
305.33	31206.17
305.39	31163.22
305.46	31105.49
305.52	31057.61
305.59	31007.58
305.66	30953.36
305.72	30900.47
305.79	30856.27
305.85	30795.54
305.92	30707.97
305.98	30592.36
306.05	30450.47
306.11	30291.43
306.18	30126.38
306.24	29990.11
306.31	29917.16
306.37	29906.76
306.44	29946.01
306.50	30006.81
306.57	30069.62
306.63	30101.38
306.70	30080.60
306.76	30031.11
306.83	29968.35
306.89	29892.47
306.96	29812.43
307.02	29750.61
307.09	29696.25
307.15	29639.40
307.22	29594.88
307.28	29542.91
307.35	29478.72
307.41	29405.38
307.48	29336.23
307.54	29263.05
307.61	29202.01
307.67	29136.36
307.74	29080.49
307.80	29022.16
307.87	28966.04
307.93	28903.07
308.00	28848.92
308.06	28790.20
308.13	28726.40
308.19	28668.23
308.26	28607.55
308.32	28552.52
308.38	28492.57
308.45	28435.56
308.51	28380.21
308.58	28327.31
308.64	28265.39
308.71	28212.03
308.77	28155.75
308.84	28082.49
308.90	28020.07
308.97	27959.04
309.03	27895.26
309.10	27833.83
309.16	27768.37
309.23	27693.29
309.29	27625.12
309.36	27537.37
309.42	27459.26
309.49	27397.59
309.55	27328.90
309.62	27262.55
309.68	27220.01
309.75	27160.95
309.81	27095.98
309.88	27045.35
309.94	26984.23
310.00	26909.43
310.07	26840.35
310.13	26781.52
310.20	26708.72
310.26	26649.91
310.33	26585.01
310.39	26531.27
310.46	26467.64
310.52	26414.69
310.59	26344.10
310.65	26287.85
310.72	26224.64
310.78	26160.47
310.85	26089.77
310.91	26036.30
310.97	25977.46
311.04	25916.92
311.10	25855.80
311.17	25796.68
311.23	25731.85
311.30	25674.96
311.36	25620.99
311.43	25571.77
311.49	25519.51
311.56	25465.11
311.62	25406.11
311.69	25351.54
311.75	25299.95
311.81	25239.42
311.88	25171.78
311.94	25112.65
312.01	25059.82
312.07	24996.31
312.14	24946.19
312.20	24904.54
312.27	24857.15
312.33	24791.49
312.40	24725.60
312.46	24658.63
312.52	24596.97
312.59	24531.49
312.65	24467.89
312.72	24404.26
312.78	24341.14
312.85	24279.81
312.91	24212.96
312.98	24154.37
313.04	24106.23
313.10	24060.01
313.17	24006.58
313.23	23963.27
313.30	23913.95
313.36	23851.53
313.43	23791.35
313.49	23728.32
313.56	23665.07
313.62	23606.23
313.68	23550.22
313.75	23498.88
313.81	23455.33
313.88	23401.47
313.94	23348.88
314.01	23300.67
314.07	23245.24
314.13	23191.91
314.20	23141.25
314.26	23085.99
314.33	23027.16
314.39	22974.44
314.46	22908.39
314.52	22854.40
314.58	22802.32
314.65	22752.75
314.71	22694.92
314.78	22647.74
314.84	22594.80
314.91	22540.47
314.97	22483.17
315.03	22434.35
315.10	22378.25
315.16	22314.70
315.23	22263.29
315.29	22215.66
315.36	22161.45
315.42	22114.84
315.48	22070.36
315.55	22021.85
315.61	21966.73
315.68	21916.03
315.74	21859.23
315.81	21798.99
315.87	21735.39
315.93	21696.42
316.00	21660.64
316.06	21625.41
316.13	21598.68
316.19	21549.84
316.25	21453.58
316.32	21316.48
316.38	21143.81
316.45	20933.36
316.51	20707.93
316.58	20473.70
316.64	20237.66
316.70	20007.38
316.77	19764.43
316.83	19515.50
316.90	19269.20
316.96	19022.87
317.02	18765.38
317.09	18522.52
317.15	18284.69
317.22	18041.07
317.28	17796.63
317.34	17558.56
317.41	17314.90
317.47	17068.02
317.54	16823.48
317.60	16576.07
317.66	16329.63
317.73	16080.12
317.79	15837.67
317.86	15598.12
317.92	15355.37
317.98	15107.12
318.05	14858.05
318.11	14606.97
318.18	14360.23
318.24	14106.45
318.30	13856.27
318.37	13607.56
318.43	13349.56
318.50	13082.42
318.56	12818.29
318.62	12557.87
318.69	12292.57
318.75	12029.27
318.82	11759.36
318.88	11494.46
318.94	11216.07
319.01	10943.00
319.07	10670.07
319.13	10396.61
319.20	10119.44
319.26	9840.47
319.33	9556.55
319.39	9266.01
319.45	8989.18
319.52	8707.03
319.58	8426.64
319.65	8145.55
319.71	7865.20
319.77	7578.25
319.84	7302.96
319.90	7029.96
319.96	6756.42
320.03	6491.46
320.09	6234.26
320.16	5966.60
320.22	5709.81
320.28	5462.63
320.35	5220.52
320.41	4982.29
320.47	4759.81
320.54	4538.65
320.60	4328.64
320.67	4126.29
320.73	3928.13
320.79	3737.21
320.86	3559.30
320.92	3382.69
320.98	3218.06
321.05	3061.77
321.11	2911.10
321.18	2768.83
321.24	2637.29
321.30	2505.95
321.37	2384.45
321.43	2278.79
321.49	2174.74
321.56	2077.89
321.62	1993.07
321.68	1908.90
321.75	1825.53
321.81	1750.71
321.88	1678.25
321.94	1613.19
322.00	1553.28
322.07	1489.84
322.13	1430.09
322.19	1370.88
322.26	1308.09
322.32	1251.60
322.38	1204.55
322.45	1161.19
322.51	1117.01
322.58	1079.83
322.64	1034.37
322.70	993.67
322.77	945.29
322.83	908.96
322.89	862.94
322.96	822.48
323.02	781.16
323.08	742.18
323.15	700.96
323.21	666.21
323.27	632.44
323.34	597.82
323.40	565.25
323.46	531.59
323.53	493.01
323.59	414.43
323.65	310.37
323.72	193.86
323.78	83.32
323.85	-16.01
323.91	-66.60
323.97	-85.32
324.04	-84.92
