180.21	3428.47
180.28	-125.89
180.36	632.50
180.44	-47.94
180.51	-16.80
180.59	7.06
180.66	34.52
180.74	32.72
180.81	32.75
180.89	35.25
180.97	36.24
181.04	34.21
181.12	33.01
181.19	33.55
181.27	33.65
181.34	49.68
181.42	56.45
181.50	63.81
181.57	74.50
181.65	80.21
181.72	74.97
181.80	70.66
181.87	71.39
181.95	71.70
182.03	71.70
182.10	75.30
182.18	78.69
182.25	85.16
182.33	88.33
182.40	98.67
182.48	97.92
182.55	113.42
182.63	122.60
182.71	130.68
182.78	139.78
182.86	154.78
182.93	154.89
183.01	154.44
183.08	149.36
183.16	147.02
183.23	137.44
183.31	144.57
183.39	151.87
183.46	173.18
183.54	184.61
183.61	212.89
183.69	234.63
183.76	268.94
183.84	295.65
183.91	324.93
183.99	366.97
184.06	399.27
184.14	432.32
184.22	479.71
184.29	513.30
184.37	524.89
184.44	542.94
184.52	530.01
184.59	470.03
184.67	415.50
184.74	363.18
184.82	327.38
184.89	323.27
184.97	369.72
185.04	440.57
185.12	512.39
185.20	592.56
185.27	668.55
185.35	756.20
185.42	816.47
185.50	878.45
185.57	936.34
185.65	979.42
185.72	1018.17
185.80	1096.45
185.87	1154.51
185.95	1221.12
186.02	1337.89
186.10	1406.88
186.17	1431.34
186.25	1420.71
186.33	1276.08
186.40	1072.80
186.48	924.21
186.55	829.87
186.63	815.99
186.70	941.55
186.78	1107.05
186.85	1251.30
186.93	1377.85
187.00	1482.80
187.08	1597.08
187.15	1703.22
187.23	1828.70
187.30	1959.87
187.38	2070.68
187.45	2190.08
187.53	2327.07
187.60	2408.52
187.68	2509.33
187.75	2656.21
187.83	2727.47
187.90	2788.15
187.98	2899.37
188.05	2928.03
188.13	2784.35
188.21	2528.63
188.28	2257.58
188.36	1990.80
188.43	1796.04
188.51	1799.62
188.58	1990.94
188.66	2201.00
188.73	2404.45
188.81	2621.34
188.88	2785.19
188.96	2948.76
189.03	3087.67
189.11	3238.32
189.18	3374.64
189.26	3487.68
189.33	3604.80
189.41	3739.76
189.48	3823.50
189.56	3919.07
189.63	4052.59
189.71	4110.27
189.78	4167.53
189.86	4267.95
189.93	4315.18
190.01	4312.13
190.08	4288.05
190.16	4103.25
190.23	3731.58
190.31	3386.06
190.38	3136.83
190.46	2992.22
190.53	3037.65
190.61	3282.62
190.68	3540.58
190.76	3770.47
190.83	3970.51
190.91	4134.24
190.98	4306.55
191.06	4451.42
191.13	4600.66
191.21	4733.18
191.28	4847.96
191.35	4965.02
191.43	5081.39
191.50	5149.14
191.58	5239.97
191.65	5342.04
191.73	5383.24
191.80	5440.66
191.88	5493.93
191.95	5491.60
192.03	5493.35
192.10	5520.61
192.18	5533.71
192.25	5526.21
192.33	5428.40
192.40	5196.49
192.48	4938.21
192.55	4728.87
192.63	4586.98
192.70	4605.69
192.78	4784.36
192.85	5017.39
192.93	5225.58
193.00	5418.57
193.08	5569.79
193.15	5726.59
193.22	5835.48
193.30	5940.01
193.37	6048.43
193.45	6131.40
193.52	6200.51
193.60	6284.71
193.67	6343.13
193.75	6389.57
193.82	6450.75
193.90	6471.09
193.97	6488.77
194.05	6514.46
194.12	6526.32
194.20	6549.24
194.27	6600.08
194.34	6645.59
194.42	6680.49
194.49	6722.26
194.57	6749.94
194.64	6717.94
194.72	6624.04
194.79	6523.45
194.87	6441.45
194.94	6387.05
195.02	6402.25
195.09	6491.73
195.17	6614.98
195.24	6721.80
195.31	6821.11
195.39	6902.39
195.46	6982.25
195.54	7049.39
195.61	7112.10
195.69	7162.67
195.76	7205.82
195.84	7248.55
195.91	7277.47
195.99	7292.56
196.06	7298.82
196.13	7312.27
196.21	7316.24
196.28	7330.93
196.36	7365.16
196.43	7404.75
196.51	7449.55
196.58	7495.52
196.66	7536.34
196.73	7566.85
196.80	7596.40
196.88	7619.71
196.95	7645.77
197.03	7667.65
197.10	7672.30
197.18	7663.11
197.25	7648.38
197.33	7635.44
197.40	7634.22
197.47	7641.44
197.55	7671.71
197.62	7708.43
197.70	7740.42
197.77	7775.09
197.85	7816.45
197.92	7853.95
197.99	7888.78
198.07	7930.40
198.14	7963.06
198.22	8002.48
198.29	8030.93
198.37	8058.45
198.44	8081.04
198.51	8104.27
198.59	8123.67
198.66	8153.11
198.74	8182.30
198.81	8207.09
198.89	8222.97
198.96	8240.76
199.03	8255.69
199.11	8276.38
199.18	8294.55
199.26	8319.58
199.33	8347.75
199.41	8379.79
199.48	8407.45
199.55	8443.50
199.63	8471.02
199.70	8505.00
199.78	8526.98
199.85	8551.00
199.93	8568.21
200.00	8601.90
200.07	8623.65
200.15	8658.61
200.22	8698.44
200.30	8734.33
200.37	8765.42
200.44	8790.84
200.52	8808.26
200.59	8825.28
200.67	8844.37
200.74	8860.23
200.81	8884.89
200.89	8911.78
200.96	8942.63
201.04	8972.81
201.11	9014.66
201.19	9055.63
201.26	9098.17
201.33	9131.52
201.41	9171.85
201.48	9208.80
201.56	9244.95
201.63	9286.89
201.70	9324.75
201.78	9363.38
201.85	9399.66
201.93	9430.98
202.00	9459.04
202.07	9491.50
202.15	9520.06
202.22	9541.79
202.30	9572.18
202.37	9604.91
202.44	9645.42
202.52	9692.81
202.59	9748.28
202.67	9794.68
202.74	9843.76
202.81	9885.78
202.89	9924.05
202.96	9968.09
203.04	10023.03
203.11	10067.68
203.18	10123.73
203.26	10176.47
203.33	10221.91
203.41	10261.32
203.48	10309.06
203.55	10329.24
203.63	10354.22
203.70	10382.08
203.77	10416.71
203.85	10454.40
203.92	10512.48
204.00	10582.27
204.07	10649.25
204.14	10712.12
204.22	10765.41
204.29	10825.01
204.37	10874.81
204.44	10927.90
204.51	10987.93
204.59	11058.26
204.66	11112.39
204.73	11172.40
204.81	11228.32
204.88	11282.81
204.96	11332.05
205.03	11384.74
205.10	11428.50
205.18	11479.81
205.25	11524.71
205.32	11574.06
205.40	11628.86
205.47	11688.94
205.55	11746.20
205.62	11815.17
205.69	11887.38
205.77	11961.40
205.84	12038.89
205.91	12117.29
205.99	12191.90
206.06	12261.20
206.14	12334.70
206.21	12413.90
206.28	12486.12
206.36	12562.44
206.43	12634.25
206.50	12707.63
206.58	12774.19
206.65	12842.55
206.72	12901.56
206.80	12959.10
206.87	13012.92
206.95	13071.50
207.02	13139.04
207.09	13219.13
207.17	13314.10
207.24	13410.15
207.31	13510.16
207.39	13605.88
207.46	13697.79
207.53	13780.36
207.61	13868.65
207.68	13950.90
207.75	14040.64
207.83	14131.10
207.90	14222.24
207.98	14306.79
208.05	14404.76
208.12	14491.10
208.20	14577.35
208.27	14660.12
208.34	14745.48
208.42	14811.08
208.49	14885.52
208.56	14952.41
208.64	15036.80
208.71	15126.62
208.78	15216.75
208.86	15319.00
208.93	15430.81
209.00	15536.70
209.08	15640.97
209.15	15755.89
209.22	15867.59
209.30	15977.17
209.37	16085.55
209.44	16200.17
209.52	16305.05
209.59	16405.16
209.67	16510.15
209.74	16611.21
209.81	16716.74
209.89	16819.85
209.96	16923.09
210.03	17018.54
210.11	17118.55
210.18	17201.58
210.25	17293.58
210.33	17385.90
210.40	17489.11
210.47	17601.11
210.55	17723.35
210.62	17849.11
210.69	17970.61
210.77	18097.27
210.84	18223.77
210.91	18357.91
210.99	18484.59
211.06	18617.02
211.13	18744.22
211.21	18868.66
211.28	18979.55
211.35	19107.70
211.42	19234.67
211.50	19362.07
211.57	19482.11
211.64	19609.46
211.72	19711.29
211.79	19809.72
211.86	19903.20
211.94	20013.64
212.01	20124.49
212.08	20258.70
212.16	20392.38
212.23	20538.87
212.30	20680.26
212.38	20816.23
212.45	20951.05
212.52	21090.64
212.60	21221.43
212.67	21351.48
212.74	21486.55
212.82	21620.14
212.89	21760.65
212.96	21893.81
213.03	22031.67
213.11	22179.82
213.18	22314.22
213.25	22451.51
213.33	22585.34
213.40	22706.26
213.47	22814.79
213.55	22942.88
213.62	23059.73
213.69	23189.83
213.77	23325.07
213.84	23473.58
213.91	23622.39
213.98	23777.20
214.06	23930.69
214.13	24093.19
214.20	24236.08
214.28	24384.11
214.35	24529.02
214.42	24668.94
214.50	24806.04
214.57	24953.43
214.64	25093.84
214.72	25237.29
214.79	25383.07
214.86	25527.68
214.93	25678.46
215.01	25827.45
215.08	25970.81
215.15	26114.20
215.23	26246.67
215.30	26370.43
215.37	26490.73
215.44	26632.11
215.52	26778.64
215.59	26929.51
215.66	27085.91
215.74	27245.27
215.81	27386.74
215.88	27536.24
215.95	27681.01
216.03	27834.50
216.10	27988.27
216.17	28146.01
216.25	28295.62
216.32	28454.97
216.39	28604.93
216.46	28756.44
216.54	28903.65
216.61	29058.45
216.68	29204.63
216.76	29350.38
216.83	29493.00
216.90	29637.00
216.97	29774.79
217.05	29920.15
217.12	30056.74
217.19	30197.57
217.27	30343.63
217.34	30482.46
217.41	30618.07
217.48	30768.62
217.56	30917.12
217.63	31068.76
217.70	31220.02
217.78	31386.17
217.85	31537.50
217.92	31691.55
217.99	31844.51
218.07	31990.98
218.14	32131.26
218.21	32285.73
218.28	32430.54
218.36	32572.30
218.43	32728.15
218.50	32881.00
218.57	33020.57
218.65	33165.54
218.72	33296.53
218.79	33423.11
218.87	33537.20
218.94	33664.09
219.01	33796.99
219.08	33933.25
219.16	34080.51
219.23	34239.14
219.30	34395.69
219.37	34539.31
219.45	34697.19
219.52	34841.93
219.59	34977.58
219.66	35105.25
219.74	35244.03
219.81	35388.04
219.88	35522.75
219.95	35669.08
220.03	35821.96
220.10	35962.53
220.17	36088.48
220.24	36231.19
220.32	36359.09
220.39	36480.37
220.46	36600.86
220.53	36725.53
220.61	36838.45
220.68	36950.32
220.75	37071.84
220.82	37204.53
220.90	37333.64
220.97	37465.29
221.04	37600.12
221.11	37721.06
221.19	37840.98
221.26	37965.54
221.33	38092.87
221.40	38229.86
221.48	38368.06
221.55	38496.95
221.62	38613.26
221.69	38731.60
221.77	38851.76
221.84	38975.26
221.91	39102.85
221.98	39232.65
222.06	39364.98
222.13	39483.83
222.20	39592.03
222.27	39701.05
222.35	39812.51
222.42	39922.94
222.49	40035.92
222.56	40155.35
222.63	40262.30
222.71	40372.61
222.78	40472.49
222.85	40578.18
222.92	40692.13
223.00	40803.56
223.07	40905.66
223.14	41015.66
223.21	41123.81
223.29	41221.54
223.36	41334.08
223.43	41453.80
223.50	41574.35
223.57	41687.28
223.65	41818.05
223.72	41934.70
223.79	42043.59
223.86	42143.32
223.94	42239.60
224.01	42317.02
224.08	42402.14
224.15	42493.64
224.22	42582.10
224.30	42667.16
224.37	42759.41
224.44	42862.67
224.51	42947.08
224.59	43032.58
224.66	43123.10
224.73	43212.67
224.80	43292.51
224.87	43391.52
224.95	43493.76
225.02	43602.57
225.09	43708.25
225.16	43811.11
225.23	43903.20
225.31	43996.91
225.38	44081.75
225.45	44166.83
225.52	44251.97
225.60	44340.25
225.67	44418.45
225.74	44494.91
225.81	44564.95
225.88	44641.04
225.96	44711.71
226.03	44789.15
226.10	44872.19
226.17	44957.11
226.24	45034.50
226.32	45118.99
226.39	45201.38
226.46	45270.61
226.53	45342.14
226.60	45427.75
226.68	45519.41
226.75	45604.33
226.82	45696.55
226.89	45787.94
226.96	45866.24
227.04	45913.60
227.11	45966.02
227.18	46021.77
227.25	46069.05
227.32	46112.45
227.40	46183.81
227.47	46257.35
227.54	46334.35
227.61	46414.43
227.68	46497.03
227.76	46570.12
227.83	46644.64
227.90	46714.67
227.97	46782.53
228.04	46850.83
228.11	46905.34
228.19	46949.25
228.26	47000.35
228.33	47056.57
228.40	47097.95
228.47	47151.77
228.55	47214.41
228.62	47276.71
228.69	47337.34
228.76	47402.59
228.83	47474.40
228.90	47536.82
228.98	47591.16
229.05	47651.64
229.12	47728.11
229.19	47791.64
229.26	47854.58
229.34	47908.54
229.41	47954.41
229.48	47990.52
229.55	48036.99
229.62	48095.17
229.69	48156.39
229.77	48213.46
229.84	48272.48
229.91	48320.96
229.98	48354.75
230.05	48391.99
230.12	48434.03
230.20	48482.81
230.27	48528.29
230.34	48590.12
230.41	48654.12
230.48	48714.39
230.55	48772.09
230.63	48836.39
230.70	48895.47
230.77	48944.17
230.84	48985.34
230.91	49011.00
230.98	49047.24
231.06	49082.56
231.13	49138.38
231.20	49201.07
231.27	49269.18
231.34	49331.48
231.41	49391.18
231.49	49427.69
231.56	49476.07
231.63	49523.81
231.70	49566.63
231.77	49602.53
231.84	49637.72
231.92	49662.27
231.99	49687.11
232.06	49716.98
232.13	49749.26
232.20	49796.18
232.27	49835.99
232.34	49880.59
232.42	49911.91
232.49	49946.11
232.56	49971.68
232.63	50016.10
232.70	50047.48
232.77	50100.03
232.85	50143.48
232.92	50189.45
232.99	50216.67
233.06	50244.78
233.13	50255.09
233.20	50265.66
233.27	50273.16
233.35	50280.92
233.42	50296.01
233.49	50317.74
233.56	50352.94
233.63	50384.62
233.70	50428.18
233.77	50470.31
233.85	50507.33
233.92	50544.14
233.99	50580.60
234.06	50613.73
234.13	50640.00
234.20	50668.05
234.27	50682.32
234.35	50701.46
234.42	50706.85
234.49	50714.99
234.56	50726.29
234.63	50733.76
234.70	50739.62
234.77	50758.71
234.84	50778.80
234.92	50788.16
234.99	50801.63
235.06	50813.35
235.13	50808.88
235.20	50815.00
235.27	50827.73
235.34	50837.35
235.41	50849.31
235.49	50865.05
235.56	50868.84
235.63	50871.18
235.70	50879.14
235.77	50880.49
235.84	50888.52
235.91	50886.24
235.98	50886.42
236.06	50869.11
236.13	50854.64
236.20	50836.96
236.27	50813.57
236.34	50788.11
236.41	50778.63
236.48	50774.25
236.55	50765.92
236.63	50767.75
236.70	50769.16
236.77	50776.54
236.84	50788.86
236.91	50802.22
236.98	50804.26
237.05	50808.09
237.12	50801.34
237.19	50779.79
237.27	50766.38
237.34	50772.02
237.41	50772.58
237.48	50761.65
237.55	50760.42
237.62	50749.30
237.69	50741.39
237.76	50735.18
237.83	50751.26
237.91	50754.57
237.98	50755.35
238.05	50746.18
238.12	50736.84
238.19	50716.13
238.26	50716.02
238.33	50709.30
238.40	50703.86
238.47	50690.81
238.54	50681.12
238.62	50664.40
238.69	50654.46
238.76	50631.25
238.83	50619.47
238.90	50610.51
238.97	50592.02
239.04	50583.09
239.11	50586.86
239.18	50584.96
239.25	50576.90
239.33	50557.75
239.40	50546.11
239.47	50526.16
239.54	50497.20
239.61	50468.36
239.68	50440.32
239.75	50412.22
239.82	50396.32
239.89	50390.18
239.96	50391.25
240.03	50396.22
240.11	50402.94
240.18	50392.55
240.25	50379.66
240.32	50358.10
240.39	50346.01
240.46	50323.28
240.53	50320.56
240.60	50318.50
240.67	50316.14
240.74	50314.73
240.81	50307.05
240.88	50299.32
240.96	50284.74
241.03	50282.53
241.10	50276.68
241.17	50273.40
241.24	50270.45
241.31	50272.35
241.38	50259.74
241.45	50251.66
241.52	50244.35
241.59	50223.52
241.66	50204.16
241.73	50191.25
241.80	50175.70
241.88	50157.29
241.95	50142.39
242.02	50126.53
242.09	50098.10
242.16	50077.30
242.23	50066.08
242.30	50053.70
242.37	50044.65
242.44	50050.06
242.51	50041.54
242.58	50037.03
242.65	50036.17
242.72	50036.70
242.79	50028.36
242.87	50028.38
242.94	50017.42
243.01	50014.30
243.08	50014.20
243.15	50016.63
243.22	50013.09
243.29	50024.26
243.36	50022.39
243.43	50024.69
243.50	50043.05
243.57	50066.03
243.64	50060.69
243.71	50064.04
243.78	50058.46
243.85	50048.37
243.92	50033.30
243.99	50027.53
244.07	50018.72
244.14	50014.28
244.21	50002.35
244.28	49993.37
244.35	49984.85
244.42	49980.43
244.49	49971.55
244.56	49971.95
244.63	49976.30
244.70	49985.77
244.77	49997.34
244.84	50007.59
244.91	50015.85
244.98	50035.09
245.05	50054.34
245.12	50068.90
245.19	50089.16
245.26	50098.40
245.33	50100.74
245.40	50118.45
245.47	50144.99
245.55	50167.05
245.62	50187.47
245.69	50193.63
245.76	50195.40
245.83	50192.32
245.90	50183.55
245.97	50188.80
246.04	50206.98
246.11	50216.49
246.18	50218.73
246.25	50227.61
246.32	50224.32
246.39	50217.94
246.46	50222.41
246.53	50235.07
246.60	50249.64
246.67	50274.55
246.74	50299.12
246.81	50320.74
246.88	50337.31
246.95	50348.99
247.02	50368.54
247.09	50391.03
247.16	50393.93
247.23	50390.10
247.30	50389.02
247.37	50381.08
247.44	50381.35
247.51	50394.33
247.58	50428.58
247.66	50463.81
247.73	50501.91
247.80	50529.85
247.87	50559.92
247.94	50583.51
248.01	50618.20
248.08	50643.59
248.15	50672.62
248.22	50704.07
248.29	50727.10
248.36	50742.75
248.43	50768.95
248.50	50790.70
248.57	50801.65
248.64	50810.75
248.71	50822.21
248.78	50836.20
248.85	50850.53
248.92	50878.22
248.99	50910.07
249.06	50939.02
249.13	50956.96
249.20	50974.27
249.27	50979.46
249.34	50988.62
249.41	50999.49
249.48	50989.80
249.55	50978.38
249.62	50986.00
249.69	50996.26
249.76	51016.63
249.83	51060.35
249.90	51117.24
249.97	51158.59
250.04	51201.77
250.11	51239.56
250.18	51267.24
250.25	51279.94
250.32	51294.59
250.39	51314.50
250.46	51323.15
250.53	51341.04
250.60	51369.90
250.67	51404.61
250.74	51423.20
250.81	51434.80
250.88	51455.02
250.95	51473.50
251.02	51484.15
251.09	51506.09
251.16	51541.25
251.23	51556.97
251.30	51564.12
251.37	51575.14
251.44	51582.19
251.51	51588.68
251.58	51607.71
251.65	51628.03
251.72	51641.39
251.79	51656.93
251.86	51674.68
251.93	51690.65
252.00	51703.38
252.07	51716.37
252.14	51727.46
252.21	51732.23
252.28	51736.38
252.35	51745.77
252.42	51770.88
252.49	51779.77
252.56	51783.80
252.63	51792.59
252.70	51802.07
252.77	51806.03
252.84	51822.06
252.91	51840.19
252.98	51856.59
253.05	51867.60
253.12	51876.54
253.19	51884.62
253.25	51906.83
253.32	51916.31
253.39	51940.54
253.46	51962.06
253.53	51987.99
253.60	51997.02
253.67	52014.25
253.74	52028.01
253.81	52039.54
253.88	52045.04
253.95	52056.81
254.02	52075.01
254.09	52084.28
254.16	52097.12
254.23	52106.59
254.30	52118.78
254.37	52126.30
254.44	52137.95
254.51	52146.18
254.58	52158.53
254.65	52164.71
254.72	52171.37
254.79	52164.45
254.86	52168.35
254.93	52158.63
255.00	52160.35
255.07	52158.30
255.14	52169.79
255.21	52164.77
255.28	52166.02
255.34	52150.06
255.41	52144.37
255.48	52136.46
255.55	52135.49
255.62	52141.25
255.69	52151.40
255.76	52154.54
255.83	52157.44
255.90	52161.20
255.97	52179.71
256.04	52184.12
256.11	52192.48
256.18	52191.75
256.25	52184.03
256.32	52164.80
256.39	52170.20
256.46	52158.64
256.53	52159.28
256.60	52160.00
256.67	52162.37
256.74	52152.90
256.80	52161.12
256.87	52160.18
256.94	52160.64
257.01	52158.63
257.08	52160.05
257.15	52138.31
257.22	52125.56
257.29	52104.15
257.36	52078.12
257.43	52057.91
257.50	52058.88
257.57	52046.68
257.64	52049.65
257.71	52047.32
257.78	52042.22
257.85	52022.50
257.92	52010.46
257.98	51995.94
258.05	51986.60
258.12	51957.48
258.19	51937.33
258.26	51921.47
258.33	51900.94
258.40	51888.85
258.47	51886.37
258.54	51890.94
258.61	51885.77
258.68	51885.31
258.75	51868.67
258.82	51857.06
258.89	51830.95
258.95	51818.77
259.02	51801.01
259.09	51789.35
259.16	51772.22
259.23	51754.50
259.30	51729.62
259.37	51702.54
259.44	51681.43
259.51	51665.12
259.58	51651.56
259.65	51623.85
259.72	51606.82
259.79	51575.35
259.85	51541.67
259.92	51500.00
259.99	51478.27
260.06	51451.87
260.13	51423.84
260.20	51391.45
260.27	51361.72
260.34	51324.97
260.41	51292.32
260.48	51264.50
260.55	51253.08
260.62	51244.91
260.68	51228.20
260.75	51204.15
260.82	51188.18
260.89	51166.87
260.96	51142.16
261.03	51123.77
261.10	51097.44
261.17	51066.22
261.24	51030.04
261.31	51001.38
261.38	50971.74
261.44	50942.37
261.51	50903.15
261.58	50861.54
261.65	50817.38
261.72	50768.12
261.79	50724.10
261.86	50693.76
261.93	50670.44
262.00	50641.72
262.07	50616.16
262.13	50586.36
262.20	50552.34
262.27	50502.64
262.34	50465.36
262.41	50432.19
262.48	50396.28
262.55	50367.22
262.62	50346.94
262.69	50307.84
262.76	50269.47
262.82	50243.73
262.89	50211.11
262.96	50177.96
263.03	50150.39
263.10	50122.26
263.17	50086.38
263.24	50044.50
263.31	50004.35
263.38	49970.15
263.44	49930.96
263.51	49882.38
263.58	49835.71
263.65	49794.54
263.72	49746.00
263.79	49700.91
263.86	49662.59
263.93	49626.97
264.00	49583.80
264.06	49548.75
264.13	49505.79
264.20	49473.72
264.27	49436.03
264.34	49393.45
264.41	49351.87
264.48	49312.25
264.55	49263.19
264.61	49212.89
264.68	49170.11
264.75	49131.44
264.82	49083.73
264.89	49044.15
264.96	49009.21
265.03	48972.05
265.10	48932.55
265.16	48898.44
265.23	48857.40
265.30	48828.70
265.37	48795.90
265.44	48751.50
265.51	48708.74
265.58	48667.30
265.65	48608.00
265.71	48559.40
265.78	48516.15
265.85	48469.94
265.92	48422.67
265.99	48384.12
266.06	48339.54
266.13	48289.79
266.20	48250.23
266.26	48212.41
266.33	48170.68
266.40	48123.60
266.47	48073.35
266.54	48009.78
266.61	47944.27
266.68	47888.57
266.74	47830.55
266.81	47777.40
266.88	47733.52
266.95	47679.85
267.02	47632.00
267.09	47585.43
267.16	47542.02
267.22	47500.03
267.29	47473.45
267.36	47433.59
267.43	47397.57
267.50	47366.28
267.57	47341.85
267.64	47306.65
267.70	47272.61
267.77	47234.42
267.84	47191.93
267.91	47132.65
267.98	47079.18
268.05	47022.69
268.11	46972.10
268.18	46917.26
268.25	46874.30
268.32	46824.30
268.39	46782.42
268.46	46740.97
268.53	46709.85
268.59	46671.45
268.66	46641.82
268.73	46605.81
268.80	46569.06
268.87	46518.58
268.94	46477.46
269.00	46432.96
269.07	46390.74
269.14	46359.67
269.21	46327.35
269.28	46284.45
269.35	46243.06
269.41	46201.47
269.48	46144.99
269.55	46094.39
269.62	46046.47
269.69	46009.00
269.76	45962.39
269.82	45915.90
269.89	45884.94
269.96	45862.85
270.03	45823.94
270.10	45794.67
270.17	45763.16
270.23	45719.90
270.30	45670.44
270.37	45639.55
270.44	45602.92
270.51	45571.44
270.58	45535.90
270.64	45504.50
270.71	45464.96
270.78	45430.71
270.85	45387.05
270.92	45357.21
270.99	45319.30
271.05	45284.49
271.12	45244.65
271.19	45209.73
271.26	45162.75
271.33	45127.04
271.39	45087.74
271.46	45041.31
271.53	45009.52
271.60	44987.15
271.67	44960.64
271.74	44930.60
271.80	44910.15
271.87	44886.44
271.94	44851.97
272.01	44815.06
272.08	44782.69
272.14	44741.73
272.21	44709.47
272.28	44685.56
272.35	44665.65
272.42	44639.89
272.48	44627.59
272.55	44602.11
272.62	44574.39
272.69	44548.60
272.76	44532.86
272.83	44500.00
272.89	44469.58
272.96	44441.44
273.03	44405.30
273.10	44363.40
273.17	44336.33
273.23	44308.48
273.30	44288.54
273.37	44269.27
273.44	44245.00
273.51	44228.05
273.57	44209.26
273.64	44176.16
273.71	44151.57
273.78	44128.10
273.85	44104.51
273.91	44080.85
273.98	44066.55
274.05	44048.58
274.12	44036.19
274.19	44019.16
274.25	43999.47
274.32	43975.28
274.39	43942.57
274.46	43894.87
274.53	43843.99
274.59	43792.69
274.66	43753.51
274.73	43730.55
274.80	43714.58
274.86	43699.32
274.93	43683.27
275.00	43651.80
275.07	43607.73
275.14	43572.06
275.20	43538.80
275.27	43509.60
275.34	43486.96
275.41	43474.00
275.48	43460.32
275.54	43442.04
275.61	43427.02
275.68	43409.00
275.75	43379.65
275.81	43338.41
275.88	43306.92
275.95	43277.52
276.02	43247.71
276.09	43221.80
276.15	43201.59
276.22	43180.80
276.29	43155.01
276.36	43126.89
276.42	43101.14
276.49	43080.25
276.56	43051.05
276.63	43026.11
276.70	43001.16
276.76	42980.41
276.83	42960.95
276.90	42941.68
276.97	42925.35
277.03	42908.84
277.10	42888.14
277.17	42870.74
277.24	42857.56
277.30	42839.27
277.37	42815.30
277.44	42795.29
277.51	42776.85
277.58	42749.64
277.64	42725.95
277.71	42714.98
277.78	42695.05
277.85	42661.57
277.91	42631.81
277.98	42604.85
278.05	42566.37
278.12	42545.57
278.18	42527.37
278.25	42514.07
278.32	42491.36
278.39	42479.75
278.45	42464.75
278.52	42450.50
278.59	42430.67
278.66	42414.49
278.72	42401.73
278.79	42374.75
278.86	42351.47
278.93	42341.24
278.99	42321.34
279.06	42293.60
279.13	42272.03
279.20	42254.32
279.26	42225.34
279.33	42209.30
279.40	42186.90
279.47	42165.05
279.53	42133.18
279.60	42105.73
279.67	42074.46
279.74	42046.91
279.80	42023.02
279.87	42014.30
279.94	42002.06
280.01	41991.28
280.07	41973.76
280.14	41951.50
280.21	41921.50
280.28	41891.90
280.34	41859.38
280.41	41833.75
280.48	41810.15
280.55	41784.32
280.61	41757.89
280.68	41734.93
280.75	41710.72
280.82	41674.54
280.88	41644.60
280.95	41595.37
281.02	41534.94
281.08	41463.63
281.15	41395.48
281.22	41326.64
281.29	41278.40
281.35	41229.34
281.42	41198.02
281.49	41168.19
281.56	41133.82
281.62	41098.09
281.69	41065.15
281.76	41024.75
281.82	40992.01
281.89	40960.52
281.96	40926.49
282.03	40897.42
282.09	40876.09
282.16	40849.95
282.23	40824.34
282.30	40801.40
282.36	40784.42
282.43	40761.67
282.50	40749.58
282.56	40724.51
282.63	40703.73
282.70	40681.69
282.77	40676.07
282.83	40654.90
282.90	40637.16
282.97	40618.20
283.03	40593.63
283.10	40553.86
283.17	40523.78
283.24	40497.03
283.30	40469.39
283.37	40439.70
283.44	40414.03
283.50	40384.77
283.57	40363.28
283.64	40335.78
283.71	40302.60
283.77	40259.59
283.84	40230.10
283.91	40193.00
283.97	40166.84
284.04	40171.77
284.11	40183.44
284.18	40193.23
284.24	40210.02
284.31	40214.20
284.38	40201.10
284.44	40184.82
284.51	40158.70
284.58	40139.17
284.64	40135.73
284.71	40126.95
284.78	40113.08
284.85	40111.64
284.91	40099.16
284.98	40072.97
285.05	40047.61
285.11	40031.66
285.18	40007.92
285.25	39985.20
285.31	39980.86
285.38	39980.42
285.45	39977.25
285.52	39975.92
285.58	39973.20
285.65	39952.62
285.72	39929.26
285.78	39908.14
285.85	39887.46
285.92	39869.00
285.98	39857.11
286.05	39850.41
286.12	39843.54
286.18	39835.45
286.25	39836.37
286.32	39833.03
286.39	39830.53
286.45	39827.17
286.52	39810.13
286.59	39786.53
286.65	39777.52
286.72	39766.47
286.79	39753.69
286.85	39755.87
286.92	39756.70
286.99	39748.12
287.05	39725.13
287.12	39721.66
287.19	39715.01
287.25	39714.08
287.32	39711.84
287.39	39727.01
287.45	39722.65
287.52	39711.35
287.59	39699.64
287.65	39694.75
287.72	39680.22
287.79	39667.41
287.86	39660.51
287.92	39647.45
287.99	39634.01
288.06	39629.01
288.12	39623.21
288.19	39621.16
288.26	39611.34
288.32	39601.58
288.39	39589.52
288.46	39592.56
288.52	39587.42
288.59	39594.39
288.66	39596.22
288.72	39597.12
288.79	39595.30
288.86	39597.52
288.92	39602.08
288.99	39599.30
289.06	39599.86
289.12	39593.37
289.19	39591.83
289.26	39588.88
289.32	39591.16
289.39	39594.34
289.45	39602.44
289.52	39596.82
289.59	39594.60
289.65	39604.17
289.72	39606.59
289.79	39614.06
289.85	39628.03
289.92	39638.51
289.99	39640.35
290.05	39641.27
290.12	39629.90
290.19	39622.45
290.25	39610.67
290.32	39605.88
290.39	39607.74
290.45	39611.31
290.52	39622.40
290.59	39637.36
290.65	39639.44
290.72	39636.85
290.79	39638.25
290.85	39641.17
290.92	39651.69
290.98	39663.02
291.05	39676.00
291.12	39686.22
291.18	39697.89
291.25	39696.63
291.32	39692.73
291.38	39692.46
291.45	39689.05
291.52	39680.51
291.58	39687.49
291.65	39701.07
291.72	39719.87
291.78	39749.40
291.85	39766.48
291.91	39774.53
291.98	39795.52
292.05	39800.38
292.11	39805.08
292.18	39821.88
292.25	39826.88
292.31	39818.36
292.38	39822.93
292.45	39819.56
292.51	39822.52
292.58	39827.99
292.64	39835.90
292.71	39841.20
292.78	39856.12
292.84	39856.65
292.91	39871.32
292.98	39885.96
293.04	39894.33
293.11	39898.52
293.17	39904.23
293.24	39910.84
293.31	39917.39
293.37	39933.83
293.44	39947.82
293.51	39965.94
293.57	39972.38
293.64	39982.42
293.70	39995.06
293.77	40006.99
293.84	40014.60
293.90	40023.30
293.97	40029.40
294.04	40028.21
294.10	40029.42
294.17	40045.63
294.23	40060.66
294.30	40072.18
294.37	40093.19
294.43	40113.23
294.50	40114.90
294.56	40126.20
294.63	40144.01
294.70	40151.53
294.76	40166.04
294.83	40181.60
294.90	40197.91
294.96	40217.51
295.03	40236.43
295.09	40251.48
295.16	40272.24
295.23	40283.15
295.29	40286.74
295.36	40297.05
295.42	40297.76
295.49	40306.51
295.56	40332.50
295.62	40358.25
295.69	40370.20
295.75	40389.41
295.82	40404.40
295.89	40403.37
295.95	40398.36
296.02	40403.85
296.08	40404.55
296.15	40402.50
296.22	40413.65
296.28	40436.28
296.35	40458.36
296.41	40478.58
296.48	40505.05
296.55	40528.74
296.61	40543.16
296.68	40562.21
296.74	40593.64
296.81	40620.43
296.88	40640.72
296.94	40663.59
297.01	40683.63
297.07	40693.96
297.14	40705.96
297.20	40717.30
297.27	40730.70
297.34	40747.63
297.40	40766.71
297.47	40777.91
297.53	40790.57
297.60	40807.92
297.67	40816.53
297.73	40829.19
297.80	40839.15
297.86	40845.56
297.93	40855.90
298.00	40875.58
298.06	40888.03
298.13	40911.15
298.19	40932.56
298.26	40943.80
298.32	40952.23
298.39	40964.76
298.46	40969.22
298.52	40989.17
298.59	41005.50
298.65	41018.27
298.72	41035.05
298.78	41055.06
298.85	41063.20
298.92	41077.52
298.98	41098.51
299.05	41114.45
299.11	41130.56
299.18	41138.88
299.24	41154.65
299.31	41159.76
299.38	41166.82
299.44	41172.02
299.51	41193.35
299.57	41203.45
299.64	41219.98
299.70	41230.48
299.77	41239.23
299.84	41239.44
299.90	41237.84
299.97	41233.37
300.03	41235.61
300.10	41251.64
300.16	41264.29
300.23	41283.25
300.30	41299.57
300.36	41308.30
300.43	41318.26
300.49	41335.73
300.56	41347.46
300.62	41372.05
300.69	41395.82
300.75	41411.74
300.82	41422.81
300.89	41434.40
300.95	41438.71
301.02	41436.50
301.08	41436.13
301.15	41433.39
301.21	41429.46
301.28	41430.14
301.34	41440.19
301.41	41441.33
301.48	41442.34
301.54	41443.22
301.61	41440.97
301.67	41440.95
301.74	41445.36
301.80	41447.76
301.87	41451.32
301.93	41441.81
302.00	41432.57
302.06	41421.55
302.13	41406.17
302.20	41393.76
302.26	41392.58
302.33	41389.14
302.39	41379.13
302.46	41378.61
302.52	41379.05
302.59	41375.96
302.65	41375.46
302.72	41376.32
302.78	41374.86
302.85	41372.06
302.91	41367.45
302.98	41358.94
303.05	41350.22
303.11	41345.81
303.18	41334.07
303.24	41327.51
303.31	41309.34
303.37	41296.61
303.44	41281.84
303.50	41265.99
303.57	41244.93
303.63	41238.76
303.70	41229.20
303.76	41211.23
303.83	41198.83
303.89	41191.45
303.96	41178.29
304.03	41159.33
304.09	41143.29
304.16	41120.20
304.22	41093.36
304.29	41066.70
304.35	41041.05
304.42	41017.60
304.48	40997.35
304.55	40974.72
304.61	40955.12
304.68	40942.55
304.74	40926.98
304.81	40912.29
304.87	40882.13
304.94	40860.28
305.00	40827.72
305.07	40798.90
305.13	40764.15
305.20	40744.46
305.26	40713.88
305.33	40693.45
305.39	40667.88
305.46	40638.52
305.52	40615.03
305.59	40594.13
305.66	40561.32
305.72	40530.08
305.79	40502.29
305.85	40466.71
305.92	40413.60
305.98	40302.60
306.05	40090.02
306.11	39794.59
306.18	39504.35
306.24	39312.35
306.31	39279.12
306.37	39397.78
306.44	39630.09
306.50	39857.34
306.57	40005.68
306.63	40059.72
306.70	40048.71
306.76	40007.99
306.83	39965.25
306.89	39908.55
306.96	39858.43
307.02	39819.15
307.09	39778.64
307.15	39740.06
307.22	39716.81
307.28	39676.76
307.35	39635.76
307.41	39590.08
307.48	39546.49
307.54	39493.28
307.61	39444.86
307.67	39387.14
307.74	39341.37
307.80	39292.94
307.87	39245.07
307.93	39199.14
308.00	39165.90
308.06	39122.57
308.13	39071.32
308.19	39021.19
308.26	38975.55
308.32	38932.55
308.38	38895.19
308.45	38865.64
308.51	38829.50
308.58	38770.25
308.64	38698.86
308.71	38637.88
308.77	38576.13
308.84	38517.35
308.90	38492.80
308.97	38473.40
309.03	38449.43
309.10	38407.88
309.16	38361.48
309.23	38299.00
309.29	38232.92
309.36	38154.41
309.42	38083.59
309.49	38020.18
309.55	37948.03
309.62	37880.29
309.68	37827.91
309.75	37770.00
309.81	37712.06
309.88	37669.36
309.94	37612.45
310.00	37550.09
310.07	37494.98
310.13	37443.59
310.20	37379.91
310.26	37331.73
310.33	37274.77
310.39	37225.61
310.46	37171.57
310.52	37116.51
310.59	37068.95
310.65	37027.40
310.72	36973.12
310.78	36908.80
310.85	36848.13
310.91	36786.62
310.97	36730.00
311.04	36675.35
311.10	36622.14
311.17	36572.57
311.23	36519.76
311.30	36460.19
311.36	36405.75
311.43	36365.46
311.49	36310.34
311.56	36251.30
311.62	36193.67
311.69	36132.30
311.75	36071.89
311.81	36012.30
311.88	35948.56
311.94	35889.34
312.01	35846.49
312.07	35796.53
312.14	35752.20
312.20	35714.05
312.27	35663.31
312.33	35590.52
312.40	35515.55
312.46	35446.39
312.52	35377.30
312.59	35314.71
312.65	35251.83
312.72	35186.84
312.78	35120.32
312.85	35048.33
312.91	34968.97
312.98	34903.20
313.04	34846.95
313.10	34784.87
313.17	34730.38
313.23	34685.39
313.30	34635.08
313.36	34568.52
313.43	34503.51
313.49	34435.67
313.56	34362.37
313.62	34291.87
313.68	34228.92
313.75	34176.09
313.81	34116.40
313.88	34052.09
313.94	33993.00
314.01	33939.98
314.07	33878.55
314.13	33821.99
314.20	33765.69
314.26	33703.20
314.33	33631.85
314.39	33561.67
314.46	33482.26
314.52	33410.48
314.58	33341.05
314.65	33276.75
314.71	33208.71
314.78	33148.16
314.84	33088.56
314.91	33025.32
314.97	32959.32
315.03	32895.62
315.10	32841.70
315.16	32773.17
315.23	32709.70
315.29	32648.02
315.36	32586.94
315.42	32514.31
315.48	32451.60
315.55	32386.74
315.61	32311.62
315.68	32250.53
315.74	32194.79
315.81	32128.03
315.87	32052.91
315.93	32001.82
316.00	31956.96
316.06	31907.66
316.13	31883.37
316.19	31842.69
316.25	31743.06
316.32	31577.05
316.38	31356.97
316.45	31073.63
316.51	30756.75
316.58	30419.44
316.64	30068.45
316.70	29708.16
316.77	29321.04
316.83	28912.82
316.90	28487.61
316.96	28050.24
317.02	27597.12
317.09	27135.69
317.15	26662.30
317.22	26178.36
317.28	25679.05
317.34	25160.17
317.41	24633.58
317.47	24102.37
317.54	23557.85
317.60	22998.70
317.66	22437.38
317.73	21866.99
317.79	21287.35
317.86	20711.31
317.92	20133.98
317.98	19544.87
318.05	18949.55
318.11	18354.85
318.18	17768.55
318.24	17176.94
318.30	16592.54
318.37	16008.67
318.43	15424.08
318.50	14829.56
318.56	14241.85
318.62	13667.75
318.69	13103.80
318.75	12552.00
318.82	12005.09
318.88	11480.85
318.94	10959.73
319.01	10450.39
319.07	9959.69
319.13	9481.63
319.20	9008.94
319.26	8546.57
319.33	8100.56
319.39	7658.27
319.45	7245.84
319.52	6848.84
319.58	6469.79
319.65	6104.21
319.71	5757.15
319.77	5419.63
319.84	5101.85
319.90	4803.92
319.96	4517.29
320.03	4246.99
320.09	3995.36
320.16	3749.81
320.22	3521.78
320.28	3313.53
320.35	3117.25
320.41	2932.05
320.47	2768.00
320.54	2607.36
320.60	2463.72
320.67	2333.44
320.73	2211.18
320.79	2094.82
320.86	1999.36
320.92	1904.70
320.98	1821.71
321.05	1744.28
321.11	1672.68
321.18	1604.94
321.24	1545.74
321.30	1485.02
321.37	1434.47
321.43	1395.56
321.49	1355.24
321.56	1317.40
321.62	1287.67
321.68	1253.62
321.75	1219.44
321.81	1189.75
321.88	1161.96
321.94	1136.71
322.00	1115.82
322.07	1088.38
322.13	1060.79
322.19	1030.91
322.26	997.54
322.32	966.80
322.38	941.17
322.45	919.76
322.51	895.85
322.58	876.81
322.64	849.55
322.70	825.31
322.77	793.51
322.83	772.51
322.89	740.86
322.96	713.98
323.02	686.37
323.08	659.09
323.15	628.87
323.21	604.04
323.27	580.08
323.34	554.76
323.40	531.62
323.46	506.44
323.53	476.48
323.59	402.60
323.65	302.71
323.72	189.14
323.78	80.65
323.85	-18.31
323.91	-67.77
323.97	-86.45
324.04	-86.23
