180.21	3421.50
180.28	-124.91
180.36	631.77
180.44	-47.03
180.51	-15.80
180.59	8.06
180.66	35.94
180.74	34.36
180.81	34.60
180.89	37.26
180.97	38.87
181.04	37.51
181.12	36.86
181.19	38.03
181.27	39.43
181.34	56.78
181.42	64.06
181.50	71.71
181.57	82.86
181.65	87.64
181.72	81.53
181.80	77.32
181.87	78.94
181.95	81.19
182.03	84.22
182.10	91.21
182.18	99.00
182.25	111.63
182.33	122.39
182.40	140.61
182.48	147.41
182.55	171.02
182.63	187.73
182.71	202.48
182.78	219.26
182.86	237.09
182.93	232.18
183.01	221.83
183.08	205.41
183.16	192.55
183.23	179.45
183.31	191.26
183.39	208.90
183.46	244.14
183.54	270.66
183.61	315.86
183.69	354.28
183.76	407.61
183.84	450.94
183.91	499.30
183.99	555.44
184.06	599.75
184.14	647.29
184.22	702.73
184.29	733.82
184.37	742.76
184.44	749.15
184.52	699.76
184.59	603.43
184.67	520.88
184.74	445.62
184.82	399.84
184.89	410.32
184.97	479.84
185.04	572.13
185.12	665.72
185.20	766.36
185.27	862.57
185.35	964.39
185.42	1032.26
185.50	1105.32
185.57	1162.91
185.65	1208.33
185.72	1260.10
185.80	1344.10
185.87	1410.00
185.95	1500.69
186.02	1615.81
186.10	1664.20
186.17	1663.91
186.25	1590.65
186.33	1388.03
186.40	1160.66
186.48	1006.16
186.55	925.25
186.63	952.37
186.70	1110.32
186.78	1286.65
186.85	1439.25
186.93	1566.96
187.00	1686.12
187.08	1805.42
187.15	1922.55
187.23	2058.90
187.30	2188.85
187.38	2306.63
187.45	2436.38
187.53	2565.59
187.60	2649.59
187.68	2766.71
187.75	2892.11
187.83	2954.79
187.90	3021.42
187.98	3099.82
188.05	3062.51
188.13	2862.07
188.21	2569.49
188.28	2281.52
188.36	2022.61
188.43	1878.88
188.51	1940.34
188.58	2156.62
188.66	2369.43
188.73	2583.65
188.81	2792.64
188.88	2957.13
188.96	3113.58
189.03	3257.42
189.11	3402.91
189.18	3529.27
189.26	3639.81
189.33	3757.42
189.41	3877.27
189.48	3961.14
189.56	4067.73
189.63	4184.61
189.71	4239.78
189.78	4305.75
189.86	4386.67
189.93	4414.65
190.01	4389.91
190.08	4307.31
190.16	4051.46
190.23	3668.98
190.31	3341.43
190.38	3122.48
190.46	3032.08
190.53	3137.92
190.61	3394.73
190.68	3637.82
190.76	3858.11
190.83	4044.16
190.91	4209.48
190.98	4371.35
191.06	4520.34
191.13	4666.89
191.21	4797.83
191.28	4911.53
191.35	5030.14
191.43	5133.12
191.50	5201.00
191.58	5288.53
191.65	5368.55
191.73	5398.46
191.80	5441.26
191.88	5466.95
191.95	5456.93
192.03	5456.52
192.10	5475.90
192.18	5472.69
192.25	5431.50
192.33	5288.02
192.40	5045.38
192.48	4806.17
192.55	4629.21
192.63	4541.83
192.70	4616.31
192.78	4816.56
192.85	5039.46
192.93	5239.51
193.00	5413.61
193.08	5559.48
193.15	5696.71
193.22	5797.55
193.30	5883.77
193.37	5967.72
193.45	6022.96
193.52	6073.87
193.60	6137.18
193.67	6188.24
193.75	6239.35
193.82	6297.99
193.90	6329.42
193.97	6363.96
194.05	6403.25
194.12	6432.17
194.20	6473.41
194.27	6524.33
194.34	6562.63
194.42	6588.01
194.49	6616.88
194.57	6619.65
194.64	6562.31
194.72	6457.91
194.79	6354.26
194.87	6257.60
194.94	6189.43
195.02	6187.56
195.09	6253.09
195.17	6347.70
195.24	6445.60
195.31	6548.78
195.39	6655.90
195.46	6757.65
195.54	6847.77
195.61	6932.73
195.69	7000.18
195.76	7053.59
195.84	7099.13
195.91	7126.04
195.99	7133.53
196.06	7140.80
196.13	7149.46
196.21	7149.51
196.28	7153.59
196.36	7161.76
196.43	7150.11
196.51	7131.32
196.58	7117.92
196.66	7114.54
196.73	7132.66
196.80	7175.26
196.88	7234.02
196.95	7303.91
197.03	7370.02
197.10	7408.26
197.18	7433.36
197.25	7443.04
197.33	7449.51
197.40	7460.52
197.47	7472.69
197.55	7494.21
197.62	7522.73
197.70	7545.17
197.77	7566.89
197.85	7593.27
197.92	7604.27
197.99	7594.67
198.07	7559.77
198.14	7510.55
198.22	7484.65
198.29	7492.10
198.37	7543.68
198.44	7633.58
198.51	7741.52
198.59	7838.21
198.66	7921.62
198.74	7981.18
198.81	8026.04
198.89	8054.78
198.96	8076.76
199.03	8089.07
199.11	8105.18
199.18	8110.64
199.26	8121.33
199.33	8139.97
199.41	8155.51
199.48	8140.42
199.55	8105.85
199.63	8052.57
199.70	8002.18
199.78	7959.25
199.85	7974.08
199.93	8042.97
200.00	8153.96
200.07	8264.32
200.15	8384.34
200.22	8477.86
200.30	8543.12
200.37	8591.82
200.44	8627.55
200.52	8655.06
200.59	8683.89
200.67	8705.63
200.74	8712.08
200.81	8716.29
200.89	8711.03
200.96	8715.99
201.04	8716.05
201.11	8710.80
201.19	8688.86
201.26	8672.70
201.33	8648.52
201.41	8656.70
201.48	8706.22
201.56	8795.66
201.63	8908.59
201.70	9017.36
201.78	9113.84
201.85	9195.28
201.93	9257.46
202.00	9300.40
202.07	9338.21
202.15	9368.92
202.22	9391.52
202.30	9420.72
202.37	9448.48
202.44	9475.76
202.52	9504.68
202.59	9526.09
202.67	9538.87
202.74	9557.26
202.81	9569.25
202.89	9558.53
202.96	9560.93
203.04	9597.07
203.11	9642.31
203.18	9722.64
203.26	9835.99
203.33	9944.60
203.41	10026.30
203.48	10100.10
203.55	10136.65
203.63	10171.11
203.70	10212.04
203.77	10252.21
203.85	10293.52
203.92	10345.58
204.00	10404.35
204.07	10456.33
204.14	10514.12
204.22	10558.03
204.29	10607.38
204.37	10639.12
204.44	10667.28
204.51	10695.84
204.59	10728.76
204.66	10757.58
204.73	10807.72
204.81	10873.70
204.88	10954.20
204.96	11041.70
205.03	11130.91
205.10	11207.91
205.18	11273.32
205.25	11321.04
205.32	11376.14
205.40	11432.10
205.47	11487.70
205.55	11551.11
205.62	11620.62
205.69	11686.92
205.77	11756.84
205.84	11832.11
205.91	11906.41
205.99	11975.56
206.06	12035.18
206.14	12095.35
206.21	12160.73
206.28	12215.11
206.36	12268.59
206.43	12331.01
206.50	12403.39
206.58	12473.52
206.65	12551.70
206.72	12636.26
206.80	12709.27
206.87	12773.31
206.95	12839.69
207.02	12915.07
207.09	12994.80
207.17	13088.30
207.24	13183.46
207.31	13275.37
207.39	13364.84
207.46	13450.89
207.53	13530.91
207.61	13616.93
207.68	13697.91
207.75	13782.61
207.83	13867.06
207.90	13949.26
207.98	14016.94
208.05	14093.11
208.12	14163.66
208.20	14240.16
208.27	14323.20
208.34	14412.75
208.42	14493.18
208.49	14575.97
208.56	14654.02
208.64	14736.40
208.71	14823.78
208.78	14913.82
208.86	15016.80
208.93	15119.29
209.00	15227.64
209.08	15338.71
209.15	15454.02
209.22	15562.77
209.30	15674.29
209.37	15774.54
209.44	15879.01
209.52	15978.55
209.59	16074.41
209.67	16175.73
209.74	16275.40
209.81	16376.37
209.89	16472.56
209.96	16567.35
210.03	16658.21
210.11	16747.25
210.18	16824.85
210.25	16913.93
210.33	17008.65
210.40	17107.30
210.47	17222.36
210.55	17352.71
210.62	17481.55
210.69	17599.13
210.77	17726.47
210.84	17845.06
210.91	17966.49
210.99	18083.61
211.06	18209.78
211.13	18331.11
211.21	18459.39
211.28	18575.58
211.35	18700.72
211.42	18829.60
211.50	18947.53
211.57	19060.91
211.64	19170.26
211.72	19268.09
211.79	19354.07
211.86	19446.77
211.94	19553.36
212.01	19667.61
212.08	19798.67
212.16	19930.79
212.23	20070.68
212.30	20206.14
212.38	20338.49
212.45	20471.28
212.52	20606.43
212.60	20737.03
212.67	20865.52
212.74	20996.07
212.82	21122.00
212.89	21255.41
212.96	21383.16
213.03	21513.23
213.11	21649.20
213.18	21780.41
213.25	21909.24
213.33	22038.11
213.40	22155.76
213.47	22275.89
213.55	22398.26
213.62	22515.95
213.69	22637.14
213.77	22771.14
213.84	22901.10
213.91	23044.49
213.98	23195.79
214.06	23346.05
214.13	23496.79
214.20	23643.66
214.28	23790.13
214.35	23928.60
214.42	24071.70
214.50	24208.58
214.57	24347.60
214.64	24480.95
214.72	24621.37
214.79	24760.73
214.86	24898.12
214.93	25035.68
215.01	25174.14
215.08	25310.05
215.15	25439.59
215.23	25565.01
215.30	25691.28
215.37	25811.51
215.44	25952.69
215.52	26097.41
215.59	26246.48
215.66	26395.16
215.74	26546.81
215.81	26681.16
215.88	26827.21
215.95	26966.11
216.03	27109.71
216.10	27258.68
216.17	27411.47
216.25	27559.16
216.32	27718.57
216.39	27874.30
216.46	28022.72
216.54	28170.79
216.61	28317.98
216.68	28460.13
216.76	28598.05
216.83	28730.64
216.90	28857.31
216.97	28989.91
217.05	29123.62
217.12	29257.03
217.19	29395.06
217.27	29538.78
217.34	29673.50
217.41	29805.68
217.48	29941.88
217.56	30086.81
217.63	30234.69
217.70	30386.42
217.78	30542.89
217.85	30695.26
217.92	30842.14
217.99	30988.65
218.07	31128.71
218.14	31264.02
218.21	31412.33
218.28	31555.47
218.36	31689.45
218.43	31837.89
218.50	31988.79
218.57	32125.46
218.65	32264.78
218.72	32398.59
218.79	32513.81
218.87	32634.26
218.94	32759.06
219.01	32888.11
219.08	33022.36
219.16	33169.67
219.23	33314.42
219.30	33466.31
219.37	33611.33
219.45	33759.56
219.52	33906.01
219.59	34044.85
219.66	34170.20
219.74	34298.70
219.81	34445.33
219.88	34567.33
219.95	34705.16
220.03	34854.69
220.10	34994.15
220.17	35120.38
220.24	35259.26
220.32	35387.31
220.39	35502.13
220.46	35619.47
220.53	35730.86
220.61	35846.20
220.68	35955.30
220.75	36070.04
220.82	36202.22
220.90	36329.22
220.97	36457.86
221.04	36582.57
221.11	36705.40
221.19	36824.56
221.26	36945.01
221.33	37070.60
221.40	37204.71
221.48	37337.98
221.55	37456.80
221.62	37571.49
221.69	37686.81
221.77	37802.98
221.84	37922.91
221.91	38041.98
221.98	38169.13
222.06	38293.48
222.13	38418.49
222.20	38527.79
222.27	38646.22
222.35	38759.92
222.42	38868.59
222.49	38973.91
222.56	39088.73
222.63	39190.16
222.71	39297.64
222.78	39406.53
222.85	39507.17
222.92	39623.26
223.00	39737.66
223.07	39847.90
223.14	39953.91
223.21	40062.80
223.29	40150.54
223.36	40258.78
223.43	40365.57
223.50	40470.98
223.57	40585.02
223.65	40716.59
223.72	40829.19
223.79	40939.06
223.86	41046.02
223.94	41142.58
224.01	41221.75
224.08	41301.69
224.15	41386.35
224.22	41468.79
224.30	41550.71
224.37	41645.48
224.44	41749.44
224.51	41840.76
224.59	41926.85
224.66	42019.72
224.73	42106.77
224.80	42194.72
224.87	42285.47
224.95	42389.56
225.02	42496.49
225.09	42603.15
225.16	42700.99
225.23	42800.14
225.31	42893.21
225.38	42973.69
225.45	43049.17
225.52	43131.51
225.60	43211.56
225.67	43288.75
225.74	43366.60
225.81	43447.77
225.88	43530.07
225.96	43608.96
226.03	43682.25
226.10	43764.37
226.17	43847.70
226.24	43927.60
226.32	44008.94
226.39	44101.02
226.46	44178.04
226.53	44254.80
226.60	44336.51
226.68	44429.39
226.75	44518.62
226.82	44614.31
226.89	44699.07
226.96	44772.73
227.04	44822.31
227.11	44870.47
227.18	44924.89
227.25	44977.41
227.32	45030.38
227.40	45101.45
227.47	45173.68
227.54	45252.30
227.61	45333.24
227.68	45415.88
227.76	45497.78
227.83	45572.71
227.90	45637.27
227.97	45702.64
228.04	45765.29
228.11	45821.22
228.19	45871.35
228.26	45933.04
228.33	45994.97
228.40	46045.99
228.47	46094.03
228.55	46154.35
228.62	46203.95
228.69	46263.88
228.76	46327.44
228.83	46401.93
228.90	46473.12
228.98	46541.18
229.05	46603.86
229.12	46682.10
229.19	46748.21
229.26	46805.45
229.34	46855.51
229.41	46906.70
229.48	46945.48
229.55	46993.41
229.62	47050.72
229.69	47117.09
229.77	47172.96
229.84	47236.49
229.91	47292.01
229.98	47337.96
230.05	47371.83
230.12	47417.26
230.20	47457.62
230.27	47502.76
230.34	47559.99
230.41	47633.70
230.48	47693.29
230.55	47752.91
230.63	47816.52
230.70	47879.84
230.77	47921.80
230.84	47965.53
230.91	48001.81
230.98	48036.78
231.06	48066.80
231.13	48122.64
231.20	48187.67
231.27	48257.70
231.34	48320.18
231.41	48387.89
231.49	48432.75
231.56	48477.41
231.63	48518.41
231.70	48564.66
231.77	48605.02
231.84	48644.58
231.92	48679.16
231.99	48711.90
232.06	48744.35
232.13	48775.78
232.20	48817.37
232.27	48861.87
232.34	48903.85
232.42	48939.53
232.49	48973.24
232.56	49007.78
232.63	49044.75
232.70	49089.08
232.77	49141.47
232.85	49196.75
232.92	49244.35
232.99	49279.63
233.06	49314.16
233.13	49334.39
233.20	49351.31
233.27	49358.06
233.35	49370.92
233.42	49380.81
233.49	49401.18
233.56	49426.52
233.63	49460.41
233.70	49495.66
233.77	49537.47
233.85	49574.96
233.92	49614.46
233.99	49653.05
234.06	49685.37
234.13	49714.14
234.20	49744.79
234.27	49766.34
234.35	49786.31
234.42	49807.09
234.49	49823.54
234.56	49839.28
234.63	49857.45
234.70	49876.53
234.77	49887.23
234.84	49904.70
234.92	49913.31
234.99	49922.25
235.06	49932.38
235.13	49941.57
235.20	49950.38
235.27	49963.23
235.34	49970.55
235.41	49989.11
235.49	50010.80
235.56	50028.34
235.63	50039.91
235.70	50057.97
235.77	50060.14
235.84	50069.46
235.91	50068.97
235.98	50069.09
236.06	50064.98
236.13	50057.76
236.20	50046.13
236.27	50022.08
236.34	50003.92
236.41	49988.31
236.48	49977.40
236.55	49966.29
236.63	49969.32
236.70	49973.22
236.77	49973.62
236.84	49993.26
236.91	50008.35
236.98	50017.16
237.05	50029.58
237.12	50037.43
237.19	50024.97
237.27	50018.05
237.34	50013.58
237.41	50006.85
237.48	49994.98
237.55	49983.37
237.62	49975.35
237.69	49976.19
237.76	49973.73
237.83	49982.68
237.91	49991.66
237.98	49999.09
238.05	49992.85
238.12	49990.73
238.19	49981.15
238.26	49981.99
238.33	49975.44
238.40	49970.38
238.47	49958.07
238.54	49950.69
238.62	49938.19
238.69	49922.90
238.76	49921.01
238.83	49914.34
238.90	49907.14
238.97	49896.21
239.04	49895.35
239.11	49889.79
239.18	49891.30
239.25	49886.82
239.33	49868.36
239.40	49846.84
239.47	49822.33
239.54	49789.65
239.61	49760.29
239.68	49733.57
239.75	49717.31
239.82	49706.03
239.89	49698.86
239.96	49701.71
240.03	49711.79
240.11	49717.20
240.18	49704.50
240.25	49695.57
240.32	49677.12
240.39	49664.38
240.46	49643.91
240.53	49652.75
240.60	49658.63
240.67	49661.06
240.74	49655.38
240.81	49651.23
240.88	49633.83
240.96	49619.24
241.03	49607.36
241.10	49602.29
241.17	49596.98
241.24	49587.18
241.31	49580.21
241.38	49569.56
241.45	49560.78
241.52	49562.05
241.59	49557.19
241.66	49545.64
241.73	49534.97
241.80	49524.53
241.88	49499.67
241.95	49474.05
242.02	49457.18
242.09	49437.10
242.16	49412.11
242.23	49397.59
242.30	49389.04
242.37	49376.23
242.44	49379.56
242.51	49380.92
242.58	49383.74
242.65	49385.85
242.72	49382.28
242.79	49368.33
242.87	49360.23
242.94	49334.33
243.01	49323.21
243.08	49325.59
243.15	49322.32
243.22	49319.58
243.29	49337.41
243.36	49339.33
243.43	49339.05
243.50	49353.31
243.57	49367.01
243.64	49371.96
243.71	49380.39
243.78	49382.16
243.85	49375.57
243.92	49368.83
243.99	49359.73
244.07	49349.10
244.14	49333.63
244.21	49321.86
244.28	49308.51
244.35	49292.49
244.42	49283.72
244.49	49276.02
244.56	49277.51
244.63	49284.07
244.70	49290.51
244.77	49297.91
244.84	49305.97
244.91	49319.05
244.98	49327.84
245.05	49346.90
245.12	49361.40
245.19	49385.24
245.26	49386.53
245.33	49393.14
245.40	49406.62
245.47	49428.89
245.55	49438.34
245.62	49442.98
245.69	49439.73
245.76	49438.10
245.83	49436.12
245.90	49434.92
245.97	49445.98
246.04	49467.66
246.11	49470.14
246.18	49467.39
246.25	49470.97
246.32	49472.34
246.39	49467.04
246.46	49468.59
246.53	49476.06
246.60	49482.28
246.67	49496.20
246.74	49512.20
246.81	49531.01
246.88	49545.89
246.95	49566.30
247.02	49588.12
247.09	49610.34
247.16	49616.56
247.23	49613.99
247.30	49600.16
247.37	49588.21
247.44	49579.73
247.51	49586.87
247.58	49615.49
247.66	49650.73
247.73	49687.44
247.80	49714.74
247.87	49739.31
247.94	49760.96
248.01	49788.54
248.08	49802.52
248.15	49819.94
248.22	49842.94
248.29	49863.49
248.36	49882.33
248.43	49906.55
248.50	49930.53
248.57	49950.39
248.64	49958.14
248.71	49965.10
248.78	49981.60
248.85	49988.21
248.92	50006.35
248.99	50014.61
249.06	50021.86
249.13	50030.57
249.20	50054.36
249.27	50057.75
249.34	50078.20
249.41	50092.36
249.48	50078.02
249.55	50059.85
249.62	50062.12
249.69	50064.71
249.76	50078.96
249.83	50117.03
249.90	50159.38
249.97	50195.55
250.04	50231.81
250.11	50270.29
250.18	50299.57
250.25	50320.10
250.32	50333.88
250.39	50349.30
250.46	50353.65
250.53	50369.27
250.60	50392.69
250.67	50417.84
250.74	50433.48
250.81	50441.98
250.88	50451.15
250.95	50457.16
251.02	50466.05
251.09	50479.01
251.16	50510.05
251.23	50528.21
251.30	50542.13
251.37	50545.53
251.44	50553.45
251.51	50557.31
251.58	50569.47
251.65	50584.32
251.72	50596.17
251.79	50608.60
251.86	50620.99
251.93	50626.25
252.00	50627.22
252.07	50638.30
252.14	50651.46
252.21	50652.54
252.28	50662.18
252.35	50676.63
252.42	50694.99
252.49	50706.27
252.56	50721.26
252.63	50724.97
252.70	50733.46
252.77	50735.94
252.84	50740.56
252.91	50743.66
252.98	50764.34
253.05	50777.13
253.12	50778.28
253.19	50780.51
253.25	50797.14
253.32	50790.53
253.39	50801.37
253.46	50825.22
253.53	50851.00
253.60	50858.86
253.67	50873.61
253.74	50880.26
253.81	50893.53
253.88	50900.07
253.95	50911.36
254.02	50923.82
254.09	50930.96
254.16	50941.10
254.23	50944.34
254.30	50955.67
254.37	50968.35
254.44	50985.32
254.51	50991.26
254.58	50992.46
254.65	50990.59
254.72	50987.24
254.79	50971.25
254.86	50966.96
254.93	50966.75
255.00	50970.81
255.07	50974.15
255.14	50986.50
255.21	50983.97
255.28	50978.70
255.34	50962.51
255.41	50952.30
255.48	50935.71
255.55	50916.02
255.62	50918.62
255.69	50923.39
255.76	50917.29
255.83	50921.22
255.90	50934.60
255.97	50947.60
256.04	50944.74
256.11	50952.10
256.18	50952.59
256.25	50956.16
256.32	50939.46
256.39	50941.39
256.46	50938.91
256.53	50937.39
256.60	50934.59
256.67	50932.97
256.74	50921.63
256.80	50918.67
256.87	50917.36
256.94	50910.51
257.01	50908.04
257.08	50914.46
257.15	50904.28
257.22	50887.46
257.29	50853.11
257.36	50822.11
257.43	50791.46
257.50	50779.92
257.57	50759.19
257.64	50765.59
257.71	50757.68
257.78	50745.84
257.85	50720.62
257.92	50703.71
257.98	50685.53
258.05	50676.60
258.12	50660.44
258.19	50640.66
258.26	50622.83
258.33	50599.26
258.40	50586.03
258.47	50581.98
258.54	50585.98
258.61	50588.52
258.68	50588.73
258.75	50573.60
258.82	50560.55
258.89	50537.63
258.95	50515.93
259.02	50503.88
259.09	50488.52
259.16	50466.63
259.23	50442.97
259.30	50412.31
259.37	50378.08
259.44	50356.14
259.51	50337.69
259.58	50331.19
259.65	50320.10
259.72	50303.52
259.79	50270.53
259.85	50237.53
259.92	50197.18
259.99	50171.22
260.06	50145.46
260.13	50123.20
260.20	50092.99
260.27	50056.27
260.34	50015.09
260.41	49978.31
260.48	49950.82
260.55	49930.82
260.62	49925.26
260.68	49914.30
260.75	49886.42
260.82	49861.77
260.89	49843.16
260.96	49812.07
261.03	49785.17
261.10	49766.39
261.17	49737.47
261.24	49700.18
261.31	49665.62
261.38	49632.64
261.44	49602.30
261.51	49562.07
261.58	49521.96
261.65	49477.79
261.72	49432.84
261.79	49390.14
261.86	49359.09
261.93	49337.35
262.00	49317.46
262.07	49292.55
262.13	49266.78
262.20	49241.92
262.27	49199.16
262.34	49165.62
262.41	49135.73
262.48	49097.45
262.55	49062.71
262.62	49024.57
262.69	48981.80
262.76	48940.06
262.82	48905.78
262.89	48871.41
262.96	48850.51
263.03	48823.61
263.10	48801.30
263.17	48774.08
263.24	48740.03
263.31	48705.23
263.38	48670.88
263.44	48628.23
263.51	48571.46
263.58	48523.06
263.65	48477.44
263.72	48430.72
263.79	48383.71
263.86	48352.09
263.93	48318.68
264.00	48278.01
264.06	48242.63
264.13	48206.24
264.20	48173.66
264.27	48129.56
264.34	48092.28
264.41	48050.93
264.48	48009.41
264.55	47964.94
264.61	47916.17
264.68	47865.41
264.75	47822.98
264.82	47774.76
264.89	47728.96
264.96	47699.16
265.03	47657.50
265.10	47616.78
265.16	47581.49
265.23	47547.11
265.30	47519.57
265.37	47494.41
265.44	47452.41
265.51	47416.12
265.58	47368.83
265.65	47312.41
265.71	47259.32
265.78	47219.32
265.85	47169.50
265.92	47128.94
265.99	47082.49
266.06	47046.32
266.13	47003.64
266.20	46971.86
266.26	46931.12
266.33	46893.99
266.40	46849.89
266.47	46800.11
266.54	46742.30
266.61	46689.59
266.68	46631.10
266.74	46562.67
266.81	46507.52
266.88	46455.08
266.95	46394.18
267.02	46350.13
267.09	46316.64
267.16	46276.16
267.22	46231.64
267.29	46199.88
267.36	46162.19
267.43	46121.96
267.50	46085.41
267.57	46057.23
267.64	46024.25
267.70	45986.83
267.77	45948.91
267.84	45912.50
267.91	45864.15
267.98	45807.40
268.05	45758.97
268.11	45714.83
268.18	45671.65
268.25	45631.18
268.32	45595.82
268.39	45552.76
268.46	45510.12
268.53	45456.79
268.59	45412.36
268.66	45373.96
268.73	45338.28
268.80	45297.07
268.87	45251.57
268.94	45213.71
269.00	45173.48
269.07	45130.46
269.14	45106.23
269.21	45086.74
269.28	45053.28
269.35	45016.14
269.41	44980.14
269.48	44921.05
269.55	44858.82
269.62	44800.62
269.69	44753.95
269.76	44699.05
269.82	44658.08
269.89	44631.47
269.96	44609.55
270.03	44576.46
270.10	44552.83
270.17	44517.58
270.23	44482.36
270.30	44440.41
270.37	44408.61
270.44	44377.39
270.51	44344.77
270.58	44311.14
270.64	44280.48
270.71	44244.69
270.78	44210.55
270.85	44178.69
270.92	44142.27
270.99	44105.53
271.05	44074.96
271.12	44039.90
271.19	44001.38
271.26	43953.17
271.33	43917.89
271.39	43878.39
271.46	43833.10
271.53	43797.04
271.60	43782.02
271.67	43749.92
271.74	43719.68
271.80	43689.10
271.87	43668.29
271.94	43637.16
272.01	43611.36
272.08	43585.17
272.14	43553.09
272.21	43521.62
272.28	43497.37
272.35	43474.91
272.42	43438.33
272.48	43423.71
272.55	43394.70
272.62	43364.28
272.69	43342.49
272.76	43336.06
272.83	43309.57
272.89	43290.41
272.96	43259.56
273.03	43223.69
273.10	43182.56
273.17	43153.59
273.23	43123.45
273.30	43104.71
273.37	43085.15
273.44	43064.53
273.51	43042.01
273.57	43023.22
273.64	43000.81
273.71	42980.18
273.78	42953.72
273.85	42938.33
273.91	42923.97
273.98	42908.59
274.05	42889.50
274.12	42883.25
274.19	42865.08
274.25	42839.05
274.32	42814.36
274.39	42781.00
274.46	42736.22
274.53	42687.96
274.59	42642.71
274.66	42605.72
274.73	42586.46
274.80	42564.87
274.86	42547.93
274.93	42530.26
275.00	42495.02
275.07	42446.92
275.14	42412.90
275.20	42379.66
275.27	42346.66
275.34	42320.88
275.41	42310.68
275.48	42292.59
275.54	42276.13
275.61	42257.71
275.68	42242.39
275.75	42214.53
275.81	42186.80
275.88	42161.25
275.95	42141.57
276.02	42115.19
276.09	42090.80
276.15	42067.47
276.22	42045.25
276.29	42020.72
276.36	41993.78
276.42	41967.33
276.49	41941.41
276.56	41909.12
276.63	41880.56
276.70	41861.71
276.76	41844.39
276.83	41825.66
276.90	41813.03
276.97	41792.25
277.03	41773.45
277.10	41758.15
277.17	41742.51
277.24	41725.46
277.30	41713.04
277.37	41697.21
277.44	41677.48
277.51	41657.31
277.58	41630.79
277.64	41602.64
277.71	41582.76
277.78	41562.19
277.85	41536.12
277.91	41510.37
277.98	41488.10
278.05	41465.15
278.12	41440.54
278.18	41422.10
278.25	41405.57
278.32	41381.08
278.39	41360.99
278.45	41342.22
278.52	41325.67
278.59	41307.29
278.66	41294.93
278.72	41277.62
278.79	41256.16
278.86	41232.81
278.93	41221.63
278.99	41206.35
279.06	41186.19
279.13	41164.07
279.20	41151.35
279.26	41129.70
279.33	41114.22
279.40	41093.76
279.47	41074.41
279.53	41046.01
279.60	41019.53
279.67	40985.73
279.74	40953.14
279.80	40927.60
279.87	40916.76
279.94	40901.59
280.01	40887.56
280.07	40876.20
280.14	40858.98
280.21	40827.60
280.28	40800.43
280.34	40776.26
280.41	40753.62
280.48	40723.01
280.55	40702.35
280.61	40674.70
280.68	40649.95
280.75	40617.05
280.82	40592.90
280.88	40553.57
280.95	40508.45
281.02	40448.05
281.08	40378.22
281.15	40307.85
281.22	40242.01
281.29	40181.98
281.35	40131.45
281.42	40099.45
281.49	40066.19
281.56	40035.74
281.62	40014.26
281.69	39986.77
281.76	39958.05
281.82	39927.80
281.89	39895.21
281.96	39859.81
282.03	39830.53
282.09	39804.18
282.16	39780.57
282.23	39757.85
282.30	39730.69
282.36	39708.95
282.43	39687.30
282.50	39674.91
282.56	39652.10
282.63	39634.24
282.70	39617.94
282.77	39601.41
282.83	39572.31
282.90	39559.30
282.97	39539.16
283.03	39520.78
283.10	39499.25
283.17	39482.64
283.24	39454.70
283.30	39434.59
283.37	39401.37
283.44	39368.39
283.50	39341.07
283.57	39325.70
283.64	39303.35
283.71	39278.05
283.77	39247.03
283.84	39214.05
283.91	39166.38
283.97	39130.59
284.04	39118.77
284.11	39119.65
284.18	39129.73
284.24	39151.44
284.31	39164.91
284.38	39166.05
284.44	39151.15
284.51	39128.70
284.58	39108.73
284.64	39092.84
284.71	39085.05
284.78	39079.09
284.85	39074.33
284.91	39066.16
284.98	39053.54
285.05	39021.08
285.11	39002.51
285.18	38979.05
285.25	38955.02
285.31	38945.94
285.38	38950.15
285.45	38944.88
285.52	38946.51
285.58	38941.30
285.65	38927.52
285.72	38906.86
285.78	38893.34
285.85	38875.39
285.92	38864.54
285.98	38847.90
286.05	38838.31
286.12	38829.73
286.18	38817.94
286.25	38806.11
286.32	38796.12
286.39	38796.77
286.45	38791.25
286.52	38783.41
286.59	38773.54
286.65	38773.71
286.72	38767.43
286.79	38754.36
286.85	38745.94
286.92	38736.12
286.99	38728.60
287.05	38702.90
287.12	38705.71
287.19	38698.69
287.25	38696.94
287.32	38691.70
287.39	38697.79
287.45	38679.91
287.52	38680.12
287.59	38679.99
287.65	38671.75
287.72	38660.23
287.79	38652.92
287.86	38639.78
287.92	38622.14
287.99	38608.96
288.06	38610.28
288.12	38606.63
288.19	38605.91
288.26	38597.56
288.32	38595.40
288.39	38587.26
288.46	38584.62
288.52	38576.92
288.59	38585.14
288.66	38587.29
288.72	38584.89
288.79	38589.21
288.86	38589.57
288.92	38580.72
288.99	38571.79
289.06	38573.08
289.12	38567.07
289.19	38568.77
289.26	38576.54
289.32	38590.31
289.39	38592.41
289.45	38602.55
289.52	38598.92
289.59	38602.87
289.65	38603.24
289.72	38606.44
289.79	38614.49
289.85	38628.91
289.92	38637.61
289.99	38644.16
290.05	38642.98
290.12	38632.02
290.19	38623.15
290.25	38618.52
290.32	38612.96
290.39	38624.10
290.45	38627.03
290.52	38636.59
290.59	38638.85
290.65	38636.01
290.72	38622.20
290.79	38621.90
290.85	38627.23
290.92	38642.12
290.98	38660.76
291.05	38681.73
291.12	38688.94
291.18	38695.99
291.25	38698.78
291.32	38695.30
291.38	38691.28
291.45	38696.98
291.52	38692.32
291.58	38689.54
291.65	38701.06
291.72	38720.71
291.78	38747.31
291.85	38766.48
291.91	38782.01
291.98	38806.36
292.05	38812.60
292.11	38817.23
292.18	38829.60
292.25	38833.95
292.31	38823.26
292.38	38826.95
292.45	38824.31
292.51	38826.83
292.58	38835.76
292.64	38843.61
292.71	38851.29
292.78	38863.21
292.84	38865.89
292.91	38875.88
292.98	38886.99
293.04	38898.87
293.11	38906.17
293.17	38920.76
293.24	38934.21
293.31	38949.81
293.37	38965.36
293.44	38979.91
293.51	38995.58
293.57	39002.86
293.64	39010.29
293.70	39021.51
293.77	39031.58
293.84	39039.58
293.90	39045.83
293.97	39052.98
294.04	39060.77
294.10	39066.78
294.17	39075.59
294.23	39089.76
294.30	39100.91
294.37	39111.80
294.43	39136.95
294.50	39154.02
294.56	39170.36
294.63	39183.73
294.70	39194.94
294.76	39197.66
294.83	39209.00
294.90	39221.90
294.96	39240.05
295.03	39260.49
295.09	39287.22
295.16	39310.80
295.23	39328.40
295.29	39342.75
295.36	39345.21
295.42	39341.46
295.49	39343.07
295.56	39360.91
295.62	39382.35
295.69	39402.69
295.75	39422.54
295.82	39440.75
295.89	39444.85
295.95	39442.39
296.02	39452.32
296.08	39458.34
296.15	39459.10
296.22	39469.00
296.28	39491.93
296.35	39511.47
296.41	39532.59
296.48	39554.46
296.55	39576.09
296.61	39592.35
296.68	39613.99
296.74	39635.33
296.81	39667.81
296.88	39694.35
296.94	39714.75
297.01	39730.08
297.07	39744.38
297.14	39755.76
297.20	39760.72
297.27	39777.65
297.34	39797.53
297.40	39817.35
297.47	39827.30
297.53	39850.36
297.60	39872.34
297.67	39885.46
297.73	39905.88
297.80	39920.17
297.86	39921.63
297.93	39924.70
298.00	39937.93
298.06	39946.99
298.13	39969.15
298.19	39993.42
298.26	40010.46
298.32	40032.56
298.39	40044.39
298.46	40052.95
298.52	40068.41
298.59	40085.82
298.65	40093.57
298.72	40113.08
298.78	40141.39
298.85	40163.89
298.92	40175.66
298.98	40185.81
299.05	40203.30
299.11	40210.51
299.18	40219.23
299.24	40238.01
299.31	40250.20
299.38	40265.44
299.44	40272.85
299.51	40287.75
299.57	40299.28
299.64	40322.69
299.70	40335.93
299.77	40351.46
299.84	40359.94
299.90	40361.11
299.97	40357.46
300.03	40355.75
300.10	40368.88
300.16	40383.59
300.23	40405.37
300.30	40422.56
300.36	40440.23
300.43	40460.23
300.49	40466.00
300.56	40481.27
300.62	40506.03
300.69	40530.08
300.75	40535.21
300.82	40557.39
300.89	40568.14
300.95	40586.33
301.02	40581.85
301.08	40592.20
301.15	40596.44
301.21	40605.04
301.28	40598.44
301.34	40616.84
301.41	40620.03
301.48	40623.43
301.54	40615.95
301.61	40619.00
301.67	40612.01
301.74	40620.78
301.80	40622.48
301.87	40630.19
301.93	40620.95
302.00	40624.40
302.06	40615.83
302.13	40609.31
302.20	40605.46
302.26	40607.77
302.33	40603.39
302.39	40598.62
302.46	40601.95
302.52	40598.44
302.59	40609.18
302.65	40615.95
302.72	40614.62
302.78	40615.01
302.85	40625.91
302.91	40613.61
302.98	40607.96
303.05	40604.02
303.11	40600.74
303.18	40591.80
303.24	40590.01
303.31	40575.17
303.37	40566.00
303.44	40557.78
303.50	40541.08
303.57	40525.69
303.63	40517.56
303.70	40516.85
303.76	40503.90
303.83	40498.44
303.89	40496.70
303.96	40489.12
304.03	40472.59
304.09	40461.09
304.16	40440.82
304.22	40412.68
304.29	40387.53
304.35	40366.80
304.42	40346.77
304.48	40333.89
304.55	40327.04
304.61	40317.51
304.68	40312.85
304.74	40305.01
304.81	40298.75
304.87	40274.06
304.94	40250.97
305.00	40226.28
305.07	40190.29
305.13	40152.84
305.20	40133.07
305.26	40123.93
305.33	40106.39
305.39	40097.01
305.46	40079.92
305.52	40060.71
305.59	40034.67
305.66	40005.24
305.72	39975.61
305.79	39946.05
305.85	39919.44
305.92	39882.72
305.98	39824.64
306.05	39702.85
306.11	39481.10
306.18	39184.01
306.24	38923.88
306.31	38782.71
306.37	38793.68
306.44	38964.77
306.50	39212.94
306.57	39429.01
306.63	39559.33
306.70	39584.16
306.76	39555.77
306.83	39518.97
306.89	39477.71
306.96	39428.51
307.02	39399.69
307.09	39372.71
307.15	39341.23
307.22	39316.75
307.28	39288.96
307.35	39259.25
307.41	39220.07
307.48	39188.35
307.54	39150.43
307.61	39114.46
307.67	39070.97
307.74	39029.83
307.80	38987.91
307.87	38945.10
307.93	38903.60
308.00	38872.14
308.06	38839.46
308.13	38804.07
308.19	38768.72
308.26	38729.92
308.32	38691.30
308.38	38662.34
308.45	38630.86
308.51	38606.22
308.58	38565.04
308.64	38513.78
308.71	38458.85
308.77	38404.87
308.84	38349.96
308.90	38327.09
308.97	38308.29
309.03	38298.30
309.10	38273.72
309.16	38241.02
309.23	38193.66
309.29	38148.57
309.36	38077.71
309.42	38020.59
309.49	37967.81
309.55	37914.05
309.62	37853.06
309.68	37807.13
309.75	37757.07
309.81	37710.71
309.88	37672.82
309.94	37630.76
310.00	37589.64
310.07	37550.32
310.13	37518.31
310.20	37467.84
310.26	37427.42
310.33	37381.17
310.39	37344.37
310.46	37297.78
310.52	37257.36
310.59	37215.66
310.65	37180.77
310.72	37134.02
310.78	37086.69
310.85	37040.67
310.91	37000.09
310.97	36964.04
311.04	36924.90
311.10	36879.58
311.17	36839.67
311.23	36798.04
311.30	36746.89
311.36	36704.90
311.43	36672.04
311.49	36633.64
311.56	36594.27
311.62	36553.15
311.69	36508.58
311.75	36472.82
311.81	36427.88
311.88	36375.04
311.94	36333.68
312.01	36310.44
312.07	36267.73
312.14	36237.11
312.20	36217.39
312.27	36182.51
312.33	36130.18
312.40	36077.44
312.46	36023.53
312.52	35971.43
312.59	35928.47
312.65	35881.08
312.72	35833.51
312.78	35784.00
312.85	35732.70
312.91	35669.89
312.98	35611.47
313.04	35567.55
313.10	35528.56
313.17	35487.73
313.23	35456.85
313.30	35425.98
313.36	35378.00
313.43	35329.32
313.49	35281.71
313.56	35223.85
313.62	35169.04
313.68	35128.67
313.75	35091.13
313.81	35045.06
313.88	35006.11
313.94	34965.72
314.01	34922.92
314.07	34879.52
314.13	34837.46
314.20	34804.50
314.26	34765.68
314.33	34719.84
314.39	34670.20
314.46	34614.01
314.52	34562.64
314.58	34508.45
314.65	34464.73
314.71	34423.38
314.78	34383.88
314.84	34339.30
314.91	34300.05
314.97	34253.98
315.03	34204.99
315.10	34161.82
315.16	34112.52
315.23	34072.51
315.29	34034.16
315.36	33992.58
315.42	33952.68
315.48	33906.49
315.55	33857.71
315.61	33801.45
315.68	33759.95
315.74	33714.56
315.81	33674.43
315.87	33629.00
315.93	33602.40
316.00	33571.96
316.06	33537.29
316.13	33511.61
316.19	33477.20
316.25	33408.13
316.32	33312.32
316.38	33205.93
316.45	33054.31
316.51	32892.92
316.58	32725.51
316.64	32543.79
316.70	32353.23
316.77	32154.47
316.83	31941.46
316.90	31704.57
316.96	31466.28
317.02	31206.10
317.09	30940.67
317.15	30657.24
317.22	30365.11
317.28	30049.22
317.34	29720.43
317.41	29385.23
317.47	29039.20
317.54	28677.79
317.60	28294.97
317.66	27897.79
317.73	27480.33
317.79	27044.97
317.86	26602.57
317.92	26150.66
317.98	25673.24
318.05	25179.10
318.11	24681.58
318.18	24171.85
318.24	23653.31
318.30	23132.56
318.37	22603.46
318.43	22051.93
318.50	21488.86
318.56	20916.13
318.62	20350.76
318.69	19777.25
318.75	19205.50
318.82	18623.26
318.88	18046.33
318.94	17459.89
319.01	16877.12
319.07	16301.45
319.13	15730.55
319.20	15156.26
319.26	14581.29
319.33	14010.81
319.39	13433.22
319.45	12880.78
319.52	12338.84
319.58	11801.57
319.65	11274.33
319.71	10763.54
319.77	10253.42
319.84	9754.49
319.90	9273.41
319.96	8803.00
320.03	8341.44
320.09	7897.04
320.16	7459.30
320.22	7041.78
320.28	6637.92
320.35	6253.98
320.41	5883.13
320.47	5534.80
320.54	5197.32
320.60	4881.28
320.67	4579.57
320.73	4292.46
320.79	4019.26
320.86	3762.91
320.92	3515.63
320.98	3287.07
321.05	3069.51
321.11	2864.33
321.18	2677.29
321.24	2504.72
321.30	2339.16
321.37	2189.51
321.43	2059.40
321.49	1931.91
321.56	1815.22
321.62	1711.35
321.68	1612.40
321.75	1519.12
321.81	1437.14
321.88	1362.44
321.94	1297.62
322.00	1239.66
322.07	1181.05
322.13	1128.01
322.19	1076.09
322.26	1023.24
322.32	978.09
322.38	940.49
322.45	909.44
322.51	878.15
322.58	854.66
322.64	824.80
322.70	798.22
322.77	765.65
322.83	744.75
322.89	714.01
322.96	687.94
323.02	661.99
323.08	636.49
323.15	607.83
323.21	585.13
323.27	563.00
323.34	539.52
323.40	518.04
323.46	495.71
323.53	468.36
323.59	398.42
323.65	301.76
323.72	190.06
323.78	82.75
323.85	-15.94
323.91	-66.47
323.97	-85.39
324.04	-86.00
