180.21	3428.80
180.28	-126.15
180.36	634.02
180.44	-44.74
180.51	-10.18
180.59	17.02
180.66	48.41
180.74	48.54
180.81	50.93
180.89	54.48
180.97	57.50
181.04	57.83
181.12	59.13
181.19	62.29
181.27	65.44
181.34	84.91
181.42	92.91
181.50	100.89
181.57	111.43
181.65	116.44
181.72	110.47
181.80	107.43
181.87	112.30
181.95	119.75
182.03	128.78
182.10	143.37
182.18	159.19
182.25	181.83
182.33	201.71
182.40	227.24
182.48	242.07
182.55	272.12
182.63	291.32
182.71	308.91
182.78	325.22
182.86	334.20
182.93	319.35
183.01	302.86
183.08	282.33
183.16	271.43
183.23	268.13
183.31	293.97
183.39	325.69
183.46	374.72
183.54	417.97
183.61	474.38
183.69	529.39
183.76	593.35
183.84	649.21
183.91	707.81
183.99	767.12
184.06	814.03
184.14	867.99
184.22	905.52
184.29	911.85
184.37	909.09
184.44	879.59
184.52	789.51
184.59	691.98
184.67	624.15
184.74	562.51
184.82	551.00
184.89	602.55
184.97	695.80
185.04	796.35
185.12	901.91
185.20	1004.28
185.27	1111.76
185.35	1202.36
185.42	1270.82
185.50	1348.33
185.57	1402.66
185.65	1457.83
185.72	1528.45
185.80	1604.91
185.87	1672.16
185.95	1760.45
186.02	1815.10
186.10	1816.83
186.17	1774.95
186.25	1643.95
186.33	1446.59
186.40	1278.96
186.48	1180.05
186.55	1163.03
186.63	1244.32
186.70	1415.00
186.78	1578.64
186.85	1725.25
186.93	1848.69
187.00	1983.76
187.08	2090.69
187.15	2220.66
187.23	2351.13
187.30	2465.60
187.38	2586.31
187.45	2723.18
187.53	2820.06
187.60	2910.95
187.68	3033.23
187.75	3109.39
187.83	3148.46
187.90	3185.33
187.98	3177.70
188.05	3055.71
188.13	2825.07
188.21	2567.55
188.28	2349.30
188.36	2188.26
188.43	2160.52
188.51	2296.94
188.58	2509.84
188.66	2704.52
188.73	2901.75
188.81	3082.28
188.88	3240.86
188.96	3374.10
189.03	3519.67
189.11	3657.62
189.18	3766.58
189.26	3873.03
189.33	3993.85
189.41	4086.41
189.48	4173.75
189.56	4282.73
189.63	4361.46
189.71	4411.55
189.78	4468.96
189.86	4486.69
189.93	4450.30
190.01	4374.49
190.08	4214.52
190.16	3932.34
190.23	3638.00
190.31	3431.13
190.38	3317.09
190.46	3334.04
190.53	3500.41
190.61	3738.97
190.68	3945.34
190.76	4145.23
190.83	4312.49
190.91	4474.85
190.98	4610.44
191.06	4756.60
191.13	4881.76
191.21	4994.62
191.28	5100.88
191.35	5210.85
191.43	5288.23
191.50	5359.79
191.58	5438.33
191.65	5486.78
191.73	5516.08
191.80	5545.28
191.88	5548.37
191.95	5537.67
192.03	5533.87
192.10	5518.76
192.18	5481.71
192.25	5395.50
192.33	5227.95
192.40	5032.95
192.48	4880.99
192.55	4795.36
192.63	4803.68
192.70	4938.36
192.78	5128.18
192.85	5319.33
192.93	5490.16
193.00	5632.41
193.08	5759.77
193.15	5867.65
193.22	5954.66
193.30	6020.06
193.37	6087.05
193.45	6128.23
193.52	6178.69
193.60	6226.27
193.67	6278.03
193.75	6325.63
193.82	6370.68
193.90	6403.00
193.97	6440.76
194.05	6476.98
194.12	6514.52
194.20	6564.90
194.27	6614.45
194.34	6644.63
194.42	6660.73
194.49	6666.72
194.57	6639.33
194.64	6561.42
194.72	6471.09
194.79	6387.94
194.87	6316.03
194.94	6278.56
195.02	6298.99
195.09	6356.81
195.17	6440.00
195.24	6538.92
195.31	6648.50
195.39	6761.96
195.46	6863.67
195.54	6958.41
195.61	7036.54
195.69	7091.04
195.76	7128.06
195.84	7167.00
195.91	7180.27
195.99	7185.91
196.06	7192.35
196.13	7202.26
196.21	7197.26
196.28	7191.05
196.36	7176.85
196.43	7148.25
196.51	7119.30
196.58	7103.05
196.66	7108.85
196.73	7139.50
196.80	7195.73
196.88	7260.18
196.95	7334.14
197.03	7398.92
197.10	7437.22
197.18	7461.50
197.25	7480.81
197.33	7498.70
197.40	7520.64
197.47	7543.95
197.55	7575.05
197.62	7598.11
197.70	7611.92
197.77	7615.30
197.85	7621.37
197.92	7601.65
197.99	7563.85
198.07	7509.78
198.14	7458.44
198.22	7445.15
198.29	7476.20
198.37	7553.28
198.44	7663.59
198.51	7779.27
198.59	7871.98
198.66	7954.70
198.74	8016.99
198.81	8065.90
198.89	8103.45
198.96	8135.15
199.03	8149.16
199.11	8164.35
199.18	8163.49
199.26	8165.98
199.33	8167.35
199.41	8157.90
199.48	8109.51
199.55	8051.39
199.63	7982.09
199.70	7926.81
199.78	7909.66
199.85	7957.05
199.93	8051.43
200.00	8179.99
200.07	8302.37
200.15	8414.15
200.22	8501.71
200.30	8566.35
200.37	8621.27
200.44	8673.11
200.52	8716.25
200.59	8757.18
200.67	8779.07
200.74	8779.36
200.81	8770.12
200.89	8754.18
200.96	8745.10
201.04	8729.79
201.11	8704.49
201.19	8671.48
201.26	8640.35
201.33	8616.68
201.41	8638.97
201.48	8711.95
201.56	8816.85
201.63	8945.68
201.70	9061.11
201.78	9158.89
201.85	9241.85
201.93	9307.10
202.00	9354.12
202.07	9401.26
202.15	9437.51
202.22	9463.93
202.30	9491.83
202.37	9511.23
202.44	9529.14
202.52	9543.37
202.59	9552.46
202.67	9551.37
202.74	9561.67
202.81	9554.57
202.89	9545.63
202.96	9550.90
203.04	9591.35
203.11	9651.12
203.18	9751.80
203.26	9871.59
203.33	9986.42
203.41	10078.82
203.48	10157.08
203.55	10204.65
203.63	10250.34
203.70	10299.31
203.77	10343.85
203.85	10380.75
203.92	10424.41
204.00	10477.54
204.07	10523.08
204.14	10570.02
204.22	10610.39
204.29	10652.92
204.37	10673.35
204.44	10687.16
204.51	10710.37
204.59	10735.11
204.66	10767.79
204.73	10826.23
204.81	10907.16
204.88	10998.48
204.96	11102.81
205.03	11198.52
205.10	11278.47
205.18	11347.99
205.25	11403.41
205.32	11460.08
205.40	11519.54
205.47	11584.38
205.55	11646.51
205.62	11712.43
205.69	11777.99
205.77	11838.66
205.84	11895.83
205.91	11961.00
205.99	12017.64
206.06	12062.95
206.14	12112.32
206.21	12171.48
206.28	12214.10
206.36	12266.16
206.43	12324.55
206.50	12403.31
206.58	12476.39
206.65	12563.72
206.72	12659.58
206.80	12758.85
206.87	12842.15
206.95	12935.35
207.02	13031.01
207.09	13117.50
207.17	13212.56
207.24	13306.50
207.31	13394.16
207.39	13472.08
207.46	13547.58
207.53	13614.71
207.61	13688.69
207.68	13754.91
207.75	13834.38
207.83	13919.46
207.90	13995.16
207.98	14056.96
208.05	14132.87
208.12	14204.64
208.20	14284.68
208.27	14376.24
208.34	14476.37
208.42	14567.48
208.49	14654.23
208.56	14735.96
208.64	14824.60
208.71	14914.33
208.78	15002.99
208.86	15110.84
208.93	15214.06
209.00	15313.88
209.08	15408.80
209.15	15516.80
209.22	15614.44
209.30	15713.23
209.37	15811.03
209.44	15922.86
209.52	16025.01
209.59	16119.46
209.67	16215.87
209.74	16312.66
209.81	16417.58
209.89	16516.34
209.96	16616.14
210.03	16722.28
210.11	16825.43
210.18	16913.39
210.25	17021.38
210.33	17138.86
210.40	17245.38
210.47	17358.62
210.55	17478.47
210.62	17585.82
210.69	17681.99
210.77	17790.82
210.84	17901.79
210.91	18020.44
210.99	18129.43
211.06	18256.85
211.13	18383.79
211.21	18502.31
211.28	18608.87
211.35	18733.09
211.42	18845.44
211.50	18948.36
211.57	19056.24
211.64	19169.04
211.72	19278.54
211.79	19389.42
211.86	19508.92
211.94	19639.14
212.01	19763.00
212.08	19889.86
212.16	20008.84
212.23	20135.73
212.30	20255.87
212.38	20375.27
212.45	20492.97
212.52	20628.60
212.60	20755.48
212.67	20880.64
212.74	21016.58
212.82	21151.06
212.89	21275.64
212.96	21397.28
213.03	21531.65
213.11	21663.15
213.18	21795.59
213.25	21941.21
213.33	22084.14
213.40	22215.52
213.47	22339.36
213.55	22457.66
213.62	22568.90
213.69	22685.96
213.77	22807.07
213.84	22941.22
213.91	23088.42
213.98	23231.86
214.06	23372.01
214.13	23522.30
214.20	23670.75
214.28	23826.70
214.35	23973.91
214.42	24119.60
214.50	24259.98
214.57	24393.03
214.64	24507.02
214.72	24629.69
214.79	24758.72
214.86	24882.80
214.93	25010.24
215.01	25158.44
215.08	25293.11
215.15	25422.49
215.23	25542.33
215.30	25675.04
215.37	25798.10
215.44	25948.50
215.52	26113.94
215.59	26285.22
215.66	26440.73
215.74	26595.11
215.81	26735.17
215.88	26871.45
215.95	26999.09
216.03	27135.30
216.10	27271.67
216.17	27415.85
216.25	27557.43
216.32	27723.20
216.39	27881.27
216.46	28033.55
216.54	28169.41
216.61	28307.27
216.68	28425.80
216.76	28560.26
216.83	28702.85
216.90	28862.57
216.97	29023.09
217.05	29190.52
217.12	29335.17
217.19	29450.17
217.27	29539.95
217.34	29631.53
217.41	29728.03
217.48	29837.37
217.56	29970.67
217.63	30132.98
217.70	30295.84
217.78	30457.64
217.85	30618.99
217.92	30791.73
217.99	30960.98
218.07	31108.47
218.14	31249.20
218.21	31397.78
218.28	31539.25
218.36	31679.68
218.43	31826.15
218.50	31974.90
218.57	32106.63
218.65	32223.48
218.72	32335.10
218.79	32458.58
218.87	32587.87
218.94	32723.64
219.01	32872.79
219.08	33012.36
219.16	33145.79
219.23	33263.59
219.30	33385.35
219.37	33502.44
219.45	33629.59
219.52	33771.71
219.59	33907.37
219.66	34034.66
219.74	34170.89
219.81	34329.06
219.88	34463.46
219.95	34612.36
220.03	34764.29
220.10	34903.00
220.17	35018.08
220.24	35148.17
220.32	35269.32
220.39	35391.87
220.46	35513.58
220.53	35639.75
220.61	35754.65
220.68	35879.24
220.75	36009.75
220.82	36140.92
220.90	36251.86
220.97	36353.05
221.04	36445.94
221.11	36534.70
221.19	36629.86
221.26	36741.44
221.33	36873.49
221.40	37007.24
221.48	37147.01
221.55	37277.28
221.62	37405.35
221.69	37535.40
221.77	37659.80
221.84	37774.37
221.91	37891.12
221.98	38011.42
222.06	38130.27
222.13	38254.47
222.20	38375.10
222.27	38489.42
222.35	38596.78
222.42	38697.18
222.49	38787.67
222.56	38863.86
222.63	38951.25
222.71	39055.39
222.78	39167.50
222.85	39289.13
222.92	39419.54
223.00	39524.98
223.07	39611.52
223.14	39684.37
223.21	39762.80
223.29	39856.10
223.36	39981.76
223.43	40113.40
223.50	40248.10
223.57	40382.01
223.65	40514.09
223.72	40627.55
223.79	40729.66
223.86	40830.01
223.94	40928.56
224.01	41000.88
224.08	41064.69
224.15	41128.04
224.22	41193.53
224.30	41244.79
224.37	41316.25
224.44	41403.80
224.51	41501.10
224.59	41596.79
224.66	41704.61
224.73	41811.26
224.80	41919.66
224.87	42026.92
224.95	42132.47
225.02	42233.25
225.09	42327.93
225.16	42405.74
225.23	42491.80
225.31	42584.11
225.38	42669.64
225.45	42758.84
225.52	42855.06
225.60	42928.57
225.67	42975.72
225.74	43017.62
225.81	43059.62
225.88	43119.18
225.96	43209.14
226.03	43329.03
226.10	43462.71
226.17	43590.99
226.24	43708.74
226.32	43794.60
226.39	43863.25
226.46	43921.65
226.53	43983.81
226.60	44035.49
226.68	44100.40
226.75	44168.00
226.82	44247.50
226.89	44317.21
226.96	44386.19
227.04	44429.00
227.11	44474.97
227.18	44513.78
227.25	44548.14
227.32	44595.98
227.40	44674.78
227.47	44743.70
227.54	44810.11
227.61	44888.05
227.68	44963.64
227.76	45028.55
227.83	45099.18
227.90	45171.58
227.97	45229.70
228.04	45285.34
228.11	45329.37
228.19	45375.84
228.26	45431.24
228.33	45506.46
228.40	45566.42
228.47	45635.86
228.55	45705.05
228.62	45777.01
228.69	45833.40
228.76	45895.33
228.83	45957.12
228.90	46013.76
228.98	46066.28
229.05	46131.81
229.12	46210.97
229.19	46278.70
229.26	46356.38
229.34	46409.18
229.41	46455.20
229.48	46491.98
229.55	46539.66
229.62	46581.45
229.69	46635.95
229.77	46679.76
229.84	46711.27
229.91	46740.55
229.98	46761.72
230.05	46790.75
230.12	46834.90
230.20	46901.20
230.27	46968.65
230.34	47042.23
230.41	47114.14
230.48	47175.39
230.55	47223.66
230.63	47271.11
230.70	47319.72
230.77	47343.55
230.84	47368.70
230.91	47394.05
230.98	47432.46
231.06	47467.79
231.13	47531.12
231.20	47608.37
231.27	47684.42
231.34	47737.21
231.41	47801.51
231.49	47849.75
231.56	47894.84
231.63	47944.70
231.70	47996.08
231.77	48016.75
231.84	48038.20
231.92	48044.58
231.99	48057.98
232.06	48076.81
232.13	48112.06
232.20	48164.09
232.27	48217.17
232.34	48252.00
232.42	48275.50
232.49	48305.10
232.56	48343.01
232.63	48398.91
232.70	48454.09
232.77	48524.51
232.85	48589.27
232.92	48630.36
232.99	48649.49
233.06	48682.38
233.13	48700.38
233.20	48707.80
233.27	48714.82
233.35	48717.04
233.42	48705.86
233.49	48703.93
233.56	48722.93
233.63	48740.94
233.70	48764.62
233.77	48796.38
233.85	48840.05
233.92	48876.41
233.99	48909.08
234.06	48953.01
234.13	49003.33
234.20	49045.54
234.27	49071.65
234.35	49098.52
234.42	49110.07
234.49	49110.41
234.56	49109.35
234.63	49107.74
234.70	49102.17
234.77	49096.42
234.84	49081.19
234.92	49063.00
234.99	49059.04
235.06	49072.68
235.13	49098.44
235.20	49132.50
235.27	49174.21
235.34	49202.02
235.41	49243.06
235.49	49266.73
235.56	49293.74
235.63	49295.84
235.70	49301.97
235.77	49279.40
235.84	49267.09
235.91	49247.72
235.98	49245.64
236.06	49243.06
236.13	49240.77
236.20	49242.55
236.27	49231.38
236.34	49232.96
236.41	49246.79
236.48	49257.94
236.55	49262.99
236.63	49270.59
236.70	49266.48
236.77	49254.39
236.84	49253.08
236.91	49240.64
236.98	49236.43
237.05	49237.44
237.12	49230.83
237.19	49215.29
237.27	49211.55
237.34	49216.52
237.41	49201.14
237.48	49192.50
237.55	49179.31
237.62	49163.56
237.69	49160.20
237.76	49170.03
237.83	49181.21
237.91	49196.05
237.98	49219.61
238.05	49222.04
238.12	49219.19
238.19	49215.10
238.26	49222.03
238.33	49209.17
238.40	49182.99
238.47	49160.12
238.54	49135.62
238.62	49097.81
238.69	49069.64
238.76	49048.35
238.83	49031.41
238.90	49039.03
238.97	49052.02
239.04	49069.42
239.11	49089.32
239.18	49119.58
239.25	49121.38
239.33	49106.63
239.40	49091.99
239.47	49062.00
239.54	49004.39
239.61	48946.98
239.68	48896.92
239.75	48859.81
239.82	48845.14
239.89	48834.19
239.96	48833.96
240.03	48842.61
240.11	48845.10
240.18	48850.45
240.25	48860.49
240.32	48859.97
240.39	48869.91
240.46	48881.46
240.53	48895.23
240.60	48922.60
240.67	48954.28
240.74	48966.37
240.81	48979.65
240.88	48974.11
240.96	48955.32
241.03	48934.15
241.10	48915.34
241.17	48887.84
241.24	48872.35
241.31	48856.98
241.38	48846.88
241.45	48849.20
241.52	48850.16
241.59	48847.48
241.66	48856.43
241.73	48863.50
241.80	48859.80
241.88	48848.01
241.95	48830.14
242.02	48789.38
242.09	48732.61
242.16	48677.12
242.23	48657.67
242.30	48652.65
242.37	48653.81
242.44	48676.27
242.51	48684.36
242.58	48667.25
242.65	48653.39
242.72	48661.82
242.79	48647.50
242.87	48662.45
242.94	48673.54
243.01	48667.00
243.08	48650.95
243.15	48650.58
243.22	48642.90
243.29	48646.39
243.36	48655.60
243.43	48672.96
243.50	48695.20
243.57	48719.62
243.64	48732.38
243.71	48753.20
243.78	48764.58
243.85	48759.18
243.92	48731.38
243.99	48708.57
244.07	48684.78
244.14	48658.95
244.21	48649.43
244.28	48669.11
244.35	48696.70
244.42	48720.33
244.49	48751.88
244.56	48775.16
244.63	48782.78
244.70	48777.76
244.77	48775.41
244.84	48766.66
244.91	48749.77
244.98	48742.08
245.05	48755.84
245.12	48784.65
245.19	48814.56
245.26	48851.23
245.33	48886.36
245.40	48912.00
245.47	48927.17
245.55	48938.69
245.62	48948.56
245.69	48966.08
245.76	48984.43
245.83	48993.98
245.90	49003.14
245.97	49016.23
246.04	49022.03
246.11	49018.99
246.18	49014.18
246.25	49012.13
246.32	49009.39
246.39	49009.25
246.46	49021.17
246.53	49042.29
246.60	49054.74
246.67	49084.36
246.74	49114.46
246.81	49137.50
246.88	49159.00
246.95	49186.93
247.02	49200.40
247.09	49207.12
247.16	49207.39
247.23	49192.65
247.30	49163.14
247.37	49136.80
247.44	49121.76
247.51	49112.15
247.58	49119.50
247.66	49158.68
247.73	49216.18
247.80	49266.91
247.87	49321.47
247.94	49386.00
248.01	49442.10
248.08	49478.92
248.15	49511.40
248.22	49540.10
248.29	49567.73
248.36	49585.27
248.43	49610.94
248.50	49638.80
248.57	49666.96
248.64	49682.85
248.71	49709.94
248.78	49733.53
248.85	49748.49
248.92	49770.00
248.99	49778.06
249.06	49772.97
249.13	49751.13
249.20	49739.99
249.27	49709.63
249.34	49700.64
249.41	49716.22
249.48	49739.37
249.55	49748.45
249.62	49772.15
249.69	49794.49
249.76	49815.61
249.83	49840.36
249.90	49885.69
249.97	49926.89
250.04	49977.63
250.11	50028.00
250.18	50080.46
250.25	50121.99
250.32	50148.90
250.39	50175.76
250.46	50187.12
250.53	50194.31
250.60	50202.20
250.67	50236.91
250.74	50260.31
250.81	50257.73
250.88	50254.91
250.95	50260.64
251.02	50244.62
251.09	50226.46
251.16	50253.81
251.23	50290.52
251.30	50330.91
251.37	50369.70
251.44	50406.56
251.51	50439.99
251.58	50462.11
251.65	50476.61
251.72	50498.80
251.79	50518.41
251.86	50503.48
251.93	50479.41
252.00	50435.84
252.07	50388.62
252.14	50355.61
252.21	50357.01
252.28	50371.97
252.35	50412.95
252.42	50484.45
252.49	50539.74
252.56	50581.45
252.63	50629.69
252.70	50656.32
252.77	50658.69
252.84	50665.15
252.91	50652.76
252.98	50630.14
253.05	50623.51
253.12	50623.28
253.19	50634.00
253.25	50667.36
253.32	50694.62
253.39	50726.02
253.46	50749.75
253.53	50762.47
253.60	50750.05
253.67	50752.32
253.74	50769.40
253.81	50794.91
253.88	50817.53
253.95	50852.67
254.02	50884.37
254.09	50891.00
254.16	50888.62
254.23	50881.08
254.30	50866.81
254.37	50858.59
254.44	50869.52
254.51	50887.73
254.58	50902.62
254.65	50930.27
254.72	50938.85
254.79	50911.37
254.86	50885.70
254.93	50862.48
255.00	50854.05
255.07	50858.36
255.14	50877.84
255.21	50869.43
255.28	50854.04
255.34	50827.74
255.41	50819.13
255.48	50827.64
255.55	50855.31
255.62	50893.80
255.69	50930.09
255.76	50955.71
255.83	50976.84
255.90	50992.94
255.97	51021.62
256.04	51022.58
256.11	51026.33
256.18	51019.15
256.25	51005.89
256.32	50976.74
256.39	50962.43
256.46	50931.04
256.53	50893.46
256.60	50867.04
256.67	50846.83
256.74	50831.23
256.80	50823.64
256.87	50810.89
256.94	50802.61
257.01	50799.15
257.08	50804.22
257.15	50802.42
257.22	50810.78
257.29	50807.40
257.36	50795.81
257.43	50785.45
257.50	50776.70
257.57	50759.17
257.64	50750.62
257.71	50736.08
257.78	50718.69
257.85	50700.77
257.92	50700.75
257.98	50699.06
258.05	50703.57
258.12	50697.78
258.19	50679.31
258.26	50643.33
258.33	50593.65
258.40	50553.85
258.47	50520.66
258.54	50520.46
258.61	50536.24
258.68	50561.59
258.75	50587.30
258.82	50605.78
258.89	50584.46
258.95	50547.52
259.02	50513.25
259.09	50463.76
259.16	50407.06
259.23	50360.16
259.30	50323.99
259.37	50295.36
259.44	50277.25
259.51	50270.39
259.58	50278.24
259.65	50276.44
259.72	50264.27
259.79	50237.72
259.85	50205.03
259.92	50172.62
259.99	50158.20
260.06	50151.40
260.13	50138.21
260.20	50125.46
260.27	50088.50
260.34	50035.20
260.41	49974.09
260.48	49926.05
260.55	49893.75
260.62	49863.95
260.68	49829.17
260.75	49805.14
260.82	49797.32
260.89	49779.27
260.96	49777.09
261.03	49783.11
261.10	49776.36
261.17	49760.20
261.24	49734.85
261.31	49699.84
261.38	49660.95
261.44	49617.66
261.51	49565.03
261.58	49530.30
261.65	49496.64
261.72	49452.12
261.79	49402.78
261.86	49356.78
261.93	49309.64
262.00	49274.29
262.07	49242.58
262.13	49223.50
262.20	49199.59
262.27	49166.91
262.34	49140.11
262.41	49104.46
262.48	49060.79
262.55	49019.12
262.62	48973.72
262.69	48905.91
262.76	48857.00
262.82	48812.32
262.89	48764.76
262.96	48722.59
263.03	48687.00
263.10	48648.70
263.17	48604.74
263.24	48556.54
263.31	48524.16
263.38	48493.52
263.44	48474.86
263.51	48448.45
263.58	48425.44
263.65	48382.92
263.72	48337.49
263.79	48267.23
263.86	48203.86
263.93	48147.86
264.00	48106.41
264.06	48072.47
264.13	48049.43
264.20	48033.60
264.27	48006.89
264.34	47968.99
264.41	47922.05
264.48	47882.07
264.55	47844.14
264.61	47818.75
264.68	47784.25
264.75	47757.04
264.82	47694.45
264.89	47622.18
264.96	47548.20
265.03	47476.89
265.10	47415.32
265.16	47387.59
265.23	47367.53
265.30	47353.66
265.37	47340.71
265.44	47314.99
265.51	47292.30
265.58	47262.12
265.65	47219.58
265.71	47169.14
265.78	47126.68
265.85	47066.49
265.92	47004.76
265.99	46946.33
266.06	46897.09
266.13	46833.65
266.20	46794.50
266.26	46769.58
266.33	46735.29
266.40	46685.57
266.47	46626.62
266.54	46543.35
266.61	46463.56
266.68	46394.80
266.74	46337.25
266.81	46306.05
266.88	46277.26
266.95	46223.10
267.02	46178.30
267.09	46133.92
267.16	46076.67
267.22	46029.58
267.29	46007.51
267.36	45987.72
267.43	45970.05
267.50	45943.78
267.57	45905.15
267.64	45851.71
267.70	45798.55
267.77	45737.83
267.84	45691.13
267.91	45649.89
267.98	45602.60
268.05	45541.10
268.11	45478.21
268.18	45415.95
268.25	45351.78
268.32	45302.71
268.39	45255.28
268.46	45228.40
268.53	45206.62
268.59	45193.28
268.66	45175.98
268.73	45155.64
268.80	45121.56
268.87	45071.43
268.94	45027.86
269.00	44991.70
269.07	44942.89
269.14	44907.15
269.21	44865.84
269.28	44821.52
269.35	44776.64
269.41	44743.59
269.48	44692.69
269.55	44640.95
269.62	44567.25
269.69	44499.98
269.76	44430.74
269.82	44368.67
269.89	44329.88
269.96	44320.69
270.03	44300.05
270.10	44280.29
270.17	44258.17
270.23	44226.03
270.30	44184.54
270.37	44147.34
270.44	44115.73
270.51	44086.35
270.58	44057.00
270.64	44028.03
270.71	43987.79
270.78	43952.58
270.85	43912.72
270.92	43870.08
270.99	43822.97
271.05	43779.19
271.12	43733.41
271.19	43684.74
271.26	43636.55
271.33	43593.37
271.39	43553.45
271.46	43484.06
271.53	43439.99
271.60	43414.33
271.67	43389.97
271.74	43365.62
271.80	43365.90
271.87	43359.78
271.94	43320.70
272.01	43272.82
272.08	43227.53
272.14	43179.52
272.21	43137.43
272.28	43117.12
272.35	43093.07
272.42	43071.76
272.48	43059.50
272.55	43038.20
272.62	43015.90
272.69	43011.91
272.76	43013.08
272.83	43002.45
272.89	42982.97
272.96	42950.84
273.03	42906.17
273.10	42848.24
273.17	42800.08
273.23	42753.01
273.30	42710.35
273.37	42670.87
273.44	42646.68
273.51	42628.64
273.57	42616.76
273.64	42610.39
273.71	42608.31
273.78	42594.29
273.85	42572.67
273.91	42548.39
273.98	42526.45
274.05	42497.05
274.12	42474.99
274.19	42449.22
274.25	42419.50
274.32	42390.25
274.39	42350.38
274.46	42293.24
274.53	42237.72
274.59	42174.88
274.66	42121.67
274.73	42085.01
274.80	42053.25
274.86	42021.38
274.93	42008.39
275.00	41982.27
275.07	41951.34
275.14	41916.81
275.20	41881.56
275.27	41837.23
275.34	41792.19
275.41	41758.13
275.48	41745.23
275.54	41735.81
275.61	41724.97
275.68	41719.66
275.75	41693.73
275.81	41655.85
275.88	41616.78
275.95	41582.52
276.02	41540.06
276.09	41505.34
276.15	41474.18
276.22	41451.45
276.29	41432.00
276.36	41402.37
276.42	41378.60
276.49	41346.49
276.56	41287.47
276.63	41217.56
276.70	41172.62
276.76	41137.39
276.83	41112.69
276.90	41115.55
276.97	41126.45
277.03	41132.51
277.10	41127.50
277.17	41121.57
277.24	41104.08
277.30	41080.80
277.37	41046.51
277.44	41014.75
277.51	40984.92
277.58	40945.35
277.64	40911.35
277.71	40888.25
277.78	40854.28
277.85	40803.19
277.91	40763.69
277.98	40718.43
278.05	40663.32
278.12	40624.30
278.18	40593.60
278.25	40571.33
278.32	40552.35
278.39	40549.74
278.45	40546.18
278.52	40545.67
278.59	40526.78
278.66	40503.05
278.72	40476.33
278.79	40443.63
278.86	40416.18
278.93	40400.28
278.99	40385.12
279.06	40371.88
279.13	40350.38
279.20	40323.45
279.26	40304.56
279.33	40290.03
279.40	40265.69
279.47	40236.79
279.53	40211.95
279.60	40178.67
279.67	40141.44
279.74	40096.39
279.80	40067.46
279.87	40033.39
279.94	40000.86
280.01	39974.28
280.07	39950.70
280.14	39923.68
280.21	39895.37
280.28	39859.17
280.34	39814.04
280.41	39770.17
280.48	39720.87
280.55	39673.64
280.61	39639.10
280.68	39618.75
280.75	39598.05
280.82	39574.35
280.88	39539.41
280.95	39489.22
281.02	39433.88
281.08	39371.55
281.15	39312.29
281.22	39256.43
281.29	39202.75
281.35	39136.28
281.42	39081.12
281.49	39018.88
281.56	38961.91
281.62	38914.18
281.69	38878.68
281.76	38850.06
281.82	38835.67
281.89	38820.49
281.96	38791.85
282.03	38766.22
282.09	38727.61
282.16	38685.73
282.23	38648.81
282.30	38619.64
282.36	38590.18
282.43	38565.60
282.50	38549.85
282.56	38514.15
282.63	38486.22
282.70	38453.71
282.77	38430.74
282.83	38398.12
282.90	38383.49
282.97	38369.60
283.03	38355.75
283.10	38343.77
283.17	38335.52
283.24	38313.19
283.30	38277.56
283.37	38247.94
283.44	38201.65
283.50	38147.05
283.57	38105.45
283.64	38056.37
283.71	37997.91
283.77	37953.75
283.84	37925.33
283.91	37897.34
283.97	37893.81
284.04	37894.61
284.11	37882.08
284.18	37870.55
284.24	37857.28
284.31	37845.74
284.38	37835.14
284.44	37824.00
284.51	37813.28
284.58	37812.38
284.64	37794.17
284.71	37775.65
284.78	37757.88
284.85	37738.92
284.91	37715.52
284.98	37699.87
285.05	37662.03
285.11	37636.90
285.18	37604.30
285.25	37571.19
285.31	37540.60
285.38	37534.43
285.45	37518.99
285.52	37511.25
285.58	37488.34
285.65	37460.10
285.72	37431.90
285.78	37410.60
285.85	37392.64
285.92	37386.86
285.98	37378.90
286.05	37370.13
286.12	37362.63
286.18	37338.70
286.25	37317.04
286.32	37291.31
286.39	37266.86
286.45	37239.55
286.52	37205.78
286.59	37171.74
286.65	37157.97
286.72	37149.94
286.79	37145.91
286.85	37157.65
286.92	37169.54
286.99	37167.47
287.05	37146.59
287.12	37130.90
287.19	37109.98
287.25	37094.84
287.32	37078.86
287.39	37073.17
287.45	37060.44
287.52	37048.36
287.59	37031.45
287.65	37024.85
287.72	37013.91
287.79	36986.84
287.86	36958.36
287.92	36927.09
287.99	36892.89
288.06	36873.51
288.12	36853.57
288.19	36843.64
288.26	36823.16
288.32	36805.09
288.39	36779.87
288.46	36771.89
288.52	36766.76
288.59	36777.35
288.66	36785.83
288.72	36784.37
288.79	36780.03
288.86	36760.27
288.92	36734.00
288.99	36702.29
289.06	36685.07
289.12	36667.16
289.19	36655.93
289.26	36649.51
289.32	36645.96
289.39	36637.71
289.45	36627.54
289.52	36611.90
289.59	36605.12
289.65	36593.40
289.72	36572.10
289.79	36563.82
289.85	36561.39
289.92	36544.30
289.99	36535.21
290.05	36530.75
290.12	36505.56
290.19	36479.28
290.25	36452.99
290.32	36426.30
290.39	36412.76
290.45	36409.37
290.52	36410.52
290.59	36412.85
290.65	36410.52
290.72	36396.14
290.79	36385.63
290.85	36372.87
290.92	36365.81
290.98	36361.62
291.05	36360.34
291.12	36354.67
291.18	36346.57
291.25	36336.18
291.32	36320.02
291.38	36298.43
291.45	36275.10
291.52	36254.17
291.58	36237.07
291.65	36228.70
291.72	36225.15
291.78	36225.66
291.85	36212.79
291.91	36198.51
291.98	36192.32
292.05	36176.51
292.11	36158.64
292.18	36157.45
292.25	36152.19
292.31	36121.14
292.38	36110.00
292.45	36106.88
292.51	36093.97
292.58	36077.92
292.64	36081.37
292.71	36073.60
292.78	36059.45
292.84	36041.34
292.91	36029.78
292.98	36012.89
293.04	35996.78
293.11	35978.19
293.17	35976.73
293.24	35970.61
293.31	35959.88
293.37	35958.36
293.44	35945.52
293.51	35927.69
293.57	35906.67
293.64	35895.37
293.70	35874.91
293.77	35865.31
293.84	35857.07
293.90	35845.83
293.97	35836.83
294.04	35827.50
294.10	35811.75
294.17	35793.90
294.23	35785.75
294.30	35763.82
294.37	35744.48
294.43	35743.44
294.50	35727.51
294.56	35712.08
294.63	35703.89
294.70	35692.40
294.76	35676.72
294.83	35671.28
294.90	35666.91
294.96	35661.92
295.03	35655.29
295.09	35652.06
295.16	35651.14
295.23	35639.27
295.29	35629.86
295.36	35612.16
295.42	35584.00
295.49	35555.45
295.56	35546.65
295.62	35528.46
295.69	35515.28
295.75	35509.79
295.82	35502.26
295.89	35474.99
295.95	35449.19
296.02	35426.30
296.08	35392.32
296.15	35355.34
296.22	35334.59
296.28	35324.57
296.35	35319.87
296.41	35309.98
296.48	35306.26
296.55	35305.24
296.61	35290.80
296.68	35282.61
296.74	35285.44
296.81	35286.49
296.88	35271.94
296.94	35258.46
297.01	35237.59
297.07	35207.76
297.14	35187.26
297.20	35172.92
297.27	35173.84
297.34	35179.55
297.40	35183.54
297.47	35169.25
297.53	35149.80
297.60	35125.87
297.67	35089.63
297.73	35065.16
297.80	35046.75
297.86	35022.26
297.93	34993.98
298.00	34977.45
298.06	34957.79
298.13	34951.91
298.19	34946.60
298.26	34940.92
298.32	34941.37
298.39	34932.90
298.46	34907.85
298.52	34888.41
298.59	34862.03
298.65	34825.38
298.72	34802.75
298.78	34783.66
298.85	34766.97
298.92	34752.31
298.98	34736.43
299.05	34714.53
299.11	34694.12
299.18	34665.87
299.24	34635.29
299.31	34596.24
299.38	34563.41
299.44	34528.40
299.51	34512.49
299.57	34499.77
299.64	34503.80
299.70	34499.45
299.77	34481.80
299.84	34452.41
299.90	34414.08
299.97	34366.09
300.03	34326.29
300.10	34311.51
300.16	34292.66
300.23	34278.57
300.30	34265.59
300.36	34242.45
300.43	34220.48
300.49	34192.70
300.56	34170.13
300.62	34146.31
300.69	34125.97
300.75	34098.01
300.82	34076.10
300.89	34048.21
300.95	34020.36
301.02	33982.58
301.08	33943.62
301.15	33910.02
301.21	33880.66
301.28	33852.25
301.34	33831.35
301.41	33806.13
301.48	33777.99
301.54	33746.30
301.61	33716.54
301.67	33687.07
301.74	33659.68
301.80	33621.73
301.87	33582.91
301.93	33539.49
302.00	33495.85
302.06	33441.99
302.13	33397.67
302.20	33366.67
302.26	33339.55
302.33	33316.79
302.39	33294.97
302.46	33259.56
302.52	33210.74
302.59	33169.94
302.65	33113.69
302.72	33068.40
302.78	33035.58
302.85	33012.19
302.91	32972.25
302.98	32944.24
303.05	32906.12
303.11	32866.23
303.18	32817.19
303.24	32779.17
303.31	32739.03
303.37	32703.74
303.44	32672.16
303.50	32632.80
303.57	32582.27
303.63	32536.12
303.70	32487.92
303.76	32432.27
303.83	32389.90
303.89	32352.82
303.96	32304.59
304.03	32252.02
304.09	32201.49
304.16	32146.10
304.22	32079.35
304.29	32029.84
304.35	31977.74
304.42	31937.47
304.48	31890.75
304.55	31851.89
304.61	31794.10
304.68	31750.19
304.74	31694.97
304.81	31651.84
304.87	31595.87
304.94	31555.03
305.00	31504.78
305.07	31451.75
305.13	31387.02
305.20	31333.27
305.26	31277.90
305.33	31227.54
305.39	31177.00
305.46	31121.25
305.52	31067.45
305.59	31013.33
305.66	30956.81
305.72	30901.51
305.79	30856.41
305.85	30806.41
305.92	30721.10
305.98	30607.14
306.05	30467.39
306.11	30314.52
306.18	30141.72
306.24	30003.74
306.31	29931.71
306.37	29923.33
306.44	29955.26
306.50	30020.60
306.57	30084.45
306.63	30107.15
306.70	30083.76
306.76	30030.74
306.83	29969.70
306.89	29896.97
306.96	29826.65
307.02	29762.21
307.09	29714.00
307.15	29656.48
307.22	29609.90
307.28	29547.22
307.35	29490.11
307.41	29413.17
307.48	29338.15
307.54	29261.83
307.61	29202.06
307.67	29135.24
307.74	29076.28
307.80	29024.39
307.87	28964.72
307.93	28909.10
308.00	28856.12
308.06	28798.42
308.13	28733.18
308.19	28677.20
308.26	28613.79
308.32	28553.46
308.38	28496.48
308.45	28440.03
308.51	28390.63
308.58	28327.99
308.64	28261.46
308.71	28205.01
308.77	28149.58
308.84	28079.37
308.90	28027.46
308.97	27973.36
309.03	27912.91
309.10	27852.52
309.16	27785.11
309.23	27707.91
309.29	27640.27
309.36	27548.84
309.42	27466.20
309.49	27399.49
309.55	27339.27
309.62	27274.99
309.68	27235.20
309.75	27180.40
309.81	27115.60
309.88	27053.36
309.94	26987.43
310.00	26919.88
310.07	26853.24
310.13	26794.34
310.20	26731.40
310.26	26672.80
310.33	26600.66
310.39	26542.62
310.46	26482.26
310.52	26421.65
310.59	26354.21
310.65	26300.94
310.72	26236.78
310.78	26173.56
310.85	26103.93
310.91	26045.64
310.97	25986.94
311.04	25929.82
311.10	25860.42
311.17	25799.94
311.23	25738.00
311.30	25679.94
311.36	25619.15
311.43	25578.86
311.49	25528.33
311.56	25475.99
311.62	25416.97
311.69	25365.59
311.75	25314.66
311.81	25256.88
311.88	25193.08
311.94	25130.51
312.01	25077.86
312.07	25006.52
312.14	24960.00
312.20	24913.02
312.27	24870.75
312.33	24811.26
312.40	24752.47
312.46	24678.43
312.52	24614.35
312.59	24544.95
312.65	24476.34
312.72	24407.39
312.78	24352.45
312.85	24293.30
312.91	24230.20
312.98	24174.09
313.04	24132.30
313.10	24079.01
313.17	24022.78
313.23	23976.36
313.30	23924.33
313.36	23860.42
313.43	23799.17
313.49	23744.33
313.56	23678.02
313.62	23614.51
313.68	23558.06
313.75	23505.91
313.81	23455.39
313.88	23407.55
313.94	23360.30
314.01	23306.88
314.07	23255.49
314.13	23196.87
314.20	23142.58
314.26	23082.63
314.33	23033.36
314.39	22977.90
314.46	22918.00
314.52	22864.47
314.58	22815.48
314.65	22756.84
314.71	22702.23
314.78	22648.26
314.84	22588.98
314.91	22532.47
314.97	22480.75
315.03	22427.15
315.10	22376.83
315.16	22320.24
315.23	22268.41
315.29	22225.42
315.36	22177.41
315.42	22132.22
315.48	22087.78
315.55	22038.43
315.61	21973.05
315.68	21920.20
315.74	21857.66
315.81	21801.47
315.87	21740.22
315.93	21700.06
316.00	21664.96
316.06	21639.28
316.13	21610.07
316.19	21563.79
316.25	21469.52
316.32	21330.90
316.38	21153.65
316.45	20939.39
316.51	20712.92
316.58	20481.26
316.64	20239.30
316.70	20011.36
316.77	19770.92
316.83	19524.36
316.90	19275.60
316.96	19029.05
317.02	18772.49
317.09	18531.13
317.15	18289.09
317.22	18047.44
317.28	17810.51
317.34	17567.77
317.41	17321.41
317.47	17077.57
317.54	16831.42
317.60	16581.85
317.66	16336.45
317.73	16087.22
317.79	15841.93
317.86	15603.85
317.92	15363.39
317.98	15114.06
318.05	14865.39
318.11	14616.98
318.18	14366.01
318.24	14113.28
318.30	13860.67
318.37	13614.02
318.43	13351.09
318.50	13088.89
318.56	12820.81
318.62	12563.33
318.69	12292.25
318.75	12029.15
318.82	11752.28
318.88	11488.84
318.94	11213.65
319.01	10944.09
319.07	10672.71
319.13	10402.50
319.20	10122.21
319.26	9838.57
319.33	9552.83
319.39	9262.88
319.45	8983.23
319.52	8703.33
319.58	8422.57
319.65	8142.29
319.71	7863.37
319.77	7580.55
319.84	7300.40
319.90	7029.58
319.96	6753.93
320.03	6487.84
320.09	6224.45
320.16	5959.14
320.22	5703.26
320.28	5457.36
320.35	5213.46
320.41	4979.64
320.47	4756.89
320.54	4533.46
320.60	4322.56
320.67	4121.51
320.73	3922.80
320.79	3731.81
320.86	3552.70
320.92	3377.55
320.98	3211.60
321.05	3054.20
321.11	2902.37
321.18	2761.23
321.24	2630.00
321.30	2499.33
321.37	2380.76
321.43	2276.77
321.49	2171.73
321.56	2074.05
321.62	1988.88
321.68	1902.66
321.75	1818.88
321.81	1745.30
321.88	1673.03
321.94	1607.59
322.00	1547.89
322.07	1485.09
322.13	1425.47
322.19	1365.71
322.26	1304.50
322.32	1249.34
322.38	1201.13
322.45	1157.25
322.51	1113.28
322.58	1075.71
322.64	1030.15
322.70	989.47
322.77	941.78
322.83	906.04
322.89	859.92
322.96	820.55
323.02	780.18
323.08	741.09
323.15	700.28
323.21	665.91
323.27	631.45
323.34	597.74
323.40	564.88
323.46	531.26
323.53	493.06
323.59	414.00
323.65	309.52
323.72	193.68
323.78	83.41
323.85	-16.16
323.91	-66.49
323.97	-85.31
324.04	-85.70
