180.21	3429.05
180.28	-125.08
180.36	634.18
180.44	-43.97
180.51	-9.82
180.59	17.43
180.66	48.61
180.74	49.04
180.81	50.61
180.89	54.89
180.97	57.53
181.04	57.93
181.12	58.88
181.19	62.00
181.27	64.42
181.34	84.15
181.42	92.62
181.50	101.06
181.57	112.12
181.65	116.78
181.72	111.44
181.80	108.13
181.87	113.19
181.95	121.04
182.03	130.66
182.10	144.38
182.18	159.72
182.25	181.64
182.33	200.54
182.40	225.50
182.48	240.72
182.55	271.85
182.63	291.05
182.71	309.40
182.78	326.28
182.86	334.62
182.93	319.46
183.01	303.22
183.08	282.10
183.16	271.02
183.23	268.17
183.31	294.37
183.39	326.25
183.46	376.43
183.54	419.01
183.61	474.83
183.69	528.84
183.76	593.29
183.84	647.61
183.91	707.62
183.99	767.73
184.06	814.93
184.14	868.55
184.22	906.99
184.29	913.40
184.37	911.39
184.44	882.42
184.52	791.41
184.59	693.67
184.67	625.12
184.74	562.31
184.82	551.22
184.89	604.43
184.97	699.10
185.04	800.56
185.12	907.69
185.20	1009.97
185.27	1115.49
185.35	1204.00
185.42	1271.61
185.50	1347.79
185.57	1400.99
185.65	1456.20
185.72	1528.32
185.80	1604.85
185.87	1671.89
185.95	1759.80
186.02	1813.56
186.10	1814.45
186.17	1772.49
186.25	1640.53
186.33	1444.07
186.40	1278.20
186.48	1181.12
186.55	1165.07
186.63	1248.78
186.70	1419.83
186.78	1582.50
186.85	1727.20
186.93	1847.52
187.00	1980.53
187.08	2086.43
187.15	2216.84
187.23	2350.34
187.30	2468.31
187.38	2588.01
187.45	2724.93
187.53	2821.55
187.60	2909.31
187.68	3030.09
187.75	3109.13
187.83	3148.50
187.90	3187.12
187.98	3181.41
188.05	3061.15
188.13	2830.30
188.21	2573.80
188.28	2356.10
188.36	2194.33
188.43	2165.38
188.51	2301.67
188.58	2513.78
188.66	2705.83
188.73	2902.46
188.81	3084.04
188.88	3243.98
188.96	3376.80
189.03	3522.95
189.11	3659.92
189.18	3767.25
189.26	3871.55
189.33	3992.18
189.41	4084.64
189.48	4172.29
189.56	4282.34
189.63	4361.58
189.71	4413.71
189.78	4474.22
189.86	4492.87
189.93	4456.27
190.01	4381.15
190.08	4218.42
190.16	3936.42
190.23	3641.50
190.31	3434.73
190.38	3319.99
190.46	3338.94
190.53	3502.86
190.61	3742.41
190.68	3949.38
190.76	4147.87
190.83	4315.54
190.91	4478.89
190.98	4611.10
191.06	4756.65
191.13	4880.32
191.21	4992.68
191.28	5100.50
191.35	5214.66
191.43	5293.46
191.50	5366.58
191.58	5446.25
191.65	5491.66
191.73	5520.73
191.80	5548.88
191.88	5554.85
191.95	5544.82
192.03	5541.47
192.10	5524.78
192.18	5484.28
192.25	5392.74
192.33	5221.22
192.40	5027.88
192.48	4875.26
192.55	4790.37
192.63	4803.35
192.70	4938.55
192.78	5125.92
192.85	5319.28
192.93	5490.27
193.00	5631.13
193.08	5758.74
193.15	5868.32
193.22	5952.56
193.30	6021.66
193.37	6088.24
193.45	6128.15
193.52	6176.75
193.60	6226.23
193.67	6274.26
193.75	6322.02
193.82	6370.64
193.90	6402.81
193.97	6439.61
194.05	6479.02
194.12	6516.34
194.20	6563.39
194.27	6611.09
194.34	6639.44
194.42	6651.84
194.49	6658.86
194.57	6634.91
194.64	6559.60
194.72	6472.26
194.79	6390.21
194.87	6314.29
194.94	6274.63
195.02	6297.17
195.09	6354.83
195.17	6439.24
195.24	6544.49
195.31	6650.66
195.39	6759.65
195.46	6859.35
195.54	6950.00
195.61	7021.76
195.69	7078.99
195.76	7116.82
195.84	7156.96
195.91	7173.87
195.99	7185.23
196.06	7194.43
196.13	7210.07
196.21	7208.42
196.28	7205.06
196.36	7190.37
196.43	7159.77
196.51	7124.79
196.58	7103.74
196.66	7105.29
196.73	7137.63
196.80	7197.13
196.88	7263.15
196.95	7343.04
197.03	7407.03
197.10	7442.71
197.18	7464.29
197.25	7483.30
197.33	7495.00
197.40	7517.96
197.47	7541.54
197.55	7572.30
197.62	7598.07
197.70	7616.15
197.77	7622.86
197.85	7626.66
197.92	7607.53
197.99	7567.93
198.07	7509.80
198.14	7460.42
198.22	7447.59
198.29	7477.46
198.37	7553.80
198.44	7666.21
198.51	7779.61
198.59	7868.80
198.66	7948.88
198.74	8009.04
198.81	8053.71
198.89	8089.57
198.96	8121.84
199.03	8139.81
199.11	8155.96
199.18	8160.48
199.26	8162.34
199.33	8166.21
199.41	8156.83
199.48	8111.34
199.55	8053.54
199.63	7984.22
199.70	7931.98
199.78	7912.04
199.85	7962.23
199.93	8056.01
200.00	8188.72
200.07	8309.11
200.15	8424.64
200.22	8511.59
200.30	8574.49
200.37	8624.89
200.44	8672.55
200.52	8711.71
200.59	8747.52
200.67	8770.04
200.74	8769.06
200.81	8765.13
200.89	8749.42
200.96	8741.31
201.04	8724.55
201.11	8700.76
201.19	8666.41
201.26	8641.54
201.33	8619.94
201.41	8641.69
201.48	8713.27
201.56	8817.26
201.63	8942.70
201.70	9058.22
201.78	9157.84
201.85	9242.27
201.93	9309.15
202.00	9356.61
202.07	9402.95
202.15	9442.76
202.22	9467.04
202.30	9490.34
202.37	9507.44
202.44	9525.21
202.52	9536.21
202.59	9544.90
202.67	9546.79
202.74	9554.54
202.81	9548.25
202.89	9534.76
202.96	9547.40
203.04	9589.90
203.11	9650.59
203.18	9748.49
203.26	9875.17
203.33	9985.21
203.41	10073.81
203.48	10152.59
203.55	10201.73
203.63	10247.94
203.70	10298.53
203.77	10344.29
203.85	10384.30
203.92	10427.86
204.00	10480.38
204.07	10527.47
204.14	10575.13
204.22	10615.81
204.29	10656.14
204.37	10670.23
204.44	10682.98
204.51	10702.24
204.59	10725.85
204.66	10759.77
204.73	10824.44
204.81	10901.82
204.88	10996.87
204.96	11099.09
205.03	11197.87
205.10	11272.04
205.18	11343.73
205.25	11401.44
205.32	11461.12
205.40	11517.65
205.47	11585.58
205.55	11647.70
205.62	11713.58
205.69	11778.67
205.77	11841.71
205.84	11900.74
205.91	11959.70
205.99	12014.85
206.06	12062.98
206.14	12115.18
206.21	12165.00
206.28	12210.44
206.36	12262.62
206.43	12314.76
206.50	12386.01
206.58	12466.71
206.65	12560.48
206.72	12654.85
206.80	12751.52
206.87	12837.68
206.95	12926.37
207.02	13020.60
207.09	13112.28
207.17	13211.39
207.24	13303.95
207.31	13392.23
207.39	13468.13
207.46	13539.18
207.53	13604.15
207.61	13676.85
207.68	13748.38
207.75	13825.82
207.83	13914.46
207.90	13998.81
207.98	14068.01
208.05	14143.77
208.12	14213.90
208.20	14286.76
208.27	14366.73
208.34	14460.49
208.42	14553.52
208.49	14642.92
208.56	14728.16
208.64	14823.80
208.71	14914.87
208.78	15002.99
208.86	15111.15
208.93	15216.35
209.00	15316.72
209.08	15413.99
209.15	15520.22
209.22	15619.71
209.30	15722.05
209.37	15822.18
209.44	15930.96
209.52	16031.85
209.59	16126.83
209.67	16218.62
209.74	16308.43
209.81	16408.69
209.89	16508.79
209.96	16606.66
210.03	16711.80
210.11	16814.30
210.18	16908.27
210.25	17015.13
210.33	17127.84
210.40	17232.86
210.47	17352.33
210.55	17468.15
210.62	17571.35
210.69	17669.22
210.77	17780.65
210.84	17882.61
210.91	18006.07
210.99	18122.57
211.06	18248.31
211.13	18372.37
211.21	18496.43
211.28	18598.24
211.35	18716.19
211.42	18833.72
211.50	18941.42
211.57	19051.42
211.64	19165.96
211.72	19271.93
211.79	19374.99
211.86	19489.43
211.94	19618.02
212.01	19745.43
212.08	19872.87
212.16	20000.68
212.23	20126.82
212.30	20246.08
212.38	20362.58
212.45	20497.29
212.52	20629.47
212.60	20755.78
212.67	20883.09
212.74	21017.60
212.82	21136.43
212.89	21256.72
212.96	21385.04
213.03	21518.52
213.11	21654.66
213.18	21792.56
213.25	21941.40
213.33	22082.50
213.40	22209.56
213.47	22339.12
213.55	22459.87
213.62	22568.47
213.69	22679.66
213.77	22806.55
213.84	22929.09
213.91	23072.77
213.98	23214.60
214.06	23360.23
214.13	23509.31
214.20	23659.49
214.28	23809.34
214.35	23963.84
214.42	24112.38
214.50	24252.65
214.57	24390.65
214.64	24512.40
214.72	24636.65
214.79	24760.83
214.86	24884.41
214.93	25013.46
215.01	25156.13
215.08	25291.02
215.15	25425.89
215.23	25549.82
215.30	25679.45
215.37	25804.41
215.44	25960.06
215.52	26115.19
215.59	26278.34
215.66	26433.40
215.74	26583.83
215.81	26712.19
215.88	26854.21
215.95	26986.76
216.03	27121.96
216.10	27266.94
216.17	27413.01
216.25	27556.56
216.32	27714.76
216.39	27871.67
216.46	28020.03
216.54	28161.35
216.61	28297.35
216.68	28424.41
216.76	28559.59
216.83	28703.59
216.90	28859.10
216.97	29020.61
217.05	29184.49
217.12	29329.74
217.19	29444.02
217.27	29530.89
217.34	29615.02
217.41	29717.72
217.48	29824.20
217.56	29957.60
217.63	30127.15
217.70	30302.05
217.78	30463.26
217.85	30632.49
217.92	30802.07
217.99	30963.02
218.07	31102.89
218.14	31237.51
218.21	31377.53
218.28	31522.19
218.36	31667.91
218.43	31818.23
218.50	31971.14
218.57	32107.11
218.65	32225.35
218.72	32339.85
218.79	32467.80
218.87	32589.46
218.94	32723.35
219.01	32867.55
219.08	33008.27
219.16	33132.19
219.23	33253.97
219.30	33373.69
219.37	33494.99
219.45	33614.78
219.52	33752.60
219.59	33883.11
219.66	34011.84
219.74	34149.44
219.81	34308.91
219.88	34454.87
219.95	34604.99
220.03	34759.12
220.10	34895.35
220.17	35008.68
220.24	35127.58
220.32	35255.86
220.39	35373.09
220.46	35490.85
220.53	35619.27
220.61	35736.86
220.68	35855.29
220.75	35989.82
220.82	36130.92
220.90	36249.29
220.97	36351.31
221.04	36445.20
221.11	36529.65
221.19	36619.81
221.26	36720.94
221.33	36849.67
221.40	36990.73
221.48	37130.14
221.55	37260.03
221.62	37394.05
221.69	37531.56
221.77	37652.82
221.84	37773.19
221.91	37891.23
221.98	38006.07
222.06	38117.85
222.13	38242.49
222.20	38356.24
222.27	38464.10
222.35	38575.93
222.42	38677.38
222.49	38765.64
222.56	38844.06
222.63	38935.99
222.71	39037.02
222.78	39152.31
222.85	39269.20
222.92	39397.06
223.00	39496.74
223.07	39584.84
223.14	39658.63
223.21	39743.82
223.29	39845.36
223.36	39982.60
223.43	40112.98
223.50	40248.43
223.57	40378.62
223.65	40506.66
223.72	40612.34
223.79	40717.89
223.86	40820.49
223.94	40919.45
224.01	41004.58
224.08	41066.53
224.15	41132.31
224.22	41191.07
224.30	41242.31
224.37	41304.32
224.44	41401.65
224.51	41492.47
224.59	41592.74
224.66	41700.32
224.73	41808.37
224.80	41913.78
224.87	42025.64
224.95	42131.04
225.02	42236.57
225.09	42330.52
225.16	42410.69
225.23	42493.84
225.31	42578.29
225.38	42661.04
225.45	42748.89
225.52	42840.45
225.60	42918.57
225.67	42978.21
225.74	43025.54
225.81	43069.10
225.88	43123.15
225.96	43208.73
226.03	43325.94
226.10	43453.86
226.17	43580.75
226.24	43702.33
226.32	43788.84
226.39	43857.15
226.46	43914.69
226.53	43974.37
226.60	44026.73
226.68	44092.78
226.75	44157.20
226.82	44235.80
226.89	44308.13
226.96	44372.11
227.04	44412.39
227.11	44456.84
227.18	44493.83
227.25	44525.57
227.32	44582.34
227.40	44659.65
227.47	44730.65
227.54	44801.43
227.61	44879.43
227.68	44953.49
227.76	45022.74
227.83	45102.83
227.90	45178.63
227.97	45244.07
228.04	45291.60
228.11	45341.93
228.19	45381.05
228.26	45432.55
228.33	45499.79
228.40	45568.72
228.47	45634.49
228.55	45704.81
228.62	45771.42
228.69	45828.40
228.76	45890.49
228.83	45947.21
228.90	46009.88
228.98	46064.32
229.05	46131.42
229.12	46201.71
229.19	46278.04
229.26	46341.97
229.34	46395.47
229.41	46437.77
229.48	46477.58
229.55	46521.70
229.62	46570.70
229.69	46622.16
229.77	46672.18
229.84	46712.43
229.91	46746.46
229.98	46774.79
230.05	46807.96
230.12	46853.73
230.20	46915.77
230.27	46976.01
230.34	47040.69
230.41	47118.27
230.48	47181.04
230.55	47234.37
230.63	47287.31
230.70	47334.31
230.77	47355.67
230.84	47372.89
230.91	47392.06
230.98	47419.44
231.06	47459.03
231.13	47525.16
231.20	47606.12
231.27	47683.46
231.34	47734.10
231.41	47792.31
231.49	47838.63
231.56	47880.20
231.63	47926.80
231.70	47985.08
231.77	48015.11
231.84	48037.28
231.92	48049.90
231.99	48055.90
232.06	48073.52
232.13	48110.05
232.20	48162.81
232.27	48209.49
232.34	48255.37
232.42	48286.14
232.49	48314.74
232.56	48346.48
232.63	48403.85
232.70	48455.43
232.77	48515.90
232.85	48577.30
232.92	48622.32
232.99	48639.52
233.06	48671.16
233.13	48699.03
233.20	48706.33
233.27	48712.86
233.35	48720.02
233.42	48714.06
233.49	48714.36
233.56	48736.73
233.63	48763.56
233.70	48788.58
233.77	48815.21
233.85	48841.32
233.92	48873.08
233.99	48898.22
234.06	48942.03
234.13	48995.83
234.20	49049.81
234.27	49073.63
234.35	49099.41
234.42	49105.83
234.49	49101.94
234.56	49095.77
234.63	49094.31
234.70	49087.65
234.77	49086.84
234.84	49075.50
234.92	49056.32
234.99	49056.79
235.06	49072.74
235.13	49096.39
235.20	49138.88
235.27	49188.45
235.34	49220.36
235.41	49252.38
235.49	49276.55
235.56	49295.76
235.63	49299.02
235.70	49301.30
235.77	49286.79
235.84	49276.59
235.91	49256.29
235.98	49246.51
236.06	49246.38
236.13	49245.83
236.20	49249.51
236.27	49243.01
236.34	49251.45
236.41	49257.16
236.48	49264.82
236.55	49261.46
236.63	49265.49
236.70	49255.01
236.77	49249.42
236.84	49251.41
236.91	49244.74
236.98	49240.59
237.05	49247.69
237.12	49237.65
237.19	49219.06
237.27	49218.64
237.34	49218.09
237.41	49203.93
237.48	49195.96
237.55	49189.37
237.62	49172.29
237.69	49170.76
237.76	49179.69
237.83	49186.65
237.91	49201.62
237.98	49221.30
238.05	49228.02
238.12	49225.02
238.19	49217.96
238.26	49217.16
238.33	49206.68
238.40	49178.63
238.47	49155.99
238.54	49142.93
238.62	49115.07
238.69	49088.72
238.76	49073.92
238.83	49058.91
238.90	49063.14
238.97	49076.43
239.04	49092.54
239.11	49115.24
239.18	49136.85
239.25	49137.31
239.33	49117.51
239.40	49103.29
239.47	49069.02
239.54	49020.69
239.61	48965.81
239.68	48915.81
239.75	48872.39
239.82	48849.41
239.89	48831.16
239.96	48828.35
240.03	48839.83
240.11	48853.13
240.18	48867.90
240.25	48881.67
240.32	48887.00
240.39	48888.92
240.46	48892.40
240.53	48907.23
240.60	48931.65
240.67	48960.79
240.74	48984.47
240.81	48998.14
240.88	48987.71
240.96	48968.96
241.03	48946.36
241.10	48922.24
241.17	48903.33
241.24	48891.05
241.31	48874.40
241.38	48856.72
241.45	48853.35
241.52	48846.63
241.59	48844.61
241.66	48861.67
241.73	48879.84
241.80	48884.35
241.88	48876.84
241.95	48850.44
242.02	48810.54
242.09	48754.63
242.16	48704.82
242.23	48685.55
242.30	48684.86
242.37	48687.62
242.44	48711.71
242.51	48711.84
242.58	48692.80
242.65	48677.25
242.72	48680.78
242.79	48666.05
242.87	48677.92
242.94	48689.25
243.01	48683.98
243.08	48672.59
243.15	48669.50
243.22	48662.27
243.29	48668.80
243.36	48683.99
243.43	48690.16
243.50	48711.22
243.57	48736.88
243.64	48742.35
243.71	48758.37
243.78	48774.81
243.85	48765.72
243.92	48742.07
243.99	48735.34
244.07	48716.73
244.14	48686.38
244.21	48680.37
244.28	48697.74
244.35	48708.79
244.42	48726.17
244.49	48754.80
244.56	48774.59
244.63	48785.30
244.70	48789.99
244.77	48795.63
244.84	48794.83
244.91	48789.85
244.98	48784.54
245.05	48792.73
245.12	48815.54
245.19	48842.21
245.26	48864.78
245.33	48894.72
245.40	48923.26
245.47	48936.18
245.55	48954.21
245.62	48977.20
245.69	48990.22
245.76	49011.38
245.83	49031.56
245.90	49040.15
245.97	49044.07
246.04	49058.14
246.11	49057.92
246.18	49043.83
246.25	49041.73
246.32	49042.91
246.39	49036.59
246.46	49033.87
246.53	49056.27
246.60	49069.50
246.67	49097.36
246.74	49122.91
246.81	49153.09
246.88	49178.35
246.95	49201.45
247.02	49212.85
247.09	49225.78
247.16	49227.69
247.23	49212.04
247.30	49194.72
247.37	49171.03
247.44	49159.75
247.51	49146.94
247.58	49148.65
247.66	49177.94
247.73	49230.39
247.80	49273.98
247.87	49332.33
247.94	49401.29
248.01	49453.96
248.08	49494.88
248.15	49528.48
248.22	49555.61
248.29	49581.82
248.36	49606.73
248.43	49638.31
248.50	49661.59
248.57	49685.66
248.64	49704.08
248.71	49730.47
248.78	49751.70
248.85	49780.62
248.92	49802.56
248.99	49810.64
249.06	49799.63
249.13	49773.00
249.20	49751.21
249.27	49727.54
249.34	49719.83
249.41	49738.83
249.48	49766.71
249.55	49784.44
249.62	49807.84
249.69	49822.10
249.76	49840.61
249.83	49867.91
249.90	49902.90
249.97	49942.20
250.04	49998.20
250.11	50052.80
250.18	50094.74
250.25	50135.82
250.32	50159.89
250.39	50183.57
250.46	50191.41
250.53	50207.90
250.60	50221.31
250.67	50249.56
250.74	50271.99
250.81	50268.68
250.88	50267.84
250.95	50272.59
251.02	50267.45
251.09	50257.29
251.16	50285.15
251.23	50315.92
251.30	50356.94
251.37	50391.37
251.44	50423.90
251.51	50461.41
251.58	50488.74
251.65	50511.07
251.72	50543.93
251.79	50567.32
251.86	50556.51
251.93	50532.48
252.00	50482.82
252.07	50428.29
252.14	50398.21
252.21	50392.80
252.28	50406.74
252.35	50448.26
252.42	50515.89
252.49	50567.32
252.56	50603.78
252.63	50647.58
252.70	50674.26
252.77	50678.36
252.84	50677.01
252.91	50674.57
252.98	50652.60
253.05	50640.31
253.12	50641.05
253.19	50659.65
253.25	50689.40
253.32	50718.78
253.39	50756.59
253.46	50779.75
253.53	50791.22
253.60	50777.33
253.67	50776.07
253.74	50789.85
253.81	50818.49
253.88	50839.90
253.95	50880.34
254.02	50912.59
254.09	50917.45
254.16	50906.52
254.23	50898.13
254.30	50879.31
254.37	50875.48
254.44	50886.29
254.51	50906.09
254.58	50922.14
254.65	50944.85
254.72	50949.83
254.79	50926.88
254.86	50907.05
254.93	50883.24
255.00	50878.31
255.07	50880.79
255.14	50902.05
255.21	50892.99
255.28	50877.12
255.34	50847.04
255.41	50837.72
255.48	50835.70
255.55	50858.87
255.62	50906.27
255.69	50949.55
255.76	50977.50
255.83	51006.01
255.90	51030.24
255.97	51043.01
256.04	51047.91
256.11	51051.88
256.18	51043.12
256.25	51024.63
256.32	51001.97
256.39	50979.04
256.46	50947.40
256.53	50913.56
256.60	50888.38
256.67	50869.25
256.74	50858.20
256.80	50851.06
256.87	50843.63
256.94	50830.44
257.01	50820.97
257.08	50823.09
257.15	50818.05
257.22	50816.41
257.29	50808.85
257.36	50806.71
257.43	50790.05
257.50	50786.14
257.57	50770.85
257.64	50768.47
257.71	50745.26
257.78	50731.14
257.85	50711.02
257.92	50710.88
257.98	50709.85
258.05	50720.99
258.12	50718.09
258.19	50703.04
258.26	50664.29
258.33	50608.63
258.40	50564.20
258.47	50539.14
258.54	50536.66
258.61	50550.79
258.68	50578.15
258.75	50609.50
258.82	50624.55
258.89	50603.48
258.95	50577.03
259.02	50546.16
259.09	50493.89
259.16	50437.68
259.23	50385.03
259.30	50338.70
259.37	50313.50
259.44	50299.84
259.51	50295.09
259.58	50309.18
259.65	50308.84
259.72	50295.34
259.79	50255.32
259.85	50214.79
259.92	50178.17
259.99	50168.80
260.06	50161.59
260.13	50156.34
260.20	50147.94
260.27	50124.63
260.34	50064.27
260.41	50000.18
260.48	49957.08
260.55	49920.62
260.62	49883.51
260.68	49859.24
260.75	49840.47
260.82	49821.54
260.89	49802.63
260.96	49789.90
261.03	49787.75
261.10	49776.97
261.17	49768.60
261.24	49742.54
261.31	49713.18
261.38	49671.47
261.44	49632.03
261.51	49583.99
261.58	49548.16
261.65	49508.34
261.72	49467.16
261.79	49418.78
261.86	49369.86
261.93	49325.37
262.00	49292.93
262.07	49259.74
262.13	49233.63
262.20	49210.96
262.27	49177.40
262.34	49151.36
262.41	49121.29
262.48	49079.50
262.55	49031.21
262.62	48978.64
262.69	48915.74
262.76	48864.36
262.82	48819.41
262.89	48775.99
262.96	48739.57
263.03	48709.86
263.10	48671.07
263.17	48624.76
263.24	48578.82
263.31	48551.78
263.38	48508.85
263.44	48484.05
263.51	48457.60
263.58	48436.45
263.65	48396.41
263.72	48355.15
263.79	48294.66
263.86	48238.04
263.93	48178.57
264.00	48127.54
264.06	48094.56
264.13	48073.56
264.20	48058.66
264.27	48030.71
264.34	48001.50
264.41	47958.91
264.48	47911.72
264.55	47871.39
264.61	47846.00
264.68	47810.95
264.75	47776.53
264.82	47712.16
264.89	47634.85
264.96	47560.95
265.03	47485.28
265.10	47426.93
265.16	47405.94
265.23	47393.12
265.30	47375.24
265.37	47356.47
265.44	47325.19
265.51	47296.62
265.58	47259.36
265.65	47216.01
265.71	47172.14
265.78	47134.09
265.85	47076.07
265.92	47017.59
265.99	46958.98
266.06	46916.31
266.13	46857.90
266.20	46815.56
266.26	46793.04
266.33	46762.04
266.40	46708.66
266.47	46650.76
266.54	46570.03
266.61	46483.51
266.68	46409.21
266.74	46344.60
266.81	46298.42
266.88	46267.62
266.95	46216.59
267.02	46181.77
267.09	46143.29
267.16	46096.47
267.22	46051.80
267.29	46031.34
267.36	46000.27
267.43	45974.41
267.50	45945.03
267.57	45907.10
267.64	45862.27
267.70	45819.84
267.77	45770.74
267.84	45728.69
267.91	45679.81
267.98	45619.87
268.05	45552.34
268.11	45479.31
268.18	45412.18
268.25	45362.29
268.32	45317.19
268.39	45271.98
268.46	45249.24
268.53	45232.94
268.59	45207.23
268.66	45194.73
268.73	45176.96
268.80	45140.24
268.87	45083.97
268.94	45041.49
269.00	44996.19
269.07	44948.21
269.14	44912.24
269.21	44878.63
269.28	44840.60
269.35	44793.51
269.41	44752.11
269.48	44703.47
269.55	44647.42
269.62	44577.71
269.69	44521.57
269.76	44455.78
269.82	44397.01
269.89	44359.13
269.96	44340.23
270.03	44309.84
270.10	44293.99
270.17	44263.92
270.23	44228.02
270.30	44190.66
270.37	44158.20
270.44	44126.60
270.51	44100.89
270.58	44070.67
270.64	44036.58
270.71	43993.93
270.78	43961.41
270.85	43919.99
270.92	43880.15
270.99	43837.04
271.05	43792.89
271.12	43734.83
271.19	43686.07
271.26	43629.11
271.33	43581.30
271.39	43542.22
271.46	43484.24
271.53	43442.18
271.60	43416.69
271.67	43394.73
271.74	43363.38
271.80	43358.67
271.87	43349.42
271.94	43322.52
272.01	43277.48
272.08	43241.23
272.14	43195.06
272.21	43158.64
272.28	43138.47
272.35	43116.53
272.42	43092.89
272.48	43073.60
272.55	43045.76
272.62	43019.60
272.69	43014.05
272.76	43018.11
272.83	43007.73
272.89	42989.45
272.96	42954.93
273.03	42908.09
273.10	42848.88
273.17	42805.71
273.23	42759.14
273.30	42718.40
273.37	42682.02
273.44	42658.04
273.51	42632.52
273.57	42620.50
273.64	42607.67
273.71	42601.85
273.78	42589.03
273.85	42576.49
273.91	42559.09
273.98	42544.09
274.05	42515.16
274.12	42492.05
274.19	42469.18
274.25	42438.39
274.32	42407.40
274.39	42369.14
274.46	42310.82
274.53	42246.48
274.59	42179.84
274.66	42123.06
274.73	42081.40
274.80	42049.39
274.86	42024.34
274.93	42010.70
275.00	41991.37
275.07	41968.73
275.14	41939.97
275.20	41899.33
275.27	41863.75
275.34	41824.23
275.41	41788.89
275.48	41776.28
275.54	41770.09
275.61	41755.39
275.68	41735.52
275.75	41710.82
275.81	41668.89
275.88	41634.35
275.95	41599.74
276.02	41558.77
276.09	41515.51
276.15	41477.05
276.22	41447.57
276.29	41420.76
276.36	41392.47
276.42	41372.17
276.49	41339.38
276.56	41283.68
276.63	41219.70
276.70	41172.59
276.76	41137.53
276.83	41124.43
276.90	41121.79
276.97	41129.08
277.03	41132.70
277.10	41126.49
277.17	41115.26
277.24	41101.88
277.30	41083.41
277.37	41057.16
277.44	41027.65
277.51	40986.46
277.58	40948.67
277.64	40907.24
277.71	40877.97
277.78	40843.56
277.85	40798.80
277.91	40758.50
277.98	40719.45
278.05	40670.54
278.12	40633.83
278.18	40601.64
278.25	40571.22
278.32	40551.39
278.39	40547.12
278.45	40542.04
278.52	40550.74
278.59	40543.09
278.66	40518.69
278.72	40494.34
278.79	40463.67
278.86	40429.73
278.93	40413.19
278.99	40401.68
279.06	40378.51
279.13	40352.98
279.20	40333.38
279.26	40311.34
279.33	40294.23
279.40	40273.51
279.47	40244.14
279.53	40212.02
279.60	40174.05
279.67	40128.99
279.74	40090.76
279.80	40058.75
279.87	40031.64
279.94	40000.71
280.01	39983.13
280.07	39956.21
280.14	39928.82
280.21	39898.34
280.28	39863.92
280.34	39813.16
280.41	39769.31
280.48	39723.19
280.55	39680.73
280.61	39650.16
280.68	39635.42
280.75	39614.34
280.82	39587.91
280.88	39554.09
280.95	39504.37
281.02	39444.02
281.08	39384.34
281.15	39327.51
281.22	39271.65
281.29	39210.56
281.35	39139.90
281.42	39083.36
281.49	39021.43
281.56	38959.15
281.62	38919.07
281.69	38894.65
281.76	38864.85
281.82	38846.49
281.89	38832.50
281.96	38806.65
282.03	38777.50
282.09	38737.23
282.16	38704.06
282.23	38664.34
282.30	38626.05
282.36	38595.78
282.43	38576.69
282.50	38558.21
282.56	38515.70
282.63	38494.41
282.70	38461.21
282.77	38438.93
282.83	38408.41
282.90	38401.78
282.97	38379.93
283.03	38371.55
283.10	38351.52
283.17	38338.90
283.24	38311.48
283.30	38274.02
283.37	38239.90
283.44	38200.03
283.50	38147.57
283.57	38108.49
283.64	38071.26
283.71	38015.79
283.77	37970.52
283.84	37946.01
283.91	37921.90
283.97	37906.84
284.04	37901.68
284.11	37889.09
284.18	37872.72
284.24	37854.65
284.31	37840.18
284.38	37833.89
284.44	37826.14
284.51	37813.39
284.58	37814.38
284.64	37804.38
284.71	37785.22
284.78	37762.64
284.85	37748.79
284.91	37723.23
284.98	37697.48
285.05	37659.65
285.11	37635.83
285.18	37596.89
285.25	37567.77
285.31	37550.21
285.38	37540.53
285.45	37528.32
285.52	37523.60
285.58	37506.26
285.65	37480.16
285.72	37460.46
285.78	37444.09
285.85	37420.23
285.92	37408.13
285.98	37392.15
286.05	37375.37
286.12	37355.59
286.18	37339.63
286.25	37316.04
286.32	37297.59
286.39	37273.76
286.45	37251.30
286.52	37216.03
286.59	37184.66
286.65	37163.81
286.72	37153.76
286.79	37146.59
286.85	37151.39
286.92	37153.25
286.99	37149.52
287.05	37134.43
287.12	37123.76
287.19	37112.40
287.25	37099.53
287.32	37086.47
287.39	37085.89
287.45	37074.35
287.52	37058.44
287.59	37052.62
287.65	37049.47
287.72	37027.35
287.79	36995.58
287.86	36967.19
287.92	36928.74
287.99	36889.79
288.06	36873.65
288.12	36857.84
288.19	36847.11
288.26	36828.41
288.32	36809.59
288.39	36782.59
288.46	36772.27
288.52	36766.07
288.59	36777.06
288.66	36787.28
288.72	36791.84
288.79	36786.86
288.86	36773.45
288.92	36746.31
288.99	36713.88
289.06	36688.46
289.12	36664.09
289.19	36649.44
289.26	36640.87
289.32	36636.30
289.39	36626.91
289.45	36626.39
289.52	36612.56
289.59	36609.54
289.65	36598.28
289.72	36583.55
289.79	36569.85
289.85	36562.76
289.92	36545.56
289.99	36534.48
290.05	36521.93
290.12	36497.63
290.19	36478.05
290.25	36452.83
290.32	36430.60
290.39	36423.43
290.45	36421.99
290.52	36409.56
290.59	36408.29
290.65	36403.85
290.72	36386.41
290.79	36371.46
290.85	36374.92
290.92	36367.45
290.98	36366.48
291.05	36365.96
291.12	36356.49
291.18	36343.37
291.25	36337.61
291.32	36321.16
291.38	36300.61
291.45	36285.52
291.52	36262.53
291.58	36241.28
291.65	36228.73
291.72	36221.83
291.78	36213.08
291.85	36196.40
291.91	36184.95
291.98	36175.24
292.05	36160.94
292.11	36156.22
292.18	36157.29
292.25	36148.79
292.31	36130.36
292.38	36123.19
292.45	36112.67
292.51	36105.69
292.58	36092.49
292.64	36090.36
292.71	36078.77
292.78	36068.25
292.84	36047.44
292.91	36030.94
292.98	36012.74
293.04	36002.26
293.11	35977.16
293.17	35968.79
293.24	35968.25
293.31	35961.52
293.37	35949.04
293.44	35942.64
293.51	35932.26
293.57	35914.93
293.64	35896.91
293.70	35885.14
293.77	35877.94
293.84	35860.13
293.90	35845.82
293.97	35841.05
294.04	35837.60
294.10	35820.09
294.17	35807.81
294.23	35806.24
294.30	35787.88
294.37	35762.55
294.43	35751.20
294.50	35739.45
294.56	35718.68
294.63	35700.85
294.70	35689.40
294.76	35682.79
294.83	35673.89
294.90	35662.82
294.96	35662.50
295.03	35657.59
295.09	35646.89
295.16	35647.65
295.23	35636.49
295.29	35623.35
295.36	35607.37
295.42	35581.33
295.49	35553.18
295.56	35542.53
295.62	35528.22
295.69	35511.54
295.75	35507.77
295.82	35500.09
295.89	35474.67
295.95	35451.69
296.02	35425.46
296.08	35393.76
296.15	35357.28
296.22	35342.61
296.28	35326.71
296.35	35318.07
296.41	35309.92
296.48	35307.37
296.55	35302.98
296.61	35292.59
296.68	35289.59
296.74	35288.45
296.81	35283.46
296.88	35267.98
296.94	35248.32
297.01	35225.56
297.07	35195.93
297.14	35179.59
297.20	35167.04
297.27	35173.92
297.34	35180.54
297.40	35187.56
297.47	35172.41
297.53	35149.66
297.60	35121.66
297.67	35092.38
297.73	35067.71
297.80	35049.67
297.86	35031.27
297.93	35007.51
298.00	34987.79
298.06	34969.05
298.13	34962.21
298.19	34953.99
298.26	34943.50
298.32	34944.09
298.39	34930.39
298.46	34904.44
298.52	34885.43
298.59	34865.50
298.65	34830.73
298.72	34811.55
298.78	34793.79
298.85	34773.35
298.92	34755.27
298.98	34734.07
299.05	34712.67
299.11	34687.14
299.18	34657.82
299.24	34628.65
299.31	34595.53
299.38	34558.67
299.44	34529.32
299.51	34515.14
299.57	34501.56
299.64	34493.02
299.70	34486.38
299.77	34466.60
299.84	34436.56
299.90	34398.70
299.97	34357.19
300.03	34323.51
300.10	34312.03
300.16	34293.04
300.23	34282.41
300.30	34273.09
300.36	34251.58
300.43	34226.12
300.49	34202.22
300.56	34176.65
300.62	34153.56
300.69	34135.41
300.75	34103.26
300.82	34081.81
300.89	34052.54
300.95	34021.22
301.02	33978.22
301.08	33950.07
301.15	33910.78
301.21	33882.98
301.28	33861.03
301.34	33844.06
301.41	33809.67
301.48	33781.10
301.54	33751.51
301.61	33720.68
301.67	33689.14
301.74	33668.71
301.80	33634.50
301.87	33589.90
301.93	33541.67
302.00	33500.01
302.06	33447.56
302.13	33406.05
302.20	33377.59
302.26	33347.43
302.33	33317.08
302.39	33287.30
302.46	33254.77
302.52	33212.63
302.59	33168.41
302.65	33121.52
302.72	33077.98
302.78	33038.27
302.85	33004.93
302.91	32973.47
302.98	32939.94
303.05	32907.86
303.11	32876.21
303.18	32830.79
303.24	32792.20
303.31	32746.42
303.37	32708.34
303.44	32667.11
303.50	32626.74
303.57	32576.20
303.63	32532.59
303.70	32483.21
303.76	32430.11
303.83	32389.14
303.89	32349.02
303.96	32304.98
304.03	32259.89
304.09	32209.36
304.16	32151.99
304.22	32091.26
304.29	32041.30
304.35	31987.14
304.42	31950.35
304.48	31900.53
304.55	31855.29
304.61	31800.94
304.68	31747.87
304.74	31687.05
304.81	31646.66
304.87	31586.20
304.94	31538.39
305.00	31497.28
305.07	31445.46
305.13	31382.16
305.20	31330.67
305.26	31277.26
305.33	31218.87
305.39	31165.00
305.46	31106.01
305.52	31057.31
305.59	31003.55
305.66	30944.28
305.72	30894.40
305.79	30847.44
305.85	30794.32
305.92	30709.21
305.98	30596.12
306.05	30453.91
306.11	30299.40
306.18	30136.15
306.24	30003.70
306.31	29935.86
306.37	29926.72
306.44	29967.44
306.50	30027.59
306.57	30081.44
306.63	30100.77
306.70	30074.54
306.76	30016.34
306.83	29955.33
306.89	29886.14
306.96	29817.14
307.02	29757.73
307.09	29708.64
307.15	29647.34
307.22	29603.30
307.28	29551.48
307.35	29488.91
307.41	29416.34
307.48	29344.25
307.54	29264.49
307.61	29191.94
307.67	29131.86
307.74	29072.41
307.80	29018.48
307.87	28964.04
307.93	28905.94
308.00	28849.11
308.06	28793.74
308.13	28731.31
308.19	28667.79
308.26	28611.97
308.32	28557.37
308.38	28492.65
308.45	28429.34
308.51	28374.38
308.58	28313.95
308.64	28245.32
308.71	28190.49
308.77	28137.61
308.84	28075.12
308.90	28019.20
308.97	27963.99
309.03	27908.00
309.10	27847.23
309.16	27778.65
309.23	27705.02
309.29	27634.36
309.36	27549.89
309.42	27472.70
309.49	27407.17
309.55	27340.90
309.62	27279.39
309.68	27230.89
309.75	27168.05
309.81	27105.26
309.88	27048.67
309.94	26979.37
310.00	26910.95
310.07	26847.69
310.13	26788.77
310.20	26715.68
310.26	26656.39
310.33	26588.01
310.39	26535.32
310.46	26472.47
310.52	26418.34
310.59	26359.10
310.65	26299.02
310.72	26228.06
310.78	26170.08
310.85	26104.94
310.91	26035.48
310.97	25983.95
311.04	25931.11
311.10	25859.89
311.17	25798.12
311.23	25745.40
311.30	25683.37
311.36	25626.60
311.43	25586.95
311.49	25534.84
311.56	25481.16
311.62	25423.53
311.69	25367.74
311.75	25313.21
311.81	25254.05
311.88	25186.94
311.94	25125.63
312.01	25070.53
312.07	25004.18
312.14	24956.25
312.20	24911.95
312.27	24868.95
312.33	24808.61
312.40	24745.23
312.46	24677.86
312.52	24613.69
312.59	24545.76
312.65	24477.08
312.72	24409.28
312.78	24350.75
312.85	24288.79
312.91	24221.81
312.98	24168.26
313.04	24130.91
313.10	24081.36
313.17	24027.43
313.23	23983.80
313.30	23928.50
313.36	23859.66
313.43	23794.12
313.49	23739.85
313.56	23671.51
313.62	23614.74
313.68	23560.32
313.75	23511.68
313.81	23456.59
313.88	23407.12
313.94	23356.44
314.01	23308.13
314.07	23256.14
314.13	23205.20
314.20	23155.33
314.26	23100.23
314.33	23041.59
314.39	22986.39
314.46	22921.93
314.52	22870.40
314.58	22818.75
314.65	22765.31
314.71	22703.50
314.78	22653.88
314.84	22593.23
314.91	22537.12
314.97	22485.35
315.03	22435.68
315.10	22379.99
315.16	22320.34
315.23	22267.46
315.29	22221.21
315.36	22172.35
315.42	22126.93
315.48	22083.54
315.55	22033.01
315.61	21967.41
315.68	21916.31
315.74	21856.09
315.81	21798.14
315.87	21742.47
315.93	21706.45
316.00	21668.38
316.06	21635.47
316.13	21610.62
316.19	21558.05
316.25	21461.16
316.32	21322.04
316.38	21153.92
316.45	20937.81
316.51	20711.20
316.58	20479.54
316.64	20241.22
316.70	20006.01
316.77	19764.09
316.83	19518.75
316.90	19270.68
316.96	19028.07
317.02	18774.45
317.09	18533.30
317.15	18289.33
317.22	18049.60
317.28	17804.46
317.34	17564.04
317.41	17317.99
317.47	17079.83
317.54	16831.41
317.60	16585.09
317.66	16337.27
317.73	16091.76
317.79	15844.03
317.86	15603.74
317.92	15361.78
317.98	15114.19
318.05	14861.01
318.11	14607.52
318.18	14359.20
318.24	14104.42
318.30	13854.31
318.37	13606.80
318.43	13349.67
318.50	13087.74
318.56	12821.73
318.62	12559.34
318.69	12292.63
318.75	12029.72
318.82	11756.54
318.88	11495.29
318.94	11220.44
319.01	10945.65
319.07	10672.16
319.13	10397.50
319.20	10118.15
319.26	9838.77
319.33	9555.52
319.39	9264.02
319.45	8984.87
319.52	8701.41
319.58	8417.45
319.65	8133.55
319.71	7851.44
319.77	7565.18
319.84	7287.68
319.90	7015.57
319.96	6746.66
320.03	6481.53
320.09	6223.83
320.16	5957.43
320.22	5703.26
320.28	5454.01
320.35	5213.07
320.41	4976.04
320.47	4753.91
320.54	4529.79
320.60	4320.66
320.67	4118.63
320.73	3922.26
320.79	3731.03
320.86	3555.73
320.92	3380.43
320.98	3216.02
321.05	3058.05
321.11	2905.32
321.18	2760.49
321.24	2627.21
321.30	2496.05
321.37	2378.52
321.43	2275.69
321.49	2173.58
321.56	2076.55
321.62	1992.29
321.68	1904.17
321.75	1822.15
321.81	1747.24
321.88	1675.94
321.94	1610.18
322.00	1551.37
322.07	1487.48
322.13	1429.21
322.19	1369.44
322.26	1307.57
322.32	1251.68
322.38	1203.24
322.45	1159.69
322.51	1114.94
322.58	1077.81
322.64	1032.84
322.70	991.77
322.77	942.59
322.83	906.99
322.89	860.24
322.96	820.46
323.02	779.72
323.08	741.24
323.15	699.59
323.21	665.18
323.27	630.95
323.34	597.14
323.40	564.51
323.46	530.94
323.53	493.35
323.59	413.66
323.65	309.12
323.72	192.49
323.78	82.99
323.85	-16.87
323.91	-66.81
323.97	-85.27
324.04	-86.21
