180.21	3431.11
180.28	-126.82
180.36	633.08
180.44	-47.96
180.51	-16.18
180.59	7.53
180.66	35.74
180.74	33.95
180.81	34.23
180.89	36.04
180.97	37.10
181.04	34.75
181.12	33.29
181.19	33.61
181.27	34.14
181.34	50.66
181.42	57.45
181.50	65.09
181.57	76.21
181.65	81.65
181.72	76.26
181.80	71.54
181.87	71.97
181.95	72.64
182.03	72.91
182.10	76.16
182.18	79.81
182.25	86.45
182.33	88.87
182.40	99.19
182.48	98.21
182.55	113.10
182.63	122.83
182.71	130.80
182.78	139.19
182.86	153.74
182.93	153.82
183.01	153.00
183.08	148.55
183.16	146.85
183.23	137.86
183.31	145.75
183.39	152.76
183.46	173.38
183.54	183.15
183.61	210.31
183.69	231.52
183.76	265.01
183.84	291.62
183.91	320.74
183.99	362.22
184.06	393.06
184.14	424.72
184.22	469.77
184.29	503.57
184.37	514.56
184.44	531.54
184.52	519.29
184.59	461.34
184.67	408.01
184.74	357.27
184.82	323.28
184.89	319.90
184.97	364.53
185.04	435.07
185.12	505.32
185.20	584.63
185.27	659.03
185.35	746.38
185.42	803.34
185.50	864.19
185.57	919.30
185.65	962.65
185.72	1001.73
185.80	1080.95
185.87	1139.81
185.95	1206.34
186.02	1320.05
186.10	1388.09
186.17	1412.69
186.25	1402.90
186.33	1262.44
186.40	1063.50
186.48	918.22
186.55	825.44
186.63	810.60
186.70	934.61
186.78	1099.23
186.85	1241.12
186.93	1363.86
187.00	1467.21
187.08	1581.67
187.15	1686.90
187.23	1813.38
187.30	1945.39
187.38	2055.35
187.45	2169.51
187.53	2303.52
187.60	2381.00
187.68	2479.35
187.75	2624.54
187.83	2697.17
187.90	2754.68
187.98	2864.29
188.05	2893.26
188.13	2751.72
188.21	2497.50
188.28	2232.07
188.36	1969.51
188.43	1777.08
188.51	1780.83
188.58	1971.78
188.66	2180.65
188.73	2382.30
188.81	2596.33
188.88	2758.59
188.96	2918.35
189.03	3055.21
189.11	3201.46
189.18	3333.96
189.26	3441.93
189.33	3554.19
189.41	3682.44
189.48	3763.26
189.56	3858.45
189.63	3993.30
189.71	4053.96
189.78	4114.04
189.86	4217.19
189.93	4265.78
190.01	4259.28
190.08	4233.00
190.16	4050.38
190.23	3680.59
190.31	3336.84
190.38	3091.80
190.46	2950.22
190.53	2990.99
190.61	3223.82
190.68	3471.71
190.76	3689.96
190.83	3882.32
190.91	4039.85
190.98	4210.93
191.06	4354.60
191.13	4505.29
191.21	4640.11
191.28	4759.28
191.35	4881.35
191.43	5002.59
191.50	5076.06
191.58	5160.41
191.65	5254.25
191.73	5279.07
191.80	5315.70
191.88	5349.90
191.95	5341.07
192.03	5336.65
192.10	5361.52
192.18	5371.68
192.25	5356.91
192.33	5249.35
192.40	5022.16
192.48	4777.18
192.55	4586.71
192.63	4464.67
192.70	4501.88
192.78	4684.68
192.85	4914.02
192.93	5114.06
193.00	5298.80
193.08	5445.50
193.15	5598.25
193.22	5700.87
193.30	5785.62
193.37	5862.52
193.45	5901.83
193.52	5928.77
193.60	5979.51
193.67	6024.18
193.75	6070.64
193.82	6139.86
193.90	6174.70
193.97	6211.71
194.05	6260.76
194.12	6297.93
194.20	6350.98
194.27	6418.60
194.34	6470.55
194.42	6509.02
194.49	6546.57
194.57	6563.76
194.64	6529.95
194.72	6438.50
194.79	6327.85
194.87	6218.00
194.94	6111.93
195.02	6057.01
195.09	6079.02
195.17	6146.56
195.24	6228.64
195.31	6340.78
195.39	6466.18
195.46	6593.20
195.54	6710.05
195.61	6816.52
195.69	6898.24
195.76	6953.21
195.84	7005.73
195.91	7040.11
195.99	7067.12
196.06	7087.24
196.13	7113.28
196.21	7117.57
196.28	7119.41
196.36	7105.28
196.43	7061.51
196.51	7001.82
196.58	6941.17
196.66	6897.14
196.73	6888.99
196.80	6936.46
196.88	7011.91
196.95	7112.85
197.03	7218.80
197.10	7293.17
197.18	7331.09
197.25	7361.80
197.33	7386.29
197.40	7403.45
197.47	7422.15
197.55	7455.47
197.62	7487.01
197.70	7511.40
197.77	7532.79
197.85	7552.28
197.92	7551.33
197.99	7517.56
198.07	7432.19
198.14	7318.63
198.22	7234.45
198.29	7205.09
198.37	7254.20
198.44	7378.56
198.51	7538.30
198.59	7689.49
198.66	7816.24
198.74	7903.53
198.81	7969.60
198.89	8020.29
198.96	8064.40
199.03	8093.25
199.11	8120.36
199.18	8129.47
199.26	8130.16
199.33	8137.27
199.41	8142.92
199.48	8107.59
199.55	8033.75
199.63	7930.55
199.70	7822.22
199.78	7722.15
199.85	7694.31
199.93	7767.02
200.00	7915.71
200.07	8080.17
200.15	8254.08
200.22	8397.72
200.30	8492.20
200.37	8567.93
200.44	8628.11
200.52	8678.01
200.59	8730.17
200.67	8769.88
200.74	8778.76
200.81	8767.98
200.89	8743.20
200.96	8722.12
201.04	8708.18
201.11	8679.35
201.19	8614.04
201.26	8546.00
201.33	8481.40
201.41	8446.27
201.48	8477.49
201.56	8591.26
201.63	8749.90
201.70	8907.42
201.78	9053.72
201.85	9177.22
201.93	9273.54
202.00	9343.90
202.07	9403.23
202.15	9450.21
202.22	9486.75
202.30	9524.39
202.37	9551.38
202.44	9577.20
202.52	9592.49
202.59	9585.54
202.67	9567.27
202.74	9568.77
202.81	9556.29
202.89	9514.59
202.96	9482.51
203.04	9491.90
203.11	9523.58
203.18	9609.15
203.26	9748.06
203.33	9907.27
203.41	10039.62
203.48	10149.41
203.55	10219.09
203.63	10285.51
203.70	10350.39
203.77	10408.22
203.85	10457.42
203.92	10503.61
204.00	10552.02
204.07	10593.91
204.14	10638.76
204.22	10671.91
204.29	10710.75
204.37	10725.32
204.44	10730.64
204.51	10739.67
204.59	10755.24
204.66	10765.77
204.73	10804.31
204.81	10869.85
204.88	10963.55
204.96	11074.10
205.03	11199.60
205.10	11311.61
205.18	11413.95
205.25	11488.40
205.32	11565.19
205.40	11634.31
205.47	11699.07
205.55	11761.48
205.62	11822.26
205.69	11879.94
205.77	11936.66
205.84	12001.10
205.91	12069.63
205.99	12139.42
206.06	12193.63
206.14	12250.32
206.21	12307.85
206.28	12348.53
206.36	12389.34
206.43	12435.19
206.50	12494.92
206.58	12574.18
206.65	12672.99
206.72	12785.00
206.80	12907.49
206.87	13020.13
206.95	13115.09
207.02	13205.48
207.09	13287.23
207.17	13369.19
207.24	13451.54
207.31	13537.48
207.39	13622.87
207.46	13707.52
207.53	13783.37
207.61	13862.48
207.68	13938.06
207.75	14017.22
207.83	14103.88
207.90	14187.01
207.98	14254.64
208.05	14322.60
208.12	14390.12
208.20	14462.94
208.27	14551.30
208.34	14660.88
208.42	14764.20
208.49	14878.66
208.56	14983.22
208.64	15089.56
208.71	15186.90
208.78	15293.15
208.86	15393.99
208.93	15495.73
209.00	15594.19
209.08	15693.42
209.15	15800.28
209.22	15904.70
209.30	16009.87
209.37	16113.19
209.44	16218.24
209.52	16312.80
209.59	16403.20
209.67	16501.15
209.74	16599.64
209.81	16702.90
209.89	16806.74
209.96	16918.06
210.03	17027.82
210.11	17134.15
210.18	17239.32
210.25	17352.87
210.33	17463.13
210.40	17576.58
210.47	17696.40
210.55	17819.18
210.62	17941.83
210.69	18059.21
210.77	18179.21
210.84	18298.11
210.91	18425.68
210.99	18541.64
211.06	18664.31
211.13	18785.28
211.21	18904.33
211.28	19013.16
211.35	19137.60
211.42	19263.40
211.50	19383.40
211.57	19504.69
211.64	19631.02
211.72	19753.87
211.79	19873.36
211.86	19999.11
211.94	20130.49
212.01	20252.78
212.08	20374.84
212.16	20500.56
212.23	20624.96
212.30	20754.72
212.38	20882.78
212.45	21017.35
212.52	21155.52
212.60	21283.85
212.67	21411.86
212.74	21544.66
212.82	21677.02
212.89	21808.60
212.96	21943.13
213.03	22076.96
213.11	22216.80
213.18	22346.76
213.25	22479.81
213.33	22620.12
213.40	22752.17
213.47	22887.57
213.55	23029.92
213.62	23169.53
213.69	23307.93
213.77	23447.80
213.84	23583.90
213.91	23730.37
213.98	23869.44
214.06	24017.64
214.13	24175.55
214.20	24327.86
214.28	24473.96
214.35	24618.03
214.42	24755.04
214.50	24892.10
214.57	25027.33
214.64	25160.90
214.72	25298.99
214.79	25442.78
214.86	25580.34
214.93	25724.27
215.01	25871.71
215.08	26019.70
215.15	26167.18
215.23	26311.54
215.30	26461.31
215.37	26605.66
215.44	26760.35
215.52	26911.01
215.59	27059.31
215.66	27198.50
215.74	27347.21
215.81	27480.53
215.88	27623.61
215.95	27766.73
216.03	27918.92
216.10	28064.49
216.17	28223.66
216.25	28372.15
216.32	28530.17
216.39	28685.34
216.46	28844.79
216.54	28994.60
216.61	29146.93
216.68	29287.94
216.76	29434.63
216.83	29572.57
216.90	29721.29
216.97	29878.02
217.05	30044.21
217.12	30189.48
217.19	30336.01
217.27	30474.38
217.34	30596.27
217.41	30719.62
217.48	30855.74
217.56	30995.91
217.63	31143.58
217.70	31295.38
217.78	31447.34
217.85	31601.12
217.92	31758.35
217.99	31909.75
218.07	32057.09
218.14	32201.82
218.21	32351.93
218.28	32488.14
218.36	32631.89
218.43	32776.66
218.50	32927.89
218.57	33070.30
218.65	33226.13
218.72	33364.94
218.79	33504.86
218.87	33640.43
218.94	33780.81
219.01	33914.70
219.08	34053.12
219.16	34200.24
219.23	34345.88
219.30	34487.63
219.37	34626.22
219.45	34775.17
219.52	34917.29
219.59	35049.41
219.66	35174.72
219.74	35310.07
219.81	35449.62
219.88	35583.06
219.95	35722.43
220.03	35873.08
220.10	36009.48
220.17	36143.40
220.24	36279.19
220.32	36412.07
220.39	36532.89
220.46	36663.47
220.53	36785.66
220.61	36907.26
220.68	37031.56
220.75	37167.02
220.82	37301.60
220.90	37432.06
220.97	37561.77
221.04	37684.91
221.11	37795.45
221.19	37910.80
221.26	38031.43
221.33	38156.55
221.40	38289.03
221.48	38424.00
221.55	38542.64
221.62	38660.37
221.69	38779.68
221.77	38893.36
221.84	39017.50
221.91	39131.76
221.98	39253.10
222.06	39373.31
222.13	39500.48
222.20	39609.34
222.27	39736.60
222.35	39854.51
222.42	39972.80
222.49	40080.97
222.56	40202.51
222.63	40315.70
222.71	40422.65
222.78	40527.10
222.85	40636.16
222.92	40744.20
223.00	40851.33
223.07	40963.88
223.14	41067.75
223.21	41170.23
223.29	41269.47
223.36	41375.09
223.43	41480.74
223.50	41589.00
223.57	41704.70
223.65	41828.58
223.72	41945.62
223.79	42054.58
223.86	42156.01
223.94	42247.58
224.01	42324.17
224.08	42403.85
224.15	42485.97
224.22	42577.05
224.30	42659.05
224.37	42748.93
224.44	42846.81
224.51	42938.20
224.59	43019.14
224.66	43108.53
224.73	43197.50
224.80	43279.87
224.87	43369.62
224.95	43475.44
225.02	43582.43
225.09	43684.05
225.16	43777.61
225.23	43879.26
225.31	43973.36
225.38	44055.50
225.45	44137.64
225.52	44225.82
225.60	44305.28
225.67	44376.54
225.74	44453.27
225.81	44529.90
225.88	44602.31
225.96	44668.67
226.03	44745.38
226.10	44826.40
226.17	44906.29
226.24	44983.84
226.32	45068.50
226.39	45148.44
226.46	45215.73
226.53	45291.20
226.60	45370.42
226.68	45449.19
226.75	45528.37
226.82	45619.47
226.89	45699.83
226.96	45773.36
227.04	45829.73
227.11	45880.09
227.18	45930.11
227.25	45976.53
227.32	46024.62
227.40	46092.24
227.47	46166.95
227.54	46243.92
227.61	46322.38
227.68	46402.68
227.76	46472.87
227.83	46540.61
227.90	46607.90
227.97	46672.12
228.04	46730.84
228.11	46783.36
228.19	46833.09
228.26	46877.41
228.33	46929.11
228.40	46976.08
228.47	47028.20
228.55	47086.65
228.62	47148.11
228.69	47211.21
228.76	47277.65
228.83	47341.62
228.90	47404.04
228.98	47461.40
229.05	47518.80
229.12	47586.06
229.19	47650.94
229.26	47703.65
229.34	47749.89
229.41	47794.21
229.48	47831.66
229.55	47880.38
229.62	47937.93
229.69	48008.43
229.77	48066.96
229.84	48121.68
229.91	48172.71
229.98	48214.65
230.05	48245.05
230.12	48276.80
230.20	48325.65
230.27	48367.00
230.34	48410.78
230.41	48462.31
230.48	48523.54
230.55	48570.44
230.63	48626.63
230.70	48690.07
230.77	48740.59
230.84	48780.32
230.91	48817.92
230.98	48848.25
231.06	48878.68
231.13	48924.38
231.20	48980.72
231.27	49038.72
231.34	49097.93
231.41	49155.36
231.49	49197.08
231.56	49234.96
231.63	49274.73
231.70	49311.31
231.77	49348.85
231.84	49382.19
231.92	49405.95
231.99	49437.41
232.06	49471.46
232.13	49498.74
232.20	49542.35
232.27	49588.59
232.34	49620.38
232.42	49644.01
232.49	49672.13
232.56	49697.48
232.63	49734.50
232.70	49773.80
232.77	49823.86
232.85	49866.24
232.92	49907.34
232.99	49936.47
233.06	49960.40
233.13	49978.08
233.20	49998.03
233.27	50000.43
233.35	50005.35
233.42	50019.63
233.49	50029.65
233.56	50049.36
233.63	50081.79
233.70	50110.26
233.77	50135.67
233.85	50170.40
233.92	50206.18
233.99	50239.37
234.06	50272.98
234.13	50295.81
234.20	50320.93
234.27	50328.00
234.35	50339.77
234.42	50350.71
234.49	50368.61
234.56	50387.07
234.63	50402.31
234.70	50416.07
234.77	50427.21
234.84	50436.37
234.92	50434.55
234.99	50440.30
235.06	50446.84
235.13	50447.73
235.20	50451.14
235.27	50460.90
235.34	50463.30
235.41	50473.72
235.49	50484.78
235.56	50495.12
235.63	50507.16
235.70	50524.41
235.77	50522.73
235.84	50528.98
235.91	50528.90
235.98	50511.36
236.06	50487.12
236.13	50472.82
236.20	50459.09
236.27	50431.78
236.34	50414.15
236.41	50402.11
236.48	50391.80
236.55	50384.07
236.63	50382.91
236.70	50382.85
236.77	50385.07
236.84	50390.23
236.91	50386.23
236.98	50384.42
237.05	50388.45
237.12	50386.43
237.19	50372.91
237.27	50369.85
237.34	50376.09
237.41	50372.13
237.48	50362.32
237.55	50351.25
237.62	50332.07
237.69	50320.22
237.76	50309.25
237.83	50312.74
237.91	50318.31
237.98	50325.29
238.05	50317.11
238.12	50306.87
238.19	50286.91
238.26	50279.63
238.33	50265.88
238.40	50249.77
238.47	50240.40
238.54	50236.17
238.62	50219.79
238.69	50208.12
238.76	50203.47
238.83	50192.43
238.90	50182.99
238.97	50169.79
239.04	50158.24
239.11	50146.81
239.18	50139.76
239.25	50131.10
239.33	50114.29
239.40	50099.79
239.47	50077.16
239.54	50045.69
239.61	50010.82
239.68	49978.75
239.75	49955.12
239.82	49943.37
239.89	49936.60
239.96	49933.26
240.03	49933.40
240.11	49930.27
240.18	49917.49
240.25	49910.76
240.32	49900.12
240.39	49893.46
240.46	49874.88
240.53	49867.03
240.60	49864.64
240.67	49860.00
240.74	49850.38
240.81	49843.53
240.88	49838.68
240.96	49818.66
241.03	49806.26
241.10	49803.47
241.17	49807.60
241.24	49804.40
241.31	49802.62
241.38	49793.62
241.45	49780.06
241.52	49760.95
241.59	49738.22
241.66	49722.56
241.73	49714.44
241.80	49708.07
241.88	49694.89
241.95	49680.85
242.02	49660.81
242.09	49633.43
242.16	49605.08
242.23	49595.17
242.30	49584.15
242.37	49574.60
242.44	49578.55
242.51	49577.16
242.58	49570.26
242.65	49564.67
242.72	49569.06
242.79	49557.97
242.87	49556.42
242.94	49550.36
243.01	49548.54
243.08	49548.40
243.15	49548.80
243.22	49548.43
243.29	49552.56
243.36	49555.60
243.43	49556.83
243.50	49575.70
243.57	49593.79
243.64	49603.84
243.71	49614.11
243.78	49612.22
243.85	49595.84
243.92	49588.45
243.99	49577.79
244.07	49563.88
244.14	49551.50
244.21	49544.11
244.28	49530.27
244.35	49517.71
244.42	49519.84
244.49	49527.24
244.56	49540.33
244.63	49547.27
244.70	49554.84
244.77	49562.68
244.84	49565.84
244.91	49575.19
244.98	49586.11
245.05	49610.75
245.12	49626.05
245.19	49649.52
245.26	49652.88
245.33	49669.65
245.40	49686.38
245.47	49714.83
245.55	49739.00
245.62	49763.17
245.69	49767.76
245.76	49772.81
245.83	49766.65
245.90	49758.74
245.97	49757.37
246.04	49770.52
246.11	49780.39
246.18	49793.22
246.25	49800.02
246.32	49809.89
246.39	49812.87
246.46	49813.65
246.53	49821.36
246.60	49834.53
246.67	49848.95
246.74	49868.24
246.81	49895.96
246.88	49913.10
246.95	49936.20
247.02	49968.92
247.09	50000.16
247.16	50004.87
247.23	50004.05
247.30	49996.72
247.37	49985.54
247.44	49990.78
247.51	50009.51
247.58	50045.49
247.66	50088.28
247.73	50128.36
247.80	50152.34
247.87	50184.93
247.94	50209.49
248.01	50242.56
248.08	50271.97
248.15	50297.31
248.22	50326.73
248.29	50353.75
248.36	50370.65
248.43	50395.60
248.50	50421.99
248.57	50439.04
248.64	50452.78
248.71	50470.83
248.78	50492.35
248.85	50509.30
248.92	50534.18
248.99	50560.08
249.06	50578.56
249.13	50587.40
249.20	50610.67
249.27	50623.14
249.34	50640.71
249.41	50658.15
249.48	50657.67
249.55	50647.40
249.62	50655.41
249.69	50664.24
249.76	50688.27
249.83	50736.14
249.90	50788.84
249.97	50833.65
250.04	50879.90
250.11	50921.79
250.18	50945.27
250.25	50968.45
250.32	50977.78
250.39	50997.59
250.46	51011.35
250.53	51042.02
250.60	51072.84
250.67	51104.65
250.74	51124.55
250.81	51139.50
250.88	51153.03
250.95	51168.31
251.02	51192.94
251.09	51211.00
251.16	51237.60
251.23	51257.62
251.30	51271.05
251.37	51283.26
251.44	51300.28
251.51	51318.13
251.58	51339.75
251.65	51358.15
251.72	51374.84
251.79	51397.87
251.86	51411.70
251.93	51425.62
252.00	51431.08
252.07	51441.85
252.14	51454.10
252.21	51459.95
252.28	51456.01
252.35	51478.77
252.42	51506.77
252.49	51517.85
252.56	51532.62
252.63	51554.81
252.70	51562.51
252.77	51565.12
252.84	51578.67
252.91	51593.33
252.98	51615.96
253.05	51639.85
253.12	51657.57
253.19	51669.77
253.25	51691.56
253.32	51705.71
253.39	51728.95
253.46	51748.42
253.53	51775.00
253.60	51785.03
253.67	51791.71
253.74	51797.97
253.81	51811.16
253.88	51813.25
253.95	51832.80
254.02	51853.20
254.09	51870.70
254.16	51880.50
254.23	51898.64
254.30	51907.51
254.37	51917.98
254.44	51922.53
254.51	51931.56
254.58	51936.52
254.65	51943.96
254.72	51952.67
254.79	51951.44
254.86	51963.27
254.93	51969.71
255.00	51973.75
255.07	51974.50
255.14	51989.04
255.21	51977.67
255.28	51973.49
255.34	51956.63
255.41	51952.38
255.48	51935.03
255.55	51938.46
255.62	51946.83
255.69	51964.61
255.76	51970.19
255.83	51983.83
255.90	51992.52
255.97	52003.59
256.04	52002.69
256.11	52013.01
256.18	52012.90
256.25	52009.44
256.32	52000.23
256.39	52009.90
256.46	52002.88
256.53	52007.62
256.60	52009.25
256.67	52010.43
256.74	52003.08
256.80	52005.66
256.87	52007.25
256.94	52016.37
257.01	52019.11
257.08	52021.85
257.15	52015.57
257.22	52000.35
257.29	51969.07
257.36	51942.18
257.43	51921.35
257.50	51912.55
257.57	51898.05
257.64	51894.98
257.71	51882.81
257.78	51865.99
257.85	51831.53
257.92	51821.72
257.98	51807.75
258.05	51807.59
258.12	51795.84
258.19	51795.21
258.26	51787.30
258.33	51777.51
258.40	51767.65
258.47	51768.52
258.54	51773.82
258.61	51771.02
258.68	51765.97
258.75	51749.60
258.82	51737.35
258.89	51708.10
258.95	51682.90
259.02	51669.04
259.09	51657.13
259.16	51635.80
259.23	51618.52
259.30	51590.04
259.37	51564.89
259.44	51545.79
259.51	51531.96
259.58	51525.91
259.65	51517.28
259.72	51506.55
259.79	51476.18
259.85	51448.79
259.92	51406.70
259.99	51383.74
260.06	51355.67
260.13	51333.15
260.20	51305.10
260.27	51281.46
260.34	51244.06
260.41	51214.50
260.48	51187.17
260.55	51169.11
260.62	51159.79
260.68	51147.55
260.75	51121.31
260.82	51101.62
260.89	51077.12
260.96	51051.55
261.03	51029.14
261.10	51003.63
261.17	50970.75
261.24	50934.08
261.31	50894.18
261.38	50865.50
261.44	50834.02
261.51	50803.81
261.58	50771.16
261.65	50731.68
261.72	50679.72
261.79	50633.12
261.86	50598.26
261.93	50570.03
262.00	50551.42
262.07	50528.05
262.13	50507.91
262.20	50478.71
262.27	50434.68
262.34	50395.26
262.41	50358.71
262.48	50316.93
262.55	50283.53
262.62	50252.47
262.69	50209.39
262.76	50179.44
262.82	50152.99
262.89	50126.34
262.96	50101.59
263.03	50079.75
263.10	50050.04
263.17	50016.65
263.24	49970.16
263.31	49933.67
263.38	49899.99
263.44	49861.72
263.51	49814.60
263.58	49772.13
263.65	49733.86
263.72	49684.23
263.79	49639.89
263.86	49605.31
263.93	49572.71
264.00	49523.13
264.06	49489.01
264.13	49451.24
264.20	49420.76
264.27	49379.95
264.34	49342.64
264.41	49294.60
264.48	49252.67
264.55	49201.68
264.61	49158.12
264.68	49121.86
264.75	49091.58
264.82	49040.20
264.89	49001.15
264.96	48963.06
265.03	48918.79
265.10	48876.40
265.16	48845.25
265.23	48806.44
265.30	48771.33
265.37	48732.66
265.44	48688.55
265.51	48645.49
265.58	48599.20
265.65	48543.48
265.71	48496.44
265.78	48452.61
265.85	48406.10
265.92	48361.24
265.99	48322.32
266.06	48283.67
266.13	48236.67
266.20	48202.25
266.26	48167.24
266.33	48123.61
266.40	48076.66
266.47	48033.00
266.54	47965.02
266.61	47898.62
266.68	47841.64
266.74	47783.07
266.81	47727.31
266.88	47690.15
266.95	47635.74
267.02	47588.53
267.09	47544.76
267.16	47497.83
267.22	47451.12
267.29	47422.16
267.36	47385.45
267.43	47352.16
267.50	47319.22
267.57	47287.74
267.64	47256.80
267.70	47222.08
267.77	47183.24
267.84	47142.67
267.91	47089.10
267.98	47030.11
268.05	46975.98
268.11	46919.87
268.18	46870.79
268.25	46825.20
268.32	46784.67
268.39	46745.38
268.46	46711.98
268.53	46669.43
268.59	46639.19
268.66	46607.92
268.73	46566.62
268.80	46524.85
268.87	46482.24
268.94	46433.23
269.00	46381.71
269.07	46340.44
269.14	46309.51
269.21	46276.79
269.28	46241.24
269.35	46200.72
269.41	46163.82
269.48	46107.30
269.55	46049.75
269.62	46000.63
269.69	45965.16
269.76	45916.52
269.82	45878.40
269.89	45855.89
269.96	45830.41
270.03	45794.05
270.10	45767.75
270.17	45727.79
270.23	45689.91
270.30	45641.70
270.37	45602.07
270.44	45561.99
270.51	45524.68
270.58	45482.44
270.64	45459.78
270.71	45422.79
270.78	45389.06
270.85	45356.93
270.92	45322.49
270.99	45285.19
271.05	45248.67
271.12	45205.27
271.19	45167.05
271.26	45125.90
271.33	45076.63
271.39	45044.30
271.46	44998.68
271.53	44966.35
271.60	44946.43
271.67	44921.86
271.74	44885.33
271.80	44866.80
271.87	44846.18
271.94	44815.71
272.01	44782.02
272.08	44761.20
272.14	44723.48
272.21	44683.71
272.28	44651.86
272.35	44631.70
272.42	44602.08
272.48	44586.41
272.55	44562.17
272.62	44532.33
272.69	44501.23
272.76	44479.77
272.83	44452.29
272.89	44424.57
272.96	44398.27
273.03	44372.81
273.10	44340.92
273.17	44312.10
273.23	44288.92
273.30	44266.60
273.37	44241.08
273.44	44214.14
273.51	44189.61
273.57	44164.96
273.64	44140.44
273.71	44121.00
273.78	44098.84
273.85	44084.73
273.91	44066.63
273.98	44046.88
274.05	44022.88
274.12	44012.95
274.19	43991.38
274.25	43967.05
274.32	43943.05
274.39	43915.06
274.46	43864.21
274.53	43815.95
274.59	43769.51
274.66	43734.17
274.73	43710.22
274.80	43689.23
274.86	43667.80
274.93	43646.30
275.00	43608.43
275.07	43561.44
275.14	43530.09
275.20	43498.83
275.27	43471.44
275.34	43450.20
275.41	43437.62
275.48	43420.65
275.54	43408.10
275.61	43389.08
275.68	43363.88
275.75	43330.70
275.81	43296.40
275.88	43266.73
275.95	43240.03
276.02	43215.91
276.09	43191.35
276.15	43167.45
276.22	43139.90
276.29	43121.30
276.36	43096.21
276.42	43077.39
276.49	43054.11
276.56	43026.40
276.63	42998.74
276.70	42976.25
276.76	42955.66
276.83	42934.79
276.90	42914.77
276.97	42893.80
277.03	42879.22
277.10	42855.17
277.17	42840.45
277.24	42826.38
277.30	42807.84
277.37	42782.83
277.44	42769.41
277.51	42744.99
277.58	42719.47
277.64	42699.01
277.71	42683.62
277.78	42660.86
277.85	42636.32
277.91	42610.98
277.98	42579.54
278.05	42549.20
278.12	42530.75
278.18	42515.26
278.25	42501.28
278.32	42480.58
278.39	42468.50
278.45	42443.91
278.52	42425.65
278.59	42404.78
278.66	42395.43
278.72	42378.12
278.79	42359.87
278.86	42337.28
278.93	42322.27
278.99	42298.11
279.06	42270.30
279.13	42244.23
279.20	42220.00
279.26	42199.31
279.33	42180.86
279.40	42157.36
279.47	42135.82
279.53	42108.65
279.60	42079.39
279.67	42049.25
279.74	42019.27
279.80	41998.12
279.87	41988.95
279.94	41973.79
280.01	41961.53
280.07	41948.62
280.14	41931.84
280.21	41903.20
280.28	41878.77
280.34	41849.39
280.41	41827.35
280.48	41794.44
280.55	41769.36
280.61	41737.88
280.68	41717.38
280.75	41687.83
280.82	41657.94
280.88	41625.54
280.95	41579.72
281.02	41520.58
281.08	41451.14
281.15	41380.89
281.22	41312.08
281.29	41259.00
281.35	41203.66
281.42	41167.41
281.49	41138.38
281.56	41103.95
281.62	41072.51
281.69	41045.01
281.76	41013.46
281.82	40973.95
281.89	40941.19
281.96	40910.37
282.03	40884.87
282.09	40858.09
282.16	40837.62
282.23	40814.98
282.30	40784.11
282.36	40758.50
282.43	40737.63
282.50	40727.73
282.56	40700.81
282.63	40684.10
282.70	40661.75
282.77	40648.93
282.83	40620.15
282.90	40607.47
282.97	40587.53
283.03	40560.65
283.10	40525.17
283.17	40502.55
283.24	40473.96
283.30	40448.04
283.37	40427.41
283.44	40407.16
283.50	40375.92
283.57	40356.07
283.64	40322.24
283.71	40286.24
283.77	40241.29
283.84	40209.87
283.91	40170.89
283.97	40152.15
284.04	40153.30
284.11	40166.16
284.18	40178.32
284.24	40188.88
284.31	40192.63
284.38	40183.77
284.44	40164.19
284.51	40138.35
284.58	40117.25
284.64	40103.87
284.71	40096.56
284.78	40086.18
284.85	40076.83
284.91	40068.93
284.98	40057.91
285.05	40027.76
285.11	40016.99
285.18	39999.70
285.25	39984.47
285.31	39973.96
285.38	39970.74
285.45	39971.85
285.52	39968.43
285.58	39960.52
285.65	39947.54
285.72	39932.92
285.78	39906.66
285.85	39890.25
285.92	39875.48
285.98	39857.25
286.05	39840.46
286.12	39824.80
286.18	39810.98
286.25	39803.99
286.32	39795.91
286.39	39799.07
286.45	39794.30
286.52	39786.95
286.59	39775.86
286.65	39768.15
286.72	39762.00
286.79	39755.61
286.85	39744.86
286.92	39731.41
286.99	39722.33
287.05	39699.97
287.12	39692.30
287.19	39687.12
287.25	39685.29
287.32	39678.89
287.39	39689.29
287.45	39687.65
287.52	39690.31
287.59	39692.84
287.65	39691.81
287.72	39676.69
287.79	39664.15
287.86	39647.97
287.92	39626.72
287.99	39608.70
288.06	39600.15
288.12	39589.14
288.19	39589.80
288.26	39583.88
288.32	39580.18
288.39	39569.70
288.46	39566.22
288.52	39561.23
288.59	39572.01
288.66	39584.83
288.72	39592.56
288.79	39599.45
288.86	39602.10
288.92	39590.25
288.99	39574.45
289.06	39567.54
289.12	39565.79
289.19	39563.45
289.26	39572.06
289.32	39580.32
289.39	39584.14
289.45	39584.11
289.52	39580.75
289.59	39579.76
289.65	39581.82
289.72	39583.56
289.79	39594.39
289.85	39604.35
289.92	39607.02
289.99	39614.74
290.05	39617.32
290.12	39606.81
290.19	39607.54
290.25	39605.73
290.32	39601.27
290.39	39603.29
290.45	39607.19
290.52	39604.35
290.59	39608.32
290.65	39607.70
290.72	39606.10
290.79	39606.90
290.85	39609.78
290.92	39623.73
290.98	39628.25
291.05	39641.84
291.12	39653.84
291.18	39661.48
291.25	39660.67
291.32	39671.96
291.38	39670.00
291.45	39668.34
291.52	39671.92
291.58	39674.11
291.65	39677.81
291.72	39693.53
291.78	39718.60
291.85	39732.34
291.91	39744.91
291.98	39769.82
292.05	39778.96
292.11	39780.40
292.18	39788.00
292.25	39797.03
292.31	39784.52
292.38	39785.13
292.45	39792.10
292.51	39804.78
292.58	39810.49
292.64	39823.25
292.71	39833.59
292.78	39842.28
292.84	39837.75
292.91	39844.83
292.98	39851.27
293.04	39856.49
293.11	39859.28
293.17	39875.50
293.24	39886.70
293.31	39902.40
293.37	39917.92
293.44	39927.11
293.51	39937.90
293.57	39939.35
293.64	39943.11
293.70	39954.74
293.77	39971.95
293.84	39981.52
293.90	39998.62
293.97	40007.64
294.04	40014.86
294.10	40020.47
294.17	40027.64
294.23	40043.95
294.30	40060.23
294.37	40072.55
294.43	40094.28
294.50	40106.32
294.56	40115.85
294.63	40126.86
294.70	40143.80
294.76	40152.47
294.83	40168.09
294.90	40179.50
294.96	40196.00
295.03	40204.14
295.09	40219.04
295.16	40241.34
295.23	40255.50
295.29	40266.69
295.36	40278.01
295.42	40279.61
295.49	40283.30
295.56	40302.55
295.62	40323.24
295.69	40332.84
295.75	40357.47
295.82	40369.86
295.89	40373.07
295.95	40373.26
296.02	40385.44
296.08	40386.29
296.15	40389.09
296.22	40404.12
296.28	40425.17
296.35	40450.42
296.41	40468.02
296.48	40493.04
296.55	40510.47
296.61	40521.35
296.68	40535.91
296.74	40558.25
296.81	40583.81
296.88	40603.20
296.94	40624.76
297.01	40643.54
297.07	40657.39
297.14	40670.55
297.20	40681.44
297.27	40696.55
297.34	40718.59
297.40	40737.37
297.47	40746.63
297.53	40760.51
297.60	40778.51
297.67	40782.44
297.73	40794.52
297.80	40806.21
297.86	40818.51
297.93	40826.61
298.00	40840.76
298.06	40852.10
298.13	40878.39
298.19	40898.77
298.26	40916.22
298.32	40936.14
298.39	40956.39
298.46	40961.90
298.52	40973.60
298.59	40988.79
298.65	41001.08
298.72	41015.08
298.78	41031.86
298.85	41043.87
298.92	41050.57
298.98	41062.92
299.05	41076.71
299.11	41087.89
299.18	41101.79
299.24	41121.67
299.31	41128.55
299.38	41135.43
299.44	41139.43
299.51	41158.83
299.57	41169.22
299.64	41181.08
299.70	41193.43
299.77	41210.22
299.84	41210.81
299.90	41209.86
299.97	41212.65
300.03	41220.38
300.10	41233.97
300.16	41254.21
300.23	41271.73
300.30	41293.08
300.36	41303.03
300.43	41315.18
300.49	41319.53
300.56	41329.67
300.62	41349.99
300.69	41361.54
300.75	41365.24
300.82	41374.40
300.89	41385.89
300.95	41391.86
301.02	41399.82
301.08	41411.73
301.15	41411.47
301.21	41409.26
301.28	41402.63
301.34	41405.81
301.41	41404.13
301.48	41408.07
301.54	41404.69
301.61	41405.20
301.67	41404.86
301.74	41413.51
301.80	41419.86
301.87	41423.85
301.93	41420.99
302.00	41418.62
302.06	41400.79
302.13	41382.70
302.20	41384.44
302.26	41376.43
302.33	41375.80
302.39	41374.42
302.46	41375.78
302.52	41363.46
302.59	41361.43
302.65	41351.34
302.72	41348.63
302.78	41343.67
302.85	41341.98
302.91	41334.46
302.98	41322.37
303.05	41309.48
303.11	41301.55
303.18	41288.47
303.24	41279.82
303.31	41267.47
303.37	41255.40
303.44	41243.00
303.50	41226.31
303.57	41207.39
303.63	41190.62
303.70	41174.56
303.76	41155.97
303.83	41145.95
303.89	41134.44
303.96	41122.62
304.03	41102.66
304.09	41087.42
304.16	41066.10
304.22	41044.21
304.29	41028.21
304.35	41013.97
304.42	40998.09
304.48	40981.94
304.55	40965.49
304.61	40943.45
304.68	40927.21
304.74	40906.40
304.81	40893.59
304.87	40856.04
304.94	40826.00
305.00	40798.05
305.07	40764.63
305.13	40721.43
305.20	40701.49
305.26	40684.66
305.33	40657.82
305.39	40634.30
305.46	40604.40
305.52	40580.93
305.59	40552.15
305.66	40521.68
305.72	40487.36
305.79	40458.36
305.85	40422.42
305.92	40366.73
305.98	40257.17
306.05	40049.47
306.11	39758.39
306.18	39469.55
306.24	39281.45
306.31	39246.93
306.37	39366.89
306.44	39601.64
306.50	39833.62
306.57	39979.50
306.63	40029.74
306.70	40020.12
306.76	39974.11
306.83	39925.15
306.89	39866.01
306.96	39812.35
307.02	39760.75
307.09	39725.53
307.15	39689.48
307.22	39664.23
307.28	39626.00
307.35	39588.15
307.41	39535.83
307.48	39488.67
307.54	39441.14
307.61	39397.05
307.67	39343.09
307.74	39299.49
307.80	39251.96
307.87	39204.67
307.93	39159.91
308.00	39125.72
308.06	39084.47
308.13	39036.02
308.19	38982.84
308.26	38931.59
308.32	38886.66
308.38	38848.32
308.45	38808.93
308.51	38777.80
308.58	38726.25
308.64	38659.90
308.71	38593.86
308.77	38545.49
308.84	38487.92
308.90	38458.70
308.97	38434.52
309.03	38405.88
309.10	38359.82
309.16	38315.16
309.23	38257.00
309.29	38201.79
309.36	38131.72
309.42	38062.80
309.49	37994.35
309.55	37924.18
309.62	37849.43
309.68	37795.24
309.75	37733.70
309.81	37679.33
309.88	37627.56
309.94	37572.03
310.00	37510.87
310.07	37455.49
310.13	37398.25
310.20	37340.16
310.26	37290.71
310.33	37239.77
310.39	37191.35
310.46	37136.71
310.52	37081.98
310.59	37027.58
310.65	36974.37
310.72	36920.09
310.78	36861.54
310.85	36797.49
310.91	36742.15
310.97	36686.66
311.04	36629.29
311.10	36568.44
311.17	36522.44
311.23	36469.40
311.30	36416.32
311.36	36364.06
311.43	36323.24
311.49	36262.58
311.56	36207.68
311.62	36141.84
311.69	36082.59
311.75	36019.55
311.81	35962.63
311.88	35892.60
311.94	35840.51
312.01	35794.77
312.07	35743.49
312.14	35699.20
312.20	35668.55
312.27	35616.67
312.33	35545.49
312.40	35477.43
312.46	35404.82
312.52	35333.28
312.59	35271.19
312.65	35211.94
312.72	35148.36
312.78	35087.05
312.85	35016.87
312.91	34947.23
312.98	34878.75
313.04	34820.71
313.10	34766.11
313.17	34710.00
313.23	34657.66
313.30	34608.60
313.36	34540.14
313.43	34466.06
313.49	34397.97
313.56	34317.35
313.62	34242.69
313.68	34184.92
313.75	34132.62
313.81	34072.49
313.88	34014.34
313.94	33955.49
314.01	33903.77
314.07	33842.90
314.13	33781.50
314.20	33727.59
314.26	33665.96
314.33	33592.90
314.39	33522.40
314.46	33448.78
314.52	33383.57
314.58	33315.09
314.65	33247.94
314.71	33181.95
314.78	33119.90
314.84	33052.91
314.91	32990.92
314.97	32926.48
315.03	32863.15
315.10	32801.61
315.16	32729.47
315.23	32663.07
315.29	32603.08
315.36	32540.31
315.42	32476.88
315.48	32415.77
315.55	32353.03
315.61	32279.17
315.68	32215.70
315.74	32152.10
315.81	32088.77
315.87	32016.27
315.93	31964.61
316.00	31924.05
316.06	31880.60
316.13	31850.63
316.19	31805.17
316.25	31701.47
316.32	31536.05
316.38	31321.56
316.45	31042.52
316.51	30726.39
316.58	30393.25
316.64	30034.65
316.70	29666.88
316.77	29276.17
316.83	28869.55
316.90	28447.20
316.96	28012.73
317.02	27562.55
317.09	27102.07
317.15	26631.71
317.22	26140.51
317.28	25640.65
317.34	25122.43
317.41	24595.96
317.47	24065.59
317.54	23522.63
317.60	22969.35
317.66	22410.11
317.73	21842.96
317.79	21267.35
317.86	20696.45
317.92	20116.08
317.98	19526.36
318.05	18929.94
318.11	18334.19
318.18	17746.21
318.24	17152.76
318.30	16564.60
318.37	15981.82
318.43	15390.85
318.50	14796.60
318.56	14214.62
318.62	13645.27
318.69	13083.90
318.75	12536.68
318.82	11992.91
318.88	11466.32
318.94	10946.13
319.01	10436.94
319.07	9944.62
319.13	9463.62
319.20	8990.91
319.26	8529.53
319.33	8087.10
319.39	7647.52
319.45	7238.52
319.52	6844.91
319.58	6465.99
319.65	6100.75
319.71	5756.35
319.77	5418.03
319.84	5101.30
319.90	4803.40
319.96	4514.88
320.03	4242.90
320.09	3992.25
320.16	3744.72
320.22	3517.43
320.28	3307.76
320.35	3114.54
320.41	2931.11
320.47	2767.60
320.54	2607.69
320.60	2466.42
320.67	2334.44
320.73	2212.11
320.79	2099.30
320.86	2002.12
320.92	1906.29
320.98	1823.16
321.05	1746.01
321.11	1673.10
321.18	1606.13
321.24	1548.21
321.30	1487.02
321.37	1436.70
321.43	1397.03
321.49	1355.27
321.56	1317.65
321.62	1287.71
321.68	1253.29
321.75	1220.63
321.81	1193.87
321.88	1164.65
321.94	1140.55
322.00	1118.81
322.07	1090.71
322.13	1061.48
322.19	1032.13
322.26	998.90
322.32	968.77
322.38	942.82
322.45	922.85
322.51	899.67
322.58	880.58
322.64	852.91
322.70	829.70
322.77	796.96
322.83	775.35
322.89	742.99
322.96	716.69
323.02	687.70
323.08	660.70
323.15	630.36
323.21	606.23
323.27	581.31
323.34	556.51
323.40	531.97
323.46	506.65
323.53	476.59
323.59	403.70
323.65	303.49
323.72	190.54
323.78	81.84
323.85	-17.55
323.91	-67.73
323.97	-86.18
324.04	-86.18
