180.21	3431.05
180.28	-126.10
180.36	632.82
180.44	-47.82
180.51	-16.21
180.59	8.20
180.66	35.99
180.74	34.26
180.81	33.94
180.89	35.64
180.97	36.33
181.04	34.18
181.12	33.27
181.19	33.71
181.27	34.46
181.34	50.09
181.42	57.27
181.50	64.02
181.57	75.31
181.65	80.73
181.72	75.91
181.80	71.12
181.87	72.07
181.95	72.85
182.03	73.17
182.10	76.42
182.18	79.45
182.25	86.42
182.33	88.63
182.40	98.84
182.48	97.99
182.55	113.72
182.63	122.65
182.71	130.59
182.78	139.59
182.86	154.10
182.93	153.76
183.01	153.30
183.08	148.95
183.16	146.61
183.23	137.57
183.31	145.17
183.39	152.39
183.46	172.93
183.54	183.38
183.61	211.04
183.69	232.20
183.76	265.45
183.84	292.15
183.91	320.97
183.99	362.63
184.06	392.82
184.14	424.82
184.22	469.59
184.29	503.58
184.37	514.11
184.44	532.72
184.52	520.92
184.59	463.85
184.67	410.16
184.74	359.54
184.82	325.64
184.89	321.51
184.97	365.54
185.04	434.95
185.12	504.42
185.20	582.63
185.27	656.59
185.35	743.81
185.42	802.94
185.50	865.76
185.57	922.12
185.65	965.89
185.72	1004.48
185.80	1083.09
185.87	1140.86
185.95	1207.64
186.02	1323.61
186.10	1392.88
186.17	1416.72
186.25	1406.93
186.33	1265.09
186.40	1063.79
186.48	917.09
186.55	823.79
186.63	809.56
186.70	933.11
186.78	1096.37
186.85	1240.30
186.93	1364.23
187.00	1466.40
187.08	1580.49
187.15	1687.27
187.23	1809.77
187.30	1940.75
187.38	2050.02
187.45	2167.04
187.53	2301.98
187.60	2382.17
187.68	2482.25
187.75	2627.56
187.83	2700.61
187.90	2758.62
187.98	2867.90
188.05	2893.56
188.13	2751.26
188.21	2494.52
188.28	2227.63
188.36	1965.58
188.43	1777.22
188.51	1782.89
188.58	1974.38
188.66	2184.23
188.73	2385.78
188.81	2599.13
188.88	2758.94
188.96	2920.01
189.03	3055.35
189.11	3201.53
189.18	3330.34
189.26	3440.05
189.33	3550.32
189.41	3681.56
189.48	3761.31
189.56	3858.35
189.63	3993.13
189.71	4053.58
189.78	4112.58
189.86	4214.42
189.93	4261.69
190.01	4254.95
190.08	4230.06
190.16	4045.17
190.23	3677.79
190.31	3337.14
190.38	3091.51
190.46	2947.29
190.53	2990.14
190.61	3223.89
190.68	3469.90
190.76	3692.44
190.83	3885.43
190.91	4045.15
190.98	4215.37
191.06	4361.94
191.13	4510.55
191.21	4643.59
191.28	4757.94
191.35	4877.65
191.43	4996.33
191.50	5067.51
191.58	5157.30
191.65	5252.30
191.73	5280.68
191.80	5318.22
191.88	5352.89
191.95	5344.17
192.03	5340.42
192.10	5365.04
192.18	5372.28
192.25	5356.46
192.33	5248.00
192.40	5018.37
192.48	4770.09
192.55	4580.74
192.63	4462.46
192.70	4498.58
192.78	4683.43
192.85	4915.81
192.93	5115.34
193.00	5299.11
193.08	5442.57
193.15	5594.25
193.22	5696.22
193.30	5783.15
193.37	5856.68
193.45	5899.76
193.52	5927.40
193.60	5977.53
193.67	6022.82
193.75	6071.19
193.82	6141.16
193.90	6178.33
193.97	6215.28
194.05	6262.99
194.12	6298.89
194.20	6347.77
194.27	6412.78
194.34	6465.11
194.42	6501.57
194.49	6538.69
194.57	6557.96
194.64	6523.99
194.72	6430.69
194.79	6320.20
194.87	6214.54
194.94	6109.48
195.02	6056.59
195.09	6080.83
195.17	6149.37
195.24	6227.24
195.31	6339.84
195.39	6464.25
195.46	6593.10
195.54	6710.88
195.61	6819.16
195.69	6897.57
195.76	6953.39
195.84	7001.27
195.91	7038.13
195.99	7063.08
196.06	7080.27
196.13	7105.52
196.21	7115.46
196.28	7115.17
196.36	7103.35
196.43	7065.33
196.51	7006.12
196.58	6946.83
196.66	6903.26
196.73	6896.98
196.80	6941.08
196.88	7013.83
196.95	7110.78
197.03	7214.78
197.10	7293.42
197.18	7337.09
197.25	7367.69
197.33	7391.59
197.40	7410.53
197.47	7423.48
197.55	7453.01
197.62	7487.04
197.70	7510.75
197.77	7532.17
197.85	7550.41
197.92	7549.52
197.99	7514.04
198.07	7429.72
198.14	7315.45
198.22	7230.84
198.29	7203.05
198.37	7249.94
198.44	7375.99
198.51	7537.55
198.59	7693.04
198.66	7818.90
198.74	7908.66
198.81	7974.63
198.89	8023.86
198.96	8064.69
199.03	8092.87
199.11	8119.85
199.18	8128.40
199.26	8129.77
199.33	8135.08
199.41	8140.42
199.48	8108.33
199.55	8031.00
199.63	7923.67
199.70	7816.07
199.78	7713.40
199.85	7686.99
199.93	7762.25
200.00	7914.47
200.07	8081.25
200.15	8256.94
200.22	8396.16
200.30	8490.13
200.37	8564.96
200.44	8622.71
200.52	8676.79
200.59	8729.61
200.67	8769.00
200.74	8777.89
200.81	8769.43
200.89	8741.99
200.96	8722.14
201.04	8704.37
201.11	8676.94
201.19	8613.24
201.26	8547.04
201.33	8478.77
201.41	8448.45
201.48	8477.27
201.56	8591.13
201.63	8749.39
201.70	8909.24
201.78	9053.58
201.85	9181.17
201.93	9276.29
202.00	9348.17
202.07	9412.53
202.15	9462.82
202.22	9497.09
202.30	9533.01
202.37	9561.12
202.44	9583.17
202.52	9593.61
202.59	9586.02
202.67	9567.28
202.74	9563.56
202.81	9549.47
202.89	9512.96
202.96	9480.57
203.04	9492.29
203.11	9527.69
203.18	9612.15
203.26	9749.69
203.33	9909.95
203.41	10041.46
203.48	10149.05
203.55	10220.79
203.63	10288.07
203.70	10352.07
203.77	10408.45
203.85	10458.56
203.92	10504.06
204.00	10550.42
204.07	10592.63
204.14	10638.52
204.22	10673.07
204.29	10713.11
204.37	10730.85
204.44	10737.73
204.51	10744.22
204.59	10761.30
204.66	10769.29
204.73	10806.22
204.81	10874.00
204.88	10967.31
204.96	11074.54
205.03	11196.72
205.10	11308.21
205.18	11403.57
205.25	11480.54
205.32	11554.40
205.40	11624.88
205.47	11690.04
205.55	11756.83
205.62	11819.04
205.69	11876.32
205.77	11935.53
205.84	11999.70
205.91	12064.83
205.99	12134.52
206.06	12193.76
206.14	12249.56
206.21	12304.50
206.28	12347.80
206.36	12392.68
206.43	12432.94
206.50	12497.85
206.58	12577.00
206.65	12676.71
206.72	12782.10
206.80	12907.62
206.87	13012.58
206.95	13111.24
207.02	13205.34
207.09	13292.56
207.17	13372.25
207.24	13452.40
207.31	13534.98
207.39	13614.89
207.46	13692.94
207.53	13771.15
207.61	13854.30
207.68	13929.85
207.75	14012.68
207.83	14101.89
207.90	14185.55
207.98	14256.09
208.05	14323.50
208.12	14384.89
208.20	14457.14
208.27	14544.30
208.34	14649.77
208.42	14759.06
208.49	14871.87
208.56	14972.29
208.64	15073.11
208.71	15171.26
208.78	15269.55
208.86	15377.31
208.93	15482.96
209.00	15582.57
209.08	15680.36
209.15	15784.56
209.22	15885.74
209.30	15992.25
209.37	16097.56
209.44	16205.10
209.52	16310.19
209.59	16404.44
209.67	16504.86
209.74	16603.16
209.81	16707.37
209.89	16804.61
209.96	16915.30
210.03	17020.34
210.11	17131.97
210.18	17234.78
210.25	17346.15
210.33	17452.78
210.40	17563.53
210.47	17682.40
210.55	17806.83
210.62	17928.04
210.69	18042.05
210.77	18161.76
210.84	18279.91
210.91	18410.30
210.99	18532.05
211.06	18655.98
211.13	18778.42
211.21	18899.80
211.28	19005.53
211.35	19127.81
211.42	19259.39
211.50	19383.28
211.57	19503.59
211.64	19634.29
211.72	19754.19
211.79	19869.99
211.86	19990.22
211.94	20120.01
212.01	20236.34
212.08	20364.44
212.16	20489.31
212.23	20622.63
212.30	20754.46
212.38	20889.41
212.45	21026.33
212.52	21163.80
212.60	21290.90
212.67	21415.98
212.74	21550.91
212.82	21678.85
212.89	21811.46
212.96	21941.93
213.03	22073.45
213.11	22206.58
213.18	22338.90
213.25	22473.89
213.33	22614.29
213.40	22746.31
213.47	22883.58
213.55	23025.48
213.62	23158.73
213.69	23293.39
213.77	23437.59
213.84	23572.60
213.91	23720.44
213.98	23873.85
214.06	24020.69
214.13	24176.12
214.20	24322.19
214.28	24467.14
214.35	24602.59
214.42	24745.23
214.50	24877.42
214.57	25016.63
214.64	25151.01
214.72	25292.85
214.79	25440.27
214.86	25584.37
214.93	25732.34
215.01	25886.14
215.08	26033.55
215.15	26178.67
215.23	26326.82
215.30	26474.17
215.37	26614.44
215.44	26766.68
215.52	26915.65
215.59	27062.77
215.66	27204.59
215.74	27343.23
215.81	27478.06
215.88	27626.14
215.95	27766.86
216.03	27922.10
216.10	28078.07
216.17	28231.54
216.25	28371.19
216.32	28523.39
216.39	28672.36
216.46	28818.92
216.54	28968.16
216.61	29123.45
216.68	29272.15
216.76	29418.19
216.83	29557.27
216.90	29715.78
216.97	29870.75
217.05	30023.96
217.12	30170.58
217.19	30327.62
217.27	30463.75
217.34	30592.09
217.41	30718.15
217.48	30853.23
217.56	30990.99
217.63	31136.53
217.70	31290.71
217.78	31455.20
217.85	31615.54
217.92	31763.96
217.99	31913.84
218.07	32059.87
218.14	32197.29
218.21	32340.65
218.28	32490.47
218.36	32638.06
218.43	32787.54
218.50	32947.45
218.57	33092.21
218.65	33234.69
218.72	33370.68
218.79	33499.24
218.87	33627.06
218.94	33771.14
219.01	33910.08
219.08	34048.68
219.16	34197.78
219.23	34343.84
219.30	34479.34
219.37	34621.45
219.45	34770.35
219.52	34913.26
219.59	35038.60
219.66	35161.79
219.74	35298.36
219.81	35443.21
219.88	35581.12
219.95	35734.12
220.03	35890.63
220.10	36025.55
220.17	36153.98
220.24	36289.51
220.32	36420.33
220.39	36538.89
220.46	36663.23
220.53	36785.66
220.61	36902.17
220.68	37022.68
220.75	37155.38
220.82	37293.58
220.90	37422.89
220.97	37555.98
221.04	37680.75
221.11	37802.49
221.19	37922.74
221.26	38046.03
221.33	38170.02
221.40	38309.43
221.48	38435.07
221.55	38553.23
221.62	38665.04
221.69	38777.79
221.77	38887.26
221.84	39009.47
221.91	39128.73
221.98	39257.90
222.06	39386.71
222.13	39507.61
222.20	39619.56
222.27	39737.24
222.35	39849.35
222.42	39964.26
222.49	40078.33
222.56	40193.07
222.63	40295.99
222.71	40406.29
222.78	40511.41
222.85	40612.37
222.92	40727.41
223.00	40840.87
223.07	40954.02
223.14	41060.21
223.21	41167.87
223.29	41264.21
223.36	41370.54
223.43	41474.88
223.50	41586.06
223.57	41690.38
223.65	41812.34
223.72	41928.03
223.79	42026.17
223.86	42120.83
223.94	42213.86
224.01	42290.83
224.08	42372.85
224.15	42464.76
224.22	42558.62
224.30	42650.87
224.37	42748.82
224.44	42848.40
224.51	42936.49
224.59	43013.79
224.66	43104.57
224.73	43188.95
224.80	43279.21
224.87	43373.04
224.95	43482.16
225.02	43583.01
225.09	43679.56
225.16	43767.64
225.23	43867.15
225.31	43956.51
225.38	44038.50
225.45	44128.21
225.52	44218.94
225.60	44298.39
225.67	44377.41
225.74	44456.46
225.81	44532.27
225.88	44604.48
225.96	44679.19
226.03	44744.06
226.10	44817.07
226.17	44890.32
226.24	44965.84
226.32	45042.87
226.39	45127.86
226.46	45204.96
226.53	45283.68
226.60	45365.14
226.68	45448.70
226.75	45533.00
226.82	45620.92
226.89	45706.47
226.96	45777.57
227.04	45837.22
227.11	45891.04
227.18	45946.44
227.25	45994.33
227.32	46048.32
227.40	46108.95
227.47	46178.97
227.54	46249.47
227.61	46321.68
227.68	46396.25
227.76	46475.94
227.83	46549.47
227.90	46613.11
227.97	46676.66
228.04	46740.52
228.11	46790.04
228.19	46829.35
228.26	46885.79
228.33	46936.41
228.40	46975.29
228.47	47021.92
228.55	47079.32
228.62	47136.97
228.69	47202.89
228.76	47271.71
228.83	47337.59
228.90	47395.47
228.98	47447.98
229.05	47503.13
229.12	47567.31
229.19	47628.74
229.26	47689.54
229.34	47739.41
229.41	47789.91
229.48	47829.68
229.55	47870.97
229.62	47927.85
229.69	47989.97
229.77	48046.23
229.84	48107.44
229.91	48162.92
229.98	48200.97
230.05	48238.67
230.12	48274.19
230.20	48315.70
230.27	48353.87
230.34	48401.50
230.41	48463.78
230.48	48523.27
230.55	48579.98
230.63	48645.27
230.70	48707.83
230.77	48741.42
230.84	48772.34
230.91	48799.19
230.98	48827.35
231.06	48858.54
231.13	48909.26
231.20	48972.51
231.27	49039.00
231.34	49103.21
231.41	49162.11
231.49	49211.49
231.56	49251.85
231.63	49287.79
231.70	49322.56
231.77	49359.08
231.84	49392.23
231.92	49417.46
231.99	49446.69
232.06	49480.51
232.13	49508.48
232.20	49545.80
232.27	49586.93
232.34	49621.50
232.42	49648.14
232.49	49677.78
232.56	49705.77
232.63	49742.76
232.70	49780.18
232.77	49826.92
232.85	49867.94
232.92	49907.52
232.99	49938.30
233.06	49964.40
233.13	49977.07
233.20	49992.58
233.27	49995.28
233.35	49997.43
233.42	50004.41
233.49	50024.89
233.56	50050.43
233.63	50082.79
233.70	50114.58
233.77	50152.99
233.85	50181.94
233.92	50221.82
233.99	50256.70
234.06	50293.21
234.13	50311.44
234.20	50335.49
234.27	50344.55
234.35	50353.01
234.42	50364.55
234.49	50382.15
234.56	50398.44
234.63	50402.42
234.70	50416.19
234.77	50425.36
234.84	50432.96
234.92	50434.69
234.99	50443.56
235.06	50448.24
235.13	50447.01
235.20	50450.39
235.27	50460.58
235.34	50469.60
235.41	50484.16
235.49	50498.90
235.56	50510.43
235.63	50513.10
235.70	50521.49
235.77	50522.70
235.84	50525.55
235.91	50525.24
235.98	50522.09
236.06	50502.35
236.13	50486.30
236.20	50469.47
236.27	50437.08
236.34	50411.22
236.41	50400.16
236.48	50382.76
236.55	50370.97
236.63	50370.44
236.70	50365.64
236.77	50368.16
236.84	50381.12
236.91	50381.37
236.98	50384.25
237.05	50394.10
237.12	50389.01
237.19	50377.59
237.27	50379.29
237.34	50382.30
237.41	50379.13
237.48	50366.96
237.55	50353.75
237.62	50337.24
237.69	50326.29
237.76	50318.02
237.83	50326.95
237.91	50326.80
237.98	50326.26
238.05	50314.24
238.12	50301.38
238.19	50278.89
238.26	50279.88
238.33	50264.79
238.40	50259.77
238.47	50243.94
238.54	50244.64
238.62	50222.61
238.69	50209.11
238.76	50193.82
238.83	50182.22
238.90	50162.25
238.97	50145.66
239.04	50134.70
239.11	50129.74
239.18	50129.89
239.25	50126.13
239.33	50112.09
239.40	50096.84
239.47	50070.81
239.54	50038.42
239.61	50007.35
239.68	49972.73
239.75	49955.71
239.82	49948.39
239.89	49939.13
239.96	49934.46
240.03	49939.08
240.11	49933.21
240.18	49919.31
240.25	49912.34
240.32	49897.78
240.39	49891.15
240.46	49877.40
240.53	49875.09
240.60	49870.59
240.67	49867.70
240.74	49859.54
240.81	49847.62
240.88	49822.76
240.96	49804.79
241.03	49793.57
241.10	49788.07
241.17	49785.15
241.24	49789.18
241.31	49790.15
241.38	49783.14
241.45	49770.26
241.52	49760.24
241.59	49746.04
241.66	49729.87
241.73	49718.58
241.80	49705.47
241.88	49691.89
241.95	49672.70
242.02	49653.98
242.09	49626.21
242.16	49604.28
242.23	49594.63
242.30	49584.39
242.37	49572.24
242.44	49578.07
242.51	49571.80
242.58	49561.56
242.65	49559.04
242.72	49562.29
242.79	49549.03
242.87	49547.71
242.94	49539.44
243.01	49538.49
243.08	49540.74
243.15	49541.45
243.22	49544.92
243.29	49558.82
243.36	49562.21
243.43	49558.16
243.50	49575.51
243.57	49593.96
243.64	49593.93
243.71	49597.79
243.78	49605.15
243.85	49589.99
243.92	49580.19
243.99	49574.86
244.07	49568.66
244.14	49554.09
244.21	49548.17
244.28	49536.34
244.35	49530.99
244.42	49526.25
244.49	49525.17
244.56	49532.72
244.63	49540.36
244.70	49543.29
244.77	49551.19
244.84	49560.58
244.91	49568.22
244.98	49579.37
245.05	49599.70
245.12	49620.05
245.19	49647.47
245.26	49661.41
245.33	49671.40
245.40	49695.45
245.47	49722.17
245.55	49743.36
245.62	49759.58
245.69	49774.19
245.76	49768.48
245.83	49765.20
245.90	49752.86
245.97	49752.91
246.04	49764.01
246.11	49772.47
246.18	49769.08
246.25	49777.96
246.32	49785.40
246.39	49789.65
246.46	49799.54
246.53	49819.41
246.60	49836.96
246.67	49853.67
246.74	49877.37
246.81	49906.67
246.88	49920.94
246.95	49945.88
247.02	49977.74
247.09	50001.68
247.16	50003.72
247.23	50006.75
247.30	49994.23
247.37	49985.41
247.44	49991.58
247.51	50012.64
247.58	50050.71
247.66	50087.32
247.73	50129.71
247.80	50148.62
247.87	50174.08
247.94	50201.09
248.01	50241.07
248.08	50267.20
248.15	50298.97
248.22	50329.08
248.29	50351.98
248.36	50369.69
248.43	50396.39
248.50	50427.29
248.57	50442.08
248.64	50453.44
248.71	50469.51
248.78	50494.69
248.85	50506.59
248.92	50540.48
248.99	50569.63
249.06	50595.54
249.13	50599.66
249.20	50617.72
249.27	50623.56
249.34	50637.42
249.41	50646.30
249.48	50642.34
249.55	50630.03
249.62	50639.22
249.69	50654.31
249.76	50686.75
249.83	50736.76
249.90	50793.71
249.97	50833.36
250.04	50871.82
250.11	50904.98
250.18	50934.16
250.25	50958.92
250.32	50980.23
250.39	50999.23
250.46	51013.88
250.53	51040.01
250.60	51066.38
250.67	51095.31
250.74	51117.66
250.81	51129.71
250.88	51144.03
250.95	51156.33
251.02	51173.93
251.09	51198.86
251.16	51232.45
251.23	51250.46
251.30	51263.91
251.37	51272.48
251.44	51282.18
251.51	51295.33
251.58	51319.34
251.65	51341.85
251.72	51361.77
251.79	51377.84
251.86	51392.72
251.93	51407.51
252.00	51417.84
252.07	51435.09
252.14	51457.69
252.21	51470.06
252.28	51474.41
252.35	51486.30
252.42	51509.29
252.49	51521.99
252.56	51526.35
252.63	51541.39
252.70	51557.43
252.77	51561.69
252.84	51572.27
252.91	51584.84
252.98	51599.75
253.05	51619.02
253.12	51632.51
253.19	51638.90
253.25	51666.92
253.32	51677.99
253.39	51701.70
253.46	51728.90
253.53	51757.09
253.60	51766.13
253.67	51784.24
253.74	51797.70
253.81	51807.81
253.88	51816.54
253.95	51829.75
254.02	51847.40
254.09	51858.89
254.16	51871.37
254.23	51886.37
254.30	51902.04
254.37	51915.00
254.44	51922.90
254.51	51929.91
254.58	51936.69
254.65	51938.11
254.72	51942.80
254.79	51945.09
254.86	51958.67
254.93	51962.47
255.00	51971.67
255.07	51973.80
255.14	51981.77
255.21	51974.03
255.28	51966.31
255.34	51956.48
255.41	51950.10
255.48	51944.10
255.55	51940.94
255.62	51953.94
255.69	51963.90
255.76	51969.04
255.83	51980.59
255.90	52000.28
255.97	52014.82
256.04	52014.69
256.11	52026.43
256.18	52024.31
256.25	52011.70
256.32	51992.39
256.39	52000.69
256.46	51996.11
256.53	51994.91
256.60	51996.85
256.67	52005.79
256.74	52001.84
256.80	52001.01
256.87	52000.71
256.94	52000.95
257.01	52002.17
257.08	52000.50
257.15	51991.41
257.22	51979.49
257.29	51959.67
257.36	51932.79
257.43	51916.24
257.50	51909.36
257.57	51897.36
257.64	51891.88
257.71	51869.58
257.78	51850.12
257.85	51820.58
257.92	51809.19
257.98	51788.49
258.05	51796.53
258.12	51789.90
258.19	51790.01
258.26	51782.71
258.33	51779.99
258.40	51770.20
258.47	51770.01
258.54	51771.67
258.61	51763.24
258.68	51756.36
258.75	51751.09
258.82	51739.79
258.89	51712.71
258.95	51693.42
259.02	51679.53
259.09	51654.68
259.16	51628.64
259.23	51604.94
259.30	51585.21
259.37	51566.90
259.44	51552.58
259.51	51541.99
259.58	51537.19
259.65	51519.95
259.72	51496.36
259.79	51457.79
259.85	51418.74
259.92	51386.46
259.99	51360.78
260.06	51336.30
260.13	51321.92
260.20	51300.14
260.27	51268.73
260.34	51231.04
260.41	51200.62
260.48	51179.26
260.55	51166.13
260.62	51156.40
260.68	51147.44
260.75	51119.17
260.82	51093.53
260.89	51072.07
260.96	51043.04
261.03	51014.24
261.10	50988.08
261.17	50956.34
261.24	50917.95
261.31	50883.75
261.38	50856.13
261.44	50828.47
261.51	50794.49
261.58	50755.73
261.65	50719.48
261.72	50680.45
261.79	50639.48
261.86	50608.35
261.93	50589.16
262.00	50568.88
262.07	50536.38
262.13	50511.01
262.20	50479.52
262.27	50432.38
262.34	50397.40
262.41	50367.22
262.48	50328.74
262.55	50297.48
262.62	50270.05
262.69	50219.14
262.76	50180.85
262.82	50153.19
262.89	50118.96
262.96	50090.66
263.03	50065.59
263.10	50037.68
263.17	50005.10
263.24	49963.48
263.31	49929.34
263.38	49897.35
263.44	49860.49
263.51	49808.94
263.58	49768.32
263.65	49727.44
263.72	49684.32
263.79	49640.62
263.86	49611.48
263.93	49569.10
264.00	49519.65
264.06	49479.27
264.13	49438.76
264.20	49405.56
264.27	49374.57
264.34	49334.67
264.41	49290.67
264.48	49250.81
264.55	49203.19
264.61	49157.03
264.68	49115.70
264.75	49078.50
264.82	49025.75
264.89	48978.10
264.96	48936.04
265.03	48895.31
265.10	48853.83
265.16	48822.88
265.23	48788.68
265.30	48758.95
265.37	48727.85
265.44	48689.88
265.51	48650.19
265.58	48604.73
265.65	48554.08
265.71	48500.30
265.78	48462.56
265.85	48418.44
265.92	48379.62
265.99	48336.88
266.06	48302.02
266.13	48245.47
266.20	48204.44
266.26	48154.80
266.33	48112.10
266.40	48067.03
266.47	48025.55
266.54	47965.49
266.61	47913.40
266.68	47854.98
266.74	47796.21
266.81	47740.79
266.88	47696.71
266.95	47644.14
267.02	47603.82
267.09	47557.13
267.16	47517.94
267.22	47468.70
267.29	47434.05
267.36	47388.84
267.43	47349.53
267.50	47310.40
267.57	47279.06
267.64	47244.42
267.70	47208.69
267.77	47169.63
267.84	47130.07
267.91	47081.08
267.98	47021.94
268.05	46973.44
268.11	46923.89
268.18	46867.49
268.25	46822.07
268.32	46783.74
268.39	46742.00
268.46	46703.34
268.53	46666.96
268.59	46630.27
268.66	46593.18
268.73	46549.08
268.80	46507.17
268.87	46460.92
268.94	46414.97
269.00	46364.53
269.07	46317.64
269.14	46284.14
269.21	46253.33
269.28	46217.51
269.35	46185.27
269.41	46157.84
269.48	46111.54
269.55	46055.26
269.62	46007.05
269.69	45966.71
269.76	45915.42
269.82	45872.31
269.89	45843.42
269.96	45823.13
270.03	45786.45
270.10	45756.41
270.17	45713.88
270.23	45679.62
270.30	45633.41
270.37	45603.76
270.44	45566.02
270.51	45536.26
270.58	45496.72
270.64	45464.75
270.71	45426.80
270.78	45396.73
270.85	45362.02
270.92	45329.36
270.99	45292.85
271.05	45257.33
271.12	45219.67
271.19	45181.92
271.26	45135.95
271.33	45083.48
271.39	45043.79
271.46	44998.11
271.53	44965.37
271.60	44947.46
271.67	44929.58
271.74	44894.69
271.80	44870.10
271.87	44845.42
271.94	44806.69
272.01	44772.77
272.08	44738.05
272.14	44699.96
272.21	44667.03
272.28	44641.48
272.35	44627.05
272.42	44608.62
272.48	44593.01
272.55	44567.16
272.62	44540.08
272.69	44515.90
272.76	44503.14
272.83	44477.02
272.89	44449.38
272.96	44418.32
273.03	44373.85
273.10	44335.31
273.17	44305.88
273.23	44276.07
273.30	44255.25
273.37	44233.91
273.44	44205.96
273.51	44184.51
273.57	44170.17
273.64	44149.65
273.71	44132.55
273.78	44111.08
273.85	44087.54
273.91	44061.76
273.98	44041.09
274.05	44022.94
274.12	44006.97
274.19	43988.86
274.25	43964.62
274.32	43936.36
274.39	43895.50
274.46	43846.25
274.53	43794.59
274.59	43747.79
274.66	43713.48
274.73	43696.91
274.80	43684.20
274.86	43668.34
274.93	43649.79
275.00	43615.85
275.07	43568.14
275.14	43533.91
275.20	43501.64
275.27	43475.82
275.34	43450.59
275.41	43434.90
275.48	43421.07
275.54	43403.45
275.61	43381.96
275.68	43366.63
275.75	43342.92
275.81	43306.04
275.88	43274.71
275.95	43244.25
276.02	43212.31
276.09	43188.09
276.15	43160.82
276.22	43138.83
276.29	43125.15
276.36	43101.10
276.42	43073.30
276.49	43051.20
276.56	43026.94
276.63	42995.96
276.70	42975.71
276.76	42954.59
276.83	42932.38
276.90	42912.33
276.97	42890.37
277.03	42867.14
277.10	42844.71
277.17	42834.12
277.24	42823.27
277.30	42807.34
277.37	42789.35
277.44	42777.08
277.51	42756.53
277.58	42729.83
277.64	42704.64
277.71	42688.61
277.78	42659.48
277.85	42627.12
277.91	42596.88
277.98	42575.85
278.05	42538.84
278.12	42527.09
278.18	42508.41
278.25	42485.96
278.32	42458.18
278.39	42448.29
278.45	42421.40
278.52	42403.47
278.59	42395.67
278.66	42383.69
278.72	42369.95
278.79	42351.57
278.86	42330.92
278.93	42312.16
278.99	42292.99
279.06	42268.49
279.13	42244.57
279.20	42227.66
279.26	42203.63
279.33	42182.74
279.40	42157.44
279.47	42134.81
279.53	42108.33
279.60	42084.53
279.67	42055.54
279.74	42029.39
279.80	42007.62
279.87	41986.89
279.94	41972.46
280.01	41966.15
280.07	41950.12
280.14	41931.35
280.21	41910.61
280.28	41876.39
280.34	41838.83
280.41	41813.89
280.48	41781.65
280.55	41754.46
280.61	41736.51
280.68	41719.50
280.75	41692.23
280.82	41666.99
280.88	41628.62
280.95	41578.46
281.02	41517.89
281.08	41448.59
281.15	41373.92
281.22	41307.99
281.29	41247.18
281.35	41195.42
281.42	41161.22
281.49	41130.62
281.56	41098.42
281.62	41071.19
281.69	41035.04
281.76	41000.13
281.82	40962.36
281.89	40927.38
281.96	40895.04
282.03	40873.69
282.09	40849.29
282.16	40827.90
282.23	40801.65
282.30	40772.28
282.36	40749.35
282.43	40725.67
282.50	40710.26
282.56	40686.87
282.63	40672.69
282.70	40648.39
282.77	40631.84
282.83	40610.46
282.90	40594.35
282.97	40569.91
283.03	40541.13
283.10	40508.38
283.17	40486.81
283.24	40466.07
283.30	40443.90
283.37	40427.31
283.44	40400.79
283.50	40368.96
283.57	40343.49
283.64	40312.93
283.71	40276.08
283.77	40244.84
283.84	40209.86
283.91	40170.00
283.97	40141.59
284.04	40145.83
284.11	40147.51
284.18	40158.98
284.24	40174.89
284.31	40190.86
284.38	40178.22
284.44	40172.88
284.51	40156.16
284.58	40141.50
284.64	40120.42
284.71	40110.14
284.78	40094.15
284.85	40082.08
284.91	40062.19
284.98	40046.54
285.05	40017.03
285.11	40002.22
285.18	39981.84
285.25	39970.72
285.31	39959.12
285.38	39963.49
285.45	39956.23
285.52	39956.88
285.58	39947.74
285.65	39938.29
285.72	39912.44
285.78	39892.02
285.85	39873.41
285.92	39858.39
285.98	39841.18
286.05	39832.38
286.12	39823.09
286.18	39811.14
286.25	39808.75
286.32	39799.42
286.39	39799.17
286.45	39797.42
286.52	39791.79
286.59	39778.33
286.65	39780.45
286.72	39774.25
286.79	39765.17
286.85	39750.15
286.92	39741.95
286.99	39728.26
287.05	39709.44
287.12	39698.03
287.19	39694.13
287.25	39687.04
287.32	39676.27
287.39	39679.25
287.45	39675.95
287.52	39676.79
287.59	39679.80
287.65	39680.58
287.72	39667.70
287.79	39659.83
287.86	39645.17
287.92	39630.17
287.99	39617.12
288.06	39614.06
288.12	39601.27
288.19	39598.27
288.26	39587.19
288.32	39584.91
288.39	39573.99
288.46	39571.76
288.52	39571.66
288.59	39578.68
288.66	39583.04
288.72	39587.70
288.79	39595.68
288.86	39592.50
288.92	39585.88
288.99	39572.07
289.06	39569.65
289.12	39558.84
289.19	39565.19
289.26	39566.08
289.32	39574.92
289.39	39573.49
289.45	39584.02
289.52	39571.77
289.59	39572.77
289.65	39577.14
289.72	39582.77
289.79	39589.84
289.85	39605.85
289.92	39613.82
289.99	39620.26
290.05	39621.76
290.12	39609.94
290.19	39608.97
290.25	39602.92
290.32	39597.67
290.39	39599.05
290.45	39602.10
290.52	39600.01
290.59	39612.17
290.65	39613.25
290.72	39612.38
290.79	39616.67
290.85	39628.77
290.92	39634.83
290.98	39645.14
291.05	39660.07
291.12	39670.27
291.18	39668.65
291.25	39668.92
291.32	39670.64
291.38	39667.66
291.45	39660.46
291.52	39655.04
291.58	39656.90
291.65	39662.45
291.72	39678.43
291.78	39711.22
291.85	39738.86
291.91	39756.25
291.98	39781.65
292.05	39789.57
292.11	39786.44
292.18	39794.88
292.25	39798.70
292.31	39785.90
292.38	39787.74
292.45	39796.22
292.51	39804.92
292.58	39814.18
292.64	39828.10
292.71	39836.68
292.78	39840.69
292.84	39830.66
292.91	39836.78
292.98	39841.01
293.04	39849.62
293.11	39855.83
293.17	39870.97
293.24	39883.36
293.31	39897.42
293.37	39913.84
293.44	39926.04
293.51	39944.06
293.57	39949.68
293.64	39960.64
293.70	39971.14
293.77	39987.04
293.84	39992.85
293.90	39998.21
293.97	40007.63
294.04	40014.05
294.10	40015.54
294.17	40026.97
294.23	40048.99
294.30	40060.22
294.37	40074.21
294.43	40096.19
294.50	40103.61
294.56	40116.86
294.63	40125.61
294.70	40135.23
294.76	40141.04
294.83	40156.52
294.90	40169.73
294.96	40186.70
295.03	40200.08
295.09	40221.82
295.16	40243.08
295.23	40246.44
295.29	40260.45
295.36	40263.43
295.42	40266.18
295.49	40270.19
295.56	40296.74
295.62	40318.19
295.69	40335.90
295.75	40350.41
295.82	40364.99
295.89	40363.48
295.95	40363.55
296.02	40377.26
296.08	40386.14
296.15	40388.55
296.22	40407.91
296.28	40423.93
296.35	40442.22
296.41	40457.84
296.48	40476.42
296.55	40490.95
296.61	40506.59
296.68	40531.65
296.74	40558.29
296.81	40591.94
296.88	40613.96
296.94	40633.22
297.01	40645.14
297.07	40655.02
297.14	40660.90
297.20	40670.28
297.27	40683.18
297.34	40698.14
297.40	40721.34
297.47	40737.36
297.53	40753.12
297.60	40773.14
297.67	40785.80
297.73	40795.67
297.80	40808.84
297.86	40824.17
297.93	40829.98
298.00	40846.38
298.06	40859.67
298.13	40885.60
298.19	40902.79
298.26	40924.76
298.32	40947.90
298.39	40964.11
298.46	40961.92
298.52	40973.83
298.59	40982.78
298.65	40988.86
298.72	41005.58
298.78	41029.00
298.85	41037.15
298.92	41048.10
298.98	41056.42
299.05	41067.90
299.11	41079.34
299.18	41098.49
299.24	41116.01
299.31	41121.67
299.38	41132.89
299.44	41137.37
299.51	41148.51
299.57	41155.25
299.64	41179.54
299.70	41184.92
299.77	41198.43
299.84	41204.23
299.90	41214.45
299.97	41211.15
300.03	41227.71
300.10	41246.57
300.16	41264.92
300.23	41288.23
300.30	41309.74
300.36	41315.05
300.43	41324.03
300.49	41335.53
300.56	41343.59
300.62	41357.03
300.69	41373.39
300.75	41384.06
300.82	41395.13
300.89	41398.48
300.95	41406.02
301.02	41408.23
301.08	41407.90
301.15	41399.59
301.21	41399.50
301.28	41400.04
301.34	41405.54
301.41	41405.03
301.48	41410.33
301.54	41407.02
301.61	41402.44
301.67	41396.29
301.74	41408.96
301.80	41409.74
301.87	41411.85
301.93	41406.88
302.00	41410.99
302.06	41393.68
302.13	41382.63
302.20	41377.74
302.26	41374.70
302.33	41369.06
302.39	41362.78
302.46	41362.73
302.52	41355.09
302.59	41351.89
302.65	41343.94
302.72	41343.44
302.78	41340.24
302.85	41342.39
302.91	41331.85
302.98	41321.35
303.05	41308.47
303.11	41297.84
303.18	41280.59
303.24	41276.09
303.31	41260.69
303.37	41248.95
303.44	41239.75
303.50	41230.34
303.57	41209.78
303.63	41198.53
303.70	41185.20
303.76	41165.67
303.83	41152.65
303.89	41144.82
303.96	41131.68
304.03	41120.44
304.09	41106.36
304.16	41080.96
304.22	41051.06
304.29	41031.48
304.35	40999.55
304.42	40980.79
304.48	40965.88
304.55	40951.92
304.61	40932.06
304.68	40919.49
304.74	40901.36
304.81	40884.40
304.87	40851.35
304.94	40820.16
305.00	40798.60
305.07	40762.51
305.13	40722.29
305.20	40696.94
305.26	40676.14
305.33	40645.23
305.39	40622.85
305.46	40591.31
305.52	40567.95
305.59	40538.29
305.66	40508.97
305.72	40479.14
305.79	40455.72
305.85	40424.03
305.92	40372.58
305.98	40263.93
306.05	40048.92
306.11	39749.72
306.18	39461.27
306.24	39278.82
306.31	39244.96
306.37	39369.74
306.44	39605.03
306.50	39836.03
306.57	39979.24
306.63	40031.21
306.70	40017.19
306.76	39976.71
306.83	39931.27
306.89	39875.38
306.96	39824.94
307.02	39781.99
307.09	39747.05
307.15	39711.16
307.22	39681.56
307.28	39638.87
307.35	39595.93
307.41	39550.20
307.48	39497.89
307.54	39449.39
307.61	39397.62
307.67	39342.27
307.74	39288.95
307.80	39245.22
307.87	39201.67
307.93	39159.93
308.00	39125.86
308.06	39089.61
308.13	39043.29
308.19	38987.76
308.26	38940.01
308.32	38890.32
308.38	38843.77
308.45	38803.80
308.51	38768.42
308.58	38713.27
308.64	38654.34
308.71	38594.46
308.77	38538.61
308.84	38481.60
308.90	38453.88
308.97	38426.50
309.03	38401.07
309.10	38358.86
309.16	38323.45
309.23	38261.84
309.29	38204.54
309.36	38125.27
309.42	38052.65
309.49	37970.84
309.55	37902.68
309.62	37828.26
309.68	37778.44
309.75	37725.27
309.81	37667.13
309.88	37621.02
309.94	37567.13
310.00	37510.33
310.07	37452.15
310.13	37405.47
310.20	37342.24
310.26	37289.23
310.33	37231.47
310.39	37188.11
310.46	37133.25
310.52	37086.24
310.59	37035.42
310.65	36990.80
310.72	36929.95
310.78	36872.85
310.85	36811.89
310.91	36758.30
310.97	36702.04
311.04	36651.27
311.10	36596.12
311.17	36546.40
311.23	36493.77
311.30	36432.55
311.36	36374.64
311.43	36327.17
311.49	36260.52
311.56	36195.46
311.62	36134.22
311.69	36072.13
311.75	36019.83
311.81	35964.98
311.88	35903.69
311.94	35852.21
312.01	35812.24
312.07	35753.11
312.14	35710.09
312.20	35669.12
312.27	35617.76
312.33	35545.12
312.40	35475.34
312.46	35400.11
312.52	35336.86
312.59	35271.03
312.65	35210.63
312.72	35150.67
312.78	35088.68
312.85	35014.03
312.91	34941.37
312.98	34870.88
313.04	34807.68
313.10	34747.69
313.17	34693.78
313.23	34649.80
313.30	34596.68
313.36	34534.56
313.43	34469.07
313.49	34408.00
313.56	34328.87
313.62	34263.71
313.68	34197.38
313.75	34140.91
313.81	34080.64
313.88	34018.50
313.94	33957.69
314.01	33903.44
314.07	33845.19
314.13	33780.98
314.20	33725.91
314.26	33661.65
314.33	33592.89
314.39	33525.77
314.46	33449.86
314.52	33383.11
314.58	33310.57
314.65	33241.84
314.71	33174.53
314.78	33113.24
314.84	33046.11
314.91	32984.30
314.97	32925.25
315.03	32862.40
315.10	32799.13
315.16	32727.94
315.23	32667.52
315.29	32606.28
315.36	32540.80
315.42	32475.18
315.48	32412.45
315.55	32349.61
315.61	32270.04
315.68	32209.62
315.74	32154.57
315.81	32095.52
315.87	32025.76
315.93	31978.07
316.00	31927.67
316.06	31880.71
316.13	31850.43
316.19	31797.91
316.25	31691.23
316.32	31526.57
316.38	31311.09
316.45	31029.62
316.51	30717.35
316.58	30388.66
316.64	30038.80
316.70	29675.99
316.77	29289.20
316.83	28882.57
316.90	28455.78
316.96	28018.44
317.02	27564.98
317.09	27106.18
317.15	26634.40
317.22	26149.10
317.28	25647.84
317.34	25125.50
317.41	24599.06
317.47	24061.48
317.54	23519.01
317.60	22964.46
317.66	22406.86
317.73	21836.02
317.79	21261.70
317.86	20688.17
317.92	20107.91
317.98	19519.71
318.05	18926.86
318.11	18334.70
318.18	17743.19
318.24	17151.69
318.30	16561.16
318.37	15978.24
318.43	15391.49
318.50	14801.68
318.56	14222.60
318.62	13657.64
318.69	13090.47
318.75	12539.57
318.82	11995.97
318.88	11469.53
318.94	10945.30
319.01	10438.83
319.07	9945.35
319.13	9461.56
319.20	8986.87
319.26	8524.90
319.33	8079.44
319.39	7639.12
319.45	7231.21
319.52	6838.06
319.58	6461.12
319.65	6095.47
319.71	5750.36
319.77	5414.28
319.84	5096.20
319.90	4798.34
319.96	4512.93
320.03	4244.01
320.09	3992.33
320.16	3745.35
320.22	3517.72
320.28	3306.84
320.35	3111.35
320.41	2924.88
320.47	2759.15
320.54	2600.34
320.60	2458.36
320.67	2328.94
320.73	2208.96
320.79	2097.26
320.86	1999.82
320.92	1905.51
320.98	1821.61
321.05	1745.32
321.11	1672.26
321.18	1605.27
321.24	1547.66
321.30	1486.84
321.37	1435.24
321.43	1396.44
321.49	1355.71
321.56	1317.64
321.62	1288.62
321.68	1254.17
321.75	1220.36
321.81	1192.58
321.88	1163.99
321.94	1140.12
322.00	1118.53
322.07	1090.34
322.13	1061.29
322.19	1031.28
322.26	996.72
322.32	967.19
322.38	942.92
322.45	922.75
322.51	899.04
322.58	880.20
322.64	852.67
322.70	828.17
322.77	795.90
322.83	774.68
322.89	742.97
322.96	715.85
323.02	687.90
323.08	660.06
323.15	629.56
323.21	605.47
323.27	581.40
323.34	556.34
323.40	533.07
323.46	508.34
323.53	477.33
323.59	403.98
323.65	303.93
323.72	190.12
323.78	81.24
323.85	-17.38
323.91	-67.38
323.97	-86.01
324.04	-85.74
