180.21	3422.62
180.28	-125.31
180.36	631.45
180.44	-48.12
180.51	-17.41
180.59	6.31
180.66	33.49
180.74	31.57
180.81	31.51
180.89	33.77
180.97	34.87
181.04	33.44
181.12	32.83
181.19	33.81
181.27	35.36
181.34	51.99
181.42	58.93
181.50	66.69
181.57	77.98
181.65	82.63
181.72	77.12
181.80	72.84
181.87	73.78
181.95	75.63
182.03	78.13
182.10	84.06
182.18	90.80
182.25	101.54
182.33	109.58
182.40	124.72
182.48	129.21
182.55	150.08
182.63	165.28
182.71	178.89
182.78	194.38
182.86	211.34
182.93	207.22
183.01	199.29
183.08	186.32
183.16	176.71
183.23	165.52
183.31	177.38
183.39	192.87
183.46	224.06
183.54	246.66
183.61	286.96
183.69	320.38
183.76	368.56
183.84	409.16
183.91	453.61
183.99	506.03
184.06	548.47
184.14	594.03
184.22	646.49
184.29	676.50
184.37	687.46
184.44	694.58
184.52	648.01
184.59	559.08
184.67	484.76
184.74	414.70
184.82	374.29
184.89	387.34
184.97	454.28
185.04	541.53
185.12	630.31
185.20	725.40
185.27	816.86
185.35	913.08
185.42	977.84
185.50	1049.50
185.57	1106.97
185.65	1152.91
185.72	1205.09
185.80	1287.18
185.87	1351.59
185.95	1439.43
186.02	1549.32
186.10	1597.34
186.17	1598.55
186.25	1528.31
186.33	1333.37
186.40	1117.87
186.48	969.75
186.55	892.94
186.63	921.01
186.70	1076.02
186.78	1246.85
186.85	1397.33
186.93	1524.24
187.00	1641.26
187.08	1759.38
187.15	1875.62
187.23	2009.79
187.30	2135.96
187.38	2250.51
187.45	2377.83
187.53	2502.61
187.60	2583.98
187.68	2701.14
187.75	2827.01
187.83	2891.06
187.90	2961.61
187.98	3041.89
188.05	3005.73
188.13	2806.84
188.21	2520.19
188.28	2236.68
188.36	1982.00
188.43	1842.66
188.51	1910.05
188.58	2122.72
188.66	2331.58
188.73	2541.00
188.81	2746.30
188.88	2908.26
188.96	3061.66
189.03	3204.20
189.11	3354.83
189.18	3480.46
189.26	3592.35
189.33	3714.07
189.41	3836.57
189.48	3920.22
189.56	4028.89
189.63	4142.37
189.71	4197.61
189.78	4262.60
189.86	4339.06
189.93	4361.62
190.01	4337.17
190.08	4252.31
190.16	3995.95
190.23	3618.96
190.31	3300.84
190.38	3085.26
190.46	2999.38
190.53	3108.45
190.61	3365.66
190.68	3606.72
190.76	3829.17
190.83	4014.49
190.91	4182.96
190.98	4343.70
191.06	4492.56
191.13	4637.42
191.21	4765.63
191.28	4877.43
191.35	4992.18
191.43	5093.35
191.50	5159.80
191.58	5249.44
191.65	5326.06
191.73	5361.30
191.80	5408.15
191.88	5433.60
191.95	5423.31
192.03	5426.22
192.10	5445.21
192.18	5445.15
192.25	5405.37
192.33	5262.32
192.40	5021.11
192.48	4782.17
192.55	4601.08
192.63	4515.22
192.70	4588.69
192.78	4785.40
192.85	5007.89
192.93	5209.53
193.00	5383.79
193.08	5528.26
193.15	5663.72
193.22	5763.46
193.30	5850.77
193.37	5936.40
193.45	5996.54
193.52	6056.34
193.60	6122.01
193.67	6175.30
193.75	6226.66
193.82	6282.56
193.90	6306.86
193.97	6337.85
194.05	6372.32
194.12	6400.49
194.20	6443.73
194.27	6495.23
194.34	6535.99
194.42	6562.47
194.49	6589.41
194.57	6586.41
194.64	6530.47
194.72	6423.47
194.79	6317.23
194.87	6223.49
194.94	6165.56
195.02	6174.83
195.09	6250.41
195.17	6352.16
195.24	6452.46
195.31	6560.17
195.39	6662.16
195.46	6759.45
195.54	6850.11
195.61	6930.84
195.69	6990.76
195.76	7038.65
195.84	7080.58
195.91	7099.85
195.99	7105.47
196.06	7106.62
196.13	7114.89
196.21	7113.40
196.28	7120.46
196.36	7135.07
196.43	7138.03
196.51	7132.46
196.58	7133.54
196.66	7142.11
196.73	7162.51
196.80	7206.13
196.88	7259.61
196.95	7323.42
197.03	7382.27
197.10	7417.22
197.18	7428.28
197.25	7433.28
197.33	7432.48
197.40	7437.54
197.47	7444.96
197.55	7470.43
197.62	7497.30
197.70	7520.27
197.77	7541.31
197.85	7569.52
197.92	7583.34
197.99	7579.54
198.07	7563.02
198.14	7535.05
198.22	7523.55
198.29	7539.75
198.37	7591.22
198.44	7667.21
198.51	7759.26
198.59	7840.01
198.66	7913.08
198.74	7967.68
198.81	8012.09
198.89	8036.76
198.96	8058.24
199.03	8061.80
199.11	8070.14
199.18	8069.75
199.26	8076.63
199.33	8091.99
199.41	8113.75
199.48	8111.07
199.55	8094.39
199.63	8061.69
199.70	8035.27
199.78	8013.97
199.85	8030.83
199.93	8088.88
200.00	8181.81
200.07	8273.13
200.15	8370.23
200.22	8456.53
200.30	8515.23
200.37	8558.20
200.44	8584.49
200.52	8603.30
200.59	8622.93
200.67	8639.93
200.74	8650.36
200.81	8659.78
200.89	8667.36
200.96	8680.32
201.04	8692.06
201.11	8698.27
201.19	8696.46
201.26	8688.96
201.33	8676.44
201.41	8691.99
201.48	8740.15
201.56	8816.73
201.63	8923.52
201.70	9025.84
201.78	9106.03
201.85	9174.61
201.93	9225.81
202.00	9259.44
202.07	9285.91
202.15	9309.89
202.22	9329.11
202.30	9358.54
202.37	9381.16
202.44	9415.65
202.52	9453.68
202.59	9485.15
202.67	9510.21
202.74	9541.15
202.81	9556.87
202.89	9560.24
202.96	9573.00
203.04	9608.52
203.11	9656.06
203.18	9731.60
203.26	9830.59
203.33	9928.80
203.41	10006.22
203.48	10068.24
203.55	10096.51
203.63	10118.75
203.70	10145.19
203.77	10177.55
203.85	10217.02
203.92	10272.80
204.00	10339.92
204.07	10403.67
204.14	10462.81
204.22	10514.97
204.29	10566.93
204.37	10605.67
204.44	10639.29
204.51	10679.45
204.59	10717.85
204.66	10756.12
204.73	10809.41
204.81	10874.69
204.88	10948.15
204.96	11028.95
205.03	11103.27
205.10	11164.79
205.18	11219.31
205.25	11260.39
205.32	11301.44
205.40	11353.51
205.47	11411.81
205.55	11471.08
205.62	11541.53
205.69	11618.26
205.77	11694.58
205.84	11774.75
205.91	11859.34
205.99	11935.94
206.06	12000.85
206.14	12063.71
206.21	12129.02
206.28	12183.49
206.36	12245.99
206.43	12310.76
206.50	12384.94
206.58	12455.61
206.65	12529.67
206.72	12592.24
206.80	12644.70
206.87	12692.47
206.95	12749.14
207.02	12816.90
207.09	12899.41
207.17	12999.94
207.24	13103.33
207.31	13203.89
207.39	13296.12
207.46	13387.93
207.53	13474.12
207.61	13563.60
207.68	13647.49
207.75	13739.37
207.83	13825.27
207.90	13909.82
207.98	13983.59
208.05	14062.34
208.12	14137.37
208.20	14211.80
208.27	14291.83
208.34	14368.35
208.42	14435.17
208.49	14504.66
208.56	14574.20
208.64	14653.23
208.71	14741.56
208.78	14838.80
208.86	14945.41
208.93	15059.17
209.00	15171.35
209.08	15287.84
209.15	15403.68
209.22	15516.04
209.30	15625.90
209.37	15735.56
209.44	15845.12
209.52	15951.40
209.59	16047.81
209.67	16151.65
209.74	16246.62
209.81	16344.90
209.89	16435.65
209.96	16525.94
210.03	16607.98
210.11	16689.81
210.18	16760.74
210.25	16838.46
210.33	16926.10
210.40	17020.02
210.47	17130.88
210.55	17260.76
210.62	17396.25
210.69	17525.35
210.77	17659.09
210.84	17783.67
210.91	17911.45
210.99	18031.77
211.06	18161.53
211.13	18285.61
211.21	18411.73
211.28	18522.86
211.35	18644.13
211.42	18765.98
211.50	18887.72
211.57	19003.58
211.64	19120.25
211.72	19215.31
211.79	19291.88
211.86	19368.20
211.94	19466.21
212.01	19569.59
212.08	19696.89
212.16	19839.76
212.23	19985.29
212.30	20125.27
212.38	20258.01
212.45	20393.66
212.52	20530.71
212.60	20662.90
212.67	20792.96
212.74	20932.05
212.82	21067.63
212.89	21201.42
212.96	21333.57
213.03	21470.26
213.11	21610.54
213.18	21737.08
213.25	21863.62
213.33	21990.27
213.40	22095.58
213.47	22197.54
213.55	22310.05
213.62	22421.10
213.69	22539.99
213.77	22672.56
213.84	22812.17
213.91	22965.36
213.98	23119.79
214.06	23274.43
214.13	23433.75
214.20	23579.97
214.28	23723.71
214.35	23867.49
214.42	24009.54
214.50	24144.26
214.57	24285.71
214.64	24421.50
214.72	24559.33
214.79	24698.89
214.86	24841.42
214.93	24983.11
215.01	25128.98
215.08	25262.29
215.15	25386.18
215.23	25500.17
215.30	25611.31
215.37	25719.76
215.44	25853.11
215.52	26003.62
215.59	26159.06
215.66	26317.40
215.74	26472.44
215.81	26616.16
215.88	26760.69
215.95	26905.20
216.03	27052.53
216.10	27206.50
216.17	27356.65
216.25	27501.66
216.32	27657.42
216.39	27807.35
216.46	27956.21
216.54	28105.89
216.61	28257.84
216.68	28393.55
216.76	28533.72
216.83	28660.58
216.90	28786.40
216.97	28907.67
217.05	29036.41
217.12	29167.57
217.19	29304.21
217.27	29443.58
217.34	29586.08
217.41	29723.81
217.48	29864.41
217.56	30014.05
217.63	30173.49
217.70	30326.17
217.78	30487.16
217.85	30642.29
217.92	30789.55
217.99	30937.03
218.07	31077.89
218.14	31215.11
218.21	31359.84
218.28	31509.52
218.36	31647.65
218.43	31794.48
218.50	31945.66
218.57	32087.73
218.65	32219.78
218.72	32340.15
218.79	32454.77
218.87	32560.49
218.94	32671.88
219.01	32794.03
219.08	32926.35
219.16	33072.86
219.23	33229.30
219.30	33388.35
219.37	33539.89
219.45	33694.20
219.52	33840.42
219.59	33979.23
219.66	34103.14
219.74	34234.03
219.81	34371.16
219.88	34504.77
219.95	34641.37
220.03	34786.17
220.10	34925.49
220.17	35061.96
220.24	35198.98
220.32	35330.02
220.39	35451.94
220.46	35567.69
220.53	35680.17
220.61	35785.61
220.68	35886.70
220.75	35992.29
220.82	36111.78
220.90	36241.17
220.97	36367.77
221.04	36496.16
221.11	36625.58
221.19	36749.98
221.26	36866.52
221.33	36995.23
221.40	37131.91
221.48	37263.64
221.55	37392.15
221.62	37512.14
221.69	37631.43
221.77	37744.36
221.84	37867.73
221.91	37982.27
221.98	38103.26
222.06	38225.73
222.13	38353.49
222.20	38466.68
222.27	38580.66
222.35	38692.92
222.42	38794.16
222.49	38892.14
222.56	38996.86
222.63	39099.74
222.71	39203.58
222.78	39314.26
222.85	39426.05
222.92	39536.40
223.00	39652.87
223.07	39760.97
223.14	39872.04
223.21	39978.35
223.29	40077.41
223.36	40186.21
223.43	40294.05
223.50	40402.43
223.57	40517.68
223.65	40648.40
223.72	40759.67
223.79	40878.05
223.86	40980.16
223.94	41069.36
224.01	41152.55
224.08	41235.42
224.15	41314.31
224.22	41396.57
224.30	41476.06
224.37	41560.42
224.44	41659.64
224.51	41748.29
224.59	41836.19
224.66	41931.07
224.73	42018.44
224.80	42100.51
224.87	42193.12
224.95	42299.25
225.02	42410.39
225.09	42515.49
225.16	42617.62
225.23	42722.45
225.31	42813.88
225.38	42900.45
225.45	42991.19
225.52	43076.29
225.60	43155.90
225.67	43235.21
225.74	43304.36
225.81	43375.77
225.88	43452.46
225.96	43531.74
226.03	43606.21
226.10	43691.14
226.17	43769.56
226.24	43847.18
226.32	43926.55
226.39	44007.82
226.46	44080.31
226.53	44162.36
226.60	44249.47
226.68	44334.76
226.75	44427.07
226.82	44523.54
226.89	44614.27
226.96	44690.28
227.04	44745.90
227.11	44796.95
227.18	44850.32
227.25	44894.05
227.32	44944.06
227.40	45016.11
227.47	45093.06
227.54	45168.80
227.61	45246.02
227.68	45332.52
227.76	45404.24
227.83	45477.05
227.90	45546.01
227.97	45613.49
228.04	45671.59
228.11	45733.61
228.19	45783.71
228.26	45841.59
228.33	45905.35
228.40	45959.53
228.47	46015.42
228.55	46075.18
228.62	46129.34
228.69	46182.94
228.76	46242.52
228.83	46309.66
228.90	46371.26
228.98	46436.50
229.05	46502.11
229.12	46579.36
229.19	46641.94
229.26	46704.32
229.34	46756.35
229.41	46809.87
229.48	46848.79
229.55	46900.88
229.62	46962.87
229.69	47027.07
229.77	47082.35
229.84	47144.67
229.91	47200.26
229.98	47238.82
230.05	47280.82
230.12	47323.78
230.20	47372.87
230.27	47420.70
230.34	47472.42
230.41	47531.43
230.48	47587.07
230.55	47641.75
230.63	47694.79
230.70	47765.12
230.77	47813.86
230.84	47864.97
230.91	47899.12
230.98	47940.57
231.06	47974.37
231.13	48030.26
231.20	48094.03
231.27	48164.82
231.34	48227.89
231.41	48291.45
231.49	48337.58
231.56	48380.27
231.63	48424.60
231.70	48465.10
231.77	48510.95
231.84	48548.81
231.92	48582.47
231.99	48607.16
232.06	48647.50
232.13	48676.66
232.20	48724.49
232.27	48770.92
232.34	48819.12
232.42	48847.74
232.49	48874.61
232.56	48900.39
232.63	48936.52
232.70	48969.93
232.77	49020.11
232.85	49077.58
232.92	49130.33
232.99	49168.72
233.06	49201.68
233.13	49224.78
233.20	49240.96
233.27	49252.88
233.35	49261.83
233.42	49277.78
233.49	49298.98
233.56	49328.17
233.63	49356.93
233.70	49396.52
233.77	49440.53
233.85	49470.95
233.92	49510.51
233.99	49545.05
234.06	49574.71
234.13	49602.82
234.20	49640.31
234.27	49658.91
234.35	49680.76
234.42	49699.56
234.49	49718.46
234.56	49735.45
234.63	49745.70
234.70	49760.89
234.77	49776.77
234.84	49787.74
234.92	49793.10
234.99	49802.69
235.06	49811.38
235.13	49814.93
235.20	49821.54
235.27	49834.08
235.34	49848.63
235.41	49869.90
235.49	49890.15
235.56	49911.81
235.63	49925.36
235.70	49935.96
235.77	49937.16
235.84	49942.45
235.91	49937.11
235.98	49935.06
236.06	49928.23
236.13	49921.41
236.20	49910.45
236.27	49893.02
236.34	49879.03
236.41	49863.71
236.48	49846.15
236.55	49840.96
236.63	49840.41
236.70	49841.51
236.77	49849.50
236.84	49868.98
236.91	49886.44
236.98	49903.48
237.05	49909.75
237.12	49908.62
237.19	49899.37
237.27	49892.22
237.34	49889.02
237.41	49881.50
237.48	49873.68
237.55	49867.62
237.62	49855.31
237.69	49852.53
237.76	49854.81
237.83	49873.16
237.91	49880.83
237.98	49887.67
238.05	49881.99
238.12	49876.51
238.19	49862.28
238.26	49862.26
238.33	49851.95
238.40	49839.69
238.47	49829.68
238.54	49818.77
238.62	49801.80
238.69	49793.16
238.76	49787.76
238.83	49783.60
238.90	49782.63
238.97	49776.49
239.04	49764.80
239.11	49762.17
239.18	49762.61
239.25	49753.01
239.33	49737.15
239.40	49728.23
239.47	49709.06
239.54	49676.66
239.61	49645.25
239.68	49613.86
239.75	49592.60
239.82	49577.30
239.89	49569.79
239.96	49573.58
240.03	49585.67
240.11	49581.88
240.18	49576.75
240.25	49568.28
240.32	49557.61
240.39	49545.25
240.46	49535.67
240.53	49533.48
240.60	49536.03
240.67	49528.93
240.74	49520.79
240.81	49514.58
240.88	49499.45
240.96	49490.73
241.03	49487.86
241.10	49483.04
241.17	49480.11
241.24	49478.98
241.31	49472.79
241.38	49460.18
241.45	49448.87
241.52	49443.04
241.59	49433.48
241.66	49416.60
241.73	49408.99
241.80	49401.66
241.88	49390.90
241.95	49368.34
242.02	49349.01
242.09	49321.56
242.16	49297.58
242.23	49277.98
242.30	49266.25
242.37	49254.96
242.44	49259.48
242.51	49253.34
242.58	49242.05
242.65	49239.20
242.72	49236.12
242.79	49222.69
242.87	49219.38
242.94	49207.50
243.01	49201.21
243.08	49211.86
243.15	49211.41
243.22	49208.50
243.29	49216.54
243.36	49217.28
243.43	49216.57
243.50	49232.78
243.57	49251.80
243.64	49261.17
243.71	49274.64
243.78	49272.82
243.85	49256.30
243.92	49244.38
243.99	49230.96
244.07	49220.61
244.14	49206.36
244.21	49202.72
244.28	49196.13
244.35	49191.15
244.42	49180.76
244.49	49176.97
244.56	49176.01
244.63	49177.00
244.70	49175.96
244.77	49177.11
244.84	49182.97
244.91	49189.71
244.98	49197.63
245.05	49215.27
245.12	49229.06
245.19	49246.88
245.26	49259.29
245.33	49266.35
245.40	49285.56
245.47	49317.99
245.55	49332.36
245.62	49342.29
245.69	49347.58
245.76	49347.52
245.83	49335.01
245.90	49330.18
245.97	49329.07
246.04	49342.32
246.11	49344.20
246.18	49352.26
246.25	49359.70
246.32	49358.85
246.39	49353.15
246.46	49353.22
246.53	49356.26
246.60	49361.41
246.67	49381.58
246.74	49400.17
246.81	49420.61
246.88	49436.29
246.95	49461.07
247.02	49482.53
247.09	49498.05
247.16	49504.25
247.23	49498.99
247.30	49482.68
247.37	49464.71
247.44	49473.16
247.51	49479.45
247.58	49508.91
247.66	49546.06
247.73	49589.10
247.80	49607.99
247.87	49638.86
247.94	49667.08
248.01	49694.11
248.08	49705.10
248.15	49723.88
248.22	49742.20
248.29	49757.48
248.36	49767.94
248.43	49795.17
248.50	49825.22
248.57	49845.59
248.64	49850.75
248.71	49864.56
248.78	49885.53
248.85	49889.01
248.92	49909.64
248.99	49925.34
249.06	49938.89
249.13	49940.70
249.20	49970.46
249.27	49976.55
249.34	49992.60
249.41	50005.34
249.48	49998.66
249.55	49972.48
249.62	49974.43
249.69	49977.48
249.76	49995.84
249.83	50032.18
249.90	50075.63
249.97	50108.19
250.04	50146.31
250.11	50179.07
250.18	50204.97
250.25	50222.57
250.32	50235.58
250.39	50254.71
250.46	50259.66
250.53	50276.01
250.60	50296.02
250.67	50319.45
250.74	50334.99
250.81	50343.18
250.88	50355.34
250.95	50366.67
251.02	50378.20
251.09	50389.50
251.16	50419.93
251.23	50440.93
251.30	50455.33
251.37	50463.26
251.44	50475.58
251.51	50477.65
251.58	50492.63
251.65	50509.08
251.72	50520.07
251.79	50529.66
251.86	50539.81
251.93	50543.83
252.00	50552.56
252.07	50563.36
252.14	50576.56
252.21	50582.87
252.28	50592.16
252.35	50601.36
252.42	50626.20
252.49	50639.64
252.56	50651.44
252.63	50651.72
252.70	50649.10
252.77	50646.64
252.84	50646.36
252.91	50649.36
252.98	50666.77
253.05	50687.55
253.12	50690.55
253.19	50697.20
253.25	50711.86
253.32	50715.45
253.39	50730.71
253.46	50749.62
253.53	50767.94
253.60	50779.40
253.67	50786.52
253.74	50788.99
253.81	50805.06
253.88	50816.54
253.95	50829.28
254.02	50848.46
254.09	50860.12
254.16	50867.34
254.23	50866.36
254.30	50873.85
254.37	50880.14
254.44	50895.25
254.51	50903.24
254.58	50915.56
254.65	50920.97
254.72	50924.16
254.79	50915.66
254.86	50913.29
254.93	50904.91
255.00	50905.39
255.07	50904.33
255.14	50907.27
255.21	50898.40
255.28	50892.24
255.34	50870.90
255.41	50857.29
255.48	50847.27
255.55	50844.76
255.62	50855.03
255.69	50869.59
255.76	50868.01
255.83	50868.08
255.90	50878.04
255.97	50884.43
256.04	50877.99
256.11	50886.26
256.18	50879.40
256.25	50864.29
256.32	50849.59
256.39	50855.74
256.46	50853.98
256.53	50858.59
256.60	50860.51
256.67	50857.79
256.74	50852.82
256.80	50849.60
256.87	50846.40
256.94	50838.22
257.01	50837.33
257.08	50834.07
257.15	50828.48
257.22	50824.46
257.29	50805.99
257.36	50783.47
257.43	50752.25
257.50	50732.21
257.57	50706.45
257.64	50704.22
257.71	50691.24
257.78	50685.83
257.85	50660.81
257.92	50648.46
257.98	50629.99
258.05	50623.74
258.12	50596.99
258.19	50576.60
258.26	50555.98
258.33	50538.29
258.40	50524.50
258.47	50530.44
258.54	50543.11
258.61	50544.29
258.68	50540.26
258.75	50529.05
258.82	50512.58
258.89	50485.40
258.95	50470.09
259.02	50456.39
259.09	50434.32
259.16	50412.81
259.23	50390.48
259.30	50359.57
259.37	50334.27
259.44	50315.30
259.51	50299.15
259.58	50293.89
259.65	50280.74
259.72	50256.66
259.79	50225.37
259.85	50195.76
259.92	50158.77
259.99	50128.93
260.06	50103.14
260.13	50078.05
260.20	50046.18
260.27	50006.44
260.34	49965.81
260.41	49932.77
260.48	49902.04
260.55	49882.60
260.62	49876.66
260.68	49861.96
260.75	49831.88
260.82	49813.75
260.89	49793.11
260.96	49767.22
261.03	49738.64
261.10	49717.47
261.17	49687.50
261.24	49646.73
261.31	49608.92
261.38	49587.86
261.44	49554.25
261.51	49514.76
261.58	49479.47
261.65	49439.23
261.72	49388.16
261.79	49350.00
261.86	49317.24
261.93	49294.26
262.00	49271.42
262.07	49247.78
262.13	49224.39
262.20	49196.18
262.27	49153.03
262.34	49116.81
262.41	49085.10
262.48	49046.49
262.55	49015.59
262.62	48982.41
262.69	48936.06
262.76	48890.31
262.82	48855.58
262.89	48824.57
262.96	48800.37
263.03	48775.95
263.10	48751.05
263.17	48719.58
263.24	48678.72
263.31	48641.92
263.38	48610.65
263.44	48579.74
263.51	48536.19
263.58	48490.94
263.65	48441.19
263.72	48395.68
263.79	48346.23
263.86	48308.86
263.93	48274.66
264.00	48240.94
264.06	48208.90
264.13	48178.53
264.20	48145.51
264.27	48101.53
264.34	48055.71
264.41	48007.27
264.48	47957.77
264.55	47906.08
264.61	47860.86
264.68	47821.37
264.75	47782.94
264.82	47732.27
264.89	47689.86
264.96	47653.73
265.03	47614.24
265.10	47573.85
265.16	47543.73
265.23	47519.36
265.30	47495.25
265.37	47462.76
265.44	47420.78
265.51	47384.67
265.58	47336.93
265.65	47281.56
265.71	47231.37
265.78	47192.63
265.85	47147.49
265.92	47098.04
265.99	47053.07
266.06	47017.55
266.13	46972.88
266.20	46926.78
266.26	46890.66
266.33	46848.33
266.40	46801.46
266.47	46747.88
266.54	46694.41
266.61	46641.63
266.68	46586.49
266.74	46524.80
266.81	46473.13
266.88	46420.42
266.95	46363.59
267.02	46322.20
267.09	46278.06
267.16	46234.11
267.22	46190.48
267.29	46151.66
267.36	46111.34
267.43	46079.95
267.50	46047.15
267.57	46021.99
267.64	45993.53
267.70	45960.11
267.77	45918.91
267.84	45882.05
267.91	45837.25
267.98	45782.21
268.05	45731.09
268.11	45685.05
268.18	45633.04
268.25	45584.38
268.32	45541.45
268.39	45501.16
268.46	45465.76
268.53	45431.76
268.59	45398.64
268.66	45365.49
268.73	45323.98
268.80	45273.15
268.87	45221.62
268.94	45175.63
269.00	45129.45
269.07	45096.22
269.14	45069.02
269.21	45045.31
269.28	45009.12
269.35	44971.34
269.41	44932.57
269.48	44882.25
269.55	44823.23
269.62	44774.60
269.69	44737.78
269.76	44683.36
269.82	44644.89
269.89	44620.96
269.96	44595.34
270.03	44562.01
270.10	44537.30
270.17	44499.46
270.23	44456.33
270.30	44413.55
270.37	44382.41
270.44	44352.98
270.51	44324.38
270.58	44293.75
270.64	44263.78
270.71	44224.03
270.78	44189.08
270.85	44154.35
270.92	44120.22
270.99	44083.16
271.05	44045.07
271.12	44002.59
271.19	43963.58
271.26	43920.58
271.33	43879.96
271.39	43846.15
271.46	43799.93
271.53	43765.43
271.60	43743.11
271.67	43721.84
271.74	43690.66
271.80	43667.81
271.87	43649.94
271.94	43617.97
272.01	43582.11
272.08	43551.86
272.14	43520.11
272.21	43482.20
272.28	43456.65
272.35	43435.86
272.42	43411.12
272.48	43389.42
272.55	43363.94
272.62	43337.12
272.69	43310.03
272.76	43298.25
272.83	43275.26
272.89	43251.48
272.96	43222.26
273.03	43192.47
273.10	43147.84
273.17	43116.26
273.23	43088.78
273.30	43071.62
273.37	43049.58
273.44	43030.81
273.51	43010.36
273.57	42990.87
273.64	42968.98
273.71	42952.09
273.78	42927.31
273.85	42913.36
273.91	42889.70
273.98	42868.20
274.05	42844.18
274.12	42833.52
274.19	42813.42
274.25	42794.90
274.32	42772.60
274.39	42740.70
274.46	42697.16
274.53	42653.16
274.59	42606.33
274.66	42563.66
274.73	42541.47
274.80	42524.70
274.86	42501.06
274.93	42481.90
275.00	42449.78
275.07	42405.93
275.14	42368.14
275.20	42335.06
275.27	42310.31
275.34	42292.06
275.41	42278.55
275.48	42267.02
275.54	42260.74
275.61	42241.20
275.68	42221.57
275.75	42201.77
275.81	42166.17
275.88	42130.89
275.95	42104.06
276.02	42072.24
276.09	42042.31
276.15	42015.05
276.22	41994.44
276.29	41972.97
276.36	41951.57
276.42	41931.64
276.49	41909.60
276.56	41878.38
276.63	41850.59
276.70	41827.60
276.76	41803.61
276.83	41786.59
276.90	41779.51
276.97	41759.49
277.03	41738.81
277.10	41712.99
277.17	41695.87
277.24	41679.37
277.30	41669.66
277.37	41654.04
277.44	41644.27
277.51	41629.31
277.58	41593.55
277.64	41566.08
277.71	41545.64
277.78	41525.37
277.85	41493.61
277.91	41472.97
277.98	41451.64
278.05	41427.63
278.12	41404.72
278.18	41389.59
278.25	41369.24
278.32	41343.34
278.39	41322.32
278.45	41302.77
278.52	41285.91
278.59	41273.45
278.66	41260.13
278.72	41249.36
278.79	41231.05
278.86	41207.23
278.93	41188.94
278.99	41173.03
279.06	41150.12
279.13	41120.72
279.20	41107.80
279.26	41085.65
279.33	41063.73
279.40	41037.98
279.47	41023.56
279.53	40996.68
279.60	40971.51
279.67	40941.91
279.74	40913.52
279.80	40894.91
279.87	40881.60
279.94	40865.47
280.01	40853.07
280.07	40842.67
280.14	40818.69
280.21	40792.21
280.28	40765.94
280.34	40746.48
280.41	40720.90
280.48	40690.15
280.55	40658.85
280.61	40634.43
280.68	40609.48
280.75	40587.15
280.82	40561.76
280.88	40532.90
280.95	40482.26
281.02	40415.76
281.08	40337.37
281.15	40266.90
281.22	40199.36
281.29	40142.48
281.35	40093.19
281.42	40062.70
281.49	40031.93
281.56	39997.43
281.62	39973.21
281.69	39940.21
281.76	39909.85
281.82	39876.89
281.89	39852.59
281.96	39825.14
282.03	39809.59
282.09	39787.66
282.16	39763.40
282.23	39734.05
282.30	39710.18
282.36	39686.32
282.43	39664.47
282.50	39662.80
282.56	39638.82
282.63	39618.77
282.70	39598.78
282.77	39585.51
282.83	39547.33
282.90	39537.13
282.97	39516.26
283.03	39491.27
283.10	39456.42
283.17	39439.85
283.24	39411.62
283.30	39383.38
283.37	39354.03
283.44	39336.12
283.50	39306.65
283.57	39286.39
283.64	39267.09
283.71	39242.34
283.77	39205.99
283.84	39181.71
283.91	39141.75
283.97	39106.66
284.04	39096.98
284.11	39096.95
284.18	39095.55
284.24	39108.67
284.31	39122.68
284.38	39123.50
284.44	39110.55
284.51	39093.73
284.58	39075.87
284.64	39061.46
284.71	39047.36
284.78	39043.52
284.85	39038.38
284.91	39026.52
284.98	39010.40
285.05	38978.70
285.11	38952.50
285.18	38928.45
285.25	38910.07
285.31	38899.02
285.38	38903.73
285.45	38904.33
285.52	38904.98
285.58	38903.09
285.65	38894.75
285.72	38874.65
285.78	38856.59
285.85	38841.36
285.92	38829.41
285.98	38810.61
286.05	38803.90
286.12	38790.37
286.18	38779.64
286.25	38772.11
286.32	38768.54
286.39	38767.18
286.45	38766.80
286.52	38754.47
286.59	38738.53
286.65	38727.66
286.72	38719.12
286.79	38705.84
286.85	38696.06
286.92	38689.39
286.99	38681.81
287.05	38659.99
287.12	38658.50
287.19	38655.63
287.25	38652.29
287.32	38647.42
287.39	38650.94
287.45	38646.97
287.52	38646.59
287.59	38648.38
287.65	38647.19
287.72	38634.59
287.79	38624.45
287.86	38617.29
287.92	38602.40
287.99	38591.96
288.06	38599.12
288.12	38589.87
288.19	38584.35
288.26	38574.94
288.32	38567.48
288.39	38554.87
288.46	38551.80
288.52	38552.02
288.59	38555.89
288.66	38560.72
288.72	38561.79
288.79	38570.76
288.86	38572.94
288.92	38573.09
288.99	38564.47
289.06	38561.73
289.12	38554.71
289.19	38544.91
289.26	38545.13
289.32	38561.16
289.39	38572.61
289.45	38578.93
289.52	38579.69
289.59	38581.21
289.65	38581.27
289.72	38585.08
289.79	38591.98
289.85	38602.33
289.92	38612.29
289.99	38614.59
290.05	38605.22
290.12	38591.53
290.19	38585.44
290.25	38574.42
290.32	38571.71
290.39	38579.71
290.45	38590.60
290.52	38597.52
290.59	38606.39
290.65	38603.55
290.72	38593.14
290.79	38596.86
290.85	38608.43
290.92	38621.26
290.98	38634.16
291.05	38662.02
291.12	38668.00
291.18	38668.11
291.25	38671.54
291.32	38675.36
291.38	38664.71
291.45	38667.27
291.52	38670.45
291.58	38666.53
291.65	38676.94
291.72	38694.90
291.78	38714.83
291.85	38726.65
291.91	38739.46
291.98	38758.30
292.05	38763.39
292.11	38769.24
292.18	38784.38
292.25	38799.95
292.31	38789.06
292.38	38796.15
292.45	38801.97
292.51	38804.83
292.58	38810.50
292.64	38822.92
292.71	38832.76
292.78	38843.84
292.84	38847.39
292.91	38857.24
292.98	38868.74
293.04	38876.91
293.11	38876.12
293.17	38886.00
293.24	38893.30
293.31	38909.26
293.37	38928.81
293.44	38946.78
293.51	38966.79
293.57	38979.17
293.64	38984.33
293.70	38996.98
293.77	39006.65
293.84	39011.40
293.90	39014.26
293.97	39022.69
294.04	39021.09
294.10	39025.69
294.17	39037.82
294.23	39054.65
294.30	39064.39
294.37	39075.06
294.43	39095.99
294.50	39104.94
294.56	39121.07
294.63	39136.70
294.70	39152.38
294.76	39164.58
294.83	39183.97
294.90	39199.27
294.96	39215.08
295.03	39236.46
295.09	39256.69
295.16	39272.73
295.23	39282.62
295.29	39301.66
295.36	39306.76
295.42	39310.75
295.49	39320.46
295.56	39340.82
295.62	39357.20
295.69	39370.47
295.75	39389.01
295.82	39406.82
295.89	39410.65
295.95	39411.45
296.02	39421.19
296.08	39424.64
296.15	39421.11
296.22	39433.35
296.28	39445.73
296.35	39470.40
296.41	39485.73
296.48	39508.51
296.55	39533.43
296.61	39557.16
296.68	39575.68
296.74	39606.78
296.81	39635.66
296.88	39655.43
296.94	39679.08
297.01	39700.14
297.07	39711.26
297.14	39731.23
297.20	39746.60
297.27	39760.72
297.34	39774.85
297.40	39793.49
297.47	39802.71
297.53	39820.16
297.60	39838.80
297.67	39852.89
297.73	39876.42
297.80	39890.85
297.86	39900.09
297.93	39908.74
298.00	39921.40
298.06	39928.75
298.13	39952.56
298.19	39969.98
298.26	39983.06
298.32	40004.22
298.39	40019.62
298.46	40025.19
298.52	40036.80
298.59	40051.24
298.65	40060.63
298.72	40082.66
298.78	40108.20
298.85	40133.41
298.92	40154.79
298.98	40177.78
299.05	40194.10
299.11	40207.34
299.18	40215.82
299.24	40232.41
299.31	40240.74
299.38	40250.74
299.44	40256.92
299.51	40275.25
299.57	40285.95
299.64	40297.31
299.70	40311.57
299.77	40324.21
299.84	40331.24
299.90	40330.02
299.97	40328.87
300.03	40323.14
300.10	40333.17
300.16	40344.29
300.23	40362.61
300.30	40384.43
300.36	40403.72
300.43	40423.10
300.49	40437.16
300.56	40461.51
300.62	40485.17
300.69	40502.49
300.75	40511.17
300.82	40525.64
300.89	40530.88
300.95	40540.19
301.02	40549.06
301.08	40554.97
301.15	40560.86
301.21	40575.13
301.28	40579.87
301.34	40591.38
301.41	40599.10
301.48	40602.12
301.54	40590.11
301.61	40588.55
301.67	40584.86
301.74	40588.65
301.80	40588.86
301.87	40592.70
301.93	40587.24
302.00	40585.87
302.06	40576.76
302.13	40570.96
302.20	40570.06
302.26	40568.62
302.33	40570.21
302.39	40572.24
302.46	40570.54
302.52	40566.04
302.59	40569.10
302.65	40567.59
302.72	40570.31
302.78	40576.38
302.85	40588.32
302.91	40588.39
302.98	40588.80
303.05	40581.62
303.11	40582.17
303.18	40570.87
303.24	40567.23
303.31	40552.66
303.37	40539.10
303.44	40523.10
303.50	40512.20
303.57	40497.19
303.63	40487.28
303.70	40488.30
303.76	40477.45
303.83	40463.50
303.89	40455.68
303.96	40446.19
304.03	40429.75
304.09	40416.41
304.16	40403.21
304.22	40375.44
304.29	40360.51
304.35	40338.63
304.42	40319.11
304.48	40302.65
304.55	40292.86
304.61	40277.22
304.68	40271.29
304.74	40263.51
304.81	40257.89
304.87	40241.66
304.94	40220.23
305.00	40189.94
305.07	40166.33
305.13	40133.50
305.20	40111.56
305.26	40096.62
305.33	40088.58
305.39	40069.57
305.46	40040.05
305.52	40021.02
305.59	40000.52
305.66	39967.20
305.72	39939.21
305.79	39918.94
305.85	39892.31
305.92	39854.50
305.98	39802.94
306.05	39675.24
306.11	39451.44
306.18	39158.12
306.24	38901.65
306.31	38756.26
306.37	38770.06
306.44	38939.44
306.50	39183.07
306.57	39397.37
306.63	39524.03
306.70	39557.03
306.76	39527.38
306.83	39492.33
306.89	39444.99
306.96	39402.64
307.02	39365.14
307.09	39343.92
307.15	39316.61
307.22	39298.53
307.28	39270.95
307.35	39240.13
307.41	39197.74
307.48	39156.94
307.54	39116.91
307.61	39072.31
307.67	39028.16
307.74	38984.60
307.80	38946.08
307.87	38904.33
307.93	38871.56
308.00	38844.52
308.06	38815.66
308.13	38776.60
308.19	38739.73
308.26	38699.71
308.32	38662.86
308.38	38633.28
308.45	38604.56
308.51	38574.83
308.58	38529.90
308.64	38475.77
308.71	38423.70
308.77	38372.40
308.84	38320.61
308.90	38302.42
308.97	38289.76
309.03	38275.68
309.10	38248.53
309.16	38216.90
309.23	38165.14
309.29	38110.69
309.36	38040.90
309.42	37978.93
309.49	37923.26
309.55	37869.65
309.62	37812.60
309.68	37775.64
309.75	37730.78
309.81	37682.99
309.88	37643.24
309.94	37603.95
310.00	37556.13
310.07	37515.21
310.13	37482.40
310.20	37434.37
310.26	37396.48
310.33	37351.78
310.39	37313.81
310.46	37269.29
310.52	37230.99
310.59	37186.38
310.65	37148.74
310.72	37102.63
310.78	37050.95
310.85	37001.46
310.91	36961.54
310.97	36924.45
311.04	36892.15
311.10	36850.69
311.17	36817.15
311.23	36769.96
311.30	36721.36
311.36	36681.11
311.43	36655.02
311.49	36607.52
311.56	36563.63
311.62	36520.40
311.69	36471.97
311.75	36430.47
311.81	36385.89
311.88	36336.85
311.94	36302.38
312.01	36274.13
312.07	36233.46
312.14	36208.08
312.20	36183.18
312.27	36140.85
312.33	36086.43
312.40	36033.78
312.46	35978.45
312.52	35932.13
312.59	35887.23
312.65	35847.48
312.72	35798.34
312.78	35750.13
312.85	35693.18
312.91	35636.01
312.98	35581.39
313.04	35536.66
313.10	35494.75
313.17	35456.80
313.23	35429.07
313.30	35393.76
313.36	35354.10
313.43	35303.40
313.49	35256.55
313.56	35194.46
313.62	35139.67
313.68	35089.94
313.75	35060.52
313.81	35018.98
313.88	34975.66
313.94	34936.63
314.01	34896.72
314.07	34850.98
314.13	34812.48
314.20	34783.89
314.26	34745.42
314.33	34703.14
314.39	34656.61
314.46	34596.45
314.52	34535.82
314.58	34478.86
314.65	34429.36
314.71	34379.30
314.78	34342.77
314.84	34301.27
314.91	34261.45
314.97	34218.24
315.03	34177.98
315.10	34137.43
315.16	34088.41
315.23	34045.53
315.29	34000.16
315.36	33952.71
315.42	33905.82
315.48	33865.07
315.55	33818.40
315.61	33769.31
315.68	33724.57
315.74	33679.78
315.81	33641.66
315.87	33600.91
315.93	33572.67
316.00	33544.33
316.06	33513.82
316.13	33489.65
316.19	33450.58
316.25	33384.32
316.32	33286.88
316.38	33168.30
316.45	33016.49
316.51	32852.79
316.58	32679.12
316.64	32498.16
316.70	32314.65
316.77	32113.91
316.83	31898.95
316.90	31665.54
316.96	31419.92
317.02	31164.77
317.09	30892.22
317.15	30616.91
317.22	30327.89
317.28	30020.57
317.34	29687.86
317.41	29350.25
317.47	28992.91
317.54	28618.30
317.60	28232.19
317.66	27837.61
317.73	27423.60
317.79	26992.87
317.86	26558.12
317.92	26103.08
317.98	25623.84
318.05	25132.84
318.11	24629.35
318.18	24121.77
318.24	23607.58
318.30	23082.87
318.37	22550.04
318.43	21999.14
318.50	21431.39
318.56	20853.36
318.62	20281.85
318.69	19702.75
318.75	19134.79
318.82	18561.27
318.88	17988.13
318.94	17406.21
319.01	16830.54
319.07	16253.11
319.13	15671.53
319.20	15098.48
319.26	14525.97
319.33	13953.19
319.39	13382.20
319.45	12833.17
319.52	12293.87
319.58	11761.66
319.65	11238.35
319.71	10723.21
319.77	10213.62
319.84	9713.29
319.90	9228.79
319.96	8758.66
320.03	8300.02
320.09	7856.81
320.16	7421.56
320.22	7007.28
320.28	6605.62
320.35	6223.69
320.41	5856.26
320.47	5510.87
320.54	5173.05
320.60	4856.23
320.67	4556.89
320.73	4270.66
320.79	3994.56
320.86	3741.21
320.92	3497.15
320.98	3269.81
321.05	3055.36
321.11	2853.77
321.18	2665.52
321.24	2493.53
321.30	2326.95
321.37	2176.56
321.43	2046.42
321.49	1920.07
321.56	1803.91
321.62	1702.26
321.68	1603.66
321.75	1511.73
321.81	1430.26
321.88	1355.94
321.94	1292.16
322.00	1235.43
322.07	1177.06
322.13	1123.78
322.19	1072.27
322.26	1019.41
322.32	974.51
322.38	937.42
322.45	906.80
322.51	875.32
322.58	851.64
322.64	821.29
322.70	795.75
322.77	764.36
322.83	744.78
322.89	713.49
322.96	688.74
323.02	662.06
323.08	636.15
323.15	607.49
323.21	585.86
323.27	563.83
323.34	540.52
323.40	519.27
323.46	496.57
323.53	468.16
323.59	397.73
323.65	300.52
323.72	188.89
323.78	81.60
323.85	-16.49
323.91	-66.94
323.97	-84.98
324.04	-86.25
