180.21	3409.31
180.28	-123.04
180.36	627.46
180.44	-51.69
180.51	-23.31
180.59	-2.32
180.66	22.49
180.74	21.00
180.81	21.17
180.89	23.40
180.97	24.57
181.04	22.76
181.12	21.82
181.19	22.77
181.27	23.50
181.34	38.35
181.42	44.70
181.50	51.54
181.57	61.49
181.65	66.16
181.72	61.32
181.80	57.52
181.87	58.95
181.95	60.44
182.03	62.76
182.10	68.37
182.18	74.30
182.25	84.11
182.33	91.88
182.40	105.85
182.48	110.38
182.55	129.78
182.63	143.67
182.71	155.95
182.78	170.36
182.86	185.74
182.93	182.79
183.01	175.39
183.08	163.67
183.16	154.44
183.23	143.85
183.31	154.48
183.39	170.20
183.46	200.09
183.54	222.59
183.61	261.02
183.69	294.29
183.76	340.67
183.84	379.89
183.91	422.49
183.99	474.29
184.06	514.79
184.14	558.40
184.22	609.32
184.29	641.05
184.37	652.08
184.44	660.18
184.52	618.96
184.59	534.45
184.67	460.84
184.74	393.21
184.82	353.05
184.89	362.28
184.97	426.50
185.04	512.61
185.12	600.75
185.20	695.14
185.27	786.26
185.35	882.80
185.42	948.62
185.50	1019.10
185.57	1076.32
185.65	1123.35
185.72	1174.61
185.80	1255.23
185.87	1319.74
185.95	1405.95
186.02	1517.24
186.10	1567.90
186.17	1570.37
186.25	1504.50
186.33	1316.28
186.40	1099.22
186.48	950.33
186.55	872.78
186.63	896.75
186.70	1046.76
186.78	1219.32
186.85	1369.19
186.93	1496.04
187.00	1613.97
187.08	1734.20
187.15	1851.19
187.23	1985.58
187.30	2114.74
187.38	2230.88
187.45	2358.65
187.53	2484.71
187.60	2568.10
187.68	2683.50
187.75	2809.69
187.83	2871.67
187.90	2940.88
187.98	3022.12
188.05	2992.22
188.13	2798.77
188.21	2516.38
188.28	2231.72
188.36	1974.50
188.43	1828.71
188.51	1887.40
188.58	2098.40
188.66	2311.34
188.73	2524.97
188.81	2734.65
188.88	2903.66
188.96	3062.65
189.03	3207.60
189.11	3357.35
189.18	3484.85
189.26	3598.29
189.33	3718.95
189.41	3839.52
189.48	3922.45
189.56	4027.39
189.63	4137.11
189.71	4189.94
189.78	4256.72
189.86	4337.40
189.93	4366.32
190.01	4346.89
190.08	4267.70
190.16	4015.20
190.23	3638.72
190.31	3313.56
190.38	3096.05
190.46	3006.76
190.53	3113.75
190.61	3375.84
190.68	3626.35
190.76	3851.25
190.83	4042.15
190.91	4211.93
190.98	4372.59
191.06	4518.11
191.13	4662.32
191.21	4789.82
191.28	4902.75
191.35	5017.55
191.43	5123.62
191.50	5194.52
191.58	5287.05
191.65	5370.67
191.73	5413.60
191.80	5467.66
191.88	5501.35
191.95	5497.60
192.03	5506.50
192.10	5527.47
192.18	5530.95
192.25	5494.16
192.33	5348.86
192.40	5099.00
192.48	4846.39
192.55	4653.04
192.63	4556.50
192.70	4626.30
192.78	4821.72
192.85	5050.57
192.93	5255.65
193.00	5435.74
193.08	5591.38
193.15	5739.28
193.22	5853.36
193.30	5958.11
193.37	6061.75
193.45	6134.70
193.52	6203.65
193.60	6275.70
193.67	6325.07
193.75	6370.43
193.82	6419.87
193.90	6438.56
193.97	6461.33
194.05	6491.00
194.12	6505.57
194.20	6536.91
194.27	6585.90
194.34	6624.65
194.42	6654.24
194.49	6691.05
194.57	6699.39
194.64	6648.11
194.72	6548.06
194.79	6449.16
194.87	6371.00
194.94	6334.09
195.02	6364.94
195.09	6459.46
195.17	6574.70
195.24	6677.70
195.31	6770.05
195.39	6849.63
195.46	6924.45
195.54	6993.18
195.61	7056.34
195.69	7102.86
195.76	7145.26
195.84	7188.31
195.91	7213.74
195.99	7224.83
196.06	7241.25
196.13	7263.75
196.21	7275.22
196.28	7295.25
196.36	7331.78
196.43	7361.26
196.51	7395.01
196.58	7427.22
196.66	7459.05
196.73	7483.58
196.80	7510.85
196.88	7527.67
196.95	7554.38
197.03	7575.03
197.10	7575.81
197.18	7565.61
197.25	7554.00
197.33	7544.58
197.40	7547.38
197.47	7564.57
197.55	7600.79
197.62	7643.68
197.70	7681.47
197.77	7716.85
197.85	7754.55
197.92	7787.89
197.99	7817.64
198.07	7849.65
198.14	7874.55
198.22	7902.94
198.29	7927.73
198.37	7952.14
198.44	7976.57
198.51	7999.76
198.59	8022.05
198.66	8049.29
198.74	8077.47
198.81	8103.39
198.89	8129.02
198.96	8155.26
199.03	8180.49
199.11	8214.20
199.18	8240.69
199.26	8266.44
199.33	8293.54
199.41	8320.37
199.48	8334.46
199.55	8353.26
199.63	8367.61
199.70	8390.22
199.78	8405.81
199.85	8426.53
199.93	8447.52
200.00	8480.04
200.07	8506.89
200.15	8544.31
200.22	8584.16
200.30	8618.34
200.37	8656.57
200.44	8687.48
200.52	8719.83
200.59	8749.46
200.67	8777.53
200.74	8799.55
200.81	8825.62
200.89	8843.86
200.96	8867.67
201.04	8892.49
201.11	8925.04
201.19	8956.75
201.26	8990.26
201.33	9017.24
201.41	9050.97
201.48	9081.96
201.56	9116.12
201.63	9157.83
201.70	9199.37
201.78	9239.68
201.85	9287.36
201.93	9326.93
202.00	9359.16
202.07	9397.03
202.15	9433.81
202.22	9461.82
202.30	9497.51
202.37	9532.45
202.44	9567.44
202.52	9603.61
202.59	9645.42
202.67	9679.90
202.74	9721.05
202.81	9754.17
202.89	9788.77
202.96	9825.70
203.04	9875.19
203.11	9914.98
203.18	9969.40
203.26	10023.84
203.33	10070.92
203.41	10111.08
203.48	10162.24
203.55	10198.19
203.63	10239.13
203.70	10280.28
203.77	10324.65
203.85	10370.91
203.92	10421.13
204.00	10477.48
204.07	10534.25
204.14	10586.63
204.22	10630.55
204.29	10682.47
204.37	10725.44
204.44	10768.40
204.51	10822.58
204.59	10880.98
204.66	10930.78
204.73	10987.34
204.81	11046.79
204.88	11104.52
204.96	11160.40
205.03	11219.99
205.10	11271.95
205.18	11323.52
205.25	11372.85
205.32	11429.86
205.40	11487.08
205.47	11549.18
205.55	11610.50
205.62	11674.25
205.69	11741.33
205.77	11809.50
205.84	11879.04
205.91	11951.56
205.99	12025.80
206.06	12089.78
206.14	12155.03
206.21	12225.95
206.28	12288.34
206.36	12357.06
206.43	12424.64
206.50	12498.47
206.58	12561.55
206.65	12630.59
206.72	12692.94
206.80	12761.77
206.87	12828.21
206.95	12903.58
207.02	12986.26
207.09	13071.89
207.17	13156.61
207.24	13238.87
207.31	13325.31
207.39	13406.45
207.46	13483.88
207.53	13562.79
207.61	13646.03
207.68	13726.85
207.75	13811.88
207.83	13895.09
207.90	13976.46
207.98	14055.33
208.05	14136.86
208.12	14214.30
208.20	14301.53
208.27	14392.07
208.34	14486.09
208.42	14569.52
208.49	14658.79
208.56	14737.92
208.64	14825.85
208.71	14910.03
208.78	14999.95
208.86	15099.09
208.93	15203.04
209.00	15297.45
209.08	15397.22
209.15	15501.82
209.22	15597.73
209.30	15695.19
209.37	15794.64
209.44	15897.83
209.52	15995.73
209.59	16091.76
209.67	16193.43
209.74	16288.45
209.81	16390.97
209.89	16489.44
209.96	16595.47
210.03	16697.63
210.11	16805.93
210.18	16902.26
210.25	17006.40
210.33	17105.49
210.40	17205.29
210.47	17316.41
210.55	17432.96
210.62	17544.47
210.69	17655.92
210.77	17773.22
210.84	17881.82
210.91	18004.92
210.99	18122.03
211.06	18242.09
211.13	18360.43
211.21	18482.21
211.28	18587.55
211.35	18707.33
211.42	18831.29
211.50	18952.42
211.57	19070.22
211.64	19193.75
211.72	19307.60
211.79	19415.49
211.86	19526.28
211.94	19654.04
212.01	19770.94
212.08	19898.07
212.16	20021.89
212.23	20147.48
212.30	20258.57
212.38	20381.24
212.45	20509.29
212.52	20641.20
212.60	20769.48
212.67	20909.24
212.74	21035.04
212.82	21160.72
212.89	21291.01
212.96	21415.11
213.03	21537.91
213.11	21673.81
213.18	21799.50
213.25	21931.49
213.33	22069.49
213.40	22193.55
213.47	22319.00
213.55	22452.70
213.62	22578.49
213.69	22704.79
213.77	22842.67
213.84	22979.43
213.91	23116.83
213.98	23255.82
214.06	23398.27
214.13	23550.48
214.20	23695.25
214.28	23846.06
214.35	23988.90
214.42	24126.05
214.50	24256.66
214.57	24386.32
214.64	24512.40
214.72	24645.72
214.79	24786.86
214.86	24924.29
214.93	25062.94
215.01	25209.64
215.08	25349.93
215.15	25485.65
215.23	25616.02
215.30	25759.40
215.37	25887.23
215.44	26030.60
215.52	26179.61
215.59	26331.30
215.66	26470.05
215.74	26613.64
215.81	26743.66
215.88	26884.41
215.95	27015.74
216.03	27159.98
216.10	27307.08
216.17	27459.09
216.25	27598.26
216.32	27753.89
216.39	27905.72
216.46	28052.95
216.54	28196.29
216.61	28343.10
216.68	28476.80
216.76	28614.99
216.83	28754.20
216.90	28893.20
216.97	29037.48
217.05	29182.75
217.12	29323.16
217.19	29466.33
217.27	29610.61
217.34	29740.40
217.41	29874.07
217.48	29998.51
217.56	30122.17
217.63	30265.12
217.70	30411.92
217.78	30562.37
217.85	30720.70
217.92	30876.13
217.99	31023.05
218.07	31163.42
218.14	31301.89
218.21	31444.71
218.28	31584.80
218.36	31721.41
218.43	31865.09
218.50	32014.43
218.57	32155.61
218.65	32295.09
218.72	32433.64
218.79	32566.36
218.87	32691.74
218.94	32823.91
219.01	32955.41
219.08	33084.95
219.16	33227.19
219.23	33361.50
219.30	33503.48
219.37	33643.94
219.45	33789.90
219.52	33924.80
219.59	34062.82
219.66	34186.34
219.74	34322.82
219.81	34461.68
219.88	34598.69
219.95	34739.77
220.03	34881.92
220.10	35017.28
220.17	35147.53
220.24	35277.98
220.32	35405.52
220.39	35526.07
220.46	35647.24
220.53	35767.37
220.61	35888.18
220.68	36009.17
220.75	36133.24
220.82	36262.94
220.90	36390.90
220.97	36513.91
221.04	36629.26
221.11	36747.75
221.19	36866.03
221.26	36974.81
221.33	37098.10
221.40	37235.40
221.48	37364.69
221.55	37487.27
221.62	37608.37
221.69	37719.67
221.77	37829.24
221.84	37952.10
221.91	38068.23
221.98	38193.69
222.06	38321.35
222.13	38446.88
222.20	38555.59
222.27	38669.98
222.35	38780.99
222.42	38895.43
222.49	39002.30
222.56	39114.07
222.63	39219.93
222.71	39322.65
222.78	39424.10
222.85	39531.64
222.92	39646.10
223.00	39760.55
223.07	39877.57
223.14	39981.24
223.21	40076.02
223.29	40167.83
223.36	40269.13
223.43	40365.81
223.50	40469.92
223.57	40587.17
223.65	40715.60
223.72	40827.10
223.79	40938.85
223.86	41043.74
223.94	41133.98
224.01	41208.37
224.08	41293.05
224.15	41373.77
224.22	41464.99
224.30	41553.73
224.37	41646.42
224.44	41744.48
224.51	41844.86
224.59	41924.48
224.66	42010.03
224.73	42098.32
224.80	42187.59
224.87	42270.05
224.95	42374.80
225.02	42482.38
225.09	42579.46
225.16	42667.30
225.23	42770.13
225.31	42866.03
225.38	42954.13
225.45	43035.75
225.52	43121.06
225.60	43194.98
225.67	43271.63
225.74	43341.70
225.81	43422.33
225.88	43501.04
225.96	43583.66
226.03	43651.74
226.10	43735.54
226.17	43821.31
226.24	43895.63
226.32	43966.67
226.39	44050.79
226.46	44120.05
226.53	44192.74
226.60	44280.85
226.68	44370.99
226.75	44463.67
226.82	44560.61
226.89	44643.58
226.96	44722.29
227.04	44779.41
227.11	44822.80
227.18	44871.37
227.25	44920.86
227.32	44963.25
227.40	45025.47
227.47	45097.40
227.54	45173.95
227.61	45255.70
227.68	45341.24
227.76	45423.45
227.83	45496.62
227.90	45559.65
227.97	45622.49
228.04	45683.88
228.11	45744.80
228.19	45801.91
228.26	45855.73
228.33	45905.15
228.40	45947.95
228.47	45996.77
228.55	46049.88
228.62	46110.29
228.69	46179.40
228.76	46254.82
228.83	46314.10
228.90	46373.87
228.98	46434.07
229.05	46492.88
229.12	46554.70
229.19	46623.75
229.26	46689.91
229.34	46749.88
229.41	46795.72
229.48	46836.20
229.55	46882.56
229.62	46942.56
229.69	47002.37
229.77	47067.60
229.84	47129.25
229.91	47183.09
229.98	47217.97
230.05	47253.91
230.12	47290.79
230.20	47337.81
230.27	47388.25
230.34	47441.12
230.41	47507.59
230.48	47565.23
230.55	47617.49
230.63	47674.25
230.70	47747.34
230.77	47785.61
230.84	47827.51
230.91	47859.99
230.98	47893.95
231.06	47918.07
231.13	47970.96
231.20	48035.29
231.27	48105.24
231.34	48169.56
231.41	48234.14
231.49	48284.70
231.56	48330.56
231.63	48373.72
231.70	48420.94
231.77	48461.98
231.84	48497.46
231.92	48531.05
231.99	48561.37
232.06	48584.25
232.13	48613.92
232.20	48658.18
232.27	48697.78
232.34	48738.85
232.42	48776.91
232.49	48809.14
232.56	48840.46
232.63	48875.80
232.70	48908.72
232.77	48949.13
232.85	48996.28
232.92	49037.50
232.99	49075.19
233.06	49110.46
233.13	49140.18
233.20	49160.07
233.27	49166.58
233.35	49176.86
233.42	49193.41
233.49	49210.39
233.56	49233.78
233.63	49269.27
233.70	49301.11
233.77	49336.13
233.85	49365.72
233.92	49404.41
233.99	49438.12
234.06	49470.74
234.13	49498.74
234.20	49529.67
234.27	49551.29
234.35	49571.96
234.42	49583.80
234.49	49596.82
234.56	49609.85
234.63	49614.71
234.70	49628.87
234.77	49651.48
234.84	49665.85
234.92	49677.13
234.99	49694.12
235.06	49702.58
235.13	49703.23
235.20	49715.47
235.27	49733.83
235.34	49745.03
235.41	49761.22
235.49	49779.16
235.56	49794.19
235.63	49801.42
235.70	49811.16
235.77	49815.21
235.84	49816.61
235.91	49806.70
235.98	49800.40
236.06	49787.50
236.13	49770.53
236.20	49762.69
236.27	49744.57
236.34	49728.23
236.41	49716.46
236.48	49711.08
236.55	49703.40
236.63	49703.90
236.70	49692.02
236.77	49688.00
236.84	49698.71
236.91	49709.92
236.98	49723.55
237.05	49746.65
237.12	49751.35
237.19	49741.60
237.27	49731.09
237.34	49725.55
237.41	49716.11
237.48	49715.81
237.55	49713.06
237.62	49707.66
237.69	49703.64
237.76	49701.83
237.83	49705.75
237.91	49714.21
237.98	49720.09
238.05	49718.77
238.12	49717.04
238.19	49705.05
238.26	49703.57
238.33	49695.79
238.40	49678.90
238.47	49660.63
238.54	49654.66
238.62	49633.94
238.69	49618.73
238.76	49610.80
238.83	49605.81
238.90	49596.28
238.97	49585.43
239.04	49583.16
239.11	49587.68
239.18	49591.91
239.25	49590.65
239.33	49577.80
239.40	49560.10
239.47	49533.69
239.54	49499.48
239.61	49462.76
239.68	49433.43
239.75	49414.83
239.82	49397.34
239.89	49387.08
239.96	49390.60
240.03	49398.03
240.11	49393.90
240.18	49390.40
240.25	49382.91
240.32	49370.38
240.39	49360.34
240.46	49342.99
240.53	49337.24
240.60	49333.25
240.67	49329.77
240.74	49318.49
240.81	49319.48
240.88	49314.44
240.96	49312.24
241.03	49303.08
241.10	49297.60
241.17	49290.75
241.24	49278.70
241.31	49268.04
241.38	49258.14
241.45	49242.58
241.52	49231.64
241.59	49219.90
241.66	49207.29
241.73	49195.96
241.80	49191.79
241.88	49175.98
241.95	49159.18
242.02	49138.36
242.09	49114.25
242.16	49088.46
242.23	49080.71
242.30	49067.66
242.37	49056.94
242.44	49062.19
242.51	49056.24
242.58	49046.35
242.65	49048.70
242.72	49053.75
242.79	49038.00
242.87	49035.95
242.94	49024.23
243.01	49017.88
243.08	49019.61
243.15	49024.61
243.22	49029.40
243.29	49033.81
243.36	49035.40
243.43	49032.39
243.50	49048.61
243.57	49066.64
243.64	49077.20
243.71	49086.53
243.78	49084.75
243.85	49062.34
243.92	49048.50
243.99	49038.83
244.07	49030.25
244.14	49016.34
244.21	49021.65
244.28	49009.00
244.35	48997.37
244.42	48986.98
244.49	48984.81
244.56	48978.56
244.63	48979.48
244.70	48974.55
244.77	48966.80
244.84	48971.65
244.91	48977.95
244.98	48994.82
245.05	49023.02
245.12	49054.08
245.19	49075.50
245.26	49089.54
245.33	49097.58
245.40	49112.49
245.47	49135.81
245.55	49152.19
245.62	49158.69
245.69	49162.83
245.76	49163.18
245.83	49161.39
245.90	49162.77
245.97	49164.12
246.04	49180.13
246.11	49184.70
246.18	49185.31
246.25	49186.96
246.32	49192.01
246.39	49187.99
246.46	49193.52
246.53	49196.56
246.60	49205.10
246.67	49227.59
246.74	49244.42
246.81	49263.72
246.88	49284.23
246.95	49306.72
247.02	49324.66
247.09	49341.18
247.16	49349.46
247.23	49346.25
247.30	49336.84
247.37	49323.90
247.44	49327.96
247.51	49336.78
247.58	49365.72
247.66	49403.20
247.73	49449.13
247.80	49478.05
247.87	49501.15
247.94	49522.17
248.01	49542.74
248.08	49552.82
248.15	49573.55
248.22	49600.55
248.29	49626.88
248.36	49641.87
248.43	49666.67
248.50	49684.83
248.57	49698.42
248.64	49704.62
248.71	49719.10
248.78	49733.78
248.85	49743.58
248.92	49765.26
248.99	49781.12
249.06	49800.06
249.13	49812.95
249.20	49839.40
249.27	49851.95
249.34	49864.09
249.41	49865.68
249.48	49852.72
249.55	49830.45
249.62	49830.74
249.69	49844.07
249.76	49872.59
249.83	49917.22
249.90	49967.45
249.97	49999.84
250.04	50037.78
250.11	50071.43
250.18	50095.16
250.25	50109.21
250.32	50123.47
250.39	50134.11
250.46	50141.38
250.53	50161.56
250.60	50184.78
250.67	50216.22
250.74	50238.01
250.81	50247.29
250.88	50259.71
250.95	50276.33
251.02	50285.81
251.09	50302.11
251.16	50330.06
251.23	50351.58
251.30	50365.57
251.37	50381.12
251.44	50388.55
251.51	50402.86
251.58	50414.91
251.65	50428.22
251.72	50436.72
251.79	50456.14
251.86	50461.35
251.93	50472.25
252.00	50479.94
252.07	50494.48
252.14	50507.47
252.21	50512.12
252.28	50519.02
252.35	50536.20
252.42	50554.67
252.49	50558.12
252.56	50566.97
252.63	50567.81
252.70	50568.52
252.77	50567.93
252.84	50576.48
252.91	50586.18
252.98	50602.98
253.05	50615.95
253.12	50615.29
253.19	50620.74
253.25	50635.24
253.32	50639.24
253.39	50660.15
253.46	50690.51
253.53	50717.69
253.60	50733.73
253.67	50748.72
253.74	50756.80
253.81	50774.00
253.88	50781.82
253.95	50796.36
254.02	50810.19
254.09	50819.06
254.16	50820.73
254.23	50825.13
254.30	50832.86
254.37	50850.86
254.44	50858.32
254.51	50866.93
254.58	50870.66
254.65	50874.20
254.72	50872.05
254.79	50864.27
254.86	50862.27
254.93	50860.76
255.00	50861.98
255.07	50861.52
255.14	50875.80
255.21	50870.79
255.28	50865.85
255.34	50847.97
255.41	50837.43
255.48	50816.63
255.55	50808.88
255.62	50808.64
255.69	50814.33
255.76	50819.14
255.83	50831.35
255.90	50844.06
255.97	50854.31
256.04	50861.80
256.11	50861.93
256.18	50861.89
256.25	50854.65
256.32	50846.28
256.39	50840.71
256.46	50840.45
256.53	50838.26
256.60	50836.79
256.67	50836.10
256.74	50831.34
256.80	50831.67
256.87	50830.05
256.94	50830.39
257.01	50825.43
257.08	50824.84
257.15	50812.74
257.22	50804.01
257.29	50777.80
257.36	50761.04
257.43	50743.15
257.50	50735.70
257.57	50721.54
257.64	50730.64
257.71	50725.56
257.78	50722.16
257.85	50701.53
257.92	50686.10
257.98	50662.90
258.05	50647.50
258.12	50616.91
258.19	50595.56
258.26	50568.16
258.33	50542.48
258.40	50530.00
258.47	50533.51
258.54	50536.14
258.61	50536.82
258.68	50534.90
258.75	50513.82
258.82	50493.56
258.89	50464.11
258.95	50452.28
259.02	50438.93
259.09	50429.44
259.16	50407.49
259.23	50391.32
259.30	50355.97
259.37	50331.46
259.44	50308.21
259.51	50299.40
259.58	50292.18
259.65	50279.55
259.72	50260.95
259.79	50230.47
259.85	50196.95
259.92	50154.45
259.99	50130.44
260.06	50105.14
260.13	50082.92
260.20	50047.79
260.27	50015.26
260.34	49974.26
260.41	49939.48
260.48	49911.11
260.55	49901.50
260.62	49897.89
260.68	49885.30
260.75	49858.23
260.82	49837.78
260.89	49805.22
260.96	49774.40
261.03	49752.11
261.10	49730.93
261.17	49701.92
261.24	49672.71
261.31	49639.36
261.38	49601.87
261.44	49573.90
261.51	49539.90
261.58	49503.77
261.65	49460.19
261.72	49426.93
261.79	49386.44
261.86	49353.53
261.93	49328.36
262.00	49306.76
262.07	49272.93
262.13	49241.43
262.20	49206.27
262.27	49162.48
262.34	49129.53
262.41	49097.22
262.48	49054.92
262.55	49021.10
262.62	48992.04
262.69	48950.76
262.76	48914.43
262.82	48881.52
262.89	48850.40
262.96	48818.82
263.03	48792.87
263.10	48760.90
263.17	48733.30
263.24	48700.55
263.31	48666.87
263.38	48625.24
263.44	48597.02
263.51	48553.99
263.58	48506.27
263.65	48459.20
263.72	48411.15
263.79	48363.46
263.86	48323.46
263.93	48284.74
264.00	48246.72
264.06	48222.79
264.13	48182.65
264.20	48155.61
264.27	48115.94
264.34	48075.46
264.41	48025.81
264.48	47986.02
264.55	47937.30
264.61	47896.52
264.68	47852.07
264.75	47809.82
264.82	47760.57
264.89	47713.70
264.96	47676.86
265.03	47645.09
265.10	47617.72
265.16	47588.55
265.23	47560.22
265.30	47535.14
265.37	47498.65
265.44	47446.95
265.51	47404.32
265.58	47355.78
265.65	47293.14
265.71	47243.16
265.78	47201.45
265.85	47156.78
265.92	47115.57
265.99	47077.21
266.06	47039.06
266.13	46992.68
266.20	46953.14
266.26	46917.15
266.33	46877.25
266.40	46831.68
266.47	46787.93
266.54	46723.18
266.61	46663.35
266.68	46610.50
266.74	46550.56
266.81	46497.73
266.88	46459.97
266.95	46406.52
267.02	46352.85
267.09	46300.90
267.16	46255.75
267.22	46208.56
267.29	46171.21
267.36	46134.29
267.43	46104.87
267.50	46068.72
267.57	46040.62
267.64	46011.09
267.70	45977.85
267.77	45942.45
267.84	45910.81
267.91	45864.17
267.98	45812.29
268.05	45768.05
268.11	45721.05
268.18	45668.49
268.25	45620.25
268.32	45580.57
268.39	45538.41
268.46	45492.88
268.53	45453.14
268.59	45413.53
268.66	45375.05
268.73	45333.12
268.80	45296.75
268.87	45252.82
268.94	45210.32
269.00	45163.53
269.07	45122.91
269.14	45096.44
269.21	45072.34
269.28	45038.85
269.35	45001.12
269.41	44961.46
269.48	44910.54
269.55	44849.91
269.62	44806.07
269.69	44768.25
269.76	44723.62
269.82	44677.62
269.89	44653.21
269.96	44619.05
270.03	44584.64
270.10	44555.18
270.17	44519.29
270.23	44476.37
270.30	44434.83
270.37	44400.73
270.44	44366.19
270.51	44332.77
270.58	44303.17
270.64	44278.92
270.71	44240.72
270.78	44210.63
270.85	44180.80
270.92	44148.83
270.99	44105.02
271.05	44072.99
271.12	44024.94
271.19	43985.98
271.26	43938.89
271.33	43907.89
271.39	43868.77
271.46	43826.16
271.53	43796.54
271.60	43774.82
271.67	43750.42
271.74	43719.91
271.80	43702.54
271.87	43677.77
271.94	43648.00
272.01	43611.98
272.08	43589.00
272.14	43555.07
272.21	43521.69
272.28	43494.76
272.35	43470.61
272.42	43433.07
272.48	43413.30
272.55	43383.28
272.62	43359.21
272.69	43336.67
272.76	43332.35
272.83	43310.02
272.89	43279.26
272.96	43241.37
273.03	43205.79
273.10	43166.76
273.17	43135.25
273.23	43120.25
273.30	43105.04
273.37	43091.49
273.44	43071.64
273.51	43053.35
273.57	43033.28
273.64	43009.34
273.71	42985.03
273.78	42951.71
273.85	42934.35
273.91	42910.54
273.98	42897.17
274.05	42882.45
274.12	42876.11
274.19	42852.01
274.25	42829.45
274.32	42800.48
274.39	42763.91
274.46	42720.12
274.53	42683.53
274.59	42641.11
274.66	42604.32
274.73	42577.20
274.80	42554.65
274.86	42525.29
274.93	42506.57
275.00	42480.83
275.07	42443.33
275.14	42413.30
275.20	42386.30
275.27	42358.62
275.34	42326.78
275.41	42310.02
275.48	42298.49
275.54	42277.74
275.61	42253.02
275.68	42236.54
275.75	42210.33
275.81	42176.68
275.88	42154.77
275.95	42135.12
276.02	42112.46
276.09	42089.52
276.15	42061.57
276.22	42040.38
276.29	42022.51
276.36	41995.25
276.42	41973.78
276.49	41952.05
276.56	41920.19
276.63	41894.24
276.70	41877.63
276.76	41857.98
276.83	41841.34
276.90	41822.10
276.97	41799.04
277.03	41781.30
277.10	41756.24
277.17	41737.05
277.24	41727.36
277.30	41711.99
277.37	41694.04
277.44	41684.62
277.51	41673.35
277.58	41642.19
277.64	41615.03
277.71	41588.90
277.78	41563.18
277.85	41530.85
277.91	41505.00
277.98	41487.37
278.05	41463.16
278.12	41441.95
278.18	41427.26
278.25	41417.06
278.32	41392.78
278.39	41377.01
278.45	41356.30
278.52	41336.11
278.59	41318.24
278.66	41304.99
278.72	41284.10
278.79	41268.42
278.86	41246.71
278.93	41237.95
278.99	41216.03
279.06	41200.41
279.13	41173.01
279.20	41151.55
279.26	41121.53
279.33	41103.23
279.40	41079.73
279.47	41060.98
279.53	41035.51
279.60	41008.77
279.67	40979.44
279.74	40950.59
279.80	40937.82
279.87	40933.91
279.94	40922.24
280.01	40912.27
280.07	40900.76
280.14	40876.97
280.21	40844.85
280.28	40821.56
280.34	40793.38
280.41	40769.60
280.48	40742.10
280.55	40717.57
280.61	40693.65
280.68	40669.87
280.75	40635.74
280.82	40607.51
280.88	40574.13
280.95	40522.00
281.02	40465.52
281.08	40401.21
281.15	40326.14
281.22	40256.93
281.29	40197.64
281.35	40145.17
281.42	40112.75
281.49	40081.72
281.56	40051.03
281.62	40027.28
281.69	40002.81
281.76	39972.66
281.82	39941.26
281.89	39913.06
281.96	39877.15
282.03	39846.05
282.09	39818.64
282.16	39795.43
282.23	39766.10
282.30	39746.69
282.36	39734.02
282.43	39715.23
282.50	39705.57
282.56	39689.17
282.63	39667.94
282.70	39638.67
282.77	39619.74
282.83	39596.41
282.90	39580.49
282.97	39561.38
283.03	39536.48
283.10	39513.35
283.17	39492.65
283.24	39467.33
283.30	39444.71
283.37	39424.02
283.44	39398.42
283.50	39369.93
283.57	39352.49
283.64	39324.55
283.71	39298.05
283.77	39263.60
283.84	39230.49
283.91	39187.56
283.97	39158.57
284.04	39148.20
284.11	39144.14
284.18	39146.74
284.24	39159.62
284.31	39173.85
284.38	39174.19
284.44	39160.91
284.51	39143.31
284.58	39125.16
284.64	39105.94
284.71	39096.42
284.78	39098.44
284.85	39094.00
284.91	39084.08
284.98	39073.00
285.05	39040.09
285.11	39013.88
285.18	38991.10
285.25	38975.42
285.31	38972.77
285.38	38973.64
285.45	38972.80
285.52	38973.59
285.58	38966.45
285.65	38948.04
285.72	38934.10
285.78	38915.02
285.85	38903.08
285.92	38893.88
285.98	38875.53
286.05	38859.32
286.12	38847.55
286.18	38836.32
286.25	38828.20
286.32	38818.95
286.39	38817.44
286.45	38816.36
286.52	38811.89
286.59	38802.30
286.65	38798.65
286.72	38798.91
286.79	38787.84
286.85	38770.61
286.92	38753.68
286.99	38745.74
287.05	38721.10
287.12	38721.85
287.19	38717.26
287.25	38717.51
287.32	38711.20
287.39	38719.87
287.45	38715.32
287.52	38715.52
287.59	38715.07
287.65	38715.45
287.72	38703.81
287.79	38691.08
287.86	38676.61
287.92	38660.22
287.99	38652.23
288.06	38654.14
288.12	38643.84
288.19	38642.15
288.26	38631.80
288.32	38620.83
288.39	38603.82
288.46	38606.00
288.52	38601.19
288.59	38610.97
288.66	38616.53
288.72	38623.25
288.79	38619.28
288.86	38622.26
288.92	38618.49
288.99	38609.01
289.06	38604.58
289.12	38602.94
289.19	38604.00
289.26	38605.76
289.32	38618.27
289.39	38619.75
289.45	38629.05
289.52	38622.13
289.59	38622.79
289.65	38624.19
289.72	38629.95
289.79	38634.49
289.85	38650.26
289.92	38658.75
289.99	38661.42
290.05	38663.01
290.12	38653.64
290.19	38649.07
290.25	38644.89
290.32	38641.67
290.39	38646.35
290.45	38660.13
290.52	38662.78
290.59	38667.09
290.65	38673.60
290.72	38672.21
290.79	38664.49
290.85	38672.05
290.92	38689.43
290.98	38699.57
291.05	38708.15
291.12	38718.72
291.18	38729.77
291.25	38730.38
291.32	38731.13
291.38	38732.28
291.45	38731.00
291.52	38725.36
291.58	38724.98
291.65	38729.57
291.72	38747.68
291.78	38772.62
291.85	38792.30
291.91	38810.27
291.98	38837.65
292.05	38843.60
292.11	38849.46
292.18	38858.79
292.25	38862.51
292.31	38850.40
292.38	38856.29
292.45	38857.56
292.51	38862.22
292.58	38868.63
292.64	38882.28
292.71	38887.37
292.78	38900.69
292.84	38901.12
292.91	38907.77
292.98	38915.76
293.04	38927.31
293.11	38929.17
293.17	38939.64
293.24	38955.63
293.31	38965.66
293.37	38981.08
293.44	39000.86
293.51	39024.49
293.57	39031.20
293.64	39042.20
293.70	39054.35
293.77	39068.24
293.84	39077.69
293.90	39086.89
293.97	39092.98
294.04	39103.34
294.10	39105.47
294.17	39109.24
294.23	39123.72
294.30	39136.77
294.37	39145.21
294.43	39162.91
294.50	39175.65
294.56	39195.10
294.63	39213.59
294.70	39222.35
294.76	39234.27
294.83	39246.85
294.90	39253.66
294.96	39270.24
295.03	39291.92
295.09	39311.39
295.16	39333.53
295.23	39347.69
295.29	39355.36
295.36	39359.44
295.42	39366.36
295.49	39372.16
295.56	39394.85
295.62	39418.67
295.69	39433.35
295.75	39447.88
295.82	39464.79
295.89	39475.37
295.95	39476.79
296.02	39492.57
296.08	39498.71
296.15	39503.61
296.22	39509.15
296.28	39523.85
296.35	39545.88
296.41	39568.44
296.48	39590.24
296.55	39614.10
296.61	39633.13
296.68	39646.65
296.74	39669.22
296.81	39699.46
296.88	39712.43
296.94	39735.27
297.01	39754.40
297.07	39770.46
297.14	39778.79
297.20	39798.87
297.27	39820.56
297.34	39841.64
297.40	39856.95
297.47	39874.27
297.53	39888.30
297.60	39902.28
297.67	39912.03
297.73	39930.11
297.80	39944.12
297.86	39952.99
297.93	39960.00
298.00	39977.17
298.06	39991.51
298.13	40012.17
298.19	40034.12
298.26	40055.09
298.32	40075.01
298.39	40090.61
298.46	40095.80
298.52	40110.92
298.59	40123.25
298.65	40131.88
298.72	40151.12
298.78	40174.67
298.85	40188.69
298.92	40202.36
298.98	40219.27
299.05	40230.57
299.11	40245.54
299.18	40256.98
299.24	40272.79
299.31	40280.58
299.38	40290.01
299.44	40293.69
299.51	40311.46
299.57	40326.15
299.64	40344.79
299.70	40357.30
299.77	40374.00
299.84	40382.08
299.90	40384.65
299.97	40388.88
300.03	40397.02
300.10	40415.03
300.16	40433.07
300.23	40451.13
300.30	40470.18
300.36	40487.57
300.43	40498.02
300.49	40505.99
300.56	40524.48
300.62	40540.30
300.69	40557.09
300.75	40571.48
300.82	40587.82
300.89	40596.16
300.95	40609.76
301.02	40611.70
301.08	40615.77
301.15	40623.05
301.21	40632.45
301.28	40635.44
301.34	40642.83
301.41	40645.26
301.48	40641.17
301.54	40635.15
301.61	40636.55
301.67	40638.59
301.74	40642.88
301.80	40655.95
301.87	40659.10
301.93	40654.90
302.00	40653.61
302.06	40643.28
302.13	40628.27
302.20	40630.47
302.26	40629.41
302.33	40632.15
302.39	40635.66
302.46	40640.78
302.52	40634.88
302.59	40639.50
302.65	40639.58
302.72	40643.41
302.78	40643.41
302.85	40643.89
302.91	40634.60
302.98	40626.39
303.05	40616.02
303.11	40608.02
303.18	40600.23
303.24	40596.06
303.31	40585.68
303.37	40578.89
303.44	40571.03
303.50	40565.45
303.57	40553.88
303.63	40549.58
303.70	40543.28
303.76	40531.64
303.83	40516.36
303.89	40504.15
303.96	40491.77
304.03	40474.87
304.09	40466.77
304.16	40457.30
304.22	40436.83
304.29	40421.23
304.35	40398.57
304.42	40381.73
304.48	40362.79
304.55	40355.18
304.61	40333.65
304.68	40329.49
304.74	40321.14
304.81	40314.78
304.87	40294.30
304.94	40277.25
305.00	40250.55
305.07	40214.65
305.13	40180.55
305.20	40154.45
305.26	40136.51
305.33	40121.25
305.39	40109.29
305.46	40083.78
305.52	40063.78
305.59	40040.79
305.66	40012.68
305.72	39985.16
305.79	39965.64
305.85	39943.22
305.92	39905.13
305.98	39857.62
306.05	39732.06
306.11	39497.72
306.18	39208.93
306.24	38958.91
306.31	38816.03
306.37	38830.31
306.44	39010.41
306.50	39254.61
306.57	39467.44
306.63	39592.84
306.70	39617.79
306.76	39595.49
306.83	39555.54
306.89	39510.61
306.96	39462.15
307.02	39424.50
307.09	39389.12
307.15	39363.66
307.22	39341.86
307.28	39309.70
307.35	39280.01
307.41	39238.09
307.48	39193.86
307.54	39153.93
307.61	39116.34
307.67	39071.24
307.74	39034.34
307.80	39001.91
307.87	38962.57
307.93	38931.25
308.00	38902.39
308.06	38870.50
308.13	38826.38
308.19	38787.87
308.26	38745.29
308.32	38709.39
308.38	38678.94
308.45	38651.40
308.51	38621.70
308.58	38577.93
308.64	38525.47
308.71	38472.94
308.77	38424.74
308.84	38372.38
308.90	38342.89
308.97	38323.95
309.03	38305.54
309.10	38278.86
309.16	38254.47
309.23	38212.51
309.29	38167.33
309.36	38103.13
309.42	38037.52
309.49	37976.41
309.55	37922.96
309.62	37862.38
309.68	37814.72
309.75	37766.61
309.81	37716.05
309.88	37675.21
309.94	37638.92
310.00	37595.02
310.07	37554.55
310.13	37524.55
310.20	37483.27
310.26	37439.06
310.33	37394.84
310.39	37363.70
310.46	37319.74
310.52	37278.06
310.59	37237.95
310.65	37204.91
310.72	37160.93
310.78	37114.81
310.85	37061.85
310.91	37020.95
310.97	36984.47
311.04	36942.62
311.10	36896.92
311.17	36855.66
311.23	36812.22
311.30	36761.07
311.36	36718.36
311.43	36685.70
311.49	36647.05
311.56	36603.77
311.62	36563.23
311.69	36514.89
311.75	36470.15
311.81	36425.68
311.88	36374.40
311.94	36334.59
312.01	36311.01
312.07	36276.14
312.14	36243.99
312.20	36218.50
312.27	36176.99
312.33	36121.97
312.40	36066.98
312.46	36013.94
312.52	35969.82
312.59	35924.90
312.65	35878.34
312.72	35832.78
312.78	35785.01
312.85	35729.18
312.91	35674.48
312.98	35628.57
313.04	35584.92
313.10	35544.77
313.17	35505.69
313.23	35478.02
313.30	35440.69
313.36	35395.86
313.43	35346.39
313.49	35297.59
313.56	35234.41
313.62	35181.73
313.68	35132.27
313.75	35098.80
313.81	35057.98
313.88	35013.88
313.94	34971.71
314.01	34938.03
314.07	34895.24
314.13	34854.33
314.20	34819.95
314.26	34781.64
314.33	34741.32
314.39	34692.65
314.46	34631.72
314.52	34580.19
314.58	34520.37
314.65	34463.21
314.71	34409.67
314.78	34366.16
314.84	34322.49
314.91	34285.42
314.97	34242.85
315.03	34202.43
315.10	34167.44
315.16	34118.14
315.23	34072.76
315.29	34028.73
315.36	33983.01
315.42	33937.59
315.48	33895.04
315.55	33852.35
315.61	33802.83
315.68	33758.00
315.74	33722.09
315.81	33686.81
315.87	33639.22
315.93	33607.55
316.00	33581.64
316.06	33543.22
316.13	33518.23
316.19	33491.53
316.25	33432.16
316.32	33341.43
316.38	33225.22
316.45	33070.05
316.51	32900.45
316.58	32720.93
316.64	32533.93
316.70	32345.34
316.77	32146.37
316.83	31923.26
316.90	31688.19
316.96	31441.89
317.02	31182.09
317.09	30912.23
317.15	30630.59
317.22	30339.34
317.28	30031.11
317.34	29703.95
317.41	29361.03
317.47	29014.10
317.54	28644.69
317.60	28255.90
317.66	27854.16
317.73	27436.10
317.79	27000.00
317.86	26559.70
317.92	26109.90
317.98	25634.91
318.05	25147.25
318.11	24646.31
318.18	24135.70
318.24	23612.33
318.30	23083.78
318.37	22547.10
318.43	21996.46
318.50	21431.49
318.56	20858.55
318.62	20287.93
318.69	19711.67
318.75	19134.74
318.82	18551.01
318.88	17978.01
318.94	17396.46
319.01	16810.68
319.07	16236.65
319.13	15662.66
319.20	15082.20
319.26	14504.63
319.33	13935.64
319.39	13364.02
319.45	12812.85
319.52	12271.46
319.58	11739.15
319.65	11216.02
319.71	10702.96
319.77	10192.20
319.84	9694.44
319.90	9211.41
319.96	8739.01
320.03	8280.35
320.09	7839.33
320.16	7405.95
320.22	6991.90
320.28	6591.91
320.35	6206.22
320.41	5835.54
320.47	5484.95
320.54	5145.42
320.60	4828.98
320.67	4530.82
320.73	4245.94
320.79	3974.52
320.86	3721.33
320.92	3476.30
320.98	3249.45
321.05	3036.74
321.11	2835.83
321.18	2650.02
321.24	2480.90
321.30	2315.27
321.37	2166.34
321.43	2035.37
321.49	1908.88
321.56	1791.85
321.62	1691.51
321.68	1592.97
321.75	1500.54
321.81	1420.20
321.88	1346.10
321.94	1279.98
322.00	1222.23
322.07	1164.18
322.13	1111.68
322.19	1061.66
322.26	1010.45
322.32	967.07
322.38	930.00
322.45	897.52
322.51	865.55
322.58	841.20
322.64	809.79
322.70	784.36
322.77	753.24
322.83	732.44
322.89	702.96
322.96	678.66
323.02	652.46
323.08	627.63
323.15	599.87
323.21	577.35
323.27	555.12
323.34	532.47
323.40	511.09
323.46	489.02
323.53	461.36
323.59	391.15
323.65	293.52
323.72	183.39
323.78	77.45
323.85	-19.28
323.91	-67.65
323.97	-84.40
324.04	-85.07
