180.21	3409.19
180.28	-122.51
180.36	627.09
180.44	-51.95
180.51	-23.92
180.59	-2.76
180.66	21.78
180.74	20.64
180.81	20.77
180.89	23.15
180.97	24.07
181.04	22.74
181.12	21.91
181.19	23.01
181.27	23.75
181.34	38.45
181.42	44.67
181.50	51.43
181.57	60.78
181.65	65.32
181.72	60.64
181.80	56.75
181.87	58.09
181.95	59.80
182.03	61.97
182.10	67.44
182.18	73.86
182.25	83.68
182.33	91.81
182.40	106.12
182.48	110.88
182.55	129.84
182.63	143.12
182.71	155.32
182.78	169.83
182.86	185.00
182.93	182.03
183.01	175.11
183.08	163.54
183.16	153.68
183.23	143.67
183.31	154.54
183.39	169.66
183.46	198.84
183.54	222.04
183.61	260.40
183.69	293.38
183.76	339.77
183.84	378.55
183.91	421.35
183.99	473.36
184.06	514.21
184.14	558.02
184.22	609.73
184.29	640.52
184.37	651.48
184.44	659.49
184.52	618.71
184.59	534.15
184.67	461.10
184.74	393.01
184.82	352.73
184.89	361.87
184.97	427.13
185.04	513.48
185.12	602.41
185.20	696.59
185.27	789.08
185.35	884.14
185.42	949.36
185.50	1020.21
185.57	1078.46
185.65	1123.76
185.72	1174.67
185.80	1255.84
185.87	1320.09
185.95	1406.76
186.02	1518.75
186.10	1569.16
186.17	1571.16
186.25	1503.73
186.33	1313.71
186.40	1096.84
186.48	948.08
186.55	870.76
186.63	896.24
186.70	1047.15
186.78	1219.44
186.85	1369.65
186.93	1497.66
187.00	1616.59
187.08	1736.73
187.15	1853.32
187.23	1988.50
187.30	2117.40
187.38	2232.19
187.45	2359.27
187.53	2486.80
187.60	2569.87
187.68	2686.18
187.75	2811.38
187.83	2875.18
187.90	2942.83
187.98	3023.30
188.05	2989.83
188.13	2796.04
188.21	2511.72
188.28	2228.63
188.36	1973.41
188.43	1830.15
188.51	1891.57
188.58	2103.85
188.66	2314.22
188.73	2526.94
188.81	2736.65
188.88	2902.35
188.96	3060.88
189.03	3206.22
189.11	3357.58
189.18	3486.98
189.26	3600.61
189.33	3720.30
189.41	3841.52
189.48	3923.46
189.56	4026.13
189.63	4140.66
189.71	4195.48
189.78	4261.99
189.86	4343.65
189.93	4374.38
190.01	4353.75
190.08	4274.16
190.16	4024.19
190.23	3646.34
190.31	3319.36
190.38	3101.37
190.46	3014.14
190.53	3118.16
190.61	3376.63
190.68	3627.13
190.76	3849.05
190.83	4036.31
190.91	4207.90
190.98	4371.58
191.06	4517.04
191.13	4659.78
191.21	4788.62
191.28	4901.17
191.35	5014.76
191.43	5121.34
191.50	5196.38
191.58	5289.59
191.65	5373.62
191.73	5416.76
191.80	5467.54
191.88	5501.54
191.95	5498.22
192.03	5504.09
192.10	5527.06
192.18	5530.88
192.25	5494.92
192.33	5352.65
192.40	5101.71
192.48	4849.54
192.55	4657.16
192.63	4556.64
192.70	4619.73
192.78	4818.42
192.85	5044.76
192.93	5247.35
193.00	5432.06
193.08	5588.12
193.15	5737.63
193.22	5850.45
193.30	5959.21
193.37	6058.97
193.45	6132.11
193.52	6201.86
193.60	6277.66
193.67	6328.63
193.75	6373.67
193.82	6422.98
193.90	6437.82
193.97	6458.82
194.05	6484.13
194.12	6501.90
194.20	6531.82
194.27	6579.85
194.34	6616.41
194.42	6649.77
194.49	6681.77
194.57	6693.85
194.64	6645.57
194.72	6548.24
194.79	6450.73
194.87	6374.88
194.94	6335.32
195.02	6366.36
195.09	6464.60
195.17	6576.09
195.24	6681.86
195.31	6774.13
195.39	6851.75
195.46	6921.95
195.54	6988.34
195.61	7049.52
195.69	7098.82
195.76	7140.74
195.84	7185.24
195.91	7213.92
195.99	7230.00
196.06	7245.31
196.13	7266.68
196.21	7276.45
196.28	7296.58
196.36	7324.67
196.43	7357.74
196.51	7390.67
196.58	7425.23
196.66	7454.58
196.73	7479.99
196.80	7504.63
196.88	7524.40
196.95	7548.69
197.03	7574.31
197.10	7577.32
197.18	7565.38
197.25	7555.06
197.33	7548.59
197.40	7549.42
197.47	7565.71
197.55	7606.03
197.62	7646.05
197.70	7678.71
197.77	7711.96
197.85	7753.18
197.92	7784.76
197.99	7818.12
198.07	7852.50
198.14	7878.90
198.22	7904.41
198.29	7924.33
198.37	7947.46
198.44	7973.76
198.51	7998.64
198.59	8020.97
198.66	8055.94
198.74	8086.97
198.81	8113.19
198.89	8136.41
198.96	8162.01
199.03	8184.52
199.11	8214.37
199.18	8239.40
199.26	8264.95
199.33	8292.52
199.41	8317.38
199.48	8330.09
199.55	8348.69
199.63	8366.37
199.70	8391.55
199.78	8407.04
199.85	8424.49
199.93	8443.88
200.00	8477.68
200.07	8504.11
200.15	8542.05
200.22	8589.11
200.30	8629.69
200.37	8667.97
200.44	8699.99
200.52	8728.51
200.59	8754.61
200.67	8779.95
200.74	8798.57
200.81	8821.01
200.89	8841.89
200.96	8866.73
201.04	8891.38
201.11	8921.99
201.19	8952.61
201.26	8985.34
201.33	9017.10
201.41	9052.87
201.48	9087.66
201.56	9123.91
201.63	9168.32
201.70	9206.62
201.78	9243.57
201.85	9285.33
201.93	9325.60
202.00	9358.83
202.07	9394.58
202.15	9431.43
202.22	9465.89
202.30	9502.34
202.37	9539.16
202.44	9577.15
202.52	9615.43
202.59	9652.01
202.67	9688.02
202.74	9726.69
202.81	9762.56
202.89	9795.08
202.96	9833.54
203.04	9877.56
203.11	9915.66
203.18	9965.62
203.26	10023.18
203.33	10070.77
203.41	10112.26
203.48	10162.12
203.55	10198.68
203.63	10235.36
203.70	10278.75
203.77	10328.22
203.85	10373.43
203.92	10422.26
204.00	10478.52
204.07	10532.67
204.14	10578.32
204.22	10624.57
204.29	10677.28
204.37	10720.32
204.44	10762.76
204.51	10820.25
204.59	10878.60
204.66	10932.02
204.73	10988.51
204.81	11047.47
204.88	11104.69
204.96	11162.32
205.03	11218.84
205.10	11274.46
205.18	11332.18
205.25	11383.64
205.32	11440.26
205.40	11503.43
205.47	11562.78
205.55	11618.59
205.62	11683.18
205.69	11745.47
205.77	11806.49
205.84	11875.10
205.91	11947.66
205.99	12016.05
206.06	12082.21
206.14	12147.82
206.21	12218.29
206.28	12281.20
206.36	12351.14
206.43	12424.71
206.50	12498.87
206.58	12566.52
206.65	12638.69
206.72	12704.96
206.80	12766.14
206.87	12831.68
206.95	12907.29
207.02	12988.09
207.09	13066.89
207.17	13155.46
207.24	13245.82
207.31	13327.41
207.39	13402.40
207.46	13485.85
207.53	13561.20
207.61	13635.20
207.68	13714.66
207.75	13801.69
207.83	13884.52
207.90	13968.18
207.98	14049.39
208.05	14136.47
208.12	14218.56
208.20	14301.18
208.27	14392.21
208.34	14482.81
208.42	14565.27
208.49	14655.76
208.56	14743.28
208.64	14833.78
208.71	14923.13
208.78	15008.23
208.86	15104.50
208.93	15205.20
209.00	15297.81
209.08	15394.55
209.15	15500.61
209.22	15599.39
209.30	15697.86
209.37	15800.71
209.44	15905.16
209.52	16007.71
209.59	16103.79
209.67	16200.10
209.74	16292.83
209.81	16392.86
209.89	16487.72
209.96	16595.24
210.03	16698.91
210.11	16804.11
210.18	16903.62
210.25	17011.53
210.33	17108.47
210.40	17210.17
210.47	17319.13
210.55	17432.00
210.62	17540.87
210.69	17644.03
210.77	17761.34
210.84	17877.81
210.91	17998.64
210.99	18119.18
211.06	18245.71
211.13	18362.53
211.21	18478.07
211.28	18583.47
211.35	18695.83
211.42	18817.45
211.50	18934.65
211.57	19055.10
211.64	19179.94
211.72	19301.76
211.79	19412.05
211.86	19528.59
211.94	19648.34
212.01	19769.43
212.08	19890.92
212.16	20013.93
212.23	20135.71
212.30	20263.56
212.38	20383.17
212.45	20515.44
212.52	20652.36
212.60	20780.48
212.67	20906.87
212.74	21040.39
212.82	21162.16
212.89	21285.28
212.96	21409.92
213.03	21532.55
213.11	21661.64
213.18	21789.76
213.25	21922.15
213.33	22058.67
213.40	22188.27
213.47	22317.66
213.55	22446.96
213.62	22571.21
213.69	22700.10
213.77	22837.06
213.84	22971.58
213.91	23115.59
213.98	23261.27
214.06	23407.62
214.13	23556.81
214.20	23703.93
214.28	23850.33
214.35	23990.19
214.42	24125.13
214.50	24251.66
214.57	24385.86
214.64	24515.86
214.72	24652.11
214.79	24784.91
214.86	24921.85
214.93	25059.21
215.01	25201.45
215.08	25334.35
215.15	25478.40
215.23	25619.20
215.30	25755.59
215.37	25887.21
215.44	26036.61
215.52	26181.66
215.59	26327.69
215.66	26465.93
215.74	26607.24
215.81	26743.04
215.88	26888.37
215.95	27027.42
216.03	27176.16
216.10	27321.01
216.17	27470.19
216.25	27611.00
216.32	27760.67
216.39	27902.94
216.46	28057.47
216.54	28200.74
216.61	28351.39
216.68	28492.94
216.76	28636.65
216.83	28763.69
216.90	28904.71
216.97	29045.40
217.05	29191.81
217.12	29340.11
217.19	29486.87
217.27	29618.03
217.34	29746.80
217.41	29874.93
217.48	29996.21
217.56	30134.51
217.63	30285.51
217.70	30437.71
217.78	30584.42
217.85	30738.20
217.92	30887.37
217.99	31035.33
218.07	31173.82
218.14	31315.63
218.21	31464.29
218.28	31605.50
218.36	31737.83
218.43	31878.45
218.50	32027.40
218.57	32169.23
218.65	32306.17
218.72	32441.84
218.79	32575.52
218.87	32698.35
218.94	32824.64
219.01	32957.43
219.08	33094.45
219.16	33227.88
219.23	33368.66
219.30	33513.22
219.37	33650.56
219.45	33792.30
219.52	33938.93
219.59	34073.39
219.66	34197.87
219.74	34331.11
219.81	34469.63
219.88	34596.00
219.95	34729.72
220.03	34869.63
220.10	35007.47
220.17	35136.77
220.24	35274.48
220.32	35408.18
220.39	35528.42
220.46	35649.77
220.53	35770.10
220.61	35888.88
220.68	36012.25
220.75	36145.40
220.82	36275.55
220.90	36404.56
220.97	36529.68
221.04	36647.51
221.11	36752.92
221.19	36867.73
221.26	36984.66
221.33	37107.49
221.40	37239.96
221.48	37372.39
221.55	37489.67
221.62	37598.03
221.69	37712.46
221.77	37825.31
221.84	37951.09
221.91	38072.47
221.98	38203.65
222.06	38325.69
222.13	38445.10
222.20	38549.61
222.27	38665.82
222.35	38775.69
222.42	38883.77
222.49	38993.35
222.56	39112.96
222.63	39221.31
222.71	39327.44
222.78	39432.70
222.85	39538.47
222.92	39643.59
223.00	39749.01
223.07	39861.66
223.14	39966.26
223.21	40061.50
223.29	40156.49
223.36	40265.40
223.43	40371.76
223.50	40484.41
223.57	40604.91
223.65	40728.04
223.72	40839.92
223.79	40944.24
223.86	41044.34
223.94	41129.80
224.01	41212.06
224.08	41297.15
224.15	41387.54
224.22	41479.23
224.30	41574.41
224.37	41663.37
224.44	41760.37
224.51	41849.22
224.59	41930.73
224.66	42012.44
224.73	42097.39
224.80	42180.14
224.87	42269.26
224.95	42368.72
225.02	42478.22
225.09	42582.52
225.16	42685.57
225.23	42780.16
225.31	42873.54
225.38	42950.50
225.45	43032.28
225.52	43111.36
225.60	43193.01
225.67	43278.56
225.74	43364.92
225.81	43451.20
225.88	43530.49
225.96	43603.42
226.03	43669.96
226.10	43747.76
226.17	43820.19
226.24	43899.31
226.32	43985.24
226.39	44066.65
226.46	44135.96
226.53	44210.66
226.60	44289.47
226.68	44370.04
226.75	44460.63
226.82	44551.59
226.89	44637.82
226.96	44712.26
227.04	44771.11
227.11	44814.91
227.18	44868.48
227.25	44921.62
227.32	44977.46
227.40	45045.33
227.47	45125.13
227.54	45204.24
227.61	45283.98
227.68	45356.78
227.76	45431.19
227.83	45499.61
227.90	45568.84
227.97	45635.41
228.04	45703.05
228.11	45759.41
228.19	45810.87
228.26	45853.56
228.33	45893.64
228.40	45942.03
228.47	45999.42
228.55	46057.79
228.62	46118.07
228.69	46187.77
228.76	46247.62
228.83	46304.86
228.90	46364.79
228.98	46427.24
229.05	46495.51
229.12	46573.09
229.19	46639.78
229.26	46705.14
229.34	46763.01
229.41	46808.25
229.48	46846.73
229.55	46894.55
229.62	46948.09
229.69	47009.02
229.77	47069.45
229.84	47127.94
229.91	47180.60
229.98	47226.44
230.05	47266.71
230.12	47305.49
230.20	47348.15
230.27	47396.02
230.34	47448.41
230.41	47505.58
230.48	47563.00
230.55	47621.11
230.63	47685.46
230.70	47751.14
230.77	47797.98
230.84	47848.60
230.91	47884.04
230.98	47917.76
231.06	47948.06
231.13	48006.42
231.20	48058.96
231.27	48121.84
231.34	48180.78
231.41	48242.62
231.49	48284.14
231.56	48326.14
231.63	48369.65
231.70	48408.49
231.77	48445.88
231.84	48480.14
231.92	48513.52
231.99	48547.06
232.06	48583.86
232.13	48612.01
232.20	48655.83
232.27	48700.28
232.34	48740.50
232.42	48773.86
232.49	48808.28
232.56	48835.26
232.63	48872.90
232.70	48906.48
232.77	48954.05
232.85	49008.08
232.92	49059.41
232.99	49093.35
233.06	49130.78
233.13	49156.45
233.20	49171.61
233.27	49180.44
233.35	49191.08
233.42	49197.46
233.49	49210.39
233.56	49232.66
233.63	49263.77
233.70	49297.18
233.77	49341.16
233.85	49376.16
233.92	49415.26
233.99	49445.18
234.06	49482.20
234.13	49507.97
234.20	49537.08
234.27	49557.08
234.35	49575.99
234.42	49588.16
234.49	49594.61
234.56	49609.55
234.63	49618.32
234.70	49635.60
234.77	49645.53
234.84	49664.46
234.92	49666.83
234.99	49676.49
235.06	49684.24
235.13	49690.70
235.20	49700.08
235.27	49719.02
235.34	49730.95
235.41	49748.58
235.49	49767.72
235.56	49777.45
235.63	49791.29
235.70	49807.65
235.77	49812.26
235.84	49816.58
235.91	49818.78
235.98	49808.21
236.06	49795.87
236.13	49784.91
236.20	49770.08
236.27	49746.59
236.34	49729.81
236.41	49707.15
236.48	49695.85
236.55	49689.87
236.63	49691.10
236.70	49683.33
236.77	49691.94
236.84	49702.13
236.91	49711.32
236.98	49717.83
237.05	49741.16
237.12	49744.41
237.19	49736.56
237.27	49727.81
237.34	49731.60
237.41	49726.87
237.48	49719.26
237.55	49707.72
237.62	49705.46
237.69	49696.72
237.76	49682.28
237.83	49686.88
237.91	49700.89
237.98	49701.11
238.05	49699.41
238.12	49699.40
238.19	49692.20
238.26	49693.36
238.33	49685.85
238.40	49676.23
238.47	49667.49
238.54	49655.85
238.62	49630.13
238.69	49618.75
238.76	49611.35
238.83	49601.86
238.90	49597.70
238.97	49595.65
239.04	49592.08
239.11	49588.61
239.18	49589.02
239.25	49583.71
239.33	49563.14
239.40	49546.29
239.47	49525.99
239.54	49494.56
239.61	49458.57
239.68	49430.91
239.75	49412.39
239.82	49400.27
239.89	49392.47
239.96	49398.86
240.03	49403.11
240.11	49407.90
240.18	49396.89
240.25	49386.42
240.32	49366.68
240.39	49357.04
240.46	49339.47
240.53	49335.06
240.60	49337.25
240.67	49336.46
240.74	49328.36
240.81	49315.78
240.88	49304.71
240.96	49289.75
241.03	49276.91
241.10	49269.54
241.17	49263.05
241.24	49260.00
241.31	49257.19
241.38	49254.86
241.45	49243.70
241.52	49233.81
241.59	49219.10
241.66	49205.09
241.73	49187.83
241.80	49177.94
241.88	49168.55
241.95	49158.16
242.02	49139.06
242.09	49115.78
242.16	49096.87
242.23	49081.62
242.30	49060.45
242.37	49051.67
242.44	49064.56
242.51	49057.23
242.58	49056.36
242.65	49062.21
242.72	49069.10
242.79	49054.24
242.87	49056.90
242.94	49040.83
243.01	49031.75
243.08	49028.45
243.15	49021.23
243.22	49012.40
243.29	49024.56
243.36	49022.92
243.43	49022.35
243.50	49047.67
243.57	49069.58
243.64	49072.28
243.71	49083.47
243.78	49082.09
243.85	49059.83
243.92	49043.86
243.99	49036.88
244.07	49021.85
244.14	49004.80
244.21	49002.17
244.28	48997.34
244.35	48980.20
244.42	48971.21
244.49	48970.84
244.56	48972.22
244.63	48976.83
244.70	48979.92
244.77	48977.85
244.84	48984.48
244.91	48988.90
244.98	49001.68
245.05	49020.74
245.12	49045.87
245.19	49065.16
245.26	49072.44
245.33	49075.77
245.40	49093.23
245.47	49122.20
245.55	49139.51
245.62	49155.23
245.69	49159.03
245.76	49163.26
245.83	49156.49
245.90	49153.71
245.97	49157.40
246.04	49171.64
246.11	49174.66
246.18	49181.31
246.25	49183.30
246.32	49183.23
246.39	49185.39
246.46	49191.02
246.53	49197.04
246.60	49210.73
246.67	49224.79
246.74	49238.84
246.81	49261.89
246.88	49270.89
246.95	49289.61
247.02	49319.92
247.09	49337.81
247.16	49339.39
247.23	49344.52
247.30	49334.19
247.37	49317.95
247.44	49320.17
247.51	49329.33
247.58	49354.57
247.66	49392.19
247.73	49433.66
247.80	49460.70
247.87	49487.96
247.94	49518.51
248.01	49542.34
248.08	49564.20
248.15	49583.76
248.22	49612.36
248.29	49633.91
248.36	49650.35
248.43	49671.08
248.50	49695.44
248.57	49714.44
248.64	49718.79
248.71	49733.15
248.78	49752.29
248.85	49763.26
248.92	49774.71
248.99	49795.63
249.06	49809.12
249.13	49816.55
249.20	49839.08
249.27	49853.77
249.34	49863.08
249.41	49863.47
249.48	49851.21
249.55	49832.29
249.62	49832.28
249.69	49837.28
249.76	49869.52
249.83	49914.89
249.90	49962.30
249.97	49997.37
250.04	50043.23
250.11	50079.63
250.18	50109.00
250.25	50127.11
250.32	50139.96
250.39	50152.52
250.46	50158.54
250.53	50170.96
250.60	50197.65
250.67	50229.33
250.74	50250.59
250.81	50259.14
250.88	50268.49
250.95	50276.70
251.02	50291.54
251.09	50307.22
251.16	50340.93
251.23	50363.65
251.30	50380.58
251.37	50382.62
251.44	50382.24
251.51	50387.53
251.58	50402.89
251.65	50420.36
251.72	50431.62
251.79	50453.03
251.86	50468.15
251.93	50475.59
252.00	50479.33
252.07	50492.12
252.14	50504.80
252.21	50508.22
252.28	50513.94
252.35	50522.37
252.42	50541.50
252.49	50544.77
252.56	50549.76
252.63	50552.01
252.70	50558.89
252.77	50561.11
252.84	50571.85
252.91	50581.12
252.98	50607.65
253.05	50619.83
253.12	50621.03
253.19	50626.11
253.25	50649.56
253.32	50656.95
253.39	50679.68
253.46	50709.86
253.53	50732.56
253.60	50740.03
253.67	50743.85
253.74	50751.44
253.81	50762.06
253.88	50775.96
253.95	50791.31
254.02	50805.86
254.09	50814.98
254.16	50824.60
254.23	50823.20
254.30	50822.48
254.37	50839.55
254.44	50855.36
254.51	50867.21
254.58	50873.08
254.65	50881.45
254.72	50877.12
254.79	50858.87
254.86	50854.60
254.93	50859.81
255.00	50865.12
255.07	50870.38
255.14	50888.22
255.21	50885.73
255.28	50872.39
255.34	50854.38
255.41	50840.26
255.48	50822.01
255.55	50812.63
255.62	50823.75
255.69	50828.33
255.76	50827.23
255.83	50838.52
255.90	50847.91
255.97	50864.14
256.04	50866.19
256.11	50872.05
256.18	50866.11
256.25	50857.95
256.32	50836.35
256.39	50837.33
256.46	50836.67
256.53	50838.86
256.60	50840.37
256.67	50841.16
256.74	50836.97
256.80	50838.31
256.87	50837.59
256.94	50834.26
257.01	50829.88
257.08	50829.71
257.15	50812.55
257.22	50792.32
257.29	50768.17
257.36	50750.01
257.43	50729.91
257.50	50721.86
257.57	50714.28
257.64	50723.92
257.71	50716.02
257.78	50710.78
257.85	50696.24
257.92	50679.16
257.98	50653.13
258.05	50639.49
258.12	50613.71
258.19	50588.92
258.26	50569.78
258.33	50554.86
258.40	50546.03
258.47	50542.68
258.54	50548.49
258.61	50549.97
258.68	50545.36
258.75	50524.54
258.82	50505.36
258.89	50476.79
258.95	50452.96
259.02	50435.11
259.09	50423.62
259.16	50406.19
259.23	50390.31
259.30	50365.66
259.37	50338.54
259.44	50314.18
259.51	50301.98
259.58	50296.02
259.65	50285.70
259.72	50265.86
259.79	50238.74
259.85	50202.89
259.92	50158.87
259.99	50127.36
260.06	50100.40
260.13	50071.94
260.20	50040.65
260.27	50004.46
260.34	49966.91
260.41	49937.03
260.48	49912.60
260.55	49900.07
260.62	49895.99
260.68	49883.43
260.75	49856.78
260.82	49838.26
260.89	49803.72
260.96	49778.00
261.03	49753.70
261.10	49729.90
261.17	49700.49
261.24	49674.53
261.31	49637.68
261.38	49605.71
261.44	49573.26
261.51	49531.68
261.58	49490.95
261.65	49447.18
261.72	49407.25
261.79	49364.40
261.86	49333.61
261.93	49313.32
262.00	49295.80
262.07	49264.85
262.13	49244.41
262.20	49215.02
262.27	49170.81
262.34	49136.53
262.41	49104.30
262.48	49065.42
262.55	49034.04
262.62	49003.92
262.69	48955.06
262.76	48923.16
262.82	48890.79
262.89	48858.85
262.96	48827.19
263.03	48804.20
263.10	48765.64
263.17	48727.55
263.24	48686.61
263.31	48653.01
263.38	48616.64
263.44	48585.18
263.51	48547.42
263.58	48507.74
263.65	48466.80
263.72	48419.39
263.79	48373.52
263.86	48336.80
263.93	48298.09
264.00	48255.18
264.06	48225.46
264.13	48189.50
264.20	48159.02
264.27	48116.06
264.34	48070.77
264.41	48026.16
264.48	47986.42
264.55	47930.24
264.61	47882.36
264.68	47848.97
264.75	47809.25
264.82	47754.43
264.89	47715.81
264.96	47680.83
265.03	47631.40
265.10	47593.90
265.16	47567.83
265.23	47534.28
265.30	47512.33
265.37	47485.12
265.44	47439.86
265.51	47395.61
265.58	47348.35
265.65	47289.99
265.71	47239.04
265.78	47197.51
265.85	47154.32
265.92	47111.12
265.99	47067.96
266.06	47032.90
266.13	46990.35
266.20	46955.82
266.26	46924.85
266.33	46886.37
266.40	46836.42
266.47	46785.23
266.54	46720.82
266.61	46657.65
266.68	46603.76
266.74	46552.31
266.81	46501.21
266.88	46453.49
266.95	46403.03
267.02	46358.54
267.09	46313.96
267.16	46268.18
267.22	46227.48
267.29	46189.34
267.36	46147.65
267.43	46109.58
267.50	46079.61
267.57	46050.28
267.64	46019.35
267.70	45990.96
267.77	45951.93
267.84	45918.77
267.91	45868.65
267.98	45816.80
268.05	45765.91
268.11	45716.09
268.18	45657.79
268.25	45615.28
268.32	45578.20
268.39	45531.93
268.46	45494.06
268.53	45457.70
268.59	45420.31
268.66	45381.00
268.73	45342.38
268.80	45299.26
268.87	45246.22
268.94	45199.16
269.00	45155.21
269.07	45119.33
269.14	45095.14
269.21	45069.77
269.28	45037.84
269.35	45002.51
269.41	44963.07
269.48	44910.95
269.55	44857.65
269.62	44809.67
269.69	44766.03
269.76	44714.64
269.82	44673.73
269.89	44650.46
269.96	44624.91
270.03	44590.86
270.10	44559.76
270.17	44519.04
270.23	44473.54
270.30	44431.76
270.37	44398.54
270.44	44369.86
270.51	44336.35
270.58	44306.36
270.64	44276.17
270.71	44235.23
270.78	44205.59
270.85	44177.37
270.92	44145.88
270.99	44105.53
271.05	44077.27
271.12	44034.60
271.19	43998.89
271.26	43953.39
271.33	43913.98
271.39	43872.60
271.46	43827.14
271.53	43789.60
271.60	43766.63
271.67	43739.47
271.74	43710.16
271.80	43684.84
271.87	43667.34
271.94	43633.68
272.01	43603.70
272.08	43577.66
272.14	43545.00
272.21	43507.65
272.28	43491.44
272.35	43473.68
272.42	43448.26
272.48	43435.68
272.55	43408.28
272.62	43379.24
272.69	43355.20
272.76	43340.88
272.83	43312.59
272.89	43285.46
272.96	43259.13
273.03	43229.78
273.10	43184.99
273.17	43159.00
273.23	43138.95
273.30	43113.14
273.37	43088.96
273.44	43078.03
273.51	43055.00
273.57	43033.26
273.64	43008.22
273.71	42987.26
273.78	42954.96
273.85	42931.43
273.91	42908.63
273.98	42895.33
274.05	42876.21
274.12	42868.55
274.19	42856.27
274.25	42837.04
274.32	42810.93
274.39	42778.64
274.46	42735.43
274.53	42685.89
274.59	42642.13
274.66	42604.36
274.73	42579.90
274.80	42555.13
274.86	42532.66
274.93	42515.02
275.00	42487.97
275.07	42448.47
275.14	42417.94
275.20	42389.16
275.27	42366.35
275.34	42340.48
275.41	42322.97
275.48	42308.31
275.54	42299.63
275.61	42279.01
275.68	42258.03
275.75	42229.79
275.81	42197.26
275.88	42166.86
275.95	42136.44
276.02	42109.85
276.09	42091.44
276.15	42066.61
276.22	42044.07
276.29	42028.55
276.36	42005.39
276.42	41974.22
276.49	41954.70
276.56	41924.15
276.63	41894.45
276.70	41875.97
276.76	41863.00
276.83	41847.60
276.90	41832.65
276.97	41806.96
277.03	41783.01
277.10	41764.62
277.17	41745.65
277.24	41729.21
277.30	41719.31
277.37	41700.52
277.44	41682.07
277.51	41665.13
277.58	41635.47
277.64	41606.43
277.71	41588.76
277.78	41567.84
277.85	41533.60
277.91	41512.36
277.98	41491.97
278.05	41470.55
278.12	41446.35
278.18	41432.33
278.25	41416.28
278.32	41392.77
278.39	41374.78
278.45	41357.54
278.52	41340.22
278.59	41325.47
278.66	41306.97
278.72	41283.12
278.79	41260.81
278.86	41237.55
278.93	41223.48
278.99	41215.68
279.06	41200.70
279.13	41179.54
279.20	41158.36
279.26	41133.11
279.33	41109.02
279.40	41088.50
279.47	41068.02
279.53	41047.89
279.60	41017.38
279.67	40985.61
279.74	40956.16
279.80	40933.29
279.87	40917.20
279.94	40905.93
280.01	40901.17
280.07	40881.86
280.14	40863.61
280.21	40832.56
280.28	40804.36
280.34	40770.17
280.41	40752.39
280.48	40727.73
280.55	40709.79
280.61	40687.16
280.68	40672.32
280.75	40643.75
280.82	40611.82
280.88	40575.09
280.95	40529.95
281.02	40466.73
281.08	40398.05
281.15	40328.25
281.22	40265.51
281.29	40203.77
281.35	40150.60
281.42	40118.07
281.49	40085.29
281.56	40046.47
281.62	40027.70
281.69	40006.31
281.76	39971.82
281.82	39941.95
281.89	39918.71
281.96	39885.40
282.03	39852.19
282.09	39826.21
282.16	39803.13
282.23	39780.43
282.30	39749.86
282.36	39724.53
282.43	39707.62
282.50	39692.27
282.56	39670.46
282.63	39655.52
282.70	39644.31
282.77	39629.74
282.83	39606.37
282.90	39586.54
282.97	39562.56
283.03	39541.07
283.10	39510.65
283.17	39493.05
283.24	39471.78
283.30	39448.55
283.37	39420.24
283.44	39398.99
283.50	39367.46
283.57	39344.07
283.64	39326.33
283.71	39295.39
283.77	39255.93
283.84	39220.59
283.91	39174.66
283.97	39139.91
284.04	39131.10
284.11	39135.01
284.18	39144.88
284.24	39163.73
284.31	39175.76
284.38	39172.78
284.44	39159.68
284.51	39143.42
284.58	39125.01
284.64	39114.00
284.71	39105.77
284.78	39099.96
284.85	39091.37
284.91	39078.46
284.98	39057.56
285.05	39027.27
285.11	39005.33
285.18	38980.74
285.25	38972.76
285.31	38969.97
285.38	38972.47
285.45	38966.84
285.52	38966.54
285.58	38956.01
285.65	38939.16
285.72	38918.86
285.78	38904.37
285.85	38889.70
285.92	38876.60
285.98	38860.21
286.05	38851.60
286.12	38843.86
286.18	38838.34
286.25	38829.48
286.32	38823.59
286.39	38824.18
286.45	38818.44
286.52	38812.18
286.59	38804.46
286.65	38797.13
286.72	38791.59
286.79	38784.31
286.85	38767.40
286.92	38752.85
286.99	38740.36
287.05	38715.20
287.12	38708.55
287.19	38704.42
287.25	38701.48
287.32	38699.03
287.39	38709.78
287.45	38705.66
287.52	38706.09
287.59	38711.37
287.65	38713.44
287.72	38703.53
287.79	38695.73
287.86	38688.62
287.92	38672.81
287.99	38661.76
288.06	38662.14
288.12	38653.02
288.19	38644.56
288.26	38635.32
288.32	38624.74
288.39	38611.60
288.46	38613.10
288.52	38612.42
288.59	38618.51
288.66	38625.50
288.72	38629.25
288.79	38627.21
288.86	38625.95
288.92	38627.07
288.99	38618.78
289.06	38611.60
289.12	38604.70
289.19	38605.06
289.26	38602.58
289.32	38609.94
289.39	38614.86
289.45	38621.56
289.52	38616.55
289.59	38621.84
289.65	38630.34
289.72	38636.52
289.79	38644.61
289.85	38659.30
289.92	38660.82
289.99	38658.87
290.05	38661.34
290.12	38654.60
290.19	38642.93
290.25	38637.34
290.32	38636.59
290.39	38639.36
290.45	38646.54
290.52	38661.28
290.59	38675.62
290.65	38677.39
290.72	38671.75
290.79	38668.51
290.85	38672.96
290.92	38681.45
290.98	38692.40
291.05	38705.39
291.12	38717.82
291.18	38728.18
291.25	38729.06
291.32	38734.01
291.38	38735.14
291.45	38729.56
291.52	38723.86
291.58	38721.90
291.65	38725.38
291.72	38738.94
291.78	38769.66
291.85	38789.72
291.91	38810.16
291.98	38833.22
292.05	38842.53
292.11	38847.71
292.18	38857.50
292.25	38859.64
292.31	38849.49
292.38	38855.27
292.45	38861.59
292.51	38867.48
292.58	38877.04
292.64	38893.11
292.71	38899.82
292.78	38907.07
292.84	38905.25
292.91	38909.69
292.98	38916.84
293.04	38927.76
293.11	38931.36
293.17	38947.30
293.24	38962.97
293.31	38979.05
293.37	38990.98
293.44	39000.36
293.51	39017.09
293.57	39023.89
293.64	39031.28
293.70	39045.53
293.77	39065.84
293.84	39073.31
293.90	39087.86
293.97	39100.74
294.04	39111.69
294.10	39118.35
294.17	39130.26
294.23	39147.40
294.30	39158.14
294.37	39171.90
294.43	39188.71
294.50	39195.79
294.56	39207.66
294.63	39220.84
294.70	39225.08
294.76	39233.36
294.83	39248.94
294.90	39262.49
294.96	39279.72
295.03	39302.61
295.09	39319.04
295.16	39336.56
295.23	39343.46
295.29	39350.60
295.36	39354.11
295.42	39357.80
295.49	39367.10
295.56	39389.15
295.62	39410.68
295.69	39424.61
295.75	39446.96
295.82	39468.68
295.89	39480.93
295.95	39484.86
296.02	39500.73
296.08	39507.71
296.15	39507.30
296.22	39513.54
296.28	39537.37
296.35	39556.53
296.41	39577.43
296.48	39602.47
296.55	39624.96
296.61	39636.96
296.68	39656.72
296.74	39676.71
296.81	39703.02
296.88	39721.57
296.94	39741.85
297.01	39760.18
297.07	39776.66
297.14	39788.12
297.20	39798.89
297.27	39816.49
297.34	39838.47
297.40	39855.87
297.47	39868.17
297.53	39887.21
297.60	39904.34
297.67	39911.79
297.73	39925.21
297.80	39937.06
297.86	39947.30
297.93	39956.88
298.00	39970.48
298.06	39990.60
298.13	40022.28
298.19	40044.06
298.26	40061.72
298.32	40081.31
298.39	40093.71
298.46	40093.01
298.52	40108.02
298.59	40123.42
298.65	40135.45
298.72	40159.12
298.78	40181.84
298.85	40198.56
298.92	40210.88
298.98	40229.39
299.05	40236.18
299.11	40251.63
299.18	40263.70
299.24	40280.74
299.31	40288.34
299.38	40304.07
299.44	40310.81
299.51	40324.20
299.57	40330.12
299.64	40348.43
299.70	40355.65
299.77	40368.06
299.84	40379.56
299.90	40384.46
299.97	40384.05
300.03	40392.24
300.10	40410.40
300.16	40423.40
300.23	40449.76
300.30	40474.14
300.36	40488.82
300.43	40502.52
300.49	40511.01
300.56	40526.33
300.62	40543.23
300.69	40562.11
300.75	40572.59
300.82	40588.64
300.89	40597.09
300.95	40609.64
301.02	40615.53
301.08	40622.75
301.15	40627.43
301.21	40632.41
301.28	40632.66
301.34	40642.25
301.41	40645.93
301.48	40652.37
301.54	40648.32
301.61	40648.49
301.67	40648.26
301.74	40654.59
301.80	40653.91
301.87	40661.52
301.93	40660.87
302.00	40661.23
302.06	40653.76
302.13	40647.69
302.20	40648.27
302.26	40650.70
302.33	40649.85
302.39	40645.08
302.46	40647.07
302.52	40639.17
302.59	40635.96
302.65	40633.99
302.72	40636.56
302.78	40635.78
302.85	40640.56
302.91	40636.39
302.98	40625.85
303.05	40615.78
303.11	40618.69
303.18	40610.51
303.24	40606.84
303.31	40601.18
303.37	40597.05
303.44	40583.49
303.50	40570.30
303.57	40552.63
303.63	40541.22
303.70	40539.74
303.76	40527.91
303.83	40521.52
303.89	40516.96
303.96	40510.31
304.03	40488.10
304.09	40474.34
304.16	40460.76
304.22	40440.95
304.29	40425.65
304.35	40409.23
304.42	40391.56
304.48	40372.64
304.55	40363.13
304.61	40345.55
304.68	40340.32
304.74	40335.92
304.81	40329.03
304.87	40303.81
304.94	40281.95
305.00	40251.96
305.07	40216.96
305.13	40181.38
305.20	40157.62
305.26	40134.73
305.33	40119.71
305.39	40103.50
305.46	40081.68
305.52	40063.62
305.59	40048.04
305.66	40025.06
305.72	40001.06
305.79	39979.01
305.85	39947.02
305.92	39910.05
305.98	39853.56
306.05	39725.25
306.11	39499.22
306.18	39214.09
306.24	38962.67
306.31	38820.81
306.37	38834.26
306.44	38999.26
306.50	39245.89
306.57	39457.26
306.63	39581.59
306.70	39614.01
306.76	39594.30
306.83	39553.52
306.89	39511.03
306.96	39468.11
307.02	39432.66
307.09	39404.99
307.15	39377.90
307.22	39356.62
307.28	39323.95
307.35	39288.06
307.41	39240.96
307.48	39200.26
307.54	39159.16
307.61	39117.54
307.67	39072.16
307.74	39033.79
307.80	38997.34
307.87	38959.21
307.93	38918.79
308.00	38894.44
308.06	38863.47
308.13	38820.25
308.19	38776.41
308.26	38737.94
308.32	38703.28
308.38	38672.60
308.45	38640.26
308.51	38615.68
308.58	38575.91
308.64	38518.62
308.71	38472.77
308.77	38429.75
308.84	38377.46
308.90	38353.13
308.97	38339.81
309.03	38322.13
309.10	38293.11
309.16	38260.30
309.23	38218.38
309.29	38167.22
309.36	38101.18
309.42	38047.96
309.49	37992.38
309.55	37928.76
309.62	37866.02
309.68	37818.73
309.75	37767.23
309.81	37717.20
309.88	37683.99
309.94	37647.43
310.00	37600.73
310.07	37559.63
310.13	37529.74
310.20	37479.82
310.26	37437.17
310.33	37392.25
310.39	37350.80
310.46	37304.55
310.52	37267.96
310.59	37228.00
310.65	37196.36
310.72	37153.22
310.78	37107.93
310.85	37053.05
310.91	37014.91
310.97	36975.85
311.04	36938.25
311.10	36891.08
311.17	36859.31
311.23	36806.51
311.30	36752.74
311.36	36712.49
311.43	36683.88
311.49	36646.61
311.56	36607.86
311.62	36567.25
311.69	36520.61
311.75	36471.92
311.81	36419.51
311.88	36380.68
311.94	36350.13
312.01	36326.06
312.07	36299.32
312.14	36277.57
312.20	36251.57
312.27	36211.40
312.33	36161.81
312.40	36101.21
312.46	36040.20
312.52	35978.52
312.59	35927.93
312.65	35871.49
312.72	35827.45
312.78	35782.54
312.85	35735.09
312.91	35681.74
312.98	35635.39
313.04	35595.31
313.10	35557.93
313.17	35520.61
313.23	35488.11
313.30	35450.10
313.36	35399.26
313.43	35337.26
313.49	35286.16
313.56	35232.46
313.62	35181.98
313.68	35134.96
313.75	35105.71
313.81	35058.97
313.88	35011.55
313.94	34972.05
314.01	34939.01
314.07	34896.07
314.13	34862.49
314.20	34832.54
314.26	34788.35
314.33	34737.56
314.39	34693.46
314.46	34633.45
314.52	34575.85
314.58	34520.12
314.65	34470.76
314.71	34419.05
314.78	34379.26
314.84	34334.83
314.91	34298.96
314.97	34263.32
315.03	34222.77
315.10	34183.69
315.16	34137.42
315.23	34089.73
315.29	34039.38
315.36	33992.31
315.42	33948.77
315.48	33905.02
315.55	33860.61
315.61	33809.88
315.68	33767.92
315.74	33727.93
315.81	33691.49
315.87	33649.89
315.93	33614.89
316.00	33583.50
316.06	33543.36
316.13	33512.80
316.19	33475.89
316.25	33414.24
316.32	33319.96
316.38	33205.56
316.45	33055.54
316.51	32894.97
316.58	32724.65
316.64	32544.22
316.70	32360.13
316.77	32158.01
316.83	31937.66
316.90	31705.78
316.96	31457.68
317.02	31192.75
317.09	30925.66
317.15	30643.79
317.22	30347.99
317.28	30035.28
317.34	29706.55
317.41	29363.91
317.47	29013.46
317.54	28644.01
317.60	28261.92
317.66	27864.90
317.73	27441.69
317.79	27006.84
317.86	26566.21
317.92	26109.86
317.98	25626.62
318.05	25139.79
318.11	24639.31
318.18	24131.65
318.24	23613.95
318.30	23095.97
318.37	22563.13
318.43	22006.07
318.50	21435.57
318.56	20860.85
318.62	20286.91
318.69	19710.87
318.75	19134.66
318.82	18555.75
318.88	17973.26
318.94	17386.52
319.01	16802.56
319.07	16228.64
319.13	15651.86
319.20	15081.42
319.26	14508.46
319.33	13942.97
319.39	13369.97
319.45	12820.38
319.52	12277.89
319.58	11742.76
319.65	11212.55
319.71	10702.14
319.77	10192.20
319.84	9694.49
319.90	9214.97
319.96	8743.30
320.03	8284.36
320.09	7841.22
320.16	7408.07
320.22	6990.12
320.28	6591.80
320.35	6209.02
320.41	5840.76
320.47	5490.85
320.54	5153.56
320.60	4837.50
320.67	4537.47
320.73	4250.51
320.79	3976.86
320.86	3724.54
320.92	3479.12
320.98	3250.40
321.05	3035.81
321.11	2834.06
321.18	2645.85
321.24	2474.61
321.30	2310.34
321.37	2163.35
321.43	2033.86
321.49	1910.51
321.56	1795.06
321.62	1694.85
321.68	1595.30
321.75	1502.71
321.81	1420.76
321.88	1345.09
321.94	1278.67
322.00	1222.49
322.07	1165.37
322.13	1112.11
322.19	1062.07
322.26	1012.42
322.32	967.05
322.38	929.38
322.45	898.99
322.51	868.43
322.58	843.15
322.64	812.27
322.70	786.41
322.77	754.10
322.83	732.70
322.89	703.27
322.96	678.80
323.02	652.59
323.08	627.61
323.15	600.08
323.21	577.50
323.27	555.56
323.34	532.31
323.40	509.96
323.46	487.33
323.53	459.68
323.59	389.36
323.65	292.27
323.72	183.37
323.78	77.69
323.85	-19.14
323.91	-67.73
323.97	-84.92
324.04	-85.42
