180.21	3409.39
180.28	-123.16
180.36	627.42
180.44	-51.46
180.51	-23.10
180.59	-2.10
180.66	22.57
180.74	21.37
180.81	21.71
180.89	24.20
180.97	25.19
181.04	23.72
181.12	23.01
181.19	23.62
181.27	24.15
181.34	39.32
181.42	45.72
181.50	52.53
181.57	62.30
181.65	66.77
181.72	61.77
181.80	57.65
181.87	58.92
181.95	60.66
182.03	63.20
182.10	68.69
182.18	75.09
182.25	85.09
182.33	92.89
182.40	107.10
182.48	111.58
182.55	131.04
182.63	144.73
182.71	157.25
182.78	171.10
182.86	186.92
182.93	183.51
183.01	175.87
183.08	163.78
183.16	154.49
183.23	143.50
183.31	153.72
183.39	169.48
183.46	199.04
183.54	221.95
183.61	260.30
183.69	294.34
183.76	339.48
183.84	378.68
183.91	421.39
183.99	473.31
184.06	513.83
184.14	558.64
184.22	609.79
184.29	640.71
184.37	650.78
184.44	658.84
184.52	617.60
184.59	532.80
184.67	459.78
184.74	393.61
184.82	354.07
184.89	364.15
184.97	429.36
185.04	514.17
185.12	602.14
185.20	696.49
185.27	786.76
185.35	882.46
185.42	948.00
185.50	1018.56
185.57	1075.67
185.65	1122.81
185.72	1174.91
185.80	1257.80
185.87	1323.10
185.95	1410.66
186.02	1521.53
186.10	1572.89
186.17	1574.12
186.25	1506.75
186.33	1316.15
186.40	1099.23
186.48	949.47
186.55	872.06
186.63	896.99
186.70	1047.08
186.78	1219.70
186.85	1368.67
186.93	1496.99
187.00	1614.15
187.08	1734.17
187.15	1850.18
187.23	1985.75
187.30	2113.83
187.38	2229.82
187.45	2358.04
187.53	2484.68
187.60	2567.83
187.68	2683.42
187.75	2809.58
187.83	2872.53
187.90	2942.15
187.98	3022.19
188.05	2990.03
188.13	2795.59
188.21	2512.05
188.28	2227.97
188.36	1973.27
188.43	1828.35
188.51	1888.41
188.58	2099.89
188.66	2311.39
188.73	2522.20
188.81	2731.18
188.88	2899.40
188.96	3058.10
189.03	3203.19
189.11	3355.00
189.18	3487.64
189.26	3602.12
189.33	3721.75
189.41	3843.62
189.48	3926.11
189.56	4029.43
189.63	4139.31
189.71	4195.59
189.78	4263.95
189.86	4345.58
189.93	4373.21
190.01	4355.50
190.08	4275.30
190.16	4022.74
190.23	3643.60
190.31	3318.94
190.38	3098.37
190.46	3008.31
190.53	3113.60
190.61	3375.68
190.68	3624.04
190.76	3849.41
190.83	4040.89
190.91	4206.73
190.98	4366.66
191.06	4516.26
191.13	4658.90
191.21	4785.94
191.28	4901.53
191.35	5016.99
191.43	5117.58
191.50	5190.62
191.58	5283.17
191.65	5369.28
191.73	5413.24
191.80	5468.15
191.88	5504.12
191.95	5500.09
192.03	5505.93
192.10	5527.46
192.18	5530.94
192.25	5493.30
192.33	5349.36
192.40	5098.42
192.48	4848.54
192.55	4656.68
192.63	4558.68
192.70	4623.83
192.78	4822.00
192.85	5046.93
192.93	5251.81
193.00	5432.37
193.08	5586.97
193.15	5733.80
193.22	5849.01
193.30	5952.90
193.37	6056.66
193.45	6130.40
193.52	6203.16
193.60	6275.72
193.67	6328.95
193.75	6375.28
193.82	6427.60
193.90	6440.85
193.97	6461.43
194.05	6487.96
194.12	6504.85
194.20	6537.88
194.27	6590.09
194.34	6628.40
194.42	6660.44
194.49	6694.62
194.57	6700.11
194.64	6646.60
194.72	6546.99
194.79	6448.28
194.87	6371.24
194.94	6335.76
195.02	6370.62
195.09	6464.93
195.17	6579.24
195.24	6680.66
195.31	6773.58
195.39	6850.62
195.46	6928.14
195.54	6993.06
195.61	7054.55
195.69	7101.65
195.76	7144.81
195.84	7188.19
195.91	7214.36
195.99	7226.25
196.06	7238.63
196.13	7258.17
196.21	7264.71
196.28	7286.31
196.36	7318.97
196.43	7351.65
196.51	7381.47
196.58	7417.19
196.66	7447.30
196.73	7471.90
196.80	7497.53
196.88	7524.33
196.95	7551.92
197.03	7576.30
197.10	7580.39
197.18	7568.31
197.25	7553.78
197.33	7547.27
197.40	7548.72
197.47	7566.40
197.55	7608.07
197.62	7648.49
197.70	7679.26
197.77	7714.22
197.85	7753.27
197.92	7783.07
197.99	7815.29
198.07	7848.06
198.14	7870.90
198.22	7895.41
198.29	7920.09
198.37	7943.34
198.44	7968.38
198.51	7994.84
198.59	8019.18
198.66	8048.05
198.74	8079.62
198.81	8109.22
198.89	8134.71
198.96	8161.18
199.03	8183.00
199.11	8212.37
199.18	8234.84
199.26	8260.75
199.33	8288.40
199.41	8316.49
199.48	8332.44
199.55	8350.27
199.63	8367.35
199.70	8392.04
199.78	8410.14
199.85	8427.84
199.93	8450.36
200.00	8480.44
200.07	8506.82
200.15	8541.99
200.22	8585.15
200.30	8625.05
200.37	8663.20
200.44	8694.70
200.52	8724.63
200.59	8754.77
200.67	8776.37
200.74	8794.58
200.81	8817.59
200.89	8840.61
200.96	8865.73
201.04	8896.32
201.11	8929.23
201.19	8959.63
201.26	8988.02
201.33	9013.29
201.41	9045.49
201.48	9081.30
201.56	9118.51
201.63	9162.71
201.70	9203.21
201.78	9240.28
201.85	9281.56
201.93	9318.50
202.00	9356.36
202.07	9392.78
202.15	9429.83
202.22	9462.64
202.30	9499.29
202.37	9531.36
202.44	9566.59
202.52	9607.58
202.59	9647.24
202.67	9682.66
202.74	9723.96
202.81	9760.57
202.89	9787.51
202.96	9824.48
203.04	9870.35
203.11	9910.61
203.18	9962.44
203.26	10024.11
203.33	10070.97
203.41	10113.26
203.48	10158.36
203.55	10195.31
203.63	10231.05
203.70	10275.75
203.77	10321.81
203.85	10371.53
203.92	10419.62
204.00	10476.40
204.07	10529.90
204.14	10586.63
204.22	10630.14
204.29	10685.74
204.37	10730.94
204.44	10776.01
204.51	10823.37
204.59	10884.28
204.66	10933.65
204.73	10991.95
204.81	11048.48
204.88	11108.94
204.96	11164.55
205.03	11222.87
205.10	11274.25
205.18	11332.66
205.25	11382.49
205.32	11440.99
205.40	11498.77
205.47	11557.50
205.55	11616.15
205.62	11681.24
205.69	11744.49
205.77	11812.47
205.84	11885.92
205.91	11954.73
205.99	12023.90
206.06	12086.41
206.14	12148.72
206.21	12214.71
206.28	12281.47
206.36	12351.86
206.43	12423.63
206.50	12497.21
206.58	12563.01
206.65	12632.13
206.72	12697.85
206.80	12766.43
206.87	12837.77
206.95	12916.75
207.02	12994.37
207.09	13078.81
207.17	13161.78
207.24	13240.98
207.31	13321.15
207.39	13402.22
207.46	13477.00
207.53	13554.13
207.61	13636.64
207.68	13714.80
207.75	13801.77
207.83	13886.80
207.90	13968.24
207.98	14044.60
208.05	14131.82
208.12	14208.22
208.20	14293.31
208.27	14381.31
208.34	14477.56
208.42	14559.07
208.49	14653.56
208.56	14734.35
208.64	14823.77
208.71	14908.54
208.78	14998.24
208.86	15089.16
208.93	15192.67
209.00	15288.58
209.08	15389.92
209.15	15494.02
209.22	15593.78
209.30	15695.05
209.37	15798.21
209.44	15900.70
209.52	16002.94
209.59	16099.00
209.67	16196.83
209.74	16294.76
209.81	16392.88
209.89	16488.31
209.96	16591.82
210.03	16695.19
210.11	16796.15
210.18	16896.24
210.25	17003.67
210.33	17109.40
210.40	17211.49
210.47	17324.37
210.55	17437.41
210.62	17549.13
210.69	17657.69
210.77	17773.11
210.84	17878.39
210.91	18003.04
210.99	18120.09
211.06	18239.65
211.13	18352.15
211.21	18474.29
211.28	18585.69
211.35	18703.01
211.42	18824.40
211.50	18943.56
211.57	19065.05
211.64	19182.71
211.72	19296.49
211.79	19408.21
211.86	19524.92
211.94	19649.67
212.01	19766.04
212.08	19891.38
212.16	20012.13
212.23	20137.04
212.30	20254.56
212.38	20380.04
212.45	20508.05
212.52	20644.28
212.60	20770.01
212.67	20899.11
212.74	21028.56
212.82	21157.18
212.89	21286.10
212.96	21415.92
213.03	21541.24
213.11	21670.46
213.18	21795.44
213.25	21917.38
213.33	22049.81
213.40	22178.47
213.47	22305.35
213.55	22436.48
213.62	22568.20
213.69	22696.72
213.77	22833.11
213.84	22970.54
213.91	23111.10
213.98	23255.66
214.06	23402.77
214.13	23551.77
214.20	23693.98
214.28	23838.97
214.35	23978.03
214.42	24117.01
214.50	24247.00
214.57	24379.21
214.64	24511.32
214.72	24647.53
214.79	24783.75
214.86	24921.19
214.93	25066.16
215.01	25208.93
215.08	25346.17
215.15	25483.75
215.23	25621.71
215.30	25761.89
215.37	25894.15
215.44	26033.80
215.52	26178.03
215.59	26326.75
215.66	26466.91
215.74	26610.40
215.81	26747.81
215.88	26892.59
215.95	27029.03
216.03	27172.87
216.10	27317.06
216.17	27469.15
216.25	27608.60
216.32	27757.19
216.39	27904.48
216.46	28046.84
216.54	28189.19
216.61	28340.57
216.68	28480.35
216.76	28617.68
216.83	28757.91
216.90	28900.50
216.97	29033.82
217.05	29176.86
217.12	29318.91
217.19	29464.98
217.27	29602.07
217.34	29735.54
217.41	29862.06
217.48	29988.67
217.56	30122.98
217.63	30268.37
217.70	30414.44
217.78	30570.12
217.85	30727.45
217.92	30876.49
217.99	31020.84
218.07	31165.20
218.14	31304.82
218.21	31451.03
218.28	31592.56
218.36	31735.60
218.43	31881.02
218.50	32032.07
218.57	32173.68
218.65	32315.12
218.72	32448.77
218.79	32575.67
218.87	32699.71
218.94	32830.86
219.01	32957.52
219.08	33086.34
219.16	33226.02
219.23	33368.75
219.30	33505.80
219.37	33649.79
219.45	33797.47
219.52	33938.49
219.59	34070.87
219.66	34198.05
219.74	34325.55
219.81	34465.92
219.88	34602.56
219.95	34741.22
220.03	34886.92
220.10	35025.29
220.17	35152.40
220.24	35283.30
220.32	35414.54
220.39	35533.00
220.46	35655.67
220.53	35773.42
220.61	35892.55
220.68	36008.04
220.75	36132.75
220.82	36263.61
220.90	36389.14
220.97	36513.66
221.04	36642.65
221.11	36759.75
221.19	36869.89
221.26	36987.24
221.33	37113.24
221.40	37238.37
221.48	37366.38
221.55	37495.79
221.62	37612.03
221.69	37723.70
221.77	37835.17
221.84	37954.51
221.91	38067.80
221.98	38194.11
222.06	38312.28
222.13	38430.26
222.20	38539.00
222.27	38655.61
222.35	38764.21
222.42	38884.68
222.49	38995.20
222.56	39112.25
222.63	39220.72
222.71	39326.23
222.78	39426.60
222.85	39530.41
222.92	39639.45
223.00	39745.11
223.07	39855.49
223.14	39956.99
223.21	40059.68
223.29	40156.81
223.36	40269.22
223.43	40378.76
223.50	40489.27
223.57	40603.33
223.65	40720.96
223.72	40832.00
223.79	40942.06
223.86	41044.55
223.94	41138.92
224.01	41223.25
224.08	41303.67
224.15	41385.60
224.22	41472.95
224.30	41560.63
224.37	41653.92
224.44	41750.37
224.51	41839.71
224.59	41921.61
224.66	42002.62
224.73	42088.92
224.80	42176.43
224.87	42268.81
224.95	42373.96
225.02	42486.29
225.09	42584.90
225.16	42677.01
225.23	42769.70
225.31	42860.05
225.38	42938.21
225.45	43022.07
225.52	43112.26
225.60	43191.15
225.67	43269.89
225.74	43347.27
225.81	43429.39
225.88	43503.08
225.96	43582.21
226.03	43656.78
226.10	43741.81
226.17	43812.89
226.24	43889.09
226.32	43972.39
226.39	44055.14
226.46	44123.89
226.53	44206.22
226.60	44294.66
226.68	44374.25
226.75	44457.38
226.82	44549.39
226.89	44628.61
226.96	44700.97
227.04	44762.60
227.11	44815.46
227.18	44869.24
227.25	44917.85
227.32	44963.51
227.40	45031.21
227.47	45102.29
227.54	45179.39
227.61	45263.40
227.68	45350.38
227.76	45423.97
227.83	45498.58
227.90	45560.67
227.97	45625.16
228.04	45688.66
228.11	45746.60
228.19	45794.92
228.26	45846.37
228.33	45891.54
228.40	45930.31
228.47	45975.44
228.55	46033.65
228.62	46100.83
228.69	46174.93
228.76	46242.32
228.83	46311.55
228.90	46370.14
228.98	46428.30
229.05	46482.91
229.12	46554.59
229.19	46624.67
229.26	46691.97
229.34	46746.27
229.41	46804.10
229.48	46847.82
229.55	46889.81
229.62	46946.99
229.69	47008.34
229.77	47060.85
229.84	47117.66
229.91	47174.68
229.98	47218.37
230.05	47258.29
230.12	47297.23
230.20	47343.33
230.27	47385.38
230.34	47442.87
230.41	47501.00
230.48	47561.98
230.55	47621.19
230.63	47683.71
230.70	47747.81
230.77	47795.86
230.84	47843.82
230.91	47877.41
230.98	47912.67
231.06	47939.80
231.13	47992.73
231.20	48049.08
231.27	48108.90
231.34	48170.79
231.41	48230.22
231.49	48271.38
231.56	48311.56
231.63	48362.69
231.70	48409.56
231.77	48444.40
231.84	48483.36
231.92	48515.62
231.99	48542.81
232.06	48572.28
232.13	48610.08
232.20	48655.83
232.27	48698.33
232.34	48735.70
232.42	48765.36
232.49	48798.14
232.56	48824.54
232.63	48862.60
232.70	48903.11
232.77	48951.81
232.85	49000.61
232.92	49047.41
232.99	49084.70
233.06	49111.23
233.13	49138.65
233.20	49155.46
233.27	49162.20
233.35	49170.74
233.42	49184.58
233.49	49196.95
233.56	49218.12
233.63	49252.23
233.70	49289.85
233.77	49332.76
233.85	49368.41
233.92	49408.64
233.99	49442.66
234.06	49476.38
234.13	49504.37
234.20	49533.39
234.27	49552.77
234.35	49571.61
234.42	49583.64
234.49	49597.85
234.56	49618.15
234.63	49632.88
234.70	49642.70
234.77	49660.30
234.84	49672.33
234.92	49672.56
234.99	49679.95
235.06	49697.16
235.13	49700.68
235.20	49714.10
235.27	49733.66
235.34	49741.93
235.41	49754.75
235.49	49769.67
235.56	49787.95
235.63	49795.94
235.70	49814.95
235.77	49823.90
235.84	49831.65
235.91	49820.79
235.98	49815.41
236.06	49798.31
236.13	49786.59
236.20	49769.45
236.27	49745.40
236.34	49729.08
236.41	49714.50
236.48	49701.42
236.55	49701.95
236.63	49704.00
236.70	49688.84
236.77	49688.66
236.84	49699.85
236.91	49705.79
236.98	49714.35
237.05	49738.10
237.12	49748.67
237.19	49737.97
237.27	49730.38
237.34	49728.67
237.41	49718.13
237.48	49706.75
237.55	49697.83
237.62	49689.10
237.69	49687.64
237.76	49692.95
237.83	49704.97
237.91	49717.74
237.98	49726.02
238.05	49720.15
238.12	49712.40
238.19	49700.87
238.26	49696.94
238.33	49681.75
238.40	49674.00
238.47	49661.71
238.54	49654.72
238.62	49634.80
238.69	49623.06
238.76	49613.33
238.83	49608.01
238.90	49596.80
238.97	49583.36
239.04	49579.64
239.11	49578.31
239.18	49573.83
239.25	49566.48
239.33	49554.10
239.40	49541.33
239.47	49517.12
239.54	49484.19
239.61	49450.75
239.68	49420.58
239.75	49394.59
239.82	49381.66
239.89	49379.04
239.96	49382.67
240.03	49395.01
240.11	49399.32
240.18	49392.15
240.25	49381.07
240.32	49365.60
240.39	49349.05
240.46	49329.89
240.53	49328.16
240.60	49329.31
240.67	49325.41
240.74	49327.64
240.81	49326.01
240.88	49314.26
240.96	49299.71
241.03	49294.26
241.10	49278.92
241.17	49276.26
241.24	49266.84
241.31	49264.47
241.38	49248.55
241.45	49236.03
241.52	49217.80
241.59	49204.88
241.66	49186.66
241.73	49179.60
241.80	49178.99
241.88	49171.52
241.95	49156.60
242.02	49141.51
242.09	49121.36
242.16	49092.38
242.23	49085.59
242.30	49076.09
242.37	49065.08
242.44	49065.00
242.51	49056.55
242.58	49040.98
242.65	49034.80
242.72	49035.18
242.79	49018.72
242.87	49020.60
242.94	49013.31
243.01	49010.15
243.08	49012.84
243.15	49019.94
243.22	49020.93
243.29	49028.64
243.36	49037.59
243.43	49037.12
243.50	49056.67
243.57	49076.08
243.64	49083.71
243.71	49085.70
243.78	49082.67
243.85	49065.56
243.92	49047.90
243.99	49038.62
244.07	49024.90
244.14	49011.43
244.21	49002.76
244.28	48992.63
244.35	48976.75
244.42	48969.38
244.49	48966.03
244.56	48962.47
244.63	48963.01
244.70	48958.69
244.77	48957.32
244.84	48966.15
244.91	48979.74
244.98	48995.51
245.05	49019.38
245.12	49039.20
245.19	49060.02
245.26	49069.48
245.33	49078.76
245.40	49102.21
245.47	49132.98
245.55	49148.91
245.62	49163.34
245.69	49168.38
245.76	49167.53
245.83	49162.15
245.90	49158.56
245.97	49157.26
246.04	49176.24
246.11	49182.85
246.18	49187.42
246.25	49191.87
246.32	49196.49
246.39	49187.33
246.46	49191.08
246.53	49195.27
246.60	49204.35
246.67	49217.35
246.74	49234.75
246.81	49251.69
246.88	49265.75
246.95	49287.07
247.02	49312.24
247.09	49330.95
247.16	49334.13
247.23	49332.90
247.30	49324.38
247.37	49308.57
247.44	49309.26
247.51	49326.10
247.58	49357.53
247.66	49386.60
247.73	49425.29
247.80	49452.22
247.87	49477.48
247.94	49495.00
248.01	49527.27
248.08	49553.59
248.15	49577.68
248.22	49600.06
248.29	49626.77
248.36	49643.76
248.43	49667.71
248.50	49687.44
248.57	49705.94
248.64	49714.70
248.71	49730.71
248.78	49749.11
248.85	49760.23
248.92	49774.33
248.99	49794.17
249.06	49803.05
249.13	49809.01
249.20	49837.96
249.27	49858.35
249.34	49867.05
249.41	49870.61
249.48	49859.25
249.55	49831.51
249.62	49828.32
249.69	49838.35
249.76	49869.51
249.83	49912.60
249.90	49960.64
249.97	49995.40
250.04	50035.12
250.11	50069.44
250.18	50097.29
250.25	50123.70
250.32	50141.97
250.39	50154.07
250.46	50160.37
250.53	50173.52
250.60	50197.27
250.67	50220.69
250.74	50242.98
250.81	50261.06
250.88	50277.40
250.95	50289.58
251.02	50306.15
251.09	50326.10
251.16	50347.68
251.23	50364.94
251.30	50376.30
251.37	50383.26
251.44	50385.02
251.51	50396.70
251.58	50410.32
251.65	50425.76
251.72	50438.19
251.79	50461.25
251.86	50474.20
251.93	50485.42
252.00	50494.16
252.07	50503.34
252.14	50509.07
252.21	50510.89
252.28	50520.77
252.35	50528.29
252.42	50546.77
252.49	50561.60
252.56	50572.23
252.63	50573.19
252.70	50576.76
252.77	50579.18
252.84	50581.54
252.91	50589.16
252.98	50605.74
253.05	50627.56
253.12	50630.95
253.19	50640.70
253.25	50655.35
253.32	50664.23
253.39	50680.37
253.46	50707.40
253.53	50723.90
253.60	50726.70
253.67	50737.81
253.74	50748.44
253.81	50762.39
253.88	50772.98
253.95	50800.67
254.02	50811.61
254.09	50823.22
254.16	50831.79
254.23	50839.91
254.30	50842.74
254.37	50855.62
254.44	50853.70
254.51	50860.37
254.58	50862.01
254.65	50869.87
254.72	50873.30
254.79	50871.32
254.86	50868.19
254.93	50863.63
255.00	50859.82
255.07	50858.67
255.14	50870.96
255.21	50866.80
255.28	50866.89
255.34	50848.87
255.41	50846.28
255.48	50833.31
255.55	50827.45
255.62	50833.35
255.69	50847.56
255.76	50842.05
255.83	50843.67
255.90	50849.26
255.97	50862.03
256.04	50859.47
256.11	50861.53
256.18	50862.50
256.25	50862.80
256.32	50849.06
256.39	50855.60
256.46	50853.75
256.53	50844.57
256.60	50839.89
256.67	50842.19
256.74	50832.53
256.80	50834.55
256.87	50841.50
256.94	50835.51
257.01	50827.39
257.08	50825.49
257.15	50810.23
257.22	50804.43
257.29	50786.47
257.36	50763.62
257.43	50739.69
257.50	50732.05
257.57	50709.30
257.64	50712.04
257.71	50710.57
257.78	50711.26
257.85	50687.45
257.92	50682.92
257.98	50665.76
258.05	50649.00
258.12	50624.18
258.19	50611.61
258.26	50584.76
258.33	50555.89
258.40	50546.22
258.47	50542.17
258.54	50542.05
258.61	50542.87
258.68	50544.84
258.75	50528.86
258.82	50515.34
258.89	50486.97
258.95	50465.22
259.02	50451.27
259.09	50432.76
259.16	50409.67
259.23	50393.44
259.30	50364.31
259.37	50331.03
259.44	50316.38
259.51	50302.30
259.58	50295.85
259.65	50282.76
259.72	50264.82
259.79	50232.21
259.85	50196.79
259.92	50156.61
259.99	50126.71
260.06	50106.91
260.13	50082.93
260.20	50052.92
260.27	50020.78
260.34	49983.61
260.41	49949.53
260.48	49919.64
260.55	49901.62
260.62	49890.25
260.68	49873.23
260.75	49842.59
260.82	49820.33
260.89	49800.33
260.96	49773.09
261.03	49754.71
261.10	49739.44
261.17	49714.14
261.24	49676.20
261.31	49637.98
261.38	49608.20
261.44	49575.54
261.51	49538.10
261.58	49501.15
261.65	49470.54
261.72	49428.65
261.79	49386.08
261.86	49348.69
261.93	49324.86
262.00	49296.62
262.07	49262.95
262.13	49235.54
262.20	49204.68
262.27	49160.68
262.34	49126.40
262.41	49097.39
262.48	49060.99
262.55	49036.96
262.62	49006.18
262.69	48959.48
262.76	48924.97
262.82	48895.72
262.89	48856.47
262.96	48829.70
263.03	48807.64
263.10	48773.89
263.17	48735.61
263.24	48703.32
263.31	48665.78
263.38	48623.98
263.44	48591.95
263.51	48547.50
263.58	48497.40
263.65	48458.29
263.72	48413.60
263.79	48365.75
263.86	48331.30
263.93	48290.46
264.00	48246.26
264.06	48217.21
264.13	48181.56
264.20	48145.44
264.27	48107.90
264.34	48059.81
264.41	48016.81
264.48	47973.87
264.55	47934.27
264.61	47889.70
264.68	47854.65
264.75	47810.03
264.82	47760.51
264.89	47715.68
264.96	47682.36
265.03	47642.25
265.10	47605.19
265.16	47573.38
265.23	47540.71
265.30	47513.14
265.37	47485.08
265.44	47446.39
265.51	47408.20
265.58	47358.59
265.65	47304.04
265.71	47251.17
265.78	47210.07
265.85	47162.21
265.92	47118.12
265.99	47076.18
266.06	47039.66
266.13	46994.46
266.20	46964.47
266.26	46923.56
266.33	46881.25
266.40	46833.57
266.47	46781.96
266.54	46707.92
266.61	46653.31
266.68	46595.66
266.74	46534.59
266.81	46484.44
266.88	46445.43
266.95	46396.79
267.02	46351.61
267.09	46314.45
267.16	46268.62
267.22	46229.90
267.29	46193.15
267.36	46151.82
267.43	46107.66
267.50	46073.72
267.57	46039.00
267.64	46002.08
267.70	45970.90
267.77	45938.99
267.84	45904.43
267.91	45859.05
267.98	45807.45
268.05	45757.72
268.11	45706.08
268.18	45657.83
268.25	45609.59
268.32	45568.12
268.39	45524.60
268.46	45484.87
268.53	45439.80
268.59	45405.47
268.66	45374.81
268.73	45338.51
268.80	45301.39
268.87	45256.06
268.94	45208.71
269.00	45163.10
269.07	45119.88
269.14	45090.20
269.21	45063.15
269.28	45026.20
269.35	44983.09
269.41	44951.54
269.48	44898.99
269.55	44842.58
269.62	44797.31
269.69	44761.21
269.76	44709.00
269.82	44669.43
269.89	44646.03
269.96	44617.75
270.03	44582.06
270.10	44564.75
270.17	44525.49
270.23	44481.29
270.30	44435.49
270.37	44395.72
270.44	44357.64
270.51	44326.82
270.58	44288.57
270.64	44268.31
270.71	44237.94
270.78	44204.24
270.85	44172.77
270.92	44146.57
270.99	44106.23
271.05	44075.03
271.12	44030.00
271.19	43994.99
271.26	43954.41
271.33	43912.29
271.39	43876.00
271.46	43832.27
271.53	43800.18
271.60	43780.55
271.67	43759.28
271.74	43727.17
271.80	43704.75
271.87	43675.46
271.94	43639.35
272.01	43606.30
272.08	43580.04
272.14	43546.74
272.21	43517.35
272.28	43493.71
272.35	43472.29
272.42	43440.22
272.48	43423.77
272.55	43402.47
272.62	43377.05
272.69	43358.96
272.76	43353.31
272.83	43330.83
272.89	43298.35
272.96	43262.92
273.03	43227.42
273.10	43185.83
273.17	43155.18
273.23	43124.97
273.30	43102.84
273.37	43078.03
273.44	43054.18
273.51	43034.63
273.57	43023.68
273.64	43004.67
273.71	42979.03
273.78	42956.76
273.85	42939.60
273.91	42916.62
273.98	42902.13
274.05	42890.39
274.12	42876.97
274.19	42852.44
274.25	42825.77
274.32	42796.86
274.39	42763.00
274.46	42724.30
274.53	42681.27
274.59	42639.28
274.66	42604.61
274.73	42581.33
274.80	42556.04
274.86	42530.23
274.93	42509.26
275.00	42483.37
275.07	42443.05
275.14	42412.10
275.20	42386.72
275.27	42364.32
275.34	42333.33
275.41	42318.49
275.48	42301.83
275.54	42281.62
275.61	42258.55
275.68	42245.62
275.75	42219.74
275.81	42184.87
275.88	42158.58
275.95	42131.96
276.02	42105.25
276.09	42077.55
276.15	42058.24
276.22	42036.39
276.29	42021.72
276.36	41991.44
276.42	41971.67
276.49	41947.14
276.56	41927.50
276.63	41897.97
276.70	41876.77
276.76	41855.35
276.83	41838.25
276.90	41818.20
276.97	41802.45
277.03	41791.42
277.10	41771.69
277.17	41754.45
277.24	41736.81
277.30	41714.82
277.37	41688.43
277.44	41669.26
277.51	41654.34
277.58	41624.24
277.64	41605.44
277.71	41588.63
277.78	41566.86
277.85	41537.12
277.91	41519.66
277.98	41499.52
278.05	41476.88
278.12	41460.62
278.18	41438.04
278.25	41410.27
278.32	41378.79
278.39	41354.13
278.45	41334.22
278.52	41315.65
278.59	41304.50
278.66	41292.75
278.72	41281.30
278.79	41259.21
278.86	41241.21
278.93	41229.68
278.99	41212.26
279.06	41194.50
279.13	41168.18
279.20	41149.74
279.26	41131.51
279.33	41116.01
279.40	41087.32
279.47	41074.83
279.53	41051.23
279.60	41020.14
279.67	40988.59
279.74	40964.44
279.80	40942.38
279.87	40928.77
279.94	40915.46
280.01	40902.96
280.07	40889.70
280.14	40867.12
280.21	40837.83
280.28	40811.66
280.34	40790.05
280.41	40769.16
280.48	40746.09
280.55	40725.94
280.61	40697.48
280.68	40664.85
280.75	40635.51
280.82	40601.59
280.88	40565.34
280.95	40521.12
281.02	40466.94
281.08	40399.01
281.15	40334.19
281.22	40267.52
281.29	40209.12
281.35	40156.83
281.42	40117.34
281.49	40080.94
281.56	40050.75
281.62	40019.88
281.69	39995.51
281.76	39963.91
281.82	39931.78
281.89	39901.17
281.96	39873.35
282.03	39841.82
282.09	39818.89
282.16	39800.02
282.23	39773.09
282.30	39750.80
282.36	39734.38
282.43	39713.84
282.50	39698.34
282.56	39674.87
282.63	39652.55
282.70	39635.26
282.77	39621.30
282.83	39600.89
282.90	39588.10
282.97	39570.32
283.03	39546.40
283.10	39513.70
283.17	39490.04
283.24	39462.44
283.30	39433.15
283.37	39400.31
283.44	39374.97
283.50	39344.58
283.57	39330.27
283.64	39316.06
283.71	39293.61
283.77	39266.10
283.84	39234.27
283.91	39186.09
283.97	39148.80
284.04	39137.43
284.11	39131.42
284.18	39134.35
284.24	39151.41
284.31	39162.79
284.38	39157.84
284.44	39149.53
284.51	39131.16
284.58	39114.44
284.64	39103.44
284.71	39095.06
284.78	39086.10
284.85	39074.63
284.91	39063.06
284.98	39044.61
285.05	39012.82
285.11	38991.22
285.18	38981.25
285.25	38967.48
285.31	38958.82
285.38	38964.95
285.45	38965.16
285.52	38965.78
285.58	38958.54
285.65	38944.11
285.72	38920.60
285.78	38904.04
285.85	38888.66
285.92	38873.87
285.98	38866.26
286.05	38856.59
286.12	38845.07
286.18	38827.35
286.25	38819.74
286.32	38804.60
286.39	38812.32
286.45	38808.18
286.52	38801.91
286.59	38788.75
286.65	38786.79
286.72	38778.65
286.79	38768.28
286.85	38759.47
286.92	38754.77
286.99	38747.32
287.05	38727.37
287.12	38728.00
287.19	38726.10
287.25	38722.62
287.32	38711.94
287.39	38712.87
287.45	38706.66
287.52	38704.05
287.59	38702.64
287.65	38705.03
287.72	38698.87
287.79	38688.31
287.86	38674.42
287.92	38661.54
287.99	38648.70
288.06	38640.79
288.12	38632.35
288.19	38631.25
288.26	38616.27
288.32	38613.50
288.39	38607.51
288.46	38602.63
288.52	38597.78
288.59	38603.41
288.66	38603.38
288.72	38608.69
288.79	38614.83
288.86	38617.33
288.92	38621.38
288.99	38612.95
289.06	38602.92
289.12	38592.50
289.19	38589.49
289.26	38590.88
289.32	38606.08
289.39	38613.77
289.45	38628.65
289.52	38623.96
289.59	38624.71
289.65	38622.40
289.72	38624.89
289.79	38626.40
289.85	38638.87
289.92	38645.60
289.99	38653.89
290.05	38659.50
290.12	38654.92
290.19	38656.11
290.25	38650.88
290.32	38644.98
290.39	38645.50
290.45	38653.93
290.52	38653.74
290.59	38659.98
290.65	38658.13
290.72	38653.78
290.79	38651.45
290.85	38660.06
290.92	38677.88
290.98	38693.46
291.05	38710.15
291.12	38720.78
291.18	38731.39
291.25	38726.50
291.32	38727.81
291.38	38719.80
291.45	38719.13
291.52	38713.86
291.58	38720.04
291.65	38725.83
291.72	38748.35
291.78	38772.38
291.85	38791.53
291.91	38810.86
291.98	38839.99
292.05	38845.32
292.11	38855.28
292.18	38862.19
292.25	38861.18
292.31	38846.94
292.38	38856.43
292.45	38857.41
292.51	38866.86
292.58	38874.31
292.64	38893.69
292.71	38893.38
292.78	38900.29
292.84	38899.75
292.91	38910.57
292.98	38915.66
293.04	38925.86
293.11	38931.00
293.17	38946.98
293.24	38956.73
293.31	38969.09
293.37	38987.14
293.44	38996.97
293.51	39012.23
293.57	39016.62
293.64	39022.32
293.70	39034.39
293.77	39052.05
293.84	39059.18
293.90	39070.49
293.97	39079.50
294.04	39090.26
294.10	39099.38
294.17	39110.39
294.23	39128.12
294.30	39143.69
294.37	39150.27
294.43	39167.27
294.50	39176.83
294.56	39195.15
294.63	39205.56
294.70	39221.63
294.76	39225.87
294.83	39241.96
294.90	39252.75
294.96	39270.45
295.03	39288.57
295.09	39317.15
295.16	39332.02
295.23	39341.54
295.29	39348.67
295.36	39353.60
295.42	39347.78
295.49	39360.76
295.56	39384.69
295.62	39412.87
295.69	39423.20
295.75	39443.99
295.82	39460.49
295.89	39462.59
295.95	39462.94
296.02	39482.87
296.08	39492.43
296.15	39490.66
296.22	39504.25
296.28	39521.92
296.35	39544.87
296.41	39565.10
296.48	39588.56
296.55	39607.53
296.61	39626.21
296.68	39644.00
296.74	39671.22
296.81	39704.41
296.88	39728.69
296.94	39745.45
297.01	39757.80
297.07	39766.68
297.14	39777.08
297.20	39787.54
297.27	39803.78
297.34	39820.73
297.40	39843.70
297.47	39853.25
297.53	39871.18
297.60	39891.10
297.67	39905.52
297.73	39919.52
297.80	39937.71
297.86	39944.91
297.93	39954.30
298.00	39973.42
298.06	39986.65
298.13	40009.93
298.19	40030.77
298.26	40048.92
298.32	40060.35
298.39	40071.72
298.46	40073.86
298.52	40088.08
298.59	40099.79
298.65	40115.04
298.72	40139.75
298.78	40167.07
298.85	40189.53
298.92	40211.83
298.98	40231.81
299.05	40243.65
299.11	40257.47
299.18	40268.86
299.24	40279.10
299.31	40279.15
299.38	40293.61
299.44	40291.51
299.51	40298.74
299.57	40308.92
299.64	40331.47
299.70	40338.75
299.77	40364.30
299.84	40378.12
299.90	40383.88
299.97	40387.47
300.03	40396.26
300.10	40408.76
300.16	40425.95
300.23	40448.78
300.30	40472.70
300.36	40486.12
300.43	40497.24
300.49	40507.84
300.56	40522.87
300.62	40536.66
300.69	40554.42
300.75	40567.90
300.82	40585.08
300.89	40591.58
300.95	40597.77
301.02	40601.50
301.08	40607.21
301.15	40609.94
301.21	40617.29
301.28	40618.14
301.34	40630.03
301.41	40625.96
301.48	40631.10
301.54	40632.76
301.61	40640.72
301.67	40641.56
301.74	40656.52
301.80	40653.58
301.87	40654.64
301.93	40651.63
302.00	40647.23
302.06	40641.16
302.13	40635.41
302.20	40632.53
302.26	40630.63
302.33	40625.35
302.39	40620.18
302.46	40623.05
302.52	40617.55
302.59	40617.95
302.65	40623.38
302.72	40625.20
302.78	40628.26
302.85	40633.07
302.91	40628.85
302.98	40625.12
303.05	40617.22
303.11	40608.25
303.18	40598.76
303.24	40599.07
303.31	40586.57
303.37	40581.55
303.44	40578.13
303.50	40571.55
303.57	40557.97
303.63	40554.96
303.70	40549.73
303.76	40532.13
303.83	40522.11
303.89	40508.69
303.96	40487.00
304.03	40474.83
304.09	40470.26
304.16	40455.98
304.22	40440.28
304.29	40435.80
304.35	40414.49
304.42	40396.66
304.48	40379.53
304.55	40368.42
304.61	40349.92
304.68	40340.04
304.74	40326.52
304.81	40316.10
304.87	40290.00
304.94	40268.04
305.00	40242.42
305.07	40211.95
305.13	40175.98
305.20	40155.91
305.26	40136.36
305.33	40121.47
305.39	40102.79
305.46	40082.94
305.52	40069.35
305.59	40050.75
305.66	40025.28
305.72	40001.55
305.79	39977.27
305.85	39941.65
305.92	39901.52
305.98	39845.62
306.05	39716.36
306.11	39488.45
306.18	39198.38
306.24	38943.56
306.31	38800.50
306.37	38819.27
306.44	38988.56
306.50	39237.28
306.57	39456.91
306.63	39578.54
306.70	39605.68
306.76	39585.85
306.83	39546.92
306.89	39498.93
306.96	39456.03
307.02	39421.60
307.09	39395.66
307.15	39364.69
307.22	39343.14
307.28	39314.41
307.35	39281.59
307.41	39238.39
307.48	39199.66
307.54	39156.77
307.61	39118.10
307.67	39073.37
307.74	39031.43
307.80	38991.35
307.87	38956.00
307.93	38911.85
308.00	38876.55
308.06	38843.29
308.13	38807.81
308.19	38767.33
308.26	38733.33
308.32	38708.32
308.38	38680.65
308.45	38649.34
308.51	38626.36
308.58	38586.96
308.64	38527.84
308.71	38478.51
308.77	38426.82
308.84	38373.70
308.90	38347.02
308.97	38326.62
309.03	38311.40
309.10	38286.90
309.16	38251.09
309.23	38206.77
309.29	38168.56
309.36	38092.96
309.42	38037.68
309.49	37978.50
309.55	37919.45
309.62	37858.40
309.68	37820.53
309.75	37772.79
309.81	37727.21
309.88	37686.19
309.94	37642.86
310.00	37598.22
310.07	37556.54
310.13	37527.33
310.20	37485.93
310.26	37447.19
310.33	37407.90
310.39	37370.67
310.46	37323.54
310.52	37277.54
310.59	37231.94
310.65	37194.14
310.72	37150.48
310.78	37101.60
310.85	37056.40
310.91	37020.22
310.97	36979.10
311.04	36938.28
311.10	36898.50
311.17	36860.77
311.23	36810.73
311.30	36762.82
311.36	36724.65
311.43	36689.07
311.49	36649.57
311.56	36609.93
311.62	36569.83
311.69	36517.00
311.75	36475.93
311.81	36428.90
311.88	36380.01
311.94	36336.93
312.01	36316.00
312.07	36276.68
312.14	36246.50
312.20	36224.85
312.27	36187.54
312.33	36127.10
312.40	36073.70
312.46	36016.24
312.52	35964.84
312.59	35917.58
312.65	35874.06
312.72	35825.27
312.78	35776.97
312.85	35726.31
312.91	35673.15
312.98	35625.39
313.04	35588.64
313.10	35549.43
313.17	35508.01
313.23	35473.50
313.30	35438.89
313.36	35387.55
313.43	35336.24
313.49	35285.34
313.56	35226.56
313.62	35169.86
313.68	35126.82
313.75	35097.97
313.81	35057.35
313.88	35012.04
313.94	34970.25
314.01	34936.66
314.07	34889.69
314.13	34847.41
314.20	34818.32
314.26	34778.07
314.33	34728.78
314.39	34678.22
314.46	34623.31
314.52	34571.10
314.58	34514.85
314.65	34458.57
314.71	34413.29
314.78	34369.78
314.84	34323.15
314.91	34288.49
314.97	34247.64
315.03	34200.43
315.10	34159.38
315.16	34113.61
315.23	34065.79
315.29	34022.98
315.36	33981.67
315.42	33937.00
315.48	33887.97
315.55	33846.12
315.61	33801.71
315.68	33758.66
315.74	33719.03
315.81	33682.75
315.87	33636.04
315.93	33599.03
316.00	33570.15
316.06	33534.69
316.13	33512.93
316.19	33473.88
316.25	33409.41
316.32	33315.08
316.38	33202.09
316.45	33050.02
316.51	32888.86
316.58	32716.55
316.64	32534.78
316.70	32347.78
316.77	32144.76
316.83	31927.33
316.90	31693.04
316.96	31446.89
317.02	31180.59
317.09	30911.43
317.15	30631.28
317.22	30337.72
317.28	30024.67
317.34	29703.64
317.41	29364.83
317.47	29011.75
317.54	28642.39
317.60	28254.60
317.66	27845.76
317.73	27424.42
317.79	26989.68
317.86	26548.63
317.92	26092.90
317.98	25617.48
318.05	25126.58
318.11	24628.51
318.18	24121.36
318.24	23607.15
318.30	23088.54
318.37	22556.01
318.43	21998.91
318.50	21432.08
318.56	20855.31
318.62	20279.40
318.69	19699.65
318.75	19128.46
318.82	18544.08
318.88	17972.40
318.94	17387.95
319.01	16808.84
319.07	16229.50
319.13	15657.33
319.20	15077.93
319.26	14505.82
319.33	13938.50
319.39	13369.26
319.45	12817.68
319.52	12274.07
319.58	11739.05
319.65	11211.66
319.71	10696.89
319.77	10187.86
319.84	9690.99
319.90	9207.55
319.96	8736.33
320.03	8278.63
320.09	7834.10
320.16	7400.34
320.22	6985.68
320.28	6585.12
320.35	6201.40
320.41	5835.10
320.47	5487.70
320.54	5151.50
320.60	4836.07
320.67	4535.56
320.73	4249.71
320.79	3977.29
320.86	3724.25
320.92	3478.72
320.98	3252.76
321.05	3037.50
321.11	2835.00
321.18	2647.16
321.24	2476.51
321.30	2312.41
321.37	2163.70
321.43	2033.95
321.49	1908.90
321.56	1792.37
321.62	1691.10
321.68	1593.19
321.75	1501.85
321.81	1421.34
321.88	1347.75
321.94	1283.02
322.00	1225.69
322.07	1167.24
322.13	1113.07
322.19	1062.28
322.26	1010.38
322.32	966.60
322.38	929.15
322.45	899.07
322.51	867.67
322.58	843.83
322.64	813.16
322.70	787.81
322.77	756.22
322.83	735.19
322.89	704.48
322.96	679.33
323.02	653.47
323.08	628.05
323.15	600.20
323.21	578.86
323.27	556.85
323.34	533.64
323.40	512.55
323.46	489.48
323.53	461.70
323.59	391.08
323.65	293.53
323.72	183.01
323.78	77.82
323.85	-19.45
323.91	-67.77
323.97	-84.75
324.04	-84.99
