3428.7791
-125.7611
633.7441
-44.6709
-10.6274
16.6249
47.8736
48.5861
50.2731
54.2865
56.7601
56.9803
57.9994
61.2864
64.0806
83.5001
91.664
99.4821
110.3576
115.3304
109.7215
106.5012
111.2177
118.6432
127.7805
141.6085
156.8165
178.7367
197.1771
221.4216
236.09
266.1915
285.1182
302.6654
319.1077
328.0069
313.34
297.8656
278.123
267.9042
265.0082
290.7797
321.7685
370.3167
412.3208
467.3729
521.0603
584.7922
639.5133
698.6789
758.4458
805.6386
859.1996
897.1975
903.5752
901.161
872.2635
782.7682
686.1689
618.5331
557.289
546.8819
599.5237
693.3558
794.2034
899.4078
1000.3796
1105.2828
1194.1101
1261.8627
1339.1091
1393.3446
1448.3351
1520.0464
1596.6441
1663.2088
1750.3273
1804.6372
1806.0737
1764.8496
1634.5458
1439.8875
1275.0165
1177.6627
1160.9262
1244.0394
1413.9597
1575.8746
1720.4818
1841.7848
1975.4003
2083.5714
2215.474
2348.3853
2466.05
2585.7506
2720.9534
2817.5082
2907.71
3027.974
3105.9502
3145.3802
3182.9451
3176.0849
3054.86
2824.3273
2567.3736
2349.7652
2187.5631
2160.2355
2296.499
2508.7731
2703.0025
2902.0122
3084.2259
3245.607
3380.5123
3527.208
3666.332
3775.5658
3881.8702
4003.3645
4096.7509
4182.3416
4289.7028
4367.7102
4418.7098
4476.2877
4496.1855
4462.8987
4388.3903
4227.3806
3945.3819
3650.0845
3443.3476
3330.4051
3351.0937
3519.7152
3761.8061
3971.0642
4171.0671
4338.9063
4502.2923
4636.143
4781.4908
4906.8372
5018.5356
5124.0741
5234.6737
5311.6186
5384.7987
5466.6077
5516.4748
5551.3179
5586.8655
5593.8126
5586.2171
5585.9754
5571.5132
5533.7403
5447.9675
5277.2074
5079.5282
4922.8572
4831.7663
4837.6282
4968.3723
5157.4862
5350.0089
5523.2656
5667.4046
5803.0756
5917.4355
6013.0562
6091.1715
6170.2537
6221.5531
6276.8037
6327.5481
6376.1255
6419.7976
6459.0361
6486.1188
6519.1508
6552.6115
6582.8252
6628.1795
6674.3338
6700.2119
6713.9303
6722.5884
6699.3738
6627.7299
6545.0205
6471.8892
6412.4166
6391.4242
6429.7074
6501.3994
6591.144
6691.5915
6786.2567
6881.6194
6966.4313
7045.0904
7107.9002
7156.7548
7193.0913
7233.3523
7249.8724
7260.0503
7274.7058
7289.2054
7292.3405
7300.5249
7306.9489
7302.8684
7298.5708
7301.3076
7314.6703
7344.0573
7387.0314
7432.957
7484.3916
7527.3485
7544.2529
7553.1408
7560.2887
7572.0472
7593.4652
7619.9947
7656.9964
7690.5332
7713.5989
7728.6874
7747.9872
7748.0582
7737.4545
7718.5106
7699.8857
7703.3641
7728.669
7781.4858
7854.6014
7928.8332
7987.6904
8047.1372
8093.9475
8131.3489
8162.7111
8192.7981
8210.1204
8231.0486
8241.9757
8254.6467
8268.3602
8276.9634
8257.2921
8231.7739
8197.0723
8175.1181
8168.835
8205.8404
8270.5906
8360.1319
8440.3535
8522.2622
8587.0717
8636.5683
8682.1384
8724.9497
8761.3609
8799.1641
8825.138
8835.0534
8840.6646
8841.4305
8848.1395
8850.1369
8851.1654
8847.4256
8844.9151
8841.0294
8866.5817
8920.6391
8993.0817
9083.5911
9167.0479
9241.1795
9306.1257
9360.816
9402.5826
9445.892
9482.2325
9510.254
9540.3235
9563.3129
9586.8367
9611.6318
9634.0496
9649.69
9674.6035
9689.9752
9699.0721
9721.5536
9766.7651
9819.0579
9896.3194
9987.7891
10070.0875
10136.9127
10199.2095
10239.7628
10283.731
10332.9723
10380.0201
10422.0246
10467.5617
10521.3917
10569.038
10620.2917
10665.6481
10713.6053
10741.2802
10769.6922
10801.6694
10838.5574
10879.2359
10940.4023
11010.5721
11088.7561
11174.4941
11255.3074
11321.7351
11384.4958
11440.0786
11495.8454
11552.8853
11616.5697
11680.11
11745.0382
11811.5506
11875.1769
11935.3202
11995.9865
12054.3753
12103.9574
12159.0254
12219.371
12272.8264
12333.5107
12395.4946
12468.7787
12540.7362
12620.4829
12701.5636
12788.6854
12869.2851
12956.2572
13049.5503
13141.9496
13236.3115
13329.2709
13415.5794
13493.8254
13566.6465
13630.9649
13703.3925
13773.3868
13853.497
13937.4013
14022.4007
14092.6816
14173.7621
14247.2952
14326.1582
14413.1249
14510.8313
14598.7321
14687.062
14766.7227
14855.3332
14942.2265
15029.6183
15132.1519
15239.2155
15338.7877
15433.7423
15537.7838
15637.0419
15736.4182
15835.4037
15944.7914
16051.2213
16145.1296
16242.2557
16337.694
16441.7041
16540.6458
16644.3147
16747.2353
16851.2451
16942.1715
17049.2908
17162.5288
17269.0988
17381.4921
17499.5961
17601.8016
17693.6886
17799.6548
17904.4658
18021.8099
18137.2525
18264.6873
18390.4888
18513.2058
18619.133
18737.8079
18854.3365
18964.8686
19075.6963
19192.9021
19305.4082
19414.5782
19529.3838
19657.3229
19779.9155
19905.7645
20029.372
20157.7534
20278.906
20399.7927
20525.4473
20656.7534
20781.2475
20907.5448
21038.2621
21161.0846
21282.1345
21406.3664
21539.4504
21678.0964
21816.774
21964.9005
22110.4495
22242.598
22367.8194
22487.969
22600.5827
22715.3693
22837.3035
22962.4925
23107.0682
23248.8524
23391.1415
23538.9058
23691.5676
23841.3065
23986.6448
24131.8314
24272.7884
24403.8584
24525.4465
24652.2094
24777.7513
24901.376
25033.1696
25178.9935
25316.6789
25451.3076
25573.4506
25705.1213
25828.8497
25979.1931
26140.4154
26309.6502
26465.1902
26618.3917
26759.2802
26897.9217
27027.3809
27160.1371
27297.9133
27439.7339
27579.7635
27738.4174
27896.5238
28047.3308
28183.044
28316.1533
28441.5494
28576.2376
28719.5867
28879.0614
29045.2781
29211.6364
29357.2494
29475.8128
29567.0807
29655.2338
29752.8262
29864.565
29997.5518
30160.7127
30328.8614
30492.5953
30653.6685
30821.1998
30986.526
31130.8121
31264.7003
31409.0652
31552.4041
31692.998
31839.7911
31993.1193
32128.3162
32249.4037
32367.8391
32496.378
32624.9216
32762.3909
32907.7654
33045.196
33175.4323
33296.4283
33412.5629
33531.726
33658.0482
33796.6628
33930.7195
34058.7572
34193.4665
34349.3347
34489.0459
34635.485
34791.0321
34929.7643
35044.4241
35167.797
35293.1781
35413.0958
35531.146
35654.3635
35771.7008
35895.8522
36025.8055
36164.4988
36281.7661
36381.9184
36471.9245
36561.0928
36653.9616
36763.9356
36895.4454
37030.0828
37167.0788
37295.23
37423.7494
37555.212
37679.7219
37798.9817
37920.9968
38042.6434
38161.2273
38290.948
38408.3548
38516.876
38621.5582
38721.7369
38803.2786
38883.921
38974.2678
39073.7159
39185.3339
39306.4727
39430.7103
39534.3456
39624.9011
39698.2157
39776.3646
39872.6973
39998.894
40129.6662
40264.5752
40401.7845
40533.4178
40644.6288
40749.774
40849.7237
40945.3566
41022.9202
41088.0277
41151.4479
41214.4802
41264.8803
41335.7854
41426.8002
41524.9649
41626.9946
41742.2765
41848.3839
41952.8153
42054.6039
42155.9962
42254.8224
42345.8683
42430.0049
42516.7058
42603.9898
42687.7573
42778.7033
42868.8442
42946.4243
42996.1384
43038.9591
43078.9972
43131.1717
43215.1408
43337.815
43468.1567
43596.1101
43716.3536
43805.8346
43876.4862
43936.0798
43996.3673
44049.7905
44109.4127
44173.7879
44247.8909
44322.6088
44392.5565
44442.4775
44486.1341
44529.1094
44557.5645
44608.0878
44680.6158
44752.0715
44819.2691
44895.5423
44968.1615
45040.2804
45116.464
45189.0066
45254.7597
45309.3428
45349.4354
45386.9972
45442.9488
45511.4972
45576.3525
45647.1637
45719.6024
45783.4691
45840.365
45898.1437
45953.7102
46010.7649
46069.5402
46136.2996
46210.8496
46283.7145
46353.7812
46402.7597
46447.3588
46487.4421
46531.8588
46581.3978
46637.1704
46679.1256
46714.2526
46746.4569
46766.7614
46794.6099
46839.8165
46904.3298
46968.9429
47039.7773
47112.7174
47174.7719
47221.5376
47266.6951
47314.4201
47339.2746
47364.2291
47388.9421
47424.2312
47459.1543
47523.2024
47597.4471
47669.0259
47722.1835
47780.0316
47826.3046
47870.5358
47919.856
47973.7904
48005.2504
48025.7369
48033.5816
48042.3502
48064.4214
48100.5766
48153.4733
48207.6381
48253.6088
48276.084
48301.3009
48334.202
48388.3472
48440.8665
48506.8923
48566.0289
48606.0975
48623.6214
48650.4592
48668.3607
48677.3108
48688.4619
48694.1964
48688.1283
48692.0109
48715.1027
48734.7982
48757.7074
48790.9758
48824.2438
48858.1525
48888.3547
48931.0497
48975.8053
49020.8312
49047.978
49076.2434
49087.306
49089.2361
49090.5964
49084.9319
49079.2331
49072.655
49053.2779
49027.6665
49025.2248
49036.9862
49061.0448
49099.2085
49147.0125
49177.6689
49212.6999
49238.0623
49261.2263
49266.7385
49272.9714
49254.9857
49242.7692
49225.5198
49217.4939
49216.014
49220.0529
49223.5487
49217.8829
49223.1237
49231.5956
49232.0823
49231.0279
49234.4497
49226.7259
49213.5997
49216.7176
49209.9873
49203.2474
49204.1663
49197.2664
49180.3292
49175.5114
49176.5072
49167.1343
49156.6495
49143.9111
49130.3987
49132.3272
49139.7424
49151.1244
49167.1402
49181.5879
49178.3734
49171.7221
49165.336
49169.2861
49161.0855
49140.9759
49119.558
49102.271
49068.9947
49040.9537
49022.4077
49009.5212
49014.6061
49028.7875
49046.7558
49065.0834
49086.4682
49082.778
49063.2389
49042.2098
49010.5374
48960.9781
48910.4715
48864.1416
48829.1487
48807.3631
48791.0758
48790.3817
48797.4518
48808.1817
48823.3898
48836.8064
48838.481
48848.7604
48852.0736
48867.543
48893.8633
48921.097
48934.823
48947.1981
48936.3058
48915.4057
48895.006
48875.9296
48852.7703
48836.5066
48823.2894
48810.5888
48806.1473
48805.5296
48806.8719
48818.4919
48829.1905
48834.3023
48827.2807
48803.3093
48761.1551
48706.5348
48649.0706
48624.6045
48618.4215
48618.2971
48636.855
48640.3073
48624.6518
48613.6711
48616.3904
48609.1518
48623.9646
48628.9755
48621.0383
48610.9499
48602.9306
48596.0603
48606.9337
48622.2313
48639.3749
48665.2241
48685.3884
48693.5992
48710.5812
48719.3843
48710.9025
48692.8815
48678.9249
48656.1651
48626.5898
48619.0844
48633.1955
48650.8024
48675.0768
48707.1513
48729.2891
48738.3738
48737.31
48737.6256
48733.0319
48721.7846
48712.8977
48723.862
48744.9638
48774.826
48807.6889
48849.5249
48881.4782
48898.7524
48912.1997
48925.3807
48933.9016
48950.1882
48968.7227
48979.5551
48984.8787
48998.1376
48996.8914
48988.1715
48984.5767
48985.3062
48982.4196
48990.3335
49008.5002
49022.9226
49051.2392
49077.5672
49105.9049
49127.3445
49150.8144
49164.6496
49174.2818
49172.2963
49158.0542
49133.5765
49108.518
49096.4235
49083.7177
49090.1037
49128.0793
49181.358
49226.1816
49280.8141
49343.6012
49396.7144
49436.3956
49469.6774
49498.4255
49524.3272
49542.3379
49569.1186
49598.0236
49625.8436
49645.9682
49676.8868
49704.6763
49726.4591
49749.0974
49763.9572
49757.7147
49733.4865
49719.0199
49697.5314
49688.2666
49702.7031
49722.5571
49736.8183
49760.241
49777.7775
49800.4598
49832.6429
49870.5658
49904.7264
49955.8986
50005.204
50051.268
50091.3232
50123.2841
50149.1826
50160.2359
50173.106
50187.0249
50216.1382
50238.9702
50238.0065
50234.8096
50237.7356
50225.8595
50212.2347
50237.8188
50272.6976
50310.2476
50348.0525
50383.3029
50417.0148
50440.9767
50462.8296
50487.0176
50507.5647
50495.2895
50468.2291
50422.4834
50376.462
50349.5246
50350.7953
50370.405
50411.8428
50476.7219
50522.0137
50561.5268
50604.285
50630.6423
50634.8532
50644.0222
50640.6215
50622.1676
50608.0263
50608.6694
50619.9195
50648.0302
50677.837
50718.1497
50741.3844
50757.2822
50746.6429
50748.3057
50763.1191
50792.3251
50812.6918
50846.3638
50870.0998
50873.0328
50867.1066
50855.665
50840.0809
50839.77
50852.6619
50872.8683
50892.4184
50915.8512
50920.8217
50896.7405
50871.5959
50849.5088
50842.0363
50846.8534
50866.3655
50861.5281
50848.3444
50823.0056
50814.0678
50816.7009
50837.318
50873.5909
50913.4378
50939.8083
50964.2731
50985.2118
51007.1676
51010.2207
51014.3
51007.1583
50992.8421
50969.7234
50950.9039
50918.9296
50888.2709
50860.3262
50839.5003
50827.7027
50823.7737
50812.8418
50803.5183
50796.2216
50794.742
50788.9828
50792.1965
50787.88
50782.3156
50773.8397
50766.5171
50746.8113
50748.249
50736.0256
50724.2482
50708.0493
50711.5999
50708.2259
50708.876
50701.541
50683.9228
50643.576
50588.3779
50547.359
50513.8898
50504.1105
50518.108
50545.1538
50569.4378
50588.6065
50578.0151
50546.1201
50512.049
50463.1798
50404.0716
50351.9284
50312.8964
50283.1395
50266.6935
50261.5424
50272.3262
50270.6358
50256.4919
50221.457
50183.9769
50147.7954
50136.0572
50130.32
50123.0719
50114.3463
50085.2281
50029.4662
49969.1638
49927.5146
49893.7235
49860.7784
49829.6568
49807.8248
49792.8891
49775.8879
49765.8411
49767.5181
49757.4681
49741.535
49712.2501
49681.4731
49639.8851
49596.3431
49549.2437
49513.9899
49479.1096
49438.7922
49394.4214
49344.48
49302.5862
49269.4092
49236.4724
49210.3465
49189.3919
49156.5233
49124.529
49089.8026
49051.2223
49012.2404
48964.8931
48903.741
48857.1511
48811.4224
48762.91
48718.9166
48685.6505
48648.5248
48600.1769
48552.1946
48523.7845
48489.5934
48462.915
48438.5503
48413.5441
48373.2542
48328.4688
48266.0328
48209.0481
48153.7108
48105.8272
48072.2391
48046.9162
48030.0157
48002.191
47968.388
47924.3576
47884.388
47843.5548
47815.786
47783.8612
47751.7846
47690.3316
47617.49
47542.019
47468.2598
47410.3613
47381.4539
47365.9491
47357.3539
47342.4485
47311.7745
47287.5527
47251.8726
47202.9113
47153.0403
47111.6588
47047.7981
46986.7676
46930.1228
46884.3828
46824.6238
46786.7682
46763.0741
46730.7992
46681.8287
46624.4968
46543.442
46461.922
46390.2158
46329.0466
46289.0132
46259.0196
46207.8297
46169.9424
46127.2923
46075.7834
46033.6495
46008.2389
45980.936
45957.7544
45925.5221
45885.1053
45838.2897
45790.6572
45736.9824
45696.8505
45650.2469
45598.0906
45535.5041
45473.5512
45410.6312
45353.8976
45304.8663
45257.5924
45223.2317
45202.5398
45184.0075
45164.3324
45141.0546
45112.0272
45061.4768
45020.3264
44984.2474
44941.0716
44899.6315
44863.488
44823.3956
44776.9818
44738.3144
44691.485
44633.1497
44565.2086
44504.0221
44435.3687
44372.6267
44334.0434
44315.4669
44290.3208
44274.9446
44252.2718
44222.4749
44180.4126
44145.5927
44114.0039
44085.7121
44053.5896
44024.2251
43982.476
43945.451
43902.1577
43855.7397
43806.2043
43765.4228
43714.6719
43668.9072
43621.8914
43579.0159
43537.4043
43479.6725
43438.8918
43410.7668
43386.5429
43358.7656
43350.5163
43339.9764
43307.618
43260.5417
43221.2584
43175.9497
43136.8952
43116.2893
43098.8398
43074.7253
43063.1382
43040.2246
43020.2062
43012.6677
43013.1117
42993.7011
42971.5664
42937.0658
42889.9518
42836.676
42793.9071
42749.4732
42708.3581
42673.542
42647.0271
42625.4589
42613.2347
42602.6017
42598.4927
42583.711
42567.0636
42540.2624
42522.0757
42493.09
42468.6275
42445.3679
42420.4525
42388.9639
42350.103
42296.2462
42236.4039
42172.4408
42115.127
42072.8607
42035.7417
42002.5696
41989.0408
41970.5639
41943.4391
41918.6086
41883.199
41842.0799
41798.0375
41763.9893
41746.7456
41742.125
41729.1849
41714.5609
41688.4736
41647.8209
41610.5714
41575.279
41536.4461
41501.1086
41466.686
41437.5712
41417.3316
41389.4486
41364.1222
41333.0467
41278.9335
41212.553
41162.3358
41129.2863
41111.7057
41111.0143
41115.4324
41122.6603
41112.9561
41101.2932
41087.0948
41072.4859
41045.392
41018.5833
40984.5053
40944.8903
40906.3136
40875.2072
40840.132
40793.2026
40747.5218
40705.4577
40658.8902
40619.9363
40590.887
40570.9646
40551.803
40548.0475
40545.6582
40546.8744
40528.4582
40500.0684
40467.1363
40435.9217
40403.3649
40391.7397
40382.8908
40368.9621
40345.1635
40330.7373
40309.4347
40292.3854
40265.7575
40236.7774
40200.931
40163.9008
40123.375
40085.8248
40057.1591
40026.8876
39996.5249
39969.8419
39942.8968
39911.6013
39879.4714
39842.8634
39800.9256
39759.6521
39712.0718
39671.5833
39643.1964
39624.0306
39602.0303
39579.4453
39545.6766
39492.6089
39433.96
39371.7037
39309.8158
39249.8555
39189.1462
39121.3355
39066.2977
39007.1752
38950.5006
38914.8054
38883.5139
38856.5542
38839.3955
38823.0608
38793.8168
38764.1567
38725.2231
38687.3059
38647.447
38608.4507
38574.1265
38547.6751
38529.815
38494.5554
38472.1203
38448.0779
38426.0902
38398.0884
38388.3176
38371.2135
38358.4306
38346.1912
38333.221
38310.6875
38278.2008
38243.5191
38199.8826
38148.9795
38104.9474
38056.0525
38001.9031
37957.4854
37930.1858
37904.3395
37894.6287
37896.3425
37883.5453
37867.5426
37853.0041
37843.0078
37827.5255
37819.9879
37809.0496
37803.9355
37788.9452
37773.2579
37748.8864
37729.8751
37707.3962
37686.4659
37649.0831
37625.85
37593.4317
37564.5019
37542.8447
37536.3584
37528.057
37519.926
37499.6958
37474.4079
37445.1487
37419.8718
37401.1209
37388.971
37375.7606
37362.9613
37346.95
37326.811
37305.6938
37280.1408
37261.3173
37234.8375
37202.797
37173.6327
37155.8397
37144.4365
37142.4736
37147.2029
37151.402
37147.8698
37129.6777
37117.7584
37102.1954
37091.2285
37079.5564
37077.4917
37064.9543
37052.2646
37039.3688
37030.5766
37008.6528
36979.0901
36948.1967
36912.1735
36879.553
36868.2375
36852.4201
36843.8799
36825.988
36810.0034
36784.3992
36775.836
36770.22
36778.2566
36784.5725
36786.6068
36781.7876
36764.9486
36742.9688
36711.9277
36688.2858
36664.1219
36649.3836
36637.2901
36632.8806
36621.4562
36617.4928
36602.201
36596.782
36589.5557
36575.4361
36564.0298
36561.6992
36547.7365
36533.5562
36524.2905
36502.3834
36479.9273
36453.6271
36429.7953
36420.425
36416.5893
36415.123
36418.1252
36414.0483
36397.7485
36384.7471
36375.67
36370.6851
36366.3034
36366.6357
36360.8337
36352.1738
36338.2811
36326.5568
36305.7355
36288.195
36265.8603
36246.9809
36231.7441
36222.6532
36214.9276
36199.6587
36184.5141
36177.7817
36163.4848
36151.151
36147.0969
36142.1506
36121.3993
36114.2673
36106.0925
36098.8469
36084.2526
36081.0048
36068.24
36056.0276
36037.0128
36026.102
36009.3675
35998.3446
35982.2447
35971.5422
35964.3931
35956.4222
35947.2962
35935.7294
35927.0209
35910.2272
35895.3552
35884.1061
35871.6745
35854.987
35841.7635
35833.6702
35823.531
35809.7857
35799.5497
35790.6724
35770.5277
35750.6769
35744.4387
35728.1106
35714.249
35702.8265
35690.3581
35677.4439
35671.7067
35663.5482
35656.7658
35648.8114
35643.5281
35642.7117
35631.1202
35621.1665
35605.9008
35577.9676
35549.4321
35541.4957
35528.1954
35511.8692
35508.6696
35505.7213
35480.4054
35453.6847
35434.384
35404.2792
35366.8972
35346.7653
35332.4097
35323.9144
35312.0029
35306.9659
35304.4965
35295.8165
35285.6862
35283.4942
35278.9047
35262.3375
35245.8585
35227.8243
35202.3995
35185.2699
35174.184
35172.029
35175.9089
35180.0688
35166.1561
35148.1336
35128.8537
35098.7005
35075.8301
35055.1047
35030.0393
35003.9696
34983.7657
34962.948
34957.4626
34949.8335
34941.8432
34942.2389
34931.2158
34908.7414
34890.7161
34866.2607
34831.6045
34810.1562
34791.05
34771.9684
34754.2165
34734.3939
34708.8555
34682.9416
34652.3096
34622.2407
34585.2313
34556.3327
34523.9883
34509.0015
34497.503
34495.584
34487.5502
34473.7117
34447.5414
34409.4521
34368.8703
34335.5867
34319.0035
34298.4479
34285.762
34274.0648
34249.9078
34224.4947
34195.4894
34171.139
34147.3202
34126.7979
34099.923
34079.59
34051.729
34024.9438
33985.2401
33948.6967
33914.1779
33885.0465
33854.9542
33834.956
33807.4941
33779.2242
33747.7302
33721.2891
33693.3049
33670.6994
33635.9689
33598.1821
33550.0787
33505.9464
33453.2236
33408.4872
33376.3417
33344.5592
33316.8614
33286.3837
33253.1717
33209.0153
33167.1092
33118.6589
33077.5133
33039.7615
33010.0619
32974.2909
32943.0894
32907.648
32876.4314
32829.8039
32795.4915
32751.7693
32713.7209
32674.9958
32636.4149
32585.0176
32536.8141
32489.7095
32435.3088
32391.488
32348.5761
32304.8991
32255.5881
32206.7453
32149.4935
32092.2991
32040.597
31987.9123
31945.8539
31900.4968
31855.9572
31804.2279
31757.7742
31700.9826
31655.0695
31598.8714
31553.568
31506.9028
31452.907
31389.5274
31336.085
31281.1031
31223.8559
31173.9136
31118.3007
31067.5433
31014.9622
30959.1768
30905.7193
30857.5748
30803.5529
30717.2085
30602.3085
30460.6366
30307.1231
30141.1722
30005.3138
29935.0846
29925.8515
29964.2985
30025.5375
30084.4336
30110.5765
30087.3798
30030.4984
29967.2433
29894.5912
29822.7053
29761.0569
29712.6798
29655.8108
29609.7519
29552.6637
29493.898
29418.8169
29346.1665
29271.9228
29206.5254
29138.7562
29080.1559
29026.0397
28968.4964
28909.1257
28855.1479
28800.6674
28736.0267
28676.2418
28618.2029
28561.9066
28500.8232
28442.0905
28389.7662
28328.7939
28265.244
28210.3196
28155.0787
28085.3245
28028.524
27970.9166
27911.7844
27852.5163
27790.5881
27719.3164
27648.576
27559.7489
27479.2964
27409.8968
27344.0569
27279.0179
27235.3948
27176.6193
27110.0394
27050.2676
26986.4327
26914.4146
26847.6267
26793.8297
26723.6836
26663.2715
26595.8257
26540.7849
26475.5303
26419.8359
26355.2093
26299.4656
26233.8541
26171.1024
26103.8586
26044.6044
25986.8001
25930.1214
25866.2414
25808.8693
25748.0957
25687.2826
25628.6463
25582.2673
25526.5216
25473.5753
25418.8867
25365.7447
25314.2297
25254.63
25188.6035
25128.8656
25076.0701
25010.9405
24965.6235
24922.9958
24874.9751
24811.3133
24747.4932
24679.5649
24615.4065
24548.6781
24484.3735
24418.5589
24355.9126
24294.0243
24226.6686
24170.356
24126.1581
24076.357
24021.1344
23975.8185
23922.5927
23858.8903
23797.224
23742.1262
23677.586
23615.2469
23557.0732
23506.6468
23454.3026
23403.82
23356.3199
23311.4086
23257.3074
23202.933
23151.5869
23094.9125
23037.3199
22982.5392
22919.187
22870.0232
22816.108
22761.9835
22705.064
22657.1147
22596.871
22543.3547
22489.5618
22437.2782
22383.2872
22323.5635
22271.8075
22226.06
22177.7917
22129.2199
22083.8744
22036.1121
21974.281
21922.2488
21863.8809
21807.4237
21745.02
21703.1863
21666.9973
21634.6566
21607.8926
21558.6883
21465.7268
21326.511
21154.6886
20938.7221
20711.9396
20480.8702
20242.6943
20008.9608
19769.6712
19524.0496
19273.7269
19027.2517
18775.7203
18532.7486
18293.4296
18050.69
17808.1276
17563.8507
17319.0805
17075.6604
16832.8455
16588.5893
16343.156
16094.7354
15848.2097
15606.728
15363.8128
15114.4824
14864.3466
14613.4582
14365.4424
14111.7773
13863.0842
13614.7553
13356.3662
13091.1916
12826.1797
12563.9821
12296.0213
12032.4825
11761.1714
11495.937
11221.9883
10949.7174
10678.4094
10406.0483
10128.6368
9845.9518
9562.5252
9269.5042
8989.2382
8707.7325
8427.0316
8145.088
7866.0996
7582.1508
7303.4589
7031.9793
6759.7586
6492.2811
6232.182
5966.7238
5711.0628
5462.7267
5221.5081
4984.0988
4761.0474
4537.7064
4328.1679
4126.4553
3930.6079
3739.306
3562.0805
3385.9663
3220.7975
3062.8054
2910.9419
2767.3324
2634.8483
2503.6934
2384.6576
2279.956
2176.8776
2080.1234
1993.9203
1906.727
1823.8549
1749.0464
1676.5104
1611.6494
1552.6383
1489.1453
1428.8475
1369.596
1307.8371
1252.022
1203.6514
1160.6092
1115.8546
1078.0623
1032.3925
991.3789
943.1057
907.3804
861.9614
821.7175
781.2301
742.174
700.7539
665.5079
631.4955
596.965
564.4727
531.1715
493.0207
414.1001
310.0741
193.7668
83.4029
-16.0423
-66.5471
-85.571
-86.1904
