180.21	3429.28
180.28	-125.11
180.36	634.26
180.44	-43.92
180.51	-9.95
180.59	17.57
180.66	49.16
180.74	49.92
180.81	51.57
180.89	55.91
180.97	58.88
181.04	59.38
181.12	60.63
181.19	64.61
181.27	67.89
181.34	87.49
181.42	96.11
181.50	104.05
181.57	114.39
181.65	119.26
181.72	113.90
181.80	110.40
181.87	115.43
181.95	123.98
182.03	134.20
182.10	148.49
182.18	164.38
182.25	187.36
182.33	206.40
182.40	231.19
182.48	246.70
182.55	278.05
182.63	297.45
182.71	315.41
182.78	332.00
182.86	340.57
182.93	324.78
183.01	308.31
183.08	287.53
183.16	276.88
183.23	274.39
183.31	300.88
183.39	332.62
183.46	382.76
183.54	426.39
183.61	482.27
183.69	538.10
183.76	603.75
183.84	660.67
183.91	720.57
183.99	781.72
184.06	829.78
184.14	884.86
184.22	922.43
184.29	929.29
184.37	926.69
184.44	896.69
184.52	804.36
184.59	704.67
184.67	634.38
184.74	571.21
184.82	558.99
184.89	612.22
184.97	707.89
185.04	810.66
185.12	917.50
185.20	1019.75
185.27	1126.79
185.35	1216.27
185.42	1284.24
185.50	1362.36
185.57	1417.98
185.65	1472.17
185.72	1545.95
185.80	1621.67
185.87	1688.98
185.95	1776.01
186.02	1831.70
186.10	1832.13
186.17	1792.17
186.25	1659.50
186.33	1462.03
186.40	1293.77
186.48	1194.46
186.55	1175.96
186.63	1258.63
186.70	1431.00
186.78	1594.35
186.85	1740.37
186.93	1864.14
187.00	2000.48
187.08	2110.33
187.15	2244.42
187.23	2378.71
187.30	2495.87
187.38	2616.32
187.45	2750.50
187.53	2847.01
187.60	2936.35
187.68	3059.80
187.75	3139.95
187.83	3180.87
187.90	3219.35
187.98	3212.76
188.05	3089.72
188.13	2855.67
188.21	2596.20
188.28	2375.12
188.36	2211.43
188.43	2182.66
188.51	2320.00
188.58	2533.80
188.66	2730.06
188.73	2930.86
188.81	3115.40
188.88	3276.86
188.96	3413.01
189.03	3561.30
189.11	3701.56
189.18	3811.62
189.26	3922.22
189.33	4047.62
189.41	4142.44
189.48	4230.35
189.56	4339.08
189.63	4413.32
189.71	4461.67
189.78	4519.70
189.86	4540.26
189.93	4506.51
190.01	4433.26
190.08	4273.69
190.16	3988.34
190.23	3688.42
190.31	3479.32
190.38	3367.19
190.46	3387.80
190.53	3560.20
190.61	3809.88
190.68	4023.51
190.76	4226.19
190.83	4395.81
190.91	4560.37
190.98	4692.75
191.06	4837.97
191.13	4961.77
191.21	5072.07
191.28	5176.52
191.35	5286.48
191.43	5365.30
191.50	5443.74
191.58	5532.36
191.65	5587.55
191.73	5628.22
191.80	5668.09
191.88	5677.02
191.95	5668.59
192.03	5671.03
192.10	5658.39
192.18	5622.20
192.25	5537.90
192.33	5365.91
192.40	5162.99
192.48	4998.62
192.55	4900.46
192.63	4900.41
192.70	5029.60
192.78	5220.42
192.85	5415.53
192.93	5589.64
193.00	5738.36
193.08	5878.91
193.15	5998.35
193.22	6106.06
193.30	6198.87
193.37	6289.50
193.45	6352.97
193.52	6417.76
193.60	6470.81
193.67	6516.73
193.75	6552.58
193.82	6583.98
193.90	6602.45
193.97	6627.95
194.05	6654.99
194.12	6683.27
194.20	6726.08
194.27	6771.19
194.34	6794.59
194.42	6810.04
194.49	6819.44
194.57	6798.10
194.64	6731.15
194.72	6655.50
194.79	6594.02
194.87	6550.07
194.94	6548.64
195.02	6605.87
195.09	6690.21
195.17	6785.30
195.24	6882.98
195.31	6965.49
195.39	7041.40
195.46	7112.93
195.54	7175.13
195.61	7228.04
195.69	7270.57
195.76	7306.71
195.84	7345.82
195.91	7365.42
195.99	7376.13
196.06	7393.77
196.13	7413.27
196.21	7422.50
196.28	7444.28
196.36	7473.12
196.43	7495.23
196.51	7518.01
196.58	7545.25
196.66	7570.04
196.73	7597.32
196.80	7624.56
196.88	7644.47
196.95	7669.35
197.03	7688.79
197.10	7685.30
197.18	7680.53
197.25	7678.41
197.33	7685.11
197.40	7704.40
197.47	7730.31
197.55	7774.57
197.62	7821.16
197.70	7853.07
197.77	7881.72
197.85	7919.17
197.92	7939.67
197.99	7959.00
198.07	7979.74
198.14	7989.24
198.22	8008.72
198.29	8027.18
198.37	8051.12
198.44	8080.17
198.51	8115.56
198.59	8137.70
198.66	8174.87
198.74	8207.01
198.81	8239.00
198.89	8265.50
198.96	8295.85
199.03	8317.74
199.11	8347.60
199.18	8368.79
199.26	8390.75
199.33	8419.75
199.41	8444.57
199.48	8452.22
199.55	8460.72
199.63	8464.48
199.70	8472.22
199.78	8480.29
199.85	8502.28
199.93	8531.72
200.00	8573.66
200.07	8607.52
200.15	8650.80
200.22	8696.03
200.30	8733.29
200.37	8776.32
200.44	8815.31
200.52	8851.63
200.59	8888.21
200.67	8917.64
200.74	8933.67
200.81	8955.30
200.89	8972.96
200.96	8996.23
201.04	9018.77
201.11	9048.35
201.19	9073.81
201.26	9096.23
201.33	9104.89
201.41	9130.77
201.48	9166.35
201.56	9206.22
201.63	9256.98
201.70	9309.65
201.78	9356.07
201.85	9401.38
201.93	9442.07
202.00	9478.56
202.07	9519.67
202.15	9560.09
202.22	9590.57
202.30	9624.99
202.37	9651.63
202.44	9681.66
202.52	9715.36
202.59	9754.57
202.67	9785.99
202.74	9827.95
202.81	9864.40
202.89	9894.04
202.96	9925.51
203.04	9972.14
203.11	10012.38
203.18	10064.81
203.26	10121.59
203.33	10174.70
203.41	10220.80
203.48	10276.14
203.55	10313.56
203.63	10358.69
203.70	10406.98
203.77	10453.99
203.85	10494.56
203.92	10538.36
204.00	10592.14
204.07	10640.00
204.14	10692.29
204.22	10739.87
204.29	10793.04
204.37	10829.92
204.44	10872.96
204.51	10916.26
204.59	10967.69
204.66	11019.04
204.73	11084.18
204.81	11142.61
204.88	11208.00
204.96	11273.89
205.03	11334.76
205.10	11384.53
205.18	11443.40
205.25	11499.37
205.32	11558.35
205.40	11618.19
205.47	11681.35
205.55	11744.26
205.62	11805.89
205.69	11870.32
205.77	11930.92
205.84	11993.88
205.91	12056.03
205.99	12119.41
206.06	12170.98
206.14	12230.50
206.21	12293.29
206.28	12352.11
206.36	12415.27
206.43	12480.36
206.50	12553.51
206.58	12626.34
206.65	12701.19
206.72	12774.72
206.80	12853.75
206.87	12930.03
206.95	13011.34
207.02	13101.01
207.09	13191.54
207.17	13285.85
207.24	13378.55
207.31	13461.80
207.39	13540.25
207.46	13611.50
207.53	13677.83
207.61	13746.26
207.68	13813.15
207.75	13889.17
207.83	13973.03
207.90	14057.23
207.98	14137.47
208.05	14224.72
208.12	14303.90
208.20	14384.07
208.27	14472.28
208.34	14563.91
208.42	14654.14
208.49	14739.68
208.56	14819.09
208.64	14903.88
208.71	14991.41
208.78	15073.43
208.86	15172.91
208.93	15274.62
209.00	15369.97
209.08	15462.84
209.15	15564.09
209.22	15657.47
209.30	15760.16
209.37	15861.37
209.44	15970.28
209.52	16076.44
209.59	16174.22
209.67	16269.06
209.74	16360.84
209.81	16465.82
209.89	16570.36
209.96	16679.13
210.03	16785.43
210.11	16898.12
210.18	16989.64
210.25	17098.06
210.33	17209.87
210.40	17314.27
210.47	17421.73
210.55	17537.74
210.62	17633.24
210.69	17721.79
210.77	17829.00
210.84	17933.56
210.91	18048.98
210.99	18164.38
211.06	18291.95
211.13	18414.46
211.21	18535.66
211.28	18641.01
211.35	18757.11
211.42	18870.72
211.50	18979.23
211.57	19089.75
211.64	19205.14
211.72	19323.51
211.79	19439.65
211.86	19563.26
211.94	19693.08
212.01	19822.31
212.08	19946.23
212.16	20063.98
212.23	20181.31
212.30	20298.38
212.38	20416.24
212.45	20539.74
212.52	20671.52
212.60	20796.40
212.67	20922.35
212.74	21048.95
212.82	21168.37
212.89	21289.13
212.96	21417.87
213.03	21550.74
213.11	21685.70
213.18	21823.56
213.25	21966.28
213.33	22104.70
213.40	22239.89
213.47	22373.84
213.55	22496.55
213.62	22612.82
213.69	22734.95
213.77	22852.57
213.84	22975.89
213.91	23118.19
213.98	23259.44
214.06	23398.58
214.13	23548.00
214.20	23696.90
214.28	23847.11
214.35	23990.35
214.42	24141.36
214.50	24282.99
214.57	24409.09
214.64	24527.63
214.72	24654.79
214.79	24768.88
214.86	24888.39
214.93	25026.46
215.01	25175.99
215.08	25315.63
215.15	25454.82
215.23	25579.57
215.30	25708.57
215.37	25830.70
215.44	25983.01
215.52	26149.57
215.59	26320.56
215.66	26474.34
215.74	26625.40
215.81	26763.57
215.88	26900.39
215.95	27023.47
216.03	27152.30
216.10	27290.59
216.17	27431.28
216.25	27566.97
216.32	27730.21
216.39	27893.56
216.46	28047.01
216.54	28180.90
216.61	28315.55
216.68	28439.32
216.76	28576.64
216.83	28722.42
216.90	28889.07
216.97	29059.97
217.05	29226.36
217.12	29369.34
217.19	29486.62
217.27	29574.64
217.34	29658.14
217.41	29752.54
217.48	29864.90
217.56	29996.01
217.63	30159.11
217.70	30322.76
217.78	30488.70
217.85	30645.86
217.92	30811.48
217.99	30967.49
218.07	31117.09
218.14	31248.47
218.21	31396.31
218.28	31538.77
218.36	31680.46
218.43	31824.58
218.50	31978.64
218.57	32111.69
218.65	32234.31
218.72	32357.84
218.79	32485.89
218.87	32613.33
218.94	32750.40
219.01	32895.42
219.08	33034.00
219.16	33163.47
219.23	33283.51
219.30	33398.93
219.37	33518.63
219.45	33638.39
219.52	33773.97
219.59	33910.07
219.66	34042.14
219.74	34168.79
219.81	34330.40
219.88	34473.52
219.95	34617.60
220.03	34770.70
220.10	34912.72
220.17	35020.60
220.24	35143.40
220.32	35271.24
220.39	35385.59
220.46	35504.14
220.53	35629.79
220.61	35751.36
220.68	35872.85
220.75	36010.59
220.82	36154.70
220.90	36277.56
220.97	36367.92
221.04	36459.33
221.11	36542.15
221.19	36626.41
221.26	36732.81
221.33	36868.11
221.40	37004.00
221.48	37140.12
221.55	37270.37
221.62	37405.70
221.69	37540.53
221.77	37665.58
221.84	37787.59
221.91	37912.60
221.98	38030.28
222.06	38152.11
222.13	38282.99
222.20	38402.07
222.27	38513.38
222.35	38614.84
222.42	38712.36
222.49	38795.62
222.56	38872.26
222.63	38959.87
222.71	39058.91
222.78	39166.60
222.85	39285.17
222.92	39414.96
223.00	39517.17
223.07	39613.74
223.14	39688.03
223.21	39766.35
223.29	39858.24
223.36	39992.52
223.43	40122.09
223.50	40257.85
223.57	40389.62
223.65	40524.13
223.72	40631.76
223.79	40737.94
223.86	40830.96
223.94	40928.53
224.01	41004.00
224.08	41068.37
224.15	41127.52
224.22	41196.65
224.30	41249.22
224.37	41321.89
224.44	41406.62
224.51	41500.53
224.59	41606.66
224.66	41722.19
224.73	41830.06
224.80	41938.86
224.87	42046.50
224.95	42142.18
225.02	42240.24
225.09	42328.82
225.16	42414.60
225.23	42499.11
225.31	42591.92
225.38	42676.92
225.45	42766.85
225.52	42860.85
225.60	42939.36
225.67	42990.21
225.74	43034.28
225.81	43077.67
225.88	43126.31
225.96	43213.08
226.03	43333.18
226.10	43462.90
226.17	43590.97
226.24	43711.20
226.32	43796.63
226.39	43866.75
226.46	43932.47
226.53	43997.73
226.60	44053.63
226.68	44115.79
226.75	44180.14
226.82	44247.41
226.89	44316.17
226.96	44379.86
227.04	44431.89
227.11	44473.56
227.18	44512.58
227.25	44544.24
227.32	44597.34
227.40	44670.60
227.47	44746.11
227.54	44816.92
227.61	44894.20
227.68	44964.32
227.76	45039.03
227.83	45116.43
227.90	45190.40
227.97	45252.49
228.04	45317.55
228.11	45355.85
228.19	45390.44
228.26	45447.17
228.33	45522.04
228.40	45580.28
228.47	45647.10
228.55	45718.78
228.62	45788.28
228.69	45841.92
228.76	45903.10
228.83	45963.14
228.90	46026.40
228.98	46082.77
229.05	46154.68
229.12	46230.61
229.19	46297.08
229.26	46360.45
229.34	46406.69
229.41	46446.00
229.48	46485.78
229.55	46536.82
229.62	46591.51
229.69	46645.56
229.77	46690.93
229.84	46723.23
229.91	46754.16
229.98	46778.42
230.05	46817.89
230.12	46863.45
230.20	46926.69
230.27	46993.05
230.34	47054.73
230.41	47121.97
230.48	47182.97
230.55	47239.75
230.63	47287.97
230.70	47345.05
230.77	47368.64
230.84	47392.20
230.91	47414.04
230.98	47451.84
231.06	47483.09
231.13	47551.62
231.20	47625.23
231.27	47699.23
231.34	47747.82
231.41	47805.28
231.49	47852.71
231.56	47897.62
231.63	47948.25
231.70	48003.42
231.77	48032.94
231.84	48052.98
231.92	48070.61
231.99	48080.45
232.06	48102.12
232.13	48139.73
232.20	48191.71
232.27	48240.82
232.34	48285.02
232.42	48310.62
232.49	48336.81
232.56	48369.94
232.63	48421.27
232.70	48471.98
232.77	48534.85
232.85	48600.66
232.92	48646.76
232.99	48665.76
233.06	48692.02
233.13	48712.67
233.20	48719.11
233.27	48727.37
233.35	48734.17
233.42	48725.78
233.49	48731.53
233.56	48757.32
233.63	48771.82
233.70	48799.86
233.77	48836.29
233.85	48868.87
233.92	48903.15
233.99	48941.32
234.06	48982.28
234.13	49027.29
234.20	49069.65
234.27	49093.71
234.35	49123.16
234.42	49127.57
234.49	49129.28
234.56	49136.38
234.63	49130.17
234.70	49121.62
234.77	49126.32
234.84	49106.23
234.92	49080.94
234.99	49086.40
235.06	49098.42
235.13	49116.12
235.20	49159.07
235.27	49205.21
235.34	49232.73
235.41	49268.90
235.49	49296.45
235.56	49320.16
235.63	49325.92
235.70	49327.12
235.77	49306.63
235.84	49295.31
235.91	49278.11
235.98	49265.80
236.06	49267.97
236.13	49270.85
236.20	49271.50
236.27	49265.53
236.34	49272.31
236.41	49280.57
236.48	49283.59
236.55	49289.72
236.63	49290.53
236.70	49286.13
236.77	49273.40
236.84	49277.69
236.91	49264.54
236.98	49262.37
237.05	49264.84
237.12	49256.00
237.19	49240.73
237.27	49236.51
237.34	49239.69
237.41	49229.83
237.48	49225.44
237.55	49214.67
237.62	49204.16
237.69	49202.45
237.76	49208.68
237.83	49220.97
237.91	49232.91
237.98	49247.09
238.05	49244.39
238.12	49235.55
238.19	49220.79
238.26	49224.67
238.33	49217.05
238.40	49200.19
238.47	49186.20
238.54	49171.47
238.62	49136.00
238.69	49106.99
238.76	49088.94
238.83	49078.86
238.90	49090.21
238.97	49112.71
239.04	49129.89
239.11	49144.97
239.18	49158.38
239.25	49150.42
239.33	49124.15
239.40	49104.34
239.47	49069.43
239.54	49025.27
239.61	48980.00
239.68	48938.62
239.75	48905.27
239.82	48889.46
239.89	48868.82
239.96	48863.62
240.03	48870.98
240.11	48883.84
240.18	48895.27
240.25	48906.47
240.32	48912.02
240.39	48919.37
240.46	48925.31
240.53	48940.41
240.60	48967.90
240.67	48992.07
240.74	49010.84
240.81	49019.53
240.88	49014.13
240.96	48995.89
241.03	48978.57
241.10	48955.37
241.17	48932.89
241.24	48912.91
241.31	48894.16
241.38	48878.88
241.45	48876.45
241.52	48873.38
241.59	48873.15
241.66	48891.81
241.73	48898.16
241.80	48900.53
241.88	48895.02
241.95	48875.95
242.02	48835.72
242.09	48786.49
242.16	48728.29
242.23	48704.48
242.30	48693.55
242.37	48691.78
242.44	48708.24
242.51	48710.82
242.58	48689.43
242.65	48676.48
242.72	48678.57
242.79	48670.99
242.87	48683.75
242.94	48683.85
243.01	48679.41
243.08	48666.84
243.15	48657.47
243.22	48654.85
243.29	48683.18
243.36	48704.63
243.43	48724.73
243.50	48753.93
243.57	48775.32
243.64	48775.07
243.71	48787.75
243.78	48800.27
243.85	48793.32
243.92	48777.82
243.99	48766.14
244.07	48741.32
244.14	48705.26
244.21	48694.25
244.28	48705.50
244.35	48724.99
244.42	48750.32
244.49	48787.36
244.56	48812.56
244.63	48821.51
244.70	48814.38
244.77	48815.18
244.84	48810.21
244.91	48797.51
244.98	48788.19
245.05	48802.44
245.12	48819.18
245.19	48841.49
245.26	48875.56
245.33	48912.78
245.40	48943.63
245.47	48962.34
245.55	48982.05
245.62	48992.56
245.69	49003.63
245.76	49021.47
245.83	49045.70
245.90	49056.50
245.97	49064.62
246.04	49080.72
246.11	49080.53
246.18	49068.35
246.25	49063.05
246.32	49061.45
246.39	49050.00
246.46	49050.94
246.53	49064.74
246.60	49083.30
246.67	49111.12
246.74	49146.29
246.81	49181.07
246.88	49206.50
246.95	49223.09
247.02	49236.18
247.09	49242.46
247.16	49234.61
247.23	49219.89
247.30	49195.69
247.37	49163.97
247.44	49149.48
247.51	49138.82
247.58	49143.26
247.66	49173.92
247.73	49236.11
247.80	49285.14
247.87	49339.07
247.94	49400.93
248.01	49462.08
248.08	49497.83
248.15	49528.56
248.22	49556.75
248.29	49580.35
248.36	49596.83
248.43	49627.77
248.50	49659.49
248.57	49690.01
248.64	49709.14
248.71	49734.67
248.78	49757.34
248.85	49774.27
248.92	49794.13
248.99	49817.13
249.06	49816.79
249.13	49792.03
249.20	49779.74
249.27	49760.96
249.34	49740.62
249.41	49752.85
249.48	49770.25
249.55	49779.57
249.62	49795.41
249.69	49814.52
249.76	49839.73
249.83	49877.59
249.90	49919.22
249.97	49959.17
250.04	50012.82
250.11	50060.22
250.18	50097.89
250.25	50138.52
250.32	50161.97
250.39	50187.08
250.46	50203.05
250.53	50223.94
250.60	50240.03
250.67	50274.98
250.74	50298.51
250.81	50291.57
250.88	50282.21
250.95	50280.49
251.02	50266.97
251.09	50250.19
251.16	50273.02
251.23	50311.31
251.30	50353.32
251.37	50390.65
251.44	50431.46
251.51	50476.28
251.58	50498.06
251.65	50512.00
251.72	50537.45
251.79	50555.71
251.86	50537.37
251.93	50513.08
252.00	50474.11
252.07	50427.57
252.14	50398.12
252.21	50392.10
252.28	50410.75
252.35	50452.30
252.42	50517.71
252.49	50566.60
252.56	50609.54
252.63	50651.89
252.70	50669.17
252.77	50672.75
252.84	50678.40
252.91	50672.34
252.98	50652.93
253.05	50643.42
253.12	50642.39
253.19	50653.56
253.25	50685.10
253.32	50713.69
253.39	50753.21
253.46	50776.75
253.53	50793.67
253.60	50773.15
253.67	50769.70
253.74	50781.18
253.81	50807.56
253.88	50825.11
253.95	50864.22
254.02	50894.46
254.09	50899.41
254.16	50896.95
254.23	50885.52
254.30	50872.35
254.37	50872.22
254.44	50883.22
254.51	50898.62
254.58	50916.40
254.65	50934.76
254.72	50933.85
254.79	50906.17
254.86	50884.54
254.93	50860.72
255.00	50860.56
255.07	50865.01
255.14	50886.97
255.21	50878.72
255.28	50863.59
255.34	50834.07
255.41	50827.08
255.48	50828.93
255.55	50845.09
255.62	50886.24
255.69	50929.42
255.76	50961.51
255.83	50990.86
255.90	51019.94
255.97	51046.62
256.04	51045.90
256.11	51049.34
256.18	51038.76
256.25	51021.73
256.32	50991.15
256.39	50973.09
256.46	50932.19
256.53	50901.31
256.60	50873.33
256.67	50857.42
256.74	50846.19
256.80	50849.24
256.87	50840.57
256.94	50823.72
257.01	50807.50
257.08	50806.01
257.15	50798.32
257.22	50802.34
257.29	50807.21
257.36	50806.87
257.43	50797.11
257.50	50794.29
257.57	50772.73
257.64	50775.02
257.71	50765.06
257.78	50757.12
257.85	50735.71
257.92	50741.77
257.98	50735.28
258.05	50735.73
258.12	50724.53
258.19	50706.80
258.26	50664.85
258.33	50609.52
258.40	50561.92
258.47	50523.61
258.54	50514.62
258.61	50530.55
258.68	50552.85
258.75	50578.96
258.82	50598.04
258.89	50586.14
258.95	50550.31
259.02	50521.37
259.09	50473.25
259.16	50414.78
259.23	50365.31
259.30	50323.40
259.37	50292.47
259.44	50275.41
259.51	50270.51
259.58	50273.08
259.65	50275.28
259.72	50263.61
259.79	50230.35
259.85	50194.09
259.92	50162.30
259.99	50149.87
260.06	50138.84
260.13	50127.84
260.20	50123.72
260.27	50099.90
260.34	50046.67
260.41	49990.72
260.48	49955.82
260.55	49918.12
260.62	49875.83
260.68	49843.61
260.75	49820.58
260.82	49805.07
260.89	49790.07
260.96	49782.24
261.03	49780.39
261.10	49770.32
261.17	49754.58
261.24	49724.71
261.31	49697.87
261.38	49655.76
261.44	49606.72
261.51	49553.89
261.58	49514.60
261.65	49473.56
261.72	49433.09
261.79	49393.60
261.86	49344.10
261.93	49304.57
262.00	49277.62
262.07	49247.22
262.13	49226.34
262.20	49207.12
262.27	49177.06
262.34	49144.90
262.41	49114.07
262.48	49068.75
262.55	49032.33
262.62	48986.79
262.69	48924.25
262.76	48871.86
262.82	48826.53
262.89	48777.60
262.96	48730.67
263.03	48698.00
263.10	48665.80
263.17	48622.56
263.24	48572.89
263.31	48543.38
263.38	48506.94
263.44	48476.09
263.51	48446.27
263.58	48422.32
263.65	48381.38
263.72	48342.01
263.79	48281.18
263.86	48224.41
263.93	48168.86
264.00	48128.15
264.06	48091.57
264.13	48066.64
264.20	48052.15
264.27	48027.52
264.34	47990.88
264.41	47944.78
264.48	47902.97
264.55	47857.13
264.61	47823.69
264.68	47788.87
264.75	47760.38
264.82	47702.89
264.89	47635.72
264.96	47568.58
265.03	47499.87
265.10	47437.19
265.16	47404.42
265.23	47391.59
265.30	47379.37
265.37	47353.47
265.44	47326.64
265.51	47303.40
265.58	47261.26
265.65	47212.72
265.71	47171.01
265.78	47131.70
265.85	47065.51
265.92	47009.34
265.99	46951.99
266.06	46903.09
266.13	46835.16
266.20	46795.68
266.26	46771.46
266.33	46738.06
266.40	46690.34
266.47	46642.07
266.54	46566.98
266.61	46481.86
266.68	46410.94
266.74	46348.57
266.81	46301.85
266.88	46268.42
266.95	46221.04
267.02	46181.90
267.09	46139.52
267.16	46088.48
267.22	46047.77
267.29	46020.33
267.36	45992.61
267.43	45967.09
267.50	45938.22
267.57	45895.74
267.64	45846.56
267.70	45796.54
267.77	45745.66
267.84	45700.67
267.91	45658.32
267.98	45608.91
268.05	45544.68
268.11	45480.13
268.18	45426.26
268.25	45360.15
268.32	45308.58
268.39	45263.09
268.46	45231.85
268.53	45202.10
268.59	45192.75
268.66	45175.83
268.73	45154.38
268.80	45126.23
268.87	45078.11
268.94	45035.42
269.00	44998.44
269.07	44957.27
269.14	44911.41
269.21	44878.07
269.28	44831.24
269.35	44780.65
269.41	44740.80
269.48	44697.13
269.55	44637.80
269.62	44575.02
269.69	44514.28
269.76	44443.25
269.82	44381.68
269.89	44341.47
269.96	44322.14
270.03	44300.54
270.10	44284.82
270.17	44257.62
270.23	44226.82
270.30	44187.81
270.37	44154.04
270.44	44122.82
270.51	44095.72
270.58	44066.84
270.64	44034.16
270.71	43991.08
270.78	43954.01
270.85	43913.55
270.92	43860.69
270.99	43811.89
271.05	43769.86
271.12	43719.71
271.19	43669.07
271.26	43625.45
271.33	43577.52
271.39	43536.16
271.46	43484.56
271.53	43445.26
271.60	43415.61
271.67	43401.27
271.74	43369.43
271.80	43357.22
271.87	43353.30
271.94	43321.30
272.01	43270.06
272.08	43236.09
272.14	43187.47
272.21	43143.11
272.28	43128.25
272.35	43111.50
272.42	43082.90
272.48	43070.19
272.55	43047.34
272.62	43027.01
272.69	43015.94
272.76	43025.86
272.83	43010.87
272.89	42991.26
272.96	42958.06
273.03	42915.97
273.10	42856.97
273.17	42817.85
273.23	42770.27
273.30	42723.44
273.37	42684.73
273.44	42660.26
273.51	42637.61
273.57	42624.75
273.64	42615.19
273.71	42610.62
273.78	42591.01
273.85	42572.66
273.91	42549.09
273.98	42527.28
274.05	42499.26
274.12	42481.72
274.19	42459.29
274.25	42432.02
274.32	42402.56
274.39	42362.67
274.46	42307.23
274.53	42245.53
274.59	42185.29
274.66	42132.06
274.73	42090.34
274.80	42052.85
274.86	42018.17
274.93	42001.69
275.00	41983.37
275.07	41958.67
275.14	41928.68
275.20	41896.89
275.27	41855.74
275.34	41806.99
275.41	41766.40
275.48	41754.21
275.54	41745.98
275.61	41733.87
275.68	41720.46
275.75	41702.45
275.81	41657.97
275.88	41616.44
275.95	41579.44
276.02	41541.17
276.09	41506.74
276.15	41474.97
276.22	41450.71
276.29	41425.22
276.36	41393.86
276.42	41362.79
276.49	41332.62
276.56	41277.68
276.63	41220.49
276.70	41170.32
276.76	41138.65
276.83	41119.00
276.90	41117.56
276.97	41120.69
277.03	41131.67
277.10	41124.47
277.17	41112.82
277.24	41097.91
277.30	41082.19
277.37	41055.31
277.44	41024.22
277.51	40986.43
277.58	40947.15
277.64	40905.49
277.71	40871.07
277.78	40838.40
277.85	40797.38
277.91	40755.59
277.98	40717.52
278.05	40672.95
278.12	40633.53
278.18	40601.73
278.25	40579.85
278.32	40561.77
278.39	40557.72
278.45	40554.96
278.52	40549.27
278.59	40528.03
278.66	40497.38
278.72	40464.92
278.79	40435.38
278.86	40412.40
278.93	40403.87
278.99	40394.86
279.06	40380.13
279.13	40352.92
279.20	40337.78
279.26	40316.85
279.33	40294.40
279.40	40265.57
279.47	40239.40
279.53	40201.59
279.60	40162.42
279.67	40123.31
279.74	40088.82
279.80	40060.69
279.87	40033.62
279.94	40003.09
280.01	39983.19
280.07	39958.39
280.14	39926.57
280.21	39892.47
280.28	39859.10
280.34	39814.62
280.41	39773.03
280.48	39729.25
280.55	39687.04
280.61	39658.77
280.68	39638.81
280.75	39614.01
280.82	39590.03
280.88	39555.17
280.95	39502.03
281.02	39444.03
281.08	39383.37
281.15	39319.33
281.22	39261.35
281.29	39198.79
281.35	39130.09
281.42	39073.29
281.49	39011.89
281.56	38953.76
281.62	38919.34
281.69	38889.52
281.76	38860.63
281.82	38839.80
281.89	38825.73
281.96	38797.57
282.03	38766.28
282.09	38729.32
282.16	38699.57
282.23	38660.00
282.30	38615.65
282.36	38581.12
282.43	38553.81
282.50	38533.20
282.56	38492.03
282.63	38468.43
282.70	38443.22
282.77	38424.61
282.83	38395.84
282.90	38390.98
282.97	38375.03
283.03	38365.35
283.10	38350.62
283.17	38343.78
283.24	38319.70
283.30	38287.35
283.37	38255.60
283.44	38209.12
283.50	38148.98
283.57	38108.69
283.64	38060.02
283.71	37997.38
283.77	37956.35
283.84	37927.84
283.91	37901.94
283.97	37892.37
284.04	37896.55
284.11	37879.80
284.18	37869.16
284.24	37858.04
284.31	37848.49
284.38	37832.74
284.44	37827.24
284.51	37816.87
284.58	37807.31
284.64	37796.15
284.71	37783.63
284.78	37757.79
284.85	37737.22
284.91	37710.62
284.98	37686.22
285.05	37646.66
285.11	37621.00
285.18	37589.43
285.25	37562.62
285.31	37543.45
285.38	37538.48
285.45	37541.05
285.52	37532.80
285.58	37517.15
285.65	37490.29
285.72	37462.31
285.78	37432.64
285.85	37407.33
285.92	37390.67
285.98	37370.62
286.05	37354.69
286.12	37336.81
286.18	37323.41
286.25	37302.77
286.32	37283.68
286.39	37266.73
286.45	37246.07
286.52	37213.41
286.59	37183.64
286.65	37170.21
286.72	37159.12
286.79	37150.04
286.85	37157.40
286.92	37161.94
286.99	37153.87
287.05	37130.59
287.12	37118.37
287.19	37093.86
287.25	37083.78
287.32	37076.44
287.39	37075.88
287.45	37070.91
287.52	37067.86
287.59	37052.36
287.65	37037.66
287.72	37016.32
287.79	36985.69
287.86	36952.30
287.92	36918.96
287.99	36887.13
288.06	36875.34
288.12	36860.74
288.19	36850.61
288.26	36832.96
288.32	36818.66
288.39	36794.89
288.46	36783.45
288.52	36780.29
288.59	36790.14
288.66	36796.55
288.72	36800.53
288.79	36792.87
288.86	36775.90
288.92	36742.03
288.99	36708.90
289.06	36680.89
289.12	36656.00
289.19	36641.73
289.26	36641.70
289.32	36643.35
289.39	36632.69
289.45	36630.03
289.52	36615.22
289.59	36606.04
289.65	36590.59
289.72	36580.37
289.79	36569.10
289.85	36561.25
289.92	36542.76
289.99	36532.16
290.05	36522.37
290.12	36505.50
290.19	36488.31
290.25	36465.94
290.32	36447.18
290.39	36436.11
290.45	36424.24
290.52	36419.02
290.59	36422.38
290.65	36419.57
290.72	36404.79
290.79	36394.78
290.85	36381.67
290.92	36375.71
290.98	36369.15
291.05	36367.87
291.12	36362.26
291.18	36359.96
291.25	36343.69
291.32	36327.34
291.38	36303.54
291.45	36286.02
291.52	36264.20
291.58	36253.40
291.65	36235.54
291.72	36231.92
291.78	36224.18
291.85	36207.26
291.91	36189.27
291.98	36182.85
292.05	36164.14
292.11	36154.09
292.18	36147.74
292.25	36144.00
292.31	36127.22
292.38	36126.75
292.45	36119.44
292.51	36113.27
292.58	36098.71
292.64	36096.85
292.71	36084.06
292.78	36063.10
292.84	36045.01
292.91	36032.63
292.98	36013.23
293.04	35995.23
293.11	35987.25
293.17	35978.68
293.24	35970.81
293.31	35963.94
293.37	35954.77
293.44	35938.56
293.51	35927.65
293.57	35909.11
293.64	35892.44
293.70	35886.20
293.77	35877.93
293.84	35860.27
293.90	35852.06
293.97	35845.97
294.04	35837.03
294.10	35821.87
294.17	35807.64
294.23	35794.93
294.30	35771.17
294.37	35749.51
294.43	35745.89
294.50	35734.39
294.56	35719.55
294.63	35708.59
294.70	35692.11
294.76	35678.27
294.83	35670.18
294.90	35663.09
294.96	35659.28
295.03	35652.11
295.09	35641.93
295.16	35642.97
295.23	35630.59
295.29	35618.55
295.36	35599.12
295.42	35572.45
295.49	35538.59
295.56	35532.67
295.62	35520.55
295.69	35513.76
295.75	35513.95
295.82	35514.07
295.89	35488.45
295.95	35460.37
296.02	35435.07
296.08	35401.48
296.15	35366.63
296.22	35346.90
296.28	35334.47
296.35	35330.04
296.41	35324.22
296.48	35318.02
296.55	35311.70
296.61	35303.12
296.68	35290.33
296.74	35278.24
296.81	35276.53
296.88	35258.44
296.94	35240.97
297.01	35221.79
297.07	35197.95
297.14	35178.72
297.20	35174.04
297.27	35166.22
297.34	35174.88
297.40	35182.07
297.47	35164.48
297.53	35146.52
297.60	35127.86
297.67	35097.96
297.73	35076.72
297.80	35058.91
297.86	35030.15
297.93	35007.96
298.00	34984.79
298.06	34960.39
298.13	34956.63
298.19	34951.35
298.26	34945.56
298.32	34945.55
298.39	34932.39
298.46	34907.36
298.52	34883.26
298.59	34862.04
298.65	34825.88
298.72	34805.87
298.78	34787.05
298.85	34769.58
298.92	34743.45
298.98	34721.79
299.05	34699.44
299.11	34674.75
299.18	34645.70
299.24	34620.00
299.31	34587.88
299.38	34561.22
299.44	34529.98
299.51	34514.60
299.57	34498.19
299.64	34494.92
299.70	34485.19
299.77	34469.01
299.84	34444.97
299.90	34408.28
299.97	34366.20
300.03	34331.93
300.10	34315.56
300.16	34292.34
300.23	34282.25
300.30	34267.02
300.36	34241.70
300.43	34214.46
300.49	34186.27
300.56	34161.28
300.62	34140.40
300.69	34122.09
300.75	34092.48
300.82	34074.00
300.89	34047.66
300.95	34017.37
301.02	33973.14
301.08	33939.47
301.15	33901.62
301.21	33869.70
301.28	33845.85
301.34	33825.89
301.41	33799.52
301.48	33770.74
301.54	33737.15
301.61	33708.56
301.67	33682.69
301.74	33663.42
301.80	33630.97
301.87	33600.21
301.93	33551.70
302.00	33508.04
302.06	33459.17
302.13	33416.63
302.20	33381.47
302.26	33347.36
302.33	33321.51
302.39	33289.17
302.46	33253.52
302.52	33207.21
302.59	33171.92
302.65	33121.72
302.72	33076.59
302.78	33037.55
302.85	33010.26
302.91	32969.20
302.98	32938.29
303.05	32904.24
303.11	32876.43
303.18	32824.78
303.24	32789.82
303.31	32742.09
303.37	32700.27
303.44	32658.96
303.50	32622.71
303.57	32576.58
303.63	32530.75
303.70	32483.58
303.76	32434.21
303.83	32386.02
303.89	32338.46
303.96	32292.33
304.03	32243.97
304.09	32186.71
304.16	32134.87
304.22	32080.10
304.29	32036.17
304.35	31983.35
304.42	31945.99
304.48	31901.49
304.55	31853.83
304.61	31803.82
304.68	31761.35
304.74	31703.30
304.81	31654.89
304.87	31601.11
304.94	31552.41
305.00	31501.97
305.07	31448.42
305.13	31383.47
305.20	31324.60
305.26	31267.31
305.33	31206.87
305.39	31157.82
305.46	31105.01
305.52	31059.55
305.59	31006.06
305.66	30955.37
305.72	30899.00
305.79	30850.44
305.85	30793.88
305.92	30705.59
305.98	30588.28
306.05	30447.70
306.11	30295.70
306.18	30131.35
306.24	29998.26
306.31	29926.80
306.37	29920.26
306.44	29958.98
306.50	30021.01
306.57	30075.56
306.63	30104.06
306.70	30080.70
306.76	30021.63
306.83	29959.91
306.89	29892.08
306.96	29815.92
307.02	29751.59
307.09	29703.39
307.15	29646.82
307.22	29599.43
307.28	29549.18
307.35	29491.30
307.41	29420.88
307.48	29345.32
307.54	29272.34
307.61	29201.92
307.67	29135.95
307.74	29071.58
307.80	29017.89
307.87	28963.57
307.93	28906.10
308.00	28845.26
308.06	28792.11
308.13	28728.82
308.19	28664.07
308.26	28604.34
308.32	28552.46
308.38	28493.82
308.45	28428.30
308.51	28376.34
308.58	28318.01
308.64	28251.19
308.71	28193.98
308.77	28141.80
308.84	28070.72
308.90	28014.11
308.97	27957.77
309.03	27894.90
309.10	27837.06
309.16	27779.40
309.23	27704.14
309.29	27636.16
309.36	27548.99
309.42	27470.78
309.49	27402.39
309.55	27342.51
309.62	27276.15
309.68	27230.90
309.75	27168.10
309.81	27094.36
309.88	27030.42
309.94	26965.05
310.00	26899.23
310.07	26831.93
310.13	26780.47
310.20	26715.54
310.26	26658.09
310.33	26591.27
310.39	26538.56
310.46	26472.52
310.52	26412.43
310.59	26349.21
310.65	26290.22
310.72	26223.94
310.78	26160.46
310.85	26095.80
310.91	26038.04
310.97	25982.56
311.04	25922.30
311.10	25863.11
311.17	25807.92
311.23	25742.62
311.30	25676.92
311.36	25624.26
311.43	25576.92
311.49	25520.18
311.56	25467.74
311.62	25414.74
311.69	25358.94
311.75	25306.28
311.81	25249.46
311.88	25177.40
311.94	25118.96
312.01	25064.64
312.07	24995.24
312.14	24943.80
312.20	24906.61
312.27	24863.66
312.33	24797.36
312.40	24737.76
312.46	24667.97
312.52	24602.25
312.59	24526.27
312.65	24467.35
312.72	24399.48
312.78	24337.05
312.85	24277.43
312.91	24215.36
312.98	24156.67
313.04	24109.69
313.10	24061.71
313.17	24007.37
313.23	23959.16
313.30	23907.16
313.36	23847.44
313.43	23784.85
313.49	23725.61
313.56	23661.96
313.62	23599.45
313.68	23541.44
313.75	23489.00
313.81	23438.81
313.88	23386.51
313.94	23336.11
314.01	23291.92
314.07	23238.58
314.13	23182.76
314.20	23132.48
314.26	23084.05
314.33	23022.12
314.39	22967.23
314.46	22906.22
314.52	22859.55
314.58	22802.90
314.65	22751.94
314.71	22695.81
314.78	22651.33
314.84	22588.62
314.91	22532.35
314.97	22480.74
315.03	22430.02
315.10	22373.12
315.16	22318.24
315.23	22268.74
315.29	22219.69
315.36	22170.82
315.42	22123.79
315.48	22076.22
315.55	22025.19
315.61	21962.23
315.68	21909.63
315.74	21851.97
315.81	21794.44
315.87	21732.93
315.93	21690.28
316.00	21656.02
316.06	21620.94
316.13	21592.30
316.19	21546.57
316.25	21456.65
316.32	21318.23
316.38	21147.63
316.45	20931.47
316.51	20704.82
316.58	20473.14
316.64	20233.58
316.70	19997.92
316.77	19756.17
316.83	19505.12
316.90	19257.78
316.96	19012.67
317.02	18765.66
317.09	18526.70
317.15	18292.01
317.22	18050.71
317.28	17806.34
317.34	17557.69
317.41	17315.27
317.47	17071.06
317.54	16825.61
317.60	16581.64
317.66	16336.80
317.73	16089.95
317.79	15843.90
317.86	15603.81
317.92	15360.44
317.98	15111.07
318.05	14856.08
318.11	14604.00
318.18	14354.01
318.24	14099.25
318.30	13847.95
318.37	13601.77
318.43	13345.21
318.50	13080.46
318.56	12815.74
318.62	12556.76
318.69	12286.36
318.75	12024.47
318.82	11750.74
318.88	11483.92
318.94	11209.41
319.01	10938.77
319.07	10664.91
319.13	10395.43
319.20	10122.52
319.26	9842.84
319.33	9558.75
319.39	9266.22
319.45	8987.10
319.52	8703.99
319.58	8422.91
319.65	8143.39
319.71	7862.62
319.77	7576.50
319.84	7300.04
319.90	7026.99
319.96	6752.61
320.03	6487.11
320.09	6228.28
320.16	5959.87
320.22	5704.63
320.28	5459.31
320.35	5218.45
320.41	4982.08
320.47	4759.24
320.54	4536.87
320.60	4324.40
320.67	4121.36
320.73	3924.57
320.79	3733.51
320.86	3556.36
320.92	3380.94
320.98	3216.77
321.05	3059.22
321.11	2908.97
321.18	2765.35
321.24	2633.40
321.30	2502.42
321.37	2384.74
321.43	2279.43
321.49	2176.22
321.56	2079.11
321.62	1993.29
321.68	1904.96
321.75	1823.46
321.81	1748.55
321.88	1677.21
321.94	1612.10
322.00	1552.23
322.07	1488.22
322.13	1428.46
322.19	1367.40
322.26	1305.12
322.32	1250.95
322.38	1202.48
322.45	1159.17
322.51	1117.65
322.58	1080.93
322.64	1034.53
322.70	992.35
322.77	943.41
322.83	906.65
322.89	861.17
322.96	821.53
323.02	780.84
323.08	742.53
323.15	701.11
323.21	665.98
323.27	631.57
323.34	598.23
323.40	565.16
323.46	531.76
323.53	493.55
323.59	414.87
323.65	310.82
323.72	194.77
323.78	84.24
323.85	-15.47
323.91	-66.32
323.97	-85.67
324.04	-85.86
