180.21	3429.83
180.28	-125.36
180.36	634.36
180.44	-43.65
180.51	-9.24
180.59	18.52
180.66	50.20
180.74	50.82
180.81	52.39
180.89	56.59
180.97	59.08
181.04	59.63
181.12	60.84
181.19	64.13
181.27	67.54
181.34	87.73
181.42	96.01
181.50	103.62
181.57	114.97
181.65	119.87
181.72	113.63
181.80	110.09
181.87	116.01
181.95	123.74
182.03	133.21
182.10	148.27
182.18	165.43
182.25	187.65
182.33	207.90
182.40	233.59
182.48	248.81
182.55	279.13
182.63	298.60
182.71	316.20
182.78	333.22
182.86	342.55
182.93	327.06
183.01	310.62
183.08	289.76
183.16	277.85
183.23	274.63
183.31	301.67
183.39	333.83
183.46	384.11
183.54	428.41
183.61	485.34
183.69	540.48
183.76	606.08
183.84	661.93
183.91	722.15
183.99	783.51
184.06	832.01
184.14	888.04
184.22	927.39
184.29	933.65
184.37	929.95
184.44	898.85
184.52	805.10
184.59	704.56
184.67	633.26
184.74	570.01
184.82	559.35
184.89	613.08
184.97	708.77
185.04	812.58
185.12	920.07
185.20	1022.58
185.27	1128.40
185.35	1218.42
185.42	1286.91
185.50	1363.73
185.57	1417.20
185.65	1471.21
185.72	1543.96
185.80	1621.86
185.87	1690.14
185.95	1779.12
186.02	1835.41
186.10	1835.13
186.17	1792.14
186.25	1658.87
186.33	1460.38
186.40	1292.71
186.48	1193.42
186.55	1176.46
186.63	1258.92
186.70	1430.75
186.78	1593.86
186.85	1740.11
186.93	1861.47
187.00	1998.02
187.08	2107.29
187.15	2240.96
187.23	2376.96
187.30	2496.22
187.38	2617.56
187.45	2754.99
187.53	2852.86
187.60	2942.10
187.68	3062.51
187.75	3141.33
187.83	3181.11
187.90	3218.67
187.98	3212.47
188.05	3091.97
188.13	2858.20
188.21	2597.20
188.28	2377.21
188.36	2212.86
188.43	2184.22
188.51	2319.95
188.58	2533.18
188.66	2730.36
188.73	2931.00
188.81	3113.86
188.88	3278.90
188.96	3418.16
189.03	3566.59
189.11	3709.32
189.18	3823.08
189.26	3930.97
189.33	4053.90
189.41	4146.94
189.48	4231.24
189.56	4337.39
189.63	4413.23
189.71	4461.48
189.78	4518.51
189.86	4538.88
189.93	4507.29
190.01	4433.54
190.08	4272.38
190.16	3987.32
190.23	3689.55
190.31	3481.04
190.38	3368.85
190.46	3392.21
190.53	3563.88
190.61	3807.81
190.68	4017.07
190.76	4219.76
190.83	4387.91
190.91	4553.85
190.98	4689.36
191.06	4836.36
191.13	4960.85
191.21	5073.74
191.28	5179.27
191.35	5290.09
191.43	5366.71
191.50	5441.55
191.58	5525.81
191.65	5580.30
191.73	5619.41
191.80	5664.43
191.88	5677.08
191.95	5671.27
192.03	5672.46
192.10	5660.41
192.18	5620.94
192.25	5533.91
192.33	5363.30
192.40	5159.57
192.48	4996.35
192.55	4898.61
192.63	4899.01
192.70	5026.15
192.78	5219.30
192.85	5416.27
192.93	5592.98
193.00	5742.64
193.08	5884.96
193.15	6005.23
193.22	6108.21
193.30	6195.76
193.37	6288.47
193.45	6348.47
193.52	6409.84
193.60	6465.47
193.67	6516.02
193.75	6552.00
193.82	6585.99
193.90	6607.09
193.97	6631.18
194.05	6655.74
194.12	6679.54
194.20	6721.56
194.27	6765.48
194.34	6793.12
194.42	6806.80
194.49	6819.80
194.57	6799.58
194.64	6733.09
194.72	6656.56
194.79	6596.45
194.87	6554.26
194.94	6554.23
195.02	6608.53
195.09	6690.58
195.17	6783.89
195.24	6878.44
195.31	6958.24
195.39	7039.27
195.46	7110.29
195.54	7176.96
195.61	7231.59
195.69	7273.90
195.76	7304.98
195.84	7345.61
195.91	7362.90
195.99	7373.14
196.06	7392.81
196.13	7414.06
196.21	7425.62
196.28	7449.74
196.36	7476.71
196.43	7498.97
196.51	7523.01
196.58	7545.08
196.66	7566.06
196.73	7590.73
196.80	7616.93
196.88	7640.61
196.95	7670.05
197.03	7690.03
197.10	7690.55
197.18	7685.07
197.25	7680.50
197.33	7686.45
197.40	7708.44
197.47	7736.22
197.55	7781.79
197.62	7825.26
197.70	7853.68
197.77	7878.98
197.85	7913.37
197.92	7931.67
197.99	7950.46
198.07	7973.01
198.14	7987.39
198.22	8006.73
198.29	8026.88
198.37	8049.16
198.44	8078.47
198.51	8106.97
198.59	8130.14
198.66	8167.18
198.74	8203.25
198.81	8235.64
198.89	8264.49
198.96	8296.57
199.03	8320.32
199.11	8348.82
199.18	8368.40
199.26	8392.57
199.33	8417.08
199.41	8438.26
199.48	8445.52
199.55	8454.62
199.63	8458.36
199.70	8468.97
199.78	8477.86
199.85	8502.94
199.93	8533.15
200.00	8575.50
200.07	8609.63
200.15	8655.36
200.22	8695.73
200.30	8729.29
200.37	8771.97
200.44	8811.27
200.52	8846.87
200.59	8882.59
200.67	8914.65
200.74	8932.13
200.81	8952.76
200.89	8970.49
200.96	8995.46
201.04	9020.26
201.11	9046.59
201.19	9072.47
201.26	9094.53
201.33	9107.92
201.41	9130.38
201.48	9163.66
201.56	9203.26
201.63	9254.62
201.70	9301.89
201.78	9350.92
201.85	9397.92
201.93	9439.72
202.00	9475.37
202.07	9519.04
202.15	9554.81
202.22	9586.60
202.30	9621.87
202.37	9649.53
202.44	9680.00
202.52	9721.71
202.59	9759.60
202.67	9789.05
202.74	9829.40
202.81	9862.76
202.89	9888.60
202.96	9924.61
203.04	9970.02
203.11	10011.34
203.18	10066.66
203.26	10127.81
203.33	10180.53
203.41	10226.44
203.48	10280.51
203.55	10318.35
203.63	10357.76
203.70	10404.82
203.77	10451.88
203.85	10491.77
203.92	10535.76
204.00	10591.97
204.07	10641.56
204.14	10695.81
204.22	10745.32
204.29	10800.40
204.37	10838.93
204.44	10877.73
204.51	10924.98
204.59	10979.30
204.66	11027.28
204.73	11086.61
204.81	11145.89
204.88	11206.27
204.96	11271.06
205.03	11334.40
205.10	11389.17
205.18	11447.02
205.25	11500.47
205.32	11555.16
205.40	11615.70
205.47	11678.05
205.55	11742.89
205.62	11809.92
205.69	11874.84
205.77	11938.32
205.84	11998.44
205.91	12059.32
205.99	12121.15
206.06	12177.02
206.14	12232.91
206.21	12297.94
206.28	12361.41
206.36	12426.93
206.43	12488.21
206.50	12559.47
206.58	12623.64
206.65	12692.21
206.72	12760.82
206.80	12842.33
206.87	12922.41
206.95	13012.56
207.02	13105.51
207.09	13199.01
207.17	13288.61
207.24	13378.39
207.31	13460.30
207.39	13535.35
207.46	13609.11
207.53	13673.43
207.61	13742.77
207.68	13813.62
207.75	13894.72
207.83	13972.61
207.90	14062.37
207.98	14140.49
208.05	14227.51
208.12	14306.43
208.20	14395.66
208.27	14480.81
208.34	14577.47
208.42	14663.84
208.49	14750.16
208.56	14826.09
208.64	14913.95
208.71	14995.35
208.78	15079.71
208.86	15180.37
208.93	15280.32
209.00	15376.65
209.08	15472.24
209.15	15572.65
209.22	15666.39
209.30	15766.03
209.37	15863.87
209.44	15967.96
209.52	16076.75
209.59	16171.07
209.67	16268.35
209.74	16368.78
209.81	16480.19
209.89	16578.00
209.96	16685.16
210.03	16793.40
210.11	16900.92
210.18	16995.24
210.25	17106.34
210.33	17222.56
210.40	17326.40
210.47	17433.83
210.55	17545.53
210.62	17640.79
210.69	17730.16
210.77	17835.81
210.84	17932.11
210.91	18047.00
210.99	18165.61
211.06	18287.03
211.13	18409.81
211.21	18537.63
211.28	18641.88
211.35	18756.63
211.42	18875.98
211.50	18988.23
211.57	19094.38
211.64	19213.90
211.72	19330.32
211.79	19443.62
211.86	19559.89
211.94	19695.79
212.01	19820.55
212.08	19944.58
212.16	20063.12
212.23	20188.98
212.30	20303.46
212.38	20418.89
212.45	20543.86
212.52	20674.32
212.60	20796.56
212.67	20927.05
212.74	21056.77
212.82	21176.52
212.89	21297.84
212.96	21421.01
213.03	21548.31
213.11	21686.16
213.18	21825.24
213.25	21974.13
213.33	22123.03
213.40	22261.62
213.47	22393.70
213.55	22518.75
213.62	22627.16
213.69	22743.20
213.77	22863.64
213.84	22982.35
213.91	23125.17
213.98	23269.42
214.06	23402.58
214.13	23550.70
214.20	23706.65
214.28	23853.29
214.35	23997.48
214.42	24148.68
214.50	24285.94
214.57	24417.81
214.64	24534.57
214.72	24654.46
214.79	24775.35
214.86	24895.86
214.93	25019.80
215.01	25169.66
215.08	25314.61
215.15	25450.47
215.23	25580.75
215.30	25718.08
215.37	25840.40
215.44	25988.18
215.52	26151.02
215.59	26315.01
215.66	26472.36
215.74	26623.38
215.81	26765.13
215.88	26902.54
215.95	27031.06
216.03	27158.16
216.10	27295.70
216.17	27438.78
216.25	27576.55
216.32	27732.78
216.39	27889.32
216.46	28041.42
216.54	28171.62
216.61	28309.21
216.68	28440.68
216.76	28577.57
216.83	28724.70
216.90	28890.11
216.97	29054.69
217.05	29221.67
217.12	29367.08
217.19	29488.00
217.27	29574.88
217.34	29662.46
217.41	29751.33
217.48	29863.71
217.56	29991.29
217.63	30153.55
217.70	30319.07
217.78	30481.88
217.85	30638.51
217.92	30799.29
217.99	30962.99
218.07	31104.82
218.14	31241.12
218.21	31389.07
218.28	31533.81
218.36	31674.75
218.43	31825.92
218.50	31984.92
218.57	32114.90
218.65	32240.86
218.72	32363.78
218.79	32491.45
218.87	32622.26
218.94	32769.60
219.01	32914.51
219.08	33051.09
219.16	33181.32
219.23	33300.97
219.30	33408.06
219.37	33521.36
219.45	33647.61
219.52	33786.43
219.59	33917.21
219.66	34053.17
219.74	34195.46
219.81	34348.06
219.88	34484.91
219.95	34622.61
220.03	34769.93
220.10	34899.86
220.17	35015.03
220.24	35141.20
220.32	35272.91
220.39	35400.61
220.46	35527.72
220.53	35658.72
220.61	35776.79
220.68	35901.33
220.75	36030.83
220.82	36165.98
220.90	36273.33
220.97	36370.72
221.04	36456.06
221.11	36542.54
221.19	36641.14
221.26	36753.89
221.33	36883.20
221.40	37019.96
221.48	37152.39
221.55	37279.16
221.62	37409.29
221.69	37546.85
221.77	37673.92
221.84	37796.91
221.91	37918.24
221.98	38038.37
222.06	38151.59
222.13	38278.30
222.20	38391.62
222.27	38496.64
222.35	38601.74
222.42	38701.20
222.49	38788.50
222.56	38880.23
222.63	38973.28
222.71	39075.83
222.78	39189.16
222.85	39309.24
222.92	39424.70
223.00	39526.54
223.07	39617.73
223.14	39688.04
223.21	39770.10
223.29	39870.34
223.36	39998.16
223.43	40123.11
223.50	40261.31
223.57	40389.26
223.65	40518.00
223.72	40624.32
223.79	40726.84
223.86	40825.92
223.94	40929.04
224.01	41008.34
224.08	41077.02
224.15	41145.30
224.22	41213.42
224.30	41260.32
224.37	41329.14
224.44	41417.85
224.51	41518.39
224.59	41612.45
224.66	41732.74
224.73	41844.03
224.80	41950.93
224.87	42052.37
224.95	42155.65
225.02	42247.88
225.09	42336.33
225.16	42417.85
225.23	42500.97
225.31	42590.75
225.38	42676.23
225.45	42769.40
225.52	42869.21
225.60	42952.30
225.67	43012.45
225.74	43057.21
225.81	43092.09
225.88	43138.63
225.96	43223.74
226.03	43336.22
226.10	43467.68
226.17	43599.98
226.24	43721.64
226.32	43808.48
226.39	43883.13
226.46	43943.00
226.53	43999.84
226.60	44056.01
226.68	44112.69
226.75	44177.03
226.82	44248.25
226.89	44324.40
226.96	44388.73
227.04	44436.53
227.11	44479.12
227.18	44525.48
227.25	44557.45
227.32	44606.45
227.40	44681.81
227.47	44750.36
227.54	44816.77
227.61	44888.83
227.68	44964.78
227.76	45038.88
227.83	45116.55
227.90	45191.33
227.97	45253.95
228.04	45314.41
228.11	45359.20
228.19	45403.51
228.26	45456.73
228.33	45533.90
228.40	45595.69
228.47	45660.93
228.55	45737.40
228.62	45802.31
228.69	45858.39
228.76	45915.63
228.83	45976.85
228.90	46027.81
228.98	46091.71
229.05	46158.14
229.12	46232.20
229.19	46301.22
229.26	46367.61
229.34	46409.08
229.41	46455.30
229.48	46497.88
229.55	46544.46
229.62	46598.18
229.69	46656.20
229.77	46698.93
229.84	46735.14
229.91	46773.13
229.98	46790.47
230.05	46820.92
230.12	46863.81
230.20	46925.57
230.27	46986.06
230.34	47063.73
230.41	47140.79
230.48	47207.14
230.55	47258.12
230.63	47306.24
230.70	47351.42
230.77	47375.74
230.84	47401.14
230.91	47426.32
230.98	47462.33
231.06	47500.27
231.13	47560.57
231.20	47637.26
231.27	47704.21
231.34	47755.85
231.41	47808.81
231.49	47851.22
231.56	47891.20
231.63	47948.37
231.70	48004.50
231.77	48036.63
231.84	48063.92
231.92	48074.35
231.99	48081.79
232.06	48099.48
232.13	48135.76
232.20	48185.11
232.27	48235.11
232.34	48283.68
232.42	48308.50
232.49	48333.29
232.56	48374.75
232.63	48431.19
232.70	48480.26
232.77	48542.18
232.85	48601.95
232.92	48638.01
232.99	48657.94
233.06	48684.76
233.13	48710.76
233.20	48725.18
233.27	48736.21
233.35	48748.83
233.42	48749.51
233.49	48757.73
233.56	48781.91
233.63	48807.93
233.70	48829.35
233.77	48862.51
233.85	48893.19
233.92	48929.70
233.99	48955.04
234.06	48993.34
234.13	49033.02
234.20	49079.06
234.27	49103.32
234.35	49137.84
234.42	49147.94
234.49	49147.22
234.56	49147.78
234.63	49145.72
234.70	49136.11
234.77	49135.72
234.84	49122.96
234.92	49100.21
234.99	49095.79
235.06	49109.31
235.13	49128.91
235.20	49159.71
235.27	49200.14
235.34	49232.17
235.41	49267.57
235.49	49297.72
235.56	49331.13
235.63	49343.44
235.70	49350.01
235.77	49328.93
235.84	49317.31
235.91	49294.91
235.98	49284.05
236.06	49283.90
236.13	49289.04
236.20	49284.48
236.27	49281.66
236.34	49290.11
236.41	49300.21
236.48	49304.48
236.55	49305.44
236.63	49305.86
236.70	49293.46
236.77	49275.96
236.84	49279.81
236.91	49275.50
236.98	49266.92
237.05	49272.82
237.12	49269.75
237.19	49256.33
237.27	49253.26
237.34	49261.56
237.41	49249.81
237.48	49242.14
237.55	49221.93
237.62	49207.12
237.69	49204.83
237.76	49215.23
237.83	49223.34
237.91	49243.17
237.98	49262.83
238.05	49266.37
238.12	49259.06
238.19	49254.02
238.26	49259.94
238.33	49252.89
238.40	49227.30
238.47	49208.90
238.54	49186.50
238.62	49149.33
238.69	49119.09
238.76	49110.97
238.83	49095.41
238.90	49101.85
238.97	49117.85
239.04	49138.51
239.11	49145.97
239.18	49169.91
239.25	49172.33
239.33	49154.29
239.40	49129.07
239.47	49101.71
239.54	49048.54
239.61	48995.64
239.68	48948.15
239.75	48917.73
239.82	48893.62
239.89	48878.97
239.96	48881.48
240.03	48889.75
240.11	48897.65
240.18	48913.62
240.25	48922.36
240.32	48919.97
240.39	48927.84
240.46	48928.29
240.53	48945.09
240.60	48979.09
240.67	49008.28
240.74	49021.73
240.81	49034.34
240.88	49026.50
240.96	49009.64
241.03	48991.98
241.10	48974.48
241.17	48953.94
241.24	48928.26
241.31	48906.99
241.38	48890.23
241.45	48886.06
241.52	48886.94
241.59	48895.22
241.66	48909.08
241.73	48921.43
241.80	48935.99
241.88	48928.32
241.95	48908.80
242.02	48865.70
242.09	48815.11
242.16	48754.92
242.23	48730.33
242.30	48719.99
242.37	48724.35
242.44	48740.14
242.51	48736.20
242.58	48724.26
242.65	48710.15
242.72	48708.42
242.79	48699.07
242.87	48720.37
242.94	48721.57
243.01	48717.30
243.08	48713.00
243.15	48708.47
243.22	48697.46
243.29	48710.93
243.36	48729.29
243.43	48735.25
243.50	48754.42
243.57	48771.57
243.64	48779.85
243.71	48794.92
243.78	48808.86
243.85	48801.14
243.92	48789.49
243.99	48775.58
244.07	48755.52
244.14	48730.85
244.21	48727.77
244.28	48735.89
244.35	48753.38
244.42	48773.16
244.49	48800.95
244.56	48822.77
244.63	48834.73
244.70	48826.71
244.77	48821.63
244.84	48819.51
244.91	48804.73
244.98	48794.03
245.05	48803.92
245.12	48827.58
245.19	48856.53
245.26	48892.95
245.33	48935.09
245.40	48967.94
245.47	48982.85
245.55	48993.57
245.62	49003.68
245.69	49008.73
245.76	49031.44
245.83	49052.67
245.90	49065.66
245.97	49072.20
246.04	49083.11
246.11	49074.92
246.18	49061.86
246.25	49051.44
246.32	49055.27
246.39	49060.31
246.46	49071.94
246.53	49095.61
246.60	49112.06
246.67	49134.44
246.74	49154.06
246.81	49187.01
246.88	49213.09
246.95	49240.53
247.02	49256.24
247.09	49265.91
247.16	49259.32
247.23	49236.68
247.30	49206.53
247.37	49184.39
247.44	49177.51
247.51	49165.88
247.58	49170.91
247.66	49213.29
247.73	49262.44
247.80	49302.80
247.87	49359.25
247.94	49427.83
248.01	49478.53
248.08	49518.71
248.15	49556.38
248.22	49580.15
248.29	49600.12
248.36	49618.27
248.43	49636.45
248.50	49659.30
248.57	49685.34
248.64	49702.83
248.71	49729.77
248.78	49768.10
248.85	49788.25
248.92	49811.21
248.99	49824.13
249.06	49824.34
249.13	49794.19
249.20	49780.54
249.27	49759.62
249.34	49756.02
249.41	49771.86
249.48	49794.30
249.55	49812.84
249.62	49833.06
249.69	49846.68
249.76	49867.01
249.83	49896.66
249.90	49932.11
249.97	49970.03
250.04	50026.18
250.11	50073.19
250.18	50122.73
250.25	50163.51
250.32	50195.04
250.39	50211.75
250.46	50219.11
250.53	50230.56
250.60	50241.78
250.67	50267.93
250.74	50294.87
250.81	50296.48
250.88	50292.68
250.95	50299.52
251.02	50290.28
251.09	50278.24
251.16	50300.62
251.23	50327.47
251.30	50358.78
251.37	50390.50
251.44	50425.47
251.51	50457.74
251.58	50483.07
251.65	50502.09
251.72	50530.60
251.79	50555.05
251.86	50543.52
251.93	50518.22
252.00	50479.01
252.07	50431.82
252.14	50397.05
252.21	50395.69
252.28	50411.33
252.35	50446.72
252.42	50509.81
252.49	50560.61
252.56	50603.42
252.63	50649.99
252.70	50681.43
252.77	50684.46
252.84	50697.49
252.91	50693.14
252.98	50677.60
253.05	50661.64
253.12	50660.84
253.19	50665.91
253.25	50688.31
253.32	50718.88
253.39	50752.77
253.46	50775.77
253.53	50790.18
253.60	50780.02
253.67	50782.39
253.74	50801.49
253.81	50833.74
253.88	50850.78
253.95	50884.39
254.02	50901.81
254.09	50905.57
254.16	50900.78
254.23	50894.27
254.30	50884.03
254.37	50881.73
254.44	50894.63
254.51	50916.41
254.58	50936.42
254.65	50956.94
254.72	50961.17
254.79	50933.22
254.86	50901.78
254.93	50876.63
255.00	50868.03
255.07	50877.71
255.14	50903.60
255.21	50908.03
255.28	50893.93
255.34	50876.67
255.41	50868.08
255.48	50866.31
255.55	50880.36
255.62	50915.47
255.69	50950.58
255.76	50975.17
255.83	51000.32
255.90	51027.30
255.97	51054.14
256.04	51062.70
256.11	51069.14
256.18	51066.36
256.25	51044.24
256.32	51018.51
256.39	50997.54
256.46	50964.27
256.53	50931.95
256.60	50908.02
256.67	50886.05
256.74	50869.65
256.80	50862.72
256.87	50849.99
256.94	50835.93
257.01	50830.26
257.08	50825.81
257.15	50813.55
257.22	50813.19
257.29	50807.49
257.36	50800.88
257.43	50792.22
257.50	50794.06
257.57	50782.11
257.64	50790.04
257.71	50779.62
257.78	50779.36
257.85	50766.20
257.92	50768.26
257.98	50760.74
258.05	50757.73
258.12	50741.56
258.19	50723.02
258.26	50674.01
258.33	50617.35
258.40	50573.09
258.47	50534.14
258.54	50522.18
258.61	50539.35
258.68	50565.08
258.75	50593.21
258.82	50616.42
258.89	50605.27
258.95	50572.49
259.02	50543.68
259.09	50503.79
259.16	50448.56
259.23	50396.90
259.30	50357.64
259.37	50322.45
259.44	50295.99
259.51	50283.11
259.58	50291.42
259.65	50288.61
259.72	50273.59
259.79	50241.55
259.85	50210.85
259.92	50174.35
259.99	50167.21
260.06	50164.39
260.13	50150.30
260.20	50135.58
260.27	50105.82
260.34	50048.98
260.41	49988.91
260.48	49949.04
260.55	49919.36
260.62	49884.81
260.68	49846.00
260.75	49817.01
260.82	49802.61
260.89	49781.53
260.96	49775.74
261.03	49786.66
261.10	49781.21
261.17	49766.43
261.24	49737.92
261.31	49701.96
261.38	49653.12
261.44	49614.35
261.51	49566.66
261.58	49536.61
261.65	49497.17
261.72	49458.67
261.79	49413.02
261.86	49366.31
261.93	49321.37
262.00	49295.46
262.07	49263.38
262.13	49237.36
262.20	49214.15
262.27	49183.75
262.34	49147.72
262.41	49115.56
262.48	49072.81
262.55	49029.62
262.62	48980.80
262.69	48925.11
262.76	48874.96
262.82	48829.25
262.89	48792.71
262.96	48748.17
263.03	48716.94
263.10	48676.19
263.17	48634.05
263.24	48579.74
263.31	48552.77
263.38	48513.66
263.44	48493.46
263.51	48465.46
263.58	48437.85
263.65	48394.59
263.72	48355.58
263.79	48292.27
263.86	48234.03
263.93	48181.36
264.00	48137.24
264.06	48096.42
264.13	48071.62
264.20	48057.71
264.27	48030.92
264.34	47996.71
264.41	47954.62
264.48	47915.36
264.55	47869.26
264.61	47840.71
264.68	47807.91
264.75	47780.32
264.82	47716.61
264.89	47650.88
264.96	47571.92
265.03	47494.19
265.10	47429.85
265.16	47397.68
265.23	47375.58
265.30	47368.65
265.37	47359.06
265.44	47330.14
265.51	47309.46
265.58	47277.80
265.65	47228.97
265.71	47177.07
265.78	47135.96
265.85	47068.20
265.92	46999.08
265.99	46939.10
266.06	46891.47
266.13	46831.61
266.20	46796.51
266.26	46777.15
266.33	46746.11
266.40	46694.88
266.47	46638.59
266.54	46560.95
266.61	46481.45
266.68	46411.77
266.74	46351.17
266.81	46311.60
266.88	46280.42
266.95	46227.00
267.02	46188.49
267.09	46148.08
267.16	46096.59
267.22	46047.59
267.29	46024.52
267.36	45998.47
267.43	45976.01
267.50	45941.38
267.57	45908.57
267.64	45860.22
267.70	45812.04
267.77	45754.86
267.84	45715.44
267.91	45666.67
267.98	45611.66
268.05	45551.27
268.11	45492.80
268.18	45431.71
268.25	45372.32
268.32	45331.28
268.39	45281.29
268.46	45250.78
268.53	45230.08
268.59	45215.28
268.66	45192.06
268.73	45172.00
268.80	45141.79
268.87	45095.66
268.94	45055.14
269.00	45012.60
269.07	44963.31
269.14	44914.86
269.21	44873.00
269.28	44834.01
269.35	44793.73
269.41	44756.71
269.48	44715.90
269.55	44657.79
269.62	44585.08
269.69	44523.67
269.76	44458.63
269.82	44391.89
269.89	44352.96
269.96	44337.04
270.03	44308.24
270.10	44290.80
270.17	44270.33
270.23	44242.32
270.30	44194.64
270.37	44162.93
270.44	44132.94
270.51	44107.43
270.58	44072.70
270.64	44053.44
270.71	44014.32
270.78	43971.29
270.85	43925.65
270.92	43877.46
270.99	43823.91
271.05	43779.91
271.12	43732.46
271.19	43688.82
271.26	43642.71
271.33	43601.81
271.39	43560.31
271.46	43501.11
271.53	43454.14
271.60	43421.68
271.67	43393.83
271.74	43363.43
271.80	43354.69
271.87	43348.07
271.94	43319.60
272.01	43272.71
272.08	43231.91
272.14	43197.19
272.21	43158.00
272.28	43137.10
272.35	43116.05
272.42	43103.78
272.48	43085.48
272.55	43060.92
272.62	43043.45
272.69	43041.23
272.76	43034.20
272.83	43016.48
272.89	42995.45
272.96	42959.05
273.03	42909.73
273.10	42851.10
273.17	42805.07
273.23	42761.61
273.30	42720.72
273.37	42682.72
273.44	42662.19
273.51	42640.39
273.57	42626.55
273.64	42614.00
273.71	42613.70
273.78	42599.03
273.85	42585.61
273.91	42556.32
273.98	42539.61
274.05	42510.09
274.12	42485.19
274.19	42465.53
274.25	42442.77
274.32	42411.71
274.39	42370.12
274.46	42310.43
274.53	42239.27
274.59	42179.15
274.66	42124.38
274.73	42085.10
274.80	42055.81
274.86	42023.87
274.93	42007.66
275.00	41987.39
275.07	41960.00
275.14	41931.33
275.20	41895.94
275.27	41855.94
275.34	41812.92
275.41	41784.31
275.48	41770.39
275.54	41767.53
275.61	41745.63
275.68	41728.46
275.75	41697.04
275.81	41652.18
275.88	41617.63
275.95	41587.27
276.02	41548.04
276.09	41509.54
276.15	41474.57
276.22	41445.56
276.29	41421.12
276.36	41394.81
276.42	41374.28
276.49	41348.97
276.56	41293.29
276.63	41231.39
276.70	41184.01
276.76	41151.54
276.83	41135.43
276.90	41135.87
276.97	41136.53
277.03	41140.48
277.10	41128.10
277.17	41115.27
277.24	41096.92
277.30	41086.37
277.37	41057.29
277.44	41031.07
277.51	40993.38
277.58	40953.96
277.64	40912.44
277.71	40884.08
277.78	40848.67
277.85	40802.74
277.91	40759.54
277.98	40715.37
278.05	40667.06
278.12	40628.44
278.18	40599.84
278.25	40582.11
278.32	40569.70
278.39	40566.66
278.45	40568.38
278.52	40568.42
278.59	40548.30
278.66	40520.16
278.72	40488.01
278.79	40451.36
278.86	40416.27
278.93	40408.74
278.99	40400.79
279.06	40384.31
279.13	40365.38
279.20	40353.49
279.26	40329.25
279.33	40309.44
279.40	40287.32
279.47	40249.04
279.53	40210.72
279.60	40172.44
279.67	40136.93
279.74	40099.47
279.80	40076.42
279.87	40048.18
279.94	40013.16
280.01	39984.58
280.07	39952.45
280.14	39921.09
280.21	39886.71
280.28	39852.83
280.34	39806.97
280.41	39771.10
280.48	39721.23
280.55	39684.98
280.61	39660.21
280.68	39643.71
280.75	39618.67
280.82	39594.79
280.88	39553.62
280.95	39497.53
281.02	39440.30
281.08	39380.58
281.15	39319.07
281.22	39261.34
281.29	39201.30
281.35	39128.32
281.42	39073.37
281.49	39018.20
281.56	38961.35
281.62	38922.18
281.69	38893.84
281.76	38860.06
281.82	38840.46
281.89	38826.07
281.96	38799.21
282.03	38771.68
282.09	38737.90
282.16	38703.96
282.23	38662.22
282.30	38624.88
282.36	38588.83
282.43	38559.84
282.50	38534.13
282.56	38504.97
282.63	38479.22
282.70	38453.26
282.77	38436.78
282.83	38412.47
282.90	38398.04
282.97	38385.36
283.03	38375.45
283.10	38360.19
283.17	38347.23
283.24	38326.03
283.30	38290.50
283.37	38251.65
283.44	38202.54
283.50	38148.34
283.57	38105.91
283.64	38058.61
283.71	38006.41
283.77	37962.20
283.84	37935.86
283.91	37908.08
283.97	37896.02
284.04	37894.13
284.11	37885.35
284.18	37869.51
284.24	37852.70
284.31	37844.12
284.38	37832.67
284.44	37824.03
284.51	37819.43
284.58	37819.75
284.64	37808.81
284.71	37789.98
284.78	37768.17
284.85	37741.55
284.91	37713.24
284.98	37684.96
285.05	37646.86
285.11	37618.85
285.18	37594.25
285.25	37571.60
285.31	37556.11
285.38	37551.91
285.45	37549.15
285.52	37533.86
285.58	37508.01
285.65	37478.30
285.72	37446.74
285.78	37418.99
285.85	37407.24
285.92	37395.69
285.98	37379.44
286.05	37372.39
286.12	37354.49
286.18	37331.77
286.25	37310.97
286.32	37284.14
286.39	37259.74
286.45	37237.21
286.52	37206.75
286.59	37176.97
286.65	37162.86
286.72	37153.70
286.79	37149.12
286.85	37151.80
286.92	37160.00
286.99	37157.29
287.05	37135.58
287.12	37122.91
287.19	37107.09
287.25	37096.60
287.32	37090.83
287.39	37092.60
287.45	37079.71
287.52	37071.38
287.59	37054.76
287.65	37040.92
287.72	37018.58
287.79	36993.69
287.86	36956.10
287.92	36924.06
287.99	36894.38
288.06	36885.52
288.12	36865.01
288.19	36858.77
288.26	36838.10
288.32	36813.55
288.39	36784.08
288.46	36772.40
288.52	36760.99
288.59	36768.82
288.66	36781.26
288.72	36786.69
288.79	36788.82
288.86	36774.55
288.92	36750.43
288.99	36713.75
289.06	36685.87
289.12	36656.46
289.19	36644.82
289.26	36633.76
289.32	36631.87
289.39	36621.63
289.45	36618.32
289.52	36604.41
289.59	36599.21
289.65	36595.03
289.72	36580.88
289.79	36574.22
289.85	36572.21
289.92	36561.53
289.99	36549.67
290.05	36542.21
290.12	36516.29
290.19	36495.41
290.25	36463.22
290.32	36433.84
290.39	36424.98
290.45	36422.92
290.52	36415.82
290.59	36422.97
290.65	36419.29
290.72	36396.96
290.79	36377.66
290.85	36370.64
290.92	36362.61
290.98	36358.66
291.05	36364.96
291.12	36363.88
291.18	36354.33
291.25	36341.19
291.32	36329.02
291.38	36299.96
291.45	36281.81
291.52	36257.70
291.58	36237.87
291.65	36221.57
291.72	36222.40
291.78	36217.55
291.85	36205.85
291.91	36194.35
291.98	36191.64
292.05	36177.91
292.11	36164.88
292.18	36163.48
292.25	36152.06
292.31	36130.42
292.38	36121.52
292.45	36107.48
292.51	36096.89
292.58	36090.36
292.64	36088.35
292.71	36075.38
292.78	36065.34
292.84	36042.66
292.91	36027.28
292.98	36009.78
293.04	35994.96
293.11	35980.77
293.17	35974.44
293.24	35969.35
293.31	35955.77
293.37	35946.61
293.44	35935.49
293.51	35924.00
293.57	35902.51
293.64	35888.15
293.70	35874.52
293.77	35859.30
293.84	35846.76
293.90	35835.60
293.97	35836.88
294.04	35829.73
294.10	35819.03
294.17	35802.69
294.23	35797.25
294.30	35775.76
294.37	35759.37
294.43	35757.36
294.50	35745.95
294.56	35731.09
294.63	35713.97
294.70	35701.95
294.76	35685.49
294.83	35675.25
294.90	35668.65
294.96	35661.64
295.03	35645.45
295.09	35639.90
295.16	35643.05
295.23	35631.41
295.29	35622.47
295.36	35609.42
295.42	35579.40
295.49	35550.33
295.56	35534.95
295.62	35528.89
295.69	35513.13
295.75	35504.34
295.82	35502.17
295.89	35480.82
295.95	35445.41
296.02	35428.28
296.08	35406.18
296.15	35364.67
296.22	35342.63
296.28	35325.41
296.35	35318.76
296.41	35308.43
296.48	35306.00
296.55	35302.11
296.61	35295.43
296.68	35280.69
296.74	35273.52
296.81	35266.57
296.88	35257.54
296.94	35242.62
297.01	35227.45
297.07	35203.63
297.14	35188.60
297.20	35170.17
297.27	35164.74
297.34	35167.09
297.40	35170.49
297.47	35156.47
297.53	35143.21
297.60	35126.88
297.67	35093.76
297.73	35065.70
297.80	35043.05
297.86	35013.64
297.93	34987.73
298.00	34972.36
298.06	34957.07
298.13	34955.95
298.19	34950.14
298.26	34942.98
298.32	34939.34
298.39	34927.97
298.46	34900.47
298.52	34879.87
298.59	34857.76
298.65	34826.21
298.72	34806.50
298.78	34785.43
298.85	34767.78
298.92	34745.25
298.98	34722.35
299.05	34695.16
299.11	34672.10
299.18	34639.98
299.24	34613.83
299.31	34581.60
299.38	34551.34
299.44	34517.27
299.51	34505.04
299.57	34491.22
299.64	34486.14
299.70	34478.76
299.77	34472.36
299.84	34444.17
299.90	34406.82
299.97	34364.21
300.03	34326.45
300.10	34302.11
300.16	34287.26
300.23	34271.18
300.30	34263.82
300.36	34245.30
300.43	34224.55
300.49	34189.02
300.56	34168.06
300.62	34139.46
300.69	34113.31
300.75	34081.23
300.82	34060.06
300.89	34031.89
300.95	34006.63
301.02	33971.18
301.08	33941.72
301.15	33910.20
301.21	33882.03
301.28	33850.70
301.34	33826.56
301.41	33793.75
301.48	33766.61
301.54	33735.18
301.61	33710.12
301.67	33690.13
301.74	33672.89
301.80	33636.51
301.87	33596.75
301.93	33552.82
302.00	33502.28
302.06	33445.40
302.13	33402.24
302.20	33373.78
302.26	33337.96
302.33	33313.49
302.39	33282.36
302.46	33253.64
302.52	33206.41
302.59	33168.67
302.65	33117.31
302.72	33078.94
302.78	33037.66
302.85	33008.46
302.91	32969.34
302.98	32942.20
303.05	32903.25
303.11	32865.86
303.18	32817.94
303.24	32780.57
303.31	32733.76
303.37	32696.52
303.44	32655.83
303.50	32616.37
303.57	32570.95
303.63	32523.60
303.70	32476.59
303.76	32428.81
303.83	32389.07
303.89	32342.11
303.96	32300.19
304.03	32247.55
304.09	32197.63
304.16	32139.55
304.22	32086.78
304.29	32036.90
304.35	31991.83
304.42	31951.34
304.48	31905.71
304.55	31857.67
304.61	31804.92
304.68	31753.20
304.74	31693.64
304.81	31650.00
304.87	31593.37
304.94	31543.28
305.00	31495.67
305.07	31443.45
305.13	31374.63
305.20	31323.61
305.26	31269.78
305.33	31213.61
305.39	31159.38
305.46	31105.72
305.52	31051.85
305.59	31006.71
305.66	30954.30
305.72	30906.37
305.79	30857.39
305.85	30807.19
305.92	30716.30
305.98	30599.52
306.05	30457.31
306.11	30305.25
306.18	30137.42
306.24	30002.44
306.31	29932.95
306.37	29922.26
306.44	29963.11
306.50	30028.07
306.57	30090.56
306.63	30116.49
306.70	30093.07
306.76	30030.53
306.83	29961.86
306.89	29880.67
306.96	29800.93
307.02	29736.86
307.09	29691.10
307.15	29635.70
307.22	29590.92
307.28	29541.59
307.35	29484.18
307.41	29407.81
307.48	29335.04
307.54	29262.73
307.61	29195.85
307.67	29127.55
307.74	29070.38
307.80	29012.43
307.87	28958.12
307.93	28898.22
308.00	28846.49
308.06	28792.81
308.13	28730.94
308.19	28672.59
308.26	28614.24
308.32	28555.84
308.38	28493.50
308.45	28433.30
308.51	28372.24
308.58	28315.97
308.64	28252.51
308.71	28197.37
308.77	28142.65
308.84	28077.41
308.90	28012.95
308.97	27955.65
309.03	27898.76
309.10	27837.25
309.16	27774.52
309.23	27707.65
309.29	27635.93
309.36	27541.66
309.42	27465.79
309.49	27398.36
309.55	27327.32
309.62	27262.75
309.68	27221.64
309.75	27163.94
309.81	27100.60
309.88	27042.53
309.94	26982.69
310.00	26910.64
310.07	26846.57
310.13	26790.56
310.20	26724.57
310.26	26662.71
310.33	26595.30
310.39	26532.02
310.46	26461.33
310.52	26408.27
310.59	26342.32
310.65	26289.86
310.72	26229.46
310.78	26171.59
310.85	26099.57
310.91	26044.77
310.97	25985.07
311.04	25927.17
311.10	25861.60
311.17	25804.80
311.23	25739.03
311.30	25673.75
311.36	25612.57
311.43	25566.01
311.49	25509.34
311.56	25456.35
311.62	25400.67
311.69	25349.92
311.75	25301.52
311.81	25242.98
311.88	25179.08
311.94	25123.31
312.01	25068.60
312.07	24997.33
312.14	24948.77
312.20	24903.85
312.27	24861.01
312.33	24797.08
312.40	24735.01
312.46	24666.40
312.52	24608.44
312.59	24536.00
312.65	24473.43
312.72	24409.77
312.78	24348.80
312.85	24283.56
312.91	24215.91
312.98	24155.88
313.04	24105.81
313.10	24056.52
313.17	23998.98
313.23	23955.77
313.30	23904.51
313.36	23844.74
313.43	23783.64
313.49	23725.95
313.56	23660.38
313.62	23599.47
313.68	23546.11
313.75	23500.84
313.81	23453.32
313.88	23405.94
313.94	23359.77
314.01	23312.22
314.07	23254.60
314.13	23196.81
314.20	23142.21
314.26	23082.30
314.33	23024.51
314.39	22966.40
314.46	22908.80
314.52	22859.41
314.58	22804.18
314.65	22749.36
314.71	22692.51
314.78	22640.16
314.84	22580.35
314.91	22531.69
314.97	22476.79
315.03	22427.24
315.10	22375.88
315.16	22317.70
315.23	22266.00
315.29	22222.57
315.36	22174.71
315.42	22126.86
315.48	22082.06
315.55	22032.31
315.61	21968.90
315.68	21918.67
315.74	21854.85
315.81	21794.01
315.87	21730.01
315.93	21688.47
316.00	21650.64
316.06	21621.77
316.13	21594.72
316.19	21544.48
316.25	21452.33
316.32	21314.19
316.38	21145.94
316.45	20933.88
316.51	20711.59
316.58	20479.09
316.64	20239.19
316.70	20000.40
316.77	19758.56
316.83	19510.86
316.90	19261.75
316.96	19015.51
317.02	18768.07
317.09	18530.41
317.15	18293.06
317.22	18048.46
317.28	17807.09
317.34	17557.29
317.41	17307.52
317.47	17060.80
317.54	16820.38
317.60	16579.35
317.66	16336.83
317.73	16091.01
317.79	15846.83
317.86	15606.39
317.92	15359.57
317.98	15110.68
318.05	14859.09
318.11	14605.26
318.18	14355.31
318.24	14102.13
318.30	13850.74
318.37	13604.63
318.43	13351.44
318.50	13086.86
318.56	12823.46
318.62	12564.54
318.69	12296.98
318.75	12030.38
318.82	11757.80
318.88	11488.42
318.94	11211.06
319.01	10937.18
319.07	10668.13
319.13	10395.46
319.20	10119.11
319.26	9837.71
319.33	9552.52
319.39	9258.01
319.45	8979.03
319.52	8695.14
319.58	8413.75
319.65	8133.79
319.71	7855.91
319.77	7572.16
319.84	7295.75
319.90	7028.60
319.96	6755.91
320.03	6488.47
320.09	6226.44
320.16	5959.01
320.22	5702.58
320.28	5455.61
320.35	5215.08
320.41	4978.65
320.47	4758.47
320.54	4534.19
320.60	4324.44
320.67	4121.67
320.73	3924.74
320.79	3734.95
320.86	3558.67
320.92	3381.80
320.98	3216.45
321.05	3060.68
321.11	2908.44
321.18	2764.70
321.24	2632.55
321.30	2502.26
321.37	2382.31
321.43	2277.98
321.49	2173.53
321.56	2076.93
321.62	1990.45
321.68	1903.59
321.75	1819.78
321.81	1745.03
321.88	1671.85
321.94	1607.81
322.00	1549.56
322.07	1487.35
322.13	1428.32
322.19	1369.45
322.26	1307.53
322.32	1252.27
322.38	1202.99
322.45	1159.94
322.51	1115.24
322.58	1077.92
322.64	1032.43
322.70	992.22
322.77	943.88
322.83	909.04
322.89	863.43
322.96	821.95
323.02	779.89
323.08	740.92
323.15	699.20
323.21	663.93
323.27	630.77
323.34	597.03
323.40	564.71
323.46	531.05
323.53	492.30
323.59	413.27
323.65	309.72
323.72	193.10
323.78	83.05
323.85	-15.83
323.91	-66.49
323.97	-85.75
324.04	-85.91
