180.21	3430.12
180.28	-125.98
180.36	634.11
180.44	-44.15
180.51	-9.78
180.59	17.93
180.66	49.83
180.74	50.70
180.81	52.70
180.89	56.96
180.97	60.07
181.04	60.41
181.12	61.28
181.19	64.59
181.27	67.81
181.34	86.69
181.42	94.81
181.50	103.11
181.57	114.07
181.65	118.98
181.72	113.96
181.80	111.25
181.87	116.39
181.95	124.43
182.03	134.22
182.10	149.08
182.18	165.73
182.25	188.90
182.33	209.01
182.40	234.54
182.48	250.22
182.55	281.32
182.63	301.21
182.71	319.45
182.78	336.86
182.86	345.47
182.93	330.08
183.01	312.86
183.08	290.93
183.16	279.06
183.23	276.33
183.31	302.48
183.39	334.94
183.46	385.22
183.54	429.63
183.61	486.53
183.69	542.02
183.76	607.94
183.84	664.60
183.91	725.41
183.99	786.18
184.06	834.44
184.14	889.50
184.22	928.03
184.29	933.47
184.37	929.74
184.44	899.16
184.52	805.75
184.59	705.46
184.67	634.92
184.74	572.27
184.82	560.85
184.89	614.82
184.97	711.58
185.04	815.55
185.12	923.02
185.20	1026.20
185.27	1132.87
185.35	1221.93
185.42	1289.38
185.50	1366.94
185.57	1420.48
185.65	1475.69
185.72	1548.67
185.80	1625.76
185.87	1692.02
185.95	1781.20
186.02	1834.93
186.10	1835.40
186.17	1793.46
186.25	1660.51
186.33	1461.70
186.40	1293.61
186.48	1194.24
186.55	1176.97
186.63	1262.30
186.70	1434.29
186.78	1598.66
186.85	1744.18
186.93	1865.76
187.00	2000.36
187.08	2109.04
187.15	2240.56
187.23	2375.60
187.30	2494.21
187.38	2614.87
187.45	2750.16
187.53	2848.84
187.60	2940.41
187.68	3063.81
187.75	3140.13
187.83	3181.39
187.90	3218.48
187.98	3209.86
188.05	3085.26
188.13	2854.25
188.21	2594.01
188.28	2374.27
188.36	2208.91
188.43	2181.86
188.51	2319.84
188.58	2535.08
188.66	2730.55
188.73	2933.51
188.81	3118.86
188.88	3280.07
188.96	3415.74
189.03	3566.38
189.11	3706.51
189.18	3813.66
189.26	3924.18
189.33	4049.99
189.41	4143.74
189.48	4229.07
189.56	4338.42
189.63	4415.12
189.71	4463.00
189.78	4518.44
189.86	4540.45
189.93	4506.75
190.01	4431.95
190.08	4269.03
190.16	3987.62
190.23	3688.92
190.31	3480.73
190.38	3368.10
190.46	3390.52
190.53	3561.49
190.61	3807.83
190.68	4023.98
190.76	4226.33
190.83	4396.40
190.91	4558.54
190.98	4690.83
191.06	4832.48
191.13	4956.06
191.21	5068.03
191.28	5177.12
191.35	5290.13
191.43	5367.07
191.50	5443.68
191.58	5530.34
191.65	5583.38
191.73	5624.25
191.80	5668.99
191.88	5679.46
191.95	5672.41
192.03	5674.49
192.10	5660.32
192.18	5622.11
192.25	5536.09
192.33	5363.40
192.40	5158.65
192.48	4995.49
192.55	4897.57
192.63	4900.02
192.70	5027.73
192.78	5219.04
192.85	5413.64
192.93	5591.11
193.00	5739.36
193.08	5882.50
193.15	6003.87
193.22	6110.22
193.30	6198.88
193.37	6291.31
193.45	6354.35
193.52	6418.17
193.60	6470.73
193.67	6515.68
193.75	6552.61
193.82	6585.32
193.90	6606.97
193.97	6634.04
194.05	6662.40
194.12	6688.15
194.20	6727.76
194.27	6768.68
194.34	6794.00
194.42	6811.83
194.49	6822.26
194.57	6804.36
194.64	6738.04
194.72	6662.01
194.79	6598.40
194.87	6554.16
194.94	6550.92
195.02	6606.75
195.09	6690.03
195.17	6784.42
195.24	6879.15
195.31	6962.40
195.39	7039.96
195.46	7109.80
195.54	7174.71
195.61	7226.93
195.69	7270.38
195.76	7307.84
195.84	7348.18
195.91	7364.58
195.99	7380.50
196.06	7395.81
196.13	7412.27
196.21	7424.62
196.28	7448.99
196.36	7477.13
196.43	7502.77
196.51	7527.21
196.58	7550.93
196.66	7572.15
196.73	7594.22
196.80	7620.84
196.88	7645.43
196.95	7673.68
197.03	7694.75
197.10	7692.54
197.18	7684.86
197.25	7679.53
197.33	7683.59
197.40	7705.11
197.47	7735.13
197.55	7776.60
197.62	7820.90
197.70	7853.52
197.77	7880.41
197.85	7917.65
197.92	7942.78
197.99	7960.50
198.07	7979.46
198.14	7990.36
198.22	8006.41
198.29	8023.07
198.37	8049.87
198.44	8081.88
198.51	8116.22
198.59	8140.00
198.66	8177.73
198.74	8210.13
198.81	8240.82
198.89	8266.75
198.96	8298.73
199.03	8319.97
199.11	8347.28
199.18	8365.99
199.26	8390.15
199.33	8414.32
199.41	8439.46
199.48	8450.11
199.55	8460.32
199.63	8461.69
199.70	8473.65
199.78	8480.76
199.85	8503.81
199.93	8534.67
200.00	8579.74
200.07	8612.31
200.15	8656.72
200.22	8697.02
200.30	8730.32
200.37	8770.40
200.44	8811.91
200.52	8847.97
200.59	8886.78
200.67	8918.22
200.74	8936.19
200.81	8953.58
200.89	8969.70
200.96	8990.64
201.04	9012.82
201.11	9040.39
201.19	9066.70
201.26	9088.99
201.33	9104.66
201.41	9133.09
201.48	9166.75
201.56	9206.55
201.63	9262.83
201.70	9308.22
201.78	9353.48
201.85	9401.78
201.93	9445.60
202.00	9479.61
202.07	9524.33
202.15	9562.66
202.22	9593.39
202.30	9626.99
202.37	9654.80
202.44	9683.41
202.52	9720.88
202.59	9756.36
202.67	9787.99
202.74	9825.20
202.81	9861.55
202.89	9889.10
202.96	9923.91
203.04	9967.41
203.11	10011.21
203.18	10065.60
203.26	10124.12
203.33	10176.59
203.41	10224.39
203.48	10276.95
203.55	10313.87
203.63	10357.59
203.70	10407.02
203.77	10455.77
203.85	10495.55
203.92	10539.73
204.00	10591.88
204.07	10640.12
204.14	10693.07
204.22	10744.67
204.29	10799.72
204.37	10842.68
204.44	10883.91
204.51	10923.45
204.59	10970.92
204.66	11018.41
204.73	11073.93
204.81	11135.62
204.88	11202.49
204.96	11271.25
205.03	11336.49
205.10	11394.85
205.18	11449.83
205.25	11502.66
205.32	11556.53
205.40	11612.75
205.47	11673.88
205.55	11738.49
205.62	11806.08
205.69	11873.75
205.77	11937.29
205.84	11998.76
205.91	12061.95
205.99	12119.09
206.06	12171.95
206.14	12228.78
206.21	12290.60
206.28	12347.59
206.36	12416.36
206.43	12483.03
206.50	12555.74
206.58	12626.86
206.65	12695.85
206.72	12769.25
206.80	12852.65
206.87	12934.58
206.95	13019.30
207.02	13117.05
207.09	13206.36
207.17	13293.04
207.24	13377.53
207.31	13459.10
207.39	13528.39
207.46	13597.07
207.53	13665.10
207.61	13733.86
207.68	13801.72
207.75	13887.59
207.83	13973.83
207.90	14053.83
207.98	14134.61
208.05	14222.92
208.12	14302.13
208.20	14383.38
208.27	14475.94
208.34	14572.79
208.42	14664.33
208.49	14746.74
208.56	14824.38
208.64	14910.52
208.71	14994.29
208.78	15072.33
208.86	15176.58
208.93	15280.83
209.00	15374.63
209.08	15461.53
209.15	15563.62
209.22	15661.89
209.30	15759.22
209.37	15862.32
209.44	15971.00
209.52	16074.66
209.59	16164.32
209.67	16266.28
209.74	16355.17
209.81	16468.22
209.89	16571.60
209.96	16679.95
210.03	16786.38
210.11	16898.04
210.18	16990.77
210.25	17105.45
210.33	17217.70
210.40	17321.93
210.47	17432.87
210.55	17543.57
210.62	17637.61
210.69	17723.23
210.77	17822.77
210.84	17922.96
210.91	18043.58
210.99	18153.62
211.06	18278.92
211.13	18401.26
211.21	18527.60
211.28	18631.86
211.35	18753.92
211.42	18874.70
211.50	18987.57
211.57	19093.98
211.64	19211.30
211.72	19323.50
211.79	19436.15
211.86	19558.22
211.94	19698.36
212.01	19820.88
212.08	19953.92
212.16	20076.05
212.23	20198.84
212.30	20310.26
212.38	20431.30
212.45	20549.43
212.52	20678.57
212.60	20798.89
212.67	20919.98
212.74	21048.72
212.82	21170.50
212.89	21291.62
212.96	21417.35
213.03	21551.83
213.11	21687.36
213.18	21831.84
213.25	21980.77
213.33	22130.35
213.40	22262.65
213.47	22392.19
213.55	22512.61
213.62	22622.50
213.69	22737.58
213.77	22868.77
213.84	22994.10
213.91	23136.07
213.98	23280.42
214.06	23419.74
214.13	23558.22
214.20	23707.77
214.28	23857.39
214.35	24000.94
214.42	24147.71
214.50	24292.21
214.57	24422.39
214.64	24538.95
214.72	24660.92
214.79	24784.82
214.86	24902.38
214.93	25034.75
215.01	25181.19
215.08	25323.25
215.15	25456.06
215.23	25586.91
215.30	25726.98
215.37	25856.98
215.44	26006.92
215.52	26167.66
215.59	26331.37
215.66	26482.12
215.74	26634.54
215.81	26775.51
215.88	26914.19
215.95	27045.72
216.03	27171.72
216.10	27304.18
216.17	27442.26
216.25	27584.28
216.32	27740.52
216.39	27899.40
216.46	28046.49
216.54	28178.52
216.61	28303.38
216.68	28427.53
216.76	28564.26
216.83	28706.95
216.90	28872.46
216.97	29051.52
217.05	29221.92
217.12	29369.05
217.19	29493.20
217.27	29579.68
217.34	29662.52
217.41	29759.11
217.48	29866.83
217.56	30000.56
217.63	30168.52
217.70	30335.06
217.78	30497.11
217.85	30654.69
217.92	30813.08
217.99	30972.91
218.07	31114.75
218.14	31240.81
218.21	31388.82
218.28	31535.51
218.36	31679.76
218.43	31829.03
218.50	31987.78
218.57	32124.64
218.65	32247.83
218.72	32366.65
218.79	32499.14
218.87	32626.16
218.94	32768.94
219.01	32924.39
219.08	33062.80
219.16	33186.72
219.23	33308.83
219.30	33413.94
219.37	33520.45
219.45	33640.93
219.52	33784.07
219.59	33916.52
219.66	34042.54
219.74	34176.78
219.81	34331.46
219.88	34469.65
219.95	34624.19
220.03	34789.95
220.10	34929.74
220.17	35045.36
220.24	35165.55
220.32	35282.19
220.39	35396.08
220.46	35518.90
220.53	35650.68
220.61	35774.66
220.68	35902.17
220.75	36039.93
220.82	36173.24
220.90	36287.68
220.97	36382.98
221.04	36467.61
221.11	36554.04
221.19	36648.84
221.26	36753.92
221.33	36880.65
221.40	37015.00
221.48	37147.76
221.55	37271.03
221.62	37399.62
221.69	37536.01
221.77	37661.44
221.84	37781.37
221.91	37909.12
221.98	38033.02
222.06	38150.30
222.13	38282.99
222.20	38399.35
222.27	38511.83
222.35	38618.85
222.42	38717.40
222.49	38798.55
222.56	38878.40
222.63	38961.60
222.71	39059.32
222.78	39170.28
222.85	39289.49
222.92	39411.11
223.00	39512.03
223.07	39600.78
223.14	39674.07
223.21	39753.91
223.29	39856.74
223.36	39982.81
223.43	40116.47
223.50	40248.93
223.57	40380.89
223.65	40512.28
223.72	40625.50
223.79	40728.15
223.86	40831.38
223.94	40931.62
224.01	41007.18
224.08	41079.54
224.15	41144.11
224.22	41210.62
224.30	41263.84
224.37	41333.71
224.44	41422.39
224.51	41521.89
224.59	41618.44
224.66	41729.81
224.73	41837.20
224.80	41932.00
224.87	42033.43
224.95	42141.61
225.02	42246.20
225.09	42338.97
225.16	42431.76
225.23	42513.72
225.31	42597.76
225.38	42679.24
225.45	42765.52
225.52	42855.12
225.60	42935.57
225.67	42989.85
225.74	43028.63
225.81	43074.08
225.88	43134.34
225.96	43225.15
226.03	43348.28
226.10	43483.98
226.17	43610.40
226.24	43724.94
226.32	43809.55
226.39	43882.50
226.46	43944.26
226.53	44005.84
226.60	44057.75
226.68	44113.08
226.75	44174.09
226.82	44247.68
226.89	44320.71
226.96	44393.16
227.04	44447.58
227.11	44489.30
227.18	44530.59
227.25	44560.63
227.32	44611.56
227.40	44682.54
227.47	44756.58
227.54	44827.90
227.61	44909.01
227.68	44985.27
227.76	45064.01
227.83	45146.97
227.90	45222.38
227.97	45286.59
228.04	45340.25
228.11	45377.04
228.19	45415.33
228.26	45464.90
228.33	45529.92
228.40	45587.50
228.47	45658.75
228.55	45724.07
228.62	45789.26
228.69	45845.76
228.76	45908.18
228.83	45965.86
228.90	46021.17
228.98	46077.05
229.05	46143.09
229.12	46220.98
229.19	46297.71
229.26	46371.00
229.34	46425.88
229.41	46475.42
229.48	46510.98
229.55	46553.40
229.62	46600.84
229.69	46655.63
229.77	46699.26
229.84	46735.79
229.91	46771.59
229.98	46794.85
230.05	46822.16
230.12	46863.63
230.20	46928.84
230.27	46991.69
230.34	47062.73
230.41	47134.06
230.48	47195.62
230.55	47241.72
230.63	47285.54
230.70	47333.38
230.77	47368.54
230.84	47401.98
230.91	47426.27
230.98	47461.93
231.06	47497.15
231.13	47556.84
231.20	47629.01
231.27	47707.66
231.34	47757.99
231.41	47814.50
231.49	47855.07
231.56	47898.34
231.63	47941.29
231.70	47995.05
231.77	48028.83
231.84	48058.87
231.92	48063.57
231.99	48078.59
232.06	48108.00
232.13	48146.11
232.20	48199.21
232.27	48259.17
232.34	48302.61
232.42	48324.37
232.49	48352.85
232.56	48387.34
232.63	48438.84
232.70	48492.57
232.77	48556.43
232.85	48611.76
232.92	48650.45
232.99	48673.26
233.06	48710.08
233.13	48732.07
233.20	48742.08
233.27	48749.35
233.35	48757.81
233.42	48747.69
233.49	48753.31
233.56	48780.45
233.63	48797.35
233.70	48814.57
233.77	48843.80
233.85	48874.10
233.92	48907.75
233.99	48946.85
234.06	48990.72
234.13	49033.79
234.20	49078.27
234.27	49101.22
234.35	49124.40
234.42	49134.33
234.49	49136.72
234.56	49133.80
234.63	49129.15
234.70	49125.13
234.77	49116.10
234.84	49101.18
234.92	49083.38
234.99	49083.77
235.06	49098.80
235.13	49127.43
235.20	49162.88
235.27	49204.37
235.34	49231.12
235.41	49262.79
235.49	49287.62
235.56	49315.35
235.63	49329.91
235.70	49338.79
235.77	49327.73
235.84	49316.35
235.91	49293.11
235.98	49278.37
236.06	49278.55
236.13	49277.28
236.20	49278.08
236.27	49275.57
236.34	49281.78
236.41	49290.53
236.48	49293.68
236.55	49297.13
236.63	49299.91
236.70	49292.26
236.77	49281.41
236.84	49285.67
236.91	49284.79
236.98	49280.53
237.05	49287.40
237.12	49278.58
237.19	49257.22
237.27	49247.23
237.34	49245.63
237.41	49231.96
237.48	49217.97
237.55	49205.08
237.62	49197.42
237.69	49202.59
237.76	49212.93
237.83	49231.19
237.91	49252.08
237.98	49262.54
238.05	49265.39
238.12	49255.56
238.19	49244.15
238.26	49251.05
238.33	49240.96
238.40	49213.13
238.47	49191.48
238.54	49172.46
238.62	49128.98
238.69	49099.11
238.76	49079.50
238.83	49067.03
238.90	49078.72
238.97	49106.89
239.04	49129.69
239.11	49148.65
239.18	49170.46
239.25	49161.57
239.33	49132.02
239.40	49109.45
239.47	49085.40
239.54	49041.36
239.61	48996.82
239.68	48955.43
239.75	48925.37
239.82	48902.73
239.89	48884.49
239.96	48882.49
240.03	48886.27
240.11	48891.21
240.18	48906.61
240.25	48920.79
240.32	48920.16
240.39	48929.43
240.46	48932.91
240.53	48941.45
240.60	48965.37
240.67	48997.34
240.74	49016.12
240.81	49031.08
240.88	49022.45
240.96	49003.33
241.03	48977.57
241.10	48954.05
241.17	48932.41
241.24	48920.12
241.31	48911.19
241.38	48902.37
241.45	48898.73
241.52	48896.02
241.59	48892.82
241.66	48902.04
241.73	48912.93
241.80	48919.58
241.88	48908.64
241.95	48888.79
242.02	48846.47
242.09	48793.63
242.16	48736.04
242.23	48711.74
242.30	48703.82
242.37	48701.47
242.44	48715.58
242.51	48713.44
242.58	48697.81
242.65	48683.10
242.72	48683.04
242.79	48679.62
242.87	48702.31
242.94	48714.69
243.01	48711.78
243.08	48709.45
243.15	48697.16
243.22	48686.99
243.29	48695.59
243.36	48710.51
243.43	48725.18
243.50	48754.48
243.57	48774.07
243.64	48781.03
243.71	48803.43
243.78	48808.60
243.85	48795.91
243.92	48779.90
243.99	48766.18
244.07	48736.85
244.14	48707.72
244.21	48700.33
244.28	48714.70
244.35	48731.91
244.42	48758.60
244.49	48791.91
244.56	48816.72
244.63	48825.63
244.70	48820.55
244.77	48817.52
244.84	48808.31
244.91	48793.28
244.98	48786.16
245.05	48798.95
245.12	48825.59
245.19	48862.82
245.26	48896.82
245.33	48931.14
245.40	48963.10
245.47	48972.65
245.55	48982.89
245.62	48996.16
245.69	49011.81
245.76	49031.02
245.83	49050.40
245.90	49064.18
245.97	49069.32
246.04	49077.65
246.11	49073.61
246.18	49065.76
246.25	49057.88
246.32	49058.75
246.39	49049.78
246.46	49058.28
246.53	49077.43
246.60	49093.89
246.67	49120.54
246.74	49155.58
246.81	49183.05
246.88	49201.44
246.95	49220.42
247.02	49234.42
247.09	49241.55
247.16	49244.00
247.23	49236.05
247.30	49211.98
247.37	49187.12
247.44	49175.26
247.51	49155.84
247.58	49156.13
247.66	49191.23
247.73	49246.10
247.80	49286.68
247.87	49336.90
247.94	49403.21
248.01	49460.30
248.08	49499.06
248.15	49535.15
248.22	49569.22
248.29	49595.24
248.36	49613.46
248.43	49644.69
248.50	49674.28
248.57	49697.80
248.64	49711.35
248.71	49741.80
248.78	49762.50
248.85	49781.15
248.92	49808.80
248.99	49825.24
249.06	49814.15
249.13	49792.80
249.20	49783.48
249.27	49760.32
249.34	49750.58
249.41	49766.25
249.48	49782.24
249.55	49796.27
249.62	49818.62
249.69	49839.22
249.76	49864.58
249.83	49900.85
249.90	49936.92
249.97	49975.59
250.04	50022.04
250.11	50074.73
250.18	50118.31
250.25	50159.70
250.32	50185.42
250.39	50215.65
250.46	50224.58
250.53	50238.62
250.60	50246.38
250.67	50271.34
250.74	50289.13
250.81	50287.77
250.88	50286.93
250.95	50295.11
251.02	50285.32
251.09	50271.19
251.16	50292.52
251.23	50323.75
251.30	50360.60
251.37	50405.56
251.44	50443.58
251.51	50480.64
251.58	50503.75
251.65	50521.83
251.72	50543.75
251.79	50564.56
251.86	50550.10
251.93	50524.75
252.00	50484.15
252.07	50439.19
252.14	50408.62
252.21	50406.35
252.28	50417.29
252.35	50449.12
252.42	50503.02
252.49	50547.75
252.56	50588.68
252.63	50635.88
252.70	50666.91
252.77	50680.07
252.84	50689.07
252.91	50680.97
252.98	50665.21
253.05	50654.46
253.12	50651.07
253.19	50661.65
253.25	50698.29
253.32	50728.75
253.39	50762.33
253.46	50791.35
253.53	50810.13
253.60	50793.99
253.67	50787.46
253.74	50807.90
253.81	50826.21
253.88	50845.05
253.95	50880.22
254.02	50918.09
254.09	50919.82
254.16	50917.94
254.23	50909.14
254.30	50894.35
254.37	50883.72
254.44	50892.39
254.51	50911.98
254.58	50925.80
254.65	50951.99
254.72	50962.81
254.79	50939.80
254.86	50915.80
254.93	50896.95
255.00	50881.52
255.07	50882.50
255.14	50901.56
255.21	50896.34
255.28	50881.25
255.34	50859.81
255.41	50850.77
255.48	50855.40
255.55	50879.14
255.62	50916.57
255.69	50959.12
255.76	50983.63
255.83	51001.18
255.90	51015.89
255.97	51035.00
256.04	51034.33
256.11	51041.58
256.18	51043.53
256.25	51034.46
256.32	51018.29
256.39	51001.63
256.46	50966.88
256.53	50924.91
256.60	50897.17
256.67	50870.05
256.74	50849.08
256.80	50838.89
256.87	50826.35
256.94	50815.00
257.01	50809.22
257.08	50816.60
257.15	50815.90
257.22	50828.54
257.29	50824.73
257.36	50817.50
257.43	50809.05
257.50	50803.97
257.57	50783.54
257.64	50790.46
257.71	50781.69
257.78	50769.36
257.85	50748.81
257.92	50755.84
257.98	50742.45
258.05	50741.42
258.12	50723.96
258.19	50707.30
258.26	50657.52
258.33	50604.79
258.40	50561.82
258.47	50534.77
258.54	50530.54
258.61	50550.09
258.68	50579.67
258.75	50603.83
258.82	50624.47
258.89	50608.64
258.95	50574.53
259.02	50536.66
259.09	50487.64
259.16	50427.53
259.23	50374.48
259.30	50332.97
259.37	50303.68
259.44	50291.74
259.51	50285.47
259.58	50297.19
259.65	50296.31
259.72	50279.89
259.79	50235.90
259.85	50198.93
259.92	50158.48
259.99	50143.34
260.06	50139.83
260.13	50131.78
260.20	50122.85
260.27	50092.14
260.34	50044.37
260.41	49984.60
260.48	49946.66
260.55	49908.99
260.62	49879.73
260.68	49839.52
260.75	49811.06
260.82	49796.30
260.89	49784.57
260.96	49773.77
261.03	49780.84
261.10	49779.13
261.17	49764.89
261.24	49732.89
261.31	49699.94
261.38	49659.08
261.44	49606.95
261.51	49558.89
261.58	49530.71
261.65	49502.34
261.72	49462.83
261.79	49422.87
261.86	49369.44
261.93	49319.64
262.00	49285.61
262.07	49256.85
262.13	49228.11
262.20	49209.71
262.27	49176.86
262.34	49140.70
262.41	49100.72
262.48	49067.48
262.55	49032.33
262.62	48990.41
262.69	48929.84
262.76	48881.50
262.82	48832.89
262.89	48781.47
262.96	48733.08
263.03	48701.02
263.10	48664.93
263.17	48619.98
263.24	48571.56
263.31	48544.34
263.38	48509.92
263.44	48483.52
263.51	48451.20
263.58	48425.25
263.65	48382.94
263.72	48332.88
263.79	48271.46
263.86	48216.19
263.93	48157.53
264.00	48109.48
264.06	48077.95
264.13	48052.11
264.20	48040.52
264.27	48021.36
264.34	47996.13
264.41	47955.54
264.48	47915.12
264.55	47867.92
264.61	47833.81
264.68	47792.96
264.75	47763.75
264.82	47705.43
264.89	47629.03
264.96	47552.02
265.03	47478.28
265.10	47417.52
265.16	47385.77
265.23	47377.97
265.30	47375.80
265.37	47364.37
265.44	47336.18
265.51	47310.09
265.58	47276.68
265.65	47224.44
265.71	47173.30
265.78	47129.40
265.85	47067.98
265.92	47005.79
265.99	46956.52
266.06	46911.66
266.13	46849.47
266.20	46811.28
266.26	46790.92
266.33	46753.13
266.40	46701.38
266.47	46640.79
266.54	46559.74
266.61	46469.13
266.68	46392.13
266.74	46332.80
266.81	46295.44
266.88	46265.69
266.95	46222.74
267.02	46189.02
267.09	46141.15
267.16	46092.79
267.22	46049.55
267.29	46023.53
267.36	45994.48
267.43	45978.04
267.50	45945.19
267.57	45905.12
267.64	45850.09
267.70	45801.71
267.77	45749.92
267.84	45706.18
267.91	45657.62
267.98	45611.14
268.05	45552.33
268.11	45486.63
268.18	45423.04
268.25	45367.70
268.32	45311.37
268.39	45262.43
268.46	45228.88
268.53	45214.04
268.59	45199.44
268.66	45187.22
268.73	45170.77
268.80	45141.36
268.87	45088.93
268.94	45049.70
269.00	45011.64
269.07	44960.80
269.14	44919.42
269.21	44883.57
269.28	44835.22
269.35	44791.50
269.41	44752.72
269.48	44700.73
269.55	44641.33
269.62	44575.99
269.69	44509.59
269.76	44443.97
269.82	44387.70
269.89	44352.49
269.96	44333.20
270.03	44311.90
270.10	44295.65
270.17	44269.37
270.23	44239.94
270.30	44198.55
270.37	44162.57
270.44	44130.57
270.51	44101.51
270.58	44068.26
270.64	44035.57
270.71	43996.01
270.78	43957.20
270.85	43910.37
270.92	43862.29
270.99	43818.88
271.05	43773.74
271.12	43727.68
271.19	43686.97
271.26	43641.76
271.33	43596.36
271.39	43559.11
271.46	43499.40
271.53	43453.80
271.60	43421.75
271.67	43395.57
271.74	43366.38
271.80	43357.43
271.87	43354.28
271.94	43321.69
272.01	43276.61
272.08	43237.13
272.14	43183.54
272.21	43142.44
272.28	43123.61
272.35	43103.65
272.42	43081.15
272.48	43076.30
272.55	43059.09
272.62	43038.02
272.69	43031.75
272.76	43030.09
272.83	43013.32
272.89	42986.20
272.96	42955.27
273.03	42908.56
273.10	42859.22
273.17	42812.70
273.23	42762.51
273.30	42719.78
273.37	42686.91
273.44	42656.52
273.51	42637.82
273.57	42632.94
273.64	42622.11
273.71	42616.48
273.78	42606.82
273.85	42587.33
273.91	42556.50
273.98	42543.14
274.05	42511.89
274.12	42486.62
274.19	42459.35
274.25	42435.77
274.32	42399.14
274.39	42366.43
274.46	42312.80
274.53	42253.73
274.59	42188.90
274.66	42128.16
274.73	42081.52
274.80	42043.06
274.86	42010.07
274.93	41999.87
275.00	41989.48
275.07	41958.12
275.14	41932.53
275.20	41897.47
275.27	41852.44
275.34	41797.21
275.41	41763.44
275.48	41748.94
275.54	41741.00
275.61	41730.68
275.68	41719.30
275.75	41696.12
275.81	41650.95
275.88	41620.67
275.95	41582.06
276.02	41543.24
276.09	41501.54
276.15	41464.06
276.22	41435.68
276.29	41415.88
276.36	41387.80
276.42	41363.52
276.49	41334.30
276.56	41275.98
276.63	41211.17
276.70	41161.75
276.76	41132.98
276.83	41119.03
276.90	41120.26
276.97	41125.31
277.03	41133.14
277.10	41124.19
277.17	41108.29
277.24	41093.06
277.30	41080.97
277.37	41058.64
277.44	41031.05
277.51	40999.50
277.58	40963.22
277.64	40918.43
277.71	40884.25
277.78	40848.78
277.85	40796.22
277.91	40753.01
277.98	40713.77
278.05	40665.92
278.12	40625.96
278.18	40597.80
278.25	40571.44
278.32	40552.10
278.39	40552.10
278.45	40555.98
278.52	40558.05
278.59	40543.35
278.66	40515.14
278.72	40480.51
278.79	40442.55
278.86	40411.11
278.93	40396.14
278.99	40386.47
279.06	40369.49
279.13	40350.66
279.20	40332.65
279.26	40312.68
279.33	40298.94
279.40	40269.53
279.47	40241.23
279.53	40211.54
279.60	40174.92
279.67	40133.87
279.74	40097.75
279.80	40065.72
279.87	40035.86
279.94	40002.66
280.01	39972.04
280.07	39948.85
280.14	39919.42
280.21	39890.96
280.28	39859.62
280.34	39823.77
280.41	39779.62
280.48	39729.48
280.55	39683.74
280.61	39656.35
280.68	39630.24
280.75	39602.02
280.82	39578.19
280.88	39546.32
280.95	39487.92
281.02	39426.95
281.08	39374.98
281.15	39323.13
281.22	39263.80
281.29	39207.37
281.35	39145.22
281.42	39089.17
281.49	39024.21
281.56	38967.81
281.62	38931.63
281.69	38900.50
281.76	38874.92
281.82	38859.42
281.89	38844.86
281.96	38818.34
282.03	38791.88
282.09	38750.27
282.16	38705.90
282.23	38657.31
282.30	38612.97
282.36	38575.82
282.43	38550.51
282.50	38532.16
282.56	38499.45
282.63	38477.65
282.70	38451.72
282.77	38429.24
282.83	38405.98
282.90	38395.46
282.97	38377.85
283.03	38364.07
283.10	38347.25
283.17	38334.15
283.24	38312.80
283.30	38282.52
283.37	38246.48
283.44	38206.38
283.50	38156.55
283.57	38110.62
283.64	38060.31
283.71	38009.17
283.77	37965.14
283.84	37932.77
283.91	37909.49
283.97	37899.53
284.04	37901.74
284.11	37889.64
284.18	37879.98
284.24	37865.77
284.31	37853.23
284.38	37838.91
284.44	37833.28
284.51	37821.82
284.58	37817.06
284.64	37807.16
284.71	37790.94
284.78	37767.24
284.85	37747.14
284.91	37721.92
284.98	37698.51
285.05	37659.07
285.11	37629.53
285.18	37591.96
285.25	37566.84
285.31	37547.30
285.38	37540.21
285.45	37537.06
285.52	37533.10
285.58	37513.63
285.65	37485.06
285.72	37460.89
285.78	37434.40
285.85	37416.38
285.92	37401.30
285.98	37390.62
286.05	37375.65
286.12	37363.12
286.18	37346.88
286.25	37328.24
286.32	37302.98
286.39	37284.07
286.45	37252.18
286.52	37214.89
286.59	37178.37
286.65	37161.86
286.72	37150.58
286.79	37146.37
286.85	37153.16
286.92	37166.07
286.99	37159.21
287.05	37136.19
287.12	37123.18
287.19	37103.79
287.25	37092.52
287.32	37079.06
287.39	37080.38
287.45	37072.58
287.52	37065.91
287.59	37053.71
287.65	37045.62
287.72	37019.72
287.79	36991.08
287.86	36948.70
287.92	36910.02
287.99	36881.58
288.06	36868.52
288.12	36853.89
288.19	36848.08
288.26	36828.31
288.32	36809.45
288.39	36789.72
288.46	36781.27
288.52	36780.33
288.59	36792.46
288.66	36800.85
288.72	36799.40
288.79	36794.95
288.86	36780.03
288.92	36757.10
288.99	36725.59
289.06	36705.69
289.12	36674.27
289.19	36654.34
289.26	36644.50
289.32	36638.89
289.39	36628.40
289.45	36631.42
289.52	36622.17
289.59	36615.53
289.65	36605.94
289.72	36593.98
289.79	36578.65
289.85	36571.53
289.92	36554.61
289.99	36544.49
290.05	36531.19
290.12	36504.13
290.19	36482.70
290.25	36455.76
290.32	36424.61
290.39	36409.83
290.45	36412.80
290.52	36409.56
290.59	36413.73
290.65	36416.47
290.72	36408.26
290.79	36394.21
290.85	36384.68
290.92	36379.03
290.98	36367.72
291.05	36366.61
291.12	36363.17
291.18	36356.46
291.25	36341.58
291.32	36328.01
291.38	36305.38
291.45	36286.85
291.52	36263.15
291.58	36245.89
291.65	36233.93
291.72	36223.72
291.78	36210.61
291.85	36197.02
291.91	36176.75
291.98	36171.16
292.05	36155.62
292.11	36150.68
292.18	36143.05
292.25	36143.11
292.31	36122.80
292.38	36118.96
292.45	36110.15
292.51	36108.27
292.58	36091.99
292.64	36089.69
292.71	36075.74
292.78	36056.73
292.84	36035.03
292.91	36021.97
292.98	36003.29
293.04	35991.60
293.11	35977.93
293.17	35968.35
293.24	35965.65
293.31	35958.62
293.37	35944.47
293.44	35931.43
293.51	35925.12
293.57	35910.22
293.64	35897.81
293.70	35890.82
293.77	35880.91
293.84	35868.44
293.90	35848.08
293.97	35840.64
294.04	35833.72
294.10	35821.02
294.17	35805.34
294.23	35799.71
294.30	35776.20
294.37	35755.22
294.43	35750.92
294.50	35738.02
294.56	35724.34
294.63	35712.39
294.70	35700.37
294.76	35689.67
294.83	35675.96
294.90	35666.77
294.96	35665.36
295.03	35656.09
295.09	35646.24
295.16	35648.97
295.23	35635.47
295.29	35622.88
295.36	35607.16
295.42	35580.38
295.49	35548.48
295.56	35541.11
295.62	35524.11
295.69	35507.78
295.75	35503.84
295.82	35500.36
295.89	35476.06
295.95	35453.42
296.02	35433.12
296.08	35403.59
296.15	35368.92
296.22	35352.48
296.28	35337.46
296.35	35326.99
296.41	35312.75
296.48	35307.22
296.55	35301.48
296.61	35295.20
296.68	35290.24
296.74	35287.81
296.81	35283.22
296.88	35268.46
296.94	35248.93
297.01	35225.74
297.07	35199.73
297.14	35176.86
297.20	35163.06
297.27	35162.41
297.34	35166.21
297.40	35169.70
297.47	35159.86
297.53	35140.02
297.60	35119.04
297.67	35092.82
297.73	35074.98
297.80	35051.32
297.86	35025.91
297.93	34998.51
298.00	34976.08
298.06	34953.15
298.13	34950.21
298.19	34946.16
298.26	34937.76
298.32	34938.19
298.39	34925.23
298.46	34907.14
298.52	34890.48
298.59	34867.12
298.65	34834.72
298.72	34811.31
298.78	34791.33
298.85	34772.06
298.92	34752.90
298.98	34728.22
299.05	34703.00
299.11	34670.68
299.18	34642.11
299.24	34613.18
299.31	34578.52
299.38	34552.29
299.44	34525.71
299.51	34508.79
299.57	34497.16
299.64	34497.34
299.70	34486.35
299.77	34472.08
299.84	34445.44
299.90	34411.46
299.97	34369.61
300.03	34340.29
300.10	34322.78
300.16	34301.94
300.23	34285.58
300.30	34272.18
300.36	34243.74
300.43	34217.46
300.49	34183.78
300.56	34157.92
300.62	34134.19
300.69	34110.38
300.75	34085.87
300.82	34069.63
300.89	34038.25
300.95	34013.73
301.02	33979.04
301.08	33942.90
301.15	33904.14
301.21	33878.84
301.28	33846.36
301.34	33828.16
301.41	33792.80
301.48	33767.28
301.54	33741.60
301.61	33717.90
301.67	33685.45
301.74	33666.23
301.80	33629.41
301.87	33584.76
301.93	33534.29
302.00	33495.30
302.06	33448.44
302.13	33402.20
302.20	33373.98
302.26	33341.08
302.33	33313.80
302.39	33278.91
302.46	33252.94
302.52	33208.25
302.59	33170.46
302.65	33121.05
302.72	33079.39
302.78	33037.31
302.85	33007.09
302.91	32970.61
302.98	32939.95
303.05	32905.48
303.11	32872.15
303.18	32827.05
303.24	32790.79
303.31	32747.52
303.37	32709.16
303.44	32666.69
303.50	32622.78
303.57	32571.07
303.63	32517.66
303.70	32470.31
303.76	32427.71
303.83	32386.26
303.89	32343.75
303.96	32301.10
304.03	32253.99
304.09	32197.47
304.16	32142.28
304.22	32082.24
304.29	32035.68
304.35	31979.46
304.42	31942.68
304.48	31894.90
304.55	31854.39
304.61	31799.82
304.68	31756.01
304.74	31693.60
304.81	31642.61
304.87	31583.28
304.94	31537.48
305.00	31484.30
305.07	31433.31
305.13	31377.55
305.20	31323.38
305.26	31264.96
305.33	31213.80
305.39	31161.93
305.46	31104.12
305.52	31055.68
305.59	31005.23
305.66	30945.81
305.72	30892.62
305.79	30846.19
305.85	30789.08
305.92	30707.72
305.98	30594.22
306.05	30449.76
306.11	30295.52
306.18	30133.58
306.24	29994.49
306.31	29925.01
306.37	29919.19
306.44	29957.74
306.50	30018.12
306.57	30075.69
306.63	30099.44
306.70	30078.31
306.76	30020.77
306.83	29952.01
306.89	29879.48
306.96	29815.15
307.02	29750.75
307.09	29698.67
307.15	29644.82
307.22	29593.57
307.28	29531.18
307.35	29473.28
307.41	29402.12
307.48	29329.38
307.54	29261.86
307.61	29201.41
307.67	29133.34
307.74	29074.71
307.80	29020.68
307.87	28959.83
307.93	28896.03
308.00	28843.77
308.06	28789.14
308.13	28728.82
308.19	28673.03
308.26	28616.59
308.32	28559.34
308.38	28493.72
308.45	28429.76
308.51	28374.88
308.58	28313.50
308.64	28248.18
308.71	28192.42
308.77	28146.73
308.84	28079.87
308.90	28025.48
308.97	27965.11
309.03	27916.72
309.10	27848.73
309.16	27782.42
309.23	27706.69
309.29	27643.52
309.36	27550.82
309.42	27472.71
309.49	27407.28
309.55	27339.87
309.62	27273.83
309.68	27220.95
309.75	27160.09
309.81	27093.57
309.88	27035.89
309.94	26971.73
310.00	26906.25
310.07	26839.52
310.13	26784.16
310.20	26713.77
310.26	26646.19
310.33	26577.88
310.39	26523.81
310.46	26458.08
310.52	26405.26
310.59	26348.22
310.65	26291.51
310.72	26226.32
310.78	26165.16
310.85	26100.61
310.91	26037.56
310.97	25979.84
311.04	25922.60
311.10	25857.84
311.17	25793.48
311.23	25733.31
311.30	25677.46
311.36	25622.42
311.43	25575.72
311.49	25520.23
311.56	25466.72
311.62	25409.57
311.69	25354.92
311.75	25300.05
311.81	25240.34
311.88	25174.19
311.94	25114.68
312.01	25062.79
312.07	24999.32
312.14	24954.35
312.20	24908.56
312.27	24859.91
312.33	24792.73
312.40	24727.08
312.46	24660.84
312.52	24600.98
312.59	24535.17
312.65	24473.63
312.72	24412.20
312.78	24347.56
312.85	24286.90
312.91	24216.72
312.98	24159.91
313.04	24115.11
313.10	24067.86
313.17	24012.58
313.23	23968.09
313.30	23913.50
313.36	23847.02
313.43	23783.04
313.49	23726.20
313.56	23665.27
313.62	23602.21
313.68	23542.06
313.75	23493.74
313.81	23441.01
313.88	23390.11
313.94	23342.81
314.01	23301.48
314.07	23243.81
314.13	23190.46
314.20	23136.58
314.26	23082.17
314.33	23024.94
314.39	22969.42
314.46	22906.73
314.52	22860.45
314.58	22806.56
314.65	22750.95
314.71	22698.65
314.78	22650.77
314.84	22584.92
314.91	22527.80
314.97	22472.09
315.03	22421.83
315.10	22365.85
315.16	22310.18
315.23	22261.79
315.29	22215.91
315.36	22165.75
315.42	22117.73
315.48	22071.01
315.55	22024.31
315.61	21965.98
315.68	21910.47
315.74	21849.23
315.81	21792.86
315.87	21730.68
315.93	21691.57
316.00	21656.35
316.06	21627.80
316.13	21603.51
316.19	21555.36
316.25	21456.98
316.32	21320.42
316.38	21148.13
316.45	20930.83
316.51	20701.89
316.58	20473.87
316.64	20233.98
316.70	20001.71
316.77	19764.26
316.83	19518.38
316.90	19267.18
316.96	19022.99
317.02	18769.21
317.09	18520.27
317.15	18281.80
317.22	18040.35
317.28	17799.64
317.34	17557.03
317.41	17317.43
317.47	17072.64
317.54	16826.83
317.60	16576.91
317.66	16333.95
317.73	16084.58
317.79	15839.59
317.86	15598.86
317.92	15356.91
317.98	15104.51
318.05	14852.61
318.11	14603.49
318.18	14361.56
318.24	14109.07
318.30	13860.09
318.37	13610.56
318.43	13348.87
318.50	13082.63
318.56	12817.68
318.62	12554.59
318.69	12287.17
318.75	12023.04
318.82	11747.81
318.88	11483.12
318.94	11211.74
319.01	10942.96
319.07	10673.34
319.13	10400.43
319.20	10121.90
319.26	9836.98
319.33	9552.57
319.39	9258.74
319.45	8980.61
319.52	8698.49
319.58	8419.05
319.65	8138.41
319.71	7857.08
319.77	7570.84
319.84	7294.24
319.90	7021.98
319.96	6748.80
320.03	6485.83
320.09	6226.08
320.16	5961.47
320.22	5706.94
320.28	5459.32
320.35	5214.43
320.41	4981.22
320.47	4757.97
320.54	4536.54
320.60	4326.09
320.67	4127.51
320.73	3928.36
320.79	3736.29
320.86	3557.13
320.92	3380.10
320.98	3214.61
321.05	3058.56
321.11	2908.10
321.18	2764.89
321.24	2633.46
321.30	2503.44
321.37	2383.75
321.43	2278.60
321.49	2175.06
321.56	2078.01
321.62	1991.40
321.68	1904.89
321.75	1823.17
321.81	1749.00
321.88	1677.38
321.94	1612.95
322.00	1553.71
322.07	1489.55
322.13	1430.37
322.19	1370.89
322.26	1307.96
322.32	1251.65
322.38	1203.38
322.45	1159.69
322.51	1115.02
322.58	1078.33
322.64	1032.61
322.70	991.48
322.77	943.38
322.83	907.93
322.89	862.01
322.96	822.37
323.02	782.14
323.08	742.99
323.15	701.55
323.21	666.37
323.27	632.51
323.34	597.50
323.40	565.53
323.46	532.48
323.53	493.65
323.59	414.39
323.65	310.68
323.72	193.85
323.78	83.01
323.85	-16.01
323.91	-66.38
323.97	-85.46
324.04	-85.90
