180.21	3423.11
180.28	-125.04
180.36	631.95
180.44	-46.66
180.51	-14.98
180.59	9.36
180.66	37.35
180.74	36.42
180.81	36.04
180.89	38.80
180.97	39.94
181.04	38.27
181.12	37.49
181.19	38.78
181.27	40.15
181.34	58.04
181.42	65.79
181.50	72.81
181.57	84.00
181.65	88.52
181.72	81.94
181.80	77.51
181.87	78.74
181.95	81.03
182.03	83.92
182.10	90.73
182.18	98.29
182.25	110.35
182.33	119.86
182.40	137.37
182.48	143.39
182.55	166.12
182.63	182.45
182.71	196.80
182.78	212.12
182.86	230.45
182.93	225.49
183.01	216.29
183.08	201.41
183.16	190.00
183.23	176.62
183.31	188.60
183.39	204.96
183.46	237.90
183.54	263.07
183.61	305.92
183.69	341.01
183.76	392.13
183.84	433.86
183.91	479.40
183.99	534.55
184.06	578.51
184.14	625.78
184.22	681.00
184.29	712.63
184.37	721.92
184.44	729.33
184.52	682.13
184.59	588.96
184.67	510.36
184.74	437.60
184.82	394.08
184.89	403.24
184.97	471.64
185.04	561.20
185.12	652.29
185.20	749.45
185.27	843.65
185.35	943.60
185.42	1008.85
185.50	1082.98
185.57	1140.86
185.65	1186.05
185.72	1235.86
185.80	1320.24
185.87	1384.55
185.95	1472.89
186.02	1588.31
186.10	1638.81
186.17	1639.69
186.25	1568.40
186.33	1371.17
186.40	1146.87
186.48	993.24
186.55	912.67
186.63	938.72
186.70	1094.96
186.78	1269.36
186.85	1421.41
186.93	1550.85
187.00	1668.82
187.08	1785.43
187.15	1902.19
187.23	2037.23
187.30	2163.65
187.38	2277.99
187.45	2405.65
187.53	2531.53
187.60	2612.88
187.68	2729.42
187.75	2856.46
187.83	2921.91
187.90	2991.17
187.98	3071.83
188.05	3037.33
188.13	2836.97
188.21	2547.61
188.28	2261.80
188.36	2005.00
188.43	1860.98
188.51	1924.73
188.58	2137.20
188.66	2347.06
188.73	2557.69
188.81	2763.60
188.88	2925.12
188.96	3079.42
189.03	3220.85
189.11	3368.00
189.18	3492.55
189.26	3603.15
189.33	3720.07
189.41	3838.51
189.48	3917.50
189.56	4023.53
189.63	4141.17
189.71	4199.54
189.78	4268.76
189.86	4351.97
189.93	4376.96
190.01	4351.10
190.08	4268.10
190.16	4012.41
190.23	3634.08
190.31	3312.28
190.38	3093.50
190.46	3000.70
190.53	3103.38
190.61	3354.61
190.68	3592.68
190.76	3809.92
190.83	3993.88
190.91	4159.74
190.98	4320.50
191.06	4468.90
191.13	4615.42
191.21	4749.91
191.28	4863.78
191.35	4979.86
191.43	5084.17
191.50	5151.25
191.58	5233.96
191.65	5308.37
191.73	5338.11
191.80	5374.72
191.88	5393.25
191.95	5378.85
192.03	5378.35
192.10	5394.04
192.18	5388.95
192.25	5347.06
192.33	5204.13
192.40	4967.53
192.48	4736.40
192.55	4569.15
192.63	4491.43
192.70	4569.23
192.78	4765.93
192.85	4985.32
192.93	5183.28
193.00	5351.58
193.08	5492.50
193.15	5622.41
193.22	5712.00
193.30	5784.88
193.37	5857.20
193.45	5899.85
193.52	5942.06
193.60	6002.99
193.67	6054.11
193.75	6109.74
193.82	6172.84
193.90	6211.39
193.97	6248.97
194.05	6295.74
194.12	6331.13
194.20	6379.40
194.27	6434.00
194.34	6474.83
194.42	6500.31
194.49	6526.33
194.57	6528.78
194.64	6472.11
194.72	6364.36
194.79	6252.16
194.87	6142.82
194.94	6053.55
195.02	6029.10
195.09	6077.95
195.17	6158.56
195.24	6252.21
195.31	6370.59
195.39	6494.52
195.46	6615.24
195.54	6726.08
195.61	6823.55
195.69	6891.78
195.76	6945.15
195.84	6992.10
195.91	7017.42
195.99	7023.60
196.06	7027.20
196.13	7033.07
196.21	7027.79
196.28	7021.74
196.36	7012.70
196.43	6981.28
196.51	6936.66
196.58	6895.40
196.66	6874.96
196.73	6892.13
196.80	6946.68
196.88	7021.96
196.95	7116.45
197.03	7208.51
197.10	7270.18
197.18	7306.46
197.25	7330.06
197.33	7345.71
197.40	7355.33
197.47	7362.30
197.55	7383.62
197.62	7406.03
197.70	7420.36
197.77	7436.35
197.85	7453.18
197.92	7447.16
197.99	7410.25
198.07	7334.64
198.14	7244.49
198.22	7190.10
198.29	7191.95
198.37	7262.03
198.44	7390.39
198.51	7540.30
198.59	7676.93
198.66	7784.44
198.74	7862.00
198.81	7916.55
198.89	7954.64
198.96	7979.51
199.03	7987.33
199.11	7990.93
199.18	7987.53
199.26	7984.00
199.33	7990.91
199.41	8002.53
199.48	7973.65
199.55	7907.99
199.63	7815.65
199.70	7724.16
199.78	7648.48
199.85	7651.81
199.93	7743.09
200.00	7898.91
200.07	8061.49
200.15	8223.86
200.22	8349.64
200.30	8430.61
200.37	8483.70
200.44	8520.14
200.52	8549.32
200.59	8583.30
200.67	8606.86
200.74	8611.27
200.81	8607.26
200.89	8590.24
200.96	8579.67
201.04	8566.64
201.11	8539.20
201.19	8485.29
201.26	8435.70
201.33	8386.84
201.41	8379.67
201.48	8433.30
201.56	8551.38
201.63	8704.49
201.70	8852.91
201.78	8982.68
201.85	9086.84
201.93	9162.56
202.00	9215.97
202.07	9255.93
202.15	9281.85
202.22	9302.36
202.30	9325.90
202.37	9346.36
202.44	9371.19
202.52	9389.67
202.59	9396.79
202.67	9399.80
202.74	9403.82
202.81	9390.40
202.89	9357.45
202.96	9342.07
203.04	9361.29
203.11	9410.41
203.18	9512.55
203.26	9658.05
203.33	9804.86
203.41	9922.49
203.48	10011.04
203.55	10050.65
203.63	10084.72
203.70	10120.60
203.77	10158.06
203.85	10196.56
203.92	10247.15
204.00	10308.14
204.07	10361.96
204.14	10417.90
204.22	10461.62
204.29	10505.65
204.37	10527.19
204.44	10543.91
204.51	10558.71
204.59	10577.58
204.66	10598.20
204.73	10642.09
204.81	10709.84
204.88	10801.87
204.96	10908.83
205.03	11015.77
205.10	11109.05
205.18	11182.97
205.25	11232.66
205.32	11277.04
205.40	11326.41
205.47	11382.64
205.55	11444.73
205.62	11512.66
205.69	11586.76
205.77	11663.84
205.84	11737.25
205.91	11812.68
205.99	11887.00
206.06	11946.96
206.14	12003.02
206.21	12061.08
206.28	12104.68
206.36	12149.78
206.43	12197.23
206.50	12267.04
206.58	12341.62
206.65	12433.47
206.72	12517.06
206.80	12600.24
206.87	12662.28
206.95	12729.10
207.02	12799.30
207.09	12883.36
207.17	12981.33
207.24	13087.95
207.31	13188.53
207.39	13283.49
207.46	13370.62
207.53	13453.30
207.61	13535.28
207.68	13617.44
207.75	13703.73
207.83	13789.90
207.90	13868.75
207.98	13934.78
208.05	14002.46
208.12	14066.35
208.20	14138.53
208.27	14218.31
208.34	14301.92
208.42	14373.33
208.49	14451.32
208.56	14527.76
208.64	14613.29
208.71	14706.28
208.78	14808.40
208.86	14921.92
208.93	15035.56
209.00	15144.03
209.08	15256.64
209.15	15376.51
209.22	15486.44
209.30	15593.55
209.37	15699.92
209.44	15811.38
209.52	15912.97
209.59	16007.03
209.67	16105.47
209.74	16206.18
209.81	16301.91
209.89	16391.70
209.96	16487.99
210.03	16573.84
210.11	16652.00
210.18	16722.95
210.25	16802.56
210.33	16883.80
210.40	16981.20
210.47	17100.34
210.55	17229.27
210.62	17362.10
210.69	17490.06
210.77	17624.84
210.84	17748.83
210.91	17882.59
210.99	18005.62
211.06	18133.40
211.13	18253.64
211.21	18378.24
211.28	18484.30
211.35	18603.95
211.42	18728.99
211.50	18850.04
211.57	18962.11
211.64	19074.65
211.72	19176.49
211.79	19257.09
211.86	19342.32
211.94	19441.55
212.01	19549.86
212.08	19670.73
212.16	19806.80
212.23	19947.06
212.30	20083.56
212.38	20216.85
212.45	20359.87
212.52	20503.77
212.60	20636.52
212.67	20766.66
212.74	20899.17
212.82	21024.77
212.89	21151.81
212.96	21287.20
213.03	21424.73
213.11	21566.18
213.18	21694.65
213.25	21828.28
213.33	21945.33
213.40	22050.88
213.47	22156.35
213.55	22271.56
213.62	22374.96
213.69	22492.53
213.77	22628.44
213.84	22763.57
213.91	22909.46
213.98	23063.54
214.06	23222.70
214.13	23378.45
214.20	23525.88
214.28	23671.98
214.35	23815.84
214.42	23956.38
214.50	24091.02
214.57	24233.41
214.64	24373.79
214.72	24514.59
214.79	24653.43
214.86	24792.52
214.93	24934.26
215.01	25075.69
215.08	25204.31
215.15	25329.22
215.23	25442.51
215.30	25554.54
215.37	25669.99
215.44	25806.48
215.52	25954.95
215.59	26117.83
215.66	26276.35
215.74	26426.89
215.81	26567.20
215.88	26714.08
215.95	26846.84
216.03	26991.27
216.10	27141.09
216.17	27298.21
216.25	27445.50
216.32	27604.42
216.39	27755.69
216.46	27899.79
216.54	28032.38
216.61	28179.75
216.68	28319.40
216.76	28455.03
216.83	28592.91
216.90	28731.49
216.97	28855.31
217.05	28987.50
217.12	29120.18
217.19	29255.87
217.27	29395.90
217.34	29533.16
217.41	29664.44
217.48	29806.58
217.56	29951.37
217.63	30104.70
217.70	30257.36
217.78	30413.96
217.85	30561.03
217.92	30706.00
217.99	30847.28
218.07	30984.96
218.14	31126.01
218.21	31275.50
218.28	31420.29
218.36	31565.42
218.43	31711.89
218.50	31861.39
218.57	32002.74
218.65	32134.90
218.72	32255.76
218.79	32374.68
218.87	32483.60
218.94	32599.65
219.01	32722.97
219.08	32857.82
219.16	33002.96
219.23	33158.70
219.30	33310.35
219.37	33460.82
219.45	33608.27
219.52	33755.17
219.59	33895.61
219.66	34024.91
219.74	34155.24
219.81	34300.76
219.88	34432.70
219.95	34563.43
220.03	34710.76
220.10	34849.98
220.17	34982.25
220.24	35117.12
220.32	35247.78
220.39	35361.15
220.46	35480.91
220.53	35593.87
220.61	35705.02
220.68	35811.67
220.75	35929.62
220.82	36062.09
220.90	36186.35
220.97	36314.83
221.04	36444.18
221.11	36566.63
221.19	36686.23
221.26	36805.02
221.33	36926.50
221.40	37059.07
221.48	37190.95
221.55	37313.64
221.62	37435.45
221.69	37555.08
221.77	37678.67
221.84	37807.57
221.91	37927.43
221.98	38048.19
222.06	38171.77
222.13	38291.76
222.20	38398.39
222.27	38507.79
222.35	38620.97
222.42	38732.75
222.49	38837.95
222.56	38946.23
222.63	39060.82
222.71	39166.01
222.78	39273.50
222.85	39374.27
222.92	39484.84
223.00	39584.89
223.07	39699.09
223.14	39800.56
223.21	39909.19
223.29	40012.24
223.36	40127.61
223.43	40233.19
223.50	40344.69
223.57	40458.33
223.65	40580.02
223.72	40687.56
223.79	40795.77
223.86	40903.26
223.94	40999.79
224.01	41081.49
224.08	41165.48
224.15	41251.60
224.22	41341.39
224.30	41421.97
224.37	41509.63
224.44	41615.40
224.51	41707.06
224.59	41784.87
224.66	41878.97
224.73	41972.19
224.80	42054.21
224.87	42146.97
224.95	42257.76
225.02	42362.93
225.09	42460.32
225.16	42559.44
225.23	42659.05
225.31	42749.94
225.38	42837.10
225.45	42926.35
225.52	43010.10
225.60	43095.81
225.67	43173.24
225.74	43251.57
225.81	43335.53
225.88	43417.30
225.96	43496.36
226.03	43571.16
226.10	43647.79
226.17	43721.64
226.24	43805.12
226.32	43881.57
226.39	43972.39
226.46	44044.25
226.53	44126.70
226.60	44200.52
226.68	44288.16
226.75	44370.35
226.82	44471.05
226.89	44558.75
226.96	44642.36
227.04	44699.45
227.11	44749.35
227.18	44798.83
227.25	44848.08
227.32	44895.68
227.40	44967.88
227.47	45049.36
227.54	45131.50
227.61	45213.19
227.68	45301.16
227.76	45379.92
227.83	45448.23
227.90	45513.41
227.97	45576.30
228.04	45643.14
228.11	45704.00
228.19	45759.39
228.26	45824.10
228.33	45885.77
228.40	45938.86
228.47	45994.33
228.55	46056.15
228.62	46113.83
228.69	46182.87
228.76	46241.17
228.83	46301.21
228.90	46365.64
228.98	46421.92
229.05	46481.33
229.12	46551.81
229.19	46621.10
229.26	46684.41
229.34	46750.05
229.41	46805.32
229.48	46846.94
229.55	46895.75
229.62	46950.68
229.69	47007.26
229.77	47062.27
229.84	47130.20
229.91	47187.85
229.98	47235.11
230.05	47279.05
230.12	47316.52
230.20	47365.21
230.27	47411.28
230.34	47467.62
230.41	47531.61
230.48	47599.40
230.55	47654.82
230.63	47717.19
230.70	47785.63
230.77	47839.98
230.84	47887.86
230.91	47923.17
230.98	47957.49
231.06	47991.32
231.13	48035.90
231.20	48098.97
231.27	48175.65
231.34	48245.10
231.41	48301.15
231.49	48354.10
231.56	48402.53
231.63	48442.65
231.70	48489.21
231.77	48537.76
231.84	48579.55
231.92	48608.31
231.99	48637.64
232.06	48660.69
232.13	48688.53
232.20	48728.36
232.27	48772.62
232.34	48820.45
232.42	48865.25
232.49	48904.42
232.56	48939.70
232.63	48979.12
232.70	49013.93
232.77	49070.66
232.85	49126.03
232.92	49170.98
232.99	49207.25
233.06	49242.90
233.13	49262.20
233.20	49281.22
233.27	49296.69
233.35	49308.50
233.42	49319.68
233.49	49334.40
233.56	49360.91
233.63	49387.29
233.70	49428.13
233.77	49474.24
233.85	49512.95
233.92	49555.02
233.99	49595.02
234.06	49625.69
234.13	49652.38
234.20	49683.94
234.27	49699.56
234.35	49723.89
234.42	49743.90
234.49	49759.31
234.56	49775.23
234.63	49789.63
234.70	49806.66
234.77	49821.19
234.84	49834.11
234.92	49842.71
234.99	49852.91
235.06	49857.00
235.13	49863.50
235.20	49879.46
235.27	49901.45
235.34	49916.23
235.41	49941.85
235.49	49966.59
235.56	49984.77
235.63	49992.35
235.70	50008.17
235.77	50009.96
235.84	50017.39
235.91	50020.93
235.98	50026.87
236.06	50021.64
236.13	50018.62
236.20	50007.47
236.27	49984.92
236.34	49968.18
236.41	49953.55
236.48	49939.62
236.55	49930.96
236.63	49936.46
236.70	49935.42
236.77	49943.25
236.84	49957.45
236.91	49974.45
236.98	49981.21
237.05	49998.14
237.12	49995.61
237.19	49985.83
237.27	49974.03
237.34	49979.53
237.41	49980.14
237.48	49980.36
237.55	49981.25
237.62	49980.21
237.69	49976.96
237.76	49968.85
237.83	49974.91
237.91	49982.02
237.98	49984.03
238.05	49977.95
238.12	49971.63
238.19	49965.79
238.26	49967.23
238.33	49962.84
238.40	49957.16
238.47	49953.00
238.54	49943.89
238.62	49918.95
238.69	49904.90
238.76	49897.33
238.83	49886.70
238.90	49883.10
238.97	49878.22
239.04	49877.77
239.11	49879.79
239.18	49882.42
239.25	49875.06
239.33	49864.11
239.40	49850.40
239.47	49822.20
239.54	49786.21
239.61	49759.87
239.68	49733.42
239.75	49711.16
239.82	49694.87
239.89	49685.34
239.96	49685.40
240.03	49691.13
240.11	49694.72
240.18	49701.05
240.25	49700.14
240.32	49687.61
240.39	49677.58
240.46	49658.55
240.53	49646.04
240.60	49642.73
240.67	49640.19
240.74	49635.97
240.81	49638.94
240.88	49638.86
240.96	49624.86
241.03	49614.35
241.10	49610.28
241.17	49597.10
241.24	49579.90
241.31	49584.90
241.38	49579.78
241.45	49569.19
241.52	49565.81
241.59	49560.78
241.66	49544.57
241.73	49533.89
241.80	49522.47
241.88	49504.83
241.95	49485.88
242.02	49469.57
242.09	49441.46
242.16	49416.33
242.23	49406.72
242.30	49396.62
242.37	49380.78
242.44	49385.31
242.51	49378.41
242.58	49373.57
242.65	49370.03
242.72	49370.10
242.79	49357.08
242.87	49363.45
242.94	49346.09
243.01	49339.12
243.08	49336.15
243.15	49331.93
243.22	49318.42
243.29	49331.74
243.36	49330.95
243.43	49332.07
243.50	49350.98
243.57	49364.49
243.64	49363.45
243.71	49369.53
243.78	49373.60
243.85	49361.34
243.92	49357.95
243.99	49350.91
244.07	49343.01
244.14	49330.00
244.21	49320.83
244.28	49309.07
244.35	49296.86
244.42	49288.74
244.49	49279.87
244.56	49280.54
244.63	49278.18
244.70	49282.76
244.77	49286.71
244.84	49295.75
244.91	49305.64
244.98	49323.34
245.05	49328.05
245.12	49344.22
245.19	49353.54
245.26	49351.26
245.33	49354.42
245.40	49385.12
245.47	49406.24
245.55	49431.43
245.62	49449.69
245.69	49451.60
245.76	49446.67
245.83	49440.86
245.90	49431.06
245.97	49431.90
246.04	49446.24
246.11	49453.96
246.18	49451.29
246.25	49448.04
246.32	49449.14
246.39	49448.66
246.46	49445.10
246.53	49458.53
246.60	49473.11
246.67	49485.55
246.74	49499.35
246.81	49517.90
246.88	49528.52
246.95	49549.28
247.02	49568.66
247.09	49588.42
247.16	49594.42
247.23	49592.89
247.30	49580.40
247.37	49564.17
247.44	49560.83
247.51	49569.71
247.58	49591.33
247.66	49623.38
247.73	49661.80
247.80	49686.28
247.87	49713.09
247.94	49739.80
248.01	49768.34
248.08	49793.63
248.15	49816.67
248.22	49839.96
248.29	49862.21
248.36	49875.81
248.43	49888.21
248.50	49903.11
248.57	49913.14
248.64	49920.23
248.71	49932.98
248.78	49953.74
248.85	49967.20
248.92	49984.61
248.99	49987.94
249.06	49996.50
249.13	49995.67
249.20	50006.90
249.27	50015.38
249.34	50032.05
249.41	50036.53
249.48	50031.64
249.55	50013.66
249.62	50009.20
249.69	50013.58
249.76	50037.05
249.83	50073.24
249.90	50122.38
249.97	50158.69
250.04	50202.30
250.11	50237.35
250.18	50261.81
250.25	50277.42
250.32	50286.98
250.39	50298.38
250.46	50307.04
250.53	50327.60
250.60	50349.85
250.67	50371.84
250.74	50382.46
250.81	50386.91
250.88	50390.06
250.95	50400.55
251.02	50418.96
251.09	50434.14
251.16	50457.97
251.23	50477.43
251.30	50489.52
251.37	50497.63
251.44	50507.22
251.51	50512.09
251.58	50526.84
251.65	50539.60
251.72	50549.79
251.79	50568.13
251.86	50586.92
251.93	50594.90
252.00	50593.95
252.07	50602.26
252.14	50603.78
252.21	50597.97
252.28	50600.38
252.35	50618.30
252.42	50635.93
252.49	50647.96
252.56	50657.75
252.63	50660.88
252.70	50655.69
252.77	50654.40
252.84	50659.71
252.91	50669.63
252.98	50691.95
253.05	50711.42
253.12	50718.59
253.19	50718.21
253.25	50734.83
253.32	50735.39
253.39	50750.70
253.46	50770.27
253.53	50793.35
253.60	50799.18
253.67	50804.32
253.74	50811.79
253.81	50821.41
253.88	50829.43
253.95	50839.21
254.02	50853.87
254.09	50867.02
254.16	50876.06
254.23	50879.62
254.30	50882.77
254.37	50894.17
254.44	50902.53
254.51	50907.89
254.58	50920.00
254.65	50929.50
254.72	50927.80
254.79	50910.80
254.86	50905.97
254.93	50891.35
255.00	50886.28
255.07	50883.77
255.14	50895.24
255.21	50886.44
255.28	50881.91
255.34	50859.31
255.41	50847.13
255.48	50827.25
255.55	50820.37
255.62	50828.31
255.69	50844.61
255.76	50851.65
255.83	50858.75
255.90	50864.22
255.97	50867.32
256.04	50863.47
256.11	50868.95
256.18	50868.13
256.25	50861.10
256.32	50849.50
256.39	50852.88
256.46	50841.41
256.53	50839.76
256.60	50838.85
256.67	50838.41
256.74	50832.36
256.80	50837.36
256.87	50831.11
256.94	50830.29
257.01	50826.08
257.08	50821.87
257.15	50804.05
257.22	50793.27
257.29	50768.05
257.36	50741.80
257.43	50716.08
257.50	50702.45
257.57	50680.01
257.64	50673.09
257.71	50650.61
257.78	50630.85
257.85	50603.63
257.92	50589.52
257.98	50576.92
258.05	50580.05
258.12	50566.05
258.19	50551.43
258.26	50532.31
258.33	50513.32
258.40	50499.93
258.47	50494.74
258.54	50494.00
258.61	50493.68
258.68	50485.31
258.75	50471.97
258.82	50458.79
258.89	50439.24
258.95	50418.65
259.02	50406.65
259.09	50385.05
259.16	50365.45
259.23	50342.45
259.30	50322.42
259.37	50302.52
259.44	50281.05
259.51	50259.38
259.58	50250.24
259.65	50229.87
259.72	50204.82
259.79	50173.96
259.85	50148.25
259.92	50110.32
259.99	50078.33
260.06	50048.85
260.13	50029.85
260.20	50001.43
260.27	49965.54
260.34	49931.95
260.41	49901.05
260.48	49872.89
260.55	49850.85
260.62	49844.03
260.68	49826.58
260.75	49794.21
260.82	49772.40
260.89	49748.15
260.96	49723.72
261.03	49701.28
261.10	49682.86
261.17	49653.58
261.24	49616.11
261.31	49580.53
261.38	49550.84
261.44	49521.90
261.51	49480.70
261.58	49448.01
261.65	49402.34
261.72	49356.27
261.79	49305.61
261.86	49271.54
261.93	49247.10
262.00	49226.28
262.07	49199.13
262.13	49175.62
262.20	49143.27
262.27	49093.25
262.34	49055.63
262.41	49020.97
262.48	48983.98
262.55	48956.07
262.62	48927.53
262.69	48887.23
262.76	48854.71
262.82	48826.97
262.89	48795.38
262.96	48768.92
263.03	48742.99
263.10	48708.72
263.17	48672.29
263.24	48628.68
263.31	48594.82
263.38	48552.30
263.44	48521.30
263.51	48476.31
263.58	48438.13
263.65	48388.99
263.72	48340.60
263.79	48292.17
263.86	48254.57
263.93	48215.34
264.00	48185.10
264.06	48160.60
264.13	48125.65
264.20	48092.76
264.27	48047.28
264.34	48005.75
264.41	47965.49
264.48	47922.51
264.55	47873.69
264.61	47838.28
264.68	47789.75
264.75	47743.28
264.82	47693.07
264.89	47651.90
264.96	47603.38
265.03	47562.72
265.10	47531.09
265.16	47497.71
265.23	47465.49
265.30	47446.00
265.37	47410.58
265.44	47360.24
265.51	47319.89
265.58	47271.53
265.65	47207.74
265.71	47159.11
265.78	47119.34
265.85	47076.85
265.92	47042.41
265.99	47007.06
266.06	46969.66
266.13	46922.90
266.20	46886.07
266.26	46845.53
266.33	46810.02
266.40	46767.19
266.47	46723.76
266.54	46660.36
266.61	46595.60
266.68	46534.53
266.74	46476.15
266.81	46419.42
266.88	46374.18
266.95	46321.18
267.02	46275.59
267.09	46225.81
267.16	46183.82
267.22	46144.30
267.29	46110.69
267.36	46072.35
267.43	46036.12
267.50	45995.33
267.57	45959.38
267.64	45927.30
267.70	45891.28
267.77	45858.41
267.84	45825.58
267.91	45782.16
267.98	45728.50
268.05	45677.33
268.11	45627.41
268.18	45574.43
268.25	45524.58
268.32	45482.92
268.39	45445.48
268.46	45408.92
268.53	45367.48
268.59	45329.69
268.66	45295.13
268.73	45253.13
268.80	45204.54
268.87	45160.62
268.94	45119.83
269.00	45079.64
269.07	45041.76
269.14	45019.11
269.21	44993.86
269.28	44964.44
269.35	44922.08
269.41	44883.36
269.48	44831.99
269.55	44774.23
269.62	44717.08
269.69	44676.77
269.76	44623.06
269.82	44588.74
269.89	44561.01
269.96	44533.64
270.03	44501.04
270.10	44477.45
270.17	44429.38
270.23	44393.20
270.30	44347.64
270.37	44313.18
270.44	44282.92
270.51	44256.61
270.58	44218.75
270.64	44193.51
270.71	44153.41
270.78	44120.66
270.85	44089.65
270.92	44061.68
270.99	44031.75
271.05	44005.87
271.12	43962.87
271.19	43924.49
271.26	43882.42
271.33	43840.83
271.39	43803.55
271.46	43761.26
271.53	43725.11
271.60	43701.63
271.67	43675.12
271.74	43641.68
271.80	43617.90
271.87	43593.86
271.94	43560.67
272.01	43521.32
272.08	43491.87
272.14	43455.33
272.21	43419.18
272.28	43395.39
272.35	43380.59
272.42	43355.08
272.48	43340.62
272.55	43319.60
272.62	43295.11
272.69	43273.95
272.76	43261.42
272.83	43240.58
272.89	43216.70
272.96	43184.81
273.03	43149.76
273.10	43110.81
273.17	43080.19
273.23	43050.60
273.30	43030.90
273.37	43007.25
273.44	42985.42
273.51	42959.98
273.57	42943.37
273.64	42921.25
273.71	42900.48
273.78	42874.92
273.85	42859.55
273.91	42834.65
273.98	42819.68
274.05	42812.16
274.12	42799.67
274.19	42782.27
274.25	42764.59
274.32	42734.60
274.39	42692.95
274.46	42655.61
274.53	42605.09
274.59	42553.65
274.66	42518.23
274.73	42493.98
274.80	42466.50
274.86	42446.15
274.93	42434.90
275.00	42399.46
275.07	42356.75
275.14	42325.57
275.20	42292.64
275.27	42260.93
275.34	42241.78
275.41	42231.72
275.48	42215.94
275.54	42202.30
275.61	42186.70
275.68	42170.39
275.75	42144.45
275.81	42112.88
275.88	42095.19
275.95	42073.11
276.02	42040.68
276.09	42014.02
276.15	41993.97
276.22	41963.13
276.29	41940.20
276.36	41914.00
276.42	41888.14
276.49	41858.47
276.56	41829.98
276.63	41796.92
276.70	41783.41
276.76	41770.50
276.83	41760.76
276.90	41744.27
276.97	41727.82
277.03	41707.62
277.10	41676.90
277.17	41657.46
277.24	41641.19
277.30	41623.86
277.37	41606.72
277.44	41594.50
277.51	41571.34
277.58	41548.43
277.64	41529.60
277.71	41509.83
277.78	41486.01
277.85	41457.14
277.91	41428.32
277.98	41400.18
278.05	41371.62
278.12	41360.88
278.18	41347.71
278.25	41338.67
278.32	41316.21
278.39	41302.26
278.45	41269.66
278.52	41256.73
278.59	41237.15
278.66	41229.13
278.72	41207.24
278.79	41192.15
278.86	41166.27
278.93	41152.75
278.99	41135.76
279.06	41123.66
279.13	41102.56
279.20	41082.53
279.26	41060.42
279.33	41035.45
279.40	41008.50
279.47	40992.15
279.53	40969.11
279.60	40944.60
279.67	40914.36
279.74	40884.83
279.80	40855.49
279.87	40834.95
279.94	40816.62
280.01	40810.57
280.07	40795.92
280.14	40779.97
280.21	40758.55
280.28	40731.97
280.34	40700.15
280.41	40675.02
280.48	40645.17
280.55	40618.97
280.61	40594.29
280.68	40575.98
280.75	40550.13
280.82	40525.26
280.88	40497.74
280.95	40445.81
281.02	40385.91
281.08	40320.63
281.15	40246.41
281.22	40178.70
281.29	40126.87
281.35	40073.24
281.42	40032.22
281.49	40005.49
281.56	39969.20
281.62	39939.23
281.69	39907.62
281.76	39877.13
281.82	39842.97
281.89	39809.38
281.96	39783.26
282.03	39760.82
282.09	39741.51
282.16	39717.23
282.23	39692.27
282.30	39670.10
282.36	39646.33
282.43	39622.43
282.50	39610.50
282.56	39590.03
282.63	39569.04
282.70	39549.30
282.77	39537.95
282.83	39518.31
282.90	39507.23
282.97	39484.39
283.03	39463.82
283.10	39432.93
283.17	39409.29
283.24	39385.53
283.30	39357.24
283.37	39328.67
283.44	39305.97
283.50	39275.13
283.57	39256.40
283.64	39235.75
283.71	39211.60
283.77	39172.60
283.84	39145.94
283.91	39097.90
283.97	39067.67
284.04	39056.22
284.11	39058.12
284.18	39065.28
284.24	39083.63
284.31	39093.14
284.38	39094.51
284.44	39084.57
284.51	39060.99
284.58	39045.66
284.64	39030.68
284.71	39022.19
284.78	39015.12
284.85	39007.71
284.91	38993.37
284.98	38979.04
285.05	38943.60
285.11	38920.21
285.18	38900.51
285.25	38884.12
285.31	38876.94
285.38	38878.95
285.45	38878.22
285.52	38875.79
285.58	38871.83
285.65	38861.50
285.72	38843.70
285.78	38828.41
285.85	38820.12
285.92	38799.49
285.98	38777.40
286.05	38766.84
286.12	38756.55
286.18	38740.57
286.25	38739.33
286.32	38739.38
286.39	38742.73
286.45	38741.60
286.52	38737.78
286.59	38725.48
286.65	38719.98
286.72	38714.91
286.79	38700.17
286.85	38683.41
286.92	38672.00
286.99	38656.06
287.05	38630.26
287.12	38631.30
287.19	38629.72
287.25	38629.27
287.32	38627.93
287.39	38631.80
287.45	38626.30
287.52	38627.30
287.59	38627.23
287.65	38625.02
287.72	38617.49
287.79	38605.56
287.86	38591.27
287.92	38576.21
287.99	38564.68
288.06	38560.84
288.12	38553.92
288.19	38551.94
288.26	38540.85
288.32	38535.97
288.39	38529.00
288.46	38525.27
288.52	38520.68
288.59	38528.68
288.66	38527.74
288.72	38529.02
288.79	38528.37
288.86	38532.27
288.92	38529.10
288.99	38522.56
289.06	38522.39
289.12	38517.18
289.19	38510.98
289.26	38516.49
289.32	38530.83
289.39	38533.62
289.45	38544.90
289.52	38542.20
289.59	38544.12
289.65	38545.69
289.72	38547.79
289.79	38553.84
289.85	38569.74
289.92	38579.33
289.99	38586.04
290.05	38584.35
290.12	38573.35
290.19	38568.91
290.25	38559.56
290.32	38554.99
290.39	38566.66
290.45	38577.18
290.52	38583.00
290.59	38587.94
290.65	38582.66
290.72	38574.46
290.79	38574.22
290.85	38580.48
290.92	38595.45
290.98	38613.48
291.05	38624.47
291.12	38634.20
291.18	38637.84
291.25	38635.47
291.32	38631.94
291.38	38628.01
291.45	38625.22
291.52	38622.29
291.58	38625.39
291.65	38633.24
291.72	38656.06
291.78	38680.29
291.85	38700.46
291.91	38712.94
291.98	38742.47
292.05	38745.37
292.11	38753.66
292.18	38762.42
292.25	38771.58
292.31	38761.43
292.38	38769.49
292.45	38767.60
292.51	38774.02
292.58	38779.78
292.64	38787.69
292.71	38794.97
292.78	38810.21
292.84	38810.68
292.91	38821.83
292.98	38834.51
293.04	38843.13
293.11	38845.50
293.17	38858.25
293.24	38873.00
293.31	38886.89
293.37	38906.42
293.44	38916.19
293.51	38934.30
293.57	38943.10
293.64	38947.25
293.70	38956.53
293.77	38970.33
293.84	38980.93
293.90	38982.91
293.97	38990.05
294.04	38995.05
294.10	39005.98
294.17	39015.17
294.23	39036.81
294.30	39052.64
294.37	39067.79
294.43	39083.89
294.50	39092.91
294.56	39104.00
294.63	39114.42
294.70	39125.84
294.76	39140.22
294.83	39155.90
294.90	39167.81
294.96	39186.41
295.03	39201.97
295.09	39224.27
295.16	39248.15
295.23	39260.73
295.29	39274.82
295.36	39286.25
295.42	39284.32
295.49	39286.29
295.56	39305.53
295.62	39320.50
295.69	39333.39
295.75	39353.27
295.82	39377.08
295.89	39389.16
295.95	39398.07
296.02	39408.60
296.08	39407.70
296.15	39402.27
296.22	39410.90
296.28	39430.34
296.35	39447.23
296.41	39473.02
296.48	39497.07
296.55	39519.10
296.61	39530.58
296.68	39555.10
296.74	39581.15
296.81	39612.65
296.88	39630.55
296.94	39658.65
297.01	39677.48
297.07	39690.45
297.14	39698.50
297.20	39707.07
297.27	39716.40
297.34	39736.70
297.40	39762.05
297.47	39774.78
297.53	39796.20
297.60	39814.81
297.67	39820.44
297.73	39828.65
297.80	39841.60
297.86	39846.66
297.93	39853.64
298.00	39869.51
298.06	39881.77
298.13	39907.17
298.19	39930.33
298.26	39951.38
298.32	39969.81
298.39	39992.46
298.46	39996.30
298.52	40012.19
298.59	40028.01
298.65	40036.27
298.72	40048.39
298.78	40074.65
298.85	40093.95
298.92	40110.68
298.98	40134.74
299.05	40150.63
299.11	40160.92
299.18	40175.80
299.24	40187.42
299.31	40195.78
299.38	40205.32
299.44	40216.06
299.51	40230.48
299.57	40243.40
299.64	40264.07
299.70	40279.76
299.77	40291.91
299.84	40299.13
299.90	40298.91
299.97	40293.81
300.03	40292.11
300.10	40306.20
300.16	40320.71
300.23	40338.65
300.30	40356.12
300.36	40373.15
300.43	40391.01
300.49	40399.39
300.56	40425.75
300.62	40453.60
300.69	40477.70
300.75	40491.10
300.82	40506.85
300.89	40507.52
300.95	40512.89
301.02	40515.15
301.08	40519.60
301.15	40527.07
301.21	40537.53
301.28	40546.83
301.34	40558.83
301.41	40565.78
301.48	40568.60
301.54	40562.17
301.61	40561.77
301.67	40558.07
301.74	40567.27
301.80	40572.19
301.87	40581.04
301.93	40579.77
302.00	40581.74
302.06	40562.20
302.13	40551.74
302.20	40551.42
302.26	40545.07
302.33	40546.22
302.39	40549.81
302.46	40549.78
302.52	40545.29
302.59	40551.89
302.65	40547.97
302.72	40559.52
302.78	40566.19
302.85	40571.60
302.91	40566.63
302.98	40566.38
303.05	40548.34
303.11	40543.11
303.18	40535.71
303.24	40536.13
303.31	40524.28
303.37	40524.95
303.44	40515.26
303.50	40505.94
303.57	40483.82
303.63	40472.90
303.70	40455.18
303.76	40438.60
303.83	40427.46
303.89	40417.70
303.96	40412.70
304.03	40405.21
304.09	40400.46
304.16	40380.01
304.22	40361.19
304.29	40339.81
304.35	40316.02
304.42	40297.18
304.48	40283.15
304.55	40268.06
304.61	40254.38
304.68	40248.28
304.74	40247.21
304.81	40242.49
304.87	40225.48
304.94	40203.85
305.00	40179.38
305.07	40136.45
305.13	40104.98
305.20	40087.23
305.26	40072.37
305.33	40058.47
305.39	40047.93
305.46	40027.84
305.52	40006.83
305.59	39986.06
305.66	39962.15
305.72	39938.79
305.79	39911.85
305.85	39881.42
305.92	39843.17
305.98	39783.19
306.05	39652.09
306.11	39427.85
306.18	39139.16
306.24	38881.09
306.31	38741.99
306.37	38758.60
306.44	38923.55
306.50	39170.50
306.57	39386.66
306.63	39509.20
306.70	39534.59
306.76	39514.61
306.83	39475.85
306.89	39433.98
306.96	39390.45
307.02	39357.21
307.09	39327.16
307.15	39299.52
307.22	39276.43
307.28	39243.32
307.35	39207.96
307.41	39168.49
307.48	39124.07
307.54	39083.69
307.61	39051.98
307.67	39014.17
307.74	38971.96
307.80	38931.05
307.87	38890.70
307.93	38848.84
308.00	38811.85
308.06	38785.38
308.13	38752.86
308.19	38710.46
308.26	38673.14
308.32	38639.85
308.38	38605.00
308.45	38569.46
308.51	38549.30
308.58	38508.77
308.64	38459.78
308.71	38412.86
308.77	38371.28
308.84	38314.91
308.90	38290.23
308.97	38272.52
309.03	38254.85
309.10	38232.71
309.16	38204.34
309.23	38153.16
309.29	38104.76
309.36	38034.26
309.42	37971.93
309.49	37913.50
309.55	37858.62
309.62	37797.17
309.68	37758.12
309.75	37711.63
309.81	37671.81
309.88	37632.93
309.94	37591.75
310.00	37545.37
310.07	37499.60
310.13	37462.10
310.20	37422.47
310.26	37388.09
310.33	37343.89
310.39	37312.06
310.46	37268.63
310.52	37226.19
310.59	37182.01
310.65	37150.10
310.72	37103.05
310.78	37054.41
310.85	37005.01
310.91	36966.35
310.97	36922.29
311.04	36882.10
311.10	36837.70
311.17	36796.84
311.23	36753.70
311.30	36709.13
311.36	36664.24
311.43	36639.81
311.49	36600.32
311.56	36557.40
311.62	36510.52
311.69	36470.25
311.75	36419.93
311.81	36369.23
311.88	36327.86
311.94	36292.11
312.01	36267.66
312.07	36231.14
312.14	36211.00
312.20	36179.95
312.27	36145.44
312.33	36087.40
312.40	36033.69
312.46	35973.27
312.52	35924.25
312.59	35872.61
312.65	35829.16
312.72	35787.77
312.78	35744.88
312.85	35685.83
312.91	35632.33
312.98	35579.63
313.04	35530.87
313.10	35489.67
313.17	35451.30
313.23	35423.63
313.30	35392.02
313.36	35343.14
313.43	35288.59
313.49	35238.60
313.56	35176.87
313.62	35121.53
313.68	35077.19
313.75	35046.09
313.81	35012.56
313.88	34967.10
313.94	34926.81
314.01	34891.45
314.07	34851.15
314.13	34804.47
314.20	34778.18
314.26	34739.66
314.33	34695.87
314.39	34653.06
314.46	34594.35
314.52	34538.40
314.58	34479.47
314.65	34429.47
314.71	34373.41
314.78	34334.02
314.84	34284.60
314.91	34243.98
314.97	34198.78
315.03	34157.57
315.10	34126.05
315.16	34080.95
315.23	34045.17
315.29	34005.38
315.36	33961.70
315.42	33908.03
315.48	33866.11
315.55	33815.47
315.61	33760.95
315.68	33717.79
315.74	33680.75
315.81	33644.90
315.87	33601.24
315.93	33572.98
316.00	33540.64
316.06	33508.29
316.13	33483.15
316.19	33449.39
316.25	33389.92
316.32	33297.65
316.38	33179.91
316.45	33026.36
316.51	32862.70
316.58	32691.19
316.64	32508.86
316.70	32320.93
316.77	32123.64
316.83	31911.62
316.90	31675.72
316.96	31435.57
317.02	31181.03
317.09	30913.17
317.15	30633.95
317.22	30340.78
317.28	30029.39
317.34	29701.56
317.41	29361.75
317.47	29010.08
317.54	28638.56
317.60	28257.30
317.66	27857.38
317.73	27440.61
317.79	27010.44
317.86	26579.57
317.92	26127.35
317.98	25657.68
318.05	25172.14
318.11	24673.34
318.18	24168.29
318.24	23650.09
318.30	23122.69
318.37	22589.20
318.43	22038.93
318.50	21470.80
318.56	20896.24
318.62	20331.99
318.69	19757.10
318.75	19185.11
318.82	18610.82
318.88	18036.85
318.94	17454.31
319.01	16872.65
319.07	16300.12
319.13	15722.24
319.20	15148.12
319.26	14572.18
319.33	14004.88
319.39	13428.09
319.45	12876.20
319.52	12334.69
319.58	11799.98
319.65	11273.05
319.71	10758.77
319.77	10247.12
319.84	9750.33
319.90	9270.39
319.96	8797.43
320.03	8339.42
320.09	7896.08
320.16	7456.30
320.22	7035.77
320.28	6635.29
320.35	6251.23
320.41	5883.95
320.47	5537.77
320.54	5201.08
320.60	4883.23
320.67	4581.18
320.73	4291.73
320.79	4015.60
320.86	3762.08
320.92	3517.31
320.98	3289.43
321.05	3076.06
321.11	2873.11
321.18	2681.17
321.24	2507.47
321.30	2340.50
321.37	2187.06
321.43	2057.10
321.49	1931.38
321.56	1816.40
321.62	1713.47
321.68	1615.70
321.75	1522.09
321.81	1440.53
321.88	1363.21
321.94	1297.96
322.00	1240.08
322.07	1180.72
322.13	1126.88
322.19	1075.77
322.26	1024.15
322.32	979.01
322.38	943.39
322.45	913.03
322.51	881.47
322.58	856.15
322.64	824.75
322.70	797.66
322.77	764.59
322.83	744.13
322.89	713.35
322.96	688.32
323.02	661.78
323.08	636.18
323.15	607.82
323.21	586.31
323.27	564.92
323.34	542.06
323.40	520.31
323.46	497.48
323.53	468.97
323.59	398.11
323.65	300.47
323.72	189.21
323.78	81.90
323.85	-16.37
323.91	-66.55
323.97	-85.26
324.04	-85.65
