180.21	3430.34
180.28	-126.40
180.36	633.19
180.44	-47.47
180.51	-15.97
180.59	8.03
180.66	35.91
180.74	33.63
180.81	33.41
180.89	35.92
180.97	36.77
181.04	34.68
181.12	33.63
181.19	34.09
181.27	34.17
181.34	50.10
181.42	56.94
181.50	64.52
181.57	75.92
181.65	81.63
181.72	76.97
181.80	72.39
181.87	72.64
181.95	73.10
182.03	72.67
182.10	75.80
182.18	79.17
182.25	85.99
182.33	88.39
182.40	98.59
182.48	97.86
182.55	113.20
182.63	122.03
182.71	130.10
182.78	139.12
182.86	153.37
182.93	153.23
183.01	152.90
183.08	148.37
183.16	146.86
183.23	137.83
183.31	145.48
183.39	152.48
183.46	172.97
183.54	183.30
183.61	211.60
183.69	232.29
183.76	265.84
183.84	292.30
183.91	321.06
183.99	361.94
184.06	393.68
184.14	425.61
184.22	470.91
184.29	504.55
184.37	514.68
184.44	531.76
184.52	519.63
184.59	462.29
184.67	408.55
184.74	358.15
184.82	323.93
184.89	320.55
184.97	364.58
185.04	434.25
185.12	503.92
185.20	582.93
185.27	657.45
185.35	744.45
185.42	803.05
185.50	866.22
185.57	922.01
185.65	964.84
185.72	1003.80
185.80	1081.33
185.87	1138.65
185.95	1205.08
186.02	1319.37
186.10	1387.58
186.17	1413.44
186.25	1403.80
186.33	1262.97
186.40	1063.43
186.48	917.06
186.55	822.67
186.63	808.40
186.70	931.73
186.78	1094.44
186.85	1236.98
186.93	1361.63
187.00	1465.62
187.08	1579.40
187.15	1686.62
187.23	1811.62
187.30	1942.32
187.38	2050.53
187.45	2166.67
187.53	2301.19
187.60	2380.26
187.68	2481.85
187.75	2626.89
187.83	2697.59
187.90	2754.99
187.98	2866.63
188.05	2892.04
188.13	2750.17
188.21	2497.90
188.28	2231.82
188.36	1968.04
188.43	1777.06
188.51	1782.86
188.58	1973.28
188.66	2183.25
188.73	2384.55
188.81	2599.03
188.88	2758.29
188.96	2917.98
189.03	3053.22
189.11	3198.46
189.18	3330.09
189.26	3440.56
189.33	3550.87
189.41	3679.97
189.48	3761.48
189.56	3855.81
189.63	3989.84
189.71	4051.47
189.78	4113.23
189.86	4213.22
189.93	4263.38
190.01	4257.15
190.08	4232.20
190.16	4046.87
190.23	3680.30
190.31	3335.40
190.38	3090.25
190.46	2948.06
190.53	2989.92
190.61	3226.97
190.68	3475.14
190.76	3694.97
190.83	3886.41
190.91	4045.28
190.98	4215.00
191.06	4360.94
191.13	4513.13
191.21	4649.07
191.28	4766.59
191.35	4883.13
191.43	5001.86
191.50	5071.98
191.58	5158.30
191.65	5252.52
191.73	5281.49
191.80	5322.46
191.88	5359.87
191.95	5351.07
192.03	5348.22
192.10	5374.61
192.18	5380.74
192.25	5363.67
192.33	5257.70
192.40	5029.80
192.48	4783.81
192.55	4592.48
192.63	4471.89
192.70	4504.46
192.78	4685.92
192.85	4914.25
192.93	5116.48
193.00	5300.64
193.08	5448.88
193.15	5601.45
193.22	5705.45
193.30	5791.25
193.37	5867.54
193.45	5908.02
193.52	5938.56
193.60	5993.24
193.67	6040.07
193.75	6088.43
193.82	6159.09
193.90	6195.71
193.97	6228.87
194.05	6272.47
194.12	6309.50
194.20	6357.46
194.27	6421.18
194.34	6474.77
194.42	6512.53
194.49	6546.72
194.57	6569.00
194.64	6536.95
194.72	6440.76
194.79	6334.10
194.87	6229.70
194.94	6128.41
195.02	6076.85
195.09	6105.81
195.17	6176.26
195.24	6258.74
195.31	6370.51
195.39	6490.06
195.46	6617.32
195.54	6730.67
195.61	6833.71
195.69	6907.55
195.76	6964.77
195.84	7013.30
195.91	7049.37
195.99	7074.60
196.06	7094.77
196.13	7120.85
196.21	7128.09
196.28	7131.78
196.36	7119.39
196.43	7081.20
196.51	7027.73
196.58	6969.57
196.66	6928.16
196.73	6925.96
196.80	6970.94
196.88	7041.68
196.95	7139.49
197.03	7237.77
197.10	7310.78
197.18	7352.23
197.25	7378.48
197.33	7396.76
197.40	7412.64
197.47	7425.26
197.55	7455.30
197.62	7489.03
197.70	7517.17
197.77	7542.68
197.85	7563.63
197.92	7562.20
197.99	7531.42
198.07	7456.94
198.14	7351.22
198.22	7275.82
198.29	7253.18
198.37	7301.42
198.44	7419.18
198.51	7574.26
198.59	7716.78
198.66	7836.76
198.74	7921.92
198.81	7985.56
198.89	8029.80
198.96	8075.44
199.03	8102.97
199.11	8130.33
199.18	8139.28
199.26	8146.85
199.33	8154.67
199.41	8164.85
199.48	8135.38
199.55	8067.91
199.63	7964.62
199.70	7861.86
199.78	7764.62
199.85	7735.89
199.93	7802.53
200.00	7949.49
200.07	8106.69
200.15	8273.50
200.22	8410.61
200.30	8504.36
200.37	8575.83
200.44	8632.91
200.52	8684.62
200.59	8737.67
200.67	8775.80
200.74	8786.40
200.81	8778.91
200.89	8755.40
200.96	8735.97
201.04	8721.66
201.11	8697.39
201.19	8638.78
201.26	8577.65
201.33	8513.78
201.41	8480.54
201.48	8511.57
201.56	8619.21
201.63	8770.71
201.70	8928.97
201.78	9073.58
201.85	9193.44
201.93	9292.88
202.00	9358.54
202.07	9416.89
202.15	9462.76
202.22	9497.80
202.30	9529.52
202.37	9560.19
202.44	9587.83
202.52	9606.27
202.59	9599.09
202.67	9584.83
202.74	9584.78
202.81	9571.90
202.89	9532.89
202.96	9509.87
203.04	9519.01
203.11	9555.73
203.18	9640.25
203.26	9777.04
203.33	9929.58
203.41	10056.77
203.48	10160.96
203.55	10227.34
203.63	10290.19
203.70	10348.25
203.77	10406.50
203.85	10454.77
203.92	10501.15
204.00	10547.08
204.07	10595.63
204.14	10642.52
204.22	10680.03
204.29	10720.35
204.37	10740.73
204.44	10748.20
204.51	10757.70
204.59	10774.61
204.66	10783.91
204.73	10822.25
204.81	10886.09
204.88	10978.14
204.96	11087.03
205.03	11207.90
205.10	11313.56
205.18	11410.04
205.25	11484.76
205.32	11552.24
205.40	11622.41
205.47	11691.89
205.55	11757.15
205.62	11820.55
205.69	11883.72
205.77	11941.53
205.84	12001.38
205.91	12067.51
205.99	12138.35
206.06	12195.38
206.14	12254.55
206.21	12319.18
206.28	12363.71
206.36	12406.11
206.43	12447.27
206.50	12508.18
206.58	12583.16
206.65	12683.34
206.72	12789.84
206.80	12912.54
206.87	13019.84
206.95	13114.41
207.02	13203.51
207.09	13290.14
207.17	13373.99
207.24	13460.68
207.31	13542.58
207.39	13621.22
207.46	13700.95
207.53	13778.73
207.61	13855.30
207.68	13934.60
207.75	14021.24
207.83	14108.42
207.90	14191.37
207.98	14263.19
208.05	14336.23
208.12	14399.01
208.20	14471.38
208.27	14560.70
208.34	14665.56
208.42	14767.65
208.49	14880.25
208.56	14980.31
208.64	15080.13
208.71	15175.68
208.78	15276.02
208.86	15381.95
208.93	15489.77
209.00	15590.69
209.08	15694.58
209.15	15802.00
209.22	15904.51
209.30	16011.26
209.37	16112.69
209.44	16214.31
209.52	16312.61
209.59	16403.24
209.67	16497.75
209.74	16596.84
209.81	16701.79
209.89	16798.68
209.96	16909.13
210.03	17014.69
210.11	17121.38
210.18	17225.51
210.25	17343.15
210.33	17453.27
210.40	17565.83
210.47	17690.36
210.55	17816.32
210.62	17936.55
210.69	18050.10
210.77	18174.59
210.84	18286.50
210.91	18408.77
210.99	18526.54
211.06	18652.23
211.13	18768.85
211.21	18888.45
211.28	18997.80
211.35	19123.32
211.42	19247.71
211.50	19373.39
211.57	19497.46
211.64	19621.11
211.72	19737.38
211.79	19862.12
211.86	19982.96
211.94	20114.98
212.01	20243.91
212.08	20374.90
212.16	20499.12
212.23	20629.47
212.30	20757.81
212.38	20883.99
212.45	21023.06
212.52	21157.54
212.60	21285.22
212.67	21415.36
212.74	21553.48
212.82	21678.72
212.89	21815.67
212.96	21946.53
213.03	22077.74
213.11	22213.66
213.18	22345.75
213.25	22479.14
213.33	22616.23
213.40	22746.49
213.47	22881.50
213.55	23022.82
213.62	23163.16
213.69	23303.21
213.77	23446.85
213.84	23582.98
213.91	23729.00
213.98	23868.01
214.06	24015.68
214.13	24169.26
214.20	24317.76
214.28	24466.36
214.35	24612.76
214.42	24755.95
214.50	24898.87
214.57	25036.84
214.64	25168.37
214.72	25308.26
214.79	25449.12
214.86	25583.36
214.93	25730.56
215.01	25881.80
215.08	26026.44
215.15	26175.35
215.23	26324.18
215.30	26471.33
215.37	26609.82
215.44	26759.05
215.52	26908.98
215.59	27058.60
215.66	27200.93
215.74	27345.71
215.81	27482.09
215.88	27627.26
215.95	27759.66
216.03	27911.75
216.10	28061.42
216.17	28214.70
216.25	28357.09
216.32	28520.10
216.39	28668.14
216.46	28828.54
216.54	28977.51
216.61	29136.28
216.68	29277.36
216.76	29425.29
216.83	29561.80
216.90	29714.76
216.97	29863.90
217.05	30020.74
217.12	30177.18
217.19	30324.48
217.27	30461.59
217.34	30595.41
217.41	30726.55
217.48	30855.18
217.56	30997.28
217.63	31146.18
217.70	31289.18
217.78	31448.77
217.85	31599.70
217.92	31746.08
217.99	31896.25
218.07	32053.10
218.14	32192.68
218.21	32350.60
218.28	32504.69
218.36	32650.12
218.43	32794.06
218.50	32942.89
218.57	33080.89
218.65	33221.87
218.72	33358.01
218.79	33494.35
218.87	33631.45
218.94	33772.49
219.01	33914.87
219.08	34059.19
219.16	34200.71
219.23	34346.99
219.30	34486.13
219.37	34617.04
219.45	34760.38
219.52	34904.85
219.59	35035.14
219.66	35164.29
219.74	35306.22
219.81	35446.24
219.88	35577.91
219.95	35720.97
220.03	35865.58
220.10	36001.95
220.17	36132.72
220.24	36266.33
220.32	36397.54
220.39	36526.72
220.46	36651.17
220.53	36778.66
220.61	36911.41
220.68	37034.27
220.75	37165.10
220.82	37302.30
220.90	37434.50
220.97	37560.41
221.04	37688.11
221.11	37793.98
221.19	37908.14
221.26	38026.14
221.33	38147.73
221.40	38280.48
221.48	38419.72
221.55	38544.39
221.62	38657.04
221.69	38773.34
221.77	38889.99
221.84	39015.58
221.91	39135.04
221.98	39263.65
222.06	39388.60
222.13	39513.41
222.20	39620.11
222.27	39733.08
222.35	39847.39
222.42	39957.85
222.49	40066.83
222.56	40180.31
222.63	40291.17
222.71	40398.69
222.78	40505.50
222.85	40608.89
222.92	40725.59
223.00	40836.52
223.07	40949.59
223.14	41057.98
223.21	41165.71
223.29	41266.48
223.36	41379.25
223.43	41481.66
223.50	41591.28
223.57	41701.89
223.65	41820.09
223.72	41932.38
223.79	42042.13
223.86	42142.37
223.94	42228.01
224.01	42304.96
224.08	42384.60
224.15	42469.90
224.22	42563.07
224.30	42653.14
224.37	42750.57
224.44	42847.29
224.51	42936.18
224.59	43011.75
224.66	43099.41
224.73	43181.81
224.80	43268.53
224.87	43367.61
224.95	43474.45
225.02	43575.98
225.09	43679.24
225.16	43773.03
225.23	43861.50
225.31	43953.90
225.38	44040.04
225.45	44119.64
225.52	44203.59
225.60	44284.01
225.67	44355.05
225.74	44426.30
225.81	44503.35
225.88	44580.35
225.96	44655.46
226.03	44733.30
226.10	44813.83
226.17	44891.09
226.24	44967.06
226.32	45051.69
226.39	45133.25
226.46	45212.22
226.53	45287.11
226.60	45375.54
226.68	45456.82
226.75	45538.29
226.82	45626.99
226.89	45713.33
226.96	45783.60
227.04	45832.56
227.11	45887.66
227.18	45938.00
227.25	45980.92
227.32	46024.03
227.40	46089.34
227.47	46161.06
227.54	46239.68
227.61	46327.25
227.68	46412.92
227.76	46491.36
227.83	46564.19
227.90	46626.32
227.97	46687.38
228.04	46742.78
228.11	46793.17
228.19	46834.40
228.26	46879.86
228.33	46922.97
228.40	46963.11
228.47	47017.95
228.55	47075.95
228.62	47135.28
228.69	47206.50
228.76	47274.33
228.83	47333.73
228.90	47389.74
228.98	47448.79
229.05	47505.14
229.12	47579.50
229.19	47645.62
229.26	47710.07
229.34	47752.53
229.41	47791.24
229.48	47828.26
229.55	47871.99
229.62	47921.36
229.69	47988.65
229.77	48047.33
229.84	48099.54
229.91	48143.95
229.98	48185.81
230.05	48228.31
230.12	48273.47
230.20	48319.35
230.27	48368.77
230.34	48419.37
230.41	48468.18
230.48	48519.20
230.55	48573.59
230.63	48633.56
230.70	48698.66
230.77	48746.90
230.84	48785.83
230.91	48811.02
230.98	48832.73
231.06	48849.42
231.13	48893.52
231.20	48944.50
231.27	49003.65
231.34	49071.03
231.41	49141.96
231.49	49189.27
231.56	49245.70
231.63	49298.04
231.70	49336.11
231.77	49366.73
231.84	49398.60
231.92	49414.68
231.99	49441.81
232.06	49477.75
232.13	49507.87
232.20	49543.02
232.27	49586.40
232.34	49613.06
232.42	49638.92
232.49	49672.74
232.56	49706.68
232.63	49738.33
232.70	49777.78
232.77	49824.06
232.85	49863.00
232.92	49901.22
232.99	49936.24
233.06	49959.78
233.13	49967.37
233.20	49976.10
233.27	49981.73
233.35	49991.40
233.42	50003.86
233.49	50030.18
233.56	50062.35
233.63	50089.72
233.70	50113.61
233.77	50151.93
233.85	50176.13
233.92	50214.35
233.99	50254.01
234.06	50284.45
234.13	50306.17
234.20	50331.76
234.27	50339.35
234.35	50345.90
234.42	50358.30
234.49	50372.95
234.56	50387.39
234.63	50395.92
234.70	50410.56
234.77	50416.32
234.84	50420.01
234.92	50420.31
234.99	50426.91
235.06	50431.66
235.13	50439.92
235.20	50447.21
235.27	50462.60
235.34	50469.67
235.41	50482.42
235.49	50494.14
235.56	50504.05
235.63	50507.32
235.70	50512.16
235.77	50511.00
235.84	50512.49
235.91	50507.23
235.98	50502.57
236.06	50492.85
236.13	50477.90
236.20	50459.01
236.27	50433.79
236.34	50408.62
236.41	50390.84
236.48	50382.29
236.55	50375.12
236.63	50374.03
236.70	50373.08
236.77	50375.36
236.84	50378.98
236.91	50382.71
236.98	50381.51
237.05	50383.69
237.12	50375.15
237.19	50355.67
237.27	50348.23
237.34	50356.59
237.41	50352.55
237.48	50345.46
237.55	50337.34
237.62	50325.44
237.69	50311.52
237.76	50305.49
237.83	50308.14
237.91	50315.57
237.98	50315.35
238.05	50305.60
238.12	50297.78
238.19	50284.81
238.26	50283.93
238.33	50277.76
238.40	50269.42
238.47	50254.10
238.54	50246.45
238.62	50225.84
238.69	50205.51
238.76	50194.49
238.83	50187.79
238.90	50180.60
238.97	50173.57
239.04	50172.28
239.11	50165.82
239.18	50161.39
239.25	50149.83
239.33	50123.88
239.40	50099.72
239.47	50080.08
239.54	50043.73
239.61	50007.41
239.68	49983.14
239.75	49963.21
239.82	49937.67
239.89	49926.48
239.96	49924.36
240.03	49921.83
240.11	49917.05
240.18	49910.44
240.25	49902.28
240.32	49882.17
240.39	49867.26
240.46	49848.26
240.53	49843.28
240.60	49837.07
240.67	49836.00
240.74	49831.76
240.81	49829.94
240.88	49817.60
240.96	49805.71
241.03	49804.54
241.10	49797.67
241.17	49793.79
241.24	49789.53
241.31	49790.53
241.38	49780.22
241.45	49769.65
241.52	49761.61
241.59	49742.60
241.66	49722.20
241.73	49708.30
241.80	49694.59
241.88	49674.86
241.95	49661.89
242.02	49642.92
242.09	49613.71
242.16	49586.89
242.23	49574.39
242.30	49564.59
242.37	49555.20
242.44	49560.22
242.51	49562.87
242.58	49561.82
242.65	49564.00
242.72	49566.81
242.79	49560.43
242.87	49559.08
242.94	49551.04
243.01	49544.15
243.08	49549.97
243.15	49549.51
243.22	49554.77
243.29	49558.75
243.36	49563.78
243.43	49562.17
243.50	49582.01
243.57	49596.80
243.64	49605.33
243.71	49611.64
243.78	49611.98
243.85	49595.65
243.92	49576.51
243.99	49565.68
244.07	49557.69
244.14	49545.93
244.21	49538.54
244.28	49533.54
244.35	49526.90
244.42	49518.33
244.49	49517.67
244.56	49522.78
244.63	49531.87
244.70	49537.07
244.77	49545.14
244.84	49551.19
244.91	49560.24
244.98	49575.75
245.05	49598.02
245.12	49617.05
245.19	49641.41
245.26	49649.47
245.33	49664.46
245.40	49686.94
245.47	49720.25
245.55	49749.28
245.62	49771.98
245.69	49775.40
245.76	49776.95
245.83	49769.23
245.90	49757.25
245.97	49758.81
246.04	49773.74
246.11	49778.90
246.18	49789.12
246.25	49798.06
246.32	49805.63
246.39	49801.83
246.46	49803.82
246.53	49809.37
246.60	49821.68
246.67	49841.87
246.74	49869.87
246.81	49899.08
246.88	49920.43
246.95	49947.96
247.02	49975.18
247.09	49997.85
247.16	50003.82
247.23	50001.75
247.30	50000.00
247.37	49990.87
247.44	49998.80
247.51	50015.53
247.58	50051.06
247.66	50085.05
247.73	50127.44
247.80	50157.80
247.87	50190.69
247.94	50219.86
248.01	50250.19
248.08	50279.36
248.15	50303.57
248.22	50333.33
248.29	50362.83
248.36	50378.25
248.43	50402.83
248.50	50430.90
248.57	50446.92
248.64	50454.10
248.71	50476.77
248.78	50499.36
248.85	50510.97
248.92	50537.76
248.99	50564.11
249.06	50579.03
249.13	50583.24
249.20	50607.89
249.27	50624.57
249.34	50647.28
249.41	50669.41
249.48	50672.41
249.55	50659.02
249.62	50662.50
249.69	50665.79
249.76	50690.23
249.83	50736.74
249.90	50792.74
249.97	50833.61
250.04	50877.16
250.11	50911.88
250.18	50939.70
250.25	50961.76
250.32	50983.35
250.39	51006.41
250.46	51019.94
250.53	51044.35
250.60	51066.97
250.67	51095.18
250.74	51116.39
250.81	51134.56
250.88	51154.74
250.95	51170.77
251.02	51190.20
251.09	51211.08
251.16	51241.72
251.23	51259.02
251.30	51277.08
251.37	51286.74
251.44	51303.57
251.51	51324.10
251.58	51341.73
251.65	51362.31
251.72	51375.17
251.79	51391.58
251.86	51405.69
251.93	51415.69
252.00	51429.74
252.07	51447.71
252.14	51471.03
252.21	51476.03
252.28	51493.58
252.35	51510.55
252.42	51539.48
252.49	51541.34
252.56	51556.31
252.63	51562.31
252.70	51576.26
252.77	51584.44
252.84	51601.98
252.91	51615.38
252.98	51641.18
253.05	51651.24
253.12	51657.94
253.19	51660.53
253.25	51679.86
253.32	51688.56
253.39	51717.88
253.46	51744.54
253.53	51781.67
253.60	51791.05
253.67	51803.71
253.74	51810.83
253.81	51824.50
253.88	51824.51
253.95	51841.00
254.02	51861.89
254.09	51877.55
254.16	51889.78
254.23	51902.04
254.30	51912.30
254.37	51923.35
254.44	51932.61
254.51	51940.72
254.58	51950.32
254.65	51961.77
254.72	51968.01
254.79	51970.07
254.86	51978.83
254.93	51983.63
255.00	51987.37
255.07	51993.13
255.14	52003.67
255.21	51996.66
255.28	51989.55
255.34	51976.48
255.41	51964.48
255.48	51949.52
255.55	51946.13
255.62	51960.30
255.69	51968.57
255.76	51976.49
255.83	51986.58
255.90	52002.57
255.97	52015.71
256.04	52019.94
256.11	52029.03
256.18	52027.58
256.25	52019.50
256.32	52003.07
256.39	52008.42
256.46	52008.64
256.53	52011.54
256.60	52014.05
256.67	52021.87
256.74	52023.35
256.80	52025.44
256.87	52028.97
256.94	52030.92
257.01	52027.96
257.08	52024.30
257.15	52007.85
257.22	51994.49
257.29	51970.19
257.36	51947.49
257.43	51937.56
257.50	51934.56
257.57	51918.83
257.64	51918.34
257.71	51900.05
257.78	51870.46
257.85	51841.13
257.92	51835.20
257.98	51820.68
258.05	51822.27
258.12	51820.45
258.19	51816.43
258.26	51798.81
258.33	51782.20
258.40	51782.29
258.47	51779.05
258.54	51779.22
258.61	51782.02
258.68	51783.87
258.75	51762.25
258.82	51749.67
258.89	51728.01
258.95	51705.05
259.02	51696.55
259.09	51688.37
259.16	51669.60
259.23	51651.19
259.30	51624.24
259.37	51594.59
259.44	51574.25
259.51	51562.77
259.58	51555.63
259.65	51547.10
259.72	51527.55
259.79	51499.25
259.85	51460.97
259.92	51419.40
259.99	51387.10
260.06	51362.66
260.13	51333.31
260.20	51305.14
260.27	51274.79
260.34	51248.22
260.41	51224.17
260.48	51199.63
260.55	51185.83
260.62	51178.14
260.68	51164.24
260.75	51126.62
260.82	51102.04
260.89	51077.35
260.96	51049.66
261.03	51022.37
261.10	51003.66
261.17	50973.95
261.24	50935.91
261.31	50900.73
261.38	50870.81
261.44	50840.22
261.51	50808.76
261.58	50770.23
261.65	50733.07
261.72	50690.90
261.79	50651.03
261.86	50620.35
261.93	50605.85
262.00	50585.44
262.07	50555.05
262.13	50530.89
262.20	50499.11
262.27	50450.76
262.34	50415.28
262.41	50386.68
262.48	50347.83
262.55	50313.15
262.62	50285.78
262.69	50241.95
262.76	50206.35
262.82	50177.47
262.89	50150.30
262.96	50119.47
263.03	50093.88
263.10	50061.65
263.17	50029.34
263.24	49993.12
263.31	49959.39
263.38	49923.53
263.44	49887.87
263.51	49840.10
263.58	49791.29
263.65	49748.92
263.72	49703.92
263.79	49665.45
263.86	49627.14
263.93	49589.85
264.00	49549.59
264.06	49513.80
264.13	49472.24
264.20	49439.19
264.27	49395.44
264.34	49352.82
264.41	49307.28
264.48	49265.12
264.55	49215.41
264.61	49176.52
264.68	49134.82
264.75	49092.67
264.82	49038.22
264.89	48993.35
264.96	48954.59
265.03	48908.23
265.10	48871.11
265.16	48838.32
265.23	48805.92
265.30	48775.90
265.37	48749.93
265.44	48707.89
265.51	48663.66
265.58	48619.10
265.65	48564.33
265.71	48513.64
265.78	48480.85
265.85	48440.86
265.92	48404.23
265.99	48362.83
266.06	48326.23
266.13	48277.16
266.20	48241.85
266.26	48198.69
266.33	48154.41
266.40	48102.57
266.47	48047.65
266.54	47981.37
266.61	47918.41
266.68	47859.34
266.74	47800.29
266.81	47744.58
266.88	47702.00
266.95	47649.76
267.02	47605.30
267.09	47563.48
267.16	47521.32
267.22	47476.34
267.29	47439.65
267.36	47401.98
267.43	47364.36
267.50	47327.76
267.57	47293.37
267.64	47265.53
267.70	47227.58
267.77	47187.36
267.84	47152.11
267.91	47105.90
267.98	47049.96
268.05	47001.01
268.11	46953.54
268.18	46896.83
268.25	46848.22
268.32	46803.24
268.39	46764.38
268.46	46726.97
268.53	46694.88
268.59	46658.16
268.66	46628.77
268.73	46588.43
268.80	46543.18
268.87	46495.08
268.94	46453.82
269.00	46403.35
269.07	46359.52
269.14	46332.50
269.21	46302.50
269.28	46266.62
269.35	46228.95
269.41	46192.85
269.48	46137.88
269.55	46079.02
269.62	46028.82
269.69	45981.02
269.76	45930.66
269.82	45884.84
269.89	45855.88
269.96	45826.39
270.03	45795.73
270.10	45762.88
270.17	45725.54
270.23	45686.48
270.30	45638.90
270.37	45609.47
270.44	45578.28
270.51	45547.18
270.58	45510.38
270.64	45488.22
270.71	45449.40
270.78	45418.47
270.85	45383.17
270.92	45352.13
270.99	45314.19
271.05	45278.89
271.12	45229.73
271.19	45194.08
271.26	45149.47
271.33	45102.34
271.39	45059.74
271.46	45024.80
271.53	44992.42
271.60	44964.75
271.67	44936.72
271.74	44907.62
271.80	44876.73
271.87	44851.12
271.94	44823.44
272.01	44796.14
272.08	44767.52
272.14	44737.07
272.21	44705.43
272.28	44681.57
272.35	44653.90
272.42	44627.29
272.48	44608.28
272.55	44580.47
272.62	44552.89
272.69	44534.96
272.76	44519.11
272.83	44492.12
272.89	44463.99
272.96	44429.77
273.03	44395.27
273.10	44359.43
273.17	44329.04
273.23	44299.40
273.30	44281.51
273.37	44255.62
273.44	44230.58
273.51	44212.81
273.57	44198.99
273.64	44168.66
273.71	44147.73
273.78	44120.03
273.85	44098.30
273.91	44069.39
273.98	44057.36
274.05	44036.20
274.12	44025.37
274.19	44003.74
274.25	43987.85
274.32	43951.70
274.39	43922.21
274.46	43871.63
274.53	43822.49
274.59	43770.45
274.66	43747.41
274.73	43728.55
274.80	43708.56
274.86	43686.41
274.93	43665.79
275.00	43623.41
275.07	43572.76
275.14	43541.65
275.20	43516.22
275.27	43488.00
275.34	43467.02
275.41	43457.56
275.48	43444.85
275.54	43425.15
275.61	43406.45
275.68	43388.92
275.75	43354.55
275.81	43317.73
275.88	43289.52
275.95	43265.92
276.02	43229.50
276.09	43204.17
276.15	43179.15
276.22	43151.34
276.29	43131.75
276.36	43112.06
276.42	43091.98
276.49	43068.93
276.56	43044.67
276.63	43014.07
276.70	42988.99
276.76	42965.42
276.83	42949.20
276.90	42932.25
276.97	42905.97
277.03	42890.66
277.10	42873.34
277.17	42853.47
277.24	42836.40
277.30	42829.58
277.37	42811.39
277.44	42789.00
277.51	42767.78
277.58	42738.02
277.64	42711.63
277.71	42688.75
277.78	42667.51
277.85	42644.36
277.91	42624.96
277.98	42597.52
278.05	42567.94
278.12	42550.38
278.18	42525.66
278.25	42507.55
278.32	42486.12
278.39	42468.94
278.45	42446.64
278.52	42424.85
278.59	42403.27
278.66	42390.85
278.72	42379.27
278.79	42357.18
278.86	42342.39
278.93	42335.35
278.99	42317.01
279.06	42295.48
279.13	42266.56
279.20	42245.15
279.26	42214.33
279.33	42192.14
279.40	42166.77
279.47	42146.74
279.53	42119.97
279.60	42088.77
279.67	42058.30
279.74	42031.83
279.80	42017.54
279.87	42002.86
279.94	41992.38
280.01	41978.51
280.07	41958.99
280.14	41937.90
280.21	41908.80
280.28	41884.07
280.34	41856.75
280.41	41836.76
280.48	41808.72
280.55	41784.42
280.61	41757.00
280.68	41734.45
280.75	41708.26
280.82	41678.71
280.88	41644.56
280.95	41595.25
281.02	41535.29
281.08	41463.20
281.15	41387.91
281.22	41320.63
281.29	41260.92
281.35	41208.80
281.42	41172.35
281.49	41133.76
281.56	41097.20
281.62	41071.84
281.69	41040.06
281.76	41007.02
281.82	40978.77
281.89	40948.44
281.96	40915.11
282.03	40891.35
282.09	40862.65
282.16	40844.21
282.23	40825.13
282.30	40802.31
282.36	40777.33
282.43	40759.60
282.50	40743.06
282.56	40717.22
282.63	40698.41
282.70	40676.61
282.77	40662.99
282.83	40639.05
282.90	40622.86
282.97	40593.89
283.03	40565.76
283.10	40534.28
283.17	40512.29
283.24	40489.40
283.30	40467.94
283.37	40442.29
283.44	40414.83
283.50	40379.28
283.57	40350.93
283.64	40320.46
283.71	40287.86
283.77	40248.52
283.84	40213.86
283.91	40176.82
283.97	40158.70
284.04	40162.69
284.11	40171.99
284.18	40190.94
284.24	40199.44
284.31	40206.10
284.38	40195.84
284.44	40181.00
284.51	40154.32
284.58	40138.00
284.64	40123.69
284.71	40117.22
284.78	40107.67
284.85	40100.58
284.91	40089.21
284.98	40069.61
285.05	40035.71
285.11	40010.40
285.18	39986.15
285.25	39972.74
285.31	39966.27
285.38	39969.03
285.45	39969.80
285.52	39971.09
285.58	39960.09
285.65	39943.45
285.72	39919.16
285.78	39894.32
285.85	39878.09
285.92	39871.49
285.98	39853.30
286.05	39845.68
286.12	39843.35
286.18	39832.48
286.25	39821.74
286.32	39816.47
286.39	39822.82
286.45	39813.83
286.52	39803.78
286.59	39787.42
286.65	39783.38
286.72	39777.66
286.79	39768.09
286.85	39762.45
286.92	39752.98
286.99	39743.95
287.05	39715.51
287.12	39711.98
287.19	39699.77
287.25	39696.40
287.32	39686.11
287.39	39692.37
287.45	39685.69
287.52	39688.32
287.59	39691.10
287.65	39690.58
287.72	39675.22
287.79	39666.69
287.86	39653.49
287.92	39636.88
287.99	39622.32
288.06	39622.63
288.12	39615.15
288.19	39611.41
288.26	39601.95
288.32	39596.56
288.39	39586.44
288.46	39586.70
288.52	39583.52
288.59	39590.07
288.66	39593.53
288.72	39598.13
288.79	39598.10
288.86	39599.72
288.92	39600.39
288.99	39593.30
289.06	39587.89
289.12	39582.15
289.19	39586.93
289.26	39584.48
289.32	39592.84
289.39	39592.62
289.45	39596.90
289.52	39589.28
289.59	39592.55
289.65	39595.57
289.72	39601.41
289.79	39610.90
289.85	39620.44
289.92	39622.21
289.99	39622.93
290.05	39622.85
290.12	39613.11
290.19	39608.82
290.25	39601.12
290.32	39603.20
290.39	39607.38
290.45	39608.68
290.52	39606.11
290.59	39618.58
290.65	39619.91
290.72	39617.00
290.79	39615.77
290.85	39627.60
290.92	39639.20
290.98	39644.07
291.05	39660.68
291.12	39672.76
291.18	39678.12
291.25	39677.55
291.32	39682.71
291.38	39675.80
291.45	39675.16
291.52	39672.65
291.58	39671.19
291.65	39678.77
291.72	39700.42
291.78	39724.28
291.85	39733.29
291.91	39751.09
291.98	39779.15
292.05	39782.57
292.11	39790.79
292.18	39812.63
292.25	39815.08
292.31	39801.83
292.38	39804.83
292.45	39801.75
292.51	39802.80
292.58	39812.91
292.64	39822.64
292.71	39829.35
292.78	39843.80
292.84	39847.95
292.91	39854.85
292.98	39863.78
293.04	39875.68
293.11	39885.04
293.17	39892.71
293.24	39902.62
293.31	39915.59
293.37	39932.35
293.44	39934.96
293.51	39950.87
293.57	39960.94
293.64	39973.33
293.70	39981.21
293.77	40004.20
293.84	40013.24
293.90	40019.93
293.97	40026.83
294.04	40033.12
294.10	40034.15
294.17	40047.39
294.23	40065.85
294.30	40073.54
294.37	40085.41
294.43	40104.53
294.50	40106.89
294.56	40116.09
294.63	40127.14
294.70	40142.82
294.76	40151.56
294.83	40172.74
294.90	40189.87
294.96	40206.61
295.03	40214.52
295.09	40228.10
295.16	40244.19
295.23	40247.00
295.29	40251.83
295.36	40258.12
295.42	40261.00
295.49	40265.91
295.56	40292.56
295.62	40316.81
295.69	40332.63
295.75	40354.37
295.82	40373.90
295.89	40376.06
295.95	40378.81
296.02	40397.54
296.08	40402.24
296.15	40403.90
296.22	40423.77
296.28	40444.22
296.35	40459.35
296.41	40480.25
296.48	40502.28
296.55	40517.29
296.61	40527.35
296.68	40542.51
296.74	40561.07
296.81	40587.83
296.88	40608.63
296.94	40632.79
297.01	40649.78
297.07	40660.67
297.14	40667.69
297.20	40675.17
297.27	40695.77
297.34	40720.64
297.40	40740.30
297.47	40755.80
297.53	40772.08
297.60	40784.00
297.67	40790.33
297.73	40805.33
297.80	40818.84
297.86	40830.10
297.93	40838.86
298.00	40850.01
298.06	40867.76
298.13	40892.39
298.19	40910.01
298.26	40923.31
298.32	40950.03
298.39	40963.93
298.46	40964.99
298.52	40979.55
298.59	40993.19
298.65	40999.73
298.72	41019.42
298.78	41038.97
298.85	41056.70
298.92	41071.71
298.98	41082.75
299.05	41086.13
299.11	41101.12
299.18	41113.92
299.24	41130.01
299.31	41137.73
299.38	41152.25
299.44	41150.46
299.51	41154.02
299.57	41161.11
299.64	41180.78
299.70	41191.46
299.77	41209.23
299.84	41218.84
299.90	41222.87
299.97	41218.71
300.03	41225.41
300.10	41243.94
300.16	41256.78
300.23	41275.34
300.30	41291.80
300.36	41297.36
300.43	41305.78
300.49	41311.32
300.56	41319.90
300.62	41337.45
300.69	41357.69
300.75	41363.38
300.82	41381.35
300.89	41393.79
300.95	41412.85
301.02	41410.15
301.08	41417.76
301.15	41422.18
301.21	41419.23
301.28	41408.45
301.34	41418.64
301.41	41417.31
301.48	41412.90
301.54	41408.46
301.61	41407.40
301.67	41402.62
301.74	41406.58
301.80	41409.41
301.87	41416.70
301.93	41411.03
302.00	41411.45
302.06	41400.07
302.13	41390.02
302.20	41385.88
302.26	41377.76
302.33	41371.70
302.39	41368.39
302.46	41364.98
302.52	41351.91
302.59	41355.54
302.65	41349.11
302.72	41345.59
302.78	41340.71
302.85	41346.97
302.91	41337.83
302.98	41329.66
303.05	41323.05
303.11	41317.67
303.18	41297.22
303.24	41284.78
303.31	41269.91
303.37	41259.70
303.44	41243.90
303.50	41229.72
303.57	41214.74
303.63	41201.01
303.70	41182.33
303.76	41166.70
303.83	41156.84
303.89	41139.98
303.96	41130.47
304.03	41112.14
304.09	41097.40
304.16	41078.88
304.22	41059.57
304.29	41042.66
304.35	41022.87
304.42	41003.28
304.48	40980.07
304.55	40961.74
304.61	40935.35
304.68	40922.98
304.74	40906.30
304.81	40891.55
304.87	40863.90
304.94	40836.26
305.00	40803.69
305.07	40768.81
305.13	40731.74
305.20	40708.34
305.26	40688.95
305.33	40663.58
305.39	40639.46
305.46	40608.71
305.52	40579.56
305.59	40548.28
305.66	40516.18
305.72	40487.33
305.79	40462.14
305.85	40432.18
305.92	40383.07
305.98	40279.68
306.05	40061.16
306.11	39764.42
306.18	39476.58
306.24	39287.97
306.31	39248.67
306.37	39372.17
306.44	39606.64
306.50	39839.56
306.57	39983.14
306.63	40036.34
306.70	40029.43
306.76	39985.18
306.83	39933.16
306.89	39882.02
306.96	39829.23
307.02	39780.35
307.09	39745.66
307.15	39703.49
307.22	39668.88
307.28	39625.09
307.35	39588.05
307.41	39538.50
307.48	39496.21
307.54	39445.54
307.61	39394.28
307.67	39332.73
307.74	39284.74
307.80	39240.45
307.87	39198.77
307.93	39163.29
308.00	39135.10
308.06	39094.80
308.13	39045.62
308.19	38992.05
308.26	38941.92
308.32	38895.04
308.38	38854.39
308.45	38808.60
308.51	38769.45
308.58	38714.53
308.64	38649.62
308.71	38590.85
308.77	38546.02
308.84	38495.57
308.90	38468.85
308.97	38446.29
309.03	38420.90
309.10	38369.77
309.16	38318.73
309.23	38252.25
309.29	38186.92
309.36	38108.27
309.42	38043.55
309.49	37978.73
309.55	37916.18
309.62	37844.06
309.68	37786.94
309.75	37726.71
309.81	37670.17
309.88	37620.05
309.94	37569.08
310.00	37509.63
310.07	37455.85
310.13	37404.70
310.20	37341.09
310.26	37287.84
310.33	37239.22
310.39	37186.79
310.46	37136.77
310.52	37086.55
310.59	37040.05
310.65	36991.33
310.72	36942.67
310.78	36880.10
310.85	36820.66
310.91	36760.73
310.97	36703.24
311.04	36644.02
311.10	36582.67
311.17	36531.69
311.23	36470.85
311.30	36408.07
311.36	36354.89
311.43	36311.26
311.49	36252.50
311.56	36194.94
311.62	36139.60
311.69	36077.19
311.75	36020.91
311.81	35958.51
311.88	35900.11
311.94	35848.14
312.01	35808.15
312.07	35756.37
312.14	35715.54
312.20	35674.82
312.27	35618.49
312.33	35545.25
312.40	35476.64
312.46	35403.52
312.52	35332.04
312.59	35271.08
312.65	35208.21
312.72	35140.15
312.78	35077.92
312.85	35013.38
312.91	34938.85
312.98	34875.24
313.04	34817.79
313.10	34763.21
313.17	34708.46
313.23	34657.05
313.30	34598.15
313.36	34526.73
313.43	34456.27
313.49	34387.78
313.56	34314.00
313.62	34247.86
313.68	34189.24
313.75	34137.99
313.81	34077.33
313.88	34014.78
313.94	33951.91
314.01	33899.10
314.07	33835.76
314.13	33775.00
314.20	33723.59
314.26	33667.44
314.33	33591.56
314.39	33520.18
314.46	33439.22
314.52	33361.97
314.58	33285.58
314.65	33224.02
314.71	33157.55
314.78	33108.11
314.84	33044.90
314.91	32991.30
314.97	32931.10
315.03	32872.45
315.10	32805.97
315.16	32739.89
315.23	32667.83
315.29	32607.44
315.36	32541.56
315.42	32475.36
315.48	32418.65
315.55	32354.02
315.61	32274.94
315.68	32210.37
315.74	32151.82
315.81	32087.97
315.87	32018.30
315.93	31965.86
316.00	31921.42
316.06	31877.45
316.13	31847.37
316.19	31795.78
316.25	31693.36
316.32	31529.62
316.38	31311.84
316.45	31025.89
316.51	30719.13
316.58	30384.52
316.64	30030.85
316.70	29664.65
316.77	29275.71
316.83	28868.24
316.90	28450.93
316.96	28016.53
317.02	27563.26
317.09	27106.60
317.15	26633.20
317.22	26144.32
317.28	25643.19
317.34	25125.58
317.41	24598.57
317.47	24067.83
317.54	23520.45
317.60	22968.15
317.66	22410.90
317.73	21843.69
317.79	21266.91
317.86	20698.53
317.92	20115.55
317.98	19525.10
318.05	18926.96
318.11	18332.98
318.18	17742.19
318.24	17152.24
318.30	16566.35
318.37	15983.15
318.43	15394.36
318.50	14800.54
318.56	14216.95
318.62	13647.30
318.69	13083.49
318.75	12533.47
318.82	11990.57
318.88	11462.99
318.94	10940.52
319.01	10435.31
319.07	9942.54
319.13	9460.17
319.20	8987.30
319.26	8526.85
319.33	8083.43
319.39	7645.43
319.45	7233.79
319.52	6841.59
319.58	6463.72
319.65	6098.36
319.71	5752.12
319.77	5420.15
319.84	5100.76
319.90	4801.15
319.96	4511.90
320.03	4243.36
320.09	3989.43
320.16	3744.78
320.22	3518.34
320.28	3308.58
320.35	3112.18
320.41	2928.56
320.47	2762.74
320.54	2603.99
320.60	2463.05
320.67	2331.55
320.73	2209.95
320.79	2097.88
320.86	2000.84
320.92	1906.24
320.98	1822.99
321.05	1745.77
321.11	1671.90
321.18	1604.55
321.24	1546.70
321.30	1487.60
321.37	1437.48
321.43	1397.26
321.49	1356.10
321.56	1318.09
321.62	1287.03
321.68	1252.15
321.75	1219.07
321.81	1191.71
321.88	1162.89
321.94	1139.48
322.00	1118.32
322.07	1091.37
322.13	1062.65
322.19	1033.23
322.26	999.18
322.32	968.71
322.38	942.31
322.45	921.92
322.51	897.35
322.58	878.79
322.64	851.69
322.70	828.77
322.77	796.08
322.83	775.20
322.89	743.38
322.96	716.01
323.02	687.40
323.08	659.96
323.15	629.92
323.21	605.16
323.27	581.87
323.34	556.74
323.40	532.89
323.46	508.52
323.53	477.52
323.59	403.56
323.65	303.42
323.72	190.24
323.78	81.01
323.85	-17.52
323.91	-67.62
323.97	-86.08
324.04	-86.96
