180.21	3431.00
180.28	-126.27
180.36	633.03
180.44	-47.57
180.51	-16.20
180.59	7.96
180.66	35.77
180.74	34.10
180.81	33.57
180.89	35.72
180.97	36.75
181.04	34.71
181.12	33.50
181.19	33.91
181.27	34.31
181.34	50.31
181.42	57.13
181.50	64.35
181.57	76.12
181.65	81.73
181.72	76.58
181.80	72.00
181.87	72.56
181.95	72.88
182.03	72.84
182.10	75.85
182.18	79.24
182.25	85.83
182.33	88.29
182.40	98.34
182.48	97.47
182.55	112.14
182.63	121.23
182.71	129.46
182.78	139.14
182.86	153.49
182.93	154.09
183.01	153.60
183.08	148.66
183.16	146.27
183.23	137.51
183.31	144.94
183.39	152.24
183.46	172.96
183.54	183.36
183.61	211.11
183.69	231.48
183.76	264.95
183.84	291.69
183.91	320.29
183.99	360.92
184.06	392.66
184.14	425.02
184.22	469.17
184.29	503.77
184.37	515.59
184.44	533.85
184.52	521.45
184.59	464.97
184.67	410.92
184.74	359.99
184.82	324.91
184.89	320.13
184.97	363.78
185.04	432.93
185.12	503.26
185.20	582.77
185.27	658.97
185.35	747.34
185.42	807.48
185.50	868.90
185.57	924.59
185.65	966.56
185.72	1005.14
185.80	1081.92
185.87	1140.12
185.95	1206.61
186.02	1321.10
186.10	1389.00
186.17	1413.56
186.25	1403.26
186.33	1262.00
186.40	1063.19
186.48	917.74
186.55	825.63
186.63	811.07
186.70	934.96
186.78	1098.93
186.85	1242.28
186.93	1365.70
187.00	1469.17
187.08	1582.66
187.15	1687.76
187.23	1812.13
187.30	1942.67
187.38	2051.91
187.45	2168.54
187.53	2302.48
187.60	2382.13
187.68	2482.12
187.75	2628.65
187.83	2701.08
187.90	2759.16
187.98	2867.71
188.05	2894.96
188.13	2751.55
188.21	2496.89
188.28	2232.20
188.36	1969.29
188.43	1778.36
188.51	1783.16
188.58	1974.05
188.66	2182.96
188.73	2384.92
188.81	2598.18
188.88	2758.92
188.96	2918.71
189.03	3053.71
189.11	3197.85
189.18	3330.44
189.26	3440.62
189.33	3549.78
189.41	3681.96
189.48	3763.96
189.56	3858.51
189.63	3991.50
189.71	4054.79
189.78	4112.79
189.86	4213.11
189.93	4261.46
190.01	4256.75
190.08	4231.97
190.16	4047.36
190.23	3680.50
190.31	3337.26
190.38	3091.50
190.46	2947.16
190.53	2990.90
190.61	3226.35
190.68	3475.20
190.76	3694.85
190.83	3887.53
190.91	4045.98
190.98	4218.57
191.06	4363.32
191.13	4515.96
191.21	4651.65
191.28	4768.62
191.35	4884.17
191.43	5001.83
191.50	5069.42
191.58	5155.90
191.65	5251.26
191.73	5281.31
191.80	5321.24
191.88	5358.37
191.95	5348.96
192.03	5340.97
192.10	5367.09
192.18	5378.46
192.25	5362.57
192.33	5257.57
192.40	5031.38
192.48	4784.31
192.55	4590.74
192.63	4471.73
192.70	4502.57
192.78	4686.42
192.85	4916.40
192.93	5119.65
193.00	5303.39
193.08	5452.44
193.15	5603.70
193.22	5705.17
193.30	5792.46
193.37	5871.53
193.45	5913.16
193.52	5944.19
193.60	5998.51
193.67	6039.78
193.75	6086.40
193.82	6159.03
193.90	6193.28
193.97	6228.35
194.05	6277.40
194.12	6315.02
194.20	6358.05
194.27	6423.36
194.34	6475.34
194.42	6510.79
194.49	6542.06
194.57	6564.20
194.64	6533.56
194.72	6437.51
194.79	6331.00
194.87	6226.51
194.94	6126.89
195.02	6074.16
195.09	6102.76
195.17	6172.15
195.24	6254.74
195.31	6364.83
195.39	6485.52
195.46	6611.47
195.54	6725.68
195.61	6828.26
195.69	6903.36
195.76	6962.57
195.84	7012.17
195.91	7048.67
195.99	7072.08
196.06	7092.78
196.13	7115.21
196.21	7125.79
196.28	7128.13
196.36	7123.15
196.43	7086.58
196.51	7035.35
196.58	6975.15
196.66	6932.72
196.73	6929.16
196.80	6972.89
196.88	7042.49
196.95	7139.88
197.03	7240.50
197.10	7311.02
197.18	7347.77
197.25	7374.97
197.33	7398.39
197.40	7414.32
197.47	7429.34
197.55	7464.45
197.62	7498.35
197.70	7521.90
197.77	7544.19
197.85	7564.34
197.92	7563.42
197.99	7533.04
198.07	7456.13
198.14	7351.46
198.22	7273.50
198.29	7248.15
198.37	7293.36
198.44	7411.85
198.51	7567.21
198.59	7711.68
198.66	7833.59
198.74	7918.87
198.81	7981.98
198.89	8027.33
198.96	8071.54
199.03	8100.41
199.11	8126.47
199.18	8138.07
199.26	8144.65
199.33	8151.20
199.41	8157.18
199.48	8129.56
199.55	8061.01
199.63	7959.08
199.70	7857.26
199.78	7762.16
199.85	7735.95
199.93	7805.79
200.00	7951.15
200.07	8114.36
200.15	8283.41
200.22	8420.00
200.30	8509.71
200.37	8582.46
200.44	8636.72
200.52	8685.36
200.59	8737.09
200.67	8777.04
200.74	8788.09
200.81	8781.03
200.89	8759.29
200.96	8742.31
201.04	8726.64
201.11	8701.23
201.19	8643.24
201.26	8581.81
201.33	8515.90
201.41	8488.67
201.48	8520.83
201.56	8627.72
201.63	8778.06
201.70	8932.41
201.78	9073.81
201.85	9189.28
201.93	9282.07
202.00	9351.79
202.07	9413.64
202.15	9460.19
202.22	9496.81
202.30	9533.18
202.37	9561.10
202.44	9586.92
202.52	9601.48
202.59	9601.10
202.67	9585.79
202.74	9584.76
202.81	9573.74
202.89	9536.12
202.96	9507.45
203.04	9517.46
203.11	9552.37
203.18	9633.56
203.26	9773.28
203.33	9923.43
203.41	10051.13
203.48	10155.88
203.55	10225.08
203.63	10285.53
203.70	10349.64
203.77	10409.50
203.85	10458.11
203.92	10503.71
204.00	10552.16
204.07	10595.06
204.14	10641.07
204.22	10678.68
204.29	10719.40
204.37	10738.60
204.44	10748.49
204.51	10759.58
204.59	10777.04
204.66	10789.42
204.73	10820.72
204.81	10884.81
204.88	10973.72
204.96	11082.85
205.03	11204.80
205.10	11321.02
205.18	11420.62
205.25	11495.13
205.32	11567.36
205.40	11633.31
205.47	11697.98
205.55	11754.84
205.62	11818.40
205.69	11876.79
205.77	11937.84
205.84	12002.71
205.91	12072.91
205.99	12140.53
206.06	12199.66
206.14	12257.67
206.21	12315.26
206.28	12360.13
206.36	12403.70
206.43	12442.50
206.50	12504.43
206.58	12579.54
206.65	12678.72
206.72	12787.95
206.80	12914.76
206.87	13019.96
206.95	13116.47
207.02	13206.03
207.09	13291.02
207.17	13371.40
207.24	13457.23
207.31	13542.99
207.39	13629.06
207.46	13709.43
207.53	13785.64
207.61	13864.08
207.68	13944.02
207.75	14025.65
207.83	14109.08
207.90	14191.33
207.98	14259.38
208.05	14323.15
208.12	14384.55
208.20	14459.66
208.27	14547.35
208.34	14659.05
208.42	14764.87
208.49	14880.99
208.56	14985.61
208.64	15090.61
208.71	15183.04
208.78	15283.26
208.86	15385.35
208.93	15487.82
209.00	15587.89
209.08	15688.17
209.15	15793.07
209.22	15899.26
209.30	16009.39
209.37	16110.13
209.44	16218.90
209.52	16324.20
209.59	16412.52
209.67	16511.78
209.74	16612.82
209.81	16713.72
209.89	16811.48
209.96	16921.96
210.03	17028.22
210.11	17135.33
210.18	17239.31
210.25	17352.09
210.33	17462.00
210.40	17569.03
210.47	17686.19
210.55	17809.01
210.62	17926.94
210.69	18043.25
210.77	18166.88
210.84	18285.36
210.91	18414.91
210.99	18537.46
211.06	18660.85
211.13	18776.22
211.21	18900.69
211.28	19004.74
211.35	19127.13
211.42	19254.02
211.50	19376.61
211.57	19497.56
211.64	19623.36
211.72	19739.93
211.79	19861.90
211.86	19984.90
211.94	20112.88
212.01	20239.15
212.08	20370.91
212.16	20490.50
212.23	20625.53
212.30	20759.94
212.38	20889.32
212.45	21028.66
212.52	21169.89
212.60	21301.12
212.67	21424.32
212.74	21561.03
212.82	21685.08
212.89	21812.66
212.96	21941.87
213.03	22076.99
213.11	22213.00
213.18	22342.36
213.25	22480.78
213.33	22619.70
213.40	22755.68
213.47	22889.38
213.55	23034.90
213.62	23171.14
213.69	23300.56
213.77	23440.57
213.84	23578.35
213.91	23724.35
213.98	23867.56
214.06	24021.86
214.13	24176.43
214.20	24323.86
214.28	24470.75
214.35	24618.41
214.42	24756.60
214.50	24887.25
214.57	25024.60
214.64	25159.44
214.72	25298.50
214.79	25440.59
214.86	25581.03
214.93	25726.22
215.01	25874.05
215.08	26019.33
215.15	26171.67
215.23	26319.34
215.30	26468.77
215.37	26606.81
215.44	26756.14
215.52	26903.01
215.59	27052.49
215.66	27195.72
215.74	27341.13
215.81	27477.66
215.88	27624.20
215.95	27763.47
216.03	27915.28
216.10	28069.73
216.17	28226.48
216.25	28370.81
216.32	28533.26
216.39	28684.85
216.46	28837.96
216.54	28984.57
216.61	29138.61
216.68	29278.25
216.76	29424.73
216.83	29564.63
216.90	29711.65
216.97	29862.11
217.05	30020.26
217.12	30172.04
217.19	30321.07
217.27	30462.29
217.34	30596.47
217.41	30720.34
217.48	30847.51
217.56	30985.42
217.63	31139.90
217.70	31293.18
217.78	31454.96
217.85	31612.01
217.92	31769.55
217.99	31915.78
218.07	32058.62
218.14	32196.03
218.21	32341.19
218.28	32487.36
218.36	32631.01
218.43	32777.91
218.50	32927.36
218.57	33074.23
218.65	33216.24
218.72	33354.64
218.79	33494.02
218.87	33632.70
218.94	33771.20
219.01	33907.84
219.08	34043.13
219.16	34183.43
219.23	34332.55
219.30	34480.60
219.37	34623.46
219.45	34775.00
219.52	34919.32
219.59	35052.46
219.66	35179.57
219.74	35312.11
219.81	35456.28
219.88	35588.45
219.95	35726.94
220.03	35864.14
220.10	36000.98
220.17	36133.07
220.24	36269.45
220.32	36407.03
220.39	36541.72
220.46	36664.17
220.53	36786.27
220.61	36912.85
220.68	37028.84
220.75	37150.16
220.82	37296.34
220.90	37421.96
220.97	37543.88
221.04	37665.45
221.11	37786.07
221.19	37897.52
221.26	38019.09
221.33	38150.68
221.40	38289.51
221.48	38419.34
221.55	38539.40
221.62	38654.05
221.69	38768.17
221.77	38889.86
221.84	39016.18
221.91	39136.94
221.98	39269.49
222.06	39398.49
222.13	39519.36
222.20	39633.67
222.27	39748.46
222.35	39860.94
222.42	39968.69
222.49	40073.26
222.56	40176.72
222.63	40288.63
222.71	40392.93
222.78	40500.39
222.85	40606.37
222.92	40727.26
223.00	40833.00
223.07	40946.81
223.14	41053.54
223.21	41161.06
223.29	41257.48
223.36	41374.91
223.43	41483.30
223.50	41589.60
223.57	41697.19
223.65	41823.69
223.72	41931.53
223.79	42034.71
223.86	42136.23
223.94	42227.56
224.01	42299.35
224.08	42380.17
224.15	42473.17
224.22	42570.34
224.30	42659.00
224.37	42754.46
224.44	42856.93
224.51	42943.06
224.59	43015.38
224.66	43103.84
224.73	43194.47
224.80	43278.28
224.87	43371.36
224.95	43475.84
225.02	43582.91
225.09	43682.01
225.16	43774.19
225.23	43871.57
225.31	43969.02
225.38	44051.81
225.45	44131.71
225.52	44218.86
225.60	44297.70
225.67	44368.76
225.74	44443.04
225.81	44522.91
225.88	44596.73
225.96	44661.63
226.03	44733.46
226.10	44811.66
226.17	44887.29
226.24	44964.01
226.32	45051.62
226.39	45138.14
226.46	45212.16
226.53	45292.80
226.60	45371.91
226.68	45452.23
226.75	45532.56
226.82	45621.47
226.89	45702.09
226.96	45782.90
227.04	45845.31
227.11	45894.91
227.18	45945.82
227.25	45988.37
227.32	46028.67
227.40	46088.61
227.47	46163.56
227.54	46235.43
227.61	46317.56
227.68	46401.62
227.76	46483.17
227.83	46556.87
227.90	46623.76
227.97	46686.79
228.04	46748.99
228.11	46794.00
228.19	46836.98
228.26	46891.41
228.33	46942.48
228.40	46985.46
228.47	47039.79
228.55	47093.56
228.62	47144.83
228.69	47201.63
228.76	47262.79
228.83	47321.91
228.90	47386.27
228.98	47440.99
229.05	47507.18
229.12	47576.03
229.19	47640.63
229.26	47695.82
229.34	47751.32
229.41	47795.02
229.48	47832.04
229.55	47875.49
229.62	47925.82
229.69	47992.83
229.77	48048.82
229.84	48109.17
229.91	48155.06
229.98	48202.15
230.05	48233.17
230.12	48273.55
230.20	48313.00
230.27	48366.71
230.34	48418.74
230.41	48474.01
230.48	48525.01
230.55	48586.37
230.63	48637.63
230.70	48695.55
230.77	48739.12
230.84	48774.30
230.91	48791.12
230.98	48827.16
231.06	48855.55
231.13	48904.06
231.20	48960.85
231.27	49029.45
231.34	49087.27
231.41	49148.36
231.49	49188.81
231.56	49236.48
231.63	49280.13
231.70	49313.85
231.77	49346.45
231.84	49384.21
231.92	49410.37
231.99	49429.72
232.06	49462.09
232.13	49489.69
232.20	49527.43
232.27	49566.57
232.34	49604.80
232.42	49630.86
232.49	49654.59
232.56	49681.56
232.63	49721.28
232.70	49757.09
232.77	49810.01
232.85	49861.03
232.92	49906.07
232.99	49939.60
233.06	49973.23
233.13	49986.76
233.20	50001.23
233.27	50006.41
233.35	50009.01
233.42	50019.11
233.49	50028.33
233.56	50053.65
233.63	50078.50
233.70	50110.84
233.77	50137.29
233.85	50166.81
233.92	50204.46
233.99	50241.02
234.06	50270.00
234.13	50300.25
234.20	50331.19
234.27	50336.11
234.35	50349.92
234.42	50362.17
234.49	50373.66
234.56	50386.97
234.63	50397.92
234.70	50403.53
234.77	50410.07
234.84	50420.58
234.92	50418.34
234.99	50428.09
235.06	50440.99
235.13	50443.50
235.20	50446.39
235.27	50462.37
235.34	50463.94
235.41	50471.11
235.49	50478.88
235.56	50493.74
235.63	50499.76
235.70	50511.05
235.77	50511.30
235.84	50521.46
235.91	50518.81
235.98	50512.02
236.06	50497.50
236.13	50484.38
236.20	50468.65
236.27	50436.27
236.34	50416.61
236.41	50398.54
236.48	50386.61
236.55	50369.55
236.63	50369.02
236.70	50359.82
236.77	50367.41
236.84	50374.75
236.91	50383.98
236.98	50384.61
237.05	50395.60
237.12	50382.67
237.19	50367.89
237.27	50350.92
237.34	50349.31
237.41	50340.15
237.48	50332.26
237.55	50318.31
237.62	50312.14
237.69	50310.39
237.76	50307.91
237.83	50315.75
237.91	50324.32
237.98	50328.66
238.05	50313.59
238.12	50305.98
238.19	50292.18
238.26	50292.30
238.33	50280.31
238.40	50273.40
238.47	50259.12
238.54	50250.90
238.62	50229.18
238.69	50212.63
238.76	50194.81
238.83	50177.40
238.90	50164.08
238.97	50147.39
239.04	50135.30
239.11	50124.89
239.18	50122.03
239.25	50117.59
239.33	50102.11
239.40	50091.65
239.47	50079.28
239.54	50054.34
239.61	50018.81
239.68	49983.06
239.75	49958.92
239.82	49937.53
239.89	49917.72
239.96	49908.26
240.03	49920.06
240.11	49917.07
240.18	49910.20
240.25	49902.10
240.32	49891.45
240.39	49879.33
240.46	49862.27
240.53	49861.14
240.60	49861.41
240.67	49860.47
240.74	49852.20
240.81	49844.79
240.88	49827.55
240.96	49810.37
241.03	49801.47
241.10	49791.01
241.17	49789.57
241.24	49792.40
241.31	49797.96
241.38	49787.79
241.45	49779.60
241.52	49764.08
241.59	49740.79
241.66	49719.82
241.73	49713.73
241.80	49703.49
241.88	49695.08
241.95	49680.43
242.02	49664.10
242.09	49631.40
242.16	49603.02
242.23	49584.88
242.30	49571.40
242.37	49557.28
242.44	49563.41
242.51	49567.58
242.58	49562.24
242.65	49561.87
242.72	49561.37
242.79	49546.25
242.87	49543.34
242.94	49537.04
243.01	49534.30
243.08	49542.26
243.15	49555.34
243.22	49554.71
243.29	49569.21
243.36	49570.87
243.43	49571.00
243.50	49580.42
243.57	49603.20
243.64	49602.51
243.71	49604.22
243.78	49603.41
243.85	49589.89
243.92	49569.16
243.99	49561.91
244.07	49559.59
244.14	49546.33
244.21	49541.96
244.28	49532.73
244.35	49520.29
244.42	49512.58
244.49	49515.85
244.56	49517.01
244.63	49525.63
244.70	49531.88
244.77	49537.29
244.84	49549.06
244.91	49565.81
244.98	49579.44
245.05	49601.11
245.12	49625.08
245.19	49641.40
245.26	49649.53
245.33	49667.52
245.40	49699.34
245.47	49729.09
245.55	49749.52
245.62	49765.95
245.69	49767.12
245.76	49762.47
245.83	49754.23
245.90	49753.97
245.97	49756.39
246.04	49771.40
246.11	49778.70
246.18	49787.52
246.25	49790.94
246.32	49790.43
246.39	49789.61
246.46	49793.41
246.53	49809.63
246.60	49825.75
246.67	49854.03
246.74	49874.11
246.81	49904.82
246.88	49920.56
246.95	49950.01
247.02	49974.36
247.09	50003.13
247.16	50002.34
247.23	50005.94
247.30	49993.17
247.37	49985.49
247.44	49992.07
247.51	50016.28
247.58	50049.13
247.66	50092.73
247.73	50132.65
247.80	50165.10
247.87	50190.29
247.94	50216.86
248.01	50254.97
248.08	50291.39
248.15	50318.68
248.22	50349.77
248.29	50377.12
248.36	50391.76
248.43	50410.04
248.50	50430.22
248.57	50447.26
248.64	50457.37
248.71	50473.12
248.78	50498.24
248.85	50522.80
248.92	50551.34
248.99	50577.86
249.06	50595.65
249.13	50599.61
249.20	50607.48
249.27	50622.26
249.34	50640.57
249.41	50655.13
249.48	50661.87
249.55	50665.32
249.62	50673.17
249.69	50684.10
249.76	50713.59
249.83	50754.08
249.90	50802.22
249.97	50844.85
250.04	50890.96
250.11	50921.10
250.18	50951.30
250.25	50970.42
250.32	50986.23
250.39	51001.30
250.46	51020.53
250.53	51049.53
250.60	51078.77
250.67	51103.96
250.74	51123.89
250.81	51133.75
250.88	51142.73
250.95	51160.59
251.02	51179.37
251.09	51201.53
251.16	51239.78
251.23	51264.50
251.30	51282.49
251.37	51305.16
251.44	51322.80
251.51	51335.77
251.58	51354.37
251.65	51370.95
251.72	51377.16
251.79	51394.47
251.86	51410.65
251.93	51421.65
252.00	51436.01
252.07	51456.49
252.14	51474.73
252.21	51478.89
252.28	51488.43
252.35	51503.65
252.42	51522.27
252.49	51531.33
252.56	51550.93
252.63	51569.73
252.70	51569.64
252.77	51573.93
252.84	51587.38
252.91	51594.56
252.98	51604.87
253.05	51632.70
253.12	51649.21
253.19	51660.27
253.25	51688.54
253.32	51707.25
253.39	51729.15
253.46	51755.71
253.53	51777.12
253.60	51784.76
253.67	51793.32
253.74	51805.31
253.81	51818.23
253.88	51833.17
253.95	51853.36
254.02	51871.91
254.09	51884.55
254.16	51896.03
254.23	51906.06
254.30	51912.11
254.37	51925.05
254.44	51934.98
254.51	51941.81
254.58	51948.99
254.65	51957.21
254.72	51964.89
254.79	51961.68
254.86	51970.22
254.93	51964.73
255.00	51967.49
255.07	51968.06
255.14	51978.20
255.21	51975.76
255.28	51979.10
255.34	51966.08
255.41	51963.56
255.48	51958.28
255.55	51961.60
255.62	51969.43
255.69	51990.78
255.76	51996.80
255.83	52006.50
255.90	52013.41
255.97	52026.39
256.04	52026.81
256.11	52031.19
256.18	52027.89
256.25	52022.89
256.32	52018.48
256.39	52023.52
256.46	52024.51
256.53	52020.81
256.60	52020.97
256.67	52014.87
256.74	52010.05
256.80	52011.13
256.87	52015.00
256.94	52016.45
257.01	52019.03
257.08	52015.28
257.15	52004.57
257.22	52001.51
257.29	51978.87
257.36	51962.07
257.43	51948.27
257.50	51938.76
257.57	51920.08
257.64	51915.32
257.71	51886.91
257.78	51861.81
257.85	51836.87
257.92	51823.61
257.98	51803.56
258.05	51815.47
258.12	51812.40
258.19	51804.02
258.26	51794.15
258.33	51788.76
258.40	51777.71
258.47	51777.93
258.54	51782.10
258.61	51785.63
258.68	51781.62
258.75	51764.54
258.82	51749.65
258.89	51732.36
258.95	51705.63
259.02	51697.34
259.09	51686.72
259.16	51665.44
259.23	51634.87
259.30	51613.93
259.37	51585.46
259.44	51564.62
259.51	51554.56
259.58	51554.12
259.65	51541.57
259.72	51523.20
259.79	51491.17
259.85	51449.58
259.92	51411.44
259.99	51384.97
260.06	51362.33
260.13	51342.18
260.20	51325.44
260.27	51292.02
260.34	51256.43
260.41	51223.06
260.48	51197.21
260.55	51178.70
260.62	51170.82
260.68	51154.26
260.75	51131.70
260.82	51113.54
260.89	51085.97
260.96	51059.51
261.03	51039.07
261.10	51011.27
261.17	50981.40
261.24	50943.46
261.31	50912.53
261.38	50883.52
261.44	50855.94
261.51	50822.25
261.58	50791.25
261.65	50749.54
261.72	50701.12
261.79	50658.91
261.86	50629.67
261.93	50606.86
262.00	50586.58
262.07	50555.30
262.13	50531.90
262.20	50496.13
262.27	50453.69
262.34	50418.39
262.41	50392.75
262.48	50353.42
262.55	50318.46
262.62	50289.30
262.69	50246.60
262.76	50212.48
262.82	50183.06
262.89	50150.85
262.96	50115.44
263.03	50084.63
263.10	50053.75
263.17	50021.33
263.24	49986.83
263.31	49956.00
263.38	49926.42
263.44	49889.72
263.51	49838.45
263.58	49790.39
263.65	49743.58
263.72	49698.50
263.79	49650.64
263.86	49613.52
263.93	49574.67
264.00	49535.08
264.06	49500.85
264.13	49466.58
264.20	49435.11
264.27	49395.10
264.34	49355.58
264.41	49306.89
264.48	49261.51
264.55	49216.04
264.61	49179.98
264.68	49136.73
264.75	49098.18
264.82	49048.96
264.89	49004.45
264.96	48958.27
265.03	48913.83
265.10	48876.81
265.16	48844.18
265.23	48812.73
265.30	48786.84
265.37	48760.09
265.44	48709.49
265.51	48666.86
265.58	48619.88
265.65	48561.65
265.71	48508.66
265.78	48466.29
265.85	48423.26
265.92	48381.94
265.99	48342.32
266.06	48302.04
266.13	48257.90
266.20	48215.97
266.26	48175.46
266.33	48135.98
266.40	48094.97
266.47	48048.70
266.54	47990.36
266.61	47927.20
266.68	47868.66
266.74	47806.45
266.81	47755.46
266.88	47706.62
266.95	47652.27
267.02	47600.77
267.09	47557.03
267.16	47510.91
267.22	47468.66
267.29	47436.89
267.36	47396.23
267.43	47358.06
267.50	47319.90
267.57	47290.97
267.64	47261.41
267.70	47233.65
267.77	47195.66
267.84	47164.25
267.91	47117.72
267.98	47059.23
268.05	47008.12
268.11	46957.88
268.18	46902.23
268.25	46849.40
268.32	46809.31
268.39	46762.43
268.46	46719.12
268.53	46680.51
268.59	46645.14
268.66	46610.11
268.73	46569.26
268.80	46528.12
268.87	46480.96
268.94	46436.33
269.00	46393.28
269.07	46359.42
269.14	46333.98
269.21	46306.13
269.28	46267.38
269.35	46222.03
269.41	46179.94
269.48	46120.06
269.55	46060.93
269.62	46012.86
269.69	45972.61
269.76	45921.81
269.82	45877.63
269.89	45847.35
269.96	45824.21
270.03	45792.11
270.10	45767.83
270.17	45734.96
270.23	45696.41
270.30	45649.07
270.37	45610.38
270.44	45572.47
270.51	45541.39
270.58	45502.75
270.64	45474.99
270.71	45439.84
270.78	45405.77
270.85	45368.50
270.92	45335.46
270.99	45297.97
271.05	45265.65
271.12	45222.26
271.19	45187.18
271.26	45141.86
271.33	45095.29
271.39	45049.21
271.46	45011.12
271.53	44978.60
271.60	44962.16
271.67	44939.82
271.74	44912.83
271.80	44883.86
271.87	44857.04
271.94	44815.67
272.01	44778.02
272.08	44750.04
272.14	44713.86
272.21	44680.51
272.28	44660.39
272.35	44642.15
272.42	44618.59
272.48	44608.11
272.55	44585.26
272.62	44564.30
272.69	44545.95
272.76	44526.12
272.83	44496.51
272.89	44471.04
272.96	44434.36
273.03	44392.25
273.10	44354.18
273.17	44323.97
273.23	44296.31
273.30	44273.81
273.37	44256.82
273.44	44235.42
273.51	44217.58
273.57	44195.19
273.64	44175.08
273.71	44151.84
273.78	44124.92
273.85	44104.04
273.91	44080.97
273.98	44062.78
274.05	44045.67
274.12	44028.15
274.19	44003.93
274.25	43982.47
274.32	43951.41
274.39	43916.03
274.46	43875.89
274.53	43826.33
274.59	43775.53
274.66	43740.59
274.73	43716.44
274.80	43694.61
274.86	43675.57
274.93	43658.95
275.00	43622.59
275.07	43574.59
275.14	43540.34
275.20	43507.68
275.27	43484.12
275.34	43464.64
275.41	43452.72
275.48	43436.91
275.54	43424.41
275.61	43400.46
275.68	43377.04
275.75	43346.90
275.81	43314.86
275.88	43281.85
275.95	43254.12
276.02	43226.53
276.09	43201.21
276.15	43173.67
276.22	43149.36
276.29	43133.10
276.36	43110.02
276.42	43087.51
276.49	43065.50
276.56	43036.96
276.63	42999.55
276.70	42979.29
276.76	42964.42
276.83	42946.34
276.90	42932.86
276.97	42920.38
277.03	42898.55
277.10	42874.90
277.17	42855.98
277.24	42838.44
277.30	42815.99
277.37	42796.33
277.44	42781.39
277.51	42768.12
277.58	42737.69
277.64	42712.12
277.71	42696.06
277.78	42669.24
277.85	42634.90
277.91	42606.45
277.98	42585.37
278.05	42551.72
278.12	42530.28
278.18	42507.95
278.25	42491.53
278.32	42471.81
278.39	42455.78
278.45	42431.88
278.52	42415.26
278.59	42406.38
278.66	42383.67
278.72	42370.47
278.79	42357.22
278.86	42333.48
278.93	42320.04
278.99	42308.18
279.06	42283.06
279.13	42254.73
279.20	42238.33
279.26	42212.78
279.33	42195.50
279.40	42171.13
279.47	42150.31
279.53	42122.84
279.60	42092.97
279.67	42060.13
279.74	42037.96
279.80	42021.78
279.87	42013.42
279.94	42002.72
280.01	41993.26
280.07	41970.04
280.14	41949.59
280.21	41919.78
280.28	41883.38
280.34	41851.66
280.41	41830.60
280.48	41797.15
280.55	41769.26
280.61	41745.80
280.68	41721.22
280.75	41694.73
280.82	41666.96
280.88	41641.49
280.95	41590.84
281.02	41532.71
281.08	41458.88
281.15	41385.85
281.22	41309.16
281.29	41257.46
281.35	41200.05
281.42	41171.33
281.49	41138.83
281.56	41106.19
281.62	41067.22
281.69	41034.52
281.76	40997.43
281.82	40963.55
281.89	40932.73
281.96	40911.54
282.03	40886.69
282.09	40861.73
282.16	40842.50
282.23	40818.53
282.30	40792.67
282.36	40774.80
282.43	40753.25
282.50	40737.21
282.56	40710.76
282.63	40689.16
282.70	40664.93
282.77	40646.30
282.83	40619.34
282.90	40604.84
282.97	40583.47
283.03	40558.99
283.10	40532.81
283.17	40508.68
283.24	40483.55
283.30	40457.44
283.37	40435.00
283.44	40406.62
283.50	40376.36
283.57	40346.46
283.64	40315.97
283.71	40279.64
283.77	40237.10
283.84	40204.84
283.91	40169.40
283.97	40148.80
284.04	40157.47
284.11	40172.01
284.18	40182.73
284.24	40199.31
284.31	40207.23
284.38	40192.09
284.44	40174.95
284.51	40150.26
284.58	40133.00
284.64	40118.65
284.71	40104.75
284.78	40093.10
284.85	40089.16
284.91	40068.37
284.98	40050.00
285.05	40025.70
285.11	40009.88
285.18	39984.71
285.25	39973.90
285.31	39971.06
285.38	39972.55
285.45	39969.56
285.52	39970.13
285.58	39963.41
285.65	39941.72
285.72	39919.67
285.78	39899.22
285.85	39881.46
285.92	39866.20
285.98	39851.71
286.05	39837.94
286.12	39827.31
286.18	39820.79
286.25	39816.78
286.32	39811.64
286.39	39813.10
286.45	39808.45
286.52	39790.72
286.59	39777.31
286.65	39766.10
286.72	39761.83
286.79	39754.01
286.85	39747.49
286.92	39740.21
286.99	39737.17
287.05	39714.25
287.12	39706.46
287.19	39707.18
287.25	39701.61
287.32	39698.70
287.39	39703.06
287.45	39692.07
287.52	39684.97
287.59	39679.78
287.65	39667.56
287.72	39655.73
287.79	39648.44
287.86	39632.62
287.92	39618.23
287.99	39612.49
288.06	39610.00
288.12	39601.29
288.19	39606.22
288.26	39597.51
288.32	39587.60
288.39	39577.86
288.46	39577.80
288.52	39575.46
288.59	39580.57
288.66	39579.80
288.72	39583.54
288.79	39588.93
288.86	39586.73
288.92	39586.82
288.99	39584.36
289.06	39577.90
289.12	39566.63
289.19	39564.97
289.26	39571.66
289.32	39576.27
289.39	39580.33
289.45	39594.66
289.52	39587.31
289.59	39585.69
289.65	39588.76
289.72	39588.51
289.79	39586.13
289.85	39599.56
289.92	39601.11
289.99	39611.69
290.05	39619.76
290.12	39614.39
290.19	39615.14
290.25	39613.36
290.32	39605.24
290.39	39610.86
290.45	39612.16
290.52	39606.27
290.59	39607.90
290.65	39612.23
290.72	39605.10
290.79	39612.74
290.85	39618.77
290.92	39634.33
290.98	39639.41
291.05	39651.16
291.12	39657.59
291.18	39666.50
291.25	39668.61
291.32	39673.58
291.38	39669.26
291.45	39667.22
291.52	39667.39
291.58	39661.76
291.65	39672.01
291.72	39686.58
291.78	39709.57
291.85	39726.04
291.91	39745.72
291.98	39766.98
292.05	39775.62
292.11	39783.38
292.18	39794.51
292.25	39795.25
292.31	39778.92
292.38	39787.37
292.45	39786.40
292.51	39796.77
292.58	39807.24
292.64	39826.26
292.71	39834.14
292.78	39849.61
292.84	39849.91
292.91	39858.15
292.98	39862.53
293.04	39871.45
293.11	39878.85
293.17	39884.64
293.24	39895.87
293.31	39909.71
293.37	39919.33
293.44	39918.68
293.51	39935.47
293.57	39944.94
293.64	39950.49
293.70	39965.86
293.77	39989.91
293.84	39999.14
293.90	40008.06
293.97	40012.92
294.04	40013.54
294.10	40017.81
294.17	40027.72
294.23	40038.20
294.30	40052.87
294.37	40067.01
294.43	40088.16
294.50	40096.94
294.56	40111.46
294.63	40123.82
294.70	40134.10
294.76	40140.19
294.83	40156.88
294.90	40167.54
294.96	40183.48
295.03	40202.95
295.09	40218.86
295.16	40233.36
295.23	40250.61
295.29	40260.32
295.36	40270.14
295.42	40271.87
295.49	40279.55
295.56	40292.10
295.62	40315.93
295.69	40329.50
295.75	40350.14
295.82	40365.17
295.89	40372.47
295.95	40375.76
296.02	40384.72
296.08	40389.44
296.15	40396.18
296.22	40415.04
296.28	40437.78
296.35	40461.79
296.41	40482.63
296.48	40504.49
296.55	40520.72
296.61	40530.15
296.68	40549.41
296.74	40577.82
296.81	40604.36
296.88	40624.02
296.94	40649.43
297.01	40661.26
297.07	40663.38
297.14	40669.78
297.20	40677.60
297.27	40686.89
297.34	40706.58
297.40	40726.96
297.47	40737.90
297.53	40754.91
297.60	40771.96
297.67	40779.89
297.73	40798.99
297.80	40817.96
297.86	40825.03
297.93	40835.60
298.00	40852.71
298.06	40861.01
298.13	40881.15
298.19	40902.21
298.26	40915.92
298.32	40935.27
298.39	40947.90
298.46	40952.61
298.52	40969.21
298.59	40977.82
298.65	40983.74
298.72	41003.35
298.78	41018.43
298.85	41033.59
298.92	41054.50
298.98	41073.40
299.05	41084.89
299.11	41101.31
299.18	41113.84
299.24	41124.43
299.31	41128.09
299.38	41137.84
299.44	41141.17
299.51	41153.62
299.57	41161.53
299.64	41175.97
299.70	41186.41
299.77	41196.20
299.84	41198.45
299.90	41205.86
299.97	41203.61
300.03	41212.57
300.10	41233.46
300.16	41246.49
300.23	41264.43
300.30	41285.56
300.36	41292.65
300.43	41300.98
300.49	41313.30
300.56	41326.19
300.62	41344.02
300.69	41361.42
300.75	41372.58
300.82	41388.49
300.89	41391.73
300.95	41401.31
301.02	41403.14
301.08	41408.35
301.15	41403.86
301.21	41410.06
301.28	41406.85
301.34	41416.54
301.41	41414.49
301.48	41416.34
301.54	41410.71
301.61	41406.79
301.67	41398.06
301.74	41403.68
301.80	41402.73
301.87	41402.19
301.93	41398.82
302.00	41402.03
302.06	41391.80
302.13	41383.38
302.20	41383.19
302.26	41382.33
302.33	41374.45
302.39	41367.25
302.46	41364.34
302.52	41356.42
302.59	41351.26
302.65	41351.83
302.72	41357.78
302.78	41354.73
302.85	41347.61
302.91	41337.71
302.98	41322.45
303.05	41300.28
303.11	41291.94
303.18	41279.71
303.24	41269.56
303.31	41252.84
303.37	41243.68
303.44	41233.57
303.50	41219.04
303.57	41198.31
303.63	41186.23
303.70	41180.14
303.76	41160.33
303.83	41155.12
303.89	41150.90
303.96	41142.23
304.03	41122.51
304.09	41113.18
304.16	41084.99
304.22	41054.20
304.29	41033.40
304.35	41009.64
304.42	40982.23
304.48	40968.13
304.55	40955.75
304.61	40931.96
304.68	40915.86
304.74	40900.82
304.81	40882.49
304.87	40849.41
304.94	40826.31
305.00	40802.10
305.07	40764.53
305.13	40724.97
305.20	40698.92
305.26	40673.26
305.33	40640.56
305.39	40616.18
305.46	40584.70
305.52	40558.46
305.59	40529.56
305.66	40494.58
305.72	40466.81
305.79	40442.77
305.85	40420.03
305.92	40371.61
305.98	40268.91
306.05	40055.51
306.11	39762.96
306.18	39470.66
306.24	39288.79
306.31	39250.81
306.37	39368.82
306.44	39597.15
306.50	39830.98
306.57	39966.06
306.63	40026.35
306.70	40017.97
306.76	39981.96
306.83	39933.10
306.89	39880.13
306.96	39826.21
307.02	39782.61
307.09	39747.21
307.15	39706.51
307.22	39678.87
307.28	39634.23
307.35	39592.82
307.41	39542.38
307.48	39495.47
307.54	39445.13
307.61	39397.32
307.67	39344.67
307.74	39290.27
307.80	39244.28
307.87	39194.61
307.93	39153.63
308.00	39119.77
308.06	39084.94
308.13	39037.71
308.19	38995.72
308.26	38948.09
308.32	38899.27
308.38	38858.52
308.45	38820.00
308.51	38774.74
308.58	38717.13
308.64	38654.74
308.71	38596.02
308.77	38536.99
308.84	38478.89
308.90	38453.24
308.97	38427.34
309.03	38402.90
309.10	38362.59
309.16	38319.76
309.23	38252.43
309.29	38189.59
309.36	38103.76
309.42	38036.77
309.49	37968.48
309.55	37902.37
309.62	37833.57
309.68	37780.19
309.75	37719.68
309.81	37661.84
309.88	37617.56
309.94	37564.39
310.00	37510.36
310.07	37455.65
310.13	37409.46
310.20	37347.55
310.26	37297.68
310.33	37240.14
310.39	37191.33
310.46	37135.36
310.52	37083.55
310.59	37034.24
310.65	36986.94
310.72	36933.86
310.78	36873.50
310.85	36814.21
310.91	36752.39
310.97	36698.49
311.04	36642.35
311.10	36586.29
311.17	36532.27
311.23	36479.55
311.30	36418.43
311.36	36360.47
311.43	36316.16
311.49	36255.89
311.56	36195.90
311.62	36136.94
311.69	36080.26
311.75	36021.25
311.81	35962.76
311.88	35901.31
311.94	35850.21
312.01	35804.52
312.07	35747.75
312.14	35700.53
312.20	35661.48
312.27	35609.88
312.33	35540.78
312.40	35474.74
312.46	35407.14
312.52	35337.74
312.59	35277.69
312.65	35214.71
312.72	35149.36
312.78	35079.86
312.85	35010.73
312.91	34927.65
312.98	34861.75
313.04	34803.21
313.10	34756.07
313.17	34698.90
313.23	34659.71
313.30	34604.77
313.36	34540.46
313.43	34464.73
313.49	34399.05
313.56	34320.89
313.62	34251.87
313.68	34185.60
313.75	34129.93
313.81	34068.00
313.88	34000.53
313.94	33942.52
314.01	33892.64
314.07	33831.36
314.13	33771.05
314.20	33721.30
314.26	33654.80
314.33	33584.36
314.39	33515.95
314.46	33438.66
314.52	33363.92
314.58	33295.23
314.65	33224.92
314.71	33161.97
314.78	33105.75
314.84	33046.11
314.91	32986.73
314.97	32927.69
315.03	32866.20
315.10	32804.62
315.16	32736.43
315.23	32668.63
315.29	32603.03
315.36	32539.89
315.42	32468.70
315.48	32407.06
315.55	32343.10
315.61	32269.57
315.68	32207.60
315.74	32152.25
315.81	32084.60
315.87	32011.12
315.93	31960.06
316.00	31911.86
316.06	31862.53
316.13	31831.20
316.19	31785.10
316.25	31681.67
316.32	31518.95
316.38	31310.56
316.45	31030.91
316.51	30719.80
316.58	30389.46
316.64	30036.16
316.70	29667.11
316.77	29283.01
316.83	28875.43
316.90	28448.18
316.96	28009.03
317.02	27554.86
317.09	27092.60
317.15	26616.37
317.22	26129.97
317.28	25630.35
317.34	25114.83
317.41	24591.77
317.47	24065.37
317.54	23524.93
317.60	22971.10
317.66	22412.57
317.73	21840.57
317.79	21266.12
317.86	20689.83
317.92	20111.67
317.98	19519.58
318.05	18925.16
318.11	18326.31
318.18	17734.29
318.24	17143.32
318.30	16556.89
318.37	15975.56
318.43	15388.68
318.50	14802.01
318.56	14217.02
318.62	13648.55
318.69	13082.58
318.75	12536.46
318.82	11993.11
318.88	11467.93
318.94	10946.21
319.01	10441.40
319.07	9947.46
319.13	9464.15
319.20	8993.80
319.26	8531.52
319.33	8083.38
319.39	7642.84
319.45	7234.62
319.52	6839.96
319.58	6460.63
319.65	6095.47
319.71	5751.34
319.77	5413.18
319.84	5094.33
319.90	4797.68
319.96	4513.17
320.03	4240.91
320.09	3990.86
320.16	3744.88
320.22	3519.24
320.28	3309.28
320.35	3114.57
320.41	2930.28
320.47	2765.83
320.54	2605.49
320.60	2463.61
320.67	2333.31
320.73	2211.03
320.79	2097.08
320.86	2000.96
320.92	1905.15
320.98	1820.96
321.05	1743.96
321.11	1672.45
321.18	1605.11
321.24	1548.25
321.30	1488.94
321.37	1439.07
321.43	1399.89
321.49	1357.86
321.56	1319.66
321.62	1289.68
321.68	1254.94
321.75	1221.13
321.81	1193.94
321.88	1165.24
321.94	1141.05
322.00	1118.94
322.07	1090.76
322.13	1062.57
322.19	1032.62
322.26	998.83
322.32	969.51
322.38	944.94
322.45	924.04
322.51	899.02
322.58	879.97
322.64	851.74
322.70	826.87
322.77	793.72
322.83	773.33
322.89	742.17
322.96	716.17
323.02	688.01
323.08	661.17
323.15	631.01
323.21	605.94
323.27	581.60
323.34	556.77
323.40	532.66
323.46	507.35
323.53	477.33
323.59	403.26
323.65	302.97
323.72	190.08
323.78	81.50
323.85	-18.14
323.91	-67.64
323.97	-86.48
324.04	-86.85
