180.21	3426.17
180.28	-125.77
180.36	633.16
180.44	-44.46
180.51	-10.47
180.59	17.06
180.66	48.81
180.74	50.11
180.81	51.95
180.89	56.76
180.97	59.57
181.04	59.84
181.12	61.29
181.19	65.15
181.27	68.16
181.34	88.06
181.42	96.41
181.50	104.24
181.57	114.72
181.65	119.61
181.72	112.94
181.80	110.40
181.87	115.21
181.95	123.47
182.03	133.68
182.10	149.97
182.18	166.86
182.25	191.09
182.33	212.66
182.40	239.10
182.48	255.48
182.55	287.34
182.63	307.41
182.71	325.59
182.78	343.97
182.86	353.86
182.93	338.30
183.01	321.26
183.08	299.09
183.16	285.70
183.23	280.70
183.31	306.46
183.39	337.71
183.46	388.78
183.54	434.02
183.61	492.15
183.69	548.61
183.76	616.85
183.84	674.31
183.91	736.50
183.99	798.97
184.06	848.47
184.14	904.32
184.22	944.98
184.29	950.59
184.37	947.02
184.44	916.87
184.52	823.16
184.59	719.07
184.67	645.58
184.74	579.97
184.82	566.14
184.89	617.63
184.97	713.75
185.04	818.32
185.12	927.61
185.20	1031.70
185.27	1140.44
185.35	1231.72
185.42	1301.03
185.50	1379.25
185.57	1435.37
185.65	1489.93
185.72	1563.77
185.80	1643.32
185.87	1710.16
185.95	1797.36
186.02	1854.44
186.10	1855.52
186.17	1814.10
186.25	1681.77
186.33	1482.09
186.40	1309.98
186.48	1207.21
186.55	1184.61
186.63	1265.61
186.70	1437.10
186.78	1602.02
186.85	1749.27
186.93	1873.11
187.00	2009.36
187.08	2120.31
187.15	2251.92
187.23	2388.99
187.30	2507.61
187.38	2627.10
187.45	2762.52
187.53	2864.46
187.60	2952.67
187.68	3075.79
187.75	3157.71
187.83	3196.14
187.90	3231.01
187.98	3224.25
188.05	3103.49
188.13	2868.91
188.21	2607.99
188.28	2386.34
188.36	2221.01
188.43	2188.01
188.51	2322.58
188.58	2537.27
188.66	2733.46
188.73	2931.92
188.81	3114.72
188.88	3277.95
188.96	3414.37
189.03	3561.12
189.11	3702.26
189.18	3811.74
189.26	3914.52
189.33	4035.14
189.41	4128.92
189.48	4213.31
189.56	4322.42
189.63	4404.94
189.71	4458.84
189.78	4517.02
189.86	4538.46
189.93	4505.06
190.01	4430.21
190.08	4268.95
190.16	3984.73
190.23	3686.49
190.31	3474.08
190.38	3355.97
190.46	3371.78
190.53	3535.71
190.61	3775.95
190.68	3983.16
190.76	4180.98
190.83	4346.51
190.91	4513.14
190.98	4648.27
191.06	4798.17
191.13	4928.84
191.21	5043.76
191.28	5151.09
191.35	5261.41
191.43	5337.75
191.50	5407.96
191.58	5489.88
191.65	5536.20
191.73	5566.95
191.80	5596.10
191.88	5599.31
191.95	5585.09
192.03	5580.63
192.10	5564.31
192.18	5522.84
192.25	5434.05
192.33	5263.78
192.40	5066.39
192.48	4911.98
192.55	4826.78
192.63	4837.38
192.70	4970.25
192.78	5161.85
192.85	5354.97
192.93	5527.33
193.00	5671.16
193.08	5803.01
193.15	5913.25
193.22	6000.04
193.30	6066.29
193.37	6128.79
193.45	6164.11
193.52	6207.67
193.60	6254.27
193.67	6302.86
193.75	6348.43
193.82	6397.02
193.90	6432.59
193.97	6472.28
194.05	6514.36
194.12	6557.53
194.20	6610.09
194.27	6658.48
194.34	6686.46
194.42	6699.76
194.49	6707.71
194.57	6678.84
194.64	6604.23
194.72	6514.14
194.79	6427.56
194.87	6341.73
194.94	6297.19
195.02	6309.29
195.09	6362.20
195.17	6438.84
195.24	6543.87
195.31	6654.43
195.39	6771.67
195.46	6876.05
195.54	6977.50
195.61	7055.92
195.69	7111.43
195.76	7148.90
195.84	7191.59
195.91	7209.52
195.99	7222.71
196.06	7237.21
196.13	7251.48
196.21	7245.86
196.28	7235.98
196.36	7212.40
196.43	7173.61
196.51	7130.22
196.58	7100.48
196.66	7098.78
196.73	7129.02
196.80	7189.06
196.88	7264.42
196.95	7350.68
197.03	7423.37
197.10	7470.83
197.18	7496.65
197.25	7515.95
197.33	7534.27
197.40	7559.98
197.47	7580.81
197.55	7619.45
197.62	7649.38
197.70	7665.42
197.77	7666.56
197.85	7666.48
197.92	7632.87
197.99	7576.73
198.07	7504.53
198.14	7442.36
198.22	7423.10
198.29	7454.51
198.37	7542.32
198.44	7669.58
198.51	7798.64
198.59	7899.98
198.66	7989.83
198.74	8054.49
198.81	8102.04
198.89	8141.40
198.96	8179.18
199.03	8197.05
199.11	8214.61
199.18	8218.08
199.26	8217.03
199.33	8210.20
199.41	8193.40
199.48	8134.87
199.55	8059.25
199.63	7972.06
199.70	7907.29
199.78	7879.48
199.85	7928.78
199.93	8033.56
200.00	8177.75
200.07	8315.88
200.15	8443.79
200.22	8543.01
200.30	8613.20
200.37	8675.78
200.44	8732.53
200.52	8779.27
200.59	8817.35
200.67	8843.88
200.74	8840.88
200.81	8824.29
200.89	8801.82
200.96	8785.24
201.04	8757.45
201.11	8717.86
201.19	8674.62
201.26	8632.74
201.33	8602.91
201.41	8624.43
201.48	8702.26
201.56	8815.88
201.63	8958.35
201.70	9086.94
201.78	9196.68
201.85	9292.36
201.93	9367.52
202.00	9419.11
202.07	9472.64
202.15	9511.55
202.22	9536.74
202.30	9561.83
202.37	9579.35
202.44	9586.76
202.52	9594.16
202.59	9593.06
202.67	9585.04
202.74	9588.07
202.81	9577.83
202.89	9556.08
202.96	9557.44
203.04	9601.39
203.11	9664.10
203.18	9771.47
203.26	9906.04
203.33	10031.56
203.41	10127.96
203.48	10210.38
203.55	10264.38
203.63	10316.69
203.70	10373.52
203.77	10421.67
203.85	10458.79
203.92	10501.36
204.00	10550.04
204.07	10591.63
204.14	10634.81
204.22	10673.67
204.29	10707.81
204.37	10720.19
204.44	10728.62
204.51	10738.89
204.59	10760.04
204.66	10791.93
204.73	10855.14
204.81	10939.26
204.88	11041.94
204.96	11151.56
205.03	11259.23
205.10	11345.36
205.18	11419.54
205.25	11487.80
205.32	11551.51
205.40	11609.82
205.47	11675.78
205.55	11739.12
205.62	11795.72
205.69	11856.87
205.77	11918.88
205.84	11972.46
205.91	12027.70
205.99	12085.31
206.06	12128.87
206.14	12171.72
206.21	12221.75
206.28	12262.48
206.36	12312.34
206.43	12367.50
206.50	12442.14
206.58	12529.77
206.65	12630.93
206.72	12729.58
206.80	12839.44
206.87	12935.85
206.95	13028.94
207.02	13123.79
207.09	13217.27
207.17	13308.21
207.24	13400.70
207.31	13483.65
207.39	13558.48
207.46	13630.21
207.53	13692.19
207.61	13766.32
207.68	13832.73
207.75	13911.35
207.83	13992.24
207.90	14073.33
207.98	14130.43
208.05	14209.98
208.12	14280.18
208.20	14357.68
208.27	14450.44
208.34	14560.99
208.42	14654.06
208.49	14750.79
208.56	14835.31
208.64	14930.88
208.71	15015.64
208.78	15104.37
208.86	15208.21
208.93	15314.92
209.00	15412.08
209.08	15510.31
209.15	15612.38
209.22	15712.77
209.30	15809.25
209.37	15903.19
209.44	16012.72
209.52	16115.82
209.59	16205.77
209.67	16309.65
209.74	16402.75
209.81	16500.06
209.89	16601.47
209.96	16709.04
210.03	16806.79
210.11	16916.72
210.18	17012.68
210.25	17130.25
210.33	17248.66
210.40	17360.16
210.47	17473.51
210.55	17596.51
210.62	17698.07
210.69	17786.59
210.77	17898.26
210.84	18001.49
210.91	18115.09
210.99	18224.23
211.06	18350.99
211.13	18468.32
211.21	18590.66
211.28	18696.40
211.35	18813.08
211.42	18928.41
211.50	19041.53
211.57	19152.73
211.64	19270.71
211.72	19388.03
211.79	19501.58
211.86	19621.00
211.94	19753.01
212.01	19883.61
212.08	20010.69
212.16	20135.21
212.23	20263.12
212.30	20385.68
212.38	20499.29
212.45	20624.50
212.52	20758.01
212.60	20886.31
212.67	21008.81
212.74	21143.83
212.82	21266.54
212.89	21379.59
212.96	21496.03
213.03	21632.12
213.11	21765.37
213.18	21903.47
213.25	22056.86
213.33	22205.85
213.40	22337.67
213.47	22468.22
213.55	22592.55
213.62	22708.16
213.69	22826.70
213.77	22950.66
213.84	23073.28
213.91	23215.48
213.98	23355.26
214.06	23496.15
214.13	23640.21
214.20	23797.04
214.28	23951.26
214.35	24095.04
214.42	24236.83
214.50	24381.70
214.57	24508.12
214.64	24621.33
214.72	24746.48
214.79	24872.40
214.86	24992.85
214.93	25129.27
215.01	25285.76
215.08	25424.34
215.15	25560.09
215.23	25687.81
215.30	25819.10
215.37	25943.65
215.44	26096.78
215.52	26260.21
215.59	26423.14
215.66	26579.06
215.74	26729.73
215.81	26869.14
215.88	27008.63
215.95	27143.85
216.03	27276.84
216.10	27413.25
216.17	27558.34
216.25	27698.34
216.32	27855.04
216.39	28016.08
216.46	28160.64
216.54	28296.23
216.61	28433.60
216.68	28560.96
216.76	28692.80
216.83	28847.07
216.90	29010.46
216.97	29182.49
217.05	29347.84
217.12	29497.27
217.19	29613.60
217.27	29707.55
217.34	29791.03
217.41	29890.63
217.48	29998.37
217.56	30131.21
217.63	30288.49
217.70	30449.29
217.78	30609.79
217.85	30771.16
217.92	30929.51
217.99	31098.31
218.07	31246.65
218.14	31386.95
218.21	31528.45
218.28	31678.76
218.36	31815.50
218.43	31960.22
218.50	32108.60
218.57	32248.53
218.65	32376.92
218.72	32497.97
218.79	32633.30
218.87	32767.16
218.94	32910.53
219.01	33051.34
219.08	33189.05
219.16	33318.23
219.23	33442.40
219.30	33552.68
219.37	33674.16
219.45	33799.04
219.52	33937.76
219.59	34069.81
219.66	34203.96
219.74	34336.18
219.81	34491.52
219.88	34629.86
219.95	34775.08
220.03	34928.67
220.10	35071.76
220.17	35189.29
220.24	35313.22
220.32	35441.15
220.39	35562.55
220.46	35683.14
220.53	35809.81
220.61	35932.06
220.68	36058.85
220.75	36185.89
220.82	36326.50
220.90	36445.99
220.97	36544.08
221.04	36631.89
221.11	36728.65
221.19	36820.66
221.26	36923.16
221.33	37055.01
221.40	37188.78
221.48	37318.50
221.55	37441.09
221.62	37573.25
221.69	37702.05
221.77	37825.26
221.84	37946.96
221.91	38066.41
221.98	38189.96
222.06	38308.61
222.13	38441.13
222.20	38561.46
222.27	38680.68
222.35	38790.73
222.42	38902.07
222.49	38989.72
222.56	39075.53
222.63	39162.87
222.71	39261.70
222.78	39370.57
222.85	39487.27
222.92	39612.32
223.00	39720.04
223.07	39807.43
223.14	39876.11
223.21	39953.38
223.29	40042.57
223.36	40167.05
223.43	40298.29
223.50	40436.70
223.57	40579.86
223.65	40721.25
223.72	40834.63
223.79	40942.78
223.86	41040.55
223.94	41135.24
224.01	41213.99
224.08	41277.28
224.15	41346.18
224.22	41416.86
224.30	41469.40
224.37	41536.18
224.44	41631.01
224.51	41734.25
224.59	41834.87
224.66	41952.08
224.73	42059.59
224.80	42165.88
224.87	42261.99
224.95	42363.11
225.02	42463.01
225.09	42554.03
225.16	42639.36
225.23	42731.91
225.31	42825.27
225.38	42912.96
225.45	43008.85
225.52	43101.08
225.60	43175.89
225.67	43219.52
225.74	43255.23
225.81	43291.27
225.88	43347.18
225.96	43428.58
226.03	43554.63
226.10	43693.99
226.17	43828.39
226.24	43944.69
226.32	44037.12
226.39	44109.14
226.46	44168.79
226.53	44226.12
226.60	44281.87
226.68	44342.34
226.75	44410.13
226.82	44482.31
226.89	44555.80
226.96	44623.53
227.04	44678.65
227.11	44727.93
227.18	44775.38
227.25	44813.44
227.32	44870.12
227.40	44939.90
227.47	45009.17
227.54	45075.82
227.61	45151.96
227.68	45226.68
227.76	45306.54
227.83	45381.85
227.90	45452.53
227.97	45517.06
228.04	45572.22
228.11	45608.61
228.19	45649.16
228.26	45709.79
228.33	45781.41
228.40	45848.39
228.47	45921.82
228.55	45994.71
228.62	46057.64
228.69	46109.95
228.76	46164.40
228.83	46221.79
228.90	46276.06
228.98	46336.95
229.05	46404.61
229.12	46484.04
229.19	46562.34
229.26	46640.84
229.34	46697.13
229.41	46747.42
229.48	46782.01
229.55	46819.21
229.62	46867.95
229.69	46922.91
229.77	46966.57
229.84	47009.94
229.91	47043.69
229.98	47065.72
230.05	47095.04
230.12	47139.03
230.20	47207.08
230.27	47279.26
230.34	47349.42
230.41	47429.49
230.48	47495.86
230.55	47542.62
230.63	47585.76
230.70	47634.20
230.77	47652.31
230.84	47682.32
230.91	47715.41
230.98	47750.06
231.06	47788.80
231.13	47854.11
231.20	47924.66
231.27	47990.27
231.34	48049.99
231.41	48106.19
231.49	48157.51
231.56	48208.09
231.63	48258.20
231.70	48310.57
231.77	48340.30
231.84	48361.47
231.92	48368.02
231.99	48381.46
232.06	48411.74
232.13	48456.09
232.20	48510.75
232.27	48568.42
232.34	48621.29
232.42	48641.89
232.49	48672.52
232.56	48707.06
232.63	48760.17
232.70	48802.14
232.77	48869.06
232.85	48925.01
232.92	48964.60
232.99	48984.42
233.06	49015.00
233.13	49031.21
233.20	49045.96
233.27	49056.28
233.35	49059.21
233.42	49051.34
233.49	49063.32
233.56	49082.19
233.63	49107.79
233.70	49138.41
233.77	49177.49
233.85	49205.34
233.92	49244.20
233.99	49271.97
234.06	49308.50
234.13	49356.01
234.20	49404.67
234.27	49431.34
234.35	49469.01
234.42	49488.72
234.49	49491.72
234.56	49494.56
234.63	49487.60
234.70	49480.53
234.77	49474.04
234.84	49454.21
234.92	49428.23
234.99	49429.77
235.06	49440.41
235.13	49462.61
235.20	49503.19
235.27	49550.51
235.34	49582.60
235.41	49618.80
235.49	49649.18
235.56	49674.22
235.63	49687.09
235.70	49695.82
235.77	49684.87
235.84	49673.81
235.91	49658.41
235.98	49648.57
236.06	49647.51
236.13	49654.39
236.20	49662.26
236.27	49663.80
236.34	49675.61
236.41	49691.64
236.48	49690.11
236.55	49690.72
236.63	49686.61
236.70	49674.25
236.77	49657.17
236.84	49661.94
236.91	49657.66
236.98	49655.70
237.05	49657.12
237.12	49650.93
237.19	49629.62
237.27	49619.00
237.34	49621.54
237.41	49617.80
237.48	49609.48
237.55	49598.65
237.62	49586.61
237.69	49586.81
237.76	49595.16
237.83	49610.25
237.91	49625.38
237.98	49643.07
238.05	49643.14
238.12	49635.81
238.19	49624.18
238.26	49632.05
238.33	49624.26
238.40	49601.88
238.47	49584.39
238.54	49566.89
238.62	49535.30
238.69	49510.08
238.76	49495.24
238.83	49484.60
238.90	49492.06
238.97	49502.84
239.04	49524.37
239.11	49542.74
239.18	49559.10
239.25	49561.12
239.33	49544.13
239.40	49514.35
239.47	49481.27
239.54	49430.23
239.61	49373.71
239.68	49326.76
239.75	49295.16
239.82	49276.27
239.89	49267.46
239.96	49270.41
240.03	49282.84
240.11	49300.20
240.18	49312.80
240.25	49324.45
240.32	49329.19
240.39	49336.03
240.46	49335.20
240.53	49355.74
240.60	49383.70
240.67	49415.84
240.74	49431.27
240.81	49444.12
240.88	49432.02
240.96	49411.03
241.03	49389.46
241.10	49368.45
241.17	49344.78
241.24	49326.81
241.31	49310.91
241.38	49289.25
241.45	49286.88
241.52	49281.31
241.59	49283.40
241.66	49294.22
241.73	49307.82
241.80	49311.40
241.88	49306.91
241.95	49282.18
242.02	49236.48
242.09	49177.22
242.16	49116.46
242.23	49089.91
242.30	49082.51
242.37	49084.01
242.44	49112.08
242.51	49120.74
242.58	49108.49
242.65	49098.00
242.72	49105.92
242.79	49091.20
242.87	49106.02
242.94	49114.51
243.01	49105.06
243.08	49087.90
243.15	49085.97
243.22	49077.13
243.29	49083.36
243.36	49097.89
243.43	49118.32
243.50	49139.95
243.57	49163.26
243.64	49174.78
243.71	49196.67
243.78	49206.40
243.85	49199.24
243.92	49174.00
243.99	49156.70
244.07	49129.41
244.14	49092.24
244.21	49079.92
244.28	49098.36
244.35	49113.86
244.42	49135.20
244.49	49169.92
244.56	49195.50
244.63	49208.12
244.70	49212.55
244.77	49219.12
244.84	49221.29
244.91	49210.19
244.98	49196.42
245.05	49197.87
245.12	49212.27
245.19	49237.79
245.26	49265.11
245.33	49301.15
245.40	49336.90
245.47	49355.51
245.55	49366.91
245.62	49379.72
245.69	49393.08
245.76	49405.78
245.83	49428.86
245.90	49443.78
245.97	49453.06
246.04	49463.62
246.11	49463.77
246.18	49450.50
246.25	49445.40
246.32	49443.63
246.39	49438.49
246.46	49446.85
246.53	49468.58
246.60	49479.86
246.67	49507.34
246.74	49536.70
246.81	49563.03
246.88	49582.54
246.95	49608.62
247.02	49626.50
247.09	49634.14
247.16	49631.88
247.23	49611.81
247.30	49580.21
247.37	49542.39
247.44	49528.04
247.51	49517.03
247.58	49523.00
247.66	49557.48
247.73	49614.08
247.80	49655.70
247.87	49708.93
247.94	49772.21
248.01	49825.96
248.08	49866.31
248.15	49901.38
248.22	49925.93
248.29	49950.81
248.36	49971.23
248.43	49997.35
248.50	50027.13
248.57	50052.16
248.64	50073.57
248.71	50107.60
248.78	50135.10
248.85	50155.56
248.92	50180.53
248.99	50188.20
249.06	50173.92
249.13	50148.94
249.20	50131.76
249.27	50111.07
249.34	50101.53
249.41	50114.46
249.48	50129.67
249.55	50139.63
249.62	50154.23
249.69	50172.33
249.76	50195.81
249.83	50232.33
249.90	50272.87
249.97	50314.59
250.04	50375.28
250.11	50429.33
250.18	50472.09
250.25	50507.53
250.32	50540.44
250.39	50559.37
250.46	50567.00
250.53	50581.37
250.60	50598.06
250.67	50622.64
250.74	50640.13
250.81	50634.94
250.88	50628.89
250.95	50632.55
251.02	50621.79
251.09	50615.52
251.16	50645.01
251.23	50682.65
251.30	50715.00
251.37	50745.49
251.44	50770.95
251.51	50797.79
251.58	50819.50
251.65	50845.51
251.72	50873.61
251.79	50898.61
251.86	50889.51
251.93	50858.42
252.00	50806.23
252.07	50756.70
252.14	50725.79
252.21	50724.24
252.28	50746.30
252.35	50787.81
252.42	50857.38
252.49	50904.65
252.56	50941.76
252.63	50983.23
252.70	51015.08
252.77	51014.71
252.84	51015.86
252.91	51008.55
252.98	50989.74
253.05	50968.16
253.12	50967.43
253.19	50979.88
253.25	51010.18
253.32	51035.83
253.39	51070.43
253.46	51095.09
253.53	51117.54
253.60	51106.06
253.67	51102.18
253.74	51122.49
253.81	51143.18
253.88	51154.95
253.95	51182.55
254.02	51207.99
254.09	51209.50
254.16	51208.35
254.23	51195.73
254.30	51191.46
254.37	51192.96
254.44	51203.72
254.51	51218.07
254.58	51235.26
254.65	51252.82
254.72	51256.77
254.79	51232.98
254.86	51214.68
254.93	51196.49
255.00	51190.12
255.07	51198.46
255.14	51217.68
255.21	51205.15
255.28	51188.51
255.34	51159.93
255.41	51145.43
255.48	51144.47
255.55	51164.54
255.62	51196.21
255.69	51236.94
255.76	51259.78
255.83	51285.09
255.90	51306.71
255.97	51335.40
256.04	51337.95
256.11	51343.58
256.18	51339.66
256.25	51328.07
256.32	51302.16
256.39	51280.61
256.46	51251.78
256.53	51213.92
256.60	51184.16
256.67	51160.29
256.74	51145.67
256.80	51132.08
256.87	51119.10
256.94	51109.92
257.01	51108.16
257.08	51107.18
257.15	51098.94
257.22	51103.66
257.29	51093.90
257.36	51086.47
257.43	51077.36
257.50	51078.02
257.57	51058.33
257.64	51057.62
257.71	51035.63
257.78	51024.62
257.85	51006.19
257.92	51006.92
257.98	51003.23
258.05	51009.51
258.12	50997.52
258.19	50973.52
258.26	50937.11
258.33	50884.70
258.40	50843.43
258.47	50814.65
258.54	50806.23
258.61	50820.03
258.68	50844.73
258.75	50865.66
258.82	50879.27
258.89	50871.63
258.95	50835.97
259.02	50803.28
259.09	50754.62
259.16	50700.56
259.23	50648.36
259.30	50605.71
259.37	50571.25
259.44	50552.37
259.51	50544.91
259.58	50547.08
259.65	50550.02
259.72	50541.72
259.79	50509.04
259.85	50470.79
259.92	50438.03
259.99	50428.39
260.06	50419.35
260.13	50408.91
260.20	50398.08
260.27	50366.46
260.34	50308.59
260.41	50251.14
260.48	50215.70
260.55	50182.40
260.62	50154.31
260.68	50120.40
260.75	50094.45
260.82	50073.96
260.89	50053.28
260.96	50038.25
261.03	50044.80
261.10	50035.65
261.17	50019.30
261.24	49994.29
261.31	49968.98
261.38	49920.43
261.44	49877.37
261.51	49826.37
261.58	49792.66
261.65	49754.39
261.72	49714.65
261.79	49672.00
261.86	49626.55
261.93	49577.78
262.00	49544.00
262.07	49511.91
262.13	49486.09
262.20	49461.43
262.27	49428.87
262.34	49395.03
262.41	49352.27
262.48	49304.11
262.55	49262.06
262.62	49218.51
262.69	49161.38
262.76	49118.86
262.82	49077.15
262.89	49033.45
262.96	48988.25
263.03	48952.22
263.10	48915.71
263.17	48869.06
263.24	48820.63
263.31	48791.06
263.38	48754.00
263.44	48726.06
263.51	48699.73
263.58	48671.86
263.65	48624.32
263.72	48579.79
263.79	48516.20
263.86	48462.50
263.93	48407.90
264.00	48362.97
264.06	48333.81
264.13	48310.48
264.20	48291.41
264.27	48264.59
264.34	48234.43
264.41	48187.29
264.48	48142.06
264.55	48095.47
264.61	48072.45
264.68	48033.89
264.75	48003.33
264.82	47945.81
264.89	47873.89
264.96	47797.27
265.03	47728.26
265.10	47668.12
265.16	47636.35
265.23	47620.31
265.30	47606.42
265.37	47586.58
265.44	47558.16
265.51	47537.41
265.58	47506.45
265.65	47456.55
265.71	47406.07
265.78	47359.46
265.85	47286.74
265.92	47217.35
265.99	47157.48
266.06	47111.53
266.13	47050.72
266.20	47021.01
266.26	47001.25
266.33	46968.71
266.40	46921.26
266.47	46867.30
266.54	46781.62
266.61	46698.71
266.68	46624.86
266.74	46564.14
266.81	46519.14
266.88	46495.58
266.95	46437.82
267.02	46401.06
267.09	46352.94
267.16	46303.90
267.22	46260.14
267.29	46243.01
267.36	46217.52
267.43	46197.54
267.50	46162.02
267.57	46117.69
267.64	46069.97
267.70	46022.20
267.77	45966.32
267.84	45925.23
267.91	45882.83
267.98	45827.77
268.05	45767.61
268.11	45707.55
268.18	45649.41
268.25	45593.01
268.32	45545.63
268.39	45494.65
268.46	45458.60
268.53	45430.90
268.59	45408.55
268.66	45380.76
268.73	45355.36
268.80	45325.92
268.87	45275.68
268.94	45227.28
269.00	45191.02
269.07	45149.28
269.14	45106.36
269.21	45068.39
269.28	45030.89
269.35	44986.59
269.41	44949.71
269.48	44908.22
269.55	44853.95
269.62	44787.52
269.69	44724.41
269.76	44651.24
269.82	44577.00
269.89	44537.88
269.96	44520.20
270.03	44499.75
270.10	44484.80
270.17	44472.13
270.23	44441.85
270.30	44396.48
270.37	44362.04
270.44	44331.56
270.51	44301.59
270.58	44267.42
270.64	44235.94
270.71	44194.65
270.78	44153.39
270.85	44106.22
270.92	44054.93
270.99	44005.36
271.05	43961.83
271.12	43914.08
271.19	43867.99
271.26	43822.74
271.33	43784.84
271.39	43742.93
271.46	43688.34
271.53	43647.18
271.60	43627.06
271.67	43596.68
271.74	43572.75
271.80	43564.20
271.87	43558.07
271.94	43521.20
272.01	43477.94
272.08	43435.73
272.14	43388.06
272.21	43350.67
272.28	43334.18
272.35	43318.34
272.42	43288.82
272.48	43276.03
272.55	43245.78
272.62	43217.99
272.69	43206.86
272.76	43211.03
272.83	43189.30
272.89	43165.60
272.96	43133.83
273.03	43090.61
273.10	43034.41
273.17	42986.14
273.23	42942.48
273.30	42901.66
273.37	42857.49
273.44	42832.58
273.51	42820.54
273.57	42805.71
273.64	42790.21
273.71	42793.86
273.78	42780.63
273.85	42763.88
273.91	42748.44
273.98	42730.94
274.05	42692.12
274.12	42664.57
274.19	42638.01
274.25	42610.09
274.32	42577.46
274.39	42545.55
274.46	42493.12
274.53	42432.24
274.59	42360.21
274.66	42304.60
274.73	42259.21
274.80	42227.56
274.86	42195.23
274.93	42184.91
275.00	42168.01
275.07	42140.72
275.14	42108.20
275.20	42072.03
275.27	42028.43
275.34	41982.83
275.41	41948.78
275.48	41932.22
275.54	41924.01
275.61	41912.97
275.68	41899.63
275.75	41873.33
275.81	41831.08
275.88	41795.24
275.95	41758.69
276.02	41717.60
276.09	41676.57
276.15	41639.04
276.22	41606.79
276.29	41586.39
276.36	41557.39
276.42	41538.02
276.49	41517.06
276.56	41469.64
276.63	41401.64
276.70	41352.89
276.76	41319.06
276.83	41288.81
276.90	41284.45
276.97	41289.99
277.03	41291.41
277.10	41281.55
277.17	41280.55
277.24	41270.31
277.30	41256.32
277.37	41235.96
277.44	41207.47
277.51	41167.74
277.58	41124.03
277.64	41082.76
277.71	41050.09
277.78	41021.98
277.85	40979.82
277.91	40929.86
277.98	40887.10
278.05	40842.58
278.12	40797.16
278.18	40758.05
278.25	40739.32
278.32	40724.06
278.39	40718.10
278.45	40717.45
278.52	40719.80
278.59	40701.56
278.66	40665.95
278.72	40627.50
278.79	40595.29
278.86	40564.70
278.93	40553.17
278.99	40546.85
279.06	40536.45
279.13	40511.50
279.20	40495.76
279.26	40477.38
279.33	40462.62
279.40	40431.84
279.47	40402.81
279.53	40364.84
279.60	40326.33
279.67	40282.51
279.74	40250.14
279.80	40220.04
279.87	40190.61
279.94	40157.79
280.01	40131.30
280.07	40101.96
280.14	40068.65
280.21	40035.64
280.28	40004.72
280.34	39967.32
280.41	39927.44
280.48	39884.97
280.55	39843.83
280.61	39808.71
280.68	39782.33
280.75	39757.47
280.82	39726.32
280.88	39690.12
280.95	39639.81
281.02	39585.67
281.08	39527.91
281.15	39467.04
281.22	39409.16
281.29	39350.93
281.35	39280.95
281.42	39218.60
281.49	39159.43
281.56	39103.66
281.62	39055.06
281.69	39021.65
281.76	38996.27
281.82	38975.69
281.89	38956.22
281.96	38936.23
282.03	38915.38
282.09	38881.22
282.16	38847.37
282.23	38810.71
282.30	38769.74
282.36	38728.20
282.43	38697.34
282.50	38680.81
282.56	38644.16
282.63	38623.06
282.70	38593.94
282.77	38572.21
282.83	38541.14
282.90	38527.89
282.97	38505.03
283.03	38494.00
283.10	38472.79
283.17	38463.77
283.24	38447.93
283.30	38417.83
283.37	38385.94
283.44	38349.04
283.50	38294.60
283.57	38245.50
283.64	38196.90
283.71	38136.53
283.77	38088.53
283.84	38062.60
283.91	38041.73
283.97	38031.88
284.04	38032.98
284.11	38020.11
284.18	38007.86
284.24	37990.58
284.31	37980.26
284.38	37970.00
284.44	37964.15
284.51	37947.86
284.58	37935.68
284.64	37923.21
284.71	37904.51
284.78	37885.56
284.85	37865.57
284.91	37851.11
284.98	37824.10
285.05	37793.05
285.11	37771.36
285.18	37738.41
285.25	37705.56
285.31	37687.43
285.38	37675.45
285.45	37662.12
285.52	37657.68
285.58	37638.73
285.65	37609.29
285.72	37577.83
285.78	37554.23
285.85	37529.81
285.92	37519.08
285.98	37502.93
286.05	37492.23
286.12	37475.66
286.18	37456.73
286.25	37432.11
286.32	37409.39
286.39	37392.73
286.45	37365.48
286.52	37334.36
286.59	37305.37
286.65	37286.58
286.72	37266.15
286.79	37259.30
286.85	37261.14
286.92	37264.20
286.99	37262.15
287.05	37247.64
287.12	37235.84
287.19	37224.19
287.25	37213.67
287.32	37202.70
287.39	37202.90
287.45	37193.77
287.52	37177.61
287.59	37167.06
287.65	37159.09
287.72	37137.25
287.79	37110.15
287.86	37082.49
287.92	37045.36
287.99	37011.34
288.06	36999.90
288.12	36980.42
288.19	36969.94
288.26	36949.19
288.32	36927.19
288.39	36895.96
288.46	36885.15
288.52	36878.33
288.59	36881.22
288.66	36889.82
288.72	36896.62
288.79	36895.80
288.86	36876.38
288.92	36862.59
288.99	36834.26
289.06	36807.56
289.12	36776.17
289.19	36763.69
289.26	36751.54
289.32	36742.63
289.39	36733.27
289.45	36730.89
289.52	36715.57
289.59	36706.50
289.65	36696.35
289.72	36676.36
289.79	36662.15
289.85	36666.42
289.92	36658.45
289.99	36651.08
290.05	36645.08
290.12	36626.38
290.19	36597.91
290.25	36561.81
290.32	36532.74
290.39	36524.02
290.45	36527.35
290.52	36525.99
290.59	36532.92
290.65	36532.56
290.72	36515.80
290.79	36496.21
290.85	36489.08
290.92	36486.30
290.98	36480.68
291.05	36481.92
291.12	36476.96
291.18	36464.40
291.25	36449.30
291.32	36433.74
291.38	36412.06
291.45	36390.05
291.52	36363.37
291.58	36340.41
291.65	36330.40
291.72	36321.83
291.78	36318.18
291.85	36310.25
291.91	36299.46
291.98	36290.59
292.05	36275.94
292.11	36261.67
292.18	36254.83
292.25	36248.16
292.31	36226.85
292.38	36218.97
292.45	36210.99
292.51	36202.11
292.58	36186.01
292.64	36187.57
292.71	36169.68
292.78	36156.92
292.84	36136.04
292.91	36125.98
292.98	36106.97
293.04	36102.95
293.11	36087.12
293.17	36082.10
293.24	36073.96
293.31	36059.91
293.37	36049.77
293.44	36029.21
293.51	36018.17
293.57	35997.75
293.64	35984.81
293.70	35970.34
293.77	35967.44
293.84	35947.26
293.90	35936.30
293.97	35925.39
294.04	35914.36
294.10	35899.45
294.17	35885.81
294.23	35876.14
294.30	35859.06
294.37	35840.58
294.43	35832.19
294.50	35823.67
294.56	35808.59
294.63	35801.93
294.70	35787.88
294.76	35775.93
294.83	35765.43
294.90	35759.72
294.96	35750.71
295.03	35739.88
295.09	35736.67
295.16	35737.19
295.23	35719.25
295.29	35707.69
295.36	35693.74
295.42	35665.59
295.49	35636.92
295.56	35634.82
295.62	35621.11
295.69	35610.30
295.75	35605.99
295.82	35605.83
295.89	35578.99
295.95	35551.20
296.02	35526.41
296.08	35499.81
296.15	35457.07
296.22	35434.63
296.28	35418.52
296.35	35411.80
296.41	35392.18
296.48	35390.56
296.55	35389.21
296.61	35379.47
296.68	35365.00
296.74	35363.03
296.81	35356.93
296.88	35339.76
296.94	35324.56
297.01	35306.97
297.07	35285.00
297.14	35263.85
297.20	35253.56
297.27	35253.48
297.34	35249.93
297.40	35251.43
297.47	35240.75
297.53	35218.20
297.60	35198.06
297.67	35175.30
297.73	35153.74
297.80	35128.40
297.86	35107.04
297.93	35078.86
298.00	35063.92
298.06	35043.66
298.13	35040.43
298.19	35032.69
298.26	35026.02
298.32	35022.82
298.39	35010.64
298.46	34991.44
298.52	34978.86
298.59	34952.40
298.65	34916.46
298.72	34891.29
298.78	34869.71
298.85	34844.18
298.92	34827.99
298.98	34810.58
299.05	34785.31
299.11	34755.91
299.18	34723.86
299.24	34692.55
299.31	34658.58
299.38	34630.79
299.44	34600.73
299.51	34588.41
299.57	34575.63
299.64	34565.15
299.70	34554.92
299.77	34542.74
299.84	34520.77
299.90	34482.35
299.97	34441.24
300.03	34409.82
300.10	34388.62
300.16	34361.43
300.23	34344.58
300.30	34340.45
300.36	34312.98
300.43	34288.05
300.49	34258.19
300.56	34234.22
300.62	34206.87
300.69	34186.68
300.75	34159.91
300.82	34138.59
300.89	34116.31
300.95	34087.52
301.02	34047.68
301.08	34013.74
301.15	33982.02
301.21	33949.82
301.28	33920.44
301.34	33906.30
301.41	33876.69
301.48	33846.31
301.54	33813.43
301.61	33783.47
301.67	33747.50
301.74	33725.13
301.80	33690.12
301.87	33654.32
301.93	33611.76
302.00	33574.05
302.06	33521.22
302.13	33475.88
302.20	33444.50
302.26	33409.28
302.33	33373.84
302.39	33341.36
302.46	33306.56
302.52	33261.13
302.59	33213.81
302.65	33173.18
302.72	33131.54
302.78	33096.75
302.85	33068.98
302.91	33039.51
302.98	33006.28
303.05	32974.33
303.11	32940.18
303.18	32887.94
303.24	32852.42
303.31	32806.27
303.37	32764.17
303.44	32724.01
303.50	32691.08
303.57	32642.61
303.63	32590.32
303.70	32545.48
303.76	32495.36
303.83	32448.57
303.89	32401.47
303.96	32355.45
304.03	32304.45
304.09	32254.18
304.16	32197.85
304.22	32139.92
304.29	32093.42
304.35	32043.31
304.42	32002.20
304.48	31955.30
304.55	31911.19
304.61	31861.66
304.68	31813.48
304.74	31753.25
304.81	31705.78
304.87	31651.08
304.94	31602.07
305.00	31549.68
305.07	31496.83
305.13	31433.62
305.20	31379.76
305.26	31323.51
305.33	31273.12
305.39	31221.66
305.46	31165.26
305.52	31107.86
305.59	31056.27
305.66	30998.45
305.72	30948.77
305.79	30900.27
305.85	30854.52
305.92	30771.70
305.98	30657.03
306.05	30513.46
306.11	30361.04
306.18	30191.10
306.24	30050.07
306.31	29972.99
306.37	29959.24
306.44	29997.83
306.50	30056.21
306.57	30120.91
306.63	30150.76
306.70	30130.87
306.76	30070.53
306.83	30007.30
306.89	29932.44
306.96	29856.20
307.02	29796.58
307.09	29746.73
307.15	29694.60
307.22	29646.65
307.28	29593.36
307.35	29530.91
307.41	29462.10
307.48	29390.10
307.54	29312.31
307.61	29245.13
307.67	29178.97
307.74	29113.39
307.80	29055.64
307.87	28997.38
307.93	28941.36
308.00	28884.56
308.06	28834.56
308.13	28765.51
308.19	28707.66
308.26	28644.30
308.32	28586.42
308.38	28525.46
308.45	28472.98
308.51	28421.76
308.58	28364.42
308.64	28305.19
308.71	28246.39
308.77	28188.78
308.84	28120.51
308.90	28060.05
308.97	28001.26
309.03	27942.25
309.10	27880.09
309.16	27815.43
309.23	27748.66
309.29	27677.08
309.36	27589.53
309.42	27513.87
309.49	27445.68
309.55	27380.42
309.62	27315.81
309.68	27272.66
309.75	27212.32
309.81	27142.05
309.88	27084.77
309.94	27019.48
310.00	26949.47
310.07	26883.42
310.13	26830.65
310.20	26759.26
310.26	26695.81
310.33	26629.24
310.39	26570.65
310.46	26505.99
310.52	26444.87
310.59	26383.58
310.65	26324.16
310.72	26255.91
310.78	26190.44
310.85	26124.28
310.91	26065.17
310.97	26009.10
311.04	25959.29
311.10	25898.51
311.17	25840.62
311.23	25779.25
311.30	25715.76
311.36	25654.45
311.43	25603.31
311.49	25548.00
311.56	25496.88
311.62	25438.45
311.69	25383.42
311.75	25337.92
311.81	25275.93
311.88	25205.08
311.94	25148.98
312.01	25097.79
312.07	25034.10
312.14	24988.58
312.20	24948.89
312.27	24901.89
312.33	24839.18
312.40	24771.81
312.46	24709.44
312.52	24640.29
312.59	24573.01
312.65	24505.49
312.72	24438.17
312.78	24368.10
312.85	24310.63
312.91	24242.73
312.98	24185.54
313.04	24142.32
313.10	24097.52
313.17	24039.59
313.23	23993.23
313.30	23941.86
313.36	23877.24
313.43	23816.58
313.49	23760.41
313.56	23694.91
313.62	23635.38
313.68	23579.82
313.75	23522.43
313.81	23470.01
313.88	23421.92
313.94	23368.60
314.01	23324.04
314.07	23271.34
314.13	23219.91
314.20	23170.45
314.26	23116.61
314.33	23054.89
314.39	23001.20
314.46	22935.72
314.52	22881.35
314.58	22827.31
314.65	22773.60
314.71	22717.55
314.78	22668.91
314.84	22608.48
314.91	22557.61
314.97	22506.43
315.03	22458.76
315.10	22405.62
315.16	22349.74
315.23	22292.59
315.29	22248.61
315.36	22197.09
315.42	22150.03
315.48	22101.72
315.55	22055.81
315.61	21990.48
315.68	21935.66
315.74	21875.09
315.81	21815.37
315.87	21752.44
315.93	21709.87
316.00	21674.58
316.06	21645.00
316.13	21618.58
316.19	21573.70
316.25	21482.50
316.32	21347.96
316.38	21175.77
316.45	20963.57
316.51	20732.51
316.58	20502.29
316.64	20258.11
316.70	20022.72
316.77	19785.43
316.83	19536.77
316.90	19286.44
316.96	19039.98
317.02	18790.41
317.09	18547.23
317.15	18309.84
317.22	18062.79
317.28	17822.86
317.34	17576.24
317.41	17326.58
317.47	17081.24
317.54	16841.16
317.60	16593.15
317.66	16346.18
317.73	16098.99
317.79	15854.00
317.86	15611.07
317.92	15369.14
317.98	15121.63
318.05	14868.80
318.11	14618.42
318.18	14369.82
318.24	14116.98
318.30	13867.85
318.37	13620.40
318.43	13361.12
318.50	13098.78
318.56	12834.11
318.62	12573.98
318.69	12308.68
318.75	12044.89
318.82	11771.33
318.88	11502.82
318.94	11226.24
319.01	10952.13
319.07	10680.31
319.13	10406.09
319.20	10128.86
319.26	9845.38
319.33	9562.76
319.39	9269.17
319.45	8987.66
319.52	8707.44
319.58	8425.67
319.65	8143.52
319.71	7863.92
319.77	7581.91
319.84	7303.68
319.90	7035.49
319.96	6762.06
320.03	6494.60
320.09	6234.89
320.16	5966.92
320.22	5707.38
320.28	5459.48
320.35	5219.34
320.41	4981.20
320.47	4760.91
320.54	4539.41
320.60	4330.75
320.67	4126.69
320.73	3932.04
320.79	3739.75
320.86	3562.06
320.92	3386.78
320.98	3224.11
321.05	3065.30
321.11	2913.96
321.18	2770.63
321.24	2635.95
321.30	2504.29
321.37	2385.06
321.43	2280.62
321.49	2177.72
321.56	2082.92
321.62	1996.41
321.68	1909.08
321.75	1825.81
321.81	1750.79
321.88	1677.75
321.94	1613.76
322.00	1554.38
322.07	1491.08
322.13	1431.61
322.19	1372.66
322.26	1310.88
322.32	1255.96
322.38	1207.11
322.45	1163.78
322.51	1118.78
322.58	1080.18
322.64	1033.81
322.70	992.85
322.77	944.30
322.83	907.66
322.89	862.76
322.96	821.61
323.02	780.88
323.08	741.96
323.15	701.23
323.21	666.66
323.27	633.46
323.34	599.82
323.40	566.82
323.46	533.36
323.53	494.59
323.59	415.05
323.65	310.50
323.72	194.48
323.78	83.84
323.85	-15.91
323.91	-66.36
323.97	-85.64
324.04	-86.56
