180.21	3429.20
180.28	-125.68
180.36	634.15
180.44	-44.18
180.51	-9.48
180.59	18.10
180.66	50.27
180.74	51.36
180.81	53.74
180.89	57.88
180.97	60.49
181.04	60.77
181.12	62.46
181.19	65.82
181.27	68.99
181.34	89.14
181.42	97.71
181.50	105.22
181.57	115.83
181.65	120.47
181.72	114.23
181.80	110.84
181.87	116.14
181.95	125.05
182.03	135.18
182.10	150.53
182.18	167.29
182.25	191.06
182.33	210.79
182.40	237.11
182.48	254.13
182.55	286.13
182.63	304.94
182.71	324.19
182.78	341.48
182.86	349.86
182.93	333.60
183.01	317.20
183.08	294.96
183.16	282.42
183.23	278.64
183.31	305.29
183.39	338.14
183.46	388.79
183.54	433.63
183.61	490.87
183.69	546.29
183.76	612.78
183.84	669.81
183.91	731.35
183.99	793.67
184.06	842.77
184.14	897.13
184.22	936.04
184.29	941.43
184.37	937.70
184.44	907.17
184.52	813.26
184.59	710.96
184.67	639.51
184.74	574.80
184.82	563.16
184.89	617.24
184.97	714.24
185.04	817.31
185.12	925.00
185.20	1026.61
185.27	1133.23
185.35	1223.37
185.42	1292.44
185.50	1370.86
185.57	1426.44
185.65	1482.07
185.72	1553.12
185.80	1629.05
185.87	1693.97
185.95	1782.54
186.02	1838.32
186.10	1841.75
186.17	1800.31
186.25	1669.36
186.33	1469.62
186.40	1298.88
186.48	1195.85
186.55	1177.41
186.63	1260.51
186.70	1432.66
186.78	1596.75
186.85	1744.65
186.93	1867.75
187.00	2003.11
187.08	2112.06
187.15	2244.60
187.23	2377.60
187.30	2497.86
187.38	2618.82
187.45	2754.74
187.53	2851.83
187.60	2941.66
187.68	3060.47
187.75	3137.42
187.83	3177.73
187.90	3214.43
187.98	3207.79
188.05	3085.94
188.13	2853.02
188.21	2592.27
188.28	2371.49
188.36	2206.46
188.43	2178.16
188.51	2314.15
188.58	2526.52
188.66	2724.34
188.73	2926.06
188.81	3107.92
188.88	3270.96
188.96	3406.40
189.03	3552.51
189.11	3691.39
189.18	3799.85
189.26	3903.37
189.33	4023.74
189.41	4115.96
189.48	4199.61
189.56	4309.42
189.63	4390.30
189.71	4443.36
189.78	4501.52
189.86	4520.73
189.93	4481.89
190.01	4405.21
190.08	4242.56
190.16	3958.14
190.23	3661.81
190.31	3455.14
190.38	3339.89
190.46	3357.19
190.53	3525.74
190.61	3765.64
190.68	3973.29
190.76	4171.48
190.83	4338.78
190.91	4501.68
190.98	4636.69
191.06	4782.69
191.13	4908.43
191.21	5024.41
191.28	5130.61
191.35	5244.04
191.43	5323.50
191.50	5397.30
191.58	5473.88
191.65	5517.60
191.73	5542.67
191.80	5572.58
191.88	5575.56
191.95	5566.91
192.03	5569.90
192.10	5557.73
192.18	5519.25
192.25	5432.29
192.33	5260.78
192.40	5061.87
192.48	4910.67
192.55	4822.20
192.63	4832.91
192.70	4965.69
192.78	5154.98
192.85	5344.53
192.93	5514.81
193.00	5655.52
193.08	5788.26
193.15	5897.92
193.22	5987.33
193.30	6057.42
193.37	6125.16
193.45	6165.24
193.52	6212.59
193.60	6258.32
193.67	6306.62
193.75	6353.42
193.82	6398.22
193.90	6431.36
193.97	6469.51
194.05	6510.15
194.12	6548.52
194.20	6598.47
194.27	6647.54
194.34	6677.45
194.42	6689.21
194.49	6696.01
194.57	6669.07
194.64	6593.64
194.72	6503.81
194.79	6424.15
194.87	6346.54
194.94	6307.14
195.02	6326.91
195.09	6381.05
195.17	6461.36
195.24	6564.69
195.31	6670.43
195.39	6781.71
195.46	6885.25
195.54	6979.49
195.61	7053.42
195.69	7112.67
195.76	7152.25
195.84	7192.39
195.91	7207.29
195.99	7218.21
196.06	7228.95
196.13	7242.19
196.21	7237.72
196.28	7232.62
196.36	7214.41
196.43	7182.50
196.51	7148.84
196.58	7130.26
196.66	7133.20
196.73	7168.73
196.80	7224.35
196.88	7289.10
196.95	7365.86
197.03	7432.94
197.10	7467.00
197.18	7491.25
197.25	7510.35
197.33	7526.96
197.40	7550.17
197.47	7576.75
197.55	7609.79
197.62	7638.49
197.70	7654.55
197.77	7655.96
197.85	7658.86
197.92	7637.92
197.99	7593.99
198.07	7537.30
198.14	7486.45
198.22	7473.10
198.29	7501.16
198.37	7577.38
198.44	7687.90
198.51	7802.67
198.59	7896.70
198.66	7980.04
198.74	8046.16
198.81	8094.29
198.89	8131.30
198.96	8162.88
199.03	8180.60
199.11	8195.86
199.18	8198.65
199.26	8201.84
199.33	8199.68
199.41	8188.49
199.48	8138.42
199.55	8074.01
199.63	8001.56
199.70	7951.96
199.78	7929.75
199.85	7978.83
199.93	8077.34
200.00	8210.26
200.07	8333.59
200.15	8451.68
200.22	8540.16
200.30	8602.97
200.37	8659.14
200.44	8707.60
200.52	8748.24
200.59	8787.02
200.67	8810.66
200.74	8810.88
200.81	8799.95
200.89	8783.17
200.96	8772.45
201.04	8755.20
201.11	8725.31
201.19	8691.61
201.26	8663.48
201.33	8641.92
201.41	8665.51
201.48	8739.42
201.56	8845.79
201.63	8973.85
201.70	9088.89
201.78	9187.87
201.85	9272.29
201.93	9342.03
202.00	9391.62
202.07	9443.47
202.15	9483.73
202.22	9509.92
202.30	9535.69
202.37	9553.73
202.44	9565.51
202.52	9574.19
202.59	9584.20
202.67	9581.76
202.74	9591.71
202.81	9587.20
202.89	9574.58
202.96	9580.63
203.04	9622.34
203.11	9680.22
203.18	9777.46
203.26	9902.34
203.33	10014.48
203.41	10105.04
203.48	10181.62
203.55	10233.57
203.63	10286.36
203.70	10340.21
203.77	10386.22
203.85	10427.65
203.92	10467.66
204.00	10514.52
204.07	10559.90
204.14	10610.89
204.22	10650.40
204.29	10693.24
204.37	10706.59
204.44	10713.99
204.51	10731.99
204.59	10757.89
204.66	10791.51
204.73	10856.73
204.81	10940.28
204.88	11029.37
204.96	11131.50
205.03	11230.19
205.10	11308.01
205.18	11378.32
205.25	11441.69
205.32	11503.78
205.40	11560.78
205.47	11628.44
205.55	11693.72
205.62	11758.05
205.69	11818.21
205.77	11877.72
205.84	11935.30
205.91	11997.00
205.99	12051.55
206.06	12101.84
206.14	12153.97
206.21	12204.45
206.28	12246.41
206.36	12297.58
206.43	12351.31
206.50	12422.46
206.58	12504.30
206.65	12594.85
206.72	12691.25
206.80	12787.90
206.87	12878.56
206.95	12971.42
207.02	13069.27
207.09	13162.17
207.17	13256.76
207.24	13347.72
207.31	13430.36
207.39	13504.56
207.46	13575.38
207.53	13643.27
207.61	13717.84
207.68	13785.51
207.75	13865.19
207.83	13948.14
207.90	14026.99
207.98	14089.64
208.05	14171.16
208.12	14237.87
208.20	14312.57
208.27	14405.60
208.34	14509.85
208.42	14598.35
208.49	14694.92
208.56	14782.30
208.64	14871.29
208.71	14959.14
208.78	15049.24
208.86	15154.67
208.93	15258.51
209.00	15353.91
209.08	15450.24
209.15	15552.61
209.22	15646.94
209.30	15745.61
209.37	15845.34
209.44	15955.40
209.52	16061.07
209.59	16151.84
209.67	16249.48
209.74	16342.64
209.81	16439.39
209.89	16533.72
209.96	16646.97
210.03	16751.91
210.11	16863.35
210.18	16960.21
210.25	17075.44
210.33	17182.15
210.40	17285.44
210.47	17398.28
210.55	17516.63
210.62	17615.60
210.69	17709.89
210.77	17819.91
210.84	17922.21
210.91	18039.90
210.99	18159.24
211.06	18288.19
211.13	18409.34
211.21	18528.44
211.28	18629.03
211.35	18744.26
211.42	18857.29
211.50	18971.61
211.57	19081.44
211.64	19202.89
211.72	19317.03
211.79	19426.83
211.86	19538.06
211.94	19669.83
212.01	19791.05
212.08	19918.01
212.16	20041.62
212.23	20168.73
212.30	20291.11
212.38	20415.65
212.45	20539.64
212.52	20676.88
212.60	20803.45
212.67	20927.44
212.74	21062.51
212.82	21185.77
212.89	21298.47
212.96	21420.16
213.03	21554.31
213.11	21683.22
213.18	21818.42
213.25	21965.41
213.33	22114.93
213.40	22246.82
213.47	22376.70
213.55	22500.03
213.62	22617.23
213.69	22737.43
213.77	22858.27
213.84	22982.89
213.91	23124.20
213.98	23263.47
214.06	23400.66
214.13	23545.24
214.20	23698.58
214.28	23851.29
214.35	23998.90
214.42	24142.76
214.50	24284.25
214.57	24410.50
214.64	24528.04
214.72	24651.24
214.79	24777.39
214.86	24899.36
214.93	25027.04
215.01	25176.58
215.08	25315.98
215.15	25450.56
215.23	25578.59
215.30	25721.55
215.37	25846.08
215.44	25996.68
215.52	26159.29
215.59	26328.43
215.66	26477.13
215.74	26627.54
215.81	26770.37
215.88	26910.91
215.95	27040.36
216.03	27174.16
216.10	27316.14
216.17	27455.79
216.25	27587.69
216.32	27741.49
216.39	27898.54
216.46	28048.83
216.54	28183.83
216.61	28320.35
216.68	28450.78
216.76	28590.90
216.83	28733.17
216.90	28896.36
216.97	29070.42
217.05	29236.01
217.12	29382.21
217.19	29499.26
217.27	29586.83
217.34	29663.95
217.41	29755.95
217.48	29861.68
217.56	29993.86
217.63	30155.87
217.70	30331.79
217.78	30495.14
217.85	30661.08
217.92	30829.06
217.99	30994.62
218.07	31135.52
218.14	31274.23
218.21	31415.33
218.28	31553.69
218.36	31695.31
218.43	31837.51
218.50	31992.69
218.57	32125.58
218.65	32251.99
218.72	32375.36
218.79	32511.90
218.87	32635.60
218.94	32775.86
219.01	32919.16
219.08	33050.29
219.16	33171.74
219.23	33296.07
219.30	33409.98
219.37	33525.10
219.45	33652.61
219.52	33797.33
219.59	33927.11
219.66	34053.78
219.74	34194.03
219.81	34349.83
219.88	34490.85
219.95	34636.17
220.03	34794.99
220.10	34931.77
220.17	35043.05
220.24	35167.86
220.32	35299.21
220.39	35417.69
220.46	35538.42
220.53	35665.05
220.61	35782.01
220.68	35906.78
220.75	36034.51
220.82	36170.72
220.90	36289.23
220.97	36381.77
221.04	36472.58
221.11	36567.68
221.19	36658.12
221.26	36767.67
221.33	36903.69
221.40	37035.93
221.48	37167.11
221.55	37295.86
221.62	37424.49
221.69	37555.77
221.77	37676.68
221.84	37798.89
221.91	37924.46
221.98	38048.97
222.06	38171.17
222.13	38301.21
222.20	38415.82
222.27	38519.38
222.35	38620.30
222.42	38717.71
222.49	38801.36
222.56	38883.62
222.63	38972.96
222.71	39075.44
222.78	39185.40
222.85	39305.96
222.92	39431.95
223.00	39541.79
223.07	39628.13
223.14	39701.29
223.21	39785.81
223.29	39881.75
223.36	40013.44
223.43	40148.18
223.50	40279.09
223.57	40400.39
223.65	40530.79
223.72	40638.37
223.79	40743.33
223.86	40854.20
223.94	40960.52
224.01	41038.43
224.08	41101.10
224.15	41166.36
224.22	41221.11
224.30	41275.64
224.37	41342.41
224.44	41435.13
224.51	41531.69
224.59	41637.01
224.66	41754.31
224.73	41868.75
224.80	41974.51
224.87	42079.21
224.95	42181.85
225.02	42278.82
225.09	42365.47
225.16	42445.79
225.23	42528.57
225.31	42617.48
225.38	42700.64
225.45	42795.23
225.52	42884.97
225.60	42966.98
225.67	43020.38
225.74	43065.49
225.81	43107.86
225.88	43162.48
225.96	43244.59
226.03	43362.95
226.10	43489.69
226.17	43617.28
226.24	43741.49
226.32	43829.48
226.39	43901.35
226.46	43966.66
226.53	44025.54
226.60	44073.79
226.68	44132.70
226.75	44191.51
226.82	44259.75
226.89	44332.09
226.96	44413.56
227.04	44466.51
227.11	44519.85
227.18	44565.36
227.25	44599.60
227.32	44643.37
227.40	44715.00
227.47	44781.69
227.54	44845.64
227.61	44920.59
227.68	44996.55
227.76	45073.00
227.83	45147.24
227.90	45220.69
227.97	45285.14
228.04	45335.26
228.11	45377.18
228.19	45418.88
228.26	45477.19
228.33	45551.80
228.40	45624.25
228.47	45692.63
228.55	45768.16
228.62	45833.98
228.69	45884.26
228.76	45942.36
228.83	45997.59
228.90	46055.74
228.98	46115.67
229.05	46187.21
229.12	46262.66
229.19	46333.96
229.26	46403.14
229.34	46451.90
229.41	46494.26
229.48	46533.31
229.55	46581.03
229.62	46630.41
229.69	46694.91
229.77	46742.04
229.84	46778.50
229.91	46811.71
229.98	46834.42
230.05	46856.31
230.12	46906.27
230.20	46974.95
230.27	47044.15
230.34	47116.56
230.41	47192.98
230.48	47251.35
230.55	47292.29
230.63	47338.31
230.70	47385.70
230.77	47407.14
230.84	47429.35
230.91	47459.04
230.98	47493.82
231.06	47526.54
231.13	47595.47
231.20	47671.29
231.27	47740.56
231.34	47789.35
231.41	47849.71
231.49	47891.59
231.56	47934.05
231.63	47981.66
231.70	48043.85
231.77	48074.80
231.84	48100.06
231.92	48115.73
231.99	48127.27
232.06	48145.81
232.13	48180.53
232.20	48237.82
232.27	48289.82
232.34	48335.72
232.42	48357.27
232.49	48383.41
232.56	48411.77
232.63	48464.78
232.70	48516.87
232.77	48583.21
232.85	48652.36
232.92	48694.11
232.99	48713.56
233.06	48745.05
233.13	48767.39
233.20	48771.56
233.27	48784.65
233.35	48796.87
233.42	48791.99
233.49	48797.57
233.56	48826.29
233.63	48841.78
233.70	48861.06
233.77	48894.25
233.85	48925.01
233.92	48953.18
233.99	48987.06
234.06	49024.27
234.13	49061.48
234.20	49105.71
234.27	49134.91
234.35	49168.32
234.42	49186.85
234.49	49193.09
234.56	49200.74
234.63	49197.47
234.70	49186.78
234.77	49184.51
234.84	49171.18
234.92	49147.28
234.99	49145.20
235.06	49156.48
235.13	49177.39
235.20	49211.07
235.27	49252.05
235.34	49284.89
235.41	49326.67
235.49	49354.49
235.56	49379.18
235.63	49389.91
235.70	49392.06
235.77	49372.70
235.84	49361.54
235.91	49343.94
235.98	49332.10
236.06	49338.77
236.13	49346.14
236.20	49348.38
236.27	49349.02
236.34	49354.02
236.41	49357.82
236.48	49355.92
236.55	49354.79
236.63	49358.47
236.70	49354.06
236.77	49341.78
236.84	49347.48
236.91	49344.82
236.98	49339.09
237.05	49342.76
237.12	49335.50
237.19	49316.06
237.27	49308.52
237.34	49300.96
237.41	49290.57
237.48	49278.44
237.55	49266.27
237.62	49251.65
237.69	49258.37
237.76	49265.55
237.83	49279.93
237.91	49294.85
237.98	49314.78
238.05	49314.10
238.12	49302.95
238.19	49292.56
238.26	49298.82
238.33	49285.27
238.40	49264.01
238.47	49251.21
238.54	49236.70
238.62	49203.58
238.69	49177.58
238.76	49158.29
238.83	49145.03
238.90	49159.87
238.97	49182.03
239.04	49194.97
239.11	49216.09
239.18	49236.58
239.25	49226.39
239.33	49202.28
239.40	49184.38
239.47	49153.08
239.54	49105.34
239.61	49061.74
239.68	49011.11
239.75	48980.39
239.82	48958.76
239.89	48942.69
239.96	48936.18
240.03	48943.64
240.11	48956.96
240.18	48971.46
240.25	48982.50
240.32	48984.57
240.39	48997.26
240.46	49002.61
240.53	49020.08
240.60	49053.84
240.67	49084.53
240.74	49100.82
240.81	49111.23
240.88	49105.38
240.96	49080.84
241.03	49058.24
241.10	49034.34
241.17	49007.51
241.24	48985.50
241.31	48968.31
241.38	48948.67
241.45	48946.17
241.52	48946.68
241.59	48950.70
241.66	48967.22
241.73	48983.55
241.80	48990.34
241.88	48983.82
241.95	48963.32
242.02	48920.35
242.09	48870.51
242.16	48811.02
242.23	48790.55
242.30	48776.69
242.37	48773.21
242.44	48787.97
242.51	48790.46
242.58	48769.59
242.65	48764.34
242.72	48766.40
242.79	48751.64
242.87	48761.53
242.94	48764.37
243.01	48753.98
243.08	48743.67
243.15	48747.01
243.22	48752.77
243.29	48768.69
243.36	48785.28
243.43	48801.86
243.50	48825.21
243.57	48838.70
243.64	48842.03
243.71	48858.02
243.78	48864.50
243.85	48847.02
243.92	48829.65
243.99	48819.77
244.07	48794.27
244.14	48772.88
244.21	48771.59
244.28	48785.33
244.35	48804.72
244.42	48832.24
244.49	48858.98
244.56	48881.44
244.63	48886.23
244.70	48875.95
244.77	48872.79
244.84	48869.89
244.91	48860.96
244.98	48857.64
245.05	48870.46
245.12	48893.46
245.19	48921.37
245.26	48951.53
245.33	48981.97
245.40	49016.87
245.47	49034.81
245.55	49049.33
245.62	49062.51
245.69	49083.18
245.76	49099.48
245.83	49111.04
245.90	49117.64
245.97	49124.44
246.04	49132.23
246.11	49127.93
246.18	49124.54
246.25	49121.38
246.32	49115.54
246.39	49108.71
246.46	49115.77
246.53	49132.19
246.60	49150.26
246.67	49170.78
246.74	49197.44
246.81	49224.48
246.88	49241.12
246.95	49267.89
247.02	49289.18
247.09	49294.44
247.16	49289.28
247.23	49277.72
247.30	49246.94
247.37	49223.57
247.44	49217.32
247.51	49209.92
247.58	49217.05
247.66	49257.17
247.73	49307.16
247.80	49354.22
247.87	49405.74
247.94	49472.17
248.01	49519.60
248.08	49560.75
248.15	49595.26
248.22	49626.61
248.29	49645.82
248.36	49668.68
248.43	49697.85
248.50	49723.22
248.57	49748.99
248.64	49767.95
248.71	49797.64
248.78	49822.09
248.85	49843.93
248.92	49866.83
248.99	49878.84
249.06	49866.94
249.13	49844.87
249.20	49827.09
249.27	49802.70
249.34	49796.58
249.41	49816.68
249.48	49834.09
249.55	49849.18
249.62	49872.00
249.69	49891.24
249.76	49906.74
249.83	49937.26
249.90	49975.21
249.97	50016.44
250.04	50063.20
250.11	50119.72
250.18	50168.04
250.25	50205.61
250.32	50229.83
250.39	50256.53
250.46	50267.09
250.53	50278.57
250.60	50295.98
250.67	50320.57
250.74	50343.17
250.81	50341.09
250.88	50336.62
250.95	50340.11
251.02	50331.46
251.09	50321.54
251.16	50343.74
251.23	50373.02
251.30	50401.24
251.37	50436.88
251.44	50469.86
251.51	50499.02
251.58	50526.59
251.65	50549.15
251.72	50575.02
251.79	50587.28
251.86	50574.89
251.93	50545.15
252.00	50503.32
252.07	50459.68
252.14	50432.36
252.21	50432.21
252.28	50446.55
252.35	50487.51
252.42	50550.90
252.49	50601.86
252.56	50640.51
252.63	50685.99
252.70	50705.74
252.77	50710.78
252.84	50716.51
252.91	50711.18
252.98	50694.49
253.05	50682.81
253.12	50678.60
253.19	50693.12
253.25	50726.03
253.32	50758.50
253.39	50796.93
253.46	50818.24
253.53	50826.68
253.60	50810.06
253.67	50810.10
253.74	50831.68
253.81	50859.09
253.88	50883.33
253.95	50916.03
254.02	50942.77
254.09	50946.14
254.16	50944.12
254.23	50932.34
254.30	50926.59
254.37	50918.84
254.44	50925.47
254.51	50944.19
254.58	50959.34
254.65	50981.84
254.72	50988.62
254.79	50962.21
254.86	50938.95
254.93	50920.92
255.00	50903.45
255.07	50910.17
255.14	50932.23
255.21	50928.00
255.28	50914.20
255.34	50899.59
255.41	50888.94
255.48	50891.94
255.55	50908.12
255.62	50946.99
255.69	50981.81
255.76	51004.82
255.83	51029.46
255.90	51052.28
255.97	51069.82
256.04	51062.36
256.11	51065.29
256.18	51058.98
256.25	51044.84
256.32	51027.53
256.39	51018.15
256.46	50986.29
256.53	50951.76
256.60	50924.00
256.67	50901.26
256.74	50887.99
256.80	50883.74
256.87	50873.60
256.94	50862.64
257.01	50849.80
257.08	50850.50
257.15	50843.44
257.22	50845.76
257.29	50837.11
257.36	50838.28
257.43	50828.84
257.50	50827.78
257.57	50807.01
257.64	50813.07
257.71	50791.00
257.78	50781.15
257.85	50760.96
257.92	50769.50
257.98	50765.07
258.05	50770.14
258.12	50759.76
258.19	50743.29
258.26	50698.32
258.33	50638.78
258.40	50595.35
258.47	50559.66
258.54	50546.28
258.61	50564.17
258.68	50595.05
258.75	50622.05
258.82	50642.16
258.89	50637.24
258.95	50606.30
259.02	50576.74
259.09	50526.42
259.16	50467.10
259.23	50412.03
259.30	50370.61
259.37	50337.38
259.44	50321.72
259.51	50319.41
259.58	50332.41
259.65	50329.48
259.72	50314.33
259.79	50283.35
259.85	50243.59
259.92	50202.29
259.99	50188.95
260.06	50183.72
260.13	50174.09
260.20	50164.67
260.27	50137.92
260.34	50088.07
260.41	50035.16
260.48	49993.06
260.55	49957.70
260.62	49922.34
260.68	49881.79
260.75	49845.92
260.82	49831.67
260.89	49819.81
260.96	49812.55
261.03	49822.82
261.10	49817.00
261.17	49796.02
261.24	49760.85
261.31	49728.71
261.38	49681.44
261.44	49636.41
261.51	49588.52
261.58	49553.16
261.65	49520.36
261.72	49478.71
261.79	49436.84
261.86	49391.76
261.93	49348.21
262.00	49317.31
262.07	49286.26
262.13	49264.11
262.20	49237.06
262.27	49206.92
262.34	49173.18
262.41	49137.86
262.48	49087.32
262.55	49051.64
262.62	49004.08
262.69	48940.45
262.76	48891.58
262.82	48854.79
262.89	48814.28
262.96	48771.37
263.03	48734.90
263.10	48695.26
263.17	48642.52
263.24	48584.07
263.31	48556.19
263.38	48527.89
263.44	48512.42
263.51	48490.76
263.58	48467.64
263.65	48426.06
263.72	48376.33
263.79	48304.18
263.86	48252.25
263.93	48198.53
264.00	48153.02
264.06	48121.04
264.13	48097.19
264.20	48074.29
264.27	48043.50
264.34	48009.14
264.41	47963.54
264.48	47925.59
264.55	47880.74
264.61	47853.39
264.68	47824.09
264.75	47792.65
264.82	47731.26
264.89	47665.08
264.96	47587.46
265.03	47509.74
265.10	47452.24
265.16	47424.52
265.23	47408.54
265.30	47405.64
265.37	47387.90
265.44	47354.66
265.51	47325.51
265.58	47285.05
265.65	47236.28
265.71	47186.66
265.78	47146.94
265.85	47085.33
265.92	47026.99
265.99	46969.57
266.06	46924.99
266.13	46867.14
266.20	46831.81
266.26	46806.49
266.33	46772.41
266.40	46723.49
266.47	46664.25
266.54	46578.79
266.61	46498.99
266.68	46426.88
266.74	46366.40
266.81	46331.24
266.88	46301.62
266.95	46252.34
267.02	46218.84
267.09	46180.12
267.16	46124.62
267.22	46089.61
267.29	46066.48
267.36	46036.67
267.43	46008.99
267.50	45977.08
267.57	45931.70
267.64	45881.17
267.70	45832.67
267.77	45771.81
267.84	45733.54
267.91	45689.98
267.98	45638.04
268.05	45577.69
268.11	45523.30
268.18	45456.05
268.25	45394.96
268.32	45347.61
268.39	45296.54
268.46	45261.19
268.53	45239.42
268.59	45223.43
268.66	45201.61
268.73	45173.19
268.80	45146.16
268.87	45092.93
268.94	45045.47
269.00	45005.75
269.07	44966.28
269.14	44919.60
269.21	44884.68
269.28	44850.94
269.35	44811.94
269.41	44779.56
269.48	44736.09
269.55	44682.86
269.62	44611.29
269.69	44545.86
269.76	44475.79
269.82	44415.90
269.89	44373.00
269.96	44354.54
270.03	44330.09
270.10	44311.30
270.17	44287.70
270.23	44257.35
270.30	44215.35
270.37	44178.80
270.44	44146.74
270.51	44114.32
270.58	44083.74
270.64	44061.05
270.71	44022.88
270.78	43987.27
270.85	43945.00
270.92	43901.18
270.99	43845.16
271.05	43802.51
271.12	43753.80
271.19	43710.89
271.26	43666.59
271.33	43626.09
271.39	43584.56
271.46	43519.92
271.53	43480.60
271.60	43448.39
271.67	43423.39
271.74	43389.47
271.80	43384.80
271.87	43368.83
271.94	43338.73
272.01	43289.65
272.08	43251.50
272.14	43205.00
272.21	43163.36
272.28	43139.77
272.35	43116.64
272.42	43094.51
272.48	43086.55
272.55	43071.29
272.62	43052.09
272.69	43050.48
272.76	43055.07
272.83	43034.23
272.89	43006.91
272.96	42974.06
273.03	42925.60
273.10	42865.20
273.17	42820.01
273.23	42780.12
273.30	42744.62
273.37	42715.54
273.44	42691.06
273.51	42673.66
273.57	42655.38
273.64	42634.79
273.71	42624.51
273.78	42611.14
273.85	42594.54
273.91	42573.38
273.98	42558.20
274.05	42532.74
274.12	42510.57
274.19	42479.19
274.25	42449.04
274.32	42418.03
274.39	42378.89
274.46	42325.13
274.53	42272.14
274.59	42210.34
274.66	42151.73
274.73	42111.03
274.80	42076.73
274.86	42045.87
274.93	42032.00
275.00	42011.24
275.07	41981.77
275.14	41951.90
275.20	41912.89
275.27	41872.21
275.34	41832.92
275.41	41798.69
275.48	41782.94
275.54	41774.22
275.61	41760.95
275.68	41741.22
275.75	41716.14
275.81	41677.77
275.88	41642.95
275.95	41604.69
276.02	41570.51
276.09	41531.25
276.15	41491.31
276.22	41460.52
276.29	41444.80
276.36	41417.58
276.42	41391.37
276.49	41363.47
276.56	41310.21
276.63	41242.18
276.70	41184.90
276.76	41158.09
276.83	41143.55
276.90	41149.73
276.97	41153.24
277.03	41166.98
277.10	41153.97
277.17	41140.89
277.24	41125.99
277.30	41115.33
277.37	41085.21
277.44	41057.39
277.51	41019.27
277.58	40978.61
277.64	40936.60
277.71	40906.65
277.78	40872.47
277.85	40824.11
277.91	40774.73
277.98	40736.66
278.05	40692.84
278.12	40653.81
278.18	40630.64
278.25	40612.18
278.32	40599.23
278.39	40592.96
278.45	40595.00
278.52	40590.07
278.59	40566.99
278.66	40530.32
278.72	40494.20
278.79	40458.01
278.86	40427.11
278.93	40423.24
278.99	40414.49
279.06	40406.39
279.13	40382.49
279.20	40364.93
279.26	40329.75
279.33	40314.14
279.40	40281.39
279.47	40250.97
279.53	40218.72
279.60	40190.39
279.67	40145.42
279.74	40110.14
279.80	40086.39
279.87	40055.03
279.94	40023.81
280.01	39999.95
280.07	39974.33
280.14	39940.34
280.21	39913.41
280.28	39881.86
280.34	39836.44
280.41	39792.26
280.48	39747.63
280.55	39700.82
280.61	39665.04
280.68	39642.79
280.75	39624.98
280.82	39600.60
280.88	39569.49
280.95	39517.70
281.02	39465.86
281.08	39400.65
281.15	39343.31
281.22	39286.58
281.29	39231.07
281.35	39156.81
281.42	39105.16
281.49	39043.14
281.56	38982.57
281.62	38947.52
281.69	38918.23
281.76	38887.89
281.82	38867.73
281.89	38850.37
281.96	38816.50
282.03	38787.99
282.09	38752.45
282.16	38716.53
282.23	38677.78
282.30	38640.00
282.36	38611.20
282.43	38587.33
282.50	38564.76
282.56	38529.53
282.63	38505.35
282.70	38473.52
282.77	38445.65
282.83	38421.30
282.90	38408.58
282.97	38389.72
283.03	38386.47
283.10	38368.55
283.17	38355.23
283.24	38337.14
283.30	38308.73
283.37	38270.12
283.44	38232.42
283.50	38180.64
283.57	38138.16
283.64	38089.53
283.71	38034.04
283.77	37992.35
283.84	37961.94
283.91	37929.85
283.97	37920.08
284.04	37921.72
284.11	37902.99
284.18	37892.11
284.24	37882.52
284.31	37870.87
284.38	37854.10
284.44	37850.95
284.51	37839.08
284.58	37829.66
284.64	37816.91
284.71	37805.09
284.78	37779.82
284.85	37764.30
284.91	37741.87
284.98	37721.74
285.05	37676.79
285.11	37653.69
285.18	37616.63
285.25	37589.49
285.31	37564.39
285.38	37564.60
285.45	37554.53
285.52	37543.09
285.58	37521.34
285.65	37493.50
285.72	37461.04
285.78	37434.54
285.85	37419.10
285.92	37411.29
285.98	37399.41
286.05	37386.34
286.12	37371.47
286.18	37354.81
286.25	37333.99
286.32	37310.16
286.39	37293.99
286.45	37267.41
286.52	37235.93
286.59	37204.95
286.65	37187.95
286.72	37175.98
286.79	37173.39
286.85	37175.05
286.92	37173.77
286.99	37170.41
287.05	37147.33
287.12	37131.08
287.19	37116.40
287.25	37108.36
287.32	37094.42
287.39	37095.31
287.45	37087.58
287.52	37074.29
287.59	37063.21
287.65	37053.11
287.72	37028.68
287.79	37001.46
287.86	36969.94
287.92	36935.73
287.99	36905.23
288.06	36892.69
288.12	36874.79
288.19	36862.36
288.26	36841.21
288.32	36827.34
288.39	36807.82
288.46	36794.51
288.52	36790.79
288.59	36799.01
288.66	36805.26
288.72	36803.68
288.79	36806.28
288.86	36794.56
288.92	36773.54
288.99	36738.81
289.06	36721.51
289.12	36695.12
289.19	36672.52
289.26	36663.78
289.32	36661.21
289.39	36641.69
289.45	36641.37
289.52	36631.51
289.59	36623.16
289.65	36615.34
289.72	36604.62
289.79	36590.19
289.85	36585.28
289.92	36567.24
289.99	36548.16
290.05	36538.35
290.12	36514.34
290.19	36492.94
290.25	36471.33
290.32	36453.17
290.39	36442.09
290.45	36440.31
290.52	36433.37
290.59	36434.66
290.65	36431.32
290.72	36415.63
290.79	36401.28
290.85	36394.28
290.92	36390.54
290.98	36383.94
291.05	36385.43
291.12	36380.29
291.18	36373.57
291.25	36355.71
291.32	36339.77
291.38	36309.69
291.45	36289.69
291.52	36266.56
291.58	36246.88
291.65	36236.24
291.72	36234.16
291.78	36228.04
291.85	36213.03
291.91	36197.43
291.98	36189.87
292.05	36174.86
292.11	36164.82
292.18	36162.72
292.25	36159.65
292.31	36134.78
292.38	36133.89
292.45	36126.76
292.51	36116.91
292.58	36102.36
292.64	36107.31
292.71	36088.50
292.78	36081.55
292.84	36062.49
292.91	36057.82
292.98	36038.37
293.04	36026.19
293.11	35996.92
293.17	35981.36
293.24	35964.35
293.31	35952.84
293.37	35943.38
293.44	35935.67
293.51	35929.87
293.57	35909.59
293.64	35899.10
293.70	35890.77
293.77	35878.44
293.84	35867.75
293.90	35863.98
293.97	35854.13
294.04	35841.84
294.10	35825.00
294.17	35812.81
294.23	35800.18
294.30	35778.15
294.37	35758.39
294.43	35749.76
294.50	35733.56
294.56	35718.33
294.63	35701.59
294.70	35689.89
294.76	35684.54
294.83	35677.37
294.90	35673.82
294.96	35670.42
295.03	35662.20
295.09	35652.54
295.16	35650.29
295.23	35638.61
295.29	35633.90
295.36	35617.09
295.42	35588.94
295.49	35561.85
295.56	35551.95
295.62	35537.19
295.69	35523.81
295.75	35523.29
295.82	35518.62
295.89	35492.57
295.95	35463.50
296.02	35445.27
296.08	35417.08
296.15	35376.55
296.22	35355.91
296.28	35342.17
296.35	35333.10
296.41	35325.06
296.48	35323.92
296.55	35321.54
296.61	35310.41
296.68	35300.27
296.74	35298.34
296.81	35294.49
296.88	35281.05
296.94	35263.20
297.01	35242.73
297.07	35214.24
297.14	35193.63
297.20	35180.27
297.27	35185.58
297.34	35192.87
297.40	35192.25
297.47	35174.96
297.53	35155.87
297.60	35128.14
297.67	35093.48
297.73	35069.04
297.80	35052.48
297.86	35024.44
297.93	35002.25
298.00	34981.01
298.06	34960.56
298.13	34958.04
298.19	34956.71
298.26	34947.60
298.32	34945.84
298.39	34936.20
298.46	34916.26
298.52	34893.80
298.59	34873.14
298.65	34843.27
298.72	34826.63
298.78	34803.64
298.85	34788.83
298.92	34767.39
298.98	34747.56
299.05	34719.12
299.11	34690.64
299.18	34657.50
299.24	34633.72
299.31	34592.45
299.38	34558.64
299.44	34525.46
299.51	34508.59
299.57	34488.08
299.64	34489.03
299.70	34482.31
299.77	34469.11
299.84	34445.05
299.90	34405.78
299.97	34366.68
300.03	34332.50
300.10	34320.12
300.16	34299.09
300.23	34289.06
300.30	34272.90
300.36	34250.14
300.43	34220.92
300.49	34195.70
300.56	34176.66
300.62	34153.77
300.69	34134.49
300.75	34107.89
300.82	34077.98
300.89	34048.31
300.95	34022.19
301.02	33985.29
301.08	33949.56
301.15	33922.61
301.21	33889.14
301.28	33860.19
301.34	33836.84
301.41	33812.39
301.48	33781.41
301.54	33753.42
301.61	33722.40
301.67	33691.63
301.74	33664.74
301.80	33631.45
301.87	33593.24
301.93	33550.91
302.00	33507.23
302.06	33456.73
302.13	33410.94
302.20	33379.65
302.26	33339.94
302.33	33310.19
302.39	33280.98
302.46	33247.77
302.52	33200.23
302.59	33162.49
302.65	33120.84
302.72	33076.14
302.78	33036.93
302.85	33007.21
302.91	32972.72
302.98	32942.11
303.05	32907.87
303.11	32876.74
303.18	32829.39
303.24	32792.28
303.31	32740.13
303.37	32699.04
303.44	32663.13
303.50	32624.14
303.57	32577.15
303.63	32537.31
303.70	32488.32
303.76	32434.38
303.83	32392.47
303.89	32350.56
303.96	32303.01
304.03	32256.67
304.09	32205.20
304.16	32148.75
304.22	32089.69
304.29	32038.91
304.35	31986.96
304.42	31946.86
304.48	31903.64
304.55	31861.15
304.61	31806.44
304.68	31762.14
304.74	31701.44
304.81	31651.81
304.87	31593.66
304.94	31553.41
305.00	31505.09
305.07	31449.26
305.13	31385.78
305.20	31331.64
305.26	31270.74
305.33	31211.68
305.39	31164.30
305.46	31110.53
305.52	31064.79
305.59	31015.12
305.66	30962.39
305.72	30909.78
305.79	30859.77
305.85	30803.13
305.92	30717.94
305.98	30598.79
306.05	30454.37
306.11	30303.88
306.18	30132.17
306.24	29992.34
306.31	29926.57
306.37	29919.72
306.44	29957.92
306.50	30022.99
306.57	30082.06
306.63	30106.00
306.70	30076.91
306.76	30017.44
306.83	29954.23
306.89	29887.11
306.96	29818.75
307.02	29765.54
307.09	29719.17
307.15	29663.14
307.22	29613.83
307.28	29555.27
307.35	29489.85
307.41	29413.90
307.48	29337.48
307.54	29263.03
307.61	29195.68
307.67	29133.52
307.74	29070.83
307.80	29018.89
307.87	28959.84
307.93	28896.07
308.00	28839.14
308.06	28787.57
308.13	28719.76
308.19	28660.53
308.26	28604.59
308.32	28548.91
308.38	28486.50
308.45	28428.88
308.51	28376.50
308.58	28321.41
308.64	28257.84
308.71	28204.49
308.77	28151.87
308.84	28081.96
308.90	28024.17
308.97	27965.31
309.03	27904.23
309.10	27843.48
309.16	27780.18
309.23	27705.43
309.29	27636.98
309.36	27545.66
309.42	27460.45
309.49	27387.93
309.55	27321.42
309.62	27255.19
309.68	27211.94
309.75	27157.71
309.81	27095.77
309.88	27036.86
309.94	26973.11
310.00	26906.89
310.07	26844.30
310.13	26791.99
310.20	26721.99
310.26	26657.28
310.33	26589.86
310.39	26532.26
310.46	26463.91
310.52	26405.28
310.59	26344.68
310.65	26288.77
310.72	26224.00
310.78	26161.94
310.85	26100.98
310.91	26041.99
310.97	25980.14
311.04	25921.91
311.10	25863.08
311.17	25803.46
311.23	25746.64
311.30	25691.05
311.36	25632.32
311.43	25587.13
311.49	25529.71
311.56	25476.15
311.62	25417.67
311.69	25365.45
311.75	25310.10
311.81	25249.83
311.88	25182.74
311.94	25121.14
312.01	25066.37
312.07	24998.15
312.14	24954.48
312.20	24909.48
312.27	24860.60
312.33	24799.89
312.40	24736.09
312.46	24668.14
312.52	24600.62
312.59	24540.83
312.65	24474.34
312.72	24409.34
312.78	24345.84
312.85	24291.57
312.91	24224.38
312.98	24171.28
313.04	24130.10
313.10	24081.55
313.17	24022.84
313.23	23973.18
313.30	23915.38
313.36	23849.75
313.43	23783.03
313.49	23726.19
313.56	23661.67
313.62	23595.68
313.68	23539.50
313.75	23496.52
313.81	23446.15
313.88	23395.28
313.94	23353.04
314.01	23306.67
314.07	23250.63
314.13	23191.95
314.20	23137.85
314.26	23075.90
314.33	23017.40
314.39	22960.39
314.46	22900.53
314.52	22856.19
314.58	22805.55
314.65	22752.45
314.71	22696.11
314.78	22648.29
314.84	22584.10
314.91	22530.10
314.97	22474.33
315.03	22424.04
315.10	22369.19
315.16	22309.42
315.23	22258.86
315.29	22215.01
315.36	22166.43
315.42	22118.68
315.48	22075.35
315.55	22026.56
315.61	21963.30
315.68	21910.05
315.74	21849.84
315.81	21792.36
315.87	21735.14
315.93	21692.69
316.00	21656.62
316.06	21627.64
316.13	21604.92
316.19	21554.48
316.25	21465.84
316.32	21322.77
316.38	21146.91
316.45	20928.35
316.51	20699.74
316.58	20463.54
316.64	20229.42
316.70	19997.67
316.77	19757.60
316.83	19512.94
316.90	19264.81
316.96	19017.26
317.02	18767.03
317.09	18525.40
317.15	18280.97
317.22	18037.59
317.28	17796.18
317.34	17551.08
317.41	17306.40
317.47	17069.44
317.54	16823.52
317.60	16581.54
317.66	16337.59
317.73	16087.88
317.79	15840.28
317.86	15601.10
317.92	15356.51
317.98	15108.10
318.05	14858.88
318.11	14605.37
318.18	14359.21
318.24	14102.95
318.30	13851.32
318.37	13603.66
318.43	13347.80
318.50	13084.26
318.56	12820.79
318.62	12557.73
318.69	12289.00
318.75	12025.39
318.82	11750.37
318.88	11485.88
318.94	11209.74
319.01	10938.12
319.07	10662.78
319.13	10391.19
319.20	10112.59
319.26	9835.16
319.33	9549.29
319.39	9258.59
319.45	8979.17
319.52	8698.74
319.58	8417.51
319.65	8138.64
319.71	7861.87
319.77	7579.15
319.84	7299.59
319.90	7029.63
319.96	6758.00
320.03	6488.00
320.09	6228.61
320.16	5964.90
320.22	5709.01
320.28	5461.14
320.35	5223.00
320.41	4985.47
320.47	4761.44
320.54	4536.30
320.60	4325.92
320.67	4122.01
320.73	3925.04
320.79	3733.97
320.86	3557.26
320.92	3381.36
320.98	3218.01
321.05	3060.94
321.11	2909.70
321.18	2767.77
321.24	2634.93
321.30	2503.16
321.37	2383.75
321.43	2280.23
321.49	2176.02
321.56	2079.88
321.62	1994.26
321.68	1907.52
321.75	1822.57
321.81	1747.06
321.88	1674.33
321.94	1609.08
322.00	1549.24
322.07	1486.67
322.13	1427.03
322.19	1367.83
322.26	1307.01
322.32	1252.24
322.38	1204.51
322.45	1160.81
322.51	1116.38
322.58	1077.65
322.64	1031.51
322.70	989.98
322.77	942.59
322.83	906.14
322.89	861.05
322.96	821.32
323.02	781.00
323.08	741.47
323.15	700.59
323.21	665.52
323.27	631.83
323.34	597.61
323.40	565.61
323.46	532.28
323.53	494.17
323.59	415.10
323.65	311.05
323.72	194.66
323.78	84.17
323.85	-15.63
323.91	-66.41
323.97	-86.36
324.04	-86.33
