3425.9834
-125.5264
631.2954
-49.2722
-18.9494
3.9909
30.6109
28.9746
28.6681
30.9394
32.0961
30.208
29.0485
29.5721
29.8252
45.0499
51.4715
58.4704
69.3827
74.7807
69.7212
65.4497
66.1374
66.5338
66.5357
69.8322
72.915
79.4756
81.8863
91.7004
90.9022
105.5307
114.0952
121.5538
130.0625
143.9389
144.1405
143.6916
139.3964
137.5681
129.0238
136.4962
143.5176
163.782
174.0541
200.6761
220.9052
253.3432
279.4594
307.824
348.3349
379.2938
411.1866
455.0797
488.7481
499.6385
517.1868
506.1381
450.5564
397.688
348.5588
314.6948
310.2278
353.6127
422.5859
491.4922
569.4183
643.5343
729.8483
788.6589
850.4032
906.2653
949.1667
987.7617
1064.7416
1122.4034
1188.3565
1301.7904
1371.1407
1395.5526
1386.7756
1248.5509
1051.1651
905.4688
813.1986
798.0307
919.5136
1082.607
1224.6585
1349.4001
1452.6374
1566.43
1671.424
1794.6061
1924.2219
2034.2037
2150.7435
2285.8509
2366.6451
2466.3587
2611.6848
2684.1257
2741.1972
2851.1623
2879.6223
2740.5847
2488.332
2223.633
1961.6691
1770.1658
1771.321
1959.5099
2168.447
2369.668
2584.6797
2746.2059
2908.4062
3045.7144
3192.877
3326.6668
3439.491
3553.6296
3687.8917
3770.7703
3864.0383
3995.332
4053.6506
4109.8765
4209.3725
4259.4752
4256.2774
4233.8993
4052.899
3687.7749
3343.9142
3097.9039
2955.0316
2999.4097
3238.1718
3493.7233
3720.3547
3916.3213
4075.2142
4247.5956
4390.5451
4537.9435
4670.4645
4785.9168
4900.1845
5017.8678
5088.5649
5177.422
5277.5404
5317.3014
5368.5809
5418.6227
5418.0825
5419.3369
5447.7721
5462.0968
5452.4105
5353.6656
5123.7458
4867.2784
4660.0758
4522.4491
4541.0966
4718.9991
4950.154
5156.2721
5346.177
5498.8192
5656.5709
5768.9583
5873.5602
5975.7227
6046.0172
6104.0887
6177.9229
6229.4137
6274.7968
6338.0064
6361.1657
6382.326
6416.2803
6436.9491
6467.2971
6520.177
6566.6856
6602.0082
6641.5347
6667.4399
6639.7034
6550.2043
6449.6173
6362.1298
6297.8462
6293.8604
6364.5601
6471.4899
6569.8679
6669.543
6758.3521
6848.1421
6923.7626
6995.7313
7050.9741
7098.9427
7144.5522
7179.21
7201.2104
7219.8019
7245.1208
7255.193
7270.4739
7295.3241
7312.167
7324.2686
7339.0314
7354.6232
7371.6266
7402.1485
7436.8256
7480.4695
7522.543
7545.7876
7547.01
7542.6328
7540.6795
7545.6599
7558.6701
7596.4759
7639.4245
7674.4368
7709.7981
7747.1052
7773.2438
7792.1014
7801.0792
7795.8995
7800.6496
7812.0809
7838.9177
7883.7558
7937.0129
7985.093
8036.4678
8080.3397
8116.9469
8147.414
8180.0524
8206.5084
8239.7008
8264.1779
8286.9975
8311.2946
8335.872
8340.7983
8341.5847
8332.4266
8328.9714
8320.5674
8329.9334
8360.0887
8417.759
8471.0761
8535.595
8596.9544
8646.2803
8692.544
8734.5672
8772.9509
8812.8072
8845.6168
8864.7033
8880.5814
8890.4526
8904.8648
8921.9488
8943.0989
8956.4427
8968.7664
8975.2327
8995.2604
9028.0256
9079.1238
9148.3335
9214.6778
9277.0389
9338.7435
9392.3102
9434.5453
9480.5944
9523.1656
9557.9957
9597.0643
9632.7068
9667.3739
9701.6364
9732.6433
9755.9491
9787.8484
9814.3982
9833.6293
9859.3325
9899.4375
9939.7788
9998.9687
10070.4096
10138.7853
10199.7216
10261.809
10307.9883
10358.7916
10412.4932
10465.8317
10516.3697
10565.5356
10619.3857
10669.827
10721.3661
10765.9063
10817.471
10856.1337
10894.7563
10939.6151
10990.922
11035.6576
11089.905
11150.2572
11216.2493
11284.9654
11359.1272
11428.8491
11497.2155
11558.8249
11623.7354
11688.0481
11751.3652
11812.4751
11874.333
11936.4756
12000.2332
12069.5932
12142.4478
12215.718
12281.1119
12348.4193
12418.2186
12479.7036
12546.914
12611.9848
12683.1514
12752.3753
12832.0802
12910.5516
12999.0727
13083.5056
13171.1076
13258.2536
13342.2716
13425.8682
13509.2919
13592.7508
13674.6045
13757.412
13836.3007
13918.5664
13995.6774
14081.3929
14166.5648
14250.3952
14329.1327
14416.7112
14495.3099
14580.8918
14674.3614
14776.0181
14869.2122
14970.2481
15062.696
15158.5651
15249.938
15343.1711
15443.1809
15546.3222
15646.0301
15746.0269
15852.1675
15953.4602
16056.1811
16158.4991
16264.9879
16368.1147
16464.9759
16568.8139
16670.3985
16777.0146
16880.8742
16994.799
17105.0209
17218.1984
17323.7961
17437.4295
17547.2967
17655.5091
17769.7829
17890.4173
18006.0188
18115.9173
18234.5534
18351.6712
18477.6951
18597.1001
18723.502
18844.2608
18966.7389
19076.3229
19198.8821
19323.4486
19448.2771
19571.4753
19700.3474
19824.5253
19948.6071
20073.4693
20207.0704
20333.0156
20462.5622
20586.6403
20715.7184
20840.987
20969.9181
21104.2223
21241.5656
21370.8417
21500.7138
21633.9838
21762.5037
21893.4071
22026.4236
22159.3117
22296.8029
22428.0038
22564.9063
22703.5137
22837.3498
22972.118
23114.6924
23252.5025
23391.0177
23533.7658
23674.0496
23823.5901
23971.2357
24119.2322
24272.3323
24419.8217
24565.8854
24707.6044
24848.6323
24985.3002
25123.3588
25255.9093
25396.3066
25539.9874
25683.6292
25828.3236
25978.658
26121.5308
26268.7601
26414.8171
26566.291
26709.6909
26866.3614
27017.3517
27165.9762
27309.0962
27454.6266
27591.3789
27737.7844
27877.5626
28025.7298
28175.7302
28329.7408
28475.454
28634.5674
28788.8586
28943.5427
29091.173
29246.5985
29390.9592
29535.5153
29678.539
29832.3303
29984.7895
30143.6611
30297.5969
30449.4264
30589.9987
30720.8005
30848.227
30980.7362
31116.932
31267.3505
31419.8701
31579.1706
31735.7345
31888.2568
32035.7927
32181.2899
32320.8778
32468.0662
32615.5497
32759.8827
32908.1865
33063.0081
33207.69
33351.0728
33490.9425
33628.3348
33761.1995
33899.4922
34038.4668
34175.2881
34317.6974
34461.2843
34603.4585
34744.798
34890.6629
35034.7939
35168.159
35295.7897
35430.8769
35575.8285
35708.4538
35851.0817
36000.1217
36136.3637
36263.5827
36399.8575
36530.5884
36653.0559
36778.3752
36905.4258
37029.1329
37152.8718
37282.4322
37417.9346
37545.0989
37669.1031
37790.4751
37903.9423
38018.6639
38137.8469
38263.1708
38395.3595
38526.6402
38649.0941
38762.9936
38877.7335
38994.7092
39119.091
39238.3647
39365.5249
39489.4139
39609.9583
39716.8781
39830.3822
39943.7431
40058.2009
40167.8468
40284.6828
40394.8719
40501.1289
40605.6346
40709.9332
40821.1515
40930.5139
41041.0595
41145.848
41250.3753
41348.0534
41455.1261
41558.6336
41665.7044
41775.9401
41895.0956
42001.8353
42107.4956
42204.6167
42291.4669
42367.1284
42449.4043
42531.2107
42620.8133
42708.9061
42801.8477
42900.5274
42992.0301
43071.6236
43157.2791
43241.2544
43324.1861
43414.4844
43516.6169
43620.3564
43718.6191
43811.1267
43905.2151
43993.7849
44071.7739
44153.6653
44236.2198
44310.6294
44384.4545
44457.6395
44530.0805
44601.0392
44672.3442
44741.8177
44819.0526
44895.1793
44968.8516
45046.4483
45126.8828
45196.2623
45266.7347
45347.1671
45429.9827
45512.0176
45600.556
45683.7335
45753.3982
45804.1271
45849.9602
45897.0732
45937.8101
45984.5625
46049.04
46118.3026
46191.5522
46269.9537
46345.7609
46418.8276
46489.5156
46553.5892
46612.9664
46670.4565
46716.9696
46757.3134
46800.0961
46844.2674
46883.6119
46933.5415
46987.5894
47043.321
47105.369
47166.2419
47223.2924
47279.3761
47332.7357
47387.7946
47457.2305
47518.2321
47575.8622
47624.4896
47666.9378
47697.8003
47739.0984
47790.3226
47850.3816
47906.4256
47961.1103
48009.1856
48044.1425
48075.6834
48108.6804
48149.5027
48188.8954
48237.9868
48290.7871
48344.8892
48395.2535
48451.325
48509.8404
48551.5887
48586.8713
48612.978
48640.6351
48665.7376
48711.636
48764.894
48824.0158
48880.4024
48935.6219
48977.1234
49017.5512
49056.0135
49090.0155
49119.5466
49145.1689
49167.9103
49194.5208
49224.4964
49251.7375
49289.8382
49326.9185
49355.4686
49377.5312
49402.9846
49427.7929
49460.9043
49493.0277
49538.8841
49580.4861
49617.2214
49642.3474
49666.9765
49677.426
49685.3624
49686.9532
49690.8825
49697.4918
49712.034
49735.3694
49763.3631
49792.7315
49826.1726
49852.5927
49886.6693
49914.3249
49940.1523
49959.4947
49981.0401
49985.6091
49994.3472
50000.2266
50008.2791
50018.2505
50025.5452
50034.789
50044.1481
50050.685
50048.4442
50052.3666
50053.9347
50052.1536
50054.8841
50066.2705
50068.9012
50078.1091
50085.8902
50091.4276
50094.4636
50102.0185
50100.9177
50101.9217
50094.567
50080.6184
50061.9712
50043.0086
50025.9591
49997.1371
49974.3759
49955.3032
49940.9848
49926.6074
49922.8096
49917.6053
49916.9187
49920.4821
49921.9136
49922.4759
49925.4626
49918.128
49904.5696
49895.7201
49894.0002
49885.3427
49872.2812
49854.5644
49835.9463
49824.7525
49818.1431
49823.2559
49829.3448
49829.3031
49817.1563
49804.4292
49788.3148
49783.3807
49771.0377
49758.2506
49742.5213
49732.218
49710.4191
49695.5925
49681.4828
49667.5305
49653.0961
49637.037
49627.012
49619.8262
49615.6397
49603.0154
49584.0539
49563.5728
49538.5239
49503.9093
49469.1265
49435.1279
49411.7744
49395.2966
49383.9445
49383.8564
49389.2052
49385.3587
49374.0717
49364.2387
49347.5272
49332.9695
49317.4059
49315.6908
49312.4338
49307.9449
49300.8583
49291.7961
49276.5639
49261.9396
49251.0124
49245.8657
49241.8315
49235.8057
49234.5632
49224.516
49206.1544
49192.6243
49177.4729
49160.8151
49150.381
49144.2471
49130.1253
49113.521
49092.9751
49067.5776
49043.8412
49032.0274
49021.3301
49010.42
49013.9228
49010.9396
49007.2923
49006.3943
49009.83
48998.2838
48997.5638
48987.6892
48984.5425
48987.5581
48991.9806
48994.5851
49007.548
49011.9738
49015.1513
49032.0227
49047.8017
49050.0279
49055.1028
49052.2296
49037.7372
49026.4011
49021.6684
49014.4768
49005.8373
49003.3485
48997.689
48988.5809
48985.5728
48988.0567
48992.8868
49001.0459
49002.5789
49003.1713
49011.0506
49023.368
49039.5501
49066.7719
49095.1772
49116.8832
49127.7273
49141.3492
49165.2257
49195.4411
49219.5925
49239.3853
49245.1335
49247.0193
49242.255
49239.209
49245.4957
49266.878
49280.4959
49291.0985
49302.0909
49305.6584
49306.0359
49310.3329
49324.1759
49341.751
49366.1569
49387.6573
49414.8226
49434.8711
49459.8814
49489.3355
49515.6635
49526.0878
49529.5502
49525.4106
49518.2078
49529.4451
49548.7087
49584.0427
49623.3368
49668.7661
49698.1415
49728.5569
49760.6538
49799.3508
49828.8538
49858.4639
49890.788
49916.1466
49932.9876
49956.6292
49981.7659
50001.7262
50015.0444
50037.5985
50064.1501
50084.289
50114.0393
50143.6883
50167.0248
50180.2626
50203.5823
50220.2082
50237.7262
50248.1461
50246.4415
50237.5261
50244.4334
50259.07
50290.9323
50341.1652
50399.6545
50445.9652
50493.6927
50535.2446
50566.1764
50589.4507
50608.1858
50630.3229
50647.4377
50674.7114
50704.5032
50737.705
50762.1342
50778.2725
50797.7569
50818.6225
50839.9061
50862.8929
50898.5033
50923.0657
50942.4725
50958.4578
50972.3859
50988.8641
51009.8994
51030.0763
51048.2037
51072.3123
51090.1417
51105.7485
51119.3648
51133.7153
51149.5477
51156.9444
51168.7896
51186.2832
51214.4758
51229.3048
51245.8538
51257.2504
51267.9676
51276.037
51291.0884
51307.9055
51333.5925
51354.695
51362.7596
51374.6746
51395.3355
51405.6344
51433.0175
51467.2739
51496.1022
51512.1406
51531.5115
51545.4806
51560.6262
51570.1394
51589.5175
51607.8259
51622.9625
51636.8619
51651.5938
51662.9499
51679.7219
51692.4189
51703.2917
51712.7365
51723.2269
51728.6761
51727.7421
51734.9237
51739.1421
51745.5605
51749.8702
51762.7798
51761.7609
51761.1906
51748.567
51745.5916
51738.3473
51739.2219
51749.6371
51766.8006
51773.7472
51784.7015
51796.2511
51811.7395
51814.9927
51824.8815
51826.4472
51825.2126
51815.9201
51823.0885
51820.431
51821.4875
51823.8677
51827.4331
51825.3108
51830.2145
51834.6663
51837.3182
51838.3452
51837.6729
51826.3441
51816.7454
51795.6868
51778.4262
51766.5577
51766.2387
51756.1186
51761.5744
51753.0
51741.6129
51720.1104
51709.752
51692.1028
51685.5714
51669.4312
51658.6613
51643.5397
51629.3523
51621.1978
51622.5194
51626.4809
51630.5646
51632.2065
51621.7351
51609.9479
51586.5175
51566.2072
51552.0022
51537.456
51518.6189
51500.0732
51474.9868
51451.2606
51432.9754
51420.2918
51413.6888
51401.3108
51382.8461
51352.9658
51320.4768
51283.5082
51258.4622
51236.4673
51215.6677
51188.6784
51160.7618
51126.907
51096.9848
51072.2104
51057.9987
51048.8665
51035.466
51010.8814
50991.6971
50969.8652
50944.9807
50923.2467
50898.5131
50869.8516
50834.0909
50801.8698
50773.148
50746.1937
50710.3871
50675.9614
50637.394
50595.2316
50554.7588
50525.2553
50503.3372
50480.5641
50450.7905
50424.2509
50392.0481
50346.3777
50310.5055
50281.4304
50244.857
50213.0649
50185.7824
50145.8001
50110.7411
50079.3287
50049.8236
50022.079
49998.2479
49969.9581
49939.7935
49902.5182
49868.3442
49829.5726
49792.4146
49746.1158
49699.0831
49656.2047
49612.1681
49569.182
49533.4352
49498.2187
49457.3578
49423.6555
49386.8362
49355.4694
49314.9088
49273.104
49229.5348
49183.7269
49134.8076
49092.8785
49053.224
49013.5773
48965.728
48924.9054
48889.3547
48845.9093
48807.1182
48775.929
48741.734
48711.8358
48682.7136
48640.7892
48600.4608
48553.3436
48495.8957
48442.7318
48402.6908
48358.9087
48317.1839
48277.3459
48241.613
48192.5507
48152.86
48112.9166
48071.4236
48023.8111
47975.4873
47910.938
47851.4096
47792.2876
47732.2018
47680.4489
47637.8183
47586.1753
47543.9435
47502.771
47458.3323
47415.7976
47381.0841
47340.1085
47300.0608
47264.2906
47233.3658
47200.3155
47165.9382
47129.3049
47093.8731
47044.7468
46990.4135
46939.96
46891.8607
46835.8595
46786.4935
46744.6405
46703.0981
46661.2579
46627.3503
46593.3062
46559.3526
46519.2852
46478.3733
46427.9779
46381.5322
46334.6559
46292.6237
46262.3907
46232.7232
46195.7653
46156.0784
46118.9322
46065.612
46009.5958
45960.5932
45920.3405
45868.3678
45828.3814
45804.6223
45780.9096
45746.0848
45719.4001
45679.185
45635.8965
45589.9656
45557.3131
45524.562
45490.5143
45454.2729
45425.2527
45385.752
45351.0604
45318.7575
45286.6388
45248.6472
45215.814
45174.2905
45137.4692
45093.5393
45055.4592
45016.4399
44970.8123
44936.3322
44914.6094
44884.3777
44850.5384
44827.7365
44805.5532
44771.5744
44738.3807
44710.8323
44676.3028
44642.5547
44618.7088
44598.059
44570.0185
44553.5533
44528.598
44501.7563
44479.6348
44466.0909
44439.3367
44409.367
44375.8306
44338.936
44299.5074
44269.6342
44243.7765
44224.5534
44204.1255
44184.2411
44163.3092
44146.4144
44121.5458
44099.168
44071.2833
44051.7869
44027.2657
44010.8139
43991.9596
43979.1371
43959.4324
43936.9043
43906.3399
43869.5802
43824.8998
43775.0557
43726.9688
43693.7784
43675.1903
43654.1695
43632.2025
43612.0383
43576.6835
43530.3522
43498.6904
43471.4592
43449.2684
43428.313
43415.9319
43400.6539
43382.4064
43357.7726
43336.3775
43307.2395
43271.7045
43244.0981
43218.5875
43190.7951
43165.6789
43140.6049
43115.9468
43097.4546
43072.1787
43048.4217
43025.9339
42998.8374
42967.1966
42946.9202
42926.8982
42908.9323
42891.9173
42872.6093
42853.5703
42832.0168
42815.1782
42800.5854
42786.6136
42767.1203
42751.331
42730.0004
42699.7393
42674.3665
42654.714
42631.043
42602.4898
42577.0755
42551.471
42522.1353
42503.7015
42484.5865
42466.8619
42445.6895
42430.9756
42409.187
42391.2207
42375.2487
42357.3397
42340.8884
42321.115
42300.2513
42285.6569
42270.2123
42247.1653
42221.6656
42204.3298
42182.6388
42162.3278
42138.8226
42118.4752
42089.1975
42059.0571
42029.0541
42002.6101
41982.348
41969.0157
41955.2085
41943.3341
41927.1846
41906.8177
41879.595
41852.1696
41822.4085
41799.1324
41769.5152
41744.536
41719.5671
41698.803
41668.5662
41638.6515
41605.3256
41557.3857
41497.9549
41427.675
41356.8492
41287.6582
41229.5681
41175.2814
41142.2973
41110.0334
41078.2542
41049.0906
41016.7928
40982.2835
40947.87
40915.6353
40886.9227
40863.1768
40837.9488
40817.5333
40793.3415
40766.4914
40743.3544
40720.9062
40705.0852
40680.0649
40658.8392
40637.5742
40623.5213
40599.3655
40583.5153
40560.3719
40533.8718
40502.4487
40478.4808
40453.7441
40428.1946
40404.0555
40378.498
40349.0088
40328.7513
40301.9008
40265.81
40224.4918
40189.9036
40146.0991
40123.8881
40128.7158
40141.2663
40152.6396
40166.989
40173.7103
40164.7326
40147.5789
40125.4869
40108.1021
40093.9379
40083.0307
40073.5667
40065.2384
40050.9404
40032.5296
40002.7188
39982.2719
39962.2073
39949.0905
39943.158
39946.2156
39946.2217
39945.7544
39938.6821
39922.9191
39901.0509
39880.93
39864.5937
39847.1658
39828.8301
39816.9273
39805.9163
39793.897
39788.7815
39785.4816
39786.3005
39781.1973
39771.7994
39758.2912
39751.064
39745.1238
39735.3107
39723.8987
39714.8941
39705.316
39682.6378
39678.1502
39673.8601
39672.1947
39667.0081
39671.9902
39666.484
39665.1853
39662.3426
39659.6822
39649.3337
39636.5301
39623.4871
39608.5696
39595.5927
39594.2477
39587.6635
39584.9384
39575.4905
39567.1852
39554.2757
39551.9839
39549.3028
39556.0054
39562.6591
39566.7971
39572.2777
39573.5758
39570.1315
39559.5075
39554.253
39547.7739
39549.3125
39553.2079
39562.7767
39566.1679
39572.2451
39564.4835
39563.7368
39565.5193
39570.4581
39577.6787
39590.44
39595.9177
39600.2495
39599.827
39589.4021
39585.6408
39581.1632
39576.346
39580.3071
39586.5684
39589.0612
39597.9123
39601.7816
39599.7666
39600.2443
39607.6988
39619.2982
39629.3123
39641.8205
39651.2756
39657.4492
39655.6943
39657.3355
39655.5011
39654.8489
39651.911
39652.2902
39660.2345
39675.9667
39697.2806
39712.4177
39728.2388
39750.3469
39756.1396
39762.6713
39776.0557
39781.3917
39771.3892
39777.5689
39780.236
39787.6618
39794.3454
39809.013
39813.3346
39822.1955
39818.6491
39827.3312
39832.3784
39843.5286
39848.4184
39861.723
39872.1313
39884.5355
39898.1594
39909.1926
39923.9967
39932.9114
39940.4818
39953.8835
39970.9583
39982.1392
39990.0553
39999.425
40006.4646
40012.5473
40020.4916
40037.3819
40048.9923
40060.7862
40078.3877
40087.093
40097.4786
40108.4158
40120.5944
40129.7671
40146.5332
40161.888
40179.6897
40192.6099
40209.3664
40225.2914
40230.837
40239.7961
40247.8987
40251.1908
40258.9557
40283.5543
40303.9603
40317.8082
40335.0054
40351.0937
40354.9887
40359.4554
40371.2801
40377.5833
40381.6395
40395.6142
40414.2531
40436.1639
40456.1518
40476.3693
40494.9278
40508.8229
40523.348
40545.6519
40572.4405
40593.4224
40613.8642
40632.0562
40642.4579
40650.141
40660.2178
40673.7029
40693.715
40715.145
40731.2534
40746.2794
40763.6529
40771.1064
40784.8762
40796.5382
40805.3481
40815.9802
40833.4048
40846.309
40871.0274
40892.8365
40909.8702
40929.1137
40943.3912
40948.5664
40961.3046
40972.8463
40979.7928
40996.2234
41014.1525
41027.9014
41039.9269
41053.3496
41062.8979
41076.6111
41088.1198
41101.9653
41108.1047
41119.8187
41122.9237
41135.2765
41146.1086
41163.3838
41174.0751
41186.3802
41192.4369
41193.8227
41194.792
41203.7976
41221.5076
41238.4369
41258.4411
41275.7015
41282.8556
41293.6763
41300.9501
41314.612
41332.5559
41350.6673
41358.1505
41372.2581
41379.4357
41387.8872
41386.0536
41387.5521
41384.8285
41387.7217
41385.1552
41392.9937
41394.6566
41395.3271
41387.2007
41384.5026
41381.6918
41387.7932
41391.8936
41395.7832
41391.918
41390.4253
41378.2307
41365.6922
41362.5281
41359.7411
41355.0631
41350.3979
41350.4268
41340.0112
41335.6288
41332.6134
41331.6003
41327.8424
41330.0137
41321.6314
41310.7393
41298.0016
41288.9813
41272.294
41264.2286
41248.8002
41236.8316
41225.6457
41213.3635
41194.3934
41180.636
41169.3437
41148.5962
41135.8044
41125.56
41114.0165
41097.6751
41083.2399
41061.25
41036.0234
41017.0693
40994.1731
40976.228
40958.8396
40941.7099
40918.5177
40900.7019
40880.825
40864.2498
40834.8081
40809.1924
40781.0306
40747.6877
40709.6095
40682.7161
40657.0474
40633.3706
40610.5397
40579.0632
40555.6574
40530.2456
40497.1738
40465.4821
40440.1732
40407.9882
40355.5473
40248.3124
40033.7288
39738.7497
39450.2353
39265.1947
39229.7356
39350.3383
39582.427
39814.5814
39956.4363
40008.3769
40000.2562
39961.6128
39913.0139
39857.8485
39805.5552
39759.6761
39723.1677
39684.4497
39654.9005
39616.5102
39577.5441
39527.3977
39478.9312
39429.1369
39379.232
39323.2692
39273.6621
39229.8215
39185.1008
39142.2351
39106.5564
39067.6667
39017.7918
38967.1666
38917.8712
38874.397
38834.2331
38793.6445
38756.6973
38703.8771
38639.3122
38581.1767
38531.0296
38474.4558
38444.0741
38420.6163
38391.1445
38348.7135
38302.5417
38241.9973
38177.072
38097.9837
38025.2865
37957.2616
37889.5869
37818.9607
37766.2284
37708.8905
37652.7979
37604.3806
37554.3052
37495.7698
37440.4397
37391.6098
37330.3694
37278.4505
37223.8751
37176.348
37123.5967
37073.8446
37020.8414
36973.7643
36916.4129
36854.444
36792.1387
36736.8398
36679.8969
36624.3737
36565.6625
36514.7423
36458.0629
36400.9574
36349.0733
36305.8824
36248.1914
36188.7387
36126.8577
36064.4557
36004.663
35943.9662
35884.1818
35832.2942
35789.8003
35735.6406
35691.817
35648.9232
35596.2938
35526.3657
35457.9343
35385.9976
35319.5377
35257.2329
35196.104
35132.6199
35069.5987
35001.2253
34926.8387
34858.2681
34800.6114
34742.5831
34684.7538
34636.736
34585.8244
34518.9911
34449.9878
34384.481
34307.3428
34234.6126
34170.8525
34117.4071
34056.7944
33995.8091
33936.1068
33881.2947
33820.5461
33759.6775
33705.4264
33643.5843
33575.3331
33505.2078
33427.1482
33356.0974
33287.0153
33220.6819
33155.0445
33098.1221
33035.2994
32974.5206
32912.3892
32850.6414
32790.9685
32721.0371
32655.9345
32590.7408
32524.2938
32456.771
32395.2093
32329.9016
32257.3923
32196.3313
32136.5919
32071.6648
31999.66
31947.1889
31901.4843
31855.681
31826.0022
31777.4396
31676.307
31510.6813
31295.1846
31014.1558
30701.3858
30366.2505
30013.4394
29647.5911
29260.5245
28853.356
28429.0967
27992.995
27540.0088
27079.9634
26608.2126
26122.0282
25620.847
25103.332
24577.4195
24043.9138
23500.5294
22947.8969
22388.9809
21818.3927
21243.2056
20668.6232
20088.4624
19498.17
18904.5945
18309.4747
17721.3713
17129.9756
16542.9008
15961.7176
15375.6059
14784.4021
14201.2751
13632.8893
13068.7388
12519.4842
11977.1533
11451.2915
10929.2267
10421.2563
9928.7392
9446.1436
8975.3794
8516.5475
8072.7375
7634.9114
7226.3836
6832.9299
6454.0833
6089.6893
5744.7925
5408.9581
5090.5803
4792.3673
4506.3166
4236.284
3984.9408
3740.2164
3514.3503
3304.4145
3109.0916
2925.686
2761.0711
2602.3701
2461.34
2331.5526
2210.0374
2097.2238
1999.8519
1904.9478
1821.6214
1745.0191
1671.9002
1604.6044
1546.2946
1486.468
1435.947
1396.924
1356.5939
1318.9186
1288.6487
1254.274
1220.9567
1192.4345
1163.6834
1139.4297
1117.6182
1089.5578
1061.8114
1032.5427
998.7531
968.7398
943.8516
922.4508
898.0843
878.8918
851.2537
826.7348
794.7517
773.6105
742.4236
715.708
687.7146
660.4559
630.2257
605.6623
581.8184
556.9802
533.3084
508.6498
477.567
403.261
302.3484
188.9377
80.0252
-18.5581
-67.8891
-85.8386
-86.2078
