180.21	3426.91
180.28	-125.53
180.36	631.76
180.44	-48.96
180.51	-18.41
180.59	4.64
180.66	31.67
180.74	29.64
180.81	29.46
180.89	31.67
180.97	32.58
181.04	30.07
181.12	29.08
181.19	29.41
181.27	29.48
181.34	44.94
181.42	51.76
181.50	58.45
181.57	69.04
181.65	74.50
181.72	69.22
181.80	64.84
181.87	66.17
181.95	67.02
182.03	66.87
182.10	70.54
182.18	73.66
182.25	79.71
182.33	82.23
182.40	92.06
182.48	91.51
182.55	106.00
182.63	114.51
182.71	121.91
182.78	130.25
182.86	143.84
182.93	144.01
183.01	144.05
183.08	139.49
183.16	137.79
183.23	129.14
183.31	136.56
183.39	143.34
183.46	163.38
183.54	173.55
183.61	199.92
183.69	220.31
183.76	252.71
183.84	279.61
183.91	308.65
183.99	349.31
184.06	379.89
184.14	411.32
184.22	455.02
184.29	488.29
184.37	500.10
184.44	517.51
184.52	506.44
184.59	450.26
184.67	397.23
184.74	347.11
184.82	314.14
184.89	310.36
184.97	353.64
185.04	422.42
185.12	491.83
185.20	570.12
185.27	644.55
185.35	731.28
185.42	789.64
185.50	850.34
185.57	904.51
185.65	945.99
185.72	984.14
185.80	1061.50
185.87	1118.71
185.95	1185.23
186.02	1299.90
186.10	1369.23
186.17	1393.60
186.25	1385.44
186.33	1248.42
186.40	1051.15
186.48	906.08
186.55	815.17
186.63	801.22
186.70	920.70
186.78	1082.68
186.85	1223.89
186.93	1347.32
187.00	1450.37
187.08	1565.33
187.15	1671.44
187.23	1795.15
187.30	1924.64
187.38	2034.83
187.45	2151.71
187.53	2286.61
187.60	2368.79
187.68	2468.08
187.75	2611.63
187.83	2682.61
187.90	2738.00
187.98	2846.64
188.05	2876.28
188.13	2736.95
188.21	2485.82
188.28	2222.85
188.36	1960.54
188.43	1767.23
188.51	1769.26
188.58	1957.73
188.66	2166.77
188.73	2369.08
188.81	2587.12
188.88	2750.05
188.96	2910.19
189.03	3047.17
189.11	3192.86
189.18	3324.70
189.26	3438.24
189.33	3553.38
189.41	3687.33
189.48	3771.00
189.56	3863.89
189.63	3992.90
189.71	4051.96
189.78	4109.16
189.86	4206.55
189.93	4257.94
190.01	4255.97
190.08	4233.89
190.16	4052.13
190.23	3688.90
190.31	3346.43
190.38	3100.04
190.46	2954.57
190.53	2997.97
190.61	3235.81
190.68	3487.14
190.76	3711.74
190.83	3906.87
190.91	4066.84
190.98	4238.16
191.06	4381.95
191.13	4530.00
191.21	4665.45
191.28	4781.17
191.35	4898.10
191.43	5017.98
191.50	5089.07
191.58	5177.97
191.65	5276.15
191.73	5313.17
191.80	5361.50
191.88	5410.55
191.95	5408.73
192.03	5409.65
192.10	5439.78
192.18	5457.36
192.25	5448.49
192.33	5349.54
192.40	5122.09
192.48	4864.45
192.55	4656.02
192.63	4519.61
192.70	4538.69
192.78	4717.44
192.85	4948.23
192.93	5153.99
193.00	5343.14
193.08	5498.16
193.15	5656.80
193.22	5771.25
193.30	5873.28
193.37	5973.25
193.45	6038.12
193.52	6089.24
193.60	6160.02
193.67	6211.10
193.75	6255.75
193.82	6321.66
193.90	6347.79
193.97	6371.65
194.05	6406.89
194.12	6430.05
194.20	6462.89
194.27	6517.93
194.34	6562.32
194.42	6597.77
194.49	6636.60
194.57	6660.84
194.64	6632.58
194.72	6540.96
194.79	6438.84
194.87	6350.98
194.94	6281.99
195.02	6273.27
195.09	6344.53
195.17	6452.39
195.24	6547.16
195.31	6652.19
195.39	6744.07
195.46	6833.77
195.54	6907.44
195.61	6982.15
195.69	7035.32
195.76	7083.88
195.84	7129.92
195.91	7166.32
195.99	7188.03
196.06	7206.71
196.13	7227.79
196.21	7238.79
196.28	7255.77
196.36	7278.62
196.43	7291.08
196.51	7303.45
196.58	7314.00
196.66	7323.32
196.73	7337.95
196.80	7370.05
196.88	7407.40
196.95	7453.25
197.03	7499.94
197.10	7527.61
197.18	7533.16
197.25	7532.81
197.33	7533.71
197.40	7540.37
197.47	7555.17
197.55	7591.32
197.62	7632.15
197.70	7666.05
197.77	7697.04
197.85	7732.89
197.92	7753.99
197.99	7769.05
198.07	7769.58
198.14	7760.59
198.22	7757.71
198.29	7770.91
198.37	7800.11
198.44	7853.79
198.51	7911.05
198.59	7969.14
198.66	8024.78
198.74	8068.04
198.81	8107.70
198.89	8141.47
198.96	8169.71
199.03	8195.77
199.11	8229.92
199.18	8253.45
199.26	8274.65
199.33	8300.66
199.41	8322.40
199.48	8326.40
199.55	8319.92
199.63	8302.47
199.70	8290.47
199.78	8273.69
199.85	8277.53
199.93	8313.47
200.00	8378.38
200.07	8442.65
200.15	8517.76
200.22	8585.04
200.30	8636.04
200.37	8688.70
200.44	8728.48
200.52	8767.91
200.59	8808.18
200.67	8838.04
200.74	8852.85
200.81	8869.76
200.89	8877.14
200.96	8887.57
201.04	8901.67
201.11	8920.53
201.19	8927.22
201.26	8933.46
201.33	8937.18
201.41	8954.50
201.48	8986.60
201.56	9039.75
201.63	9117.68
201.70	9190.37
201.78	9260.20
201.85	9326.71
201.93	9386.91
202.00	9430.49
202.07	9477.07
202.15	9522.22
202.22	9559.23
202.30	9598.50
202.37	9634.58
202.44	9669.25
202.52	9702.11
202.59	9729.36
202.67	9748.23
202.74	9773.90
202.81	9797.93
202.89	9811.08
202.96	9831.65
203.04	9868.87
203.11	9911.75
203.18	9973.37
203.26	10050.41
203.33	10125.97
203.41	10194.05
203.48	10257.05
203.55	10301.72
203.63	10353.15
203.70	10406.42
203.77	10461.17
203.85	10512.80
203.92	10563.09
204.00	10615.62
204.07	10670.21
204.14	10718.88
204.22	10765.84
204.29	10819.67
204.37	10856.59
204.44	10888.65
204.51	10930.51
204.59	10976.44
204.66	11015.55
204.73	11072.51
204.81	11131.77
204.88	11198.26
204.96	11269.95
205.03	11351.42
205.10	11418.73
205.18	11488.10
205.25	11554.14
205.32	11619.00
205.40	11683.85
205.47	11750.70
205.55	11815.24
205.62	11876.16
205.69	11936.33
205.77	11996.68
205.84	12067.32
205.91	12138.55
205.99	12210.38
206.06	12277.48
206.14	12346.30
206.21	12414.59
206.28	12475.41
206.36	12540.63
206.43	12604.75
206.50	12676.65
206.58	12743.74
206.65	12822.40
206.72	12901.58
206.80	12991.30
206.87	13073.12
206.95	13159.99
207.02	13250.86
207.09	13337.85
207.17	13420.44
207.24	13505.91
207.31	13591.36
207.39	13672.41
207.46	13754.59
207.53	13833.08
207.61	13912.16
207.68	13988.63
207.75	14074.03
207.83	14159.38
207.90	14246.07
207.98	14330.75
208.05	14418.30
208.12	14494.44
208.20	14579.74
208.27	14669.50
208.34	14764.56
208.42	14861.40
208.49	14963.30
208.56	15055.61
208.64	15155.36
208.71	15246.03
208.78	15335.21
208.86	15437.52
208.93	15541.76
209.00	15640.07
209.08	15743.46
209.15	15851.86
209.22	15951.22
209.30	16050.85
209.37	16154.20
209.44	16261.35
209.52	16365.86
209.59	16460.42
209.67	16567.45
209.74	16666.60
209.81	16774.23
209.89	16876.27
209.96	16992.72
210.03	17099.96
210.11	17217.72
210.18	17322.81
210.25	17436.24
210.33	17540.25
210.40	17653.83
210.47	17765.76
210.55	17883.72
210.62	17998.10
210.69	18117.89
210.77	18233.55
210.84	18351.26
210.91	18474.53
210.99	18594.95
211.06	18723.60
211.13	18846.65
211.21	18969.02
211.28	19082.25
211.35	19201.96
211.42	19319.44
211.50	19443.71
211.57	19567.75
211.64	19697.65
211.72	19824.77
211.79	19952.12
211.86	20075.31
211.94	20209.41
212.01	20333.09
212.08	20462.19
212.16	20582.86
212.23	20708.03
212.30	20831.10
212.38	20959.08
212.45	21089.03
212.52	21229.04
212.60	21363.71
212.67	21492.97
212.74	21627.65
212.82	21759.81
212.89	21889.50
212.96	22018.25
213.03	22147.52
213.11	22282.61
213.18	22413.00
213.25	22553.12
213.33	22699.41
213.40	22833.29
213.47	22968.28
213.55	23109.18
213.62	23239.64
213.69	23372.79
213.77	23521.15
213.84	23666.30
213.91	23820.85
213.98	23970.42
214.06	24117.70
214.13	24270.60
214.20	24415.78
214.28	24554.12
214.35	24698.78
214.42	24840.12
214.50	24973.89
214.57	25114.50
214.64	25251.70
214.72	25394.96
214.79	25535.28
214.86	25678.61
214.93	25822.95
215.01	25970.55
215.08	26111.99
215.15	26265.08
215.23	26413.85
215.30	26565.53
215.37	26712.47
215.44	26864.14
215.52	27014.45
215.59	27165.39
215.66	27303.51
215.74	27445.86
215.81	27581.23
215.88	27724.55
215.95	27864.48
216.03	28016.25
216.10	28172.85
216.17	28329.00
216.25	28477.95
216.32	28632.38
216.39	28788.88
216.46	28938.82
216.54	29087.11
216.61	29242.42
216.68	29388.51
216.76	29529.20
216.83	29675.92
216.90	29831.37
216.97	29985.06
217.05	30143.82
217.12	30294.16
217.19	30447.03
217.27	30586.66
217.34	30714.36
217.41	30840.34
217.48	30972.87
217.56	31104.44
217.63	31250.78
217.70	31406.43
217.78	31566.19
217.85	31730.78
217.92	31883.19
217.99	32033.62
218.07	32177.09
218.14	32319.90
218.21	32470.25
218.28	32619.56
218.36	32769.08
218.43	32918.40
218.50	33069.53
218.57	33208.62
218.65	33351.37
218.72	33488.62
218.79	33623.81
218.87	33756.68
218.94	33891.03
219.01	34028.66
219.08	34164.44
219.16	34310.24
219.23	34457.02
219.30	34604.22
219.37	34747.86
219.45	34892.75
219.52	35023.70
219.59	35148.85
219.66	35272.72
219.74	35405.92
219.81	35549.66
219.88	35690.15
219.95	35842.09
220.03	35993.65
220.10	36128.04
220.17	36256.91
220.24	36395.73
220.32	36514.04
220.39	36628.96
220.46	36755.09
220.53	36883.88
220.61	37008.10
220.68	37140.38
220.75	37279.15
220.82	37420.71
220.90	37547.69
220.97	37672.68
221.04	37798.45
221.11	37907.44
221.19	38016.17
221.26	38132.67
221.33	38254.49
221.40	38386.13
221.48	38516.57
221.55	38637.91
221.62	38750.10
221.69	38866.12
221.77	38979.99
221.84	39105.71
221.91	39228.58
221.98	39355.99
222.06	39478.32
222.13	39595.24
222.20	39703.24
222.27	39817.38
222.35	39934.14
222.42	40047.04
222.49	40157.80
222.56	40273.44
222.63	40374.90
222.71	40481.52
222.78	40588.65
222.85	40693.15
222.92	40802.57
223.00	40915.27
223.07	41019.07
223.14	41127.27
223.21	41235.01
223.29	41335.33
223.36	41449.41
223.43	41564.92
223.50	41669.52
223.57	41777.26
223.65	41899.43
223.72	42003.96
223.79	42104.03
223.86	42197.31
223.94	42283.91
224.01	42365.21
224.08	42451.51
224.15	42538.54
224.22	42631.27
224.30	42719.33
224.37	42804.92
224.44	42899.58
224.51	42984.75
224.59	43062.76
224.66	43148.14
224.73	43234.28
224.80	43317.37
224.87	43407.02
224.95	43511.92
225.02	43615.82
225.09	43710.59
225.16	43803.15
225.23	43905.39
225.31	43992.03
225.38	44067.59
225.45	44153.17
225.52	44229.51
225.60	44300.75
225.67	44376.06
225.74	44454.16
225.81	44523.36
225.88	44600.15
225.96	44673.15
226.03	44740.85
226.10	44819.83
226.17	44898.57
226.24	44975.35
226.32	45046.59
226.39	45130.50
226.46	45193.94
226.53	45258.95
226.60	45331.33
226.68	45412.74
226.75	45490.06
226.82	45579.56
226.89	45661.08
226.96	45736.43
227.04	45789.08
227.11	45835.43
227.18	45883.20
227.25	45929.91
227.32	45976.49
227.40	46046.30
227.47	46115.15
227.54	46197.03
227.61	46272.17
227.68	46349.55
227.76	46417.01
227.83	46482.85
227.90	46537.66
227.97	46597.53
228.04	46652.16
228.11	46699.88
228.19	46746.82
228.26	46794.34
228.33	46841.04
228.40	46880.15
228.47	46936.60
228.55	46997.43
228.62	47046.59
228.69	47107.01
228.76	47168.42
228.83	47219.84
228.90	47271.21
228.98	47331.31
229.05	47385.78
229.12	47454.67
229.19	47518.13
229.26	47573.16
229.34	47619.26
229.41	47664.90
229.48	47697.65
229.55	47734.14
229.62	47785.40
229.69	47848.04
229.77	47905.74
229.84	47961.71
229.91	48010.67
229.98	48050.44
230.05	48080.30
230.12	48111.30
230.20	48154.17
230.27	48198.77
230.34	48241.77
230.41	48297.37
230.48	48350.65
230.55	48395.96
230.63	48449.81
230.70	48508.01
230.77	48541.99
230.84	48578.55
230.91	48607.34
230.98	48633.34
231.06	48663.07
231.13	48713.39
231.20	48765.51
231.27	48822.33
231.34	48877.64
231.41	48932.72
231.49	48974.41
231.56	49015.92
231.63	49058.26
231.70	49096.16
231.77	49127.60
231.84	49154.59
231.92	49178.51
231.99	49200.27
232.06	49230.30
232.13	49264.64
232.20	49304.45
232.27	49343.95
232.34	49373.71
232.42	49393.70
232.49	49409.28
232.56	49432.95
232.63	49457.09
232.70	49489.16
232.77	49536.63
232.85	49577.80
232.92	49614.71
232.99	49645.13
233.06	49670.98
233.13	49683.20
233.20	49691.39
233.27	49691.27
233.35	49690.93
233.42	49696.79
233.49	49704.33
233.56	49728.42
233.63	49758.37
233.70	49791.32
233.77	49822.50
233.85	49856.60
233.92	49898.67
233.99	49926.90
234.06	49956.48
234.13	49977.12
234.20	49998.95
234.27	50001.56
234.35	50011.41
234.42	50014.19
234.49	50028.24
234.56	50038.87
234.63	50041.23
234.70	50044.54
234.77	50050.57
234.84	50056.94
234.92	50055.26
234.99	50060.61
235.06	50068.64
235.13	50073.21
235.20	50069.79
235.27	50073.34
235.34	50073.24
235.41	50080.72
235.49	50086.82
235.56	50095.61
235.63	50094.16
235.70	50102.48
235.77	50100.53
235.84	50101.50
235.91	50097.23
235.98	50088.73
236.06	50069.70
236.13	50053.94
236.20	50042.89
236.27	50017.70
236.34	50000.68
236.41	49982.33
236.48	49963.01
236.55	49943.31
236.63	49932.46
236.70	49925.93
236.77	49928.62
236.84	49935.07
236.91	49941.02
236.98	49944.61
237.05	49949.20
237.12	49929.76
237.19	49911.89
237.27	49906.20
237.34	49903.89
237.41	49893.11
237.48	49889.86
237.55	49878.60
237.62	49851.77
237.69	49837.87
237.76	49833.21
237.83	49841.72
237.91	49845.21
237.98	49848.63
238.05	49831.24
238.12	49814.93
238.19	49796.04
238.26	49788.95
238.33	49772.93
238.40	49763.56
238.47	49747.85
238.54	49728.30
238.62	49706.60
238.69	49693.54
238.76	49684.88
238.83	49679.35
238.90	49677.31
238.97	49664.11
239.04	49652.38
239.11	49649.14
239.18	49639.60
239.25	49625.75
239.33	49605.88
239.40	49585.75
239.47	49558.30
239.54	49526.16
239.61	49494.01
239.68	49459.15
239.75	49434.28
239.82	49411.63
239.89	49393.82
239.96	49396.64
240.03	49405.33
240.11	49403.96
240.18	49393.97
240.25	49385.11
240.32	49360.78
240.39	49345.25
240.46	49330.94
240.53	49329.51
240.60	49323.94
240.67	49319.28
240.74	49314.57
240.81	49311.22
240.88	49300.01
240.96	49286.92
241.03	49279.77
241.10	49278.31
241.17	49269.20
241.24	49262.29
241.31	49269.47
241.38	49251.03
241.45	49222.88
241.52	49212.92
241.59	49192.70
241.66	49168.60
241.73	49165.37
241.80	49162.22
241.88	49145.23
241.95	49131.20
242.02	49106.88
242.09	49079.35
242.16	49054.25
242.23	49039.68
242.30	49030.46
242.37	49028.16
242.44	49036.13
242.51	49036.33
242.58	49031.93
242.65	49033.21
242.72	49039.35
242.79	49025.76
242.87	49027.82
242.94	49020.41
243.01	49012.45
243.08	49006.51
243.15	49006.76
243.22	49000.07
243.29	49008.14
243.36	49013.70
243.43	49024.28
243.50	49045.79
243.57	49072.14
243.64	49073.90
243.71	49079.13
243.78	49071.86
243.85	49054.41
243.92	49032.71
243.99	49032.16
244.07	49027.07
244.14	49021.16
244.21	49018.10
244.28	49018.07
244.35	49011.26
244.42	49003.65
244.49	49002.54
244.56	49003.41
244.63	49005.00
244.70	49003.92
244.77	49002.46
244.84	49007.05
244.91	49019.28
244.98	49035.72
245.05	49063.43
245.12	49097.94
245.19	49119.80
245.26	49133.00
245.33	49149.92
245.40	49176.11
245.47	49207.57
245.55	49239.01
245.62	49262.60
245.69	49271.14
245.76	49269.30
245.83	49259.93
245.90	49254.26
245.97	49259.62
246.04	49281.58
246.11	49297.32
246.18	49311.28
246.25	49312.36
246.32	49314.51
246.39	49314.97
246.46	49318.14
246.53	49328.21
246.60	49351.51
246.67	49378.00
246.74	49398.67
246.81	49423.71
246.88	49449.84
246.95	49469.41
247.02	49492.65
247.09	49515.11
247.16	49524.80
247.23	49519.75
247.30	49519.04
247.37	49511.11
247.44	49521.75
247.51	49543.51
247.58	49582.62
247.66	49624.70
247.73	49670.91
247.80	49698.22
247.87	49725.06
247.94	49754.58
248.01	49791.95
248.08	49820.41
248.15	49855.84
248.22	49885.15
248.29	49911.26
248.36	49930.70
248.43	49955.52
248.50	49978.45
248.57	50001.38
248.64	50015.79
248.71	50032.46
248.78	50063.86
248.85	50082.31
248.92	50109.67
248.99	50142.33
249.06	50169.29
249.13	50174.95
249.20	50198.41
249.27	50217.38
249.34	50232.44
249.41	50241.40
249.48	50245.30
249.55	50240.25
249.62	50251.19
249.69	50264.98
249.76	50302.25
249.83	50357.08
249.90	50414.78
249.97	50453.76
250.04	50499.73
250.11	50541.03
250.18	50567.25
250.25	50593.65
250.32	50617.21
250.39	50643.09
250.46	50658.65
250.53	50687.63
250.60	50712.43
250.67	50744.32
250.74	50765.51
250.81	50784.77
250.88	50803.52
250.95	50813.39
251.02	50834.20
251.09	50856.22
251.16	50883.73
251.23	50899.73
251.30	50929.16
251.37	50942.35
251.44	50952.75
251.51	50972.32
251.58	50998.57
251.65	51018.37
251.72	51033.54
251.79	51056.38
251.86	51073.58
251.93	51089.50
252.00	51094.93
252.07	51118.20
252.14	51137.59
252.21	51142.08
252.28	51150.82
252.35	51171.48
252.42	51190.57
252.49	51205.80
252.56	51221.54
252.63	51236.60
252.70	51249.45
252.77	51258.96
252.84	51273.91
252.91	51298.73
252.98	51327.00
253.05	51351.09
253.12	51363.39
253.19	51374.84
253.25	51386.27
253.32	51389.45
253.39	51416.00
253.46	51446.94
253.53	51479.91
253.60	51495.18
253.67	51512.82
253.74	51519.75
253.81	51535.89
253.88	51544.79
253.95	51567.91
254.02	51592.50
254.09	51617.06
254.16	51630.75
254.23	51641.70
254.30	51655.22
254.37	51667.98
254.44	51678.35
254.51	51687.32
254.58	51697.48
254.65	51702.70
254.72	51706.00
254.79	51698.93
254.86	51708.53
254.93	51709.78
255.00	51715.58
255.07	51726.21
255.14	51744.51
255.21	51740.15
255.28	51738.79
255.34	51730.82
255.41	51720.69
255.48	51711.54
255.55	51713.98
255.62	51725.22
255.69	51740.38
255.76	51749.07
255.83	51763.30
255.90	51777.65
255.97	51792.92
256.04	51793.15
256.11	51803.95
256.18	51794.78
256.25	51788.60
256.32	51779.79
256.39	51785.44
256.46	51786.47
256.53	51794.08
256.60	51799.80
256.67	51805.91
256.74	51805.22
256.80	51808.29
256.87	51814.15
256.94	51810.95
257.01	51813.89
257.08	51822.63
257.15	51814.55
257.22	51806.70
257.29	51788.74
257.36	51767.22
257.43	51746.19
257.50	51745.38
257.57	51731.68
257.64	51737.01
257.71	51726.88
257.78	51718.89
257.85	51691.75
257.92	51685.84
257.98	51669.82
258.05	51665.49
258.12	51645.31
258.19	51634.93
258.26	51614.22
258.33	51600.67
258.40	51595.30
258.47	51594.37
258.54	51597.79
258.61	51602.57
258.68	51601.71
258.75	51584.21
258.82	51581.61
258.89	51558.16
258.95	51542.36
259.02	51532.51
259.09	51518.38
259.16	51498.37
259.23	51480.96
259.30	51450.95
259.37	51425.33
259.44	51407.57
259.51	51390.94
259.58	51387.40
259.65	51379.89
259.72	51362.80
259.79	51336.25
259.85	51302.43
259.92	51265.20
259.99	51240.05
260.06	51214.60
260.13	51190.59
260.20	51163.48
260.27	51130.82
260.34	51090.68
260.41	51063.63
260.48	51042.05
260.55	51027.31
260.62	51016.43
260.68	51008.09
260.75	50985.45
260.82	50965.24
260.89	50946.09
260.96	50924.25
261.03	50899.39
261.10	50864.86
261.17	50839.58
261.24	50804.50
261.31	50773.40
261.38	50744.17
261.44	50720.75
261.51	50675.31
261.58	50637.66
261.65	50603.11
261.72	50563.84
261.79	50529.79
261.86	50507.36
261.93	50484.30
262.00	50455.31
262.07	50423.84
262.13	50396.81
262.20	50362.44
262.27	50321.24
262.34	50287.09
262.41	50255.33
262.48	50215.75
262.55	50184.41
262.62	50159.33
262.69	50121.92
262.76	50086.30
262.82	50055.72
262.89	50030.14
262.96	49999.72
263.03	49975.81
263.10	49945.44
263.17	49911.02
263.24	49873.45
263.31	49841.32
263.38	49798.75
263.44	49767.87
263.51	49723.06
263.58	49676.51
263.65	49633.31
263.72	49592.45
263.79	49549.77
263.86	49521.09
263.93	49483.60
264.00	49443.58
264.06	49411.77
264.13	49374.30
264.20	49342.14
264.27	49297.60
264.34	49252.98
264.41	49212.80
264.48	49171.54
264.55	49113.76
264.61	49073.89
264.68	49035.96
264.75	48984.41
264.82	48928.15
264.89	48887.13
264.96	48859.12
265.03	48813.18
265.10	48781.41
265.16	48749.21
265.23	48717.88
265.30	48683.75
265.37	48655.81
265.44	48612.26
265.51	48570.82
265.58	48531.97
265.65	48471.45
265.71	48423.60
265.78	48387.28
265.85	48353.90
265.92	48306.20
265.99	48269.32
266.06	48230.85
266.13	48177.94
266.20	48135.77
266.26	48096.92
266.33	48054.96
266.40	48005.30
266.47	47961.52
266.54	47893.25
266.61	47831.15
266.68	47772.43
266.74	47711.65
266.81	47654.31
266.88	47614.04
266.95	47562.71
267.02	47524.03
267.09	47484.59
267.16	47442.70
267.22	47400.46
267.29	47370.47
267.36	47324.89
267.43	47287.13
267.50	47254.97
267.57	47225.74
267.64	47193.46
267.70	47162.33
267.77	47120.03
267.84	47076.58
267.91	47026.69
267.98	46966.74
268.05	46917.25
268.11	46872.26
268.18	46817.99
268.25	46771.62
268.32	46731.65
268.39	46681.46
268.46	46639.57
268.53	46605.00
268.59	46568.12
268.66	46529.97
268.73	46498.86
268.80	46454.38
268.87	46406.71
268.94	46361.54
269.00	46318.64
269.07	46276.41
269.14	46249.74
269.21	46221.19
269.28	46179.11
269.35	46139.60
269.41	46096.64
269.48	46047.59
269.55	45992.66
269.62	45952.71
269.69	45908.01
269.76	45857.88
269.82	45812.36
269.89	45786.13
269.96	45754.20
270.03	45723.73
270.10	45694.95
270.17	45652.85
270.23	45614.51
270.30	45572.54
270.37	45540.11
270.44	45513.77
270.51	45486.32
270.58	45450.73
270.64	45420.72
270.71	45379.11
270.78	45337.27
270.85	45300.74
270.92	45263.93
270.99	45222.96
271.05	45192.25
271.12	45157.83
271.19	45114.70
271.26	45064.03
271.33	45019.40
271.39	44979.90
271.46	44931.40
271.53	44905.74
271.60	44889.57
271.67	44869.22
271.74	44836.75
271.80	44810.67
271.87	44783.05
271.94	44753.54
272.01	44717.72
272.08	44689.52
272.14	44657.11
272.21	44625.05
272.28	44598.67
272.35	44577.59
272.42	44550.69
272.48	44533.38
272.55	44511.99
272.62	44484.29
272.69	44462.34
272.76	44446.22
272.83	44424.19
272.89	44395.35
272.96	44361.11
273.03	44329.29
273.10	44295.04
273.17	44263.50
273.23	44234.14
273.30	44215.85
273.37	44195.86
273.44	44171.27
273.51	44152.05
273.57	44135.25
273.64	44108.13
273.71	44082.48
273.78	44058.77
273.85	44038.35
273.91	44010.97
273.98	43999.29
274.05	43977.37
274.12	43958.17
274.19	43935.06
274.25	43914.74
274.32	43880.07
274.39	43846.25
274.46	43804.42
274.53	43756.58
274.59	43706.84
274.66	43676.28
274.73	43655.87
274.80	43635.75
274.86	43615.93
274.93	43596.78
275.00	43557.98
275.07	43509.43
275.14	43479.55
275.20	43443.67
275.27	43427.97
275.34	43410.06
275.41	43403.95
275.48	43383.47
275.54	43366.79
275.61	43335.58
275.68	43313.90
275.75	43281.98
275.81	43253.79
275.88	43230.65
275.95	43208.72
276.02	43183.82
276.09	43159.60
276.15	43129.92
276.22	43101.76
276.29	43079.78
276.36	43051.36
276.42	43025.20
276.49	42999.72
276.56	42977.55
276.63	42948.34
276.70	42927.52
276.76	42908.18
276.83	42894.47
276.90	42870.76
276.97	42846.88
277.03	42830.45
277.10	42812.00
277.17	42792.71
277.24	42785.38
277.30	42776.03
277.37	42755.64
277.44	42740.30
277.51	42724.28
277.58	42691.00
277.64	42668.84
277.71	42651.99
277.78	42627.10
277.85	42594.25
277.91	42567.99
277.98	42536.14
278.05	42507.05
278.12	42488.35
278.18	42468.22
278.25	42450.84
278.32	42434.43
278.39	42418.27
278.45	42395.71
278.52	42380.00
278.59	42366.78
278.66	42347.47
278.72	42325.88
278.79	42305.81
278.86	42286.25
278.93	42273.78
278.99	42261.50
279.06	42238.49
279.13	42210.93
279.20	42192.41
279.26	42166.13
279.33	42141.15
279.40	42119.11
279.47	42098.45
279.53	42070.21
279.60	42045.31
279.67	42011.33
279.74	41983.62
279.80	41966.03
279.87	41956.27
279.94	41937.10
280.01	41933.39
280.07	41923.15
280.14	41904.98
280.21	41875.85
280.28	41849.78
280.34	41813.09
280.41	41788.42
280.48	41761.99
280.55	41734.34
280.61	41712.11
280.68	41697.66
280.75	41661.51
280.82	41628.87
280.88	41592.66
280.95	41541.05
281.02	41479.41
281.08	41414.85
281.15	41343.26
281.22	41279.13
281.29	41223.84
281.35	41167.67
281.42	41132.75
281.49	41099.33
281.56	41065.61
281.62	41032.34
281.69	40999.37
281.76	40961.96
281.82	40927.57
281.89	40899.25
281.96	40877.47
282.03	40857.80
282.09	40834.85
282.16	40812.32
282.23	40781.35
282.30	40752.95
282.36	40723.94
282.43	40706.19
282.50	40687.07
282.56	40659.98
282.63	40637.43
282.70	40623.75
282.77	40605.52
282.83	40587.41
282.90	40583.83
282.97	40560.65
283.03	40537.40
283.10	40507.79
283.17	40483.47
283.24	40452.80
283.30	40429.14
283.37	40406.84
283.44	40381.63
283.50	40351.58
283.57	40333.69
283.64	40302.75
283.71	40259.17
283.77	40218.35
283.84	40186.61
283.91	40138.55
283.97	40116.06
284.04	40124.59
284.11	40135.38
284.18	40140.23
284.24	40160.24
284.31	40170.63
284.38	40158.89
284.44	40144.48
284.51	40128.51
284.58	40107.68
284.64	40089.66
284.71	40077.35
284.78	40068.01
284.85	40058.41
284.91	40045.34
284.98	40028.47
285.05	40001.88
285.11	39980.27
285.18	39961.27
285.25	39941.47
285.31	39937.39
285.38	39938.00
285.45	39941.27
285.52	39943.33
285.58	39939.80
285.65	39917.60
285.72	39896.05
285.78	39869.47
285.85	39851.04
285.92	39836.95
285.98	39822.67
286.05	39812.42
286.12	39800.15
286.18	39785.80
286.25	39776.82
286.32	39774.36
286.39	39774.98
286.45	39775.60
286.52	39764.08
286.59	39749.67
286.65	39739.37
286.72	39728.37
286.79	39717.75
286.85	39710.92
286.92	39698.48
286.99	39690.52
287.05	39672.13
287.12	39665.14
287.19	39660.41
287.25	39660.30
287.32	39656.70
287.39	39661.81
287.45	39654.78
287.52	39651.97
287.59	39655.28
287.65	39655.73
287.72	39643.43
287.79	39632.28
287.86	39622.48
287.92	39613.91
287.99	39594.81
288.06	39588.14
288.12	39578.28
288.19	39569.63
288.26	39553.98
288.32	39550.00
288.39	39543.84
288.46	39546.56
288.52	39545.95
288.59	39555.07
288.66	39558.01
288.72	39561.56
288.79	39562.40
288.86	39566.28
288.92	39557.67
288.99	39551.20
289.06	39547.11
289.12	39543.96
289.19	39543.95
289.26	39544.68
289.32	39552.71
289.39	39554.59
289.45	39559.08
289.52	39545.06
289.59	39545.90
289.65	39549.80
289.72	39555.46
289.79	39572.28
289.85	39592.05
289.92	39600.25
289.99	39597.12
290.05	39593.17
290.12	39573.30
290.19	39567.34
290.25	39560.27
290.32	39559.58
290.39	39567.72
290.45	39579.45
290.52	39582.81
290.59	39594.85
290.65	39605.77
290.72	39602.39
290.79	39599.23
290.85	39604.07
290.92	39614.85
290.98	39616.95
291.05	39628.94
291.12	39636.44
291.18	39645.37
291.25	39643.11
291.32	39645.24
291.38	39641.55
291.45	39642.46
291.52	39640.41
291.58	39642.53
291.65	39652.40
291.72	39670.14
291.78	39696.08
291.85	39710.49
291.91	39724.24
291.98	39745.49
292.05	39754.34
292.11	39754.33
292.18	39770.15
292.25	39775.66
292.31	39763.65
292.38	39768.67
292.45	39771.82
292.51	39773.03
292.58	39783.79
292.64	39802.75
292.71	39809.25
292.78	39823.47
292.84	39826.49
292.91	39832.13
292.98	39840.68
293.04	39848.49
293.11	39851.37
293.17	39859.38
293.24	39870.67
293.31	39883.53
293.37	39897.70
293.44	39909.20
293.51	39927.45
293.57	39937.47
293.64	39946.86
293.70	39960.35
293.77	39977.30
293.84	39990.85
293.90	39993.72
293.97	39999.91
294.04	40006.11
294.10	40013.20
294.17	40023.59
294.23	40045.41
294.30	40051.71
294.37	40062.50
294.43	40076.91
294.50	40084.87
294.56	40094.83
294.63	40110.98
294.70	40129.98
294.76	40138.97
294.83	40150.66
294.90	40165.96
294.96	40181.09
295.03	40186.97
295.09	40204.94
295.16	40227.15
295.23	40232.41
295.29	40242.87
295.36	40251.60
295.42	40254.81
295.49	40257.44
295.56	40277.92
295.62	40297.94
295.69	40312.36
295.75	40331.64
295.82	40349.08
295.89	40356.02
295.95	40357.27
296.02	40368.99
296.08	40376.09
296.15	40378.75
296.22	40395.59
296.28	40416.01
296.35	40441.50
296.41	40457.74
296.48	40473.46
296.55	40488.48
296.61	40498.75
296.68	40505.37
296.74	40528.22
296.81	40558.20
296.88	40577.95
296.94	40597.07
297.01	40622.12
297.07	40635.11
297.14	40639.57
297.20	40647.98
297.27	40667.29
297.34	40686.23
297.40	40706.45
297.47	40734.30
297.53	40758.04
297.60	40776.05
297.67	40786.05
297.73	40800.86
297.80	40806.78
297.86	40811.38
297.93	40814.85
298.00	40830.14
298.06	40840.29
298.13	40859.55
298.19	40876.98
298.26	40903.62
298.32	40927.65
298.39	40940.09
298.46	40947.93
298.52	40964.64
298.59	40969.24
298.65	40972.83
298.72	40992.44
298.78	41012.31
298.85	41026.43
298.92	41039.45
298.98	41049.77
299.05	41056.53
299.11	41071.54
299.18	41077.58
299.24	41096.80
299.31	41108.25
299.38	41120.88
299.44	41123.23
299.51	41138.54
299.57	41149.70
299.64	41160.89
299.70	41177.42
299.77	41185.54
299.84	41193.15
299.90	41194.82
299.97	41190.35
300.03	41191.81
300.10	41215.31
300.16	41234.47
300.23	41253.65
300.30	41279.97
300.36	41287.48
300.43	41294.67
300.49	41302.57
300.56	41313.02
300.62	41327.74
300.69	41351.78
300.75	41365.26
300.82	41378.54
300.89	41385.73
300.95	41393.31
301.02	41391.93
301.08	41388.57
301.15	41387.13
301.21	41383.21
301.28	41385.48
301.34	41390.11
301.41	41399.76
301.48	41400.40
301.54	41398.65
301.61	41391.47
301.67	41388.36
301.74	41387.55
301.80	41387.92
301.87	41390.99
301.93	41389.46
302.00	41387.84
302.06	41371.08
302.13	41358.98
302.20	41355.85
302.26	41350.40
302.33	41344.30
302.39	41347.40
302.46	41352.06
302.52	41344.15
302.59	41341.36
302.65	41337.92
302.72	41332.19
302.78	41325.84
302.85	41326.68
302.91	41321.32
302.98	41316.01
303.05	41308.71
303.11	41299.85
303.18	41278.40
303.24	41271.10
303.31	41254.21
303.37	41232.36
303.44	41221.87
303.50	41220.85
303.57	41198.70
303.63	41184.53
303.70	41175.81
303.76	41151.95
303.83	41136.34
303.89	41127.42
303.96	41118.35
304.03	41109.88
304.09	41099.80
304.16	41078.07
304.22	41047.49
304.29	41024.49
304.35	40994.99
304.42	40977.02
304.48	40954.79
304.55	40943.51
304.61	40921.86
304.68	40909.28
304.74	40886.17
304.81	40871.98
304.87	40837.39
304.94	40810.32
305.00	40780.30
305.07	40744.37
305.13	40703.30
305.20	40678.71
305.26	40656.15
305.33	40634.55
305.39	40617.96
305.46	40584.29
305.52	40562.33
305.59	40534.32
305.66	40497.45
305.72	40459.72
305.79	40436.22
305.85	40403.73
305.92	40348.77
305.98	40237.93
306.05	40027.36
306.11	39735.45
306.18	39452.24
306.24	39268.61
306.31	39237.32
306.37	39357.30
306.44	39590.55
306.50	39815.49
306.57	39957.82
306.63	40007.11
306.70	39997.48
306.76	39957.93
306.83	39911.55
306.89	39853.48
306.96	39802.03
307.02	39761.96
307.09	39722.55
307.15	39680.65
307.22	39651.45
307.28	39611.64
307.35	39565.58
307.41	39518.05
307.48	39471.87
307.54	39424.24
307.61	39376.55
307.67	39320.90
307.74	39268.81
307.80	39226.36
307.87	39179.65
307.93	39133.40
308.00	39096.17
308.06	39056.40
308.13	39004.43
308.19	38958.23
308.26	38914.82
308.32	38870.55
308.38	38831.24
308.45	38793.62
308.51	38752.83
308.58	38698.32
308.64	38634.49
308.71	38574.80
308.77	38523.30
308.84	38470.78
308.90	38440.23
308.97	38421.54
309.03	38399.15
309.10	38359.32
309.16	38312.66
309.23	38252.04
309.29	38186.22
309.36	38103.21
309.42	38029.22
309.49	37959.76
309.55	37888.89
309.62	37817.37
309.68	37765.34
309.75	37710.38
309.81	37652.55
309.88	37606.34
309.94	37553.12
310.00	37497.45
310.07	37441.67
310.13	37390.78
310.20	37326.35
310.26	37273.07
310.33	37214.26
310.39	37167.09
310.46	37116.35
310.52	37073.15
310.59	37022.01
310.65	36981.33
310.72	36918.89
310.78	36861.39
310.85	36795.68
310.91	36739.39
310.97	36676.23
311.04	36623.29
311.10	36559.34
311.17	36510.45
311.23	36460.47
311.30	36403.07
311.36	36353.19
311.43	36313.60
311.49	36257.40
311.56	36193.96
311.62	36132.30
311.69	36066.74
311.75	36004.43
311.81	35939.64
311.88	35882.19
311.94	35833.34
312.01	35790.15
312.07	35738.08
312.14	35691.83
312.20	35651.10
312.27	35600.10
312.33	35536.19
312.40	35464.01
312.46	35398.52
312.52	35327.70
312.59	35262.75
312.65	35194.41
312.72	35132.52
312.78	35070.28
312.85	35001.17
312.91	34923.95
312.98	34858.17
313.04	34806.22
313.10	34745.80
313.17	34686.56
313.23	34637.61
313.30	34582.61
313.36	34512.37
313.43	34443.69
313.49	34377.05
313.56	34305.44
313.62	34237.65
313.68	34170.86
313.75	34120.77
313.81	34065.76
313.88	34000.49
313.94	33938.43
314.01	33887.27
314.07	33826.48
314.13	33767.68
314.20	33715.57
314.26	33653.97
314.33	33582.33
314.39	33509.89
314.46	33431.72
314.52	33363.00
314.58	33292.81
314.65	33224.66
314.71	33159.45
314.78	33099.04
314.84	33034.87
314.91	32983.68
314.97	32925.31
315.03	32860.48
315.10	32799.52
315.16	32726.54
315.23	32653.67
315.29	32588.69
315.36	32525.72
315.42	32463.40
315.48	32402.83
315.55	32338.85
315.61	32270.63
315.68	32205.24
315.74	32139.89
315.81	32075.32
315.87	31999.14
315.93	31941.93
316.00	31896.72
316.06	31851.78
316.13	31822.17
316.19	31778.39
316.25	31680.32
316.32	31517.08
316.38	31300.97
316.45	31021.31
316.51	30708.35
316.58	30371.32
316.64	30016.71
316.70	29654.68
316.77	29267.83
316.83	28858.47
316.90	28432.76
316.96	27997.52
317.02	27539.70
317.09	27078.65
317.15	26608.79
317.22	26121.08
317.28	25619.12
317.34	25101.31
317.41	24572.66
317.47	24033.89
317.54	23494.78
317.60	22939.58
317.66	22381.82
317.73	21810.95
317.79	21239.90
317.86	20663.30
317.92	20088.20
317.98	19498.94
318.05	18903.69
318.11	18308.85
318.18	17720.68
318.24	17126.33
318.30	16539.07
318.37	15961.94
318.43	15372.92
318.50	14779.60
318.56	14199.54
318.62	13629.78
318.69	13062.96
318.75	12515.57
318.82	11971.65
318.88	11443.19
318.94	10923.22
319.01	10419.05
319.07	9928.29
319.13	9448.81
319.20	8978.81
319.26	8521.63
319.33	8076.77
319.39	7638.92
319.45	7231.58
319.52	6836.72
319.58	6454.98
319.65	6091.58
319.71	5745.13
319.77	5406.88
319.84	5091.08
319.90	4794.08
319.96	4507.45
320.03	4238.06
320.09	3987.90
320.16	3741.33
320.22	3516.55
320.28	3305.80
320.35	3110.16
320.41	2927.23
320.47	2762.50
320.54	2602.87
320.60	2461.97
320.67	2331.10
320.73	2209.38
320.79	2097.07
320.86	2000.18
320.92	1904.27
320.98	1821.60
321.05	1745.43
321.11	1672.95
321.18	1605.39
321.24	1548.34
321.30	1488.73
321.37	1438.36
321.43	1398.06
321.49	1357.82
321.56	1320.17
321.62	1289.92
321.68	1254.38
321.75	1221.74
321.81	1193.37
321.88	1165.46
321.94	1141.42
322.00	1120.37
322.07	1092.48
322.13	1064.33
322.19	1033.85
322.26	999.74
322.32	969.82
322.38	945.18
322.45	923.15
322.51	898.36
322.58	878.83
322.64	850.30
322.70	824.66
322.77	792.43
322.83	771.23
322.89	740.23
322.96	714.19
323.02	685.75
323.08	659.32
323.15	629.61
323.21	605.18
323.27	581.33
323.34	557.50
323.40	533.57
323.46	508.76
323.53	477.41
323.59	403.05
323.65	301.87
323.72	188.59
323.78	79.92
323.85	-18.39
323.91	-67.96
323.97	-85.87
324.04	-86.64
