180.21	3425.98
180.28	-125.26
180.36	631.66
180.44	-48.80
180.51	-18.48
180.59	4.68
180.66	31.59
180.74	29.66
180.81	29.47
180.89	31.63
180.97	32.81
181.04	30.84
181.12	29.57
181.19	30.22
181.27	30.48
181.34	45.75
181.42	52.51
181.50	60.04
181.57	70.91
181.65	76.21
181.72	71.10
181.80	66.80
181.87	66.77
181.95	67.18
182.03	67.72
182.10	70.90
182.18	73.60
182.25	80.56
182.33	82.67
182.40	92.40
182.48	91.60
182.55	105.99
182.63	114.76
182.71	122.37
182.78	130.73
182.86	144.83
182.93	145.75
183.01	144.91
183.08	140.55
183.16	139.04
183.23	130.85
183.31	137.88
183.39	145.32
183.46	165.41
183.54	175.37
183.61	201.29
183.69	221.70
183.76	253.63
183.84	279.98
183.91	308.45
183.99	349.25
184.06	379.93
184.14	411.38
184.22	455.29
184.29	489.37
184.37	500.23
184.44	517.65
184.52	506.77
184.59	451.45
184.67	397.78
184.74	348.38
184.82	314.66
184.89	310.65
184.97	353.38
185.04	422.62
185.12	491.65
185.20	570.27
185.27	644.35
185.35	730.91
185.42	789.66
185.50	851.28
185.57	905.93
185.65	948.57
185.72	987.01
185.80	1062.94
185.87	1120.06
185.95	1186.87
186.02	1300.13
186.10	1369.09
186.17	1395.26
186.25	1387.27
186.33	1248.30
186.40	1051.28
186.48	905.96
186.55	813.62
186.63	798.38
186.70	919.53
186.78	1083.68
186.85	1226.20
186.93	1349.73
187.00	1452.59
187.08	1566.65
187.15	1670.30
187.23	1792.69
187.30	1922.53
187.38	2033.52
187.45	2150.18
187.53	2284.76
187.60	2366.55
187.68	2466.31
187.75	2609.44
187.83	2683.05
187.90	2743.03
187.98	2852.87
188.05	2880.55
188.13	2741.57
188.21	2488.22
188.28	2221.32
188.36	1958.60
188.43	1767.94
188.51	1770.96
188.58	1958.41
188.66	2168.25
188.73	2369.83
188.81	2584.58
188.88	2747.00
188.96	2909.81
189.03	3046.20
189.11	3192.94
189.18	3326.01
189.26	3437.96
189.33	3550.47
189.41	3682.96
189.48	3764.30
189.56	3859.02
189.63	3990.77
189.71	4050.70
189.78	4109.82
189.86	4211.03
189.93	4260.08
190.01	4255.52
190.08	4234.70
190.16	4052.41
190.23	3687.80
190.31	3345.68
190.38	3100.58
190.46	2956.91
190.53	3000.79
190.61	3237.51
190.68	3491.82
190.76	3716.72
190.83	3911.41
190.91	4071.87
190.98	4243.24
191.06	4386.53
191.13	4534.74
191.21	4667.08
191.28	4780.47
191.35	4897.73
191.43	5017.40
191.50	5089.04
191.58	5177.98
191.65	5278.31
191.73	5317.62
191.80	5364.38
191.88	5412.28
191.95	5412.18
192.03	5416.45
192.10	5442.61
192.18	5458.13
192.25	5449.39
192.33	5349.11
192.40	5115.73
192.48	4861.49
192.55	4654.69
192.63	4518.10
192.70	4538.25
192.78	4716.66
192.85	4946.54
192.93	5152.73
193.00	5343.38
193.08	5495.74
193.15	5654.43
193.22	5767.54
193.30	5870.30
193.37	5969.57
193.45	6035.98
193.52	6089.50
193.60	6160.28
193.67	6211.42
193.75	6256.65
193.82	6323.50
193.90	6350.12
193.97	6375.36
194.05	6411.46
194.12	6433.26
194.20	6464.78
194.27	6518.48
194.34	6562.26
194.42	6595.97
194.49	6633.39
194.57	6657.29
194.64	6630.87
194.72	6540.88
194.79	6439.64
194.87	6353.36
194.94	6286.17
195.02	6277.78
195.09	6348.63
195.17	6454.54
195.24	6551.22
195.31	6652.90
195.39	6742.97
195.46	6832.33
195.54	6911.93
195.61	6982.04
195.69	7037.37
195.76	7088.05
195.84	7135.81
195.91	7167.48
195.99	7194.32
196.06	7214.02
196.13	7233.61
196.21	7245.99
196.28	7264.24
196.36	7287.46
196.43	7300.95
196.51	7310.60
196.58	7319.66
196.66	7328.79
196.73	7344.02
196.80	7374.07
196.88	7412.92
196.95	7460.45
197.03	7507.96
197.10	7531.15
197.18	7533.98
197.25	7531.90
197.33	7529.65
197.40	7535.10
197.47	7550.50
197.55	7589.55
197.62	7632.00
197.70	7663.81
197.77	7696.11
197.85	7730.58
197.92	7756.83
197.99	7771.61
198.07	7775.50
198.14	7761.11
198.22	7761.79
198.29	7771.25
198.37	7800.99
198.44	7851.48
198.51	7915.93
198.59	7972.01
198.66	8025.47
198.74	8067.84
198.81	8105.29
198.89	8136.64
198.96	8168.40
199.03	8192.63
199.11	8229.99
199.18	8254.37
199.26	8274.39
199.33	8299.02
199.41	8323.28
199.48	8324.30
199.55	8320.56
199.63	8304.78
199.70	8293.02
199.78	8279.60
199.85	8286.05
199.93	8319.69
200.00	8385.09
200.07	8447.13
200.15	8521.17
200.22	8590.47
200.30	8643.52
200.37	8690.16
200.44	8732.71
200.52	8772.31
200.59	8808.88
200.67	8842.67
200.74	8861.26
200.81	8876.20
200.89	8879.52
200.96	8890.74
201.04	8900.14
201.11	8917.55
201.19	8924.48
201.26	8933.10
201.33	8935.10
201.41	8953.39
201.48	8988.23
201.56	9043.41
201.63	9121.29
201.70	9196.46
201.78	9263.14
201.85	9327.17
201.93	9379.83
202.00	9421.10
202.07	9468.34
202.15	9512.57
202.22	9548.48
202.30	9591.64
202.37	9629.09
202.44	9663.06
202.52	9698.50
202.59	9728.80
202.67	9750.70
202.74	9781.04
202.81	9802.61
202.89	9817.00
202.96	9836.13
203.04	9871.53
203.11	9907.53
203.18	9970.07
203.26	10046.56
203.33	10124.24
203.41	10191.54
203.48	10257.13
203.55	10304.14
203.63	10353.70
203.70	10406.31
203.77	10457.46
203.85	10507.91
203.92	10559.54
204.00	10614.01
204.07	10660.57
204.14	10711.80
204.22	10757.31
204.29	10807.32
204.37	10844.20
204.44	10885.44
204.51	10928.20
204.59	10975.55
204.66	11015.38
204.73	11068.70
204.81	11128.56
204.88	11197.04
204.96	11271.40
205.03	11351.25
205.10	11425.85
205.18	11495.65
205.25	11554.80
205.32	11620.43
205.40	11684.13
205.47	11745.81
205.55	11808.97
205.62	11876.98
205.69	11938.96
205.77	12001.15
205.84	12072.90
205.91	12141.77
205.99	12210.46
206.06	12271.70
206.14	12337.53
206.21	12406.60
206.28	12469.31
206.36	12536.94
206.43	12602.23
206.50	12676.25
206.58	12744.39
206.65	12822.73
206.72	12905.52
206.80	12995.75
206.87	13079.73
206.95	13167.86
207.02	13261.08
207.09	13340.61
207.17	13424.48
207.24	13506.67
207.31	13588.54
207.39	13667.90
207.46	13754.26
207.53	13829.26
207.61	13913.60
207.68	13990.48
207.75	14073.10
207.83	14158.48
207.90	14248.75
207.98	14326.74
208.05	14413.00
208.12	14491.67
208.20	14575.40
208.27	14670.02
208.34	14773.05
208.42	14866.64
208.49	14965.87
208.56	15059.14
208.64	15152.73
208.71	15240.27
208.78	15333.97
208.86	15438.55
208.93	15540.91
209.00	15642.30
209.08	15745.67
209.15	15854.10
209.22	15951.07
209.30	16052.23
209.37	16153.84
209.44	16257.74
209.52	16361.06
209.59	16461.97
209.67	16567.61
209.74	16665.13
209.81	16774.45
209.89	16876.50
209.96	16989.78
210.03	17099.71
210.11	17216.08
210.18	17324.78
210.25	17437.49
210.33	17548.10
210.40	17655.05
210.47	17768.33
210.55	17884.67
210.62	18002.35
210.69	18111.31
210.77	18231.40
210.84	18348.33
210.91	18479.25
210.99	18599.02
211.06	18720.74
211.13	18847.07
211.21	18972.86
211.28	19079.35
211.35	19200.30
211.42	19329.19
211.50	19448.31
211.57	19568.27
211.64	19689.44
211.72	19810.57
211.79	19934.05
211.86	20060.46
211.94	20194.01
212.01	20321.26
212.08	20454.83
212.16	20579.40
212.23	20706.04
212.30	20829.39
212.38	20963.05
212.45	21099.71
212.52	21237.14
212.60	21369.70
212.67	21505.76
212.74	21641.62
212.82	21770.00
212.89	21907.41
212.96	22040.40
213.03	22173.26
213.11	22307.68
213.18	22439.75
213.25	22570.40
213.33	22706.04
213.40	22833.22
213.47	22965.36
213.55	23102.63
213.62	23235.34
213.69	23372.59
213.77	23513.88
213.84	23657.50
213.91	23807.06
213.98	23958.64
214.06	24107.95
214.13	24261.99
214.20	24411.99
214.28	24558.57
214.35	24696.75
214.42	24838.12
214.50	24976.75
214.57	25114.33
214.64	25248.66
214.72	25393.27
214.79	25534.90
214.86	25674.25
214.93	25816.39
215.01	25967.08
215.08	26109.86
215.15	26261.32
215.23	26410.10
215.30	26566.34
215.37	26713.45
215.44	26870.53
215.52	27018.82
215.59	27168.90
215.66	27304.83
215.74	27445.51
215.81	27579.75
215.88	27730.49
215.95	27870.87
216.03	28022.38
216.10	28175.72
216.17	28325.15
216.25	28466.43
216.32	28627.27
216.39	28779.83
216.46	28934.26
216.54	29087.02
216.61	29239.55
216.68	29379.20
216.76	29520.92
216.83	29659.95
216.90	29812.65
216.97	29965.06
217.05	30127.54
217.12	30290.28
217.19	30436.35
217.27	30577.68
217.34	30709.16
217.41	30840.15
217.48	30961.38
217.56	31101.90
217.63	31247.80
217.70	31404.84
217.78	31558.81
217.85	31722.98
217.92	31879.60
217.99	32033.85
218.07	32178.25
218.14	32319.76
218.21	32463.72
218.28	32610.93
218.36	32754.35
218.43	32899.59
218.50	33059.38
218.57	33206.21
218.65	33346.59
218.72	33486.52
218.79	33623.97
218.87	33753.91
218.94	33891.73
219.01	34035.21
219.08	34172.92
219.16	34315.62
219.23	34455.36
219.30	34597.99
219.37	34737.02
219.45	34883.38
219.52	35028.41
219.59	35161.30
219.66	35284.24
219.74	35413.95
219.81	35560.89
219.88	35695.08
219.95	35839.81
220.03	35996.45
220.10	36139.54
220.17	36269.54
220.24	36405.22
220.32	36539.41
220.39	36655.81
220.46	36777.74
220.53	36899.84
220.61	37021.45
220.68	37141.64
220.75	37274.15
220.82	37411.44
220.90	37535.84
220.97	37662.35
221.04	37783.22
221.11	37896.11
221.19	38011.00
221.26	38132.34
221.33	38258.83
221.40	38389.94
221.48	38523.03
221.55	38648.16
221.62	38766.65
221.69	38880.76
221.77	38999.04
221.84	39117.66
221.91	39232.15
221.98	39356.36
222.06	39477.36
222.13	39596.37
222.20	39708.52
222.27	39821.78
222.35	39934.88
222.42	40052.36
222.49	40157.52
222.56	40268.97
222.63	40384.07
222.71	40492.88
222.78	40594.30
222.85	40705.25
222.92	40819.43
223.00	40926.95
223.07	41029.93
223.14	41133.20
223.21	41229.87
223.29	41325.23
223.36	41430.26
223.43	41541.21
223.50	41653.27
223.57	41772.44
223.65	41894.22
223.72	42002.13
223.79	42106.34
223.86	42196.67
223.94	42276.87
224.01	42354.06
224.08	42432.71
224.15	42507.83
224.22	42610.55
224.30	42710.05
224.37	42802.39
224.44	42900.88
224.51	42998.06
224.59	43070.15
224.66	43148.57
224.73	43234.14
224.80	43318.84
224.87	43402.56
224.95	43510.22
225.02	43617.64
225.09	43722.24
225.16	43817.35
225.23	43917.37
225.31	43999.27
225.38	44075.22
225.45	44147.30
225.52	44231.62
225.60	44307.17
225.67	44383.27
225.74	44458.32
225.81	44531.77
225.88	44599.81
225.96	44663.48
226.03	44731.16
226.10	44803.55
226.17	44887.22
226.24	44963.89
226.32	45049.75
226.39	45132.54
226.46	45203.30
226.53	45268.67
226.60	45345.80
226.68	45426.97
226.75	45505.31
226.82	45595.05
226.89	45675.68
226.96	45747.29
227.04	45795.06
227.11	45842.16
227.18	45885.02
227.25	45925.78
227.32	45966.91
227.40	46031.75
227.47	46105.43
227.54	46186.26
227.61	46262.49
227.68	46342.54
227.76	46417.78
227.83	46490.45
227.90	46551.01
227.97	46614.05
228.04	46674.72
228.11	46718.12
228.19	46749.51
228.26	46791.60
228.33	46838.89
228.40	46875.22
228.47	46927.53
228.55	46987.71
228.62	47042.40
228.69	47097.85
228.76	47161.02
228.83	47212.78
228.90	47266.25
228.98	47320.30
229.05	47387.91
229.12	47462.70
229.19	47533.23
229.26	47587.45
229.34	47636.05
229.41	47671.45
229.48	47697.44
229.55	47734.94
229.62	47785.65
229.69	47850.13
229.77	47909.07
229.84	47962.51
229.91	48015.22
229.98	48060.80
230.05	48089.19
230.12	48121.50
230.20	48168.34
230.27	48201.70
230.34	48241.59
230.41	48294.53
230.48	48343.97
230.55	48386.80
230.63	48443.28
230.70	48508.55
230.77	48551.37
230.84	48592.81
230.91	48621.72
230.98	48655.91
231.06	48677.79
231.13	48721.51
231.20	48770.12
231.27	48828.86
231.34	48882.87
231.41	48937.09
231.49	48976.93
231.56	49017.66
231.63	49052.86
231.70	49086.38
231.77	49115.41
231.84	49144.46
231.92	49173.63
231.99	49206.84
232.06	49235.56
232.13	49264.95
232.20	49303.50
232.27	49339.05
232.34	49364.42
232.42	49387.98
232.49	49417.48
232.56	49444.30
232.63	49473.25
232.70	49506.89
232.77	49550.55
232.85	49588.29
232.92	49623.32
232.99	49645.55
233.06	49665.00
233.13	49674.66
233.20	49683.90
233.27	49693.25
233.35	49705.78
233.42	49715.67
233.49	49735.49
233.56	49762.54
233.63	49786.07
233.70	49808.68
233.77	49840.69
233.85	49867.10
233.92	49898.68
233.99	49928.65
234.06	49955.15
234.13	49975.70
234.20	49992.00
234.27	49996.48
234.35	50003.20
234.42	50010.21
234.49	50021.88
234.56	50036.17
234.63	50041.31
234.70	50042.92
234.77	50050.57
234.84	50052.39
234.92	50050.61
234.99	50055.50
235.06	50058.15
235.13	50060.47
235.20	50067.54
235.27	50076.98
235.34	50083.19
235.41	50096.65
235.49	50101.69
235.56	50106.71
235.63	50104.36
235.70	50108.94
235.77	50105.74
235.84	50107.26
235.91	50105.06
235.98	50096.50
236.06	50075.81
236.13	50058.15
236.20	50044.96
236.27	50012.74
236.34	49994.36
236.41	49981.44
236.48	49974.86
236.55	49962.42
236.63	49963.58
236.70	49956.20
236.77	49957.15
236.84	49957.63
236.91	49954.76
236.98	49947.70
237.05	49951.34
237.12	49939.85
237.19	49922.60
237.27	49913.57
237.34	49915.78
237.41	49905.57
237.48	49892.50
237.55	49881.29
237.62	49865.01
237.69	49853.29
237.76	49850.44
237.83	49854.67
237.91	49856.95
237.98	49857.57
238.05	49841.46
238.12	49825.12
238.19	49806.67
238.26	49800.59
238.33	49779.88
238.40	49768.16
238.47	49747.85
238.54	49740.96
238.62	49717.47
238.69	49709.35
238.76	49695.35
238.83	49687.35
238.90	49672.20
238.97	49658.28
239.04	49644.56
239.11	49633.81
239.18	49626.13
239.25	49615.20
239.33	49595.17
239.40	49576.43
239.47	49555.62
239.54	49524.16
239.61	49486.58
239.68	49463.95
239.75	49446.24
239.82	49435.66
239.89	49421.59
239.96	49422.07
240.03	49421.67
240.11	49413.25
240.18	49396.02
240.25	49387.40
240.32	49369.07
240.39	49346.47
240.46	49332.49
240.53	49334.15
240.60	49333.52
240.67	49332.37
240.74	49332.54
240.81	49320.15
240.88	49303.19
240.96	49290.77
241.03	49280.48
241.10	49273.23
241.17	49273.38
241.24	49266.13
241.31	49261.29
241.38	49249.05
241.45	49232.26
241.52	49218.58
241.59	49207.74
241.66	49185.43
241.73	49174.34
241.80	49160.37
241.88	49143.73
241.95	49123.17
242.02	49105.58
242.09	49084.95
242.16	49067.80
242.23	49058.17
242.30	49051.01
242.37	49049.67
242.44	49051.19
242.51	49040.64
242.58	49036.08
242.65	49027.71
242.72	49018.66
242.79	49005.48
242.87	49012.78
242.94	49000.47
243.01	49005.46
243.08	49010.14
243.15	49015.13
243.22	49009.72
243.29	49020.69
243.36	49021.61
243.43	49029.09
243.50	49043.67
243.57	49062.00
243.64	49069.23
243.71	49074.03
243.78	49070.33
243.85	49060.16
243.92	49051.60
243.99	49049.85
244.07	49041.82
244.14	49032.03
244.21	49025.23
244.28	49020.54
244.35	49012.54
244.42	49018.61
244.49	49024.20
244.56	49039.63
244.63	49046.02
244.70	49045.07
244.77	49037.36
244.84	49049.29
244.91	49059.05
244.98	49071.00
245.05	49089.48
245.12	49113.37
245.19	49124.04
245.26	49129.89
245.33	49148.83
245.40	49177.78
245.47	49214.14
245.55	49237.97
245.62	49258.80
245.69	49261.30
245.76	49265.84
245.83	49254.66
245.90	49257.69
245.97	49260.61
246.04	49280.58
246.11	49290.24
246.18	49308.44
246.25	49319.40
246.32	49325.47
246.39	49324.72
246.46	49331.66
246.53	49341.25
246.60	49357.38
246.67	49379.62
246.74	49406.41
246.81	49428.46
246.88	49450.79
246.95	49477.86
247.02	49507.47
247.09	49526.54
247.16	49540.97
247.23	49536.11
247.30	49525.01
247.37	49515.56
247.44	49535.43
247.51	49553.39
247.58	49591.91
247.66	49633.81
247.73	49685.35
247.80	49708.94
247.87	49741.67
247.94	49775.37
248.01	49814.74
248.08	49837.58
248.15	49864.76
248.22	49893.52
248.29	49916.10
248.36	49931.89
248.43	49959.95
248.50	49989.19
248.57	50012.60
248.64	50025.80
248.71	50046.25
248.78	50068.96
248.85	50093.39
248.92	50124.27
248.99	50154.97
249.06	50184.52
249.13	50198.25
249.20	50220.59
249.27	50229.28
249.34	50246.45
249.41	50249.78
249.48	50247.77
249.55	50235.86
249.62	50247.53
249.69	50264.40
249.76	50299.14
249.83	50351.96
249.90	50410.32
249.97	50452.54
250.04	50500.92
250.11	50537.93
250.18	50564.79
250.25	50587.72
250.32	50606.96
250.39	50628.70
250.46	50651.63
250.53	50682.52
250.60	50716.57
250.67	50751.40
250.74	50776.12
250.81	50789.77
250.88	50802.05
250.95	50812.63
251.02	50833.45
251.09	50856.83
251.16	50895.10
251.23	50924.29
251.30	50947.60
251.37	50960.69
251.44	50970.16
251.51	50985.61
251.58	51011.41
251.65	51033.16
251.72	51052.15
251.79	51080.03
251.86	51097.45
251.93	51104.50
252.00	51116.22
252.07	51131.92
252.14	51134.44
252.21	51136.80
252.28	51155.75
252.35	51175.39
252.42	51206.07
252.49	51229.50
252.56	51252.06
252.63	51256.99
252.70	51259.87
252.77	51264.96
252.84	51284.41
252.91	51297.42
252.98	51330.69
253.05	51360.64
253.12	51374.03
253.19	51385.59
253.25	51405.70
253.32	51416.32
253.39	51440.58
253.46	51468.44
253.53	51495.67
253.60	51516.18
253.67	51533.29
253.74	51548.86
253.81	51565.01
253.88	51567.62
253.95	51582.49
254.02	51592.06
254.09	51605.32
254.16	51621.78
254.23	51641.85
254.30	51652.27
254.37	51672.72
254.44	51681.90
254.51	51689.96
254.58	51696.53
254.65	51709.69
254.72	51713.44
254.79	51715.78
254.86	51722.79
254.93	51728.99
255.00	51730.81
255.07	51731.43
255.14	51742.90
255.21	51734.27
255.28	51733.53
255.34	51726.59
255.41	51727.66
255.48	51724.19
255.55	51730.11
255.62	51742.49
255.69	51753.21
255.76	51760.98
255.83	51766.00
255.90	51780.65
255.97	51791.62
256.04	51797.91
256.11	51807.45
256.18	51806.27
256.25	51803.88
256.32	51799.59
256.39	51812.05
256.46	51815.40
256.53	51821.36
256.60	51829.48
256.67	51828.59
256.74	51821.45
256.80	51821.43
256.87	51824.71
256.94	51824.23
257.01	51829.04
257.08	51829.54
257.15	51809.90
257.22	51806.03
257.29	51786.03
257.36	51768.37
257.43	51751.56
257.50	51757.86
257.57	51742.40
257.64	51745.58
257.71	51733.50
257.78	51729.87
257.85	51704.85
257.92	51692.62
257.98	51673.53
258.05	51670.50
258.12	51645.54
258.19	51640.70
258.26	51628.89
258.33	51619.94
258.40	51612.55
258.47	51617.47
258.54	51616.45
258.61	51618.82
258.68	51612.71
258.75	51600.90
258.82	51592.80
258.89	51571.22
258.95	51553.24
259.02	51546.70
259.09	51530.20
259.16	51506.25
259.23	51492.75
259.30	51474.68
259.37	51448.57
259.44	51431.66
259.51	51418.63
259.58	51404.27
259.65	51382.91
259.72	51363.80
259.79	51334.70
259.85	51299.13
259.92	51265.22
259.99	51243.00
260.06	51221.72
260.13	51201.45
260.20	51180.83
260.27	51156.53
260.34	51119.62
260.41	51083.20
260.48	51057.15
260.55	51044.66
260.62	51034.81
260.68	51019.95
260.75	50996.58
260.82	50978.44
260.89	50955.81
260.96	50928.47
261.03	50906.65
261.10	50880.61
261.17	50850.68
261.24	50814.29
261.31	50785.04
261.38	50759.49
261.44	50737.48
261.51	50701.35
261.58	50664.78
261.65	50621.58
261.72	50579.55
261.79	50535.18
261.86	50503.00
261.93	50482.93
262.00	50461.76
262.07	50430.26
262.13	50404.56
262.20	50374.12
262.27	50331.33
262.34	50295.12
262.41	50267.06
262.48	50230.71
262.55	50200.44
262.62	50172.78
262.69	50133.22
262.76	50096.88
262.82	50070.21
262.89	50041.10
262.96	50010.50
263.03	49981.85
263.10	49956.48
263.17	49918.30
263.24	49877.80
263.31	49842.00
263.38	49805.75
263.44	49766.29
263.51	49722.18
263.58	49678.18
263.65	49639.06
263.72	49599.25
263.79	49555.79
263.86	49524.31
263.93	49482.88
264.00	49440.45
264.06	49404.93
264.13	49370.54
264.20	49336.16
264.27	49296.92
264.34	49256.39
264.41	49211.86
264.48	49162.38
264.55	49111.35
264.61	49072.16
264.68	49029.52
264.75	48993.96
264.82	48950.89
264.89	48913.66
264.96	48877.58
265.03	48836.01
265.10	48795.63
265.16	48764.10
265.23	48731.12
265.30	48700.31
265.37	48672.67
265.44	48627.37
265.51	48578.75
265.58	48526.65
265.65	48470.28
265.71	48414.90
265.78	48378.88
265.85	48339.28
265.92	48301.28
265.99	48259.85
266.06	48226.13
266.13	48174.87
266.20	48134.38
266.26	48093.30
266.33	48052.50
266.40	48002.49
266.47	47954.64
266.54	47891.65
266.61	47829.21
266.68	47766.18
266.74	47706.63
266.81	47651.73
266.88	47613.25
266.95	47566.75
267.02	47528.59
267.09	47490.16
267.16	47450.57
267.22	47404.42
267.29	47370.14
267.36	47332.45
267.43	47292.47
267.50	47254.07
267.57	47228.64
267.64	47189.98
267.70	47152.68
267.77	47112.11
267.84	47071.87
267.91	47017.95
267.98	46962.56
268.05	46910.90
268.11	46865.27
268.18	46816.87
268.25	46768.80
268.32	46730.03
268.39	46692.55
268.46	46650.54
268.53	46615.78
268.59	46576.96
268.66	46544.12
268.73	46500.00
268.80	46461.13
268.87	46410.02
268.94	46365.83
269.00	46320.59
269.07	46282.81
269.14	46253.59
269.21	46227.96
269.28	46192.85
269.35	46154.16
269.41	46109.20
269.48	46053.33
269.55	45997.25
269.62	45947.66
269.69	45903.59
269.76	45853.77
269.82	45811.35
269.89	45778.41
269.96	45752.76
270.03	45719.20
270.10	45702.62
270.17	45664.90
270.23	45620.17
270.30	45572.59
270.37	45538.39
270.44	45502.70
270.51	45469.98
270.58	45434.47
270.64	45411.32
270.71	45373.01
270.78	45329.39
270.85	45289.42
270.92	45262.33
270.99	45220.69
271.05	45186.60
271.12	45151.77
271.19	45121.11
271.26	45075.45
271.33	45035.99
271.39	44998.80
271.46	44950.75
271.53	44914.57
271.60	44895.71
271.67	44869.27
271.74	44835.07
271.80	44811.15
271.87	44788.81
271.94	44750.93
272.01	44714.98
272.08	44692.07
272.14	44655.34
272.21	44616.85
272.28	44593.46
272.35	44576.94
272.42	44545.95
272.48	44532.88
272.55	44513.75
272.62	44490.45
272.69	44465.82
272.76	44451.46
272.83	44425.07
272.89	44390.34
272.96	44359.18
273.03	44324.11
273.10	44282.07
273.17	44255.85
273.23	44229.01
273.30	44206.67
273.37	44180.90
273.44	44165.56
273.51	44138.30
273.57	44128.75
273.64	44102.19
273.71	44081.21
273.78	44049.94
273.85	44031.15
273.91	44003.77
273.98	43992.39
274.05	43974.41
274.12	43964.68
274.19	43946.28
274.25	43925.81
274.32	43895.26
274.39	43861.15
274.46	43815.49
274.53	43771.78
274.59	43723.77
274.66	43685.27
274.73	43664.99
274.80	43641.82
274.86	43613.55
274.93	43591.28
275.00	43560.72
275.07	43511.47
275.14	43481.84
275.20	43460.76
275.27	43441.06
275.34	43416.09
275.41	43410.54
275.48	43392.56
275.54	43372.24
275.61	43343.37
275.68	43320.58
275.75	43287.59
275.81	43252.13
275.88	43222.08
275.95	43198.39
276.02	43173.91
276.09	43151.29
276.15	43128.18
276.22	43103.10
276.29	43086.92
276.36	43061.25
276.42	43035.45
276.49	43013.55
276.56	42986.40
276.63	42950.30
276.70	42929.25
276.76	42914.36
276.83	42898.75
276.90	42886.52
276.97	42872.07
277.03	42853.38
277.10	42825.07
277.17	42808.73
277.24	42792.40
277.30	42775.30
277.37	42754.95
277.44	42739.59
277.51	42715.22
277.58	42683.17
277.64	42664.62
277.71	42648.44
277.78	42629.89
277.85	42604.22
277.91	42580.48
277.98	42553.55
278.05	42528.28
278.12	42507.00
278.18	42485.85
278.25	42473.76
278.32	42449.26
278.39	42423.76
278.45	42400.30
278.52	42375.33
278.59	42354.00
278.66	42333.87
278.72	42320.29
278.79	42296.87
278.86	42276.60
278.93	42258.69
278.99	42245.73
279.06	42222.05
279.13	42196.14
279.20	42182.18
279.26	42165.78
279.33	42147.13
279.40	42125.82
279.47	42112.74
279.53	42088.03
279.60	42056.64
279.67	42023.23
279.74	41993.05
279.80	41964.44
279.87	41943.68
279.94	41921.77
280.01	41909.12
280.07	41893.91
280.14	41880.95
280.21	41852.32
280.28	41832.18
280.34	41800.56
280.41	41777.17
280.48	41747.64
280.55	41729.92
280.61	41702.67
280.68	41682.50
280.75	41653.65
280.82	41619.66
280.88	41579.70
280.95	41529.31
281.02	41472.59
281.08	41407.27
281.15	41338.42
281.22	41276.53
281.29	41220.93
281.35	41165.35
281.42	41129.70
281.49	41097.80
281.56	41063.34
281.62	41034.22
281.69	40999.60
281.76	40962.13
281.82	40930.33
281.89	40901.06
281.96	40869.13
282.03	40850.07
282.09	40830.30
282.16	40805.39
282.23	40781.42
282.30	40760.89
282.36	40741.68
282.43	40718.04
282.50	40705.86
282.56	40679.45
282.63	40657.71
282.70	40629.19
282.77	40609.27
282.83	40584.26
282.90	40566.82
282.97	40541.36
283.03	40518.45
283.10	40489.50
283.17	40465.05
283.24	40438.31
283.30	40415.60
283.37	40387.20
283.44	40367.90
283.50	40343.14
283.57	40326.99
283.64	40291.88
283.71	40261.12
283.77	40212.90
283.84	40169.89
283.91	40126.87
283.97	40108.65
284.04	40111.33
284.11	40124.20
284.18	40137.75
284.24	40152.13
284.31	40155.51
284.38	40147.43
284.44	40133.08
284.51	40112.90
284.58	40092.14
284.64	40080.38
284.71	40070.82
284.78	40057.53
284.85	40047.24
284.91	40033.00
284.98	40021.08
285.05	39990.24
285.11	39970.66
285.18	39952.44
285.25	39945.51
285.31	39933.76
285.38	39930.35
285.45	39930.64
285.52	39932.50
285.58	39924.73
285.65	39907.92
285.72	39888.73
285.78	39870.29
285.85	39846.11
285.92	39825.94
285.98	39810.90
286.05	39802.37
286.12	39794.06
286.18	39785.53
286.25	39779.54
286.32	39772.79
286.39	39773.28
286.45	39763.80
286.52	39758.18
286.59	39745.39
286.65	39746.37
286.72	39743.37
286.79	39729.45
286.85	39716.70
286.92	39711.27
286.99	39699.09
287.05	39675.10
287.12	39674.16
287.19	39669.85
287.25	39662.15
287.32	39654.82
287.39	39657.12
287.45	39656.83
287.52	39657.65
287.59	39659.13
287.65	39653.36
287.72	39642.55
287.79	39627.05
287.86	39610.12
287.92	39586.80
287.99	39576.32
288.06	39578.51
288.12	39572.72
288.19	39571.70
288.26	39575.74
288.32	39562.22
288.39	39547.83
288.46	39544.22
288.52	39539.88
288.59	39538.84
288.66	39550.72
288.72	39553.36
288.79	39554.82
288.86	39554.64
288.92	39556.84
288.99	39553.89
289.06	39555.42
289.12	39554.13
289.19	39562.51
289.26	39560.84
289.32	39564.15
289.39	39564.14
289.45	39567.18
289.52	39551.64
289.59	39550.08
289.65	39555.37
289.72	39557.57
289.79	39568.74
289.85	39586.05
289.92	39594.32
289.99	39589.25
290.05	39593.15
290.12	39577.29
290.19	39572.23
290.25	39567.19
290.32	39564.55
290.39	39567.19
290.45	39572.82
290.52	39573.76
290.59	39575.50
290.65	39580.23
290.72	39571.70
290.79	39572.17
290.85	39580.12
290.92	39589.58
290.98	39597.57
291.05	39611.02
291.12	39622.41
291.18	39629.91
291.25	39632.80
291.32	39635.95
291.38	39634.67
291.45	39634.75
291.52	39630.60
291.58	39640.34
291.65	39651.34
291.72	39673.06
291.78	39696.98
291.85	39710.11
291.91	39720.01
291.98	39744.32
292.05	39747.25
292.11	39753.62
292.18	39771.75
292.25	39779.69
292.31	39769.45
292.38	39770.55
292.45	39773.31
292.51	39779.96
292.58	39782.25
292.64	39788.87
292.71	39797.49
292.78	39806.19
292.84	39804.45
292.91	39813.88
292.98	39829.76
293.04	39842.97
293.11	39845.04
293.17	39855.57
293.24	39869.60
293.31	39881.52
293.37	39896.69
293.44	39908.37
293.51	39921.14
293.57	39924.35
293.64	39928.17
293.70	39936.42
293.77	39951.75
293.84	39962.97
293.90	39973.16
293.97	39987.39
294.04	39996.68
294.10	40009.58
294.17	40025.04
294.23	40039.65
294.30	40043.90
294.37	40053.57
294.43	40067.77
294.50	40070.84
294.56	40086.06
294.63	40100.87
294.70	40118.65
294.76	40131.95
294.83	40146.85
294.90	40158.02
294.96	40176.66
295.03	40183.78
295.09	40194.80
295.16	40208.29
295.23	40216.90
295.29	40218.46
295.36	40226.06
295.42	40230.78
295.49	40250.25
295.56	40276.49
295.62	40308.23
295.69	40330.89
295.75	40350.45
295.82	40361.71
295.89	40364.86
295.95	40362.66
296.02	40370.78
296.08	40374.36
296.15	40373.07
296.22	40386.14
296.28	40403.14
296.35	40422.20
296.41	40439.05
296.48	40462.45
296.55	40478.65
296.61	40496.59
296.68	40517.50
296.74	40541.72
296.81	40568.30
296.88	40592.50
296.94	40608.86
297.01	40623.47
297.07	40639.03
297.14	40645.76
297.20	40658.88
297.27	40671.76
297.34	40684.10
297.40	40702.41
297.47	40717.30
297.53	40726.84
297.60	40744.61
297.67	40756.87
297.73	40770.47
297.80	40786.87
297.86	40793.75
297.93	40803.32
298.00	40821.54
298.06	40830.56
298.13	40859.22
298.19	40885.26
298.26	40901.53
298.32	40921.09
298.39	40935.66
298.46	40939.03
298.52	40950.90
298.59	40967.49
298.65	40974.33
298.72	40996.45
298.78	41010.47
298.85	41023.10
298.92	41035.96
298.98	41046.82
299.05	41052.60
299.11	41070.62
299.18	41085.19
299.24	41096.58
299.31	41103.44
299.38	41113.80
299.44	41113.90
299.51	41119.40
299.57	41127.61
299.64	41143.99
299.70	41154.67
299.77	41168.23
299.84	41180.40
299.90	41189.01
299.97	41189.13
300.03	41198.91
300.10	41212.10
300.16	41229.93
300.23	41248.87
300.30	41263.72
300.36	41271.33
300.43	41285.90
300.49	41292.61
300.56	41303.35
300.62	41323.44
300.69	41340.97
300.75	41342.76
300.82	41353.89
300.89	41358.16
300.95	41369.00
301.02	41368.07
301.08	41371.07
301.15	41371.72
301.21	41377.67
301.28	41375.90
301.34	41386.34
301.41	41390.87
301.48	41387.28
301.54	41377.56
301.61	41375.35
301.67	41372.20
301.74	41378.11
301.80	41386.09
301.87	41395.86
301.93	41394.28
302.00	41389.93
302.06	41376.84
302.13	41359.19
302.20	41352.07
302.26	41347.50
302.33	41346.40
302.39	41342.64
302.46	41347.47
302.52	41337.64
302.59	41331.81
302.65	41323.34
302.72	41324.25
302.78	41315.02
302.85	41317.55
302.91	41310.17
302.98	41303.43
303.05	41284.35
303.11	41279.21
303.18	41261.63
303.24	41252.65
303.31	41239.45
303.37	41230.91
303.44	41220.74
303.50	41208.27
303.57	41188.40
303.63	41176.50
303.70	41166.43
303.76	41139.74
303.83	41124.96
303.89	41110.78
303.96	41097.60
304.03	41080.82
304.09	41073.47
304.16	41053.12
304.22	41033.67
304.29	41008.47
304.35	40983.71
304.42	40962.71
304.48	40944.05
304.55	40929.73
304.61	40908.40
304.68	40890.47
304.74	40873.61
304.81	40858.42
304.87	40824.07
304.94	40800.33
305.00	40776.11
305.07	40741.52
305.13	40703.35
305.20	40677.09
305.26	40654.36
305.33	40628.88
305.39	40606.33
305.46	40570.95
305.52	40546.86
305.59	40518.06
305.66	40480.56
305.72	40442.31
305.79	40418.86
305.85	40390.03
305.92	40338.79
305.98	40231.42
306.05	40018.70
306.11	39726.90
306.18	39434.83
306.24	39245.16
306.31	39209.20
306.37	39333.78
306.44	39562.71
306.50	39793.44
306.57	39937.48
306.63	39994.45
306.70	39988.87
306.76	39953.48
306.83	39905.94
306.89	39853.17
306.96	39799.37
307.02	39750.38
307.09	39711.35
307.15	39675.82
307.22	39644.28
307.28	39606.40
307.35	39564.50
307.41	39518.25
307.48	39471.10
307.54	39423.05
307.61	39373.50
307.67	39320.40
307.74	39267.99
307.80	39222.65
307.87	39177.64
307.93	39137.54
308.00	39105.77
308.06	39067.13
308.13	39017.99
308.19	38965.71
308.26	38914.74
308.32	38867.97
308.38	38827.40
308.45	38787.73
308.51	38752.52
308.58	38700.21
308.64	38634.12
308.71	38572.29
308.77	38517.79
308.84	38458.40
308.90	38429.26
308.97	38407.35
309.03	38378.30
309.10	38338.93
309.16	38290.36
309.23	38227.71
309.29	38157.50
309.36	38081.42
309.42	38005.81
309.49	37943.08
309.55	37871.14
309.62	37809.37
309.68	37754.24
309.75	37695.86
309.81	37639.06
309.88	37595.80
309.94	37540.28
310.00	37485.50
310.07	37434.06
310.13	37389.50
310.20	37328.05
310.26	37275.01
310.33	37226.00
310.39	37181.01
310.46	37123.96
310.52	37074.71
310.59	37029.43
310.65	36977.41
310.72	36920.20
310.78	36859.83
310.85	36796.75
310.91	36735.85
310.97	36681.64
311.04	36624.20
311.10	36569.08
311.17	36521.97
311.23	36467.40
311.30	36408.12
311.36	36353.06
311.43	36306.62
311.49	36245.64
311.56	36185.14
311.62	36116.96
311.69	36056.54
311.75	35998.32
311.81	35938.10
311.88	35877.47
311.94	35829.73
312.01	35786.50
312.07	35732.61
312.14	35686.46
312.20	35644.05
312.27	35589.57
312.33	35521.89
312.40	35449.22
312.46	35379.06
312.52	35310.77
312.59	35254.68
312.65	35196.00
312.72	35136.74
312.78	35072.34
312.85	35006.42
312.91	34924.41
312.98	34853.90
313.04	34791.80
313.10	34736.69
313.17	34679.63
313.23	34633.66
313.30	34577.18
313.36	34512.73
313.43	34434.10
313.49	34361.16
313.56	34286.63
313.62	34221.31
313.68	34161.80
313.75	34114.13
313.81	34061.38
313.88	34001.14
313.94	33937.23
314.01	33874.27
314.07	33819.93
314.13	33755.05
314.20	33698.61
314.26	33642.69
314.33	33580.26
314.39	33503.56
314.46	33424.30
314.52	33352.19
314.58	33278.51
314.65	33210.19
314.71	33145.24
314.78	33090.61
314.84	33030.40
314.91	32973.08
314.97	32912.80
315.03	32854.35
315.10	32794.43
315.16	32725.53
315.23	32652.03
315.29	32581.83
315.36	32514.49
315.42	32451.72
315.48	32389.16
315.55	32324.81
315.61	32254.32
315.68	32192.39
315.74	32129.14
315.81	32064.48
315.87	31995.70
315.93	31940.49
316.00	31896.53
316.06	31856.48
316.13	31825.42
316.19	31779.58
316.25	31678.53
316.32	31506.10
316.38	31279.97
316.45	30999.20
316.51	30687.26
316.58	30357.96
316.64	30008.73
316.70	29649.00
316.77	29264.53
316.83	28850.81
316.90	28421.32
316.96	27983.20
317.02	27528.79
317.09	27069.52
317.15	26599.65
317.22	26115.25
317.28	25616.04
317.34	25096.98
317.41	24569.04
317.47	24037.74
317.54	23493.64
317.60	22942.61
317.66	22390.64
317.73	21820.15
317.79	21244.80
317.86	20669.61
317.92	20095.60
317.98	19501.87
318.05	18906.53
318.11	18314.12
318.18	17725.99
318.24	17128.25
318.30	16539.99
318.37	15960.57
318.43	15369.67
318.50	14778.86
318.56	14196.51
318.62	13630.96
318.69	13064.34
318.75	12517.92
318.82	11975.99
318.88	11449.79
318.94	10925.18
319.01	10420.75
319.07	9926.46
319.13	9446.08
319.20	8975.34
319.26	8517.20
319.33	8070.99
319.39	7632.54
319.45	7222.99
319.52	6828.25
319.58	6449.10
319.65	6084.65
319.71	5741.81
319.77	5405.11
319.84	5089.75
319.90	4791.66
319.96	4506.90
320.03	4236.63
320.09	3987.02
320.16	3740.54
320.22	3514.90
320.28	3304.02
320.35	3109.10
320.41	2925.58
320.47	2761.43
320.54	2602.00
320.60	2461.32
320.67	2331.01
320.73	2209.28
320.79	2096.70
320.86	1999.58
320.92	1906.51
320.98	1822.14
321.05	1745.61
321.11	1672.05
321.18	1605.66
321.24	1545.70
321.30	1487.38
321.37	1437.19
321.43	1397.33
321.49	1356.81
321.56	1319.50
321.62	1289.00
321.68	1254.01
321.75	1221.52
321.81	1192.42
321.88	1163.50
321.94	1138.09
322.00	1116.79
322.07	1088.54
322.13	1060.28
322.19	1030.42
322.26	997.36
322.32	968.04
322.38	944.18
322.45	923.40
322.51	899.75
322.58	879.53
322.64	851.33
322.70	826.89
322.77	794.34
322.83	772.44
322.89	741.80
322.96	715.32
323.02	685.82
323.08	659.13
323.15	629.81
323.21	605.36
323.27	580.64
323.34	556.95
323.40	533.36
323.46	508.70
323.53	477.96
323.59	404.13
323.65	302.95
323.72	189.45
323.78	80.05
323.85	-18.51
323.91	-67.91
323.97	-85.17
324.04	-86.45
