180.21	3426.33
180.28	-125.84
180.36	631.45
180.44	-49.09
180.51	-18.50
180.59	4.28
180.66	31.34
180.74	29.42
180.81	29.44
180.89	31.67
180.97	32.94
181.04	30.97
181.12	29.82
181.19	29.96
181.27	30.11
181.34	45.41
181.42	51.72
181.50	59.00
181.57	69.99
181.65	75.35
181.72	70.31
181.80	66.00
181.87	66.52
181.95	66.53
182.03	66.71
182.10	69.80
182.18	72.71
182.25	79.06
182.33	81.72
182.40	91.56
182.48	90.90
182.55	106.05
182.63	115.09
182.71	122.98
182.78	131.14
182.86	145.14
182.93	145.30
183.01	144.92
183.08	140.21
183.16	138.98
183.23	130.22
183.31	137.43
183.39	145.01
183.46	165.40
183.54	175.73
183.61	202.75
183.69	223.14
183.76	255.27
183.84	281.52
183.91	310.01
183.99	350.70
184.06	381.37
184.14	412.00
184.22	455.85
184.29	489.12
184.37	499.01
184.44	515.98
184.52	505.00
184.59	448.97
184.67	395.32
184.74	346.66
184.82	313.24
184.89	309.76
184.97	352.92
185.04	422.73
185.12	491.75
185.20	569.82
185.27	643.53
185.35	729.79
185.42	787.15
185.50	847.57
185.57	903.71
185.65	947.58
185.72	985.92
185.80	1064.70
185.87	1123.56
185.95	1190.35
186.02	1302.85
186.10	1372.73
186.17	1397.30
186.25	1389.29
186.33	1249.77
186.40	1052.10
186.48	906.54
186.55	813.14
186.63	797.43
186.70	919.22
186.78	1082.84
186.85	1224.74
186.93	1349.38
187.00	1452.41
187.08	1566.21
187.15	1671.57
187.23	1795.61
187.30	1925.38
187.38	2036.54
187.45	2153.67
187.53	2288.75
187.60	2367.12
187.68	2465.30
187.75	2608.55
187.83	2679.60
187.90	2736.60
187.98	2848.66
188.05	2879.12
188.13	2740.57
188.21	2489.34
188.28	2224.34
188.36	1961.39
188.43	1769.67
188.51	1770.77
188.58	1958.78
188.66	2168.64
188.73	2372.77
188.81	2587.62
188.88	2750.47
188.96	2913.28
189.03	3047.70
189.11	3192.69
189.18	3326.49
189.26	3439.14
189.33	3553.04
189.41	3688.78
189.48	3770.43
189.56	3864.80
189.63	3995.25
189.71	4051.75
189.78	4108.01
189.86	4209.12
189.93	4258.23
190.01	4256.16
190.08	4234.42
190.16	4052.58
190.23	3687.92
190.31	3343.74
190.38	3096.82
190.46	2953.68
190.53	2999.42
190.61	3236.67
190.68	3493.05
190.76	3719.46
190.83	3916.56
190.91	4074.96
190.98	4247.07
191.06	4388.77
191.13	4535.15
191.21	4666.64
191.28	4781.78
191.35	4896.97
191.43	5015.32
191.50	5089.13
191.58	5178.00
191.65	5278.44
191.73	5319.01
191.80	5370.24
191.88	5415.85
191.95	5416.88
192.03	5415.33
192.10	5442.14
192.18	5454.16
192.25	5444.16
192.33	5344.74
192.40	5116.78
192.48	4860.00
192.55	4655.46
192.63	4520.88
192.70	4538.07
192.78	4716.41
192.85	4949.30
192.93	5154.30
193.00	5341.81
193.08	5496.10
193.15	5651.45
193.22	5760.30
193.30	5863.24
193.37	5964.61
193.45	6032.03
193.52	6089.68
193.60	6161.03
193.67	6212.87
193.75	6256.27
193.82	6320.20
193.90	6343.11
193.97	6366.80
194.05	6401.82
194.12	6424.47
194.20	6455.23
194.27	6511.48
194.34	6560.17
194.42	6594.71
194.49	6638.40
194.57	6662.25
194.64	6632.19
194.72	6541.55
194.79	6440.46
194.87	6349.50
194.94	6282.95
195.02	6276.70
195.09	6343.78
195.17	6446.94
195.24	6542.98
195.31	6646.23
195.39	6736.63
195.46	6828.68
195.54	6908.70
195.61	6982.44
195.69	7038.93
195.76	7091.13
195.84	7138.52
195.91	7173.20
195.99	7196.96
196.06	7214.58
196.13	7236.26
196.21	7244.75
196.28	7263.11
196.36	7288.77
196.43	7302.39
196.51	7309.85
196.58	7321.22
196.66	7327.06
196.73	7336.45
196.80	7367.20
196.88	7405.10
196.95	7451.89
197.03	7497.64
197.10	7527.23
197.18	7529.26
197.25	7525.68
197.33	7524.13
197.40	7534.61
197.47	7543.72
197.55	7582.63
197.62	7625.72
197.70	7662.20
197.77	7694.68
197.85	7734.88
197.92	7757.51
197.99	7777.37
198.07	7778.80
198.14	7766.06
198.22	7764.61
198.29	7777.59
198.37	7800.04
198.44	7848.65
198.51	7905.72
198.59	7961.01
198.66	8013.36
198.74	8061.58
198.81	8101.44
198.89	8133.95
198.96	8165.55
199.03	8195.92
199.11	8228.34
199.18	8253.54
199.26	8279.25
199.33	8300.08
199.41	8321.07
199.48	8324.67
199.55	8316.34
199.63	8297.83
199.70	8291.25
199.78	8278.91
199.85	8286.24
199.93	8322.63
200.00	8388.86
200.07	8451.40
200.15	8523.36
200.22	8587.04
200.30	8638.47
200.37	8683.13
200.44	8726.30
200.52	8767.32
200.59	8809.80
200.67	8846.71
200.74	8869.69
200.81	8882.42
200.89	8886.99
200.96	8900.67
201.04	8912.78
201.11	8928.31
201.19	8933.25
201.26	8938.79
201.33	8938.16
201.41	8957.58
201.48	8991.01
201.56	9047.85
201.63	9125.19
201.70	9200.35
201.78	9265.66
201.85	9331.08
201.93	9387.24
202.00	9430.83
202.07	9477.67
202.15	9520.35
202.22	9557.14
202.30	9594.52
202.37	9628.76
202.44	9660.08
202.52	9692.77
202.59	9717.52
202.67	9741.20
202.74	9772.67
202.81	9797.04
202.89	9810.13
202.96	9834.78
203.04	9872.05
203.11	9909.03
203.18	9971.40
203.26	10050.59
203.33	10126.30
203.41	10192.67
203.48	10260.09
203.55	10311.13
203.63	10361.77
203.70	10417.68
203.77	10471.38
203.85	10519.00
203.92	10565.88
204.00	10620.70
204.07	10669.48
204.14	10720.56
204.22	10761.89
204.29	10809.80
204.37	10846.56
204.44	10877.49
204.51	10916.59
204.59	10971.37
204.66	11016.57
204.73	11071.84
204.81	11132.36
204.88	11204.17
204.96	11271.20
205.03	11349.30
205.10	11421.76
205.18	11493.50
205.25	11552.66
205.32	11620.78
205.40	11681.33
205.47	11742.20
205.55	11806.83
205.62	11870.29
205.69	11935.37
205.77	11999.57
205.84	12068.34
205.91	12135.09
205.99	12208.74
206.06	12274.39
206.14	12343.77
206.21	12413.86
206.28	12480.73
206.36	12547.79
206.43	12606.67
206.50	12674.67
206.58	12744.14
206.65	12823.98
206.72	12903.90
206.80	12994.22
206.87	13078.37
206.95	13162.93
207.02	13250.39
207.09	13332.03
207.17	13411.14
207.24	13496.48
207.31	13583.28
207.39	13664.10
207.46	13747.43
207.53	13832.52
207.61	13913.93
207.68	13992.04
207.75	14080.52
207.83	14165.43
207.90	14247.19
207.98	14328.38
208.05	14411.44
208.12	14483.45
208.20	14568.50
208.27	14666.62
208.34	14767.19
208.42	14861.93
208.49	14967.33
208.56	15060.74
208.64	15152.50
208.71	15240.88
208.78	15334.05
208.86	15437.25
208.93	15544.71
209.00	15643.79
209.08	15747.79
209.15	15857.09
209.22	15954.92
209.30	16058.82
209.37	16163.15
209.44	16270.08
209.52	16370.39
209.59	16465.65
209.67	16563.39
209.74	16666.31
209.81	16770.66
209.89	16872.73
209.96	16986.52
210.03	17091.87
210.11	17200.18
210.18	17305.75
210.25	17424.42
210.33	17535.65
210.40	17649.10
210.47	17769.31
210.55	17896.19
210.62	18014.19
210.69	18122.48
210.77	18240.79
210.84	18356.25
210.91	18480.94
210.99	18596.89
211.06	18726.50
211.13	18853.70
211.21	18973.47
211.28	19078.22
211.35	19201.43
211.42	19325.03
211.50	19442.22
211.57	19568.08
211.64	19698.49
211.72	19819.62
211.79	19939.90
211.86	20070.27
211.94	20203.61
212.01	20326.15
212.08	20456.99
212.16	20580.56
212.23	20705.36
212.30	20833.02
212.38	20965.69
212.45	21098.71
212.52	21239.46
212.60	21367.03
212.67	21493.36
212.74	21628.23
212.82	21758.99
212.89	21892.52
212.96	22029.85
213.03	22161.91
213.11	22297.95
213.18	22429.13
213.25	22564.14
213.33	22700.60
213.40	22833.53
213.47	22967.38
213.55	23108.24
213.62	23240.75
213.69	23379.55
213.77	23522.11
213.84	23662.70
213.91	23810.39
213.98	23959.90
214.06	24111.16
214.13	24263.93
214.20	24410.50
214.28	24562.21
214.35	24705.68
214.42	24847.60
214.50	24990.07
214.57	25123.64
214.64	25251.17
214.72	25394.77
214.79	25532.47
214.86	25672.87
214.93	25819.77
215.01	25968.54
215.08	26109.61
215.15	26259.95
215.23	26408.64
215.30	26562.75
215.37	26712.11
215.44	26865.80
215.52	27017.80
215.59	27163.20
215.66	27304.89
215.74	27449.51
215.81	27585.50
215.88	27727.70
215.95	27870.93
216.03	28021.82
216.10	28170.20
216.17	28323.53
216.25	28476.16
216.32	28634.77
216.39	28791.42
216.46	28947.08
216.54	29095.20
216.61	29243.14
216.68	29382.69
216.76	29523.74
216.83	29665.85
216.90	29822.71
216.97	29978.49
217.05	30135.65
217.12	30287.40
217.19	30439.87
217.27	30583.96
217.34	30713.16
217.41	30846.35
217.48	30980.55
217.56	31113.23
217.63	31258.57
217.70	31412.02
217.78	31571.62
217.85	31730.45
217.92	31882.89
217.99	32028.10
218.07	32167.63
218.14	32301.22
218.21	32448.85
218.28	32595.15
218.36	32744.76
218.43	32894.96
218.50	33051.11
218.57	33193.27
218.65	33337.10
218.72	33472.43
218.79	33610.99
218.87	33744.68
218.94	33879.85
219.01	34015.87
219.08	34153.71
219.16	34299.97
219.23	34443.66
219.30	34589.42
219.37	34738.80
219.45	34887.37
219.52	35030.68
219.59	35162.88
219.66	35291.73
219.74	35428.72
219.81	35572.63
219.88	35703.11
219.95	35853.61
220.03	36002.49
220.10	36143.47
220.17	36276.84
220.24	36414.80
220.32	36539.24
220.39	36660.05
220.46	36774.29
220.53	36897.51
220.61	37021.67
220.68	37150.15
220.75	37282.11
220.82	37423.23
220.90	37550.66
220.97	37674.80
221.04	37791.54
221.11	37903.25
221.19	38012.08
221.26	38129.66
221.33	38253.45
221.40	38385.86
221.48	38517.54
221.55	38644.90
221.62	38757.12
221.69	38871.90
221.77	38991.17
221.84	39113.71
221.91	39227.70
221.98	39358.15
222.06	39483.20
222.13	39601.29
222.20	39705.64
222.27	39820.05
222.35	39931.10
222.42	40046.59
222.49	40156.19
222.56	40279.80
222.63	40389.97
222.71	40493.15
222.78	40593.82
222.85	40699.57
222.92	40805.56
223.00	40918.95
223.07	41033.79
223.14	41143.93
223.21	41244.90
223.29	41348.03
223.36	41455.19
223.43	41559.21
223.50	41663.40
223.57	41771.90
223.65	41891.11
223.72	42000.73
223.79	42109.13
223.86	42206.12
223.94	42294.92
224.01	42368.42
224.08	42452.33
224.15	42531.65
224.22	42624.11
224.30	42716.80
224.37	42811.07
224.44	42904.90
224.51	42995.46
224.59	43082.72
224.66	43165.81
224.73	43251.00
224.80	43336.18
224.87	43430.17
224.95	43526.07
225.02	43632.89
225.09	43733.67
225.16	43823.79
225.23	43916.36
225.31	44002.20
225.38	44082.91
225.45	44157.48
225.52	44234.31
225.60	44309.98
225.67	44383.40
225.74	44453.61
225.81	44531.81
225.88	44610.31
225.96	44683.27
226.03	44750.00
226.10	44828.16
226.17	44901.17
226.24	44972.37
226.32	45047.57
226.39	45125.41
226.46	45186.96
226.53	45257.40
226.60	45338.71
226.68	45417.18
226.75	45502.90
226.82	45594.35
226.89	45676.96
226.96	45751.79
227.04	45806.64
227.11	45858.90
227.18	45913.53
227.25	45954.08
227.32	45991.98
227.40	46057.14
227.47	46126.68
227.54	46203.44
227.61	46285.10
227.68	46371.95
227.76	46442.67
227.83	46500.56
227.90	46551.00
227.97	46609.37
228.04	46662.81
228.11	46706.97
228.19	46754.33
228.26	46804.58
228.33	46840.44
228.40	46874.35
228.47	46920.75
228.55	46976.04
228.62	47039.15
228.69	47106.45
228.76	47171.97
228.83	47232.35
228.90	47285.86
228.98	47333.21
229.05	47390.51
229.12	47453.56
229.19	47512.73
229.26	47569.00
229.34	47616.72
229.41	47658.75
229.48	47695.46
229.55	47742.88
229.62	47801.74
229.69	47860.91
229.77	47913.65
229.84	47966.92
229.91	48016.85
229.98	48052.28
230.05	48081.41
230.12	48117.54
230.20	48157.88
230.27	48196.21
230.34	48244.97
230.41	48301.79
230.48	48356.62
230.55	48404.95
230.63	48456.22
230.70	48509.35
230.77	48547.17
230.84	48580.55
230.91	48613.49
230.98	48642.70
231.06	48672.91
231.13	48721.38
231.20	48778.54
231.27	48834.16
231.34	48893.71
231.41	48946.96
231.49	48986.40
231.56	49027.12
231.63	49069.63
231.70	49098.62
231.77	49134.00
231.84	49169.00
231.92	49190.76
231.99	49216.51
232.06	49257.28
232.13	49283.66
232.20	49315.71
232.27	49347.87
232.34	49373.77
232.42	49392.89
232.49	49414.08
232.56	49436.59
232.63	49480.37
232.70	49515.67
232.77	49556.84
232.85	49598.33
232.92	49638.13
232.99	49657.66
233.06	49673.59
233.13	49684.65
233.20	49696.49
233.27	49699.74
233.35	49698.31
233.42	49703.43
233.49	49720.20
233.56	49743.97
233.63	49772.57
233.70	49811.70
233.77	49852.18
233.85	49875.32
233.92	49904.03
233.99	49931.67
234.06	49953.78
234.13	49978.52
234.20	50009.75
234.27	50022.84
234.35	50029.91
234.42	50031.93
234.49	50035.87
234.56	50038.88
234.63	50042.21
234.70	50055.62
234.77	50070.89
234.84	50082.78
234.92	50084.81
234.99	50086.05
235.06	50080.45
235.13	50075.81
235.20	50072.73
235.27	50082.84
235.34	50089.82
235.41	50101.97
235.49	50107.36
235.56	50121.09
235.63	50123.52
235.70	50131.36
235.77	50130.62
235.84	50140.25
235.91	50126.35
235.98	50108.89
236.06	50082.94
236.13	50064.11
236.20	50040.19
236.27	50008.08
236.34	49989.38
236.41	49975.49
236.48	49966.20
236.55	49960.32
236.63	49966.48
236.70	49963.79
236.77	49959.60
236.84	49961.67
236.91	49954.96
236.98	49947.60
237.05	49941.35
237.12	49939.82
237.19	49927.14
237.27	49919.75
237.34	49919.45
237.41	49917.85
237.48	49904.44
237.55	49890.09
237.62	49876.49
237.69	49862.52
237.76	49856.72
237.83	49857.91
237.91	49857.10
237.98	49859.93
238.05	49851.57
238.12	49839.63
238.19	49831.28
238.26	49828.76
238.33	49815.32
238.40	49808.01
238.47	49788.10
238.54	49770.59
238.62	49754.92
238.69	49738.10
238.76	49717.56
238.83	49708.16
238.90	49693.35
238.97	49669.75
239.04	49659.15
239.11	49649.46
239.18	49639.36
239.25	49629.54
239.33	49602.12
239.40	49574.64
239.47	49553.08
239.54	49519.54
239.61	49490.44
239.68	49465.23
239.75	49448.43
239.82	49431.70
239.89	49420.51
239.96	49410.39
240.03	49410.10
240.11	49405.97
240.18	49403.25
240.25	49396.83
240.32	49388.21
240.39	49375.75
240.46	49356.82
240.53	49347.29
240.60	49346.00
240.67	49338.44
240.74	49334.38
240.81	49326.20
240.88	49311.00
240.96	49297.99
241.03	49284.09
241.10	49278.91
241.17	49274.91
241.24	49267.21
241.31	49257.84
241.38	49251.44
241.45	49234.25
241.52	49227.02
241.59	49213.12
241.66	49199.63
241.73	49188.08
241.80	49176.10
241.88	49158.34
241.95	49143.98
242.02	49124.11
242.09	49102.12
242.16	49087.41
242.23	49076.88
242.30	49061.57
242.37	49050.10
242.44	49055.72
242.51	49056.16
242.58	49053.16
242.65	49055.90
242.72	49061.94
242.79	49047.77
242.87	49040.99
242.94	49030.15
243.01	49031.19
243.08	49033.58
243.15	49033.05
243.22	49037.81
243.29	49048.90
243.36	49047.60
243.43	49049.00
243.50	49067.65
243.57	49084.59
243.64	49089.03
243.71	49093.08
243.78	49086.51
243.85	49074.80
243.92	49059.30
243.99	49051.61
244.07	49048.18
244.14	49048.14
244.21	49044.81
244.28	49040.93
244.35	49031.98
244.42	49031.27
244.49	49028.88
244.56	49028.80
244.63	49039.85
244.70	49046.41
244.77	49043.20
244.84	49062.38
244.91	49074.61
244.98	49081.52
245.05	49099.72
245.12	49128.32
245.19	49135.55
245.26	49144.77
245.33	49159.66
245.40	49188.03
245.47	49219.09
245.55	49243.10
245.62	49266.18
245.69	49273.22
245.76	49270.51
245.83	49253.70
245.90	49250.58
245.97	49258.67
246.04	49283.27
246.11	49302.08
246.18	49327.80
246.25	49344.61
246.32	49347.94
246.39	49346.21
246.46	49350.64
246.53	49362.78
246.60	49377.27
246.67	49405.87
246.74	49424.94
246.81	49451.50
246.88	49465.18
246.95	49488.26
247.02	49509.61
247.09	49539.06
247.16	49549.78
247.23	49553.38
247.30	49549.84
247.37	49546.68
247.44	49555.46
247.51	49572.73
247.58	49616.98
247.66	49658.98
247.73	49706.19
247.80	49734.12
247.87	49765.18
247.94	49790.79
248.01	49830.07
248.08	49853.25
248.15	49889.11
248.22	49921.50
248.29	49946.81
248.36	49958.90
248.43	49982.32
248.50	50003.75
248.57	50016.52
248.64	50026.78
248.71	50048.50
248.78	50078.65
248.85	50096.79
248.92	50131.00
248.99	50161.87
249.06	50184.48
249.13	50200.11
249.20	50225.44
249.27	50249.31
249.34	50270.68
249.41	50289.15
249.48	50285.44
249.55	50275.60
249.62	50274.42
249.69	50288.42
249.76	50319.84
249.83	50366.46
249.90	50421.73
249.97	50467.44
250.04	50515.67
250.11	50553.04
250.18	50589.55
250.25	50617.72
250.32	50640.24
250.39	50657.57
250.46	50673.26
250.53	50696.25
250.60	50726.41
250.67	50761.46
250.74	50785.04
250.81	50802.89
250.88	50828.60
250.95	50851.12
251.02	50874.13
251.09	50896.60
251.16	50932.14
251.23	50953.85
251.30	50969.81
251.37	50977.92
251.44	50994.85
251.51	51014.34
251.58	51031.40
251.65	51048.75
251.72	51070.89
251.79	51088.48
251.86	51098.69
251.93	51111.59
252.00	51124.07
252.07	51137.03
252.14	51154.66
252.21	51161.90
252.28	51178.19
252.35	51195.06
252.42	51217.67
252.49	51232.87
252.56	51251.14
252.63	51256.11
252.70	51267.63
252.77	51279.87
252.84	51301.36
252.91	51316.39
252.98	51343.31
253.05	51368.64
253.12	51374.08
253.19	51381.14
253.25	51406.90
253.32	51423.74
253.39	51447.85
253.46	51487.52
253.53	51515.54
253.60	51527.40
253.67	51537.96
253.74	51550.52
253.81	51566.58
253.88	51577.04
253.95	51595.25
254.02	51619.11
254.09	51636.52
254.16	51645.68
254.23	51654.80
254.30	51665.64
254.37	51678.65
254.44	51690.58
254.51	51705.78
254.58	51714.41
254.65	51722.62
254.72	51730.84
254.79	51732.37
254.86	51738.59
254.93	51751.18
255.00	51758.70
255.07	51765.33
255.14	51780.10
255.21	51781.62
255.28	51779.37
255.34	51769.32
255.41	51758.82
255.48	51748.85
255.55	51735.30
255.62	51742.03
255.69	51753.96
255.76	51766.91
255.83	51776.60
255.90	51797.95
255.97	51815.68
256.04	51830.28
256.11	51836.13
256.18	51834.75
256.25	51827.80
256.32	51817.95
256.39	51823.49
256.46	51827.52
256.53	51827.51
256.60	51828.86
256.67	51830.85
256.74	51822.69
256.80	51818.97
256.87	51829.50
256.94	51835.26
257.01	51841.65
257.08	51844.67
257.15	51838.95
257.22	51824.22
257.29	51803.73
257.36	51783.24
257.43	51770.86
257.50	51766.18
257.57	51754.00
257.64	51761.27
257.71	51752.17
257.78	51735.25
257.85	51713.36
257.92	51706.41
257.98	51687.25
258.05	51683.20
258.12	51667.31
258.19	51657.32
258.26	51647.50
258.33	51642.10
258.40	51633.94
258.47	51637.03
258.54	51641.53
258.61	51639.75
258.68	51634.72
258.75	51622.91
258.82	51608.42
258.89	51586.61
258.95	51566.91
259.02	51554.27
259.09	51540.15
259.16	51527.18
259.23	51508.80
259.30	51483.57
259.37	51450.84
259.44	51430.44
259.51	51410.50
259.58	51403.01
259.65	51390.34
259.72	51380.24
259.79	51349.96
259.85	51326.93
259.92	51292.19
259.99	51267.63
260.06	51239.25
260.13	51214.72
260.20	51182.48
260.27	51151.06
260.34	51116.98
260.41	51087.08
260.48	51068.50
260.55	51057.49
260.62	51045.86
260.68	51028.74
260.75	51000.60
260.82	50981.91
260.89	50950.77
260.96	50926.53
261.03	50915.10
261.10	50898.20
261.17	50867.34
261.24	50838.37
261.31	50810.22
261.38	50770.24
261.44	50737.41
261.51	50702.69
261.58	50670.90
261.65	50631.02
261.72	50592.93
261.79	50557.77
261.86	50527.90
261.93	50500.51
262.00	50476.86
262.07	50450.60
262.13	50419.98
262.20	50385.40
262.27	50343.18
262.34	50309.74
262.41	50275.79
262.48	50242.26
262.55	50213.05
262.62	50181.32
262.69	50137.92
262.76	50105.24
262.82	50070.78
262.89	50041.35
262.96	50016.50
263.03	49994.37
263.10	49964.88
263.17	49933.21
263.24	49894.36
263.31	49864.07
263.38	49826.95
263.44	49793.14
263.51	49751.26
263.58	49704.21
263.65	49655.60
263.72	49607.65
263.79	49558.45
263.86	49524.22
263.93	49487.33
264.00	49444.90
264.06	49415.57
264.13	49380.62
264.20	49353.18
264.27	49317.40
264.34	49277.08
264.41	49226.66
264.48	49180.54
264.55	49129.84
264.61	49083.60
264.68	49042.79
264.75	49007.69
264.82	48960.89
264.89	48919.09
264.96	48884.73
265.03	48847.54
265.10	48808.64
265.16	48777.37
265.23	48740.99
265.30	48714.40
265.37	48683.99
265.44	48644.97
265.51	48597.84
265.58	48546.93
265.65	48481.91
265.71	48426.74
265.78	48381.60
265.85	48345.01
265.92	48305.14
265.99	48273.57
266.06	48240.10
266.13	48198.85
266.20	48159.82
266.26	48118.82
266.33	48068.74
266.40	48019.98
266.47	47962.30
266.54	47895.28
266.61	47839.07
266.68	47782.76
266.74	47722.66
266.81	47675.34
266.88	47634.45
266.95	47576.42
267.02	47534.43
267.09	47490.27
267.16	47445.14
267.22	47401.02
267.29	47373.05
267.36	47329.88
267.43	47297.65
267.50	47267.29
267.57	47234.91
267.64	47200.83
267.70	47166.62
267.77	47123.73
267.84	47077.71
267.91	47031.98
267.98	46978.01
268.05	46930.62
268.11	46887.65
268.18	46836.04
268.25	46785.42
268.32	46738.31
268.39	46696.86
268.46	46651.95
268.53	46622.58
268.59	46590.24
268.66	46556.77
268.73	46516.46
268.80	46469.72
268.87	46410.30
268.94	46367.70
269.00	46325.18
269.07	46282.43
269.14	46254.63
269.21	46232.80
269.28	46188.33
269.35	46146.16
269.41	46108.67
269.48	46053.17
269.55	45994.02
269.62	45945.81
269.69	45908.67
269.76	45858.40
269.82	45823.40
269.89	45798.57
269.96	45774.06
270.03	45736.69
270.10	45709.63
270.17	45666.17
270.23	45627.75
270.30	45584.04
270.37	45552.16
270.44	45520.27
270.51	45488.75
270.58	45451.14
270.64	45418.09
270.71	45377.77
270.78	45341.96
270.85	45308.37
270.92	45272.90
270.99	45241.41
271.05	45208.34
271.12	45168.06
271.19	45134.46
271.26	45092.41
271.33	45052.89
271.39	45012.62
271.46	44966.01
271.53	44930.96
271.60	44907.90
271.67	44879.40
271.74	44846.50
271.80	44830.33
271.87	44804.24
271.94	44773.70
272.01	44736.30
272.08	44704.39
272.14	44657.75
272.21	44620.66
272.28	44592.35
272.35	44569.15
272.42	44550.95
272.48	44541.93
272.55	44525.22
272.62	44502.23
272.69	44477.90
272.76	44461.06
272.83	44433.05
272.89	44399.07
272.96	44362.42
273.03	44335.01
273.10	44296.78
273.17	44265.80
273.23	44244.11
273.30	44222.79
273.37	44197.90
273.44	44179.79
273.51	44157.25
273.57	44139.48
273.64	44116.41
273.71	44100.15
273.78	44071.96
273.85	44057.21
273.91	44036.23
273.98	44022.50
274.05	43999.41
274.12	43987.14
274.19	43965.81
274.25	43938.48
274.32	43906.19
274.39	43869.23
274.46	43818.11
274.53	43766.05
274.59	43717.26
274.66	43685.53
274.73	43669.65
274.80	43650.37
274.86	43625.73
274.93	43608.12
275.00	43572.39
275.07	43526.86
275.14	43497.47
275.20	43471.17
275.27	43444.93
275.34	43426.74
275.41	43408.26
275.48	43391.31
275.54	43376.94
275.61	43348.72
275.68	43327.23
275.75	43306.20
275.81	43268.86
275.88	43239.52
275.95	43217.34
276.02	43187.25
276.09	43156.53
276.15	43134.44
276.22	43112.51
276.29	43090.26
276.36	43064.03
276.42	43046.46
276.49	43026.09
276.56	43000.71
276.63	42979.10
276.70	42958.65
276.76	42929.65
276.83	42909.84
276.90	42890.65
276.97	42868.41
277.03	42843.83
277.10	42825.84
277.17	42806.66
277.24	42787.45
277.30	42768.87
277.37	42753.65
277.44	42739.07
277.51	42718.95
277.58	42688.17
277.64	42666.05
277.71	42645.47
277.78	42620.69
277.85	42590.27
277.91	42568.18
277.98	42546.75
278.05	42520.74
278.12	42501.11
278.18	42481.22
278.25	42460.86
278.32	42433.31
278.39	42413.10
278.45	42385.66
278.52	42367.69
278.59	42356.92
278.66	42340.32
278.72	42326.49
278.79	42316.04
278.86	42304.49
278.93	42285.83
278.99	42266.92
279.06	42242.55
279.13	42215.25
279.20	42191.05
279.26	42168.27
279.33	42150.41
279.40	42126.25
279.47	42101.69
279.53	42072.93
279.60	42044.13
279.67	42012.36
279.74	41991.00
279.80	41972.34
279.87	41961.18
279.94	41943.37
280.01	41936.21
280.07	41920.50
280.14	41906.07
280.21	41877.73
280.28	41855.36
280.34	41825.16
280.41	41802.70
280.48	41768.17
280.55	41743.04
280.61	41718.10
280.68	41692.54
280.75	41658.44
280.82	41631.33
280.88	41598.06
280.95	41547.61
281.02	41488.32
281.08	41423.55
281.15	41348.42
281.22	41280.01
281.29	41224.71
281.35	41179.25
281.42	41144.32
281.49	41114.89
281.56	41081.95
281.62	41055.32
281.69	41018.96
281.76	40982.88
281.82	40953.12
281.89	40919.35
281.96	40886.38
282.03	40863.19
282.09	40834.13
282.16	40808.75
282.23	40786.69
282.30	40760.73
282.36	40738.17
282.43	40721.58
282.50	40704.69
282.56	40678.92
282.63	40653.04
282.70	40631.03
282.77	40613.13
282.83	40586.87
282.90	40572.50
282.97	40554.20
283.03	40525.91
283.10	40498.84
283.17	40475.47
283.24	40451.85
283.30	40428.64
283.37	40405.62
283.44	40377.46
283.50	40350.14
283.57	40321.36
283.64	40295.25
283.71	40264.87
283.77	40224.87
283.84	40190.19
283.91	40148.96
283.97	40126.03
284.04	40126.50
284.11	40140.15
284.18	40151.51
284.24	40171.47
284.31	40176.78
284.38	40169.70
284.44	40149.66
284.51	40125.76
284.58	40105.09
284.64	40092.27
284.71	40079.93
284.78	40069.31
284.85	40063.40
284.91	40050.09
284.98	40031.89
285.05	40004.45
285.11	39984.07
285.18	39959.94
285.25	39951.08
285.31	39940.88
285.38	39942.51
285.45	39944.08
285.52	39948.05
285.58	39937.66
285.65	39923.71
285.72	39899.55
285.78	39873.19
285.85	39854.25
285.92	39841.54
285.98	39825.24
286.05	39811.07
286.12	39809.03
286.18	39798.77
286.25	39785.27
286.32	39782.20
286.39	39784.50
286.45	39776.79
286.52	39763.14
286.59	39754.22
286.65	39744.58
286.72	39736.33
286.79	39723.99
286.85	39716.27
286.92	39703.81
286.99	39696.94
287.05	39677.70
287.12	39672.79
287.19	39668.78
287.25	39666.75
287.32	39660.97
287.39	39669.49
287.45	39663.74
287.52	39663.41
287.59	39665.54
287.65	39665.03
287.72	39647.45
287.79	39637.63
287.86	39621.77
287.92	39599.54
287.99	39584.74
288.06	39585.37
288.12	39578.26
288.19	39580.26
288.26	39574.49
288.32	39566.75
288.39	39555.05
288.46	39551.32
288.52	39550.39
288.59	39560.05
288.66	39564.77
288.72	39567.92
288.79	39577.97
288.86	39574.14
288.92	39565.50
288.99	39551.09
289.06	39549.61
289.12	39545.54
289.19	39546.48
289.26	39554.64
289.32	39567.96
289.39	39569.28
289.45	39568.11
289.52	39560.29
289.59	39560.41
289.65	39562.72
289.72	39565.97
289.79	39575.87
289.85	39590.51
289.92	39593.22
289.99	39597.81
290.05	39599.40
290.12	39588.30
290.19	39581.78
290.25	39577.68
290.32	39574.96
290.39	39578.07
290.45	39581.88
290.52	39585.45
290.59	39592.19
290.65	39591.10
290.72	39582.35
290.79	39582.80
290.85	39590.68
290.92	39600.49
290.98	39609.08
291.05	39627.03
291.12	39634.77
291.18	39638.29
291.25	39638.34
291.32	39643.98
291.38	39642.55
291.45	39648.06
291.52	39647.54
291.58	39648.48
291.65	39652.79
291.72	39668.32
291.78	39690.76
291.85	39706.61
291.91	39722.65
291.98	39744.92
292.05	39749.37
292.11	39754.18
292.18	39766.39
292.25	39771.27
292.31	39767.16
292.38	39773.17
292.45	39777.43
292.51	39783.17
292.58	39792.27
292.64	39802.37
292.71	39807.94
292.78	39811.38
292.84	39807.35
292.91	39813.14
292.98	39822.68
293.04	39832.15
293.11	39837.21
293.17	39857.19
293.24	39869.90
293.31	39878.63
293.37	39893.41
293.44	39905.66
293.51	39914.31
293.57	39919.97
293.64	39931.13
293.70	39942.32
293.77	39960.28
293.84	39972.13
293.90	39980.74
293.97	39987.01
294.04	40000.75
294.10	40006.36
294.17	40017.57
294.23	40039.65
294.30	40055.63
294.37	40067.42
294.43	40085.38
294.50	40089.38
294.56	40089.31
294.63	40096.12
294.70	40104.56
294.76	40115.83
294.83	40133.32
294.90	40158.35
294.96	40175.65
295.03	40189.94
295.09	40205.62
295.16	40224.04
295.23	40233.15
295.29	40242.73
295.36	40249.92
295.42	40250.54
295.49	40261.24
295.56	40282.79
295.62	40305.18
295.69	40317.48
295.75	40337.65
295.82	40348.21
295.89	40349.56
295.95	40352.94
296.02	40364.82
296.08	40371.99
296.15	40374.74
296.22	40387.52
296.28	40400.43
296.35	40422.06
296.41	40435.18
296.48	40459.85
296.55	40482.25
296.61	40503.17
296.68	40523.81
296.74	40549.73
296.81	40571.75
296.88	40586.61
296.94	40607.60
297.01	40620.21
297.07	40631.86
297.14	40641.58
297.20	40655.90
297.27	40668.44
297.34	40690.28
297.40	40708.42
297.47	40725.50
297.53	40742.00
297.60	40754.12
297.67	40758.26
297.73	40774.70
297.80	40786.55
297.86	40794.01
297.93	40804.57
298.00	40823.93
298.06	40837.12
298.13	40858.43
298.19	40880.41
298.26	40901.95
298.32	40918.30
298.39	40935.72
298.46	40947.07
298.52	40957.96
298.59	40970.62
298.65	40979.35
298.72	40993.23
298.78	41008.55
298.85	41015.83
298.92	41024.45
298.98	41040.39
299.05	41052.89
299.11	41068.10
299.18	41089.26
299.24	41100.30
299.31	41109.76
299.38	41126.93
299.44	41133.48
299.51	41142.08
299.57	41158.23
299.64	41177.51
299.70	41182.65
299.77	41190.72
299.84	41196.32
299.90	41194.50
299.97	41189.59
300.03	41200.70
300.10	41220.00
300.16	41235.77
300.23	41256.76
300.30	41274.67
300.36	41273.69
300.43	41285.52
300.49	41294.37
300.56	41308.29
300.62	41326.25
300.69	41343.07
300.75	41349.83
300.82	41367.56
300.89	41373.92
300.95	41380.76
301.02	41385.64
301.08	41384.67
301.15	41379.43
301.21	41380.24
301.28	41377.95
301.34	41383.25
301.41	41386.15
301.48	41388.25
301.54	41384.28
301.61	41387.35
301.67	41392.06
301.74	41398.30
301.80	41401.45
301.87	41404.08
301.93	41394.43
302.00	41388.44
302.06	41378.33
302.13	41369.19
302.20	41369.64
302.26	41367.92
302.33	41365.45
302.39	41358.60
302.46	41355.86
302.52	41344.36
302.59	41341.36
302.65	41333.03
302.72	41335.02
302.78	41329.53
302.85	41326.81
302.91	41319.35
302.98	41308.63
303.05	41292.81
303.11	41287.50
303.18	41273.55
303.24	41263.45
303.31	41245.18
303.37	41233.21
303.44	41222.89
303.50	41211.86
303.57	41190.54
303.63	41183.58
303.70	41169.33
303.76	41154.99
303.83	41143.81
303.89	41139.47
303.96	41128.52
304.03	41120.21
304.09	41100.37
304.16	41075.67
304.22	41048.68
304.29	41023.62
304.35	40990.56
304.42	40968.64
304.48	40952.70
304.55	40928.67
304.61	40910.28
304.68	40897.62
304.74	40873.71
304.81	40857.30
304.87	40835.04
304.94	40810.49
305.00	40778.74
305.07	40750.15
305.13	40712.68
305.20	40678.51
305.26	40649.00
305.33	40629.20
305.39	40605.55
305.46	40572.75
305.52	40553.87
305.59	40524.63
305.66	40486.25
305.72	40453.27
305.79	40425.29
305.85	40392.46
305.92	40348.34
305.98	40245.39
306.05	40029.07
306.11	39733.63
306.18	39445.53
306.24	39259.12
306.31	39220.87
306.37	39347.37
306.44	39581.72
306.50	39811.86
306.57	39952.63
306.63	40007.28
306.70	39998.54
306.76	39961.18
306.83	39915.34
306.89	39856.94
306.96	39805.35
307.02	39759.06
307.09	39721.01
307.15	39681.68
307.22	39656.30
307.28	39621.53
307.35	39581.82
307.41	39531.87
307.48	39492.52
307.54	39438.41
307.61	39383.32
307.67	39324.25
307.74	39272.52
307.80	39221.08
307.87	39175.75
307.93	39138.40
308.00	39104.59
308.06	39065.16
308.13	39016.18
308.19	38966.61
308.26	38916.27
308.32	38872.60
308.38	38834.46
308.45	38795.17
308.51	38757.77
308.58	38701.29
308.64	38638.57
308.71	38578.73
308.77	38523.94
308.84	38472.64
308.90	38443.40
308.97	38420.19
309.03	38394.74
309.10	38353.07
309.16	38301.89
309.23	38239.61
309.29	38172.64
309.36	38091.71
309.42	38022.07
309.49	37955.10
309.55	37889.69
309.62	37821.15
309.68	37765.47
309.75	37705.82
309.81	37653.53
309.88	37605.01
309.94	37552.68
310.00	37498.25
310.07	37442.98
310.13	37391.22
310.20	37324.68
310.26	37271.64
310.33	37217.87
310.39	37171.85
310.46	37119.84
310.52	37074.19
310.59	37024.50
310.65	36974.54
310.72	36914.52
310.78	36848.71
310.85	36788.09
310.91	36730.88
310.97	36677.77
311.04	36624.51
311.10	36571.76
311.17	36518.18
311.23	36467.99
311.30	36407.45
311.36	36355.25
311.43	36309.89
311.49	36251.55
311.56	36190.68
311.62	36131.66
311.69	36066.57
311.75	36002.05
311.81	35944.08
311.88	35883.47
311.94	35832.71
312.01	35789.03
312.07	35739.61
312.14	35699.76
312.20	35651.18
312.27	35595.87
312.33	35529.26
312.40	35457.24
312.46	35381.55
312.52	35316.00
312.59	35251.60
312.65	35192.94
312.72	35130.77
312.78	35065.80
312.85	34996.92
312.91	34926.27
312.98	34851.54
313.04	34789.14
313.10	34738.12
313.17	34685.36
313.23	34638.15
313.30	34587.82
313.36	34522.30
313.43	34448.26
313.49	34375.78
313.56	34301.03
313.62	34233.80
313.68	34176.20
313.75	34118.99
313.81	34060.76
313.88	33995.59
313.94	33928.81
314.01	33871.39
314.07	33814.32
314.13	33754.60
314.20	33697.66
314.26	33638.43
314.33	33568.41
314.39	33495.24
314.46	33415.04
314.52	33346.35
314.58	33277.60
314.65	33217.71
314.71	33156.40
314.78	33104.34
314.84	33043.20
314.91	32986.84
314.97	32920.70
315.03	32858.76
315.10	32795.40
315.16	32725.94
315.23	32653.75
315.29	32589.69
315.36	32516.53
315.42	32452.89
315.48	32390.86
315.55	32327.71
315.61	32253.27
315.68	32201.84
315.74	32134.87
315.81	32067.33
315.87	31998.17
315.93	31950.13
316.00	31897.74
316.06	31857.47
316.13	31828.99
316.19	31779.03
316.25	31674.42
316.32	31511.15
316.38	31294.40
316.45	31012.55
316.51	30699.79
316.58	30367.82
316.64	30016.16
316.70	29650.16
316.77	29269.70
316.83	28864.87
316.90	28436.22
316.96	27997.79
317.02	27544.56
317.09	27077.96
317.15	26606.59
317.22	26123.07
317.28	25624.45
317.34	25105.97
317.41	24574.83
317.47	24041.74
317.54	23495.95
317.60	22943.40
317.66	22387.19
317.73	21825.09
317.79	21248.44
317.86	20676.17
317.92	20097.90
317.98	19509.21
318.05	18916.68
318.11	18319.41
318.18	17729.80
318.24	17137.24
318.30	16546.08
318.37	15959.75
318.43	15376.36
318.50	14786.28
318.56	14202.98
318.62	13637.87
318.69	13071.84
318.75	12521.90
318.82	11979.73
318.88	11452.93
318.94	10929.85
319.01	10426.14
319.07	9931.95
319.13	9449.75
319.20	8979.64
319.26	8522.54
319.33	8079.20
319.39	7643.11
319.45	7235.55
319.52	6841.65
319.58	6461.83
319.65	6096.40
319.71	5749.79
319.77	5412.48
319.84	5091.72
319.90	4791.83
319.96	4505.49
320.03	4236.75
320.09	3984.31
320.16	3742.26
320.22	3515.05
320.28	3304.56
320.35	3107.95
320.41	2924.79
320.47	2758.56
320.54	2601.31
320.60	2460.45
320.67	2330.96
320.73	2209.97
320.79	2096.09
320.86	1998.30
320.92	1903.59
320.98	1819.41
321.05	1743.76
321.11	1671.53
321.18	1605.03
321.24	1547.91
321.30	1488.86
321.37	1437.21
321.43	1398.80
321.49	1358.10
321.56	1319.29
321.62	1288.74
321.68	1254.47
321.75	1220.32
321.81	1191.43
321.88	1163.09
321.94	1140.06
322.00	1117.57
322.07	1089.64
322.13	1060.50
322.19	1031.19
322.26	997.79
322.32	968.76
322.38	944.57
322.45	925.11
322.51	900.25
322.58	879.80
322.64	851.65
322.70	826.91
322.77	794.14
322.83	773.24
322.89	742.67
322.96	716.55
323.02	688.49
323.08	661.35
323.15	632.05
323.21	606.89
323.27	582.79
323.34	558.26
323.40	535.18
323.46	509.64
323.53	479.75
323.59	404.91
323.65	303.76
323.72	190.07
323.78	81.21
323.85	-18.32
323.91	-67.64
323.97	-85.96
324.04	-86.59
