180.21	3420.77
180.28	-124.87
180.36	631.26
180.44	-47.79
180.51	-16.57
180.59	7.23
180.66	35.03
180.74	33.62
180.81	34.21
180.89	36.64
180.97	37.97
181.04	36.13
181.12	35.72
181.19	36.64
181.27	38.23
181.34	55.70
181.42	63.28
181.50	70.83
181.57	81.72
181.65	86.41
181.72	80.28
181.80	76.16
181.87	77.46
181.95	79.79
182.03	83.04
182.10	89.87
182.18	98.02
182.25	111.04
182.33	122.53
182.40	141.13
182.48	149.01
182.55	173.35
182.63	190.88
182.71	206.32
182.78	224.51
182.86	242.83
182.93	237.02
183.01	225.75
183.08	208.99
183.16	194.16
183.23	179.91
183.31	191.99
183.39	210.66
183.46	246.10
183.54	273.22
183.61	318.92
183.69	358.00
183.76	411.51
183.84	456.02
183.91	505.71
183.99	564.56
184.06	609.63
184.14	658.41
184.22	715.48
184.29	748.27
184.37	756.55
184.44	764.20
184.52	713.91
184.59	614.33
184.67	529.17
184.74	451.30
184.82	402.67
184.89	411.99
184.97	482.91
185.04	576.27
185.12	672.02
185.20	774.75
185.27	873.58
185.35	976.56
185.42	1043.24
185.50	1116.30
185.57	1174.96
185.65	1221.19
185.72	1273.08
185.80	1360.67
185.87	1428.17
185.95	1518.97
186.02	1635.87
186.10	1686.49
186.17	1684.93
186.25	1611.09
186.33	1406.66
186.40	1174.55
186.48	1015.69
186.55	932.05
186.63	957.43
186.70	1115.54
186.78	1295.01
186.85	1449.31
186.93	1578.75
187.00	1699.52
187.08	1820.54
187.15	1938.17
187.23	2075.88
187.30	2208.66
187.38	2326.56
187.45	2457.07
187.53	2585.06
187.60	2669.95
187.68	2788.11
187.75	2915.16
187.83	2977.08
187.90	3045.59
187.98	3124.69
188.05	3085.72
188.13	2882.60
188.21	2590.53
188.28	2298.65
188.36	2036.40
188.43	1891.53
188.51	1952.78
188.58	2167.06
188.66	2382.02
188.73	2596.06
188.81	2805.37
188.88	2973.40
188.96	3131.85
189.03	3277.32
189.11	3427.10
189.18	3555.41
189.26	3668.99
189.33	3789.16
189.41	3909.37
189.48	3992.66
189.56	4100.32
189.63	4214.77
189.71	4272.12
189.78	4340.07
189.86	4422.28
189.93	4448.01
190.01	4423.07
190.08	4339.43
190.16	4081.53
190.23	3696.33
190.31	3366.29
190.38	3143.56
190.46	3051.32
190.53	3156.20
190.61	3414.79
190.68	3659.92
190.76	3887.03
190.83	4074.13
190.91	4240.72
190.98	4402.02
191.06	4552.43
191.13	4695.62
191.21	4827.19
191.28	4943.93
191.35	5064.44
191.43	5168.89
191.50	5234.67
191.58	5324.22
191.65	5404.12
191.73	5433.70
191.80	5476.96
191.88	5505.42
191.95	5494.93
192.03	5496.67
192.10	5518.59
192.18	5517.45
192.25	5477.41
192.33	5329.57
192.40	5080.59
192.48	4836.21
192.55	4654.73
192.63	4568.40
192.70	4644.46
192.78	4846.38
192.85	5072.14
192.93	5275.43
193.00	5450.47
193.08	5597.81
193.15	5736.12
193.22	5834.58
193.30	5922.12
193.37	6007.35
193.45	6061.92
193.52	6115.38
193.60	6182.04
193.67	6233.47
193.75	6282.15
193.82	6341.19
193.90	6369.72
193.97	6402.43
194.05	6440.70
194.12	6468.80
194.20	6510.77
194.27	6564.69
194.34	6606.26
194.42	6632.87
194.49	6663.67
194.57	6665.72
194.64	6607.62
194.72	6502.53
194.79	6397.18
194.87	6298.01
194.94	6229.86
195.02	6233.75
195.09	6298.34
195.17	6395.27
195.24	6498.58
195.31	6608.98
195.39	6713.93
195.46	6818.31
195.54	6909.76
195.61	6992.55
195.69	7052.65
195.76	7098.43
195.84	7143.48
195.91	7167.15
195.99	7175.99
196.06	7185.07
196.13	7199.28
196.21	7197.68
196.28	7202.89
196.36	7209.66
196.43	7204.52
196.51	7192.80
196.58	7186.18
196.66	7186.91
196.73	7203.05
196.80	7243.11
196.88	7296.61
196.95	7363.98
197.03	7429.87
197.10	7469.52
197.18	7485.64
197.25	7494.61
197.33	7496.37
197.40	7502.32
197.47	7516.11
197.55	7547.22
197.62	7577.18
197.70	7603.08
197.77	7628.97
197.85	7655.76
197.92	7665.28
197.99	7653.29
198.07	7619.82
198.14	7572.63
198.22	7550.20
198.29	7559.20
198.37	7611.12
198.44	7701.84
198.51	7806.20
198.59	7893.72
198.66	7971.72
198.74	8031.14
198.81	8074.67
198.89	8105.94
198.96	8136.42
199.03	8151.41
199.11	8169.06
199.18	8175.77
199.26	8181.05
199.33	8193.26
199.41	8210.05
199.48	8196.18
199.55	8164.56
199.63	8118.84
199.70	8075.37
199.78	8038.33
199.85	8049.79
199.93	8113.26
200.00	8215.29
200.07	8319.47
200.15	8430.98
200.22	8524.51
200.30	8588.28
200.37	8638.33
200.44	8674.60
200.52	8702.36
200.59	8731.64
200.67	8755.10
200.74	8766.80
200.81	8776.57
200.89	8777.67
200.96	8781.32
201.04	8781.71
201.11	8776.17
201.19	8757.22
201.26	8738.98
201.33	8722.22
201.41	8734.37
201.48	8784.32
201.56	8867.21
201.63	8977.29
201.70	9083.61
201.78	9175.54
201.85	9252.11
201.93	9314.23
202.00	9357.01
202.07	9395.98
202.15	9428.92
202.22	9456.57
202.30	9487.12
202.37	9516.20
202.44	9544.67
202.52	9571.80
202.59	9593.29
202.67	9606.48
202.74	9627.33
202.81	9634.86
202.89	9629.90
202.96	9634.14
203.04	9669.31
203.11	9713.02
203.18	9791.69
203.26	9898.48
203.33	10005.09
203.41	10088.79
203.48	10161.18
203.55	10201.35
203.63	10237.61
203.70	10276.90
203.77	10316.34
203.85	10357.33
203.92	10411.86
204.00	10473.76
204.07	10531.05
204.14	10585.70
204.22	10629.91
204.29	10673.29
204.37	10703.12
204.44	10727.44
204.51	10759.85
204.59	10795.67
204.66	10824.59
204.73	10872.98
204.81	10939.74
204.88	11019.90
204.96	11107.22
205.03	11202.27
205.10	11281.56
205.18	11350.58
205.25	11401.67
205.32	11453.55
205.40	11508.00
205.47	11563.33
205.55	11621.38
205.62	11692.13
205.69	11760.65
205.77	11831.12
205.84	11905.49
205.91	11975.54
205.99	12041.89
206.06	12103.83
206.14	12165.92
206.21	12225.61
206.28	12282.15
206.36	12335.95
206.43	12394.80
206.50	12463.44
206.58	12539.84
206.65	12623.50
206.72	12705.95
206.80	12785.66
206.87	12852.92
206.95	12922.14
207.02	12997.30
207.09	13078.60
207.17	13170.54
207.24	13268.52
207.31	13364.74
207.39	13453.25
207.46	13544.10
207.53	13624.31
207.61	13710.43
207.68	13790.10
207.75	13874.90
207.83	13956.96
207.90	14036.89
207.98	14099.86
208.05	14174.53
208.12	14245.72
208.20	14321.31
208.27	14406.44
208.34	14502.27
208.42	14584.39
208.49	14669.87
208.56	14749.88
208.64	14835.39
208.71	14924.65
208.78	15018.68
208.86	15127.88
208.93	15236.76
209.00	15344.07
209.08	15449.80
209.15	15561.04
209.22	15664.42
209.30	15765.10
209.37	15868.78
209.44	15974.44
209.52	16077.41
209.59	16168.78
209.67	16274.94
209.74	16372.29
209.81	16474.12
209.89	16568.70
209.96	16672.72
210.03	16769.60
210.11	16864.82
210.18	16947.20
210.25	17041.20
210.33	17136.55
210.40	17231.82
210.47	17343.07
210.55	17469.37
210.62	17595.56
210.69	17714.11
210.77	17841.40
210.84	17957.80
210.91	18080.87
210.99	18198.72
211.06	18324.44
211.13	18446.68
211.21	18572.09
211.28	18683.24
211.35	18802.34
211.42	18925.76
211.50	19046.89
211.57	19167.53
211.64	19288.73
211.72	19391.37
211.79	19488.62
211.86	19581.20
211.94	19691.51
212.01	19802.37
212.08	19930.32
212.16	20059.47
212.23	20197.03
212.30	20322.79
212.38	20453.61
212.45	20594.03
212.52	20733.85
212.60	20866.53
212.67	21001.91
212.74	21133.78
212.82	21263.57
212.89	21393.61
212.96	21526.98
213.03	21658.80
213.11	21796.10
213.18	21923.53
213.25	22052.05
213.33	22180.72
213.40	22299.43
213.47	22415.48
213.55	22537.17
213.62	22654.54
213.69	22775.28
213.77	22906.84
213.84	23046.72
213.91	23191.39
213.98	23347.34
214.06	23501.06
214.13	23657.68
214.20	23805.24
214.28	23951.96
214.35	24089.80
214.42	24224.43
214.50	24360.09
214.57	24491.47
214.64	24625.61
214.72	24762.17
214.79	24900.43
214.86	25038.86
214.93	25185.11
215.01	25326.46
215.08	25463.39
215.15	25603.47
215.23	25724.27
215.30	25847.11
215.37	25970.96
215.44	26105.90
215.52	26250.93
215.59	26408.44
215.66	26559.66
215.74	26712.51
215.81	26861.08
215.88	27009.49
215.95	27141.80
216.03	27288.28
216.10	27433.46
216.17	27581.92
216.25	27723.85
216.32	27887.75
216.39	28037.09
216.46	28189.96
216.54	28334.48
216.61	28488.02
216.68	28628.01
216.76	28768.62
216.83	28902.11
216.90	29038.84
216.97	29172.06
217.05	29311.42
217.12	29443.85
217.19	29585.39
217.27	29725.37
217.34	29853.94
217.41	29977.47
217.48	30127.09
217.56	30266.09
217.63	30412.50
217.70	30567.54
217.78	30736.61
217.85	30886.41
217.92	31038.94
217.99	31184.76
218.07	31327.12
218.14	31459.42
218.21	31600.06
218.28	31740.34
218.36	31883.08
218.43	32027.98
218.50	32183.79
218.57	32329.67
218.65	32467.62
218.72	32594.89
218.79	32717.71
218.87	32830.93
218.94	32948.77
219.01	33079.36
219.08	33211.81
219.16	33354.84
219.23	33504.79
219.30	33656.18
219.37	33799.70
219.45	33952.76
219.52	34100.94
219.59	34236.95
219.66	34360.02
219.74	34493.45
219.81	34636.17
219.88	34764.89
219.95	34897.87
220.03	35047.25
220.10	35177.66
220.17	35307.29
220.24	35446.17
220.32	35580.43
220.39	35699.95
220.46	35826.12
220.53	35941.17
220.61	36052.24
220.68	36164.08
220.75	36288.74
220.82	36420.20
220.90	36546.41
220.97	36670.40
221.04	36797.72
221.11	36913.41
221.19	37028.39
221.26	37149.73
221.33	37284.02
221.40	37418.62
221.48	37554.42
221.55	37684.80
221.62	37807.83
221.69	37921.37
221.77	38036.15
221.84	38157.61
221.91	38271.52
221.98	38393.76
222.06	38514.77
222.13	38639.47
222.20	38755.70
222.27	38880.77
222.35	38990.55
222.42	39102.42
222.49	39200.37
222.56	39302.76
222.63	39399.24
222.71	39503.55
222.78	39608.76
222.85	39719.77
222.92	39832.22
223.00	39941.53
223.07	40056.84
223.14	40153.23
223.21	40255.62
223.29	40361.26
223.36	40472.55
223.43	40574.24
223.50	40689.52
223.57	40803.21
223.65	40919.58
223.72	41029.67
223.79	41140.97
223.86	41247.59
223.94	41345.60
224.01	41432.47
224.08	41515.05
224.15	41598.83
224.22	41686.40
224.30	41770.30
224.37	41858.43
224.44	41960.07
224.51	42055.26
224.59	42131.80
224.66	42220.69
224.73	42302.17
224.80	42382.26
224.87	42469.59
224.95	42577.14
225.02	42686.52
225.09	42788.99
225.16	42892.52
225.23	42995.33
225.31	43091.11
225.38	43176.76
225.45	43267.90
225.52	43351.12
225.60	43432.84
225.67	43509.87
225.74	43580.57
225.81	43655.00
225.88	43735.10
225.96	43809.44
226.03	43885.62
226.10	43968.51
226.17	44048.63
226.24	44125.52
226.32	44205.62
226.39	44284.85
226.46	44351.90
226.53	44427.13
226.60	44519.13
226.68	44608.72
226.75	44705.92
226.82	44805.63
226.89	44897.19
226.96	44967.29
227.04	45015.88
227.11	45064.37
227.18	45116.08
227.25	45157.72
227.32	45204.70
227.40	45278.49
227.47	45352.37
227.54	45436.36
227.61	45524.29
227.68	45597.65
227.76	45670.09
227.83	45739.54
227.90	45800.38
227.97	45863.22
228.04	45940.16
228.11	45998.12
228.19	46055.37
228.26	46121.28
228.33	46179.50
228.40	46226.62
228.47	46286.84
228.55	46343.89
228.62	46395.61
228.69	46458.42
228.76	46515.09
228.83	46571.54
228.90	46631.37
228.98	46690.52
229.05	46751.24
229.12	46832.85
229.19	46900.37
229.26	46966.53
229.34	47014.40
229.41	47059.80
229.48	47095.67
229.55	47148.03
229.62	47201.02
229.69	47268.48
229.77	47331.69
229.84	47389.69
229.91	47442.66
229.98	47483.97
230.05	47524.92
230.12	47562.40
230.20	47617.71
230.27	47663.81
230.34	47722.48
230.41	47782.29
230.48	47838.91
230.55	47890.92
230.63	47956.73
230.70	48023.35
230.77	48073.56
230.84	48122.58
230.91	48155.71
230.98	48192.04
231.06	48222.45
231.13	48275.42
231.20	48338.09
231.27	48403.94
231.34	48466.53
231.41	48531.82
231.49	48583.93
231.56	48632.77
231.63	48678.23
231.70	48717.69
231.77	48755.31
231.84	48787.98
231.92	48814.19
231.99	48844.95
232.06	48878.23
232.13	48904.58
232.20	48944.66
232.27	48993.62
232.34	49034.24
232.42	49069.52
232.49	49106.65
232.56	49148.83
232.63	49184.03
232.70	49216.53
232.77	49267.78
232.85	49323.24
232.92	49359.51
232.99	49394.33
233.06	49438.52
233.13	49460.15
233.20	49473.30
233.27	49487.66
233.35	49500.65
233.42	49505.02
233.49	49524.00
233.56	49548.23
233.63	49585.50
233.70	49628.82
233.77	49671.57
233.85	49703.82
233.92	49744.47
233.99	49774.35
234.06	49799.88
234.13	49828.10
234.20	49861.77
234.27	49879.37
234.35	49894.61
234.42	49916.79
234.49	49936.10
234.56	49950.43
234.63	49966.17
234.70	49985.60
234.77	49992.73
234.84	50001.42
234.92	50007.81
234.99	50014.19
235.06	50021.92
235.13	50031.27
235.20	50050.79
235.27	50070.27
235.34	50083.59
235.41	50102.42
235.49	50116.12
235.56	50122.62
235.63	50134.82
235.70	50146.47
235.77	50148.61
235.84	50160.35
235.91	50164.84
235.98	50157.18
236.06	50146.99
236.13	50135.47
236.20	50120.68
236.27	50099.54
236.34	50082.95
236.41	50070.03
236.48	50063.98
236.55	50055.49
236.63	50056.44
236.70	50059.28
236.77	50068.54
236.84	50080.56
236.91	50088.82
236.98	50096.79
237.05	50104.93
237.12	50101.89
237.19	50085.46
237.27	50081.10
237.34	50076.84
237.41	50073.78
237.48	50074.08
237.55	50069.45
237.62	50061.72
237.69	50065.82
237.76	50056.67
237.83	50062.36
237.91	50075.07
237.98	50082.39
238.05	50072.83
238.12	50069.00
238.19	50055.74
238.26	50054.95
238.33	50049.85
238.40	50045.85
238.47	50032.46
238.54	50020.88
238.62	49999.94
238.69	49980.00
238.76	49969.43
238.83	49969.76
238.90	49966.21
238.97	49951.70
239.04	49961.85
239.11	49962.18
239.18	49961.26
239.25	49955.07
239.33	49941.74
239.40	49912.29
239.47	49885.90
239.54	49853.09
239.61	49826.54
239.68	49799.73
239.75	49784.27
239.82	49767.85
239.89	49762.32
239.96	49759.49
240.03	49774.29
240.11	49769.51
240.18	49761.16
240.25	49743.22
240.32	49735.38
240.39	49718.28
240.46	49705.69
240.53	49702.72
240.60	49708.47
240.67	49695.24
240.74	49691.65
240.81	49688.52
240.88	49681.79
240.96	49665.72
241.03	49660.08
241.10	49658.83
241.17	49648.73
241.24	49641.14
241.31	49649.42
241.38	49644.94
241.45	49630.40
241.52	49626.35
241.59	49613.14
241.66	49593.85
241.73	49580.32
241.80	49563.46
241.88	49545.08
241.95	49529.16
242.02	49504.73
242.09	49480.05
242.16	49461.58
242.23	49448.65
242.30	49441.77
242.37	49426.65
242.44	49425.42
242.51	49419.83
242.58	49421.43
242.65	49415.85
242.72	49425.39
242.79	49417.62
242.87	49415.05
242.94	49397.00
243.01	49387.35
243.08	49382.35
243.15	49381.85
243.22	49374.93
243.29	49380.00
243.36	49382.07
243.43	49382.75
243.50	49399.90
243.57	49418.54
243.64	49428.71
243.71	49438.42
243.78	49436.43
243.85	49416.07
243.92	49405.15
243.99	49390.10
244.07	49376.45
244.14	49364.07
244.21	49362.60
244.28	49356.21
244.35	49347.66
244.42	49342.26
244.49	49341.76
244.56	49337.51
244.63	49333.78
244.70	49332.98
244.77	49333.42
244.84	49336.51
244.91	49344.71
244.98	49354.86
245.05	49371.32
245.12	49387.35
245.19	49398.73
245.26	49404.12
245.33	49413.18
245.40	49435.63
245.47	49457.71
245.55	49481.94
245.62	49500.04
245.69	49503.42
245.76	49501.31
245.83	49498.83
245.90	49498.87
245.97	49502.92
246.04	49516.99
246.11	49519.66
246.18	49522.86
246.25	49519.43
246.32	49506.14
246.39	49497.47
246.46	49498.49
246.53	49497.61
246.60	49503.52
246.67	49525.09
246.74	49544.86
246.81	49559.98
246.88	49582.87
246.95	49607.63
247.02	49629.50
247.09	49648.20
247.16	49656.86
247.23	49648.30
247.30	49637.48
247.37	49625.47
247.44	49622.95
247.51	49632.41
247.58	49662.46
247.66	49693.63
247.73	49733.36
247.80	49758.10
247.87	49777.43
247.94	49795.41
248.01	49819.08
248.08	49832.98
248.15	49856.82
248.22	49888.29
248.29	49915.16
248.36	49933.98
248.43	49955.67
248.50	49970.71
248.57	49980.76
248.64	49977.90
248.71	49983.60
248.78	50000.09
248.85	50018.61
248.92	50037.23
248.99	50057.72
249.06	50076.07
249.13	50083.97
249.20	50093.67
249.27	50109.72
249.34	50121.54
249.41	50126.67
249.48	50119.77
249.55	50102.96
249.62	50096.79
249.69	50107.70
249.76	50127.87
249.83	50161.27
249.90	50209.31
249.97	50240.12
250.04	50270.58
250.11	50301.44
250.18	50330.12
250.25	50351.09
250.32	50364.05
250.39	50378.70
250.46	50383.67
250.53	50402.14
250.60	50423.45
250.67	50451.51
250.74	50470.54
250.81	50484.24
250.88	50492.07
250.95	50499.23
251.02	50505.38
251.09	50513.57
251.16	50538.85
251.23	50552.99
251.30	50566.12
251.37	50572.87
251.44	50580.27
251.51	50589.96
251.58	50600.41
251.65	50615.15
251.72	50629.55
251.79	50651.19
251.86	50661.51
251.93	50673.93
252.00	50680.00
252.07	50692.37
252.14	50698.41
252.21	50698.51
252.28	50699.12
252.35	50708.33
252.42	50725.25
252.49	50735.44
252.56	50748.85
252.63	50756.95
252.70	50756.19
252.77	50758.32
252.84	50758.50
252.91	50759.02
252.98	50771.15
253.05	50781.43
253.12	50781.22
253.19	50789.02
253.25	50799.55
253.32	50802.02
253.39	50821.76
253.46	50845.32
253.53	50863.27
253.60	50872.79
253.67	50886.66
253.74	50897.20
253.81	50909.40
253.88	50919.07
253.95	50937.58
254.02	50953.72
254.09	50965.71
254.16	50972.10
254.23	50976.52
254.30	50978.11
254.37	50986.53
254.44	50990.07
254.51	50992.37
254.58	51005.56
254.65	51013.83
254.72	51010.44
254.79	50994.59
254.86	50993.33
254.93	50981.07
255.00	50980.27
255.07	50977.37
255.14	50991.33
255.21	50989.68
255.28	50984.08
255.34	50963.92
255.41	50954.76
255.48	50940.45
255.55	50933.51
255.62	50937.41
255.69	50947.28
255.76	50950.99
255.83	50953.07
255.90	50956.15
255.97	50969.22
256.04	50969.04
256.11	50976.25
256.18	50975.67
256.25	50973.48
256.32	50956.66
256.39	50953.13
256.46	50944.15
256.53	50941.15
256.60	50937.99
256.67	50936.45
256.74	50930.10
256.80	50931.13
256.87	50926.93
256.94	50915.22
257.01	50909.34
257.08	50908.90
257.15	50891.82
257.22	50877.05
257.29	50858.02
257.36	50837.72
257.43	50813.02
257.50	50805.69
257.57	50789.64
257.64	50784.37
257.71	50764.96
257.78	50749.35
257.85	50722.89
257.92	50707.57
257.98	50691.01
258.05	50686.30
258.12	50665.18
258.19	50648.18
258.26	50636.71
258.33	50620.54
258.40	50601.47
258.47	50604.46
258.54	50606.17
258.61	50604.28
258.68	50605.26
258.75	50593.60
258.82	50580.24
258.89	50555.15
258.95	50533.06
259.02	50515.87
259.09	50496.32
259.16	50468.54
259.23	50441.34
259.30	50411.78
259.37	50385.52
259.44	50370.06
259.51	50359.11
259.58	50357.09
259.65	50336.88
259.72	50310.75
259.79	50279.87
259.85	50249.72
259.92	50209.12
259.99	50181.49
260.06	50153.60
260.13	50125.47
260.20	50089.64
260.27	50051.54
260.34	50019.43
260.41	49985.48
260.48	49960.86
260.55	49948.37
260.62	49943.89
260.68	49925.96
260.75	49901.66
260.82	49879.88
260.89	49848.26
260.96	49818.58
261.03	49796.53
261.10	49773.69
261.17	49744.11
261.24	49716.97
261.31	49684.19
261.38	49651.31
261.44	49618.26
261.51	49574.57
261.58	49526.03
261.65	49481.95
261.72	49435.87
261.79	49392.25
261.86	49362.58
261.93	49341.12
262.00	49318.24
262.07	49288.49
262.13	49258.15
262.20	49224.71
262.27	49179.93
262.34	49143.38
262.41	49113.75
262.48	49085.92
262.55	49056.88
262.62	49031.67
262.69	48993.13
262.76	48956.25
262.82	48923.56
262.89	48888.76
262.96	48860.70
263.03	48830.01
263.10	48806.93
263.17	48767.16
263.24	48729.62
263.31	48686.79
263.38	48650.86
263.44	48608.77
263.51	48563.52
263.58	48517.46
263.65	48476.27
263.72	48430.61
263.79	48387.58
263.86	48353.77
263.93	48321.86
264.00	48280.21
264.06	48241.82
264.13	48198.21
264.20	48159.23
264.27	48122.27
264.34	48084.11
264.41	48046.49
264.48	48005.54
264.55	47963.95
264.61	47916.01
264.68	47871.12
264.75	47824.77
264.82	47773.42
264.89	47729.37
264.96	47690.03
265.03	47646.88
265.10	47611.26
265.16	47580.96
265.23	47549.09
265.30	47520.45
265.37	47492.85
265.44	47448.87
265.51	47408.75
265.58	47359.53
265.65	47298.67
265.71	47242.70
265.78	47202.92
265.85	47160.08
265.92	47113.42
265.99	47072.55
266.06	47040.76
266.13	46992.20
266.20	46952.70
266.26	46922.83
266.33	46887.64
266.40	46836.82
266.47	46790.58
266.54	46721.36
266.61	46654.82
266.68	46592.20
266.74	46532.22
266.81	46481.84
266.88	46445.92
266.95	46401.00
267.02	46358.84
267.09	46321.02
267.16	46274.45
267.22	46234.43
267.29	46196.32
267.36	46160.40
267.43	46118.16
267.50	46081.06
267.57	46044.11
267.64	46008.17
267.70	45971.21
267.77	45937.91
267.84	45905.83
267.91	45862.44
267.98	45813.53
268.05	45768.52
268.11	45725.49
268.18	45671.85
268.25	45622.57
268.32	45580.65
268.39	45537.38
268.46	45491.99
268.53	45453.09
268.59	45410.97
268.66	45373.82
268.73	45335.40
268.80	45290.53
268.87	45244.33
268.94	45203.49
269.00	45157.42
269.07	45114.26
269.14	45090.03
269.21	45063.69
269.28	45030.06
269.35	44995.73
269.41	44956.77
269.48	44904.13
269.55	44849.99
269.62	44798.51
269.69	44763.48
269.76	44715.28
269.82	44674.39
269.89	44650.39
269.96	44630.39
270.03	44591.83
270.10	44569.30
270.17	44529.77
270.23	44482.85
270.30	44434.87
270.37	44393.81
270.44	44355.50
270.51	44321.72
270.58	44295.63
270.64	44272.67
270.71	44242.29
270.78	44210.42
270.85	44182.42
270.92	44144.26
270.99	44104.89
271.05	44069.19
271.12	44028.62
271.19	43990.86
271.26	43946.42
271.33	43902.38
271.39	43862.59
271.46	43815.43
271.53	43782.99
271.60	43769.79
271.67	43749.78
271.74	43718.92
271.80	43692.51
271.87	43667.87
271.94	43630.76
272.01	43592.79
272.08	43566.76
272.14	43537.52
272.21	43506.21
272.28	43480.57
272.35	43461.70
272.42	43435.35
272.48	43423.91
272.55	43399.45
272.62	43373.55
272.69	43349.51
272.76	43333.38
272.83	43303.38
272.89	43272.05
272.96	43237.97
273.03	43206.47
273.10	43165.07
273.17	43133.92
273.23	43110.49
273.30	43098.31
273.37	43079.91
273.44	43066.08
273.51	43048.93
273.57	43031.48
273.64	43002.18
273.71	42974.84
273.78	42949.51
273.85	42931.71
273.91	42913.20
273.98	42899.94
274.05	42885.00
274.12	42871.93
274.19	42854.57
274.25	42827.76
274.32	42801.81
274.39	42769.89
274.46	42724.98
274.53	42670.59
274.59	42622.67
274.66	42580.32
274.73	42556.93
274.80	42534.19
274.86	42515.82
274.93	42497.82
275.00	42466.43
275.07	42423.58
275.14	42392.43
275.20	42366.70
275.27	42343.35
275.34	42326.24
275.41	42315.52
275.48	42299.32
275.54	42279.43
275.61	42259.30
275.68	42241.30
275.75	42213.76
275.81	42186.63
275.88	42160.96
275.95	42137.07
276.02	42099.10
276.09	42067.54
276.15	42037.35
276.22	42015.87
276.29	41993.53
276.36	41978.28
276.42	41960.48
276.49	41940.71
276.56	41910.29
276.63	41880.34
276.70	41854.95
276.76	41839.17
276.83	41825.42
276.90	41806.89
276.97	41785.71
277.03	41765.91
277.10	41737.65
277.17	41712.81
277.24	41698.12
277.30	41684.65
277.37	41669.51
277.44	41648.24
277.51	41632.83
277.58	41607.90
277.64	41586.60
277.71	41563.25
277.78	41544.06
277.85	41515.42
277.91	41491.32
277.98	41462.84
278.05	41437.21
278.12	41424.39
278.18	41403.93
278.25	41383.10
278.32	41361.77
278.39	41345.46
278.45	41326.08
278.52	41313.81
278.59	41299.99
278.66	41287.02
278.72	41271.28
278.79	41248.77
278.86	41221.94
278.93	41206.46
278.99	41189.78
279.06	41171.03
279.13	41145.62
279.20	41131.70
279.26	41106.64
279.33	41090.89
279.40	41064.58
279.47	41048.57
279.53	41019.57
279.60	40993.37
279.67	40960.17
279.74	40934.80
279.80	40904.92
279.87	40896.68
279.94	40883.71
280.01	40870.76
280.07	40855.33
280.14	40842.07
280.21	40809.08
280.28	40784.41
280.34	40756.10
280.41	40727.56
280.48	40697.64
280.55	40681.33
280.61	40655.85
280.68	40637.44
280.75	40616.23
280.82	40585.53
280.88	40546.10
280.95	40494.30
281.02	40431.59
281.08	40356.89
281.15	40288.48
281.22	40220.66
281.29	40171.85
281.35	40122.48
281.42	40092.05
281.49	40061.79
281.56	40034.55
281.62	40004.36
281.69	39979.10
281.76	39951.17
281.82	39925.51
281.89	39893.19
281.96	39864.92
282.03	39833.05
282.09	39803.72
282.16	39782.59
282.23	39752.27
282.30	39728.31
282.36	39709.22
282.43	39686.42
282.50	39671.16
282.56	39659.29
282.63	39639.11
282.70	39623.31
282.77	39608.03
282.83	39579.97
282.90	39560.90
282.97	39538.39
283.03	39507.00
283.10	39482.32
283.17	39458.62
283.24	39431.81
283.30	39401.26
283.37	39377.85
283.44	39348.69
283.50	39323.82
283.57	39305.29
283.64	39291.83
283.71	39265.24
283.77	39235.35
283.84	39203.90
283.91	39163.56
283.97	39126.95
284.04	39118.94
284.11	39122.80
284.18	39131.40
284.24	39140.87
284.31	39152.74
284.38	39150.57
284.44	39133.72
284.51	39114.54
284.58	39099.72
284.64	39089.19
284.71	39079.77
284.78	39072.14
284.85	39061.20
284.91	39045.37
284.98	39023.97
285.05	38989.89
285.11	38966.57
285.18	38940.46
285.25	38928.40
285.31	38921.38
285.38	38926.64
285.45	38928.52
285.52	38932.00
285.58	38928.56
285.65	38923.85
285.72	38904.93
285.78	38886.91
285.85	38877.20
285.92	38860.98
285.98	38832.59
286.05	38820.76
286.12	38803.69
286.18	38786.46
286.25	38772.93
286.32	38770.12
286.39	38774.30
286.45	38781.04
286.52	38770.17
286.59	38764.41
286.65	38760.45
286.72	38751.13
286.79	38736.58
286.85	38726.58
286.92	38717.36
286.99	38706.03
287.05	38683.38
287.12	38680.86
287.19	38678.19
287.25	38676.37
287.32	38671.44
287.39	38675.69
287.45	38669.31
287.52	38671.79
287.59	38672.16
287.65	38670.50
287.72	38663.28
287.79	38652.39
287.86	38640.33
287.92	38625.08
287.99	38618.92
288.06	38615.45
288.12	38605.47
288.19	38601.67
288.26	38594.66
288.32	38583.56
288.39	38576.48
288.46	38583.18
288.52	38578.71
288.59	38579.08
288.66	38582.58
288.72	38581.15
288.79	38574.37
288.86	38575.35
288.92	38571.61
288.99	38566.00
289.06	38564.41
289.12	38563.37
289.19	38565.98
289.26	38578.29
289.32	38580.19
289.39	38581.83
289.45	38591.22
289.52	38584.11
289.59	38583.22
289.65	38588.97
289.72	38598.26
289.79	38604.57
289.85	38616.74
289.92	38615.43
289.99	38622.48
290.05	38618.62
290.12	38608.59
290.19	38603.85
290.25	38600.12
290.32	38595.68
290.39	38601.74
290.45	38608.72
290.52	38615.54
290.59	38622.65
290.65	38623.65
290.72	38618.59
290.79	38613.10
290.85	38614.36
290.92	38629.10
290.98	38640.40
291.05	38652.60
291.12	38670.19
291.18	38684.25
291.25	38687.75
291.32	38690.65
291.38	38692.57
291.45	38689.18
291.52	38682.95
291.58	38682.68
291.65	38690.92
291.72	38707.97
291.78	38732.26
291.85	38748.36
291.91	38763.85
291.98	38785.19
292.05	38787.04
292.11	38793.52
292.18	38805.68
292.25	38809.64
292.31	38800.60
292.38	38809.08
292.45	38810.47
292.51	38819.67
292.58	38827.07
292.64	38842.12
292.71	38846.96
292.78	38859.19
292.84	38856.05
292.91	38867.97
292.98	38872.96
293.04	38882.86
293.11	38888.67
293.17	38899.97
293.24	38908.39
293.31	38919.56
293.37	38937.78
293.44	38948.18
293.51	38967.50
293.57	38976.31
293.64	38988.57
293.70	39001.15
293.77	39018.55
293.84	39025.12
293.90	39030.21
293.97	39038.32
294.04	39048.72
294.10	39055.79
294.17	39070.75
294.23	39090.13
294.30	39096.74
294.37	39102.59
294.43	39121.38
294.50	39132.13
294.56	39144.86
294.63	39164.42
294.70	39182.81
294.76	39186.68
294.83	39195.99
294.90	39209.39
294.96	39224.03
295.03	39237.08
295.09	39260.82
295.16	39284.33
295.23	39293.02
295.29	39305.30
295.36	39312.19
295.42	39312.43
295.49	39314.36
295.56	39339.85
295.62	39363.81
295.69	39380.55
295.75	39401.63
295.82	39418.58
295.89	39421.21
295.95	39422.94
296.02	39433.68
296.08	39443.88
296.15	39451.65
296.22	39461.70
296.28	39481.67
296.35	39506.70
296.41	39521.02
296.48	39538.13
296.55	39564.03
296.61	39576.79
296.68	39591.69
296.74	39616.80
296.81	39648.24
296.88	39670.31
296.94	39692.30
297.01	39712.59
297.07	39726.87
297.14	39745.16
297.20	39760.73
297.27	39778.17
297.34	39795.13
297.40	39814.47
297.47	39826.57
297.53	39842.12
297.60	39862.22
297.67	39871.61
297.73	39884.29
297.80	39898.43
297.86	39903.69
297.93	39912.45
298.00	39932.67
298.06	39946.57
298.13	39968.07
298.19	39986.48
298.26	40001.91
298.32	40020.07
298.39	40039.26
298.46	40039.19
298.52	40059.64
298.59	40069.85
298.65	40079.82
298.72	40099.31
298.78	40129.53
298.85	40151.80
298.92	40168.57
298.98	40184.12
299.05	40191.06
299.11	40203.43
299.18	40214.82
299.24	40235.38
299.31	40243.80
299.38	40256.87
299.44	40262.80
299.51	40274.15
299.57	40289.42
299.64	40309.79
299.70	40326.58
299.77	40343.14
299.84	40351.07
299.90	40347.80
299.97	40342.99
300.03	40345.22
300.10	40360.31
300.16	40372.82
300.23	40397.47
300.30	40417.56
300.36	40429.67
300.43	40443.21
300.49	40455.58
300.56	40471.28
300.62	40492.92
300.69	40517.99
300.75	40525.97
300.82	40543.23
300.89	40553.87
300.95	40566.78
301.02	40568.05
301.08	40579.15
301.15	40583.85
301.21	40588.22
301.28	40590.27
301.34	40601.38
301.41	40600.34
301.48	40596.81
301.54	40590.61
301.61	40589.83
301.67	40590.08
301.74	40600.92
301.80	40612.07
301.87	40620.12
301.93	40620.07
302.00	40620.20
302.06	40609.99
302.13	40597.71
302.20	40596.02
302.26	40594.90
302.33	40589.94
302.39	40587.71
302.46	40587.52
302.52	40577.89
302.59	40581.07
302.65	40581.82
302.72	40579.19
302.78	40585.74
302.85	40592.50
302.91	40587.94
302.98	40582.01
303.05	40580.43
303.11	40575.77
303.18	40565.13
303.24	40562.91
303.31	40555.13
303.37	40544.92
303.44	40537.98
303.50	40530.23
303.57	40512.56
303.63	40505.01
303.70	40495.88
303.76	40474.97
303.83	40463.94
303.89	40451.32
303.96	40434.96
304.03	40422.98
304.09	40419.14
304.16	40401.99
304.22	40380.72
304.29	40366.61
304.35	40349.99
304.42	40332.10
304.48	40316.92
304.55	40304.59
304.61	40293.35
304.68	40285.23
304.74	40274.67
304.81	40272.62
304.87	40255.14
304.94	40232.53
305.00	40211.90
305.07	40184.02
305.13	40148.15
305.20	40121.52
305.26	40102.01
305.33	40080.34
305.39	40062.11
305.46	40037.99
305.52	40025.20
305.59	40005.57
305.66	39979.92
305.72	39950.13
305.79	39928.87
305.85	39902.71
305.92	39868.98
305.98	39808.04
306.05	39680.95
306.11	39454.68
306.18	39164.12
306.24	38913.04
306.31	38779.76
306.37	38802.42
306.44	38974.12
306.50	39214.72
306.57	39424.11
306.63	39541.08
306.70	39561.87
306.76	39539.32
306.83	39503.32
306.89	39460.17
306.96	39422.24
307.02	39390.67
307.09	39356.51
307.15	39327.47
307.22	39300.05
307.28	39263.75
307.35	39227.20
307.41	39188.52
307.48	39146.79
307.54	39106.57
307.61	39069.20
307.67	39027.60
307.74	38985.87
307.80	38951.76
307.87	38914.08
307.93	38877.25
308.00	38848.20
308.06	38821.62
308.13	38783.39
308.19	38744.66
308.26	38705.67
308.32	38670.82
308.38	38632.20
308.45	38596.61
308.51	38570.22
308.58	38527.13
308.64	38474.99
308.71	38426.27
308.77	38381.45
308.84	38328.57
308.90	38307.76
308.97	38290.12
309.03	38271.31
309.10	38247.92
309.16	38212.76
309.23	38168.14
309.29	38118.30
309.36	38054.98
309.42	37993.39
309.49	37940.42
309.55	37881.13
309.62	37825.05
309.68	37778.47
309.75	37732.95
309.81	37687.22
309.88	37649.71
309.94	37603.39
310.00	37564.44
310.07	37518.33
310.13	37483.15
310.20	37437.04
310.26	37399.75
310.33	37355.82
310.39	37320.63
310.46	37274.11
310.52	37232.61
310.59	37191.99
310.65	37153.85
310.72	37111.43
310.78	37070.89
310.85	37020.35
310.91	36980.11
310.97	36937.26
311.04	36892.82
311.10	36843.22
311.17	36810.15
311.23	36764.35
311.30	36723.45
311.36	36686.07
311.43	36662.76
311.49	36618.88
311.56	36582.10
311.62	36533.77
311.69	36487.66
311.75	36436.63
311.81	36388.88
311.88	36336.68
311.94	36298.51
312.01	36271.70
312.07	36240.02
312.14	36209.79
312.20	36183.82
312.27	36149.68
312.33	36092.82
312.40	36037.24
312.46	35984.65
312.52	35933.85
312.59	35890.77
312.65	35846.24
312.72	35796.83
312.78	35750.38
312.85	35701.15
312.91	35641.33
312.98	35593.74
313.04	35555.14
313.10	35511.77
313.17	35469.95
313.23	35440.69
313.30	35402.43
313.36	35354.38
313.43	35305.19
313.49	35258.45
313.56	35200.37
313.62	35147.80
313.68	35103.11
313.75	35066.87
313.81	35025.30
313.88	34983.66
313.94	34942.77
314.01	34900.92
314.07	34858.33
314.13	34818.60
314.20	34773.76
314.26	34731.42
314.33	34688.05
314.39	34638.43
314.46	34574.66
314.52	34529.54
314.58	34477.79
314.65	34425.61
314.71	34377.10
314.78	34341.62
314.84	34297.18
314.91	34257.62
314.97	34215.23
315.03	34175.83
315.10	34132.87
315.16	34080.68
315.23	34037.74
315.29	33991.17
315.36	33937.02
315.42	33889.84
315.48	33851.05
315.55	33800.46
315.61	33751.33
315.68	33717.51
315.74	33677.22
315.81	33636.92
315.87	33597.59
315.93	33569.52
316.00	33540.35
316.06	33504.18
316.13	33478.89
316.19	33443.56
316.25	33373.06
316.32	33275.91
316.38	33163.62
316.45	33010.83
316.51	32845.61
316.58	32676.84
316.64	32492.91
316.70	32311.02
316.77	32115.03
316.83	31896.48
316.90	31663.07
316.96	31418.49
317.02	31152.49
317.09	30876.96
317.15	30597.49
317.22	30302.03
317.28	29991.82
317.34	29657.54
317.41	29319.62
317.47	28964.64
317.54	28595.32
317.60	28210.39
317.66	27813.34
317.73	27388.58
317.79	26952.35
317.86	26510.27
317.92	26054.94
317.98	25578.02
318.05	25086.91
318.11	24583.14
318.18	24075.19
318.24	23550.87
318.30	23023.22
318.37	22495.07
318.43	21946.55
318.50	21381.90
318.56	20809.81
318.62	20237.51
318.69	19661.48
318.75	19088.17
318.82	18504.22
318.88	17930.12
318.94	17349.70
319.01	16765.47
319.07	16191.38
319.13	15620.27
319.20	15046.34
319.26	14474.32
319.33	13909.12
319.39	13339.70
319.45	12790.22
319.52	12249.22
319.58	11720.33
319.65	11196.32
319.71	10685.26
319.77	10177.54
319.84	9681.72
319.90	9201.44
319.96	8731.85
320.03	8271.15
320.09	7829.74
320.16	7397.19
320.22	6979.90
320.28	6580.10
320.35	6200.92
320.41	5834.05
320.47	5488.88
320.54	5155.21
320.60	4841.68
320.67	4543.90
320.73	4260.61
320.79	3989.47
320.86	3735.56
320.92	3490.90
320.98	3264.89
321.05	3053.02
321.11	2850.62
321.18	2664.00
321.24	2492.94
321.30	2326.13
321.37	2174.59
321.43	2045.06
321.49	1919.99
321.56	1804.38
321.62	1704.99
321.68	1606.62
321.75	1515.42
321.81	1433.72
321.88	1358.21
321.94	1292.55
322.00	1235.41
322.07	1176.58
322.13	1123.06
322.19	1071.86
322.26	1019.32
322.32	973.71
322.38	936.30
322.45	905.47
322.51	873.92
322.58	850.53
322.64	820.43
322.70	794.39
322.77	762.04
322.83	742.26
322.89	712.11
322.96	686.36
323.02	659.76
323.08	634.71
323.15	606.25
323.21	584.02
323.27	562.32
323.34	539.56
323.40	517.82
323.46	495.37
323.53	467.20
323.59	397.53
323.65	299.98
323.72	189.35
323.78	82.10
323.85	-16.18
323.91	-66.43
323.97	-84.28
324.04	-85.67
