180.21	3422.28
180.28	-125.40
180.36	631.17
180.44	-48.43
180.51	-17.86
180.59	5.27
180.66	32.58
180.74	31.08
180.81	31.02
180.89	33.48
180.97	34.66
181.04	32.77
181.12	31.93
181.19	33.15
181.27	33.89
181.34	50.19
181.42	57.20
181.50	64.52
181.57	75.45
181.65	80.81
181.72	75.73
181.80	71.45
181.87	72.66
181.95	73.89
182.03	75.75
182.10	81.29
182.18	87.55
182.25	97.89
182.33	105.37
182.40	120.26
182.48	124.39
182.55	145.13
182.63	158.86
182.71	172.00
182.78	186.04
182.86	201.34
182.93	197.49
183.01	190.51
183.08	178.51
183.16	169.72
183.23	159.73
183.31	170.90
183.39	185.66
183.46	216.01
183.54	238.34
183.61	277.15
183.69	309.82
183.76	356.91
183.84	395.72
183.91	438.88
183.99	490.46
184.06	530.36
184.14	573.90
184.22	625.80
184.29	655.62
184.37	665.98
184.44	674.26
184.52	631.27
184.59	545.19
184.67	473.80
184.74	406.51
184.82	368.02
184.89	380.23
184.97	445.48
185.04	530.25
185.12	618.29
185.20	711.96
185.27	803.44
185.35	898.40
185.42	961.22
185.50	1031.05
185.57	1085.95
185.65	1130.09
185.72	1180.78
185.80	1263.74
185.87	1328.27
185.95	1417.52
186.02	1530.08
186.10	1580.71
186.17	1582.19
186.25	1513.47
186.33	1320.79
186.40	1105.14
186.48	959.35
186.55	885.47
186.63	913.37
186.70	1068.06
186.78	1238.90
186.85	1386.77
186.93	1510.79
187.00	1628.09
187.08	1744.75
187.15	1859.72
187.23	1992.27
187.30	2120.17
187.38	2235.07
187.45	2363.49
187.53	2489.47
187.60	2574.54
187.68	2689.97
187.75	2814.58
187.83	2878.37
187.90	2947.14
187.98	3024.65
188.05	2990.95
188.13	2793.34
188.21	2507.30
188.28	2226.79
188.36	1974.55
188.43	1835.56
188.51	1903.18
188.58	2117.26
188.66	2323.98
188.73	2533.39
188.81	2738.76
188.88	2901.72
188.96	3055.09
189.03	3198.29
189.11	3347.64
189.18	3473.58
189.26	3583.01
189.33	3703.26
189.41	3823.80
189.48	3905.70
189.56	4012.72
189.63	4127.96
189.71	4184.60
189.78	4253.68
189.86	4333.86
189.93	4358.29
190.01	4335.45
190.08	4250.51
190.16	3993.81
190.23	3618.69
190.31	3302.10
190.38	3087.87
190.46	3004.08
190.53	3113.49
190.61	3370.54
190.68	3610.23
190.76	3828.35
190.83	4011.21
190.91	4177.43
190.98	4338.99
191.06	4486.24
191.13	4632.20
191.21	4765.27
191.28	4881.58
191.35	4996.89
191.43	5102.51
191.50	5173.19
191.58	5259.94
191.65	5337.54
191.73	5373.19
191.80	5419.78
191.88	5445.34
191.95	5437.80
192.03	5441.79
192.10	5461.73
192.18	5462.05
192.25	5424.07
192.33	5279.73
192.40	5033.14
192.48	4791.65
192.55	4611.96
192.63	4526.92
192.70	4601.82
192.78	4804.21
192.85	5030.24
192.93	5230.53
193.00	5403.44
193.08	5550.56
193.15	5686.51
193.22	5785.78
193.30	5876.19
193.37	5963.62
193.45	6022.06
193.52	6082.18
193.60	6150.37
193.67	6204.73
193.75	6255.98
193.82	6314.11
193.90	6341.61
193.97	6369.99
194.05	6401.79
194.12	6425.43
194.20	6467.28
194.27	6517.73
194.34	6556.32
194.42	6583.77
194.49	6615.97
194.57	6616.69
194.64	6557.96
194.72	6454.70
194.79	6351.73
194.87	6261.66
194.94	6205.38
195.02	6221.09
195.09	6298.30
195.17	6400.71
195.24	6504.18
195.31	6605.26
195.39	6704.11
195.46	6798.19
195.54	6883.67
195.61	6957.43
195.69	7017.59
195.76	7062.40
195.84	7108.18
195.91	7129.19
195.99	7137.69
196.06	7139.92
196.13	7148.95
196.21	7149.96
196.28	7164.87
196.36	7179.36
196.43	7190.41
196.51	7194.72
196.58	7201.00
196.66	7209.15
196.73	7231.71
196.80	7273.08
196.88	7317.60
196.95	7371.84
197.03	7423.00
197.10	7449.73
197.18	7455.29
197.25	7460.69
197.33	7460.93
197.40	7462.58
197.47	7474.79
197.55	7502.07
197.62	7528.88
197.70	7553.16
197.77	7582.90
197.85	7615.08
197.92	7635.22
197.99	7642.76
198.07	7634.73
198.14	7614.09
198.22	7609.26
198.29	7626.35
198.37	7668.90
198.44	7739.66
198.51	7817.54
198.59	7886.86
198.66	7950.03
198.74	8002.67
198.81	8036.17
198.89	8062.75
198.96	8083.17
199.03	8090.19
199.11	8100.52
199.18	8110.39
199.26	8122.14
199.33	8140.71
199.41	8165.68
199.48	8167.86
199.55	8160.61
199.63	8139.45
199.70	8120.94
199.78	8104.43
199.85	8119.20
199.93	8166.77
200.00	8247.75
200.07	8328.47
200.15	8416.44
200.22	8494.18
200.30	8550.54
200.37	8592.86
200.44	8621.46
200.52	8642.62
200.59	8669.68
200.67	8687.41
200.74	8697.28
200.81	8711.86
200.89	8723.34
200.96	8734.16
201.04	8747.90
201.11	8757.97
201.19	8758.97
201.26	8759.84
201.33	8758.37
201.41	8777.18
201.48	8822.92
201.56	8894.35
201.63	8984.14
201.70	9067.38
201.78	9141.67
201.85	9206.82
201.93	9257.23
202.00	9290.27
202.07	9326.50
202.15	9352.91
202.22	9374.75
202.30	9403.32
202.37	9437.29
202.44	9469.29
202.52	9505.51
202.59	9538.39
202.67	9562.77
202.74	9592.86
202.81	9611.14
202.89	9616.31
202.96	9632.32
203.04	9670.63
203.11	9710.38
203.18	9781.75
203.26	9879.51
203.33	9967.50
203.41	10040.58
203.48	10100.47
203.55	10130.91
203.63	10156.29
203.70	10186.91
203.77	10222.56
203.85	10263.94
203.92	10317.65
204.00	10382.48
204.07	10442.41
204.14	10498.28
204.22	10550.12
204.29	10603.30
204.37	10641.45
204.44	10680.07
204.51	10719.48
204.59	10762.73
204.66	10800.74
204.73	10854.10
204.81	10912.03
204.88	10983.81
204.96	11056.43
205.03	11131.64
205.10	11193.92
205.18	11254.50
205.25	11300.34
205.32	11349.00
205.40	11403.46
205.47	11458.29
205.55	11515.09
205.62	11584.11
205.69	11658.88
205.77	11731.04
205.84	11808.53
205.91	11887.41
205.99	11961.74
206.06	12023.11
206.14	12089.02
206.21	12158.42
206.28	12219.14
206.36	12277.71
206.43	12337.39
206.50	12405.37
206.58	12473.44
206.65	12548.31
206.72	12615.24
206.80	12681.81
206.87	12746.83
206.95	12807.17
207.02	12876.41
207.09	12959.73
207.17	13055.07
207.24	13142.48
207.31	13239.75
207.39	13331.38
207.46	13422.09
207.53	13504.58
207.61	13595.77
207.68	13681.09
207.75	13769.43
207.83	13851.52
207.90	13936.67
207.98	14009.55
208.05	14086.82
208.12	14158.90
208.20	14241.14
208.27	14323.85
208.34	14405.03
208.42	14478.54
208.49	14561.08
208.56	14632.83
208.64	14714.39
208.71	14802.70
208.78	14894.74
208.86	14997.53
208.93	15104.12
209.00	15209.65
209.08	15318.45
209.15	15435.13
209.22	15539.51
209.30	15647.29
209.37	15751.13
209.44	15860.78
209.52	15961.57
209.59	16056.20
209.67	16158.93
209.74	16257.62
209.81	16355.84
209.89	16447.14
209.96	16549.00
210.03	16636.26
210.11	16726.35
210.18	16805.07
210.25	16894.11
210.33	16982.64
210.40	17083.21
210.47	17192.23
210.55	17317.02
210.62	17442.17
210.69	17561.42
210.77	17686.38
210.84	17810.42
210.91	17940.90
210.99	18063.59
211.06	18194.27
211.13	18317.34
211.21	18440.22
211.28	18553.29
211.35	18675.24
211.42	18797.22
211.50	18920.48
211.57	19038.47
211.64	19151.89
211.72	19247.34
211.79	19331.65
211.86	19417.31
211.94	19523.53
212.01	19629.59
212.08	19759.36
212.16	19897.20
212.23	20037.81
212.30	20164.75
212.38	20297.50
212.45	20433.02
212.52	20569.84
212.60	20699.62
212.67	20834.15
212.74	20970.81
212.82	21101.75
212.89	21236.89
212.96	21372.31
213.03	21503.81
213.11	21636.72
213.18	21763.19
213.25	21892.36
213.33	22016.78
213.40	22132.45
213.47	22244.06
213.55	22362.84
213.62	22469.19
213.69	22588.47
213.77	22721.06
213.84	22858.23
213.91	23003.94
213.98	23161.86
214.06	23319.00
214.13	23474.36
214.20	23618.47
214.28	23763.67
214.35	23902.06
214.42	24035.57
214.50	24172.62
214.57	24308.46
214.64	24443.14
214.72	24583.04
214.79	24724.50
214.86	24863.11
214.93	25011.99
215.01	25159.87
215.08	25294.04
215.15	25422.74
215.23	25541.58
215.30	25661.05
215.37	25776.40
215.44	25914.54
215.52	26059.91
215.59	26216.68
215.66	26365.38
215.74	26513.17
215.81	26652.72
215.88	26800.51
215.95	26935.77
216.03	27082.60
216.10	27236.36
216.17	27386.37
216.25	27529.38
216.32	27689.69
216.39	27843.65
216.46	27991.51
216.54	28138.54
216.61	28293.73
216.68	28431.45
216.76	28567.28
216.83	28703.50
216.90	28838.50
216.97	28957.65
217.05	29088.56
217.12	29218.68
217.19	29354.11
217.27	29488.27
217.34	29628.64
217.41	29762.96
217.48	29904.37
217.56	30048.71
217.63	30201.77
217.70	30353.53
217.78	30511.43
217.85	30669.58
217.92	30816.93
217.99	30956.89
218.07	31100.33
218.14	31230.99
218.21	31370.27
218.28	31514.12
218.36	31662.35
218.43	31810.89
218.50	31970.68
218.57	32116.74
218.65	32254.00
218.72	32375.21
218.79	32490.76
218.87	32601.14
218.94	32719.24
219.01	32843.89
219.08	32976.53
219.16	33118.59
219.23	33269.64
219.30	33419.05
219.37	33564.70
219.45	33723.48
219.52	33872.57
219.59	34011.01
219.66	34133.21
219.74	34264.92
219.81	34402.84
219.88	34537.41
219.95	34670.35
220.03	34821.26
220.10	34957.71
220.17	35079.68
220.24	35211.15
220.32	35344.94
220.39	35461.89
220.46	35584.71
220.53	35704.89
220.61	35818.79
220.68	35928.08
220.75	36055.55
220.82	36183.98
220.90	36311.16
220.97	36438.85
221.04	36566.42
221.11	36675.17
221.19	36789.18
221.26	36908.53
221.33	37029.14
221.40	37158.21
221.48	37296.92
221.55	37424.26
221.62	37543.04
221.69	37663.14
221.77	37783.97
221.84	37904.35
221.91	38024.82
221.98	38153.12
222.06	38274.87
222.13	38394.28
222.20	38502.04
222.27	38615.93
222.35	38723.74
222.42	38829.53
222.49	38932.66
222.56	39040.96
222.63	39142.17
222.71	39242.42
222.78	39350.71
222.85	39456.53
222.92	39572.96
223.00	39684.27
223.07	39799.75
223.14	39902.21
223.21	40004.78
223.29	40098.98
223.36	40209.19
223.43	40312.74
223.50	40429.39
223.57	40551.88
223.65	40678.53
223.72	40791.21
223.79	40910.10
223.86	41016.12
223.94	41100.99
224.01	41183.10
224.08	41261.50
224.15	41340.93
224.22	41423.03
224.30	41511.49
224.37	41604.77
224.44	41701.12
224.51	41789.07
224.59	41869.66
224.66	41954.59
224.73	42037.81
224.80	42128.72
224.87	42223.15
224.95	42327.00
225.02	42432.76
225.09	42538.93
225.16	42638.40
225.23	42740.70
225.31	42835.34
225.38	42922.32
225.45	42999.66
225.52	43083.03
225.60	43157.04
225.67	43239.71
225.74	43315.67
225.81	43399.97
225.88	43482.08
225.96	43560.02
226.03	43630.80
226.10	43715.00
226.17	43792.15
226.24	43861.84
226.32	43947.35
226.39	44036.46
226.46	44114.07
226.53	44191.66
226.60	44282.89
226.68	44364.48
226.75	44441.75
226.82	44531.91
226.89	44622.37
226.96	44693.69
227.04	44745.70
227.11	44805.81
227.18	44862.67
227.25	44907.97
227.32	44961.62
227.40	45037.25
227.47	45104.05
227.54	45184.80
227.61	45268.34
227.68	45347.64
227.76	45421.74
227.83	45490.69
227.90	45550.96
227.97	45615.13
228.04	45673.41
228.11	45735.87
228.19	45796.97
228.26	45852.50
228.33	45903.63
228.40	45958.74
228.47	46012.38
228.55	46067.81
228.62	46126.58
228.69	46191.77
228.76	46258.00
228.83	46321.20
228.90	46384.53
228.98	46444.40
229.05	46501.90
229.12	46570.21
229.19	46634.51
229.26	46702.23
229.34	46758.19
229.41	46815.04
229.48	46857.78
229.55	46902.44
229.62	46956.79
229.69	47017.74
229.77	47073.93
229.84	47134.55
229.91	47190.81
229.98	47237.04
230.05	47277.75
230.12	47321.77
230.20	47369.02
230.27	47422.86
230.34	47476.31
230.41	47534.66
230.48	47596.27
230.55	47655.20
230.63	47709.71
230.70	47775.81
230.77	47824.14
230.84	47866.62
230.91	47898.58
230.98	47934.38
231.06	47964.02
231.13	48019.22
231.20	48073.65
231.27	48134.70
231.34	48194.68
231.41	48254.38
231.49	48300.27
231.56	48351.21
231.63	48400.77
231.70	48446.08
231.77	48485.07
231.84	48524.21
231.92	48553.57
231.99	48589.14
232.06	48625.13
232.13	48661.33
232.20	48706.47
232.27	48756.04
232.34	48792.68
232.42	48828.39
232.49	48858.59
232.56	48890.05
232.63	48924.53
232.70	48961.14
232.77	49009.15
232.85	49063.49
232.92	49106.23
232.99	49142.75
233.06	49175.62
233.13	49196.49
233.20	49213.49
233.27	49226.64
233.35	49242.28
233.42	49256.61
233.49	49270.19
233.56	49294.57
233.63	49325.14
233.70	49360.62
233.77	49405.67
233.85	49446.48
233.92	49484.57
233.99	49516.78
234.06	49549.68
234.13	49579.47
234.20	49607.75
234.27	49628.81
234.35	49650.76
234.42	49664.92
234.49	49677.19
234.56	49697.54
234.63	49711.68
234.70	49727.23
234.77	49742.90
234.84	49757.00
234.92	49761.09
234.99	49768.14
235.06	49781.53
235.13	49785.01
235.20	49793.22
235.27	49812.59
235.34	49829.39
235.41	49845.07
235.49	49862.99
235.56	49882.96
235.63	49896.85
235.70	49908.01
235.77	49909.78
235.84	49925.44
235.91	49925.39
235.98	49920.57
236.06	49913.35
236.13	49914.35
236.20	49897.04
236.27	49870.49
236.34	49848.43
236.41	49827.79
236.48	49807.37
236.55	49796.11
236.63	49802.24
236.70	49802.78
236.77	49812.69
236.84	49828.07
236.91	49842.55
236.98	49852.84
237.05	49871.48
237.12	49879.72
237.19	49869.96
237.27	49869.29
237.34	49870.08
237.41	49861.26
237.48	49849.42
237.55	49843.47
237.62	49829.41
237.69	49820.92
237.76	49814.50
237.83	49823.29
237.91	49830.84
237.98	49836.74
238.05	49832.93
238.12	49837.80
238.19	49822.68
238.26	49827.45
238.33	49821.19
238.40	49811.35
238.47	49793.94
238.54	49796.17
238.62	49775.76
238.69	49760.04
238.76	49758.38
238.83	49755.62
238.90	49741.24
238.97	49729.85
239.04	49727.86
239.11	49722.49
239.18	49724.20
239.25	49723.76
239.33	49707.50
239.40	49688.79
239.47	49663.40
239.54	49626.04
239.61	49587.65
239.68	49565.78
239.75	49544.80
239.82	49530.35
239.89	49521.28
239.96	49528.22
240.03	49528.34
240.11	49527.04
240.18	49527.85
240.25	49524.59
240.32	49508.37
240.39	49496.14
240.46	49484.87
240.53	49474.25
240.60	49468.64
240.67	49469.45
240.74	49468.55
240.81	49462.27
240.88	49449.74
240.96	49435.77
241.03	49421.70
241.10	49416.82
241.17	49409.87
241.24	49401.03
241.31	49408.71
241.38	49405.53
241.45	49392.54
241.52	49386.93
241.59	49383.10
241.66	49363.87
241.73	49349.27
241.80	49336.56
241.88	49323.29
241.95	49302.70
242.02	49286.28
242.09	49265.59
242.16	49246.00
242.23	49236.18
242.30	49229.38
242.37	49216.02
242.44	49221.79
242.51	49216.75
242.58	49206.41
242.65	49199.16
242.72	49198.73
242.79	49178.61
242.87	49183.94
242.94	49173.00
243.01	49170.77
243.08	49173.54
243.15	49178.22
243.22	49166.50
243.29	49172.95
243.36	49170.61
243.43	49169.44
243.50	49188.00
243.57	49212.05
243.64	49220.99
243.71	49236.39
243.78	49240.52
243.85	49224.57
243.92	49210.91
243.99	49205.04
244.07	49189.52
244.14	49171.89
244.21	49165.89
244.28	49152.97
244.35	49136.55
244.42	49124.47
244.49	49120.93
244.56	49114.95
244.63	49117.95
244.70	49118.96
244.77	49122.52
244.84	49129.22
244.91	49140.69
244.98	49152.79
245.05	49171.28
245.12	49186.71
245.19	49206.96
245.26	49214.44
245.33	49225.59
245.40	49243.56
245.47	49274.17
245.55	49292.50
245.62	49305.68
245.69	49309.14
245.76	49307.77
245.83	49301.54
245.90	49293.46
245.97	49292.87
246.04	49303.29
246.11	49313.59
246.18	49319.95
246.25	49323.92
246.32	49322.32
246.39	49316.96
246.46	49314.78
246.53	49319.78
246.60	49328.60
246.67	49348.77
246.74	49367.86
246.81	49388.30
246.88	49398.90
246.95	49418.35
247.02	49444.20
247.09	49456.01
247.16	49458.16
247.23	49455.01
247.30	49446.84
247.37	49431.36
247.44	49433.35
247.51	49444.99
247.58	49477.33
247.66	49508.98
247.73	49551.83
247.80	49585.59
247.87	49613.42
247.94	49631.96
248.01	49661.05
248.08	49673.12
248.15	49692.06
248.22	49708.29
248.29	49736.53
248.36	49751.07
248.43	49775.42
248.50	49794.60
248.57	49818.01
248.64	49823.77
248.71	49835.51
248.78	49856.56
248.85	49869.37
248.92	49883.21
248.99	49893.21
249.06	49904.33
249.13	49903.31
249.20	49921.20
249.27	49943.72
249.34	49958.67
249.41	49963.18
249.48	49957.12
249.55	49940.76
249.62	49929.04
249.69	49940.31
249.76	49963.17
249.83	50002.16
249.90	50050.77
249.97	50089.94
250.04	50122.65
250.11	50156.51
250.18	50180.64
250.25	50204.79
250.32	50219.26
250.39	50239.29
250.46	50249.87
250.53	50268.68
250.60	50280.08
250.67	50300.54
250.74	50315.39
250.81	50325.99
250.88	50339.06
250.95	50344.10
251.02	50361.91
251.09	50377.06
251.16	50405.08
251.23	50429.72
251.30	50453.30
251.37	50463.79
251.44	50474.08
251.51	50479.87
251.58	50484.03
251.65	50497.06
251.72	50506.83
251.79	50524.06
251.86	50533.40
251.93	50543.05
252.00	50547.76
252.07	50550.73
252.14	50555.70
252.21	50565.46
252.28	50569.58
252.35	50581.02
252.42	50610.31
252.49	50625.65
252.56	50630.75
252.63	50642.27
252.70	50644.67
252.77	50640.85
252.84	50642.97
252.91	50658.21
252.98	50672.48
253.05	50697.64
253.12	50702.21
253.19	50710.37
253.25	50722.56
253.32	50725.72
253.39	50740.27
253.46	50762.25
253.53	50780.18
253.60	50787.23
253.67	50796.19
253.74	50799.22
253.81	50808.84
253.88	50818.45
253.95	50833.63
254.02	50851.92
254.09	50861.55
254.16	50864.93
254.23	50867.41
254.30	50870.17
254.37	50879.97
254.44	50890.91
254.51	50903.71
254.58	50918.12
254.65	50929.90
254.72	50928.98
254.79	50916.61
254.86	50909.03
254.93	50899.19
255.00	50896.43
255.07	50897.38
255.14	50907.01
255.21	50910.05
255.28	50905.39
255.34	50889.49
255.41	50882.12
255.48	50868.02
255.55	50858.32
255.62	50855.20
255.69	50861.15
255.76	50857.88
255.83	50858.44
255.90	50868.53
255.97	50882.81
256.04	50879.13
256.11	50886.45
256.18	50883.57
256.25	50878.24
256.32	50860.85
256.39	50866.04
256.46	50859.06
256.53	50861.27
256.60	50858.79
256.67	50867.38
256.74	50861.86
256.80	50863.79
256.87	50869.40
256.94	50866.99
257.01	50858.43
257.08	50850.93
257.15	50833.44
257.22	50812.87
257.29	50785.72
257.36	50766.48
257.43	50750.09
257.50	50743.11
257.57	50730.04
257.64	50728.05
257.71	50711.87
257.78	50694.62
257.85	50669.04
257.92	50652.05
257.98	50638.62
258.05	50630.25
258.12	50615.71
258.19	50605.23
258.26	50586.22
258.33	50565.87
258.40	50555.17
258.47	50551.19
258.54	50547.58
258.61	50546.84
258.68	50546.30
258.75	50533.70
258.82	50516.94
258.89	50496.03
258.95	50479.84
259.02	50466.92
259.09	50455.21
259.16	50436.27
259.23	50412.02
259.30	50380.93
259.37	50350.05
259.44	50320.59
259.51	50300.97
259.58	50297.22
259.65	50280.95
259.72	50256.64
259.79	50226.13
259.85	50195.43
259.92	50156.28
259.99	50133.19
260.06	50112.42
260.13	50091.93
260.20	50062.90
260.27	50024.09
260.34	49984.61
260.41	49949.01
260.48	49917.53
260.55	49906.36
260.62	49895.11
260.68	49877.22
260.75	49850.76
260.82	49827.46
260.89	49790.16
260.96	49764.66
261.03	49744.63
261.10	49725.11
261.17	49700.84
261.24	49673.00
261.31	49643.95
261.38	49611.00
261.44	49574.89
261.51	49535.45
261.58	49498.00
261.65	49453.71
261.72	49412.57
261.79	49374.50
261.86	49345.24
261.93	49319.28
262.00	49293.02
262.07	49258.52
262.13	49227.84
262.20	49192.34
262.27	49148.18
262.34	49111.34
262.41	49081.46
262.48	49048.03
262.55	49018.54
262.62	48990.77
262.69	48958.21
262.76	48922.91
262.82	48883.15
262.89	48845.34
262.96	48812.76
263.03	48781.30
263.10	48755.75
263.17	48725.59
263.24	48694.28
263.31	48660.92
263.38	48624.19
263.44	48587.48
263.51	48549.19
263.58	48504.78
263.65	48466.30
263.72	48422.58
263.79	48374.59
263.86	48331.24
263.93	48291.85
264.00	48242.54
264.06	48209.43
264.13	48174.99
264.20	48147.01
264.27	48105.12
264.34	48069.74
264.41	48025.96
264.48	47980.06
264.55	47927.66
264.61	47884.09
264.68	47840.28
264.75	47801.07
264.82	47751.00
264.89	47711.91
264.96	47674.63
265.03	47636.66
265.10	47595.01
265.16	47564.26
265.23	47533.79
265.30	47516.74
265.37	47481.61
265.44	47442.88
265.51	47406.72
265.58	47351.39
265.65	47285.38
265.71	47234.29
265.78	47192.61
265.85	47142.37
265.92	47098.61
265.99	47053.79
266.06	47016.02
266.13	46965.64
266.20	46928.62
266.26	46899.71
266.33	46863.18
266.40	46820.32
266.47	46773.07
266.54	46709.44
266.61	46648.11
266.68	46594.38
266.74	46533.47
266.81	46482.88
266.88	46441.11
266.95	46391.29
267.02	46341.41
267.09	46301.69
267.16	46260.74
267.22	46222.45
267.29	46183.42
267.36	46140.96
267.43	46102.98
267.50	46066.60
267.57	46035.95
267.64	46008.60
267.70	45973.84
267.77	45934.00
267.84	45898.07
267.91	45849.01
267.98	45794.25
268.05	45749.49
268.11	45701.36
268.18	45641.63
268.25	45592.94
268.32	45550.46
268.39	45512.92
268.46	45474.21
268.53	45443.43
268.59	45407.21
268.66	45368.58
268.73	45327.46
268.80	45287.27
268.87	45237.23
268.94	45192.20
269.00	45149.84
269.07	45114.69
269.14	45091.18
269.21	45069.92
269.28	45037.62
269.35	45000.24
269.41	44954.30
269.48	44893.94
269.55	44834.59
269.62	44785.25
269.69	44749.88
269.76	44704.06
269.82	44666.09
269.89	44638.62
269.96	44610.96
270.03	44568.19
270.10	44539.79
270.17	44500.95
270.23	44458.09
270.30	44411.96
270.37	44385.18
270.44	44362.37
270.51	44334.65
270.58	44302.74
270.64	44276.03
270.71	44239.51
270.78	44196.87
270.85	44160.79
270.92	44127.46
270.99	44089.56
271.05	44052.35
271.12	44008.52
271.19	43972.36
271.26	43930.26
271.33	43894.36
271.39	43856.35
271.46	43812.88
271.53	43779.84
271.60	43757.77
271.67	43726.02
271.74	43693.64
271.80	43673.10
271.87	43649.67
271.94	43614.26
272.01	43588.08
272.08	43560.25
272.14	43520.28
272.21	43487.10
272.28	43470.63
272.35	43446.55
272.42	43423.58
272.48	43417.48
272.55	43394.03
272.62	43360.54
272.69	43340.68
272.76	43325.52
272.83	43303.48
272.89	43281.33
272.96	43257.02
273.03	43219.53
273.10	43177.22
273.17	43146.86
273.23	43119.39
273.30	43098.42
273.37	43074.29
273.44	43059.56
273.51	43031.12
273.57	43005.04
273.64	42973.63
273.71	42954.85
273.78	42921.85
273.85	42902.72
273.91	42876.92
273.98	42864.77
274.05	42848.63
274.12	42841.90
274.19	42824.14
274.25	42813.01
274.32	42787.07
274.39	42757.00
274.46	42720.87
274.53	42672.68
274.59	42621.59
274.66	42584.54
274.73	42561.67
274.80	42532.56
274.86	42516.56
274.93	42500.15
275.00	42468.44
275.07	42421.02
275.14	42391.54
275.20	42356.79
275.27	42333.06
275.34	42311.29
275.41	42303.10
275.48	42285.37
275.54	42269.82
275.61	42243.96
275.68	42227.80
275.75	42202.97
275.81	42174.21
275.88	42151.87
275.95	42130.99
276.02	42097.27
276.09	42062.17
276.15	42032.16
276.22	41998.64
276.29	41978.26
276.36	41959.30
276.42	41942.80
276.49	41928.19
276.56	41910.04
276.63	41879.29
276.70	41857.78
276.76	41836.13
276.83	41815.56
276.90	41796.45
276.97	41776.50
277.03	41757.93
277.10	41737.88
277.17	41719.12
277.24	41708.90
277.30	41687.62
277.37	41664.94
277.44	41650.44
277.51	41632.73
277.58	41599.43
277.64	41580.22
277.71	41558.79
277.78	41535.70
277.85	41507.39
277.91	41482.26
277.98	41456.62
278.05	41432.63
278.12	41413.88
278.18	41388.51
278.25	41373.73
278.32	41361.37
278.39	41344.11
278.45	41319.54
278.52	41306.74
278.59	41291.88
278.66	41268.53
278.72	41252.36
278.79	41234.83
278.86	41213.04
278.93	41195.62
278.99	41183.03
279.06	41156.36
279.13	41130.84
279.20	41116.11
279.26	41099.79
279.33	41081.08
279.40	41067.19
279.47	41045.76
279.53	41015.97
279.60	40979.27
279.67	40942.86
279.74	40913.30
279.80	40893.98
279.87	40881.91
279.94	40871.14
280.01	40861.93
280.07	40845.04
280.14	40826.93
280.21	40793.10
280.28	40767.92
280.34	40746.92
280.41	40729.43
280.48	40706.05
280.55	40689.13
280.61	40664.01
280.68	40637.89
280.75	40604.68
280.82	40569.64
280.88	40531.53
280.95	40479.64
281.02	40415.57
281.08	40347.86
281.15	40278.31
281.22	40211.45
281.29	40160.61
281.35	40114.49
281.42	40083.02
281.49	40049.67
281.56	40023.36
281.62	39988.30
281.69	39954.16
281.76	39919.93
281.82	39891.75
281.89	39858.79
281.96	39836.18
282.03	39813.17
282.09	39791.63
282.16	39769.82
282.23	39743.39
282.30	39714.48
282.36	39689.79
282.43	39662.65
282.50	39645.40
282.56	39624.35
282.63	39611.76
282.70	39598.32
282.77	39584.33
282.83	39563.59
282.90	39554.57
282.97	39530.56
283.03	39503.16
283.10	39481.23
283.17	39458.81
283.24	39430.01
283.30	39403.99
283.37	39377.71
283.44	39347.48
283.50	39320.52
283.57	39305.51
283.64	39285.28
283.71	39263.08
283.77	39233.36
283.84	39198.44
283.91	39150.74
283.97	39112.85
284.04	39098.24
284.11	39094.10
284.18	39099.61
284.24	39110.27
284.31	39123.20
284.38	39125.10
284.44	39117.66
284.51	39103.91
284.58	39092.95
284.64	39080.92
284.71	39068.89
284.78	39060.78
284.85	39055.30
284.91	39041.12
284.98	39025.33
285.05	38992.06
285.11	38969.72
285.18	38942.54
285.25	38926.43
285.31	38914.94
285.38	38921.16
285.45	38918.55
285.52	38914.08
285.58	38910.29
285.65	38898.86
285.72	38881.10
285.78	38867.05
285.85	38858.66
285.92	38838.18
285.98	38822.17
286.05	38808.59
286.12	38795.91
286.18	38784.67
286.25	38784.12
286.32	38778.22
286.39	38778.70
286.45	38772.90
286.52	38764.74
286.59	38750.65
286.65	38743.91
286.72	38740.42
286.79	38730.48
286.85	38715.53
286.92	38707.45
286.99	38701.26
287.05	38675.14
287.12	38667.78
287.19	38662.01
287.25	38660.04
287.32	38654.28
287.39	38657.75
287.45	38650.17
287.52	38649.81
287.59	38657.19
287.65	38659.51
287.72	38652.64
287.79	38648.12
287.86	38639.26
287.92	38617.97
287.99	38596.88
288.06	38596.07
288.12	38587.66
288.19	38586.73
288.26	38572.32
288.32	38568.95
288.39	38558.84
288.46	38558.95
288.52	38554.38
288.59	38562.54
288.66	38567.56
288.72	38565.29
288.79	38565.04
288.86	38564.49
288.92	38559.10
288.99	38550.07
289.06	38551.80
289.12	38546.97
289.19	38548.22
289.26	38556.45
289.32	38568.31
289.39	38570.30
289.45	38580.66
289.52	38575.98
289.59	38574.16
289.65	38578.14
289.72	38581.13
289.79	38592.17
289.85	38611.71
289.92	38620.43
289.99	38624.91
290.05	38626.79
290.12	38608.01
290.19	38596.00
290.25	38589.95
290.32	38580.68
290.39	38584.48
290.45	38599.70
290.52	38606.82
290.59	38611.04
290.65	38612.90
290.72	38609.75
290.79	38606.48
290.85	38609.67
290.92	38626.04
290.98	38642.20
291.05	38659.60
291.12	38667.99
291.18	38682.84
291.25	38685.52
291.32	38683.81
291.38	38679.12
291.45	38682.67
291.52	38680.77
291.58	38679.59
291.65	38686.04
291.72	38701.43
291.78	38717.95
291.85	38727.15
291.91	38736.57
291.98	38762.74
292.05	38771.59
292.11	38782.07
292.18	38792.43
292.25	38806.15
292.31	38793.95
292.38	38799.68
292.45	38799.38
292.51	38810.91
292.58	38815.09
292.64	38830.19
292.71	38836.56
292.78	38847.64
292.84	38844.61
292.91	38853.08
292.98	38861.55
293.04	38864.59
293.11	38866.89
293.17	38879.23
293.24	38892.68
293.31	38908.47
293.37	38933.23
293.44	38954.26
293.51	38971.99
293.57	38983.54
293.64	38990.59
293.70	39001.77
293.77	39014.10
293.84	39024.64
293.90	39028.54
293.97	39030.95
294.04	39036.15
294.10	39037.21
294.17	39042.71
294.23	39062.11
294.30	39074.74
294.37	39090.65
294.43	39115.34
294.50	39128.62
294.56	39143.45
294.63	39155.09
294.70	39160.10
294.76	39169.04
294.83	39183.64
294.90	39192.82
294.96	39219.34
295.03	39242.30
295.09	39266.12
295.16	39290.81
295.23	39307.92
295.29	39318.48
295.36	39324.21
295.42	39326.14
295.49	39328.23
295.56	39341.96
295.62	39357.93
295.69	39373.05
295.75	39389.17
295.82	39411.13
295.89	39415.73
295.95	39421.10
296.02	39434.71
296.08	39437.62
296.15	39431.12
296.22	39440.23
296.28	39457.59
296.35	39476.95
296.41	39498.18
296.48	39527.99
296.55	39560.81
296.61	39579.17
296.68	39596.62
296.74	39620.42
296.81	39649.47
296.88	39665.60
296.94	39687.93
297.01	39709.22
297.07	39726.84
297.14	39735.44
297.20	39752.28
297.27	39767.40
297.34	39784.63
297.40	39802.13
297.47	39813.71
297.53	39826.51
297.60	39844.85
297.67	39857.98
297.73	39872.12
297.80	39887.83
297.86	39894.12
297.93	39901.84
298.00	39910.94
298.06	39924.77
298.13	39953.14
298.19	39977.55
298.26	39993.93
298.32	40021.04
298.39	40038.26
298.46	40040.87
298.52	40057.06
298.59	40069.39
298.65	40070.34
298.72	40088.64
298.78	40110.10
298.85	40125.88
298.92	40148.60
298.98	40172.19
299.05	40182.98
299.11	40198.11
299.18	40210.79
299.24	40226.51
299.31	40236.24
299.38	40250.47
299.44	40252.54
299.51	40260.52
299.57	40271.73
299.64	40289.38
299.70	40299.91
299.77	40313.39
299.84	40324.14
299.90	40325.75
299.97	40319.03
300.03	40323.25
300.10	40344.03
300.16	40365.03
300.23	40379.54
300.30	40400.65
300.36	40415.98
300.43	40430.48
300.49	40438.85
300.56	40458.05
300.62	40483.63
300.69	40498.79
300.75	40508.50
300.82	40523.30
300.89	40535.09
300.95	40542.48
301.02	40549.47
301.08	40556.95
301.15	40563.00
301.21	40574.01
301.28	40577.52
301.34	40589.05
301.41	40589.69
301.48	40593.27
301.54	40589.13
301.61	40595.29
301.67	40595.29
301.74	40604.44
301.80	40609.81
301.87	40609.37
301.93	40601.15
302.00	40600.37
302.06	40588.27
302.13	40578.78
302.20	40581.60
302.26	40579.96
302.33	40576.95
302.39	40582.41
302.46	40583.64
302.52	40572.59
302.59	40574.77
302.65	40577.03
302.72	40575.82
302.78	40577.49
302.85	40589.03
302.91	40588.56
302.98	40581.68
303.05	40578.68
303.11	40579.96
303.18	40564.61
303.24	40557.99
303.31	40550.73
303.37	40535.24
303.44	40521.98
303.50	40515.31
303.57	40499.94
303.63	40491.84
303.70	40486.31
303.76	40469.25
303.83	40461.38
303.89	40455.80
303.96	40445.02
304.03	40429.09
304.09	40419.07
304.16	40392.72
304.22	40368.85
304.29	40351.35
304.35	40333.60
304.42	40315.94
304.48	40309.58
304.55	40298.26
304.61	40285.80
304.68	40280.57
304.74	40274.79
304.81	40262.91
304.87	40241.08
304.94	40211.71
305.00	40185.91
305.07	40152.99
305.13	40125.57
305.20	40103.08
305.26	40093.99
305.33	40072.19
305.39	40057.04
305.46	40032.82
305.52	40015.89
305.59	39993.22
305.66	39973.28
305.72	39950.86
305.79	39928.46
305.85	39903.37
305.92	39867.46
305.98	39808.73
306.05	39672.99
306.11	39442.39
306.18	39152.87
306.24	38894.53
306.31	38758.00
306.37	38774.51
306.44	38943.83
306.50	39187.39
306.57	39400.26
306.63	39516.20
306.70	39544.02
306.76	39522.95
306.83	39483.08
306.89	39440.22
306.96	39400.42
307.02	39370.63
307.09	39344.89
307.15	39319.32
307.22	39302.63
307.28	39270.60
307.35	39238.15
307.41	39194.30
307.48	39153.39
307.54	39106.13
307.61	39076.88
307.67	39036.70
307.74	38995.26
307.80	38959.24
307.87	38922.06
307.93	38876.83
308.00	38840.34
308.06	38815.71
308.13	38774.90
308.19	38737.80
308.26	38696.95
308.32	38663.50
308.38	38625.62
308.45	38594.84
308.51	38571.79
308.58	38533.35
308.64	38479.08
308.71	38432.76
308.77	38387.27
308.84	38329.03
308.90	38303.96
308.97	38290.72
309.03	38268.39
309.10	38233.59
309.16	38204.94
309.23	38161.23
309.29	38112.57
309.36	38051.56
309.42	38000.52
309.49	37944.10
309.55	37887.07
309.62	37827.36
309.68	37781.25
309.75	37729.24
309.81	37681.16
309.88	37643.99
309.94	37603.41
310.00	37558.38
310.07	37519.61
310.13	37485.93
310.20	37440.46
310.26	37402.96
310.33	37357.24
310.39	37326.51
310.46	37289.49
310.52	37244.87
310.59	37201.32
310.65	37171.70
310.72	37118.74
310.78	37064.88
310.85	37019.14
310.91	36974.24
310.97	36932.50
311.04	36895.13
311.10	36851.48
311.17	36810.47
311.23	36770.31
311.30	36725.17
311.36	36686.90
311.43	36659.85
311.49	36621.11
311.56	36581.95
311.62	36538.73
311.69	36489.00
311.75	36441.10
311.81	36392.20
311.88	36342.96
311.94	36302.87
312.01	36276.80
312.07	36235.87
312.14	36207.84
312.20	36178.99
312.27	36139.88
312.33	36081.38
312.40	36032.85
312.46	35979.70
312.52	35927.37
312.59	35879.94
312.65	35836.24
312.72	35785.04
312.78	35738.43
312.85	35683.86
312.91	35624.37
312.98	35573.52
313.04	35531.16
313.10	35488.29
313.17	35454.01
313.23	35431.13
313.30	35399.54
313.36	35354.78
313.43	35307.02
313.49	35258.68
313.56	35193.61
313.62	35140.99
313.68	35094.27
313.75	35054.30
313.81	35008.78
313.88	34969.37
313.94	34925.06
314.01	34890.73
314.07	34847.23
314.13	34809.08
314.20	34770.98
314.26	34727.39
314.33	34678.73
314.39	34636.65
314.46	34579.26
314.52	34528.05
314.58	34478.22
314.65	34430.43
314.71	34378.72
314.78	34341.20
314.84	34306.67
314.91	34272.08
314.97	34233.34
315.03	34191.85
315.10	34150.03
315.16	34090.79
315.23	34038.76
315.29	33989.07
315.36	33945.49
315.42	33898.29
315.48	33859.57
315.55	33817.88
315.61	33765.91
315.68	33726.55
315.74	33684.36
315.81	33644.02
315.87	33600.83
315.93	33567.38
316.00	33532.14
316.06	33498.59
316.13	33475.21
316.19	33443.96
316.25	33384.81
316.32	33290.62
316.38	33175.54
316.45	33026.37
316.51	32859.94
316.58	32689.49
316.64	32507.81
316.70	32323.54
316.77	32118.11
316.83	31899.06
316.90	31663.92
316.96	31420.20
317.02	31160.74
317.09	30895.13
317.15	30616.89
317.22	30321.36
317.28	30008.23
317.34	29680.28
317.41	29341.37
317.47	28989.40
317.54	28625.41
317.60	28241.21
317.66	27839.07
317.73	27416.50
317.79	26986.73
317.86	26545.69
317.92	26093.98
317.98	25617.04
318.05	25126.35
318.11	24619.46
318.18	24110.31
318.24	23592.68
318.30	23068.73
318.37	22539.08
318.43	21989.65
318.50	21425.73
318.56	20852.37
318.62	20284.34
318.69	19707.15
318.75	19137.23
318.82	18558.24
318.88	17986.94
318.94	17404.48
319.01	16825.69
319.07	16247.36
319.13	15670.10
319.20	15088.77
319.26	14514.66
319.33	13948.41
319.39	13376.17
319.45	12826.27
319.52	12284.62
319.58	11753.47
319.65	11225.19
319.71	10712.78
319.77	10205.83
319.84	9711.07
319.90	9226.89
319.96	8754.79
320.03	8298.18
320.09	7850.15
320.16	7414.70
320.22	6997.61
320.28	6599.32
320.35	6217.78
320.41	5855.13
320.47	5506.11
320.54	5167.78
320.60	4849.59
320.67	4548.18
320.73	4259.53
320.79	3987.37
320.86	3735.84
320.92	3491.44
320.98	3262.90
321.05	3048.21
321.11	2847.07
321.18	2659.10
321.24	2488.90
321.30	2321.74
321.37	2173.88
321.43	2042.69
321.49	1917.04
321.56	1800.52
321.62	1702.14
321.68	1603.84
321.75	1512.24
321.81	1431.62
321.88	1357.66
321.94	1292.37
322.00	1234.99
322.07	1176.09
322.13	1122.37
322.19	1070.85
322.26	1018.46
322.32	973.90
322.38	937.06
322.45	907.88
322.51	876.67
322.58	852.92
322.64	821.82
322.70	796.09
322.77	762.46
322.83	741.56
322.89	711.91
322.96	687.55
323.02	661.40
323.08	636.43
323.15	608.64
323.21	586.52
323.27	564.01
323.34	541.98
323.40	520.31
323.46	497.21
323.53	468.53
323.59	397.60
323.65	298.79
323.72	187.66
323.78	80.89
323.85	-17.46
323.91	-67.08
323.97	-85.35
324.04	-85.60
