180.21	3429.38
180.28	-126.86
180.36	632.25
180.44	-47.95
180.51	-16.50
180.59	6.98
180.66	34.90
180.74	33.46
180.81	33.09
180.89	35.42
180.97	36.83
181.04	34.60
181.12	33.54
181.19	33.78
181.27	34.07
181.34	50.14
181.42	57.20
181.50	64.20
181.57	75.66
181.65	81.22
181.72	75.95
181.80	71.19
181.87	71.88
181.95	72.19
182.03	72.13
182.10	75.73
182.18	78.68
182.25	85.52
182.33	88.26
182.40	98.44
182.48	97.53
182.55	113.01
182.63	122.17
182.71	130.09
182.78	139.19
182.86	153.91
182.93	154.26
183.01	153.43
183.08	148.72
183.16	146.48
183.23	137.31
183.31	144.91
183.39	152.26
183.46	172.95
183.54	183.62
183.61	211.11
183.69	231.67
183.76	265.69
183.84	292.55
183.91	322.85
183.99	364.56
184.06	396.49
184.14	429.50
184.22	475.36
184.29	508.22
184.37	518.94
184.44	536.88
184.52	524.24
184.59	465.56
184.67	410.51
184.74	360.79
184.82	325.93
184.89	321.57
184.97	366.73
185.04	438.29
185.12	507.63
185.20	587.00
185.27	662.12
185.35	750.44
185.42	809.79
185.50	872.99
185.57	929.15
185.65	971.38
185.72	1010.12
185.80	1088.67
185.87	1146.25
185.95	1214.21
186.02	1332.14
186.10	1400.93
186.17	1425.40
186.25	1414.32
186.33	1271.47
186.40	1069.23
186.48	921.71
186.55	827.58
186.63	814.19
186.70	940.70
186.78	1107.34
186.85	1252.02
186.93	1377.45
187.00	1483.44
187.08	1597.23
187.15	1702.94
187.23	1827.51
187.30	1958.38
187.38	2068.10
187.45	2187.51
187.53	2322.54
187.60	2402.94
187.68	2505.32
187.75	2653.00
187.83	2725.16
187.90	2786.37
187.98	2899.01
188.05	2924.72
188.13	2779.88
188.21	2522.74
188.28	2252.73
188.36	1987.78
188.43	1797.14
188.51	1802.56
188.58	1993.31
188.66	2204.28
188.73	2406.72
188.81	2623.70
188.88	2787.86
188.96	2952.45
189.03	3091.28
189.11	3241.12
189.18	3376.00
189.26	3490.13
189.33	3608.56
189.41	3745.60
189.48	3830.18
189.56	3925.47
189.63	4055.36
189.71	4110.04
189.78	4165.33
189.86	4265.78
189.93	4316.50
190.01	4313.52
190.08	4291.86
190.16	4107.43
190.23	3735.90
190.31	3390.66
190.38	3142.79
190.46	3000.77
190.53	3048.79
190.61	3292.93
190.68	3551.28
190.76	3782.77
190.83	3980.09
190.91	4141.88
190.98	4313.56
191.06	4455.08
191.13	4602.08
191.21	4735.00
191.28	4849.73
191.35	4966.09
191.43	5086.39
191.50	5157.55
191.58	5246.53
191.65	5348.00
191.73	5389.04
191.80	5441.85
191.88	5495.50
191.95	5496.05
192.03	5498.59
192.10	5531.32
192.18	5546.27
192.25	5538.36
192.33	5441.95
192.40	5208.48
192.48	4945.48
192.55	4733.39
192.63	4590.14
192.70	4605.83
192.78	4784.30
192.85	5017.56
192.93	5227.64
193.00	5420.90
193.08	5577.27
193.15	5739.02
193.22	5854.49
193.30	5965.00
193.37	6074.27
193.45	6151.52
193.52	6220.74
193.60	6302.19
193.67	6354.77
193.75	6403.65
193.82	6464.22
193.90	6482.38
193.97	6499.05
194.05	6528.73
194.12	6540.23
194.20	6568.10
194.27	6616.91
194.34	6663.59
194.42	6699.45
194.49	6739.27
194.57	6766.88
194.64	6738.21
194.72	6643.78
194.79	6544.11
194.87	6462.26
194.94	6406.47
195.02	6417.56
195.09	6506.93
195.17	6624.87
195.24	6732.75
195.31	6829.13
195.39	6910.58
195.46	6987.30
195.54	7052.65
195.61	7113.48
195.69	7165.36
195.76	7209.77
195.84	7255.91
195.91	7290.91
195.99	7307.36
196.06	7322.40
196.13	7342.24
196.21	7348.36
196.28	7364.75
196.36	7404.94
196.43	7437.44
196.51	7474.28
196.58	7513.98
196.66	7554.28
196.73	7577.02
196.80	7604.02
196.88	7626.29
196.95	7654.15
197.03	7672.92
197.10	7679.79
197.18	7669.41
197.25	7653.52
197.33	7644.01
197.40	7644.19
197.47	7655.40
197.55	7693.38
197.62	7737.70
197.70	7775.82
197.77	7813.57
197.85	7854.30
197.92	7887.14
197.99	7924.17
198.07	7960.16
198.14	7988.09
198.22	8020.90
198.29	8050.45
198.37	8068.31
198.44	8089.68
198.51	8110.71
198.59	8130.36
198.66	8156.35
198.74	8188.50
198.81	8213.21
198.89	8236.82
198.96	8260.93
199.03	8282.62
199.11	8313.71
199.18	8341.95
199.26	8370.40
199.33	8401.43
199.41	8433.76
199.48	8451.10
199.55	8477.56
199.63	8499.93
199.70	8526.91
199.78	8545.42
199.85	8570.07
199.93	8587.40
200.00	8615.14
200.07	8638.18
200.15	8669.73
200.22	8705.93
200.30	8740.01
200.37	8776.03
200.44	8809.51
200.52	8839.30
200.59	8871.61
200.67	8899.30
200.74	8919.27
200.81	8941.98
200.89	8960.73
200.96	8985.77
201.04	9012.23
201.11	9049.89
201.19	9087.33
201.26	9128.41
201.33	9160.35
201.41	9199.55
201.48	9232.47
201.56	9263.43
201.63	9307.24
201.70	9341.92
201.78	9378.70
201.85	9421.99
201.93	9464.35
202.00	9495.55
202.07	9534.79
202.15	9572.15
202.22	9604.47
202.30	9640.03
202.37	9675.82
202.44	9711.72
202.52	9752.17
202.59	9793.88
202.67	9830.55
202.74	9874.12
202.81	9916.54
202.89	9951.67
202.96	9993.71
203.04	10042.93
203.11	10084.73
203.18	10136.38
203.26	10190.18
203.33	10233.55
203.41	10271.52
203.48	10320.61
203.55	10352.78
203.63	10393.34
203.70	10440.73
203.77	10489.41
203.85	10533.70
203.92	10589.30
204.00	10649.55
204.07	10705.34
204.14	10763.04
204.22	10812.57
204.29	10865.59
204.37	10905.31
204.44	10951.57
204.51	11004.98
204.59	11064.53
204.66	11117.84
204.73	11179.95
204.81	11237.18
204.88	11295.17
204.96	11355.08
205.03	11412.00
205.10	11467.48
205.18	11525.69
205.25	11578.09
205.32	11635.99
205.40	11699.84
205.47	11761.21
205.55	11816.24
205.62	11878.88
205.69	11946.25
205.77	12011.23
205.84	12084.58
205.91	12163.79
205.99	12238.33
206.06	12305.86
206.14	12376.35
206.21	12449.20
206.28	12519.92
206.36	12595.39
206.43	12666.52
206.50	12744.01
206.58	12808.69
206.65	12879.04
206.72	12943.74
206.80	13016.58
206.87	13084.30
206.95	13161.31
207.02	13239.28
207.09	13325.47
207.17	13411.37
207.24	13500.17
207.31	13591.00
207.39	13678.20
207.46	13758.73
207.53	13838.37
207.61	13920.33
207.68	13998.90
207.75	14085.33
207.83	14173.38
207.90	14259.90
207.98	14340.86
208.05	14428.87
208.12	14513.58
208.20	14598.93
208.27	14685.05
208.34	14778.94
208.42	14866.83
208.49	14958.03
208.56	15046.30
208.64	15140.16
208.71	15230.59
208.78	15320.36
208.86	15420.00
208.93	15520.92
209.00	15618.84
209.08	15713.83
209.15	15822.54
209.22	15920.93
209.30	16027.05
209.37	16134.71
209.44	16248.45
209.52	16354.09
209.59	16453.49
209.67	16556.04
209.74	16656.71
209.81	16761.81
209.89	16860.64
209.96	16970.84
210.03	17078.99
210.11	17189.23
210.18	17289.17
210.25	17398.27
210.33	17506.44
210.40	17611.47
210.47	17721.66
210.55	17840.92
210.62	17959.22
210.69	18070.52
210.77	18187.12
210.84	18300.14
210.91	18428.71
210.99	18548.62
211.06	18669.58
211.13	18792.26
211.21	18918.68
211.28	19029.63
211.35	19149.78
211.42	19275.29
211.50	19400.99
211.57	19524.91
211.64	19653.34
211.72	19775.96
211.79	19903.78
211.86	20026.01
211.94	20155.45
212.01	20277.88
212.08	20406.88
212.16	20526.16
212.23	20649.13
212.30	20769.61
212.38	20900.00
212.45	21031.78
212.52	21170.83
212.60	21300.48
212.67	21432.03
212.74	21559.26
212.82	21686.76
212.89	21811.93
212.96	21947.45
213.03	22087.91
213.11	22227.78
213.18	22360.44
213.25	22501.62
213.33	22638.99
213.40	22765.32
213.47	22897.30
213.55	23032.99
213.62	23162.75
213.69	23296.20
213.77	23435.48
213.84	23573.93
213.91	23722.28
213.98	23870.64
214.06	24024.48
214.13	24176.36
214.20	24324.61
214.28	24471.48
214.35	24616.91
214.42	24753.78
214.50	24892.60
214.57	25033.34
214.64	25166.71
214.72	25308.20
214.79	25452.90
214.86	25599.18
214.93	25741.82
215.01	25895.29
215.08	26036.35
215.15	26179.23
215.23	26319.94
215.30	26464.76
215.37	26600.57
215.44	26751.34
215.52	26902.79
215.59	27050.63
215.66	27196.46
215.74	27351.49
215.81	27489.03
215.88	27635.92
215.95	27777.54
216.03	27924.34
216.10	28068.92
216.17	28223.11
216.25	28365.81
216.32	28524.85
216.39	28679.62
216.46	28833.63
216.54	28980.05
216.61	29137.66
216.68	29283.63
216.76	29426.06
216.83	29562.73
216.90	29716.16
216.97	29865.77
217.05	30017.50
217.12	30169.17
217.19	30323.94
217.27	30463.43
217.34	30595.05
217.41	30723.77
217.48	30863.28
217.56	31006.33
217.63	31158.97
217.70	31313.12
217.78	31474.80
217.85	31625.37
217.92	31771.39
217.99	31917.50
218.07	32060.30
218.14	32201.39
218.21	32352.34
218.28	32502.78
218.36	32650.55
218.43	32798.51
218.50	32951.18
218.57	33093.12
218.65	33231.88
218.72	33373.92
218.79	33514.99
218.87	33647.70
218.94	33782.69
219.01	33921.95
219.08	34057.23
219.16	34196.93
219.23	34341.28
219.30	34488.41
219.37	34636.29
219.45	34778.26
219.52	34924.55
219.59	35059.57
219.66	35188.71
219.74	35324.82
219.81	35475.83
219.88	35609.65
219.95	35752.50
220.03	35902.05
220.10	36037.94
220.17	36166.80
220.24	36301.43
220.32	36430.30
220.39	36556.96
220.46	36680.20
220.53	36796.87
220.61	36925.16
220.68	37049.31
220.75	37173.09
220.82	37304.50
220.90	37432.66
220.97	37552.58
221.04	37674.96
221.11	37791.66
221.19	37915.16
221.26	38046.08
221.33	38180.29
221.40	38313.71
221.48	38445.80
221.55	38573.72
221.62	38685.91
221.69	38803.88
221.77	38925.09
221.84	39053.09
221.91	39168.48
221.98	39298.37
222.06	39425.28
222.13	39551.60
222.20	39659.46
222.27	39777.71
222.35	39891.21
222.42	40000.63
222.49	40108.65
222.56	40229.11
222.63	40343.33
222.71	40451.44
222.78	40557.74
222.85	40663.75
222.92	40776.43
223.00	40881.78
223.07	40994.89
223.14	41097.01
223.21	41199.85
223.29	41300.08
223.36	41407.23
223.43	41511.49
223.50	41625.30
223.57	41739.91
223.65	41857.65
223.72	41966.57
223.79	42076.45
223.86	42178.55
223.94	42270.76
224.01	42350.06
224.08	42438.85
224.15	42524.14
224.22	42614.87
224.30	42702.16
224.37	42805.83
224.44	42903.05
224.51	42994.49
224.59	43079.77
224.66	43172.00
224.73	43251.97
224.80	43336.67
224.87	43432.20
224.95	43540.46
225.02	43648.90
225.09	43753.05
225.16	43854.60
225.23	43949.31
225.31	44033.41
225.38	44108.48
225.45	44194.77
225.52	44274.57
225.60	44358.45
225.67	44437.70
225.74	44521.03
225.81	44593.67
225.88	44676.84
225.96	44750.08
226.03	44823.65
226.10	44896.55
226.17	44974.90
226.24	45052.23
226.32	45133.56
226.39	45217.91
226.46	45293.41
226.53	45373.98
226.60	45453.22
226.68	45536.03
226.75	45618.82
226.82	45709.37
226.89	45789.68
226.96	45859.00
227.04	45909.15
227.11	45958.23
227.18	46013.78
227.25	46056.00
227.32	46111.60
227.40	46184.84
227.47	46260.69
227.54	46338.35
227.61	46418.19
227.68	46498.58
227.76	46579.19
227.83	46653.26
227.90	46715.82
227.97	46785.58
228.04	46845.23
228.11	46898.92
228.19	46947.71
228.26	47007.43
228.33	47064.34
228.40	47114.07
228.47	47162.01
228.55	47220.17
228.62	47277.42
228.69	47331.35
228.76	47387.52
228.83	47447.40
228.90	47502.42
228.98	47548.70
229.05	47611.50
229.12	47690.09
229.19	47751.38
229.26	47807.80
229.34	47864.03
229.41	47915.91
229.48	47950.13
229.55	48001.61
229.62	48065.60
229.69	48128.90
229.77	48178.97
229.84	48236.29
229.91	48283.07
229.98	48318.97
230.05	48352.46
230.12	48396.38
230.20	48441.63
230.27	48491.62
230.34	48549.92
230.41	48614.35
230.48	48667.86
230.55	48727.86
230.63	48785.39
230.70	48842.07
230.77	48885.35
230.84	48928.89
230.91	48955.66
230.98	48985.87
231.06	49021.12
231.13	49070.52
231.20	49125.90
231.27	49189.70
231.34	49258.56
231.41	49314.90
231.49	49361.17
231.56	49414.11
231.63	49458.34
231.70	49495.63
231.77	49530.51
231.84	49563.90
231.92	49582.11
231.99	49612.49
232.06	49643.04
232.13	49668.03
232.20	49708.77
232.27	49749.47
232.34	49783.54
232.42	49811.88
232.49	49851.25
232.56	49877.06
232.63	49917.49
232.70	49948.73
232.77	50002.16
232.85	50046.70
232.92	50092.95
232.99	50129.37
233.06	50163.86
233.13	50172.42
233.20	50180.94
233.27	50185.48
233.35	50191.23
233.42	50204.90
233.49	50226.03
233.56	50256.13
233.63	50288.67
233.70	50324.72
233.77	50355.81
233.85	50386.29
233.92	50421.86
233.99	50452.83
234.06	50476.60
234.13	50502.81
234.20	50532.56
234.27	50544.22
234.35	50554.32
234.42	50564.20
234.49	50580.75
234.56	50591.20
234.63	50606.29
234.70	50624.67
234.77	50643.68
234.84	50651.02
234.92	50645.62
234.99	50651.75
235.06	50654.31
235.13	50652.28
235.20	50656.09
235.27	50676.63
235.34	50680.53
235.41	50697.08
235.49	50711.65
235.56	50726.00
235.63	50734.75
235.70	50744.52
235.77	50745.79
235.84	50750.08
235.91	50743.15
235.98	50737.03
236.06	50724.58
236.13	50710.05
236.20	50697.94
236.27	50674.15
236.34	50647.60
236.41	50633.86
236.48	50620.58
236.55	50600.12
236.63	50600.13
236.70	50599.74
236.77	50598.96
236.84	50610.16
236.91	50622.97
236.98	50626.78
237.05	50633.80
237.12	50630.30
237.19	50614.68
237.27	50605.79
237.34	50603.91
237.41	50594.58
237.48	50588.38
237.55	50575.56
237.62	50561.59
237.69	50554.94
237.76	50557.66
237.83	50563.61
237.91	50577.10
237.98	50576.28
238.05	50566.69
238.12	50559.32
238.19	50541.83
238.26	50533.94
238.33	50521.73
238.40	50505.18
238.47	50485.08
238.54	50481.76
238.62	50467.53
238.69	50460.97
238.76	50455.46
238.83	50448.85
238.90	50434.91
238.97	50419.27
239.04	50409.48
239.11	50403.77
239.18	50401.14
239.25	50388.09
239.33	50368.05
239.40	50350.61
239.47	50326.27
239.54	50288.81
239.61	50251.89
239.68	50213.28
239.75	50189.72
239.82	50172.75
239.89	50168.69
239.96	50175.70
240.03	50192.21
240.11	50191.62
240.18	50192.56
240.25	50180.33
240.32	50168.60
240.39	50155.66
240.46	50142.00
240.53	50132.12
240.60	50129.05
240.67	50122.48
240.74	50114.10
240.81	50109.56
240.88	50097.13
240.96	50084.98
241.03	50076.51
241.10	50071.59
241.17	50063.47
241.24	50061.71
241.31	50057.70
241.38	50047.37
241.45	50040.63
241.52	50033.57
241.59	50017.33
241.66	50000.64
241.73	49990.68
241.80	49975.27
241.88	49958.82
241.95	49937.26
242.02	49918.02
242.09	49893.95
242.16	49868.27
242.23	49851.21
242.30	49840.65
242.37	49832.40
242.44	49831.93
242.51	49823.86
242.58	49826.62
242.65	49831.64
242.72	49832.14
242.79	49819.24
242.87	49825.73
242.94	49812.69
243.01	49804.90
243.08	49805.48
243.15	49813.03
243.22	49810.66
243.29	49818.21
243.36	49818.57
243.43	49818.64
243.50	49834.13
243.57	49852.57
243.64	49856.83
243.71	49861.57
243.78	49864.68
243.85	49845.63
243.92	49830.80
243.99	49817.95
244.07	49806.89
244.14	49788.22
244.21	49787.10
244.28	49779.17
244.35	49777.14
244.42	49781.22
244.49	49789.43
244.56	49795.35
244.63	49806.82
244.70	49810.73
244.77	49815.22
244.84	49821.42
244.91	49830.85
244.98	49842.73
245.05	49858.39
245.12	49874.60
245.19	49891.64
245.26	49900.93
245.33	49914.76
245.40	49942.13
245.47	49975.85
245.55	50003.52
245.62	50022.58
245.69	50023.86
245.76	50020.70
245.83	50009.63
245.90	50003.38
245.97	50003.63
246.04	50020.79
246.11	50032.27
246.18	50038.06
246.25	50039.77
246.32	50039.44
246.39	50034.52
246.46	50037.75
246.53	50052.53
246.60	50071.27
246.67	50096.36
246.74	50114.30
246.81	50142.09
246.88	50158.18
246.95	50189.49
247.02	50213.22
247.09	50232.53
247.16	50234.08
247.23	50233.05
247.30	50217.30
247.37	50212.10
247.44	50232.76
247.51	50256.36
247.58	50294.28
247.66	50332.78
247.73	50370.28
247.80	50391.93
247.87	50410.09
247.94	50429.83
248.01	50463.31
248.08	50489.06
248.15	50514.03
248.22	50544.26
248.29	50570.72
248.36	50586.08
248.43	50608.19
248.50	50635.16
248.57	50659.21
248.64	50672.12
248.71	50694.49
248.78	50717.53
248.85	50736.12
248.92	50757.07
248.99	50779.23
249.06	50791.82
249.13	50801.83
249.20	50818.58
249.27	50837.36
249.34	50855.25
249.41	50868.21
249.48	50865.60
249.55	50849.93
249.62	50846.14
249.69	50855.43
249.76	50880.09
249.83	50923.10
249.90	50978.70
249.97	51025.23
250.04	51071.57
250.11	51109.32
250.18	51138.65
250.25	51158.60
250.32	51180.72
250.39	51198.79
250.46	51211.59
250.53	51239.44
250.60	51272.96
250.67	51298.07
250.74	51314.96
250.81	51325.05
250.88	51334.86
250.95	51347.77
251.02	51364.28
251.09	51389.46
251.16	51432.27
251.23	51453.38
251.30	51466.41
251.37	51478.50
251.44	51484.80
251.51	51486.64
251.58	51507.58
251.65	51528.95
251.72	51542.99
251.79	51567.66
251.86	51588.51
251.93	51602.54
252.00	51613.96
252.07	51627.61
252.14	51634.47
252.21	51641.78
252.28	51648.11
252.35	51658.08
252.42	51681.13
252.49	51694.27
252.56	51700.59
252.63	51707.32
252.70	51715.92
252.77	51720.73
252.84	51732.43
252.91	51750.17
252.98	51774.34
253.05	51792.88
253.12	51798.87
253.19	51811.10
253.25	51825.10
253.32	51832.77
253.39	51851.36
253.46	51879.55
253.53	51903.37
253.60	51920.99
253.67	51934.37
253.74	51953.89
253.81	51966.49
253.88	51981.13
253.95	51998.33
254.02	52015.63
254.09	52028.14
254.16	52039.69
254.23	52047.57
254.30	52051.33
254.37	52064.64
254.44	52077.29
254.51	52081.92
254.58	52089.38
254.65	52100.50
254.72	52099.67
254.79	52087.15
254.86	52092.44
254.93	52091.11
255.00	52096.05
255.07	52101.16
255.14	52115.22
255.21	52116.62
255.28	52108.82
255.34	52088.31
255.41	52082.66
255.48	52069.49
255.55	52057.06
255.62	52069.73
255.69	52085.01
255.76	52089.86
255.83	52096.06
255.90	52112.13
255.97	52124.50
256.04	52125.99
256.11	52136.34
256.18	52139.27
256.25	52139.68
256.32	52130.25
256.39	52130.98
256.46	52124.95
256.53	52124.98
256.60	52123.98
256.67	52124.75
256.74	52128.21
256.80	52132.38
256.87	52133.79
256.94	52137.18
257.01	52132.04
257.08	52127.10
257.15	52109.19
257.22	52094.45
257.29	52061.78
257.36	52040.45
257.43	52023.44
257.50	52021.53
257.57	52015.44
257.64	52031.20
257.71	52024.38
257.78	52021.18
257.85	52003.27
257.92	51983.70
257.98	51957.08
258.05	51951.08
258.12	51925.18
258.19	51908.27
258.26	51894.68
258.33	51876.02
258.40	51858.12
258.47	51857.49
258.54	51861.40
258.61	51864.97
258.68	51864.80
258.75	51858.25
258.82	51845.05
258.89	51816.65
258.95	51792.27
259.02	51775.36
259.09	51754.74
259.16	51730.67
259.23	51705.14
259.30	51681.49
259.37	51666.97
259.44	51649.76
259.51	51633.68
259.58	51632.01
259.65	51613.49
259.72	51583.63
259.79	51551.35
259.85	51515.62
259.92	51473.81
259.99	51449.25
260.06	51432.57
260.13	51409.71
260.20	51389.91
260.27	51365.86
260.34	51333.25
260.41	51297.22
260.48	51277.07
260.55	51259.44
260.62	51254.34
260.68	51237.05
260.75	51212.95
260.82	51192.34
260.89	51172.42
260.96	51138.43
261.03	51114.97
261.10	51087.37
261.17	51050.42
261.24	51007.32
261.31	50972.96
261.38	50944.47
261.44	50915.82
261.51	50884.30
261.58	50852.91
261.65	50813.70
261.72	50768.77
261.79	50723.03
261.86	50687.49
261.93	50661.57
262.00	50638.08
262.07	50611.50
262.13	50581.78
262.20	50554.56
262.27	50506.31
262.34	50476.77
262.41	50443.17
262.48	50407.49
262.55	50372.79
262.62	50344.60
262.69	50297.05
262.76	50260.36
262.82	50235.35
262.89	50204.81
262.96	50181.21
263.03	50158.10
263.10	50128.59
263.17	50094.88
263.24	50055.96
263.31	50018.64
263.38	49974.03
263.44	49941.91
263.51	49894.52
263.58	49845.99
263.65	49804.31
263.72	49767.86
263.79	49719.14
263.86	49688.26
263.93	49653.28
264.00	49611.09
264.06	49571.43
264.13	49534.33
264.20	49493.77
264.27	49454.31
264.34	49411.11
264.41	49366.82
264.48	49320.37
264.55	49273.37
264.61	49225.10
264.68	49180.63
264.75	49139.29
264.82	49092.45
264.89	49051.78
264.96	49015.69
265.03	48975.53
265.10	48933.54
265.16	48901.18
265.23	48867.43
265.30	48842.27
265.37	48814.08
265.44	48777.42
265.51	48731.79
265.58	48680.86
265.65	48620.93
265.71	48569.45
265.78	48525.98
265.85	48485.21
265.92	48446.14
265.99	48412.86
266.06	48371.01
266.13	48318.83
266.20	48274.53
266.26	48234.43
266.33	48183.79
266.40	48138.11
266.47	48087.13
266.54	48025.45
266.61	47965.22
266.68	47909.30
266.74	47846.92
266.81	47798.01
266.88	47753.50
266.95	47698.07
267.02	47649.62
267.09	47610.55
267.16	47566.67
267.22	47525.61
267.29	47488.91
267.36	47446.10
267.43	47404.42
267.50	47369.25
267.57	47336.85
267.64	47305.93
267.70	47271.34
267.77	47231.24
267.84	47197.77
267.91	47149.72
267.98	47098.76
268.05	47053.05
268.11	47002.34
268.18	46943.17
268.25	46893.52
268.32	46844.45
268.39	46805.90
268.46	46766.26
268.53	46730.67
268.59	46697.48
268.66	46662.58
268.73	46613.93
268.80	46573.28
268.87	46522.90
268.94	46471.87
269.00	46428.81
269.07	46392.41
269.14	46364.15
269.21	46340.60
269.28	46303.90
269.35	46263.83
269.41	46223.27
269.48	46172.77
269.55	46108.80
269.62	46063.07
269.69	46020.15
269.76	45970.48
269.82	45924.62
269.89	45901.01
269.96	45876.70
270.03	45839.04
270.10	45808.53
270.17	45773.10
270.23	45732.11
270.30	45680.68
270.37	45650.51
270.44	45616.80
270.51	45581.39
270.58	45543.69
270.64	45513.36
270.71	45478.12
270.78	45444.60
270.85	45405.48
270.92	45365.74
270.99	45330.72
271.05	45294.71
271.12	45254.72
271.19	45224.16
271.26	45187.10
271.33	45149.00
271.39	45109.89
271.46	45068.44
271.53	45029.06
271.60	45005.30
271.67	44973.24
271.74	44940.40
271.80	44907.82
271.87	44882.28
271.94	44848.24
272.01	44820.11
272.08	44793.58
272.14	44768.97
272.21	44738.65
272.28	44718.34
272.35	44696.47
272.42	44672.61
272.48	44649.83
272.55	44624.93
272.62	44594.68
272.69	44569.45
272.76	44549.94
272.83	44523.72
272.89	44495.68
272.96	44460.43
273.03	44423.69
273.10	44386.12
273.17	44351.96
273.23	44328.33
273.30	44310.26
273.37	44287.28
273.44	44264.03
273.51	44245.28
273.57	44222.48
273.64	44198.79
273.71	44178.10
273.78	44148.36
273.85	44130.13
273.91	44104.57
273.98	44088.77
274.05	44065.64
274.12	44055.64
274.19	44039.19
274.25	44016.71
274.32	43986.84
274.39	43955.61
274.46	43906.93
274.53	43855.94
274.59	43810.61
274.66	43766.45
274.73	43744.29
274.80	43724.82
274.86	43700.67
274.93	43681.78
275.00	43657.68
275.07	43615.75
275.14	43580.98
275.20	43561.59
275.27	43538.03
275.34	43513.07
275.41	43500.93
275.48	43490.50
275.54	43464.44
275.61	43439.23
275.68	43422.71
275.75	43391.24
275.81	43352.65
275.88	43324.28
275.95	43306.98
276.02	43277.23
276.09	43250.13
276.15	43228.10
276.22	43203.76
276.29	43177.18
276.36	43151.39
276.42	43128.85
276.49	43104.40
276.56	43077.34
276.63	43050.05
276.70	43031.20
276.76	43012.52
276.83	42998.81
276.90	42985.81
276.97	42962.94
277.03	42939.41
277.10	42919.71
277.17	42900.44
277.24	42880.70
277.30	42867.32
277.37	42851.41
277.44	42831.16
277.51	42808.68
277.58	42781.08
277.64	42756.43
277.71	42737.74
277.78	42721.13
277.85	42690.44
277.91	42658.93
277.98	42628.06
278.05	42593.08
278.12	42569.34
278.18	42549.74
278.25	42534.09
278.32	42512.60
278.39	42495.57
278.45	42471.75
278.52	42458.03
278.59	42441.96
278.66	42429.24
278.72	42414.37
278.79	42394.48
278.86	42371.90
278.93	42361.51
278.99	42343.98
279.06	42322.69
279.13	42297.80
279.20	42277.26
279.26	42252.39
279.33	42226.17
279.40	42200.89
279.47	42181.10
279.53	42149.19
279.60	42120.41
279.67	42092.33
279.74	42072.61
279.80	42055.79
279.87	42042.77
279.94	42026.61
280.01	42020.23
280.07	42004.03
280.14	41979.45
280.21	41956.03
280.28	41928.15
280.34	41895.03
280.41	41866.62
280.48	41838.47
280.55	41814.25
280.61	41786.15
280.68	41761.20
280.75	41728.29
280.82	41697.56
280.88	41661.13
280.95	41614.38
281.02	41562.02
281.08	41493.27
281.15	41420.41
281.22	41353.91
281.29	41298.30
281.35	41244.26
281.42	41212.51
281.49	41182.25
281.56	41151.02
281.62	41123.01
281.69	41088.14
281.76	41055.40
281.82	41021.46
281.89	40986.57
281.96	40955.53
282.03	40924.60
282.09	40897.04
282.16	40875.43
282.23	40851.01
282.30	40826.46
282.36	40812.44
282.43	40790.68
282.50	40778.05
282.56	40753.87
282.63	40735.68
282.70	40712.08
282.77	40697.22
282.83	40669.05
282.90	40657.64
282.97	40631.88
283.03	40602.71
283.10	40568.06
283.17	40545.34
283.24	40513.27
283.30	40486.34
283.37	40461.95
283.44	40441.03
283.50	40410.50
283.57	40393.81
283.64	40362.09
283.71	40327.96
283.77	40280.54
283.84	40250.28
283.91	40212.25
283.97	40190.64
284.04	40191.80
284.11	40209.67
284.18	40218.65
284.24	40227.20
284.31	40240.20
284.38	40236.15
284.44	40217.10
284.51	40192.69
284.58	40169.57
284.64	40151.43
284.71	40139.26
284.78	40129.85
284.85	40122.75
284.91	40110.38
284.98	40097.15
285.05	40070.06
285.11	40048.78
285.18	40025.98
285.25	40013.51
285.31	40003.78
285.38	40006.24
285.45	40011.95
285.52	40009.37
285.58	40007.33
285.65	39994.70
285.72	39972.88
285.78	39952.39
285.85	39942.78
285.92	39927.18
285.98	39906.53
286.05	39893.88
286.12	39881.57
286.18	39862.67
286.25	39851.22
286.32	39852.51
286.39	39856.59
286.45	39851.88
286.52	39844.87
286.59	39837.26
286.65	39824.31
286.72	39809.69
286.79	39799.00
286.85	39790.33
286.92	39776.28
286.99	39761.71
287.05	39742.46
287.12	39733.61
287.19	39726.05
287.25	39720.26
287.32	39718.21
287.39	39723.08
287.45	39722.82
287.52	39719.58
287.59	39725.68
287.65	39726.47
287.72	39715.92
287.79	39702.00
287.86	39695.89
287.92	39682.35
287.99	39665.94
288.06	39660.57
288.12	39653.27
288.19	39646.71
288.26	39627.36
288.32	39623.77
288.39	39617.30
288.46	39613.74
288.52	39609.03
288.59	39619.42
288.66	39624.85
288.72	39625.49
288.79	39631.26
288.86	39634.06
288.92	39631.77
288.99	39619.85
289.06	39616.41
289.12	39606.39
289.19	39608.49
289.26	39612.73
289.32	39620.09
289.39	39624.22
289.45	39634.40
289.52	39625.61
289.59	39624.36
289.65	39630.04
289.72	39632.80
289.79	39637.13
289.85	39652.54
289.92	39657.16
289.99	39659.05
290.05	39661.32
290.12	39656.73
290.19	39653.82
290.25	39649.07
290.32	39648.48
290.39	39651.36
290.45	39656.83
290.52	39659.53
290.59	39665.94
290.65	39664.76
290.72	39664.96
290.79	39662.10
290.85	39667.24
290.92	39678.30
290.98	39684.50
291.05	39692.45
291.12	39696.54
291.18	39705.01
291.25	39705.67
291.32	39710.75
291.38	39710.72
291.45	39718.43
291.52	39713.45
291.58	39717.09
291.65	39728.59
291.72	39747.72
291.78	39763.33
291.85	39777.93
291.91	39794.79
291.98	39818.94
292.05	39823.55
292.11	39834.38
292.18	39847.77
292.25	39852.94
292.31	39838.99
292.38	39844.16
292.45	39850.67
292.51	39859.60
292.58	39863.78
292.64	39876.80
292.71	39877.94
292.78	39878.68
292.84	39869.01
292.91	39876.93
292.98	39887.05
293.04	39899.98
293.11	39910.39
293.17	39927.84
293.24	39940.34
293.31	39946.86
293.37	39962.31
293.44	39973.10
293.51	39989.92
293.57	39996.20
293.64	40005.25
293.70	40020.30
293.77	40037.47
293.84	40046.63
293.90	40057.68
293.97	40064.38
294.04	40068.58
294.10	40067.68
294.17	40079.57
294.23	40094.31
294.30	40108.03
294.37	40122.98
294.43	40148.02
294.50	40156.10
294.56	40163.11
294.63	40173.08
294.70	40182.14
294.76	40188.52
294.83	40201.48
294.90	40221.30
294.96	40237.74
295.03	40251.98
295.09	40268.14
295.16	40282.43
295.23	40287.85
295.29	40300.56
295.36	40310.21
295.42	40314.33
295.49	40325.11
295.56	40349.77
295.62	40372.99
295.69	40382.37
295.75	40401.41
295.82	40418.71
295.89	40420.80
295.95	40420.28
296.02	40437.02
296.08	40445.05
296.15	40447.25
296.22	40463.40
296.28	40479.65
296.35	40494.66
296.41	40513.66
296.48	40540.02
296.55	40562.68
296.61	40586.37
296.68	40606.65
296.74	40624.09
296.81	40639.71
296.88	40650.34
296.94	40663.55
297.01	40683.17
297.07	40698.93
297.14	40721.49
297.20	40736.59
297.27	40751.32
297.34	40769.85
297.40	40785.95
297.47	40791.98
297.53	40806.19
297.60	40819.23
297.67	40821.20
297.73	40837.82
297.80	40851.03
297.86	40859.63
297.93	40872.53
298.00	40893.60
298.06	40907.28
298.13	40934.05
298.19	40957.94
298.26	40980.74
298.32	40998.51
298.39	41008.83
298.46	41005.77
298.52	41019.58
298.59	41027.10
298.65	41039.92
298.72	41057.68
298.78	41080.78
298.85	41092.33
298.92	41104.25
298.98	41113.22
299.05	41126.39
299.11	41141.34
299.18	41155.91
299.24	41171.43
299.31	41182.90
299.38	41190.22
299.44	41194.38
299.51	41202.87
299.57	41210.92
299.64	41224.70
299.70	41239.67
299.77	41251.71
299.84	41259.93
299.90	41262.85
299.97	41258.03
300.03	41261.32
300.10	41280.00
300.16	41293.46
300.23	41316.82
300.30	41341.01
300.36	41349.17
300.43	41355.97
300.49	41366.43
300.56	41380.78
300.62	41395.43
300.69	41418.69
300.75	41430.95
300.82	41441.20
300.89	41447.58
300.95	41457.49
301.02	41459.81
301.08	41458.68
301.15	41458.59
301.21	41461.76
301.28	41457.96
301.34	41458.43
301.41	41464.76
301.48	41465.18
301.54	41455.42
301.61	41454.38
301.67	41453.29
301.74	41453.32
301.80	41456.58
301.87	41462.45
301.93	41455.41
302.00	41454.83
302.06	41438.53
302.13	41425.93
302.20	41421.66
302.26	41424.03
302.33	41416.42
302.39	41414.17
302.46	41415.24
302.52	41400.41
302.59	41390.86
302.65	41390.83
302.72	41392.91
302.78	41392.59
302.85	41397.58
302.91	41387.93
302.98	41375.31
303.05	41362.56
303.11	41351.20
303.18	41337.83
303.24	41333.45
303.31	41320.83
303.37	41310.58
303.44	41298.55
303.50	41284.63
303.57	41267.64
303.63	41252.94
303.70	41240.64
303.76	41223.19
303.83	41208.44
303.89	41198.15
303.96	41184.17
304.03	41168.02
304.09	41154.82
304.16	41133.06
304.22	41108.07
304.29	41090.43
304.35	41069.76
304.42	41049.90
304.48	41034.63
304.55	41017.40
304.61	40992.59
304.68	40968.53
304.74	40940.89
304.81	40919.28
304.87	40882.59
304.94	40855.37
305.00	40832.46
305.07	40805.90
305.13	40770.81
305.20	40753.49
305.26	40735.24
305.33	40711.57
305.39	40689.26
305.46	40660.07
305.52	40632.83
305.59	40604.15
305.66	40569.34
305.72	40536.78
305.79	40511.91
305.85	40481.46
305.92	40425.38
305.98	40319.45
306.05	40106.50
306.11	39810.07
306.18	39522.35
306.24	39343.31
306.31	39308.47
306.37	39428.42
306.44	39665.56
306.50	39898.11
306.57	40032.56
306.63	40077.98
306.70	40064.23
306.76	40018.22
306.83	39964.19
306.89	39911.46
306.96	39863.72
307.02	39819.98
307.09	39786.43
307.15	39747.45
307.22	39715.90
307.28	39674.79
307.35	39638.95
307.41	39583.18
307.48	39534.28
307.54	39488.01
307.61	39444.53
307.67	39390.28
307.74	39347.72
307.80	39307.92
307.87	39263.70
307.93	39217.16
308.00	39180.01
308.06	39139.93
308.13	39088.49
308.19	39036.33
308.26	38987.63
308.32	38941.94
308.38	38903.03
308.45	38867.23
308.51	38828.72
308.58	38772.43
308.64	38710.00
308.71	38651.28
308.77	38596.81
308.84	38543.57
308.90	38519.04
308.97	38495.64
309.03	38469.56
309.10	38425.51
309.16	38375.66
309.23	38315.38
309.29	38250.64
309.36	38170.30
309.42	38098.55
309.49	38031.15
309.55	37959.26
309.62	37888.38
309.68	37831.82
309.75	37780.91
309.81	37727.23
309.88	37674.95
309.94	37623.85
310.00	37567.60
310.07	37502.18
310.13	37457.94
310.20	37401.79
310.26	37351.88
310.33	37293.46
310.39	37246.40
310.46	37191.07
310.52	37143.14
310.59	37091.44
310.65	37043.21
310.72	36989.25
310.78	36923.67
310.85	36861.27
310.91	36799.85
310.97	36740.65
311.04	36682.03
311.10	36621.74
311.17	36566.99
311.23	36512.57
311.30	36457.31
311.36	36406.43
311.43	36363.50
311.49	36310.68
311.56	36252.58
311.62	36193.76
311.69	36133.84
311.75	36076.64
311.81	36008.93
311.88	35947.68
311.94	35892.31
312.01	35848.63
312.07	35793.10
312.14	35755.49
312.20	35713.44
312.27	35664.01
312.33	35597.60
312.40	35534.13
312.46	35460.92
312.52	35393.89
312.59	35332.17
312.65	35272.51
312.72	35207.99
312.78	35143.35
312.85	35074.00
312.91	35000.61
312.98	34929.13
313.04	34868.60
313.10	34813.78
313.17	34757.45
313.23	34710.87
313.30	34662.40
313.36	34592.96
313.43	34525.81
313.49	34458.30
313.56	34375.80
313.62	34297.28
313.68	34236.16
313.75	34181.39
313.81	34124.48
313.88	34066.18
313.94	34010.15
314.01	33952.78
314.07	33889.58
314.13	33826.68
314.20	33767.81
314.26	33699.48
314.33	33633.78
314.39	33564.05
314.46	33485.99
314.52	33419.95
314.58	33353.32
314.65	33285.42
314.71	33214.22
314.78	33159.53
314.84	33092.24
314.91	33034.96
314.97	32972.84
315.03	32912.48
315.10	32851.56
315.16	32781.09
315.23	32713.93
315.29	32649.37
315.36	32590.23
315.42	32522.88
315.48	32464.91
315.55	32403.36
315.61	32330.55
315.68	32263.16
315.74	32203.90
315.81	32137.62
315.87	32059.03
315.93	32006.77
316.00	31964.41
316.06	31920.73
316.13	31889.75
316.19	31842.21
316.25	31737.99
316.32	31564.25
316.38	31345.86
316.45	31065.36
316.51	30753.13
316.58	30422.88
316.64	30071.92
316.70	29702.92
316.77	29313.67
316.83	28907.97
316.90	28483.01
316.96	28050.97
317.02	27597.58
317.09	27143.18
317.15	26670.31
317.22	26181.19
317.28	25679.56
317.34	25163.84
317.41	24636.96
317.47	24107.70
317.54	23564.95
317.60	23012.08
317.66	22449.06
317.73	21872.55
317.79	21293.86
317.86	20716.27
317.92	20134.20
317.98	19546.24
318.05	18951.95
318.11	18353.68
318.18	17768.20
318.24	17175.20
318.30	16587.19
318.37	16003.89
318.43	15416.03
318.50	14823.05
318.56	14241.53
318.62	13669.97
318.69	13106.55
318.75	12558.40
318.82	12013.68
318.88	11483.73
318.94	10960.44
319.01	10453.30
319.07	9960.45
319.13	9475.97
319.20	9002.50
319.26	8544.72
319.33	8098.37
319.39	7657.37
319.45	7247.75
319.52	6855.22
319.58	6472.97
319.65	6108.34
319.71	5758.96
319.77	5422.96
319.84	5102.43
319.90	4803.93
319.96	4515.58
320.03	4246.80
320.09	3994.08
320.16	3750.07
320.22	3523.58
320.28	3313.61
320.35	3118.81
320.41	2934.64
320.47	2767.06
320.54	2606.79
320.60	2465.00
320.67	2334.87
320.73	2213.00
320.79	2100.92
320.86	2002.55
320.92	1906.83
320.98	1822.01
321.05	1744.43
321.11	1670.93
321.18	1605.32
321.24	1547.02
321.30	1486.63
321.37	1436.54
321.43	1397.82
321.49	1356.58
321.56	1318.77
321.62	1288.55
321.68	1255.64
321.75	1221.53
321.81	1193.42
321.88	1165.28
321.94	1142.02
322.00	1119.13
322.07	1091.21
322.13	1063.10
322.19	1033.92
322.26	999.66
322.32	969.58
322.38	945.11
322.45	923.55
322.51	899.34
322.58	880.57
322.64	852.36
322.70	828.57
322.77	796.58
322.83	774.53
322.89	743.18
322.96	716.23
323.02	686.43
323.08	659.26
323.15	629.71
323.21	604.32
323.27	580.43
323.34	556.67
323.40	532.96
323.46	508.07
323.53	477.95
323.59	404.65
323.65	304.14
323.72	190.72
323.78	81.56
323.85	-17.72
323.91	-67.62
323.97	-86.00
324.04	-86.70
