180.21	3429.41
180.28	-126.19
180.36	632.65
180.44	-47.90
180.51	-16.66
180.59	6.94
180.66	34.88
180.74	33.10
180.81	32.78
180.89	35.16
180.97	36.35
181.04	34.29
181.12	33.09
181.19	33.94
181.27	34.08
181.34	50.29
181.42	56.74
181.50	64.08
181.57	75.49
181.65	81.09
181.72	75.66
181.80	71.17
181.87	71.58
181.95	71.54
182.03	71.30
182.10	74.98
182.18	78.57
182.25	85.21
182.33	88.02
182.40	98.52
182.48	97.64
182.55	112.89
182.63	122.16
182.71	129.79
182.78	138.89
182.86	153.02
182.93	153.14
183.01	152.84
183.08	148.13
183.16	145.65
183.23	136.68
183.31	143.71
183.39	150.95
183.46	172.23
183.54	183.08
183.61	210.68
183.69	232.09
183.76	265.13
183.84	291.59
183.91	320.99
183.99	362.82
184.06	395.35
184.14	428.46
184.22	473.77
184.29	508.96
184.37	519.51
184.44	536.49
184.52	524.46
184.59	466.76
184.67	411.84
184.74	361.88
184.82	327.10
184.89	322.84
184.97	367.08
185.04	437.10
185.12	507.42
185.20	586.67
185.27	662.14
185.35	751.17
185.42	809.88
185.50	872.24
185.57	928.38
185.65	970.54
185.72	1009.11
185.80	1088.50
185.87	1147.11
185.95	1215.33
186.02	1331.61
186.10	1399.80
186.17	1423.07
186.25	1412.77
186.33	1269.78
186.40	1068.89
186.48	922.43
186.55	829.62
186.63	815.37
186.70	939.46
186.78	1104.03
186.85	1248.09
186.93	1375.58
187.00	1479.99
187.08	1596.05
187.15	1701.61
187.23	1827.22
187.30	1956.40
187.38	2066.89
187.45	2186.03
187.53	2324.39
187.60	2403.68
187.68	2507.51
187.75	2654.52
187.83	2726.60
187.90	2783.45
187.98	2895.17
188.05	2921.67
188.13	2778.62
188.21	2522.04
188.28	2254.57
188.36	1989.23
188.43	1794.37
188.51	1798.68
188.58	1990.64
188.66	2201.56
188.73	2406.46
188.81	2626.20
188.88	2789.24
188.96	2953.00
189.03	3090.77
189.11	3238.04
189.18	3373.19
189.26	3487.38
189.33	3603.74
189.41	3742.64
189.48	3828.07
189.56	3921.85
189.63	4053.42
189.71	4110.94
189.78	4165.05
189.86	4265.89
189.93	4315.07
190.01	4311.98
190.08	4288.76
190.16	4102.37
190.23	3729.75
190.31	3382.94
190.38	3136.36
190.46	2991.20
190.53	3040.33
190.61	3286.44
190.68	3547.00
190.76	3777.59
190.83	3978.01
190.91	4141.06
190.98	4314.18
191.06	4457.55
191.13	4606.09
191.21	4738.04
191.28	4854.62
191.35	4969.18
191.43	5087.37
191.50	5154.70
191.58	5245.99
191.65	5346.61
191.73	5389.43
191.80	5444.48
191.88	5499.95
191.95	5501.78
192.03	5503.96
192.10	5533.87
192.18	5548.91
192.25	5538.00
192.33	5437.95
192.40	5203.74
192.48	4943.92
192.55	4731.86
192.63	4592.98
192.70	4611.15
192.78	4792.93
192.85	5023.16
192.93	5232.57
193.00	5424.68
193.08	5579.83
193.15	5740.86
193.22	5858.54
193.30	5966.34
193.37	6074.63
193.45	6154.45
193.52	6219.67
193.60	6300.59
193.67	6356.15
193.75	6402.20
193.82	6465.44
193.90	6484.14
193.97	6501.37
194.05	6530.15
194.12	6543.83
194.20	6565.55
194.27	6615.48
194.34	6657.59
194.42	6694.04
194.49	6737.09
194.57	6764.43
194.64	6735.03
194.72	6642.05
194.79	6540.28
194.87	6456.65
194.94	6406.15
195.02	6422.00
195.09	6515.59
195.17	6638.25
195.24	6745.61
195.31	6839.26
195.39	6914.07
195.46	6990.00
195.54	7054.05
195.61	7112.54
195.69	7160.34
195.76	7207.23
195.84	7252.32
195.91	7285.42
195.99	7307.22
196.06	7324.74
196.13	7346.30
196.21	7355.46
196.28	7372.71
196.36	7408.90
196.43	7443.72
196.51	7478.49
196.58	7514.16
196.66	7548.63
196.73	7573.61
196.80	7599.31
196.88	7624.58
196.95	7653.25
197.03	7677.02
197.10	7684.22
197.18	7674.08
197.25	7658.17
197.33	7650.73
197.40	7650.66
197.47	7661.52
197.55	7697.14
197.62	7742.28
197.70	7775.07
197.77	7812.39
197.85	7852.67
197.92	7888.09
197.99	7922.68
198.07	7961.47
198.14	7990.59
198.22	8024.23
198.29	8052.14
198.37	8073.97
198.44	8092.77
198.51	8114.02
198.59	8132.51
198.66	8162.18
198.74	8192.00
198.81	8222.93
198.89	8246.59
198.96	8271.86
199.03	8291.42
199.11	8322.57
199.18	8348.03
199.26	8375.11
199.33	8405.39
199.41	8436.65
199.48	8454.62
199.55	8479.19
199.63	8502.69
199.70	8530.59
199.78	8554.50
199.85	8574.28
199.93	8592.86
200.00	8619.05
200.07	8639.34
200.15	8667.57
200.22	8704.13
200.30	8737.13
200.37	8772.16
200.44	8805.08
200.52	8834.50
200.59	8868.26
200.67	8897.03
200.74	8920.11
200.81	8943.63
200.89	8964.89
200.96	8991.25
201.04	9021.04
201.11	9059.16
201.19	9095.73
201.26	9133.70
201.33	9164.77
201.41	9197.72
201.48	9229.09
201.56	9260.69
201.63	9301.26
201.70	9336.69
201.78	9376.76
201.85	9418.94
201.93	9458.72
202.00	9493.85
202.07	9536.25
202.15	9572.36
202.22	9606.33
202.30	9646.00
202.37	9682.09
202.44	9716.43
202.52	9758.93
202.59	9800.60
202.67	9837.92
202.74	9879.26
202.81	9918.66
202.89	9956.39
202.96	10001.68
203.04	10050.72
203.11	10094.52
203.18	10146.42
203.26	10196.78
203.33	10234.74
203.41	10273.60
203.48	10318.99
203.55	10352.23
203.63	10392.54
203.70	10439.16
203.77	10487.82
203.85	10537.41
203.92	10591.15
204.00	10652.27
204.07	10708.76
204.14	10759.09
204.22	10806.61
204.29	10864.12
204.37	10908.41
204.44	10954.89
204.51	11015.74
204.59	11077.35
204.66	11129.41
204.73	11187.52
204.81	11244.62
204.88	11301.08
204.96	11357.64
205.03	11413.75
205.10	11467.84
205.18	11525.19
205.25	11576.56
205.32	11633.03
205.40	11695.07
205.47	11758.50
205.55	11821.03
205.62	11886.83
205.69	11951.61
205.77	12019.82
205.84	12092.04
205.91	12166.81
205.99	12242.87
206.06	12311.66
206.14	12380.03
206.21	12451.87
206.28	12518.09
206.36	12591.14
206.43	12666.99
206.50	12741.29
206.58	12807.82
206.65	12878.29
206.72	12944.61
206.80	13015.16
206.87	13089.54
206.95	13166.85
207.02	13246.37
207.09	13327.09
207.17	13411.30
207.24	13494.68
207.31	13580.63
207.39	13668.68
207.46	13755.81
207.53	13833.82
207.61	13916.36
207.68	13997.95
207.75	14084.49
207.83	14166.06
207.90	14254.83
207.98	14339.69
208.05	14430.09
208.12	14516.36
208.20	14605.32
208.27	14699.34
208.34	14791.14
208.42	14874.60
208.49	14963.04
208.56	15049.47
208.64	15136.90
208.71	15224.35
208.78	15316.74
208.86	15413.84
208.93	15518.79
209.00	15617.81
209.08	15719.00
209.15	15826.32
209.22	15932.19
209.30	16033.76
209.37	16140.76
209.44	16245.59
209.52	16350.40
209.59	16449.57
209.67	16553.69
209.74	16653.35
209.81	16764.10
209.89	16866.97
209.96	16976.69
210.03	17084.55
210.11	17194.07
210.18	17298.34
210.25	17402.66
210.33	17508.69
210.40	17616.08
210.47	17729.44
210.55	17844.37
210.62	17963.88
210.69	18073.03
210.77	18185.62
210.84	18299.30
210.91	18429.36
210.99	18551.68
211.06	18677.98
211.13	18803.84
211.21	18927.89
211.28	19029.10
211.35	19146.98
211.42	19270.82
211.50	19400.37
211.57	19520.11
211.64	19651.75
211.72	19768.13
211.79	19885.60
211.86	19997.75
211.94	20133.45
212.01	20261.38
212.08	20393.70
212.16	20526.87
212.23	20657.27
212.30	20779.44
212.38	20901.47
212.45	21034.81
212.52	21167.27
212.60	21301.81
212.67	21433.20
212.74	21573.14
212.82	21708.12
212.89	21837.68
212.96	21966.17
213.03	22099.20
213.11	22233.55
213.18	22363.93
213.25	22499.95
213.33	22643.53
213.40	22773.65
213.47	22905.96
213.55	23042.77
213.62	23172.35
213.69	23301.79
213.77	23442.63
213.84	23582.74
213.91	23733.78
213.98	23888.43
214.06	24040.48
214.13	24194.54
214.20	24340.29
214.28	24485.31
214.35	24623.74
214.42	24757.89
214.50	24895.29
214.57	25029.74
214.64	25162.03
214.72	25304.46
214.79	25449.03
214.86	25587.12
214.93	25735.52
215.01	25884.88
215.08	26028.01
215.15	26173.26
215.23	26323.44
215.30	26470.99
215.37	26604.54
215.44	26754.01
215.52	26909.26
215.59	27056.93
215.66	27196.87
215.74	27351.17
215.81	27492.29
215.88	27634.47
215.95	27774.09
216.03	27928.11
216.10	28079.47
216.17	28230.98
216.25	28378.46
216.32	28540.50
216.39	28693.73
216.46	28840.34
216.54	28988.50
216.61	29147.32
216.68	29282.22
216.76	29422.14
216.83	29565.48
216.90	29712.70
216.97	29855.63
217.05	30021.79
217.12	30173.18
217.19	30323.57
217.27	30466.41
217.34	30598.72
217.41	30718.63
217.48	30853.39
217.56	30994.54
217.63	31145.75
217.70	31302.04
217.78	31461.79
217.85	31623.63
217.92	31771.73
217.99	31922.40
218.07	32064.95
218.14	32204.94
218.21	32347.34
218.28	32501.18
218.36	32649.08
218.43	32799.14
218.50	32957.52
218.57	33102.31
218.65	33245.95
218.72	33379.71
218.79	33513.31
218.87	33641.46
218.94	33777.87
219.01	33913.13
219.08	34051.85
219.16	34197.48
219.23	34347.37
219.30	34494.29
219.37	34639.21
219.45	34791.46
219.52	34939.00
219.59	35073.86
219.66	35198.86
219.74	35332.23
219.81	35474.10
219.88	35606.76
219.95	35749.27
220.03	35907.40
220.10	36047.04
220.17	36173.97
220.24	36307.31
220.32	36438.89
220.39	36551.40
220.46	36669.65
220.53	36793.69
220.61	36914.61
220.68	37036.52
220.75	37172.75
220.82	37310.91
220.90	37438.25
220.97	37566.60
221.04	37688.15
221.11	37808.56
221.19	37928.44
221.26	38053.51
221.33	38186.47
221.40	38322.52
221.48	38451.01
221.55	38571.50
221.62	38691.20
221.69	38801.81
221.77	38918.74
221.84	39043.95
221.91	39167.34
221.98	39287.54
222.06	39417.48
222.13	39539.75
222.20	39649.72
222.27	39766.12
222.35	39888.59
222.42	40007.41
222.49	40119.01
222.56	40235.64
222.63	40347.50
222.71	40450.23
222.78	40553.81
222.85	40663.77
222.92	40777.31
223.00	40889.96
223.07	41000.91
223.14	41104.66
223.21	41199.99
223.29	41294.77
223.36	41401.10
223.43	41512.27
223.50	41621.63
223.57	41744.51
223.65	41868.71
223.72	41979.79
223.79	42090.16
223.86	42191.70
223.94	42279.86
224.01	42363.31
224.08	42450.29
224.15	42536.21
224.22	42630.82
224.30	42720.00
224.37	42813.83
224.44	42906.29
224.51	42992.08
224.59	43066.18
224.66	43147.56
224.73	43233.72
224.80	43326.84
224.87	43428.44
224.95	43540.86
225.02	43658.92
225.09	43762.35
225.16	43856.72
225.23	43948.41
225.31	44032.09
225.38	44106.06
225.45	44192.15
225.52	44274.34
225.60	44349.96
225.67	44430.99
225.74	44515.28
225.81	44586.49
225.88	44663.77
225.96	44743.26
226.03	44814.75
226.10	44894.52
226.17	44974.17
226.24	45046.74
226.32	45121.40
226.39	45203.55
226.46	45272.85
226.53	45350.33
226.60	45438.54
226.68	45523.42
226.75	45604.83
226.82	45689.05
226.89	45768.97
226.96	45841.25
227.04	45898.14
227.11	45957.47
227.18	46018.33
227.25	46064.28
227.32	46115.21
227.40	46187.65
227.47	46259.20
227.54	46335.56
227.61	46416.23
227.68	46492.84
227.76	46570.98
227.83	46646.92
227.90	46710.71
227.97	46783.06
228.04	46845.21
228.11	46896.00
228.19	46940.98
228.26	46992.61
228.33	47038.05
228.40	47088.80
228.47	47134.70
228.55	47186.76
228.62	47247.09
228.69	47311.48
228.76	47370.53
228.83	47435.98
228.90	47499.12
228.98	47555.98
229.05	47612.53
229.12	47688.94
229.19	47759.25
229.26	47822.35
229.34	47877.58
229.41	47932.47
229.48	47971.78
229.55	48009.80
229.62	48064.25
229.69	48120.68
229.77	48178.20
229.84	48237.35
229.91	48295.66
229.98	48334.59
230.05	48370.97
230.12	48405.37
230.20	48445.02
230.27	48487.90
230.34	48542.39
230.41	48602.93
230.48	48665.19
230.55	48720.57
230.63	48780.12
230.70	48844.42
230.77	48892.32
230.84	48929.56
230.91	48960.01
230.98	48992.65
231.06	49023.48
231.13	49069.84
231.20	49123.29
231.27	49188.77
231.34	49248.84
231.41	49313.68
231.49	49362.78
231.56	49411.53
231.63	49450.99
231.70	49488.60
231.77	49516.43
231.84	49540.19
231.92	49566.95
231.99	49600.08
232.06	49635.38
232.13	49667.04
232.20	49715.36
232.27	49759.91
232.34	49795.48
232.42	49816.68
232.49	49843.51
232.56	49872.95
232.63	49910.37
232.70	49942.64
232.77	50003.18
232.85	50051.48
232.92	50096.34
232.99	50123.43
233.06	50152.91
233.13	50161.63
233.20	50170.75
233.27	50170.39
233.35	50177.83
233.42	50192.30
233.49	50209.21
233.56	50243.18
233.63	50274.50
233.70	50305.95
233.77	50342.50
233.85	50382.71
233.92	50423.94
233.99	50463.44
234.06	50497.17
234.13	50519.34
234.20	50541.22
234.27	50547.53
234.35	50559.53
234.42	50566.80
234.49	50576.55
234.56	50590.75
234.63	50604.10
234.70	50618.54
234.77	50638.21
234.84	50651.40
234.92	50653.11
234.99	50654.18
235.06	50655.89
235.13	50647.70
235.20	50651.75
235.27	50658.77
235.34	50664.62
235.41	50676.34
235.49	50695.66
235.56	50712.75
235.63	50724.66
235.70	50739.24
235.77	50745.87
235.84	50751.76
235.91	50745.46
235.98	50735.44
236.06	50719.04
236.13	50705.22
236.20	50690.57
236.27	50662.81
236.34	50644.59
236.41	50629.54
236.48	50614.39
236.55	50607.43
236.63	50611.34
236.70	50613.08
236.77	50616.80
236.84	50624.24
236.91	50626.39
236.98	50625.54
237.05	50629.22
237.12	50630.51
237.19	50621.63
237.27	50614.62
237.34	50620.90
237.41	50615.77
237.48	50597.83
237.55	50580.95
237.62	50566.22
237.69	50551.13
237.76	50545.88
237.83	50557.06
237.91	50561.74
237.98	50559.45
238.05	50548.96
238.12	50540.64
238.19	50521.17
238.26	50522.65
238.33	50519.82
238.40	50522.91
238.47	50509.62
238.54	50509.33
238.62	50492.42
238.69	50473.69
238.76	50453.78
238.83	50440.64
238.90	50424.35
238.97	50404.48
239.04	50399.46
239.11	50391.53
239.18	50393.88
239.25	50386.38
239.33	50372.32
239.40	50354.52
239.47	50333.80
239.54	50297.44
239.61	50266.56
239.68	50240.32
239.75	50219.26
239.82	50205.64
239.89	50194.29
239.96	50188.79
240.03	50187.51
240.11	50182.95
240.18	50167.37
240.25	50160.61
240.32	50149.30
240.39	50140.30
240.46	50127.30
240.53	50127.43
240.60	50120.24
240.67	50114.01
240.74	50103.68
240.81	50094.83
240.88	50080.88
240.96	50069.73
241.03	50067.05
241.10	50068.45
241.17	50061.21
241.24	50062.60
241.31	50059.69
241.38	50040.30
241.45	50028.51
241.52	50023.88
241.59	50002.18
241.66	49985.04
241.73	49978.49
241.80	49957.59
241.88	49936.48
241.95	49919.97
242.02	49903.29
242.09	49873.35
242.16	49853.79
242.23	49845.50
242.30	49836.88
242.37	49818.82
242.44	49826.61
242.51	49822.97
242.58	49824.09
242.65	49827.72
242.72	49840.86
242.79	49830.89
242.87	49839.27
242.94	49823.18
243.01	49814.53
243.08	49810.00
243.15	49808.29
243.22	49801.87
243.29	49811.86
243.36	49814.39
243.43	49818.44
243.50	49838.05
243.57	49862.19
243.64	49863.02
243.71	49861.56
243.78	49856.82
243.85	49839.81
243.92	49819.13
243.99	49815.36
244.07	49814.54
244.14	49807.68
244.21	49804.74
244.28	49791.51
244.35	49775.90
244.42	49770.00
244.49	49771.70
244.56	49778.01
244.63	49790.27
244.70	49799.70
244.77	49809.18
244.84	49816.57
244.91	49825.90
244.98	49842.75
245.05	49865.05
245.12	49877.40
245.19	49898.14
245.26	49903.64
245.33	49916.54
245.40	49937.22
245.47	49967.58
245.55	49985.46
245.62	50006.16
245.69	49998.50
245.76	49996.15
245.83	49988.40
245.90	49979.59
245.97	49978.02
246.04	49995.50
246.11	50003.11
246.18	50010.40
246.25	50019.62
246.32	50023.59
246.39	50025.47
246.46	50030.00
246.53	50036.12
246.60	50051.46
246.67	50072.08
246.74	50096.84
246.81	50124.41
246.88	50154.14
246.95	50181.73
247.02	50208.26
247.09	50231.24
247.16	50232.32
247.23	50223.64
247.30	50214.17
247.37	50204.68
247.44	50206.32
247.51	50230.20
247.58	50269.77
247.66	50305.41
247.73	50352.04
247.80	50383.27
247.87	50406.64
247.94	50433.19
248.01	50468.75
248.08	50495.86
248.15	50521.59
248.22	50554.44
248.29	50571.67
248.36	50588.92
248.43	50606.98
248.50	50628.23
248.57	50642.21
248.64	50656.82
248.71	50670.99
248.78	50693.99
248.85	50710.10
248.92	50737.69
248.99	50762.75
249.06	50784.64
249.13	50791.94
249.20	50816.79
249.27	50830.49
249.34	50847.72
249.41	50857.77
249.48	50853.38
249.55	50840.40
249.62	50841.66
249.69	50850.56
249.76	50875.18
249.83	50929.12
249.90	50979.70
249.97	51023.60
250.04	51065.38
250.11	51101.26
250.18	51125.34
250.25	51151.39
250.32	51167.77
250.39	51190.99
250.46	51206.20
250.53	51231.06
250.60	51257.89
250.67	51283.98
250.74	51299.44
250.81	51319.36
250.88	51339.49
250.95	51353.90
251.02	51375.89
251.09	51403.26
251.16	51433.19
251.23	51448.76
251.30	51462.05
251.37	51474.54
251.44	51484.35
251.51	51494.73
251.58	51513.89
251.65	51535.69
251.72	51548.76
251.79	51565.34
251.86	51577.95
251.93	51592.31
252.00	51601.88
252.07	51615.80
252.14	51632.93
252.21	51640.78
252.28	51649.93
252.35	51664.93
252.42	51689.93
252.49	51700.95
252.56	51713.09
252.63	51717.14
252.70	51721.61
252.77	51723.34
252.84	51737.15
252.91	51749.30
252.98	51770.54
253.05	51789.97
253.12	51801.92
253.19	51809.02
253.25	51826.36
253.32	51836.13
253.39	51857.75
253.46	51881.55
253.53	51913.45
253.60	51932.63
253.67	51949.89
253.74	51959.49
253.81	51976.24
253.88	51977.82
253.95	51989.59
254.02	51999.28
254.09	52014.88
254.16	52020.83
254.23	52030.67
254.30	52040.74
254.37	52058.44
254.44	52071.66
254.51	52082.34
254.58	52089.83
254.65	52092.62
254.72	52090.37
254.79	52080.49
254.86	52082.84
254.93	52088.18
255.00	52096.33
255.07	52101.94
255.14	52115.10
255.21	52109.12
255.28	52101.44
255.34	52087.96
255.41	52088.04
255.48	52081.28
255.55	52081.14
255.62	52084.91
255.69	52094.49
255.76	52091.81
255.83	52096.78
255.90	52113.72
255.97	52132.15
256.04	52135.23
256.11	52141.83
256.18	52136.08
256.25	52124.42
256.32	52110.43
256.39	52113.86
256.46	52112.45
256.53	52120.81
256.60	52124.86
256.67	52124.06
256.74	52123.76
256.80	52127.14
256.87	52122.14
256.94	52120.59
257.01	52125.05
257.08	52124.80
257.15	52107.19
257.22	52099.79
257.29	52078.76
257.36	52055.93
257.43	52035.39
257.50	52037.48
257.57	52024.58
257.64	52028.13
257.71	52022.11
257.78	52010.74
257.85	51989.04
257.92	51975.68
257.98	51958.93
258.05	51947.26
258.12	51929.07
258.19	51913.70
258.26	51901.50
258.33	51882.82
258.40	51877.19
258.47	51877.87
258.54	51884.67
258.61	51884.47
258.68	51881.72
258.75	51860.16
258.82	51842.84
258.89	51809.03
258.95	51782.49
259.02	51771.56
259.09	51755.05
259.16	51736.20
259.23	51718.01
259.30	51695.37
259.37	51666.62
259.44	51649.74
259.51	51638.83
259.58	51627.39
259.65	51616.00
259.72	51599.56
259.79	51570.46
259.85	51533.71
259.92	51503.32
259.99	51471.50
260.06	51442.24
260.13	51422.23
260.20	51397.91
260.27	51365.46
260.34	51332.81
260.41	51298.10
260.48	51263.06
260.55	51245.27
260.62	51233.76
260.68	51218.76
260.75	51199.44
260.82	51188.79
260.89	51165.70
260.96	51140.06
261.03	51114.99
261.10	51086.28
261.17	51052.99
261.24	51012.81
261.31	50982.03
261.38	50957.25
261.44	50926.64
261.51	50885.75
261.58	50852.06
261.65	50808.49
261.72	50756.62
261.79	50724.86
261.86	50699.15
261.93	50672.97
262.00	50645.26
262.07	50616.12
262.13	50581.93
262.20	50545.19
262.27	50499.80
262.34	50470.75
262.41	50444.54
262.48	50406.10
262.55	50372.35
262.62	50344.18
262.69	50305.00
262.76	50272.12
262.82	50242.41
262.89	50215.73
262.96	50194.18
263.03	50169.09
263.10	50138.80
263.17	50106.61
263.24	50061.58
263.31	50017.64
263.38	49969.94
263.44	49928.19
263.51	49879.66
263.58	49837.28
263.65	49798.58
263.72	49754.88
263.79	49710.94
263.86	49680.40
263.93	49643.11
264.00	49597.17
264.06	49565.63
264.13	49524.48
264.20	49490.50
264.27	49449.23
264.34	49411.50
264.41	49367.22
264.48	49324.23
264.55	49273.74
264.61	49235.17
264.68	49196.83
264.75	49156.34
264.82	49104.57
264.89	49059.35
264.96	49020.11
265.03	48971.10
265.10	48932.92
265.16	48899.34
265.23	48862.83
265.30	48834.64
265.37	48806.57
265.44	48756.54
265.51	48713.69
265.58	48669.32
265.65	48611.61
265.71	48555.69
265.78	48521.05
265.85	48479.63
265.92	48431.66
265.99	48391.62
266.06	48352.90
266.13	48302.05
266.20	48267.36
266.26	48231.17
266.33	48188.96
266.40	48145.27
266.47	48096.63
266.54	48032.26
266.61	47972.41
266.68	47909.37
266.74	47843.40
266.81	47792.29
266.88	47746.00
266.95	47692.29
267.02	47648.47
267.09	47612.49
267.16	47565.61
267.22	47518.38
267.29	47484.79
267.36	47444.88
267.43	47406.40
267.50	47373.76
267.57	47346.29
267.64	47312.30
267.70	47275.70
267.77	47229.81
267.84	47191.15
267.91	47144.39
267.98	47092.38
268.05	47047.62
268.11	47005.74
268.18	46951.61
268.25	46899.30
268.32	46851.21
268.39	46805.31
268.46	46767.85
268.53	46732.51
268.59	46697.99
268.66	46665.49
268.73	46624.51
268.80	46574.74
268.87	46522.92
268.94	46478.09
269.00	46433.99
269.07	46387.33
269.14	46353.36
269.21	46323.64
269.28	46282.00
269.35	46242.36
269.41	46210.00
269.48	46162.20
269.55	46115.00
269.62	46070.34
269.69	46029.41
269.76	45977.76
269.82	45935.26
269.89	45899.29
269.96	45870.72
270.03	45835.23
270.10	45806.40
270.17	45768.82
270.23	45729.54
270.30	45686.23
270.37	45653.04
270.44	45626.43
270.51	45599.31
270.58	45571.22
270.64	45543.24
270.71	45499.03
270.78	45460.93
270.85	45416.87
270.92	45375.74
270.99	45340.79
271.05	45309.59
271.12	45266.74
271.19	45229.68
271.26	45184.84
271.33	45139.84
271.39	45104.29
271.46	45057.76
271.53	45027.04
271.60	45003.92
271.67	44976.09
271.74	44937.93
271.80	44914.10
271.87	44886.34
271.94	44856.71
272.01	44822.11
272.08	44795.03
272.14	44758.85
272.21	44728.14
272.28	44704.23
272.35	44686.85
272.42	44657.50
272.48	44640.80
272.55	44619.43
272.62	44587.54
272.69	44564.39
272.76	44548.59
272.83	44520.10
272.89	44483.98
272.96	44456.13
273.03	44421.94
273.10	44388.94
273.17	44367.59
273.23	44339.48
273.30	44312.76
273.37	44284.98
273.44	44258.64
273.51	44232.21
273.57	44220.72
273.64	44195.19
273.71	44173.03
273.78	44146.68
273.85	44130.99
273.91	44105.45
273.98	44088.91
274.05	44073.87
274.12	44067.35
274.19	44044.12
274.25	44024.68
274.32	44003.80
274.39	43964.96
274.46	43923.08
274.53	43872.23
274.59	43825.94
274.66	43786.63
274.73	43767.86
274.80	43742.51
274.86	43722.44
274.93	43705.11
275.00	43670.39
275.07	43620.28
275.14	43578.30
275.20	43546.70
275.27	43520.83
275.34	43497.23
275.41	43491.16
275.48	43480.84
275.54	43461.44
275.61	43433.28
275.68	43415.60
275.75	43382.88
275.81	43347.49
275.88	43320.83
275.95	43295.43
276.02	43263.21
276.09	43239.87
276.15	43217.35
276.22	43196.01
276.29	43175.42
276.36	43152.17
276.42	43131.22
276.49	43108.01
276.56	43077.87
276.63	43045.36
276.70	43025.88
276.76	43008.98
276.83	42993.79
276.90	42971.64
276.97	42954.70
277.03	42931.23
277.10	42901.25
277.17	42879.64
277.24	42870.43
277.30	42860.39
277.37	42845.18
277.44	42827.16
277.51	42812.00
277.58	42785.72
277.64	42756.37
277.71	42738.00
277.78	42717.29
277.85	42681.50
277.91	42652.50
277.98	42626.27
278.05	42592.71
278.12	42572.01
278.18	42557.48
278.25	42538.54
278.32	42519.88
278.39	42504.98
278.45	42491.22
278.52	42473.12
278.59	42461.46
278.66	42441.19
278.72	42429.76
278.79	42404.85
278.86	42379.83
278.93	42362.08
278.99	42343.85
279.06	42314.74
279.13	42282.96
279.20	42262.68
279.26	42243.85
279.33	42224.84
279.40	42203.30
279.47	42188.65
279.53	42166.08
279.60	42132.85
279.67	42102.12
279.74	42076.59
279.80	42058.20
279.87	42042.12
279.94	42029.06
280.01	42015.06
280.07	41995.31
280.14	41969.80
280.21	41945.30
280.28	41916.46
280.34	41892.62
280.41	41870.83
280.48	41848.93
280.55	41821.97
280.61	41801.63
280.68	41779.32
280.75	41749.06
280.82	41717.87
280.88	41683.17
280.95	41628.09
281.02	41567.22
281.08	41495.93
281.15	41425.69
281.22	41355.96
281.29	41298.48
281.35	41242.83
281.42	41215.77
281.49	41178.05
281.56	41144.73
281.62	41116.64
281.69	41083.89
281.76	41044.33
281.82	41007.24
281.89	40972.64
281.96	40944.85
282.03	40924.93
282.09	40897.67
282.16	40882.56
282.23	40860.03
282.30	40832.36
282.36	40811.33
282.43	40794.76
282.50	40776.19
282.56	40753.41
282.63	40731.97
282.70	40707.75
282.77	40696.67
282.83	40672.30
282.90	40663.47
282.97	40639.00
283.03	40614.76
283.10	40575.52
283.17	40556.78
283.24	40524.77
283.30	40501.01
283.37	40470.56
283.44	40449.07
283.50	40416.16
283.57	40401.04
283.64	40373.09
283.71	40335.50
283.77	40291.03
283.84	40258.47
283.91	40206.49
283.97	40184.42
284.04	40194.07
284.11	40204.48
284.18	40213.70
284.24	40233.87
284.31	40241.89
284.38	40233.14
284.44	40218.25
284.51	40194.48
284.58	40177.19
284.64	40162.06
284.71	40151.89
284.78	40139.63
284.85	40129.14
284.91	40114.51
284.98	40099.85
285.05	40068.69
285.11	40050.90
285.18	40032.41
285.25	40022.58
285.31	40015.09
285.38	40015.22
285.45	40014.76
285.52	40014.06
285.58	40003.03
285.65	39979.98
285.72	39956.73
285.78	39933.50
285.85	39912.01
285.92	39889.16
285.98	39871.44
286.05	39867.28
286.12	39861.57
286.18	39860.45
286.25	39858.60
286.32	39851.89
286.39	39851.31
286.45	39847.20
286.52	39832.84
286.59	39820.24
286.65	39818.27
286.72	39807.49
286.79	39791.64
286.85	39775.74
286.92	39761.07
286.99	39759.30
287.05	39735.47
287.12	39736.36
287.19	39734.12
287.25	39740.59
287.32	39727.34
287.39	39735.79
287.45	39729.48
287.52	39732.79
287.59	39725.63
287.65	39727.04
287.72	39711.40
287.79	39697.84
287.86	39687.83
287.92	39679.36
287.99	39662.97
288.06	39663.29
288.12	39653.43
288.19	39643.81
288.26	39634.55
288.32	39627.06
288.39	39617.82
288.46	39614.97
288.52	39614.03
288.59	39612.29
288.66	39623.91
288.72	39622.77
288.79	39631.75
288.86	39633.66
288.92	39634.45
288.99	39618.16
289.06	39621.22
289.12	39610.28
289.19	39610.37
289.26	39614.72
289.32	39626.36
289.39	39624.49
289.45	39629.63
289.52	39617.94
289.59	39618.55
289.65	39617.64
289.72	39623.90
289.79	39633.77
289.85	39658.28
289.92	39663.41
289.99	39675.84
290.05	39674.28
290.12	39665.30
290.19	39653.82
290.25	39647.64
290.32	39637.44
290.39	39642.28
290.45	39645.95
290.52	39651.14
290.59	39659.71
290.65	39658.08
290.72	39657.91
290.79	39660.63
290.85	39665.44
290.92	39674.76
290.98	39687.00
291.05	39697.58
291.12	39703.03
291.18	39712.18
291.25	39713.53
291.32	39716.35
291.38	39709.92
291.45	39716.57
291.52	39712.23
291.58	39714.90
291.65	39725.86
291.72	39741.00
291.78	39763.40
291.85	39781.03
291.91	39796.78
291.98	39818.27
292.05	39826.22
292.11	39830.53
292.18	39836.32
292.25	39842.44
292.31	39829.48
292.38	39840.25
292.45	39841.95
292.51	39852.00
292.58	39849.39
292.64	39863.96
292.71	39863.62
292.78	39870.82
292.84	39870.96
292.91	39885.13
292.98	39888.65
293.04	39900.96
293.11	39910.26
293.17	39919.54
293.24	39928.48
293.31	39944.15
293.37	39964.07
293.44	39972.60
293.51	39987.89
293.57	39998.47
293.64	40010.10
293.70	40017.40
293.77	40028.79
293.84	40036.66
293.90	40045.31
293.97	40052.19
294.04	40059.58
294.10	40072.44
294.17	40081.65
294.23	40099.77
294.30	40103.98
294.37	40118.25
294.43	40134.41
294.50	40145.80
294.56	40149.59
294.63	40168.74
294.70	40176.43
294.76	40189.12
294.83	40206.33
294.90	40229.12
294.96	40247.24
295.03	40267.90
295.09	40284.30
295.16	40303.45
295.23	40307.61
295.29	40314.17
295.36	40314.56
295.42	40310.25
295.49	40313.45
295.56	40336.38
295.62	40361.29
295.69	40384.85
295.75	40404.20
295.82	40422.05
295.89	40421.89
295.95	40419.91
296.02	40422.56
296.08	40430.18
296.15	40431.54
296.22	40450.97
296.28	40473.93
296.35	40499.05
296.41	40520.36
296.48	40544.98
296.55	40560.59
296.61	40571.73
296.68	40585.42
296.74	40609.20
296.81	40632.01
296.88	40654.91
296.94	40674.68
297.01	40693.36
297.07	40698.47
297.14	40715.27
297.20	40726.04
297.27	40743.96
297.34	40760.84
297.40	40786.04
297.47	40794.60
297.53	40811.19
297.60	40828.78
297.67	40840.59
297.73	40850.63
297.80	40861.40
297.86	40865.13
297.93	40870.66
298.00	40884.37
298.06	40902.34
298.13	40933.20
298.19	40956.74
298.26	40976.46
298.32	40997.96
298.39	41007.42
298.46	41008.12
298.52	41018.68
298.59	41025.95
298.65	41030.46
298.72	41050.64
298.78	41068.35
298.85	41083.53
298.92	41100.26
298.98	41112.42
299.05	41121.80
299.11	41140.54
299.18	41149.23
299.24	41158.58
299.31	41166.29
299.38	41177.87
299.44	41173.31
299.51	41187.82
299.57	41202.69
299.64	41227.74
299.70	41242.44
299.77	41258.56
299.84	41266.67
299.90	41270.99
299.97	41263.09
300.03	41266.18
300.10	41284.01
300.16	41301.97
300.23	41319.39
300.30	41340.66
300.36	41344.19
300.43	41352.59
300.49	41362.40
300.56	41372.70
300.62	41388.88
300.69	41408.91
300.75	41418.65
300.82	41430.03
300.89	41438.39
300.95	41450.47
301.02	41450.05
301.08	41449.82
301.15	41447.18
301.21	41449.33
301.28	41445.63
301.34	41456.93
301.41	41464.05
301.48	41462.04
301.54	41454.34
301.61	41450.26
301.67	41445.70
301.74	41445.60
301.80	41446.44
301.87	41456.63
301.93	41454.98
302.00	41450.96
302.06	41437.59
302.13	41428.26
302.20	41419.38
302.26	41415.47
302.33	41414.70
302.39	41412.68
302.46	41413.29
302.52	41407.93
302.59	41403.46
302.65	41399.09
302.72	41396.83
302.78	41399.39
302.85	41399.10
302.91	41391.49
302.98	41377.09
303.05	41364.30
303.11	41349.29
303.18	41330.74
303.24	41320.28
303.31	41311.26
303.37	41301.60
303.44	41291.99
303.50	41280.48
303.57	41267.09
303.63	41253.24
303.70	41243.47
303.76	41225.67
303.83	41217.79
303.89	41204.75
303.96	41189.24
304.03	41172.38
304.09	41159.69
304.16	41131.30
304.22	41104.90
304.29	41086.71
304.35	41064.92
304.42	41045.29
304.48	41025.58
304.55	41004.41
304.61	40982.78
304.68	40960.48
304.74	40937.28
304.81	40922.41
304.87	40893.98
304.94	40868.53
305.00	40842.19
305.07	40809.39
305.13	40774.20
305.20	40749.98
305.26	40725.24
305.33	40700.99
305.39	40669.71
305.46	40640.90
305.52	40613.95
305.59	40589.30
305.66	40561.35
305.72	40537.02
305.79	40510.28
305.85	40485.93
305.92	40436.72
305.98	40329.15
306.05	40112.51
306.11	39813.99
306.18	39517.71
306.24	39327.22
306.31	39288.61
306.37	39412.34
306.44	39645.52
306.50	39887.23
306.57	40031.52
306.63	40078.96
306.70	40074.48
306.76	40032.42
306.83	39974.73
306.89	39916.92
306.96	39870.21
307.02	39824.15
307.09	39789.38
307.15	39751.42
307.22	39722.14
307.28	39680.54
307.35	39641.86
307.41	39596.93
307.48	39553.34
307.54	39504.28
307.61	39455.74
307.67	39396.58
307.74	39344.11
307.80	39297.47
307.87	39247.92
307.93	39205.27
308.00	39167.97
308.06	39127.40
308.13	39077.48
308.19	39026.42
308.26	38974.99
308.32	38931.29
308.38	38893.59
308.45	38859.19
308.51	38825.93
308.58	38773.78
308.64	38713.66
308.71	38656.85
308.77	38604.92
308.84	38549.19
308.90	38519.89
308.97	38490.28
309.03	38458.61
309.10	38416.10
309.16	38368.15
309.23	38309.20
309.29	38246.59
309.36	38169.01
309.42	38093.44
309.49	38028.21
309.55	37961.99
309.62	37890.38
309.68	37838.64
309.75	37784.62
309.81	37724.22
309.88	37669.99
309.94	37622.22
310.00	37562.25
310.07	37501.23
310.13	37456.96
310.20	37399.83
310.26	37350.55
310.33	37294.59
310.39	37248.31
310.46	37193.99
310.52	37139.88
310.59	37083.57
310.65	37036.02
310.72	36982.01
310.78	36918.45
310.85	36857.74
310.91	36801.21
310.97	36742.99
311.04	36685.62
311.10	36622.99
311.17	36572.73
311.23	36516.88
311.30	36461.90
311.36	36408.64
311.43	36368.30
311.49	36318.06
311.56	36259.34
311.62	36200.77
311.69	36136.95
311.75	36081.81
311.81	36011.86
311.88	35946.95
311.94	35894.53
312.01	35855.36
312.07	35803.24
312.14	35760.15
312.20	35722.53
312.27	35663.72
312.33	35588.22
312.40	35515.78
312.46	35445.37
312.52	35373.79
312.59	35312.13
312.65	35252.05
312.72	35186.93
312.78	35124.49
312.85	35059.71
312.91	34985.48
312.98	34918.43
313.04	34866.14
313.10	34803.69
313.17	34746.32
313.23	34704.35
313.30	34658.71
313.36	34588.10
313.43	34518.72
313.49	34449.88
313.56	34369.13
313.62	34290.69
313.68	34223.17
313.75	34174.43
313.81	34114.44
313.88	34053.79
313.94	33997.74
314.01	33948.76
314.07	33889.55
314.13	33834.19
314.20	33777.88
314.26	33717.42
314.33	33644.05
314.39	33575.35
314.46	33494.11
314.52	33430.00
314.58	33357.07
314.65	33297.20
314.71	33225.80
314.78	33173.05
314.84	33103.21
314.91	33044.14
314.97	32978.91
315.03	32924.49
315.10	32860.49
315.16	32794.21
315.23	32728.59
315.29	32659.93
315.36	32589.11
315.42	32515.56
315.48	32449.70
315.55	32385.34
315.61	32311.96
315.68	32252.39
315.74	32198.55
315.81	32133.72
315.87	32058.90
315.93	32009.34
316.00	31962.71
316.06	31916.28
316.13	31890.94
316.19	31843.30
316.25	31743.34
316.32	31580.22
316.38	31361.72
316.45	31073.79
316.51	30765.56
316.58	30431.11
316.64	30076.98
316.70	29715.76
316.77	29333.82
316.83	28921.03
316.90	28491.72
316.96	28052.22
317.02	27597.06
317.09	27136.21
317.15	26666.05
317.22	26179.25
317.28	25678.86
317.34	25160.32
317.41	24633.11
317.47	24094.98
317.54	23552.86
317.60	23001.60
317.66	22442.25
317.73	21871.01
317.79	21296.88
317.86	20723.19
317.92	20137.02
317.98	19547.64
318.05	18950.04
318.11	18357.29
318.18	17762.88
318.24	17173.59
318.30	16583.15
318.37	16002.29
318.43	15409.19
318.50	14819.22
318.56	14235.31
318.62	13667.36
318.69	13100.59
318.75	12552.98
318.82	12010.43
318.88	11481.24
318.94	10958.53
319.01	10452.66
319.07	9960.50
319.13	9479.03
319.20	9006.23
319.26	8544.94
319.33	8098.40
319.39	7657.72
319.45	7248.12
319.52	6855.00
319.58	6476.19
319.65	6111.90
319.71	5765.44
319.77	5425.42
319.84	5105.74
319.90	4804.26
319.96	4516.81
320.03	4245.69
320.09	3994.58
320.16	3747.92
320.22	3522.60
320.28	3311.07
320.35	3114.59
320.41	2929.82
320.47	2764.65
320.54	2606.11
320.60	2464.83
320.67	2336.30
320.73	2214.93
320.79	2102.99
320.86	2005.09
320.92	1910.66
320.98	1824.94
321.05	1747.65
321.11	1674.36
321.18	1606.78
321.24	1548.16
321.30	1489.19
321.37	1439.33
321.43	1399.05
321.49	1358.16
321.56	1320.39
321.62	1290.06
321.68	1253.61
321.75	1220.05
321.81	1190.88
321.88	1161.10
321.94	1137.90
322.00	1117.57
322.07	1089.39
322.13	1061.88
322.19	1033.61
322.26	999.31
322.32	969.55
322.38	945.46
322.45	923.90
322.51	898.87
322.58	878.42
322.64	850.65
322.70	827.07
322.77	795.55
322.83	774.82
322.89	744.47
322.96	717.95
323.02	689.20
323.08	662.04
323.15	632.12
323.21	606.69
323.27	582.01
323.34	556.84
323.40	532.45
323.46	506.80
323.53	476.54
323.59	403.41
323.65	303.16
323.72	189.99
323.78	81.42
323.85	-17.53
323.91	-67.41
323.97	-85.94
324.04	-86.36
