180.21	3427.86
180.28	-125.76
180.36	633.58
180.44	-44.29
180.51	-9.88
180.59	17.53
180.66	49.12
180.74	50.55
180.81	52.77
180.89	57.27
180.97	60.42
181.04	61.11
181.12	62.56
181.19	65.87
181.27	68.83
181.34	89.16
181.42	98.16
181.50	105.16
181.57	116.01
181.65	121.13
181.72	114.77
181.80	111.38
181.87	117.30
181.95	125.50
182.03	136.02
182.10	151.53
182.18	168.36
182.25	192.17
182.33	213.54
182.40	239.83
182.48	256.59
182.55	288.75
182.63	309.04
182.71	327.60
182.78	343.95
182.86	353.17
182.93	335.95
183.01	318.07
183.08	294.75
183.16	282.84
183.23	278.55
183.31	305.62
183.39	338.21
183.46	389.84
183.54	434.63
183.61	492.38
183.69	547.89
183.76	615.02
183.84	672.14
183.91	734.08
183.99	795.48
184.06	844.46
184.14	900.77
184.22	940.65
184.29	946.55
184.37	944.07
184.44	913.92
184.52	818.57
184.59	715.31
184.67	642.74
184.74	577.31
184.82	564.70
184.89	616.52
184.97	713.87
185.04	817.60
185.12	925.65
185.20	1030.04
185.27	1140.48
185.35	1231.13
185.42	1300.23
185.50	1378.36
185.57	1432.28
185.65	1485.18
185.72	1558.21
185.80	1636.62
185.87	1704.12
185.95	1793.00
186.02	1847.63
186.10	1846.98
186.17	1802.94
186.25	1668.61
186.33	1468.58
186.40	1299.82
186.48	1199.21
186.55	1180.99
186.63	1265.21
186.70	1435.93
186.78	1601.27
186.85	1747.75
186.93	1868.29
187.00	2002.15
187.08	2111.01
187.15	2241.61
187.23	2373.75
187.30	2495.01
187.38	2615.44
187.45	2752.85
187.53	2850.90
187.60	2943.97
187.68	3063.53
187.75	3141.67
187.83	3180.62
187.90	3218.31
187.98	3209.70
188.05	3090.00
188.13	2859.41
188.21	2599.25
188.28	2377.62
188.36	2212.75
188.43	2179.52
188.51	2312.12
188.58	2525.05
188.66	2720.24
188.73	2921.21
188.81	3104.43
188.88	3267.96
188.96	3404.41
189.03	3551.46
189.11	3689.60
189.18	3800.01
189.26	3907.87
189.33	4030.40
189.41	4127.47
189.48	4215.40
189.56	4324.91
189.63	4402.71
189.71	4451.99
189.78	4506.05
189.86	4525.19
189.93	4493.58
190.01	4416.65
190.08	4257.21
190.16	3974.73
190.23	3676.37
190.31	3462.84
190.38	3348.86
190.46	3367.40
190.53	3536.12
190.61	3779.51
190.68	3991.99
190.76	4195.06
190.83	4362.67
190.91	4527.77
190.98	4661.57
191.06	4808.24
191.13	4932.11
191.21	5044.11
191.28	5148.98
191.35	5258.85
191.43	5331.02
191.50	5403.28
191.58	5486.93
191.65	5536.30
191.73	5573.57
191.80	5610.96
191.88	5620.04
191.95	5611.25
192.03	5614.23
192.10	5600.40
192.18	5567.17
192.25	5483.79
192.33	5314.83
192.40	5114.37
192.48	4955.22
192.55	4860.10
192.63	4861.82
192.70	4989.55
192.78	5177.69
192.85	5372.37
192.93	5546.54
193.00	5690.12
193.08	5822.03
193.15	5936.82
193.22	6032.23
193.30	6111.29
193.37	6197.97
193.45	6259.87
193.52	6322.54
193.60	6379.25
193.67	6434.25
193.75	6476.10
193.82	6512.38
193.90	6535.26
193.97	6564.97
194.05	6592.59
194.12	6622.11
194.20	6665.36
194.27	6708.00
194.34	6731.60
194.42	6745.29
194.49	6750.92
194.57	6726.34
194.64	6651.86
194.72	6564.82
194.79	6489.98
194.87	6431.26
194.94	6420.17
195.02	6469.79
195.09	6553.33
195.17	6650.06
195.24	6756.27
195.31	6846.60
195.39	6939.19
195.46	7019.18
195.54	7096.89
195.61	7156.79
195.69	7202.83
195.76	7235.78
195.84	7271.83
195.91	7277.01
195.99	7276.07
196.06	7282.03
196.13	7286.92
196.21	7289.96
196.28	7306.82
196.36	7330.16
196.43	7347.69
196.51	7366.54
196.58	7384.53
196.66	7408.96
196.73	7438.43
196.80	7474.75
196.88	7512.13
196.95	7553.71
197.03	7587.80
197.10	7597.86
197.18	7596.29
197.25	7596.63
197.33	7598.57
197.40	7609.90
197.47	7626.10
197.55	7660.22
197.62	7688.75
197.70	7714.51
197.77	7733.39
197.85	7763.30
197.92	7778.02
197.99	7788.12
198.07	7791.00
198.14	7793.47
198.22	7809.66
198.29	7834.25
198.37	7877.61
198.44	7937.83
198.51	7998.07
198.59	8044.22
198.66	8095.77
198.74	8134.01
198.81	8160.30
198.89	8178.57
198.96	8198.44
199.03	8203.63
199.11	8215.02
199.18	8223.65
199.26	8239.14
199.33	8260.97
199.41	8287.45
199.48	8293.01
199.55	8291.95
199.63	8282.93
199.70	8277.11
199.78	8280.80
199.85	8318.33
199.93	8369.53
200.00	8440.91
200.07	8505.51
200.15	8571.78
200.22	8623.09
200.30	8661.96
200.37	8691.67
200.44	8719.07
200.52	8740.79
200.59	8765.65
200.67	8786.79
200.74	8806.65
200.81	8824.09
200.89	8839.59
200.96	8858.41
201.04	8876.42
201.11	8891.76
201.19	8904.23
201.26	8916.36
201.33	8924.77
201.41	8954.92
201.48	9005.22
201.56	9066.75
201.63	9143.51
201.70	9211.32
201.78	9269.77
201.85	9317.87
201.93	9359.79
202.00	9386.89
202.07	9418.50
202.15	9443.74
202.22	9463.12
202.30	9488.92
202.37	9513.37
202.44	9547.36
202.52	9590.10
202.59	9635.30
202.67	9667.22
202.74	9707.34
202.81	9736.17
202.89	9757.71
202.96	9786.20
203.04	9836.14
203.11	9886.67
203.18	9958.65
203.26	10035.78
203.33	10102.67
203.41	10154.85
203.48	10197.24
203.55	10215.31
203.63	10239.70
203.70	10276.02
203.77	10317.96
203.85	10363.98
203.92	10418.87
204.00	10483.54
204.07	10539.87
204.14	10597.77
204.22	10658.48
204.29	10719.58
204.37	10760.44
204.44	10803.96
204.51	10846.31
204.59	10886.72
204.66	10928.21
204.73	10991.68
204.81	11056.92
204.88	11125.85
204.96	11199.36
205.03	11263.17
205.10	11306.49
205.18	11349.35
205.25	11389.61
205.32	11428.18
205.40	11480.52
205.47	11546.67
205.55	11614.35
205.62	11686.62
205.69	11769.94
205.77	11847.22
205.84	11917.49
205.91	11987.34
205.99	12052.91
206.06	12107.56
206.14	12168.47
206.21	12235.92
206.28	12299.04
206.36	12368.91
206.43	12437.37
206.50	12505.67
206.58	12570.64
206.65	12630.72
206.72	12682.99
206.80	12736.04
206.87	12792.32
206.95	12857.37
207.02	12942.52
207.09	13040.43
207.17	13150.41
207.24	13260.46
207.31	13362.59
207.39	13456.65
207.46	13543.09
207.53	13615.60
207.61	13693.92
207.68	13772.65
207.75	13857.77
207.83	13947.74
207.90	14034.32
207.98	14111.15
208.05	14194.84
208.12	14270.12
208.20	14338.53
208.27	14414.24
208.34	14486.18
208.42	14548.85
208.49	14611.88
208.56	14680.22
208.64	14762.83
208.71	14856.67
208.78	14951.29
208.86	15062.75
208.93	15175.78
209.00	15283.21
209.08	15381.05
209.15	15492.14
209.22	15601.09
209.30	15711.19
209.37	15820.65
209.44	15942.54
209.52	16058.02
209.59	16155.87
209.67	16251.67
209.74	16347.60
209.81	16449.45
209.89	16540.05
209.96	16635.86
210.03	16723.52
210.11	16804.42
210.18	16874.00
210.25	16965.75
210.33	17068.15
210.40	17173.45
210.47	17298.29
210.55	17428.99
210.62	17545.38
210.69	17645.91
210.77	17768.86
210.84	17880.33
210.91	18002.47
210.99	18121.15
211.06	18254.60
211.13	18384.06
211.21	18512.37
211.28	18621.63
211.35	18746.83
211.42	18864.97
211.50	18972.52
211.57	19078.02
211.64	19185.57
211.72	19271.35
211.79	19355.28
211.86	19445.35
211.94	19553.70
212.01	19670.52
212.08	19807.99
212.16	19944.71
212.23	20086.01
212.30	20214.98
212.38	20339.60
212.45	20464.27
212.52	20605.26
212.60	20738.31
212.67	20872.11
212.74	21012.64
212.82	21145.87
212.89	21271.47
212.96	21399.45
213.03	21538.84
213.11	21674.34
213.18	21811.04
213.25	21951.97
213.33	22087.75
213.40	22203.01
213.47	22315.40
213.55	22424.89
213.62	22522.24
213.69	22628.94
213.77	22754.24
213.84	22881.74
213.91	23031.62
213.98	23184.12
214.06	23334.10
214.13	23486.68
214.20	23640.98
214.28	23793.58
214.35	23946.29
214.42	24096.96
214.50	24246.59
214.57	24388.44
214.64	24513.70
214.72	24642.60
214.79	24774.07
214.86	24899.92
214.93	25030.70
215.01	25176.76
215.08	25300.36
215.15	25416.32
215.23	25515.35
215.30	25630.99
215.37	25738.64
215.44	25889.24
215.52	26055.12
215.59	26233.60
215.66	26398.26
215.74	26561.79
215.81	26710.50
215.88	26856.46
215.95	26993.63
216.03	27131.21
216.10	27273.21
216.17	27422.02
216.25	27568.86
216.32	27731.12
216.39	27891.46
216.46	28043.23
216.54	28175.31
216.61	28301.92
216.68	28423.76
216.76	28557.22
216.83	28691.81
216.90	28838.39
216.97	28991.62
217.05	29143.13
217.12	29278.39
217.19	29396.32
217.27	29491.97
217.34	29589.68
217.41	29698.58
217.48	29821.38
217.56	29960.87
217.63	30133.69
217.70	30308.00
217.78	30477.70
217.85	30641.46
217.92	30818.93
217.99	30986.17
218.07	31130.07
218.14	31268.64
218.21	31419.24
218.28	31559.52
218.36	31694.83
218.43	31848.94
218.50	32005.53
218.57	32135.64
218.65	32248.61
218.72	32363.11
218.79	32471.78
218.87	32576.93
218.94	32703.95
219.01	32844.87
219.08	32978.26
219.16	33119.41
219.23	33255.41
219.30	33378.42
219.37	33507.67
219.45	33641.46
219.52	33786.91
219.59	33922.77
219.66	34056.44
219.74	34192.86
219.81	34353.22
219.88	34491.52
219.95	34634.95
220.03	34797.22
220.10	34937.65
220.17	35055.29
220.24	35177.79
220.32	35305.58
220.39	35415.66
220.46	35526.94
220.53	35644.43
220.61	35751.46
220.68	35869.65
220.75	35989.32
220.82	36127.77
220.90	36248.28
220.97	36355.39
221.04	36447.27
221.11	36546.75
221.19	36639.74
221.26	36751.34
221.33	36887.70
221.40	37025.91
221.48	37169.47
221.55	37305.64
221.62	37434.98
221.69	37566.42
221.77	37698.24
221.84	37819.98
221.91	37944.26
221.98	38069.81
222.06	38191.97
222.13	38320.07
222.20	38437.71
222.27	38540.57
222.35	38638.77
222.42	38731.34
222.49	38807.23
222.56	38875.50
222.63	38965.66
222.71	39068.10
222.78	39183.07
222.85	39304.48
222.92	39433.41
223.00	39539.94
223.07	39631.15
223.14	39706.40
223.21	39795.43
223.29	39899.68
223.36	40031.87
223.43	40164.59
223.50	40304.85
223.57	40438.39
223.65	40572.41
223.72	40676.68
223.79	40782.75
223.86	40877.79
223.94	40974.89
224.01	41046.40
224.08	41117.51
224.15	41181.96
224.22	41244.14
224.30	41289.17
224.37	41357.47
224.44	41447.38
224.51	41542.33
224.59	41645.31
224.66	41762.85
224.73	41874.62
224.80	41980.37
224.87	42088.80
224.95	42195.69
225.02	42294.65
225.09	42389.67
225.16	42473.09
225.23	42559.81
225.31	42650.65
225.38	42742.23
225.45	42834.67
225.52	42935.75
225.60	43021.07
225.67	43076.15
225.74	43112.55
225.81	43149.27
225.88	43196.61
225.96	43276.92
226.03	43389.84
226.10	43518.38
226.17	43644.36
226.24	43758.90
226.32	43841.22
226.39	43914.34
226.46	43981.63
226.53	44047.82
226.60	44105.82
226.68	44175.22
226.75	44244.23
226.82	44319.70
226.89	44391.19
226.96	44462.42
227.04	44512.41
227.11	44555.27
227.18	44598.25
227.25	44628.76
227.32	44682.18
227.40	44752.13
227.47	44821.78
227.54	44890.19
227.61	44963.38
227.68	45032.16
227.76	45104.48
227.83	45181.37
227.90	45251.72
227.97	45319.40
228.04	45374.61
228.11	45418.27
228.19	45456.73
228.26	45514.27
228.33	45587.17
228.40	45656.45
228.47	45731.26
228.55	45805.43
228.62	45868.72
228.69	45924.41
228.76	45980.41
228.83	46031.67
228.90	46092.87
228.98	46155.89
229.05	46221.53
229.12	46302.38
229.19	46377.77
229.26	46449.22
229.34	46504.33
229.41	46555.37
229.48	46594.38
229.55	46640.06
229.62	46685.64
229.69	46739.29
229.77	46779.23
229.84	46814.03
229.91	46845.82
229.98	46865.71
230.05	46887.75
230.12	46941.22
230.20	47003.28
230.27	47074.86
230.34	47156.11
230.41	47238.26
230.48	47296.13
230.55	47345.77
230.63	47382.64
230.70	47422.20
230.77	47449.83
230.84	47478.23
230.91	47504.76
230.98	47548.64
231.06	47588.95
231.13	47652.89
231.20	47731.25
231.27	47808.11
231.34	47857.79
231.41	47916.89
231.49	47958.46
231.56	47991.32
231.63	48039.30
231.70	48094.68
231.77	48130.54
231.84	48152.04
231.92	48170.07
231.99	48181.94
232.06	48209.14
232.13	48247.83
232.20	48307.53
232.27	48359.72
232.34	48404.43
232.42	48426.75
232.49	48449.64
232.56	48479.42
232.63	48534.67
232.70	48584.28
232.77	48648.80
232.85	48709.53
232.92	48757.40
232.99	48781.26
233.06	48812.01
233.13	48825.64
233.20	48838.12
233.27	48851.96
233.35	48856.79
233.42	48852.67
233.49	48862.51
233.56	48880.10
233.63	48895.33
233.70	48918.96
233.77	48955.52
233.85	48992.25
233.92	49031.09
233.99	49056.03
234.06	49103.52
234.13	49147.62
234.20	49190.69
234.27	49215.19
234.35	49252.68
234.42	49259.01
234.49	49256.78
234.56	49258.42
234.63	49253.46
234.70	49247.93
234.77	49247.29
234.84	49232.05
234.92	49212.93
234.99	49219.91
235.06	49226.62
235.13	49247.25
235.20	49288.36
235.27	49336.86
235.34	49363.17
235.41	49406.69
235.49	49434.75
235.56	49456.46
235.63	49460.78
235.70	49465.61
235.77	49451.25
235.84	49439.03
235.91	49424.48
235.98	49413.09
236.06	49412.96
236.13	49413.46
236.20	49416.15
236.27	49412.81
236.34	49423.57
236.41	49431.98
236.48	49429.62
236.55	49432.89
236.63	49434.47
236.70	49422.62
236.77	49412.82
236.84	49417.26
236.91	49402.47
236.98	49392.78
237.05	49394.45
237.12	49387.21
237.19	49368.07
237.27	49365.75
237.34	49371.65
237.41	49366.43
237.48	49356.85
237.55	49350.14
237.62	49336.43
237.69	49331.03
237.76	49338.04
237.83	49350.60
237.91	49363.10
237.98	49378.72
238.05	49382.68
238.12	49379.36
238.19	49373.83
238.26	49381.21
238.33	49379.14
238.40	49360.98
238.47	49340.78
238.54	49323.32
238.62	49289.41
238.69	49262.77
238.76	49243.93
238.83	49225.71
238.90	49227.66
238.97	49241.39
239.04	49260.68
239.11	49285.65
239.18	49313.15
239.25	49311.95
239.33	49296.67
239.40	49271.72
239.47	49232.49
239.54	49181.27
239.61	49136.28
239.68	49084.96
239.75	49048.64
239.82	49030.45
239.89	49012.89
239.96	49009.16
240.03	49019.44
240.11	49037.20
240.18	49054.67
240.25	49067.62
240.32	49068.48
240.39	49078.76
240.46	49077.70
240.53	49092.25
240.60	49119.38
240.67	49146.14
240.74	49159.18
240.81	49169.43
240.88	49156.00
240.96	49135.08
241.03	49113.76
241.10	49094.28
241.17	49075.27
241.24	49057.07
241.31	49041.30
241.38	49031.81
241.45	49030.27
241.52	49028.05
241.59	49034.17
241.66	49049.14
241.73	49054.45
241.80	49055.31
241.88	49051.92
241.95	49026.12
242.02	48982.37
242.09	48931.38
242.16	48874.51
242.23	48847.12
242.30	48837.58
242.37	48838.92
242.44	48856.02
242.51	48857.61
242.58	48849.56
242.65	48846.86
242.72	48849.76
242.79	48838.78
242.87	48855.70
242.94	48854.87
243.01	48842.58
243.08	48830.12
243.15	48830.27
243.22	48828.65
243.29	48839.55
243.36	48856.48
243.43	48877.75
243.50	48899.46
243.57	48916.81
243.64	48922.01
243.71	48935.38
243.78	48938.07
243.85	48929.28
243.92	48909.07
243.99	48901.14
244.07	48880.12
244.14	48852.20
244.21	48844.71
244.28	48854.95
244.35	48869.31
244.42	48890.68
244.49	48923.88
244.56	48948.55
244.63	48957.75
244.70	48952.98
244.77	48953.64
244.84	48942.04
244.91	48924.50
244.98	48920.43
245.05	48931.45
245.12	48952.00
245.19	48985.29
245.26	49019.06
245.33	49059.81
245.40	49089.43
245.47	49106.52
245.55	49123.39
245.62	49139.38
245.69	49145.72
245.76	49161.76
245.83	49180.83
245.90	49188.84
245.97	49193.24
246.04	49209.75
246.11	49215.22
246.18	49202.22
246.25	49195.87
246.32	49196.37
246.39	49182.86
246.46	49178.45
246.53	49199.50
246.60	49213.01
246.67	49234.39
246.74	49264.52
246.81	49298.78
246.88	49317.29
246.95	49344.05
247.02	49367.08
247.09	49373.43
247.16	49368.81
247.23	49352.63
247.30	49326.34
247.37	49296.35
247.44	49288.94
247.51	49277.59
247.58	49286.66
247.66	49320.17
247.73	49368.89
247.80	49409.52
247.87	49467.74
247.94	49533.12
248.01	49590.79
248.08	49637.38
248.15	49674.49
248.22	49697.80
248.29	49718.70
248.36	49737.63
248.43	49752.81
248.50	49774.85
248.57	49801.80
248.64	49818.83
248.71	49845.69
248.78	49877.69
248.85	49902.56
248.92	49921.90
248.99	49934.12
249.06	49925.94
249.13	49901.38
249.20	49887.28
249.27	49866.32
249.34	49863.36
249.41	49882.07
249.48	49902.42
249.55	49919.25
249.62	49946.78
249.69	49966.95
249.76	49984.69
249.83	50011.34
249.90	50042.87
249.97	50069.62
250.04	50114.37
250.11	50162.65
250.18	50208.09
250.25	50249.92
250.32	50283.78
250.39	50309.47
250.46	50324.99
250.53	50340.79
250.60	50352.26
250.67	50383.08
250.74	50404.77
250.81	50402.08
250.88	50396.77
250.95	50400.27
251.02	50386.90
251.09	50372.83
251.16	50392.95
251.23	50424.98
251.30	50456.83
251.37	50488.49
251.44	50518.50
251.51	50554.03
251.58	50576.74
251.65	50600.27
251.72	50626.79
251.79	50646.92
251.86	50629.02
251.93	50608.45
252.00	50563.35
252.07	50516.91
252.14	50491.21
252.21	50491.07
252.28	50503.93
252.35	50541.07
252.42	50601.32
252.49	50650.27
252.56	50690.83
252.63	50733.06
252.70	50762.42
252.77	50768.34
252.84	50778.14
252.91	50778.04
252.98	50762.27
253.05	50750.64
253.12	50749.97
253.19	50757.29
253.25	50784.51
253.32	50811.12
253.39	50850.15
253.46	50867.72
253.53	50883.23
253.60	50870.79
253.67	50875.06
253.74	50882.22
253.81	50918.27
253.88	50937.77
253.95	50968.63
254.02	50994.81
254.09	51004.34
254.16	50995.58
254.23	50981.99
254.30	50966.35
254.37	50954.92
254.44	50967.54
254.51	50988.01
254.58	51002.55
254.65	51028.06
254.72	51035.39
254.79	51005.22
254.86	50980.75
254.93	50967.26
255.00	50960.81
255.07	50966.89
255.14	50988.01
255.21	50981.99
255.28	50960.02
255.34	50932.16
255.41	50927.61
255.48	50927.91
255.55	50951.54
255.62	50990.19
255.69	51031.42
255.76	51057.14
255.83	51081.68
255.90	51095.87
255.97	51121.92
256.04	51127.52
256.11	51130.37
256.18	51129.95
256.25	51130.19
256.32	51104.56
256.39	51077.90
256.46	51047.24
256.53	51008.11
256.60	50969.11
256.67	50943.51
256.74	50936.85
256.80	50923.92
256.87	50914.41
256.94	50904.83
257.01	50904.82
257.08	50899.35
257.15	50896.16
257.22	50897.39
257.29	50890.39
257.36	50881.30
257.43	50867.90
257.50	50859.91
257.57	50837.81
257.64	50830.93
257.71	50809.60
257.78	50799.58
257.85	50779.58
257.92	50780.90
257.98	50783.19
258.05	50795.14
258.12	50790.12
258.19	50777.74
258.26	50741.97
258.33	50690.03
258.40	50638.62
258.47	50602.42
258.54	50594.51
258.61	50604.08
258.68	50632.93
258.75	50663.11
258.82	50681.66
258.89	50670.68
258.95	50645.93
259.02	50607.18
259.09	50557.55
259.16	50502.27
259.23	50448.70
259.30	50408.33
259.37	50382.06
259.44	50362.93
259.51	50357.58
259.58	50367.31
259.65	50364.79
259.72	50347.66
259.79	50310.47
259.85	50270.46
259.92	50231.94
259.99	50222.78
260.06	50216.28
260.13	50209.80
260.20	50196.38
260.27	50165.47
260.34	50101.37
260.41	50045.77
260.48	50010.56
260.55	49975.33
260.62	49939.78
260.68	49910.65
260.75	49883.90
260.82	49867.04
260.89	49856.78
260.96	49854.41
261.03	49854.48
261.10	49839.66
261.17	49817.77
261.24	49787.96
261.31	49752.71
261.38	49711.47
261.44	49668.85
261.51	49617.67
261.58	49576.88
261.65	49538.17
261.72	49497.36
261.79	49454.67
261.86	49411.10
261.93	49370.40
262.00	49337.82
262.07	49303.26
262.13	49274.39
262.20	49253.20
262.27	49221.79
262.34	49193.72
262.41	49162.30
262.48	49128.18
262.55	49089.77
262.62	49037.38
262.69	48970.14
262.76	48924.53
262.82	48880.06
262.89	48826.06
262.96	48786.73
263.03	48760.24
263.10	48724.91
263.17	48670.55
263.24	48630.26
263.31	48601.71
263.38	48562.03
263.44	48529.64
263.51	48508.19
263.58	48479.62
263.65	48437.17
263.72	48392.04
263.79	48326.84
263.86	48271.10
263.93	48215.98
264.00	48171.91
264.06	48144.28
264.13	48125.67
264.20	48105.22
264.27	48076.85
264.34	48045.57
264.41	47997.01
264.48	47955.98
264.55	47915.72
264.61	47886.61
264.68	47851.35
264.75	47820.11
264.82	47757.53
264.89	47684.31
264.96	47610.83
265.03	47529.72
265.10	47468.26
265.16	47433.39
265.23	47411.43
265.30	47391.88
265.37	47380.04
265.44	47348.86
265.51	47330.91
265.58	47298.12
265.65	47254.02
265.71	47209.68
265.78	47172.55
265.85	47106.94
265.92	47049.95
265.99	46997.36
266.06	46944.36
266.13	46880.00
266.20	46839.68
266.26	46815.46
266.33	46781.90
266.40	46738.03
266.47	46683.19
266.54	46601.27
266.61	46519.16
266.68	46448.04
266.74	46383.98
266.81	46345.68
266.88	46316.34
266.95	46263.50
267.02	46227.93
267.09	46182.33
267.16	46123.67
267.22	46085.09
267.29	46062.73
267.36	46032.79
267.43	46011.91
267.50	45984.57
267.57	45938.71
267.64	45887.56
267.70	45837.53
267.77	45787.20
267.84	45747.45
267.91	45708.88
267.98	45660.15
268.05	45599.24
268.11	45532.42
268.18	45471.36
268.25	45410.56
268.32	45359.41
268.39	45313.34
268.46	45278.10
268.53	45254.49
268.59	45233.92
268.66	45215.27
268.73	45188.74
268.80	45160.96
268.87	45113.70
268.94	45078.96
269.00	45044.46
269.07	45001.39
269.14	44963.28
269.21	44923.63
269.28	44878.50
269.35	44836.69
269.41	44797.52
269.48	44752.39
269.55	44692.69
269.62	44624.51
269.69	44551.49
269.76	44485.16
269.82	44422.43
269.89	44386.83
269.96	44368.49
270.03	44346.92
270.10	44332.18
270.17	44306.14
270.23	44270.29
270.30	44224.42
270.37	44188.84
270.44	44155.70
270.51	44123.00
270.58	44090.95
270.64	44060.85
270.71	44020.68
270.78	43984.48
270.85	43948.39
270.92	43907.01
270.99	43860.11
271.05	43815.70
271.12	43761.02
271.19	43714.01
271.26	43661.15
271.33	43612.66
271.39	43575.46
271.46	43519.11
271.53	43470.57
271.60	43447.74
271.67	43427.57
271.74	43396.12
271.80	43392.67
271.87	43388.07
271.94	43349.16
272.01	43304.50
272.08	43267.26
272.14	43221.10
272.21	43174.91
272.28	43160.96
272.35	43140.17
272.42	43113.79
272.48	43097.31
272.55	43075.04
272.62	43051.87
272.69	43045.34
272.76	43047.12
272.83	43029.50
272.89	43012.26
272.96	42979.27
273.03	42932.20
273.10	42880.05
273.17	42837.99
273.23	42792.74
273.30	42751.94
273.37	42717.34
273.44	42687.21
273.51	42657.99
273.57	42645.10
273.64	42633.76
273.71	42626.15
273.78	42614.64
273.85	42609.64
273.91	42585.47
273.98	42566.57
274.05	42539.95
274.12	42513.32
274.19	42488.34
274.25	42460.90
274.32	42429.79
274.39	42389.42
274.46	42337.77
274.53	42273.24
274.59	42204.98
274.66	42146.01
274.73	42101.96
274.80	42061.80
274.86	42031.00
274.93	42023.54
275.00	42007.05
275.07	41991.17
275.14	41968.66
275.20	41931.00
275.27	41885.06
275.34	41834.61
275.41	41793.65
275.48	41775.80
275.54	41770.62
275.61	41760.89
275.68	41754.42
275.75	41722.41
275.81	41679.43
275.88	41642.63
275.95	41606.56
276.02	41564.60
276.09	41535.99
276.15	41503.37
276.22	41473.82
276.29	41453.58
276.36	41426.55
276.42	41400.76
276.49	41372.41
276.56	41318.22
276.63	41250.42
276.70	41200.21
276.76	41164.86
276.83	41144.66
276.90	41144.71
276.97	41154.56
277.03	41161.15
277.10	41152.53
277.17	41140.30
277.24	41123.54
277.30	41109.47
277.37	41081.11
277.44	41053.56
277.51	41018.14
277.58	40977.12
277.64	40931.07
277.71	40900.35
277.78	40865.67
277.85	40821.27
277.91	40776.77
277.98	40732.07
278.05	40681.18
278.12	40639.97
278.18	40609.84
278.25	40585.01
278.32	40570.81
278.39	40573.70
278.45	40571.15
278.52	40575.36
278.59	40568.90
278.66	40542.96
278.72	40507.30
278.79	40475.50
278.86	40437.39
278.93	40417.27
278.99	40404.39
279.06	40387.44
279.13	40368.47
279.20	40349.82
279.26	40328.65
279.33	40312.97
279.40	40289.57
279.47	40256.42
279.53	40230.18
279.60	40190.58
279.67	40146.50
279.74	40106.04
279.80	40077.49
279.87	40042.73
279.94	40017.65
280.01	39989.58
280.07	39961.51
280.14	39929.19
280.21	39891.69
280.28	39857.82
280.34	39816.48
280.41	39779.90
280.48	39734.12
280.55	39697.90
280.61	39659.85
280.68	39636.90
280.75	39613.62
280.82	39592.57
280.88	39564.57
280.95	39519.09
281.02	39465.88
281.08	39403.67
281.15	39336.14
281.22	39267.39
281.29	39206.61
281.35	39140.50
281.42	39083.16
281.49	39027.54
281.56	38972.40
281.62	38936.32
281.69	38904.87
281.76	38875.80
281.82	38856.42
281.89	38836.70
281.96	38802.27
282.03	38768.52
282.09	38731.52
282.16	38692.79
282.23	38659.95
282.30	38627.62
282.36	38596.82
282.43	38571.69
282.50	38558.88
282.56	38521.39
282.63	38491.66
282.70	38460.94
282.77	38439.85
282.83	38408.33
282.90	38394.12
282.97	38380.91
283.03	38376.27
283.10	38357.91
283.17	38344.28
283.24	38323.91
283.30	38284.60
283.37	38247.00
283.44	38205.31
283.50	38152.14
283.57	38105.27
283.64	38060.06
283.71	38005.21
283.77	37963.06
283.84	37936.62
283.91	37914.06
283.97	37906.64
284.04	37908.06
284.11	37895.63
284.18	37884.28
284.24	37866.00
284.31	37857.08
284.38	37844.84
284.44	37838.16
284.51	37824.37
284.58	37820.06
284.64	37801.20
284.71	37783.68
284.78	37759.94
284.85	37743.14
284.91	37719.32
284.98	37705.92
285.05	37672.23
285.11	37644.65
285.18	37606.12
285.25	37578.49
285.31	37549.83
285.38	37539.24
285.45	37529.68
285.52	37522.03
285.58	37505.14
285.65	37479.17
285.72	37446.02
285.78	37422.06
285.85	37409.83
285.92	37400.93
285.98	37386.20
286.05	37379.04
286.12	37364.43
286.18	37338.27
286.25	37315.62
286.32	37290.29
286.39	37271.99
286.45	37244.15
286.52	37214.75
286.59	37180.43
286.65	37164.42
286.72	37154.24
286.79	37154.08
286.85	37156.29
286.92	37160.51
286.99	37153.32
287.05	37129.58
287.12	37115.90
287.19	37097.32
287.25	37084.24
287.32	37072.49
287.39	37072.91
287.45	37059.19
287.52	37048.30
287.59	37042.05
287.65	37040.38
287.72	37015.62
287.79	36985.39
287.86	36958.58
287.92	36920.32
287.99	36884.91
288.06	36871.92
288.12	36854.41
288.19	36842.93
288.26	36830.03
288.32	36818.88
288.39	36797.72
288.46	36789.90
288.52	36785.13
288.59	36790.19
288.66	36792.51
288.72	36789.76
288.79	36786.24
288.86	36766.36
288.92	36738.96
288.99	36705.33
289.06	36683.21
289.12	36661.31
289.19	36651.48
289.26	36642.74
289.32	36639.41
289.39	36628.30
289.45	36623.97
289.52	36612.49
289.59	36606.96
289.65	36599.33
289.72	36586.27
289.79	36579.27
289.85	36574.34
289.92	36557.77
289.99	36541.98
290.05	36531.09
290.12	36505.43
290.19	36481.17
290.25	36459.91
290.32	36440.83
290.39	36432.48
290.45	36428.99
290.52	36426.47
290.59	36424.33
290.65	36412.37
290.72	36395.59
290.79	36377.86
290.85	36365.68
290.92	36362.65
290.98	36357.75
291.05	36358.72
291.12	36357.08
291.18	36356.29
291.25	36341.58
291.32	36335.99
291.38	36313.65
291.45	36293.95
291.52	36266.40
291.58	36253.16
291.65	36238.82
291.72	36232.92
291.78	36226.77
291.85	36206.54
291.91	36182.32
291.98	36171.87
292.05	36152.94
292.11	36137.48
292.18	36135.24
292.25	36134.88
292.31	36116.02
292.38	36107.09
292.45	36097.42
292.51	36089.27
292.58	36074.74
292.64	36068.31
292.71	36060.42
292.78	36053.12
292.84	36036.13
292.91	36029.61
292.98	36016.96
293.04	36004.10
293.11	35989.15
293.17	35986.04
293.24	35976.12
293.31	35962.03
293.37	35952.88
293.44	35939.57
293.51	35923.69
293.57	35903.78
293.64	35893.96
293.70	35884.53
293.77	35871.32
293.84	35858.77
293.90	35846.69
293.97	35831.69
294.04	35816.68
294.10	35799.44
294.17	35784.64
294.23	35775.34
294.30	35761.81
294.37	35754.48
294.43	35753.08
294.50	35735.25
294.56	35716.77
294.63	35702.95
294.70	35675.44
294.76	35661.57
294.83	35659.06
294.90	35659.23
294.96	35657.79
295.03	35657.87
295.09	35652.16
295.16	35651.17
295.23	35636.92
295.29	35628.43
295.36	35613.84
295.42	35589.70
295.49	35563.92
295.56	35553.31
295.62	35540.13
295.69	35520.78
295.75	35514.15
295.82	35507.87
295.89	35483.90
295.95	35451.50
296.02	35427.95
296.08	35394.84
296.15	35353.41
296.22	35337.22
296.28	35318.60
296.35	35312.71
296.41	35305.13
296.48	35300.44
296.55	35295.34
296.61	35290.93
296.68	35285.77
296.74	35278.38
296.81	35278.77
296.88	35262.24
296.94	35249.57
297.01	35225.96
297.07	35206.02
297.14	35186.63
297.20	35176.66
297.27	35176.06
297.34	35182.24
297.40	35185.92
297.47	35172.95
297.53	35158.42
297.60	35138.04
297.67	35111.67
297.73	35084.62
297.80	35062.41
297.86	35031.19
297.93	34996.20
298.00	34970.23
298.06	34944.24
298.13	34940.16
298.19	34927.22
298.26	34922.49
298.32	34922.01
298.39	34916.98
298.46	34896.58
298.52	34883.91
298.59	34861.22
298.65	34831.69
298.72	34810.78
298.78	34790.67
298.85	34770.93
298.92	34753.24
298.98	34731.87
299.05	34708.78
299.11	34678.51
299.18	34651.11
299.24	34624.26
299.31	34592.97
299.38	34565.22
299.44	34532.82
299.51	34517.38
299.57	34501.96
299.64	34497.41
299.70	34484.21
299.77	34468.07
299.84	34437.14
299.90	34403.83
299.97	34356.53
300.03	34318.81
300.10	34305.23
300.16	34286.08
300.23	34260.67
300.30	34251.45
300.36	34232.62
300.43	34208.85
300.49	34180.48
300.56	34162.64
300.62	34134.96
300.69	34112.28
300.75	34088.12
300.82	34065.58
300.89	34038.47
300.95	34019.49
301.02	33985.05
301.08	33947.41
301.15	33914.49
301.21	33884.50
301.28	33850.23
301.34	33835.21
301.41	33811.22
301.48	33790.17
301.54	33758.92
301.61	33737.06
301.67	33700.73
301.74	33669.87
301.80	33630.08
301.87	33595.52
301.93	33542.27
302.00	33502.43
302.06	33451.81
302.13	33399.58
302.20	33363.71
302.26	33329.06
302.33	33295.70
302.39	33265.02
302.46	33238.02
302.52	33196.07
302.59	33161.15
302.65	33113.50
302.72	33071.89
302.78	33035.96
302.85	33006.42
302.91	32969.19
302.98	32944.36
303.05	32913.18
303.11	32882.64
303.18	32838.77
303.24	32801.95
303.31	32753.07
303.37	32711.10
303.44	32668.96
303.50	32630.77
303.57	32580.02
303.63	32528.29
303.70	32485.55
303.76	32434.79
303.83	32385.83
303.89	32342.15
303.96	32298.00
304.03	32246.19
304.09	32194.89
304.16	32135.98
304.22	32081.51
304.29	32028.98
304.35	31973.06
304.42	31928.07
304.48	31888.51
304.55	31841.57
304.61	31794.50
304.68	31751.35
304.74	31696.03
304.81	31646.88
304.87	31587.56
304.94	31537.24
305.00	31489.80
305.07	31435.36
305.13	31371.33
305.20	31323.26
305.26	31273.01
305.33	31219.14
305.39	31172.93
305.46	31121.25
305.52	31071.77
305.59	31021.95
305.66	30964.31
305.72	30907.82
305.79	30853.36
305.85	30793.16
305.92	30701.25
305.98	30581.43
306.05	30440.84
306.11	30288.69
306.18	30125.67
306.24	29988.41
306.31	29918.50
306.37	29910.79
306.44	29947.32
306.50	30005.82
306.57	30070.45
306.63	30098.39
306.70	30072.90
306.76	30018.83
306.83	29959.25
306.89	29883.69
306.96	29815.47
307.02	29760.01
307.09	29710.66
307.15	29653.66
307.22	29606.39
307.28	29548.86
307.35	29485.36
307.41	29410.45
307.48	29338.94
307.54	29262.15
307.61	29190.91
307.67	29119.94
307.74	29064.31
307.80	29007.78
307.87	28952.88
307.93	28897.44
308.00	28848.21
308.06	28794.16
308.13	28732.90
308.19	28678.91
308.26	28621.12
308.32	28557.06
308.38	28497.59
308.45	28432.02
308.51	28372.32
308.58	28310.63
308.64	28250.00
308.71	28190.63
308.77	28138.31
308.84	28075.37
308.90	28019.84
308.97	27966.81
309.03	27906.67
309.10	27849.80
309.16	27789.00
309.23	27716.31
309.29	27641.64
309.36	27557.93
309.42	27473.93
309.49	27404.01
309.55	27342.69
309.62	27275.20
309.68	27233.61
309.75	27179.43
309.81	27113.51
309.88	27050.70
309.94	26990.36
310.00	26913.43
310.07	26844.60
310.13	26786.17
310.20	26718.21
310.26	26660.06
310.33	26594.95
310.39	26540.74
310.46	26476.34
310.52	26416.24
310.59	26348.07
310.65	26291.72
310.72	26224.77
310.78	26158.16
310.85	26093.48
310.91	26039.66
310.97	25979.00
311.04	25918.42
311.10	25861.66
311.17	25803.88
311.23	25738.07
311.30	25676.88
311.36	25619.72
311.43	25575.26
311.49	25518.98
311.56	25466.44
311.62	25415.63
311.69	25367.52
311.75	25309.85
311.81	25250.27
311.88	25183.47
311.94	25118.04
312.01	25060.32
312.07	24992.10
312.14	24948.45
312.20	24908.95
312.27	24863.13
312.33	24799.56
312.40	24741.47
312.46	24670.26
312.52	24602.12
312.59	24535.84
312.65	24474.82
312.72	24406.80
312.78	24347.32
312.85	24284.43
312.91	24213.16
312.98	24156.20
313.04	24114.23
313.10	24063.82
313.17	24010.93
313.23	23967.77
313.30	23915.05
313.36	23849.72
313.43	23785.56
313.49	23732.28
313.56	23673.62
313.62	23612.63
313.68	23555.55
313.75	23508.33
313.81	23454.96
313.88	23398.62
313.94	23349.57
314.01	23299.65
314.07	23243.59
314.13	23190.74
314.20	23143.36
314.26	23084.07
314.33	23028.66
314.39	22970.23
314.46	22904.21
314.52	22852.81
314.58	22794.93
314.65	22742.99
314.71	22687.85
314.78	22636.92
314.84	22577.79
314.91	22531.92
314.97	22475.36
315.03	22424.47
315.10	22374.30
315.16	22312.17
315.23	22261.33
315.29	22215.24
315.36	22165.84
315.42	22115.00
315.48	22071.53
315.55	22017.24
315.61	21958.13
315.68	21906.29
315.74	21852.82
315.81	21797.26
315.87	21737.24
315.93	21696.82
316.00	21662.98
316.06	21625.09
316.13	21596.35
316.19	21547.39
316.25	21450.20
316.32	21311.91
316.38	21143.19
316.45	20928.04
316.51	20702.52
316.58	20473.83
316.64	20230.68
316.70	19998.51
316.77	19759.73
316.83	19513.10
316.90	19267.47
316.96	19022.51
317.02	18769.80
317.09	18525.62
317.15	18285.91
317.22	18043.79
317.28	17801.19
317.34	17556.97
317.41	17315.78
317.47	17074.15
317.54	16828.42
317.60	16584.83
317.66	16338.67
317.73	16087.52
317.79	15839.17
317.86	15596.96
317.92	15354.97
317.98	15103.37
318.05	14855.18
318.11	14606.44
318.18	14359.43
318.24	14106.79
318.30	13860.46
318.37	13609.66
318.43	13348.73
318.50	13079.86
318.56	12814.71
318.62	12551.23
318.69	12287.02
318.75	12022.97
318.82	11753.30
318.88	11486.29
318.94	11213.43
319.01	10940.07
319.07	10671.47
319.13	10401.70
319.20	10126.12
319.26	9844.62
319.33	9560.82
319.39	9269.29
319.45	8985.18
319.52	8703.22
319.58	8422.63
319.65	8138.50
319.71	7856.64
319.77	7571.63
319.84	7294.03
319.90	7021.48
319.96	6751.19
320.03	6485.06
320.09	6225.67
320.16	5958.88
320.22	5704.56
320.28	5457.06
320.35	5216.35
320.41	4982.69
320.47	4760.06
320.54	4536.50
320.60	4325.43
320.67	4123.72
320.73	3925.49
320.79	3733.40
320.86	3556.44
320.92	3380.98
320.98	3216.06
321.05	3059.54
321.11	2910.92
321.18	2768.02
321.24	2636.08
321.30	2505.35
321.37	2384.74
321.43	2279.12
321.49	2176.04
321.56	2080.05
321.62	1994.27
321.68	1908.84
321.75	1825.72
321.81	1751.57
321.88	1677.04
321.94	1611.83
322.00	1552.59
322.07	1487.99
322.13	1426.91
322.19	1368.07
322.26	1305.41
322.32	1250.68
322.38	1204.61
322.45	1161.71
322.51	1117.92
322.58	1081.28
322.64	1034.71
322.70	992.60
322.77	944.04
322.83	908.72
322.89	862.81
322.96	822.24
323.02	780.82
323.08	742.14
323.15	700.41
323.21	665.64
323.27	632.25
323.34	598.20
323.40	565.84
323.46	532.43
323.53	494.42
323.59	415.55
323.65	311.52
323.72	194.99
323.78	84.37
323.85	-15.71
323.91	-66.47
323.97	-85.90
324.04	-85.61
