180.21	3437.55
180.28	-127.14
180.36	635.18
180.44	-44.78
180.51	-10.80
180.59	15.94
180.66	47.15
180.74	46.83
180.81	47.58
180.89	51.21
180.97	53.00
181.04	51.76
181.12	51.12
181.19	52.28
181.27	53.06
181.34	70.87
181.42	77.80
181.50	86.00
181.57	98.13
181.65	104.27
181.72	99.29
181.80	96.05
181.87	98.99
181.95	102.77
182.03	106.66
182.10	114.74
182.18	123.32
182.25	137.28
182.33	147.10
182.40	163.32
182.48	169.77
182.55	192.82
182.63	206.87
182.71	219.08
182.78	231.39
182.86	241.10
182.93	232.64
183.01	226.13
183.08	217.09
183.16	215.33
183.23	215.00
183.31	236.84
183.39	258.37
183.46	296.32
183.54	325.76
183.61	368.17
183.69	408.66
183.76	458.68
183.84	500.02
183.91	546.92
183.99	596.12
184.06	635.06
184.14	681.15
184.22	713.49
184.29	722.81
184.37	725.74
184.44	704.79
184.52	634.82
184.59	565.00
184.67	518.08
184.74	472.95
184.82	474.63
184.89	526.47
184.97	608.67
185.04	696.28
185.12	788.24
185.20	875.90
185.27	968.31
185.35	1046.38
185.42	1106.33
185.50	1177.74
185.57	1228.18
185.65	1282.04
185.72	1350.53
185.80	1423.99
185.87	1487.93
185.95	1570.18
186.02	1621.72
186.10	1626.19
186.17	1592.00
186.25	1476.95
186.33	1305.27
186.40	1163.05
186.48	1083.33
186.55	1076.57
186.63	1159.23
186.70	1320.95
186.78	1471.37
186.85	1606.23
186.93	1720.62
187.00	1848.07
187.08	1950.92
187.15	2079.57
187.23	2208.57
187.30	2322.07
187.38	2442.64
187.45	2573.47
187.53	2667.54
187.60	2757.79
187.68	2876.64
187.75	2950.11
187.83	2992.83
187.90	3032.06
187.98	3026.84
188.05	2909.98
188.13	2690.58
188.21	2449.29
188.28	2247.61
188.36	2099.18
188.43	2084.62
188.51	2225.25
188.58	2433.16
188.66	2622.34
188.73	2817.18
188.81	2995.61
188.88	3153.60
188.96	3286.87
189.03	3432.87
189.11	3569.89
189.18	3676.36
189.26	3782.44
189.33	3902.82
189.41	3994.79
189.48	4082.30
189.56	4190.67
189.63	4265.90
189.71	4317.07
189.78	4374.54
189.86	4392.60
189.93	4360.75
190.01	4289.98
190.08	4130.78
190.16	3855.47
190.23	3573.73
190.31	3379.12
190.38	3277.04
190.46	3309.00
190.53	3484.32
190.61	3726.41
190.68	3936.78
190.76	4135.97
190.83	4302.66
190.91	4463.23
190.98	4594.71
191.06	4734.42
191.13	4854.72
191.21	4962.60
191.28	5066.98
191.35	5175.51
191.43	5253.76
191.50	5333.11
191.58	5422.36
191.65	5480.33
191.73	5523.47
191.80	5565.77
191.88	5577.24
191.95	5570.54
192.03	5573.05
192.10	5562.13
192.18	5526.67
192.25	5440.62
192.33	5270.65
192.40	5071.87
192.48	4911.03
192.55	4816.18
192.63	4822.50
192.70	4952.89
192.78	5139.48
192.85	5336.72
192.93	5511.38
193.00	5658.98
193.08	5800.63
193.15	5923.87
193.22	6029.01
193.30	6122.52
193.37	6215.79
193.45	6282.41
193.52	6348.54
193.60	6401.80
193.67	6448.58
193.75	6484.55
193.82	6511.42
193.90	6526.25
193.97	6547.04
194.05	6570.59
194.12	6591.53
194.20	6632.92
194.27	6677.56
194.34	6706.85
194.42	6722.56
194.49	6735.87
194.57	6715.69
194.64	6648.62
194.72	6576.06
194.79	6519.84
194.87	6487.31
194.94	6495.18
195.02	6560.28
195.09	6648.82
195.17	6748.00
195.24	6841.55
195.31	6918.12
195.39	6991.12
195.46	7053.05
195.54	7109.31
195.61	7156.56
195.69	7197.57
195.76	7230.07
195.84	7269.67
195.91	7286.93
195.99	7298.83
196.06	7317.48
196.13	7337.94
196.21	7353.46
196.28	7382.72
196.36	7419.47
196.43	7452.80
196.51	7486.10
196.58	7516.58
196.66	7541.62
196.73	7562.21
196.80	7581.64
196.88	7599.42
196.95	7617.61
197.03	7630.03
197.10	7621.42
197.18	7612.59
197.25	7605.84
197.33	7610.50
197.40	7631.75
197.47	7663.26
197.55	7708.03
197.62	7748.47
197.70	7783.12
197.77	7813.52
197.85	7856.23
197.92	7888.16
197.99	7924.05
198.07	7957.82
198.14	7983.65
198.22	8006.49
198.29	8024.11
198.37	8038.29
198.44	8057.58
198.51	8072.30
198.59	8085.28
198.66	8109.50
198.74	8136.49
198.81	8159.45
198.89	8185.00
198.96	8215.65
199.03	8241.92
199.11	8275.36
199.18	8301.83
199.26	8329.46
199.33	8361.33
199.41	8393.97
199.48	8412.75
199.55	8437.06
199.63	8454.06
199.70	8476.38
199.78	8487.32
199.85	8505.20
199.93	8522.18
200.00	8549.42
200.07	8564.49
200.15	8596.06
200.22	8631.26
200.30	8659.67
200.37	8697.75
200.44	8735.57
200.52	8771.47
200.59	8806.05
200.67	8837.87
200.74	8862.46
200.81	8888.87
200.89	8907.75
200.96	8938.31
201.04	8968.15
201.11	9006.75
201.19	9044.17
201.26	9079.35
201.33	9097.81
201.41	9128.03
201.48	9151.96
201.56	9175.79
201.63	9211.23
201.70	9246.30
201.78	9281.63
201.85	9321.88
201.93	9361.70
202.00	9400.79
202.07	9446.35
202.15	9485.14
202.22	9516.33
202.30	9549.89
202.37	9576.58
202.44	9606.69
202.52	9646.68
202.59	9692.23
202.67	9732.69
202.74	9777.27
202.81	9816.94
202.89	9852.88
202.96	9889.25
203.04	9934.82
203.11	9974.13
203.18	10022.02
203.26	10070.69
203.33	10112.28
203.41	10152.11
203.48	10201.03
203.55	10235.45
203.63	10275.70
203.70	10325.23
203.77	10370.66
203.85	10414.73
203.92	10462.32
204.00	10519.16
204.07	10570.14
204.14	10626.57
204.22	10675.17
204.29	10732.29
204.37	10773.76
204.44	10818.55
204.51	10861.83
204.59	10914.57
204.66	10962.09
204.73	11022.14
204.81	11076.96
204.88	11139.81
204.96	11200.60
205.03	11260.48
205.10	11310.26
205.18	11365.13
205.25	11418.93
205.32	11475.07
205.40	11535.96
205.47	11598.20
205.55	11661.44
205.62	11725.54
205.69	11789.58
205.77	11847.45
205.84	11908.93
205.91	11971.94
205.99	12028.90
206.06	12083.80
206.14	12143.42
206.21	12209.77
206.28	12270.72
206.36	12342.97
206.43	12413.25
206.50	12483.97
206.58	12548.20
206.65	12614.40
206.72	12681.21
206.80	12756.98
206.87	12839.17
206.95	12927.34
207.02	13024.53
207.09	13115.72
207.17	13207.57
207.24	13293.62
207.31	13376.66
207.39	13449.02
207.46	13521.34
207.53	13585.43
207.61	13658.60
207.68	13726.00
207.75	13804.32
207.83	13888.13
207.90	13976.12
207.98	14048.71
208.05	14135.09
208.12	14217.59
208.20	14295.86
208.27	14380.15
208.34	14478.73
208.42	14567.20
208.49	14649.64
208.56	14730.10
208.64	14817.09
208.71	14895.41
208.78	14972.68
208.86	15071.77
208.93	15172.37
209.00	15268.12
209.08	15360.45
209.15	15463.20
209.22	15561.75
209.30	15661.92
209.37	15756.62
209.44	15870.33
209.52	15976.15
209.59	16067.87
209.67	16165.51
209.74	16263.85
209.81	16368.09
209.89	16474.93
209.96	16585.89
210.03	16692.18
210.11	16805.55
210.18	16900.96
210.25	17009.29
210.33	17123.47
210.40	17229.25
210.47	17333.83
210.55	17446.75
210.62	17539.49
210.69	17627.21
210.77	17731.48
210.84	17830.18
210.91	17946.36
210.99	18063.88
211.06	18185.13
211.13	18310.42
211.21	18432.25
211.28	18536.56
211.35	18651.55
211.42	18770.60
211.50	18880.00
211.57	18996.82
211.64	19114.65
211.72	19233.80
211.79	19344.08
211.86	19461.48
211.94	19591.89
212.01	19714.93
212.08	19838.82
212.16	19964.94
212.23	20085.61
212.30	20203.61
212.38	20320.13
212.45	20445.20
212.52	20571.84
212.60	20700.36
212.67	20824.79
212.74	20955.63
212.82	21071.26
212.89	21192.92
212.96	21316.82
213.03	21448.32
213.11	21585.27
213.18	21725.67
213.25	21867.27
213.33	22013.37
213.40	22147.97
213.47	22278.47
213.55	22405.80
213.62	22526.50
213.69	22640.43
213.77	22762.78
213.84	22885.31
213.91	23022.91
213.98	23160.67
214.06	23299.10
214.13	23439.04
214.20	23591.89
214.28	23742.21
214.35	23883.07
214.42	24027.11
214.50	24169.15
214.57	24294.67
214.64	24409.86
214.72	24535.52
214.79	24661.06
214.86	24785.28
214.93	24922.49
215.01	25073.56
215.08	25211.92
215.15	25348.49
215.23	25473.04
215.30	25600.01
215.37	25721.21
215.44	25873.85
215.52	26033.26
215.59	26199.45
215.66	26358.67
215.74	26511.68
215.81	26653.66
215.88	26790.75
215.95	26918.13
216.03	27042.85
216.10	27179.13
216.17	27317.15
216.25	27452.51
216.32	27607.72
216.39	27765.27
216.46	27913.26
216.54	28044.44
216.61	28178.94
216.68	28304.13
216.76	28438.66
216.83	28586.17
216.90	28749.29
216.97	28918.92
217.05	29087.94
217.12	29234.86
217.19	29349.93
217.27	29437.67
217.34	29525.80
217.41	29620.26
217.48	29726.80
217.56	29855.01
217.63	30015.54
217.70	30176.24
217.78	30339.95
217.85	30505.58
217.92	30673.32
217.99	30840.69
218.07	30987.49
218.14	31124.59
218.21	31267.18
218.28	31413.80
218.36	31551.24
218.43	31693.95
218.50	31841.38
218.57	31977.20
218.65	32097.38
218.72	32220.59
218.79	32351.48
218.87	32482.47
218.94	32619.55
219.01	32760.74
219.08	32895.49
219.16	33028.42
219.23	33143.47
219.30	33259.52
219.37	33381.57
219.45	33506.72
219.52	33639.23
219.59	33773.78
219.66	33900.82
219.74	34029.95
219.81	34178.60
219.88	34319.91
219.95	34463.23
220.03	34615.92
220.10	34760.08
220.17	34885.16
220.24	35006.11
220.32	35129.05
220.39	35245.82
220.46	35360.86
220.53	35483.43
220.61	35601.95
220.68	35735.05
220.75	35866.28
220.82	36005.07
220.90	36114.25
220.97	36212.79
221.04	36297.33
221.11	36385.98
221.19	36479.91
221.26	36597.73
221.33	36722.49
221.40	36855.82
221.48	36987.58
221.55	37109.09
221.62	37227.25
221.69	37357.41
221.77	37477.79
221.84	37603.02
221.91	37722.39
221.98	37850.97
222.06	37972.11
222.13	38108.01
222.20	38223.28
222.27	38330.61
222.35	38426.24
222.42	38525.68
222.49	38602.37
222.56	38678.95
222.63	38768.59
222.71	38865.65
222.78	38977.14
222.85	39097.82
222.92	39218.56
223.00	39324.18
223.07	39419.42
223.14	39490.99
223.21	39570.13
223.29	39669.82
223.36	39798.10
223.43	39920.26
223.50	40055.56
223.57	40180.59
223.65	40304.58
223.72	40409.72
223.79	40522.72
223.86	40621.15
223.94	40719.66
224.01	40797.23
224.08	40862.95
224.15	40925.17
224.22	40984.20
224.30	41041.17
224.37	41111.70
224.44	41205.51
224.51	41293.44
224.59	41392.47
224.66	41501.16
224.73	41609.47
224.80	41710.27
224.87	41818.64
224.95	41924.16
225.02	42024.49
225.09	42111.72
225.16	42196.23
225.23	42276.91
225.31	42361.44
225.38	42439.88
225.45	42527.73
225.52	42607.61
225.60	42688.48
225.67	42733.39
225.74	42774.65
225.81	42811.73
225.88	42865.40
225.96	42941.41
226.03	43060.70
226.10	43192.36
226.17	43323.33
226.24	43443.40
226.32	43535.16
226.39	43607.67
226.46	43663.16
226.53	43723.72
226.60	43778.95
226.68	43836.43
226.75	43900.26
226.82	43975.88
226.89	44042.83
226.96	44102.41
227.04	44148.62
227.11	44190.67
227.18	44233.22
227.25	44266.59
227.32	44321.92
227.40	44400.41
227.47	44477.06
227.54	44546.89
227.61	44622.44
227.68	44690.74
227.76	44758.71
227.83	44825.45
227.90	44887.21
227.97	44951.37
228.04	45007.17
228.11	45040.60
228.19	45084.30
228.26	45143.29
228.33	45211.35
228.40	45275.42
228.47	45346.76
228.55	45409.60
228.62	45468.87
228.69	45521.93
228.76	45578.43
228.83	45631.41
228.90	45686.87
228.98	45745.83
229.05	45806.41
229.12	45876.00
229.19	45947.99
229.26	46019.32
229.34	46066.43
229.41	46114.56
229.48	46153.45
229.55	46190.93
229.62	46238.13
229.69	46293.13
229.77	46334.59
229.84	46369.68
229.91	46408.61
229.98	46428.26
230.05	46450.71
230.12	46492.42
230.20	46555.33
230.27	46622.65
230.34	46690.47
230.41	46766.19
230.48	46825.46
230.55	46865.62
230.63	46901.06
230.70	46942.50
230.77	46960.74
230.84	46986.20
230.91	47012.98
230.98	47045.68
231.06	47083.96
231.13	47149.42
231.20	47216.39
231.27	47284.08
231.34	47333.38
231.41	47389.07
231.49	47436.63
231.56	47488.36
231.63	47540.29
231.70	47594.77
231.77	47622.18
231.84	47637.98
231.92	47635.67
231.99	47643.69
232.06	47664.29
232.13	47695.30
232.20	47749.12
232.27	47798.48
232.34	47836.30
232.42	47860.76
232.49	47890.68
232.56	47924.92
232.63	47980.26
232.70	48033.26
232.77	48097.67
232.85	48152.26
232.92	48182.19
232.99	48203.18
233.06	48227.95
233.13	48238.80
233.20	48250.21
233.27	48256.38
233.35	48258.56
233.42	48255.00
233.49	48256.58
233.56	48276.61
233.63	48304.57
233.70	48324.39
233.77	48355.69
233.85	48392.98
233.92	48427.65
233.99	48452.94
234.06	48497.61
234.13	48538.13
234.20	48579.93
234.27	48600.19
234.35	48630.30
234.42	48636.42
234.49	48638.37
234.56	48632.98
234.63	48624.93
234.70	48610.17
234.77	48600.30
234.84	48577.10
234.92	48554.77
234.99	48552.11
235.06	48562.52
235.13	48588.38
235.20	48629.10
235.27	48672.16
235.34	48699.95
235.41	48739.08
235.49	48760.58
235.56	48784.30
235.63	48789.40
235.70	48798.95
235.77	48778.09
235.84	48769.08
235.91	48746.88
235.98	48736.12
236.06	48727.89
236.13	48729.30
236.20	48729.52
236.27	48724.46
236.34	48733.57
236.41	48743.92
236.48	48746.21
236.55	48750.51
236.63	48753.14
236.70	48740.79
236.77	48730.25
236.84	48731.38
236.91	48713.41
236.98	48704.06
237.05	48702.80
237.12	48690.20
237.19	48671.99
237.27	48672.37
237.34	48674.29
237.41	48670.40
237.48	48658.27
237.55	48643.15
237.62	48624.48
237.69	48618.21
237.76	48612.05
237.83	48622.87
237.91	48634.53
237.98	48648.54
238.05	48643.50
238.12	48644.71
238.19	48638.30
238.26	48641.52
238.33	48629.44
238.40	48615.25
238.47	48593.67
238.54	48580.94
238.62	48543.15
238.69	48512.94
238.76	48486.93
238.83	48470.94
238.90	48471.05
238.97	48491.65
239.04	48508.15
239.11	48525.81
239.18	48550.64
239.25	48542.90
239.33	48520.29
239.40	48500.08
239.47	48470.56
239.54	48417.66
239.61	48370.21
239.68	48329.47
239.75	48296.32
239.82	48274.22
239.89	48254.11
239.96	48247.14
240.03	48250.48
240.11	48257.78
240.18	48268.68
240.25	48285.18
240.32	48295.47
240.39	48304.69
240.46	48309.53
240.53	48329.24
240.60	48352.74
240.67	48378.54
240.74	48388.34
240.81	48401.23
240.88	48397.20
240.96	48382.76
241.03	48361.93
241.10	48346.34
241.17	48330.46
241.24	48304.25
241.31	48289.32
241.38	48267.35
241.45	48252.53
241.52	48245.85
241.59	48248.61
241.66	48255.56
241.73	48270.68
241.80	48288.78
241.88	48282.34
241.95	48263.80
242.02	48222.31
242.09	48169.39
242.16	48107.31
242.23	48083.49
242.30	48077.02
242.37	48075.45
242.44	48095.58
242.51	48098.40
242.58	48078.56
242.65	48062.63
242.72	48067.89
242.79	48065.47
242.87	48087.23
242.94	48102.74
243.01	48098.92
243.08	48092.53
243.15	48082.41
243.22	48071.20
243.29	48079.25
243.36	48091.75
243.43	48110.43
243.50	48136.21
243.57	48157.82
243.64	48159.27
243.71	48178.04
243.78	48187.01
243.85	48183.08
243.92	48169.07
243.99	48166.78
244.07	48148.62
244.14	48108.92
244.21	48097.03
244.28	48108.45
244.35	48123.37
244.42	48145.14
244.49	48187.22
244.56	48206.96
244.63	48216.85
244.70	48211.60
244.77	48210.54
244.84	48203.77
244.91	48194.60
244.98	48186.57
245.05	48199.25
245.12	48223.77
245.19	48253.77
245.26	48289.72
245.33	48333.66
245.40	48366.67
245.47	48387.17
245.55	48401.61
245.62	48408.53
245.69	48416.53
245.76	48436.31
245.83	48450.36
245.90	48465.60
245.97	48476.74
246.04	48495.52
246.11	48491.82
246.18	48486.85
246.25	48482.94
246.32	48483.23
246.39	48478.48
246.46	48493.60
246.53	48511.11
246.60	48523.69
246.67	48553.65
246.74	48578.80
246.81	48605.13
246.88	48631.25
246.95	48661.26
247.02	48676.59
247.09	48687.78
247.16	48686.93
247.23	48667.86
247.30	48641.75
247.37	48617.63
247.44	48605.15
247.51	48588.99
247.58	48601.34
247.66	48639.89
247.73	48691.59
247.80	48737.69
247.87	48792.21
247.94	48851.82
248.01	48904.50
248.08	48947.33
248.15	48986.72
248.22	49023.75
248.29	49051.15
248.36	49070.04
248.43	49098.79
248.50	49122.10
248.57	49145.12
248.64	49168.55
248.71	49203.27
248.78	49227.91
248.85	49251.87
248.92	49276.12
248.99	49288.48
249.06	49280.95
249.13	49265.70
249.20	49253.63
249.27	49232.03
249.34	49222.87
249.41	49236.17
249.48	49249.03
249.55	49264.30
249.62	49286.97
249.69	49308.17
249.76	49338.23
249.83	49379.25
249.90	49418.14
249.97	49457.30
250.04	49508.81
250.11	49559.88
250.18	49595.83
250.25	49636.24
250.32	49661.07
250.39	49691.26
250.46	49697.30
250.53	49714.50
250.60	49730.64
250.67	49764.55
250.74	49783.13
250.81	49784.48
250.88	49788.04
250.95	49800.24
251.02	49796.10
251.09	49785.88
251.16	49813.67
251.23	49843.21
251.30	49871.56
251.37	49904.18
251.44	49937.71
251.51	49974.42
251.58	50005.43
251.65	50026.72
251.72	50049.25
251.79	50074.57
251.86	50063.17
251.93	50035.80
252.00	49993.21
252.07	49952.36
252.14	49922.16
252.21	49922.04
252.28	49945.52
252.35	49987.28
252.42	50053.12
252.49	50106.10
252.56	50148.74
252.63	50189.61
252.70	50216.37
252.77	50223.64
252.84	50230.12
252.91	50226.52
252.98	50210.17
253.05	50198.34
253.12	50195.18
253.19	50209.92
253.25	50237.74
253.32	50272.19
253.39	50311.94
253.46	50345.36
253.53	50358.25
253.60	50348.98
253.67	50345.42
253.74	50361.03
253.81	50384.37
253.88	50404.10
253.95	50437.48
254.02	50461.91
254.09	50468.31
254.16	50459.17
254.23	50447.26
254.30	50434.16
254.37	50440.30
254.44	50453.54
254.51	50480.04
254.58	50503.69
254.65	50526.16
254.72	50526.44
254.79	50499.59
254.86	50464.96
254.93	50438.95
255.00	50431.29
255.07	50437.64
255.14	50458.33
255.21	50458.83
255.28	50452.02
255.34	50431.60
255.41	50421.71
255.48	50423.92
255.55	50448.66
255.62	50487.48
255.69	50523.02
255.76	50554.72
255.83	50582.93
255.90	50599.29
255.97	50613.18
256.04	50620.39
256.11	50620.78
256.18	50615.91
256.25	50607.82
256.32	50587.24
256.39	50568.64
256.46	50537.86
256.53	50512.38
256.60	50487.88
256.67	50470.92
256.74	50459.86
256.80	50453.89
256.87	50432.10
256.94	50421.72
257.01	50416.92
257.08	50414.34
257.15	50408.22
257.22	50412.98
257.29	50407.65
257.36	50399.30
257.43	50389.74
257.50	50387.75
257.57	50372.80
257.64	50381.98
257.71	50377.59
257.78	50370.62
257.85	50363.14
257.92	50371.25
257.98	50364.47
258.05	50359.61
258.12	50352.07
258.19	50326.52
258.26	50281.70
258.33	50224.82
258.40	50187.52
258.47	50147.87
258.54	50135.76
258.61	50155.98
258.68	50180.67
258.75	50205.17
258.82	50222.45
258.89	50210.71
258.95	50167.87
259.02	50133.92
259.09	50077.53
259.16	50024.82
259.23	49977.49
259.30	49946.62
259.37	49923.33
259.44	49915.07
259.51	49912.44
259.58	49916.69
259.65	49914.85
259.72	49901.41
259.79	49862.64
259.85	49832.67
259.92	49803.61
259.99	49795.62
260.06	49784.31
260.13	49788.24
260.20	49774.95
260.27	49746.41
260.34	49687.91
260.41	49632.44
260.48	49586.80
260.55	49551.20
260.62	49516.43
260.68	49492.12
260.75	49470.50
260.82	49453.57
260.89	49434.52
260.96	49425.70
261.03	49425.30
261.10	49414.28
261.17	49401.10
261.24	49373.76
261.31	49343.79
261.38	49295.55
261.44	49251.84
261.51	49204.82
261.58	49172.76
261.65	49143.10
261.72	49107.50
261.79	49068.80
261.86	49019.62
261.93	48975.78
262.00	48942.85
262.07	48911.06
262.13	48883.07
262.20	48857.68
262.27	48829.41
262.34	48796.08
262.41	48761.55
262.48	48726.22
262.55	48691.65
262.62	48636.72
262.69	48573.64
262.76	48528.22
262.82	48483.27
262.89	48435.36
262.96	48400.23
263.03	48369.88
263.10	48333.51
263.17	48279.17
263.24	48229.15
263.31	48197.46
263.38	48161.24
263.44	48131.67
263.51	48113.94
263.58	48092.41
263.65	48052.38
263.72	48011.62
263.79	47957.34
263.86	47895.70
263.93	47839.42
264.00	47795.13
264.06	47762.05
264.13	47737.87
264.20	47727.51
264.27	47700.90
264.34	47669.27
264.41	47624.92
264.48	47583.79
264.55	47537.13
264.61	47511.89
264.68	47475.93
264.75	47444.07
264.82	47377.65
264.89	47306.00
264.96	47231.33
265.03	47162.72
265.10	47104.97
265.16	47078.43
265.23	47064.49
265.30	47053.09
265.37	47039.07
265.44	47004.32
265.51	46978.49
265.58	46945.90
265.65	46904.71
265.71	46849.12
265.78	46811.85
265.85	46747.08
265.92	46685.33
265.99	46625.05
266.06	46585.01
266.13	46532.59
266.20	46501.89
266.26	46479.32
266.33	46446.25
266.40	46392.72
266.47	46337.01
266.54	46256.08
266.61	46174.87
266.68	46107.66
266.74	46049.99
266.81	46003.18
266.88	45971.63
266.95	45921.57
267.02	45877.84
267.09	45838.64
267.16	45784.78
267.22	45739.57
267.29	45712.94
267.36	45685.04
267.43	45660.81
267.50	45634.02
267.57	45596.26
267.64	45550.30
267.70	45505.70
267.77	45447.81
267.84	45405.46
267.91	45360.61
267.98	45310.71
268.05	45247.83
268.11	45187.58
268.18	45126.10
268.25	45067.95
268.32	45015.26
268.39	44971.53
268.46	44939.21
268.53	44917.83
268.59	44899.14
268.66	44882.70
268.73	44856.79
268.80	44826.82
268.87	44777.77
268.94	44739.76
269.00	44701.61
269.07	44662.77
269.14	44623.57
269.21	44587.48
269.28	44541.10
269.35	44497.01
269.41	44455.56
269.48	44406.10
269.55	44348.88
269.62	44289.50
269.69	44228.41
269.76	44161.78
269.82	44102.66
269.89	44063.33
269.96	44041.11
270.03	44011.16
270.10	43997.94
270.17	43975.39
270.23	43947.17
270.30	43908.46
270.37	43877.97
270.44	43844.47
270.51	43812.78
270.58	43781.92
270.64	43758.25
270.71	43715.87
270.78	43679.25
270.85	43641.00
270.92	43595.17
270.99	43539.51
271.05	43504.22
271.12	43455.34
271.19	43412.66
271.26	43365.57
271.33	43325.15
271.39	43286.41
271.46	43223.64
271.53	43180.53
271.60	43150.40
271.67	43124.19
271.74	43092.06
271.80	43088.31
271.87	43077.60
271.94	43046.24
272.01	42999.58
272.08	42960.09
272.14	42916.37
272.21	42878.82
272.28	42859.55
272.35	42845.39
272.42	42821.28
272.48	42807.20
272.55	42783.00
272.62	42764.86
272.69	42756.81
272.76	42759.29
272.83	42741.23
272.89	42728.27
272.96	42696.94
273.03	42651.47
273.10	42596.38
273.17	42557.10
273.23	42503.33
273.30	42457.27
273.37	42417.59
273.44	42395.75
273.51	42375.04
273.57	42363.29
273.64	42357.41
273.71	42348.39
273.78	42324.35
273.85	42309.89
273.91	42285.88
273.98	42266.20
274.05	42247.19
274.12	42230.12
274.19	42202.41
274.25	42178.13
274.32	42140.01
274.39	42093.64
274.46	42043.31
274.53	41984.94
274.59	41920.08
274.66	41871.36
274.73	41834.50
274.80	41796.10
274.86	41757.71
274.93	41744.55
275.00	41720.43
275.07	41694.83
275.14	41668.03
275.20	41640.21
275.27	41598.92
275.34	41555.03
275.41	41514.76
275.48	41499.37
275.54	41495.33
275.61	41484.65
275.68	41468.40
275.75	41443.68
275.81	41402.94
275.88	41359.69
275.95	41318.50
276.02	41287.67
276.09	41254.30
276.15	41218.87
276.22	41192.87
276.29	41177.34
276.36	41149.99
276.42	41129.91
276.49	41098.48
276.56	41042.73
276.63	40975.47
276.70	40922.57
276.76	40891.97
276.83	40879.49
276.90	40882.07
276.97	40890.25
277.03	40896.70
277.10	40880.94
277.17	40869.33
277.24	40853.86
277.30	40833.97
277.37	40810.49
277.44	40790.49
277.51	40757.37
277.58	40721.06
277.64	40686.10
277.71	40659.03
277.78	40622.54
277.85	40574.20
277.91	40532.71
277.98	40487.10
278.05	40431.41
278.12	40390.16
278.18	40357.29
278.25	40333.25
278.32	40317.33
278.39	40318.88
278.45	40320.92
278.52	40325.19
278.59	40305.33
278.66	40274.80
278.72	40241.93
278.79	40209.30
278.86	40175.76
278.93	40163.03
278.99	40154.13
279.06	40140.09
279.13	40110.78
279.20	40095.22
279.26	40071.96
279.33	40054.25
279.40	40025.86
279.47	39997.63
279.53	39962.58
279.60	39926.01
279.67	39893.50
279.74	39857.68
279.80	39833.72
279.87	39808.15
279.94	39780.47
280.01	39751.48
280.07	39722.22
280.14	39688.33
280.21	39651.89
280.28	39616.30
280.34	39569.03
280.41	39529.77
280.48	39485.26
280.55	39447.51
280.61	39420.66
280.68	39405.44
280.75	39380.85
280.82	39354.02
280.88	39316.72
280.95	39263.27
281.02	39205.34
281.08	39146.96
281.15	39089.76
281.22	39028.90
281.29	38969.88
281.35	38900.41
281.42	38844.38
281.49	38784.24
281.56	38735.03
281.62	38696.95
281.69	38665.92
281.76	38642.91
281.82	38628.72
281.89	38605.02
281.96	38574.85
282.03	38549.03
282.09	38510.38
282.16	38468.17
282.23	38435.17
282.30	38399.94
282.36	38369.33
282.43	38343.26
282.50	38328.26
282.56	38289.50
282.63	38263.20
282.70	38229.16
282.77	38204.87
282.83	38170.01
282.90	38161.08
282.97	38148.03
283.03	38142.28
283.10	38125.18
283.17	38120.25
283.24	38099.67
283.30	38067.31
283.37	38029.35
283.44	37994.55
283.50	37944.16
283.57	37904.12
283.64	37854.00
283.71	37804.11
283.77	37758.48
283.84	37729.27
283.91	37701.57
283.97	37691.12
284.04	37688.32
284.11	37673.93
284.18	37656.07
284.24	37635.89
284.31	37628.29
284.38	37610.82
284.44	37601.77
284.51	37597.30
284.58	37591.33
284.64	37577.60
284.71	37562.66
284.78	37537.15
284.85	37514.40
284.91	37494.37
284.98	37469.47
285.05	37436.51
285.11	37414.92
285.18	37381.45
285.25	37352.47
285.31	37334.21
285.38	37330.11
285.45	37327.56
285.52	37321.07
285.58	37304.34
285.65	37279.83
285.72	37250.45
285.78	37220.87
285.85	37200.62
285.92	37186.01
285.98	37166.85
286.05	37155.11
286.12	37142.10
286.18	37125.37
286.25	37102.63
286.32	37082.41
286.39	37062.21
286.45	37033.90
286.52	37000.69
286.59	36974.58
286.65	36953.71
286.72	36940.90
286.79	36938.44
286.85	36936.21
286.92	36934.80
286.99	36930.93
287.05	36913.29
287.12	36902.42
287.19	36896.56
287.25	36891.46
287.32	36883.72
287.39	36883.95
287.45	36870.87
287.52	36850.56
287.59	36843.67
287.65	36835.07
287.72	36808.32
287.79	36779.87
287.86	36754.73
287.92	36712.87
287.99	36680.70
288.06	36673.56
288.12	36658.97
288.19	36651.32
288.26	36632.27
288.32	36616.12
288.39	36587.74
288.46	36581.81
288.52	36570.91
288.59	36583.78
288.66	36591.08
288.72	36593.19
288.79	36581.76
288.86	36568.95
288.92	36545.80
288.99	36510.38
289.06	36490.35
289.12	36470.36
289.19	36461.86
289.26	36451.90
289.32	36449.80
289.39	36441.17
289.45	36439.22
289.52	36417.98
289.59	36408.56
289.65	36405.57
289.72	36389.49
289.79	36379.37
289.85	36384.92
289.92	36372.50
289.99	36359.10
290.05	36353.17
290.12	36330.74
290.19	36301.26
290.25	36279.33
290.32	36248.28
290.39	36237.73
290.45	36230.92
290.52	36232.95
290.59	36234.20
290.65	36233.98
290.72	36213.05
290.79	36200.09
290.85	36191.15
290.92	36187.82
290.98	36185.96
291.05	36191.40
291.12	36189.77
291.18	36179.37
291.25	36165.37
291.32	36151.11
291.38	36125.72
291.45	36105.45
291.52	36085.16
291.58	36061.61
291.65	36046.43
291.72	36040.51
291.78	36032.54
291.85	36014.64
291.91	36001.66
291.98	35997.29
292.05	35982.57
292.11	35972.45
292.18	35972.25
292.25	35972.13
292.31	35952.22
292.38	35948.77
292.45	35939.97
292.51	35933.34
292.58	35914.70
292.64	35910.84
292.71	35898.19
292.78	35889.44
292.84	35868.26
292.91	35862.05
292.98	35846.23
293.04	35833.16
293.11	35817.31
293.17	35804.46
293.24	35797.68
293.31	35789.81
293.37	35782.32
293.44	35768.80
293.51	35766.27
293.57	35747.87
293.64	35734.21
293.70	35720.46
293.77	35706.73
293.84	35684.95
293.90	35669.95
293.97	35663.27
294.04	35650.14
294.10	35638.32
294.17	35631.94
294.23	35623.72
294.30	35602.67
294.37	35585.57
294.43	35578.37
294.50	35557.62
294.56	35540.75
294.63	35530.59
294.70	35520.25
294.76	35507.19
294.83	35501.89
294.90	35495.31
294.96	35486.73
295.03	35478.63
295.09	35475.92
295.16	35481.70
295.23	35471.56
295.29	35463.16
295.36	35447.83
295.42	35414.82
295.49	35383.53
295.56	35376.66
295.62	35364.66
295.69	35350.84
295.75	35352.69
295.82	35349.76
295.89	35325.06
295.95	35293.28
296.02	35273.06
296.08	35239.68
296.15	35202.96
296.22	35185.83
296.28	35177.66
296.35	35172.19
296.41	35162.51
296.48	35158.72
296.55	35149.77
296.61	35141.21
296.68	35126.36
296.74	35123.92
296.81	35119.71
296.88	35104.95
296.94	35089.22
297.01	35068.87
297.07	35045.98
297.14	35028.18
297.20	35022.04
297.27	35019.71
297.34	35026.04
297.40	35033.57
297.47	35017.03
297.53	34998.47
297.60	34980.02
297.67	34957.27
297.73	34934.18
297.80	34915.40
297.86	34889.67
297.93	34859.56
298.00	34833.00
298.06	34803.26
298.13	34801.13
298.19	34791.32
298.26	34785.56
298.32	34793.08
298.39	34782.98
298.46	34759.63
298.52	34741.06
298.59	34712.99
298.65	34672.00
298.72	34652.87
298.78	34631.69
298.85	34616.10
298.92	34603.21
298.98	34585.09
299.05	34564.75
299.11	34539.96
299.18	34505.94
299.24	34471.91
299.31	34436.21
299.38	34402.12
299.44	34370.90
299.51	34355.25
299.57	34345.42
299.64	34338.18
299.70	34331.47
299.77	34318.31
299.84	34297.04
299.90	34264.53
299.97	34229.99
300.03	34198.64
300.10	34181.77
300.16	34158.57
300.23	34144.42
300.30	34132.94
300.36	34110.39
300.43	34085.16
300.49	34061.55
300.56	34035.52
300.62	34006.47
300.69	33986.09
300.75	33957.47
300.82	33935.54
300.89	33904.16
300.95	33882.11
301.02	33842.14
301.08	33806.44
301.15	33771.44
301.21	33740.59
301.28	33707.38
301.34	33685.22
301.41	33655.61
301.48	33625.23
301.54	33595.63
301.61	33571.43
301.67	33541.87
301.74	33518.60
301.80	33478.90
301.87	33442.27
301.93	33395.87
302.00	33361.57
302.06	33314.47
302.13	33278.45
302.20	33251.17
302.26	33222.47
302.33	33184.24
302.39	33155.25
302.46	33118.52
302.52	33069.24
302.59	33021.19
302.65	32979.30
302.72	32935.27
302.78	32902.57
302.85	32874.97
302.91	32839.52
302.98	32803.02
303.05	32765.82
303.11	32730.33
303.18	32678.66
303.24	32642.62
303.31	32600.52
303.37	32565.48
303.44	32526.12
303.50	32490.71
303.57	32441.54
303.63	32387.08
303.70	32338.85
303.76	32287.75
303.83	32245.06
303.89	32201.58
303.96	32163.48
304.03	32115.29
304.09	32066.18
304.16	32010.37
304.22	31957.77
304.29	31910.87
304.35	31857.47
304.42	31813.94
304.48	31771.27
304.55	31724.85
304.61	31674.22
304.68	31627.31
304.74	31570.08
304.81	31526.93
304.87	31472.43
304.94	31419.96
305.00	31367.54
305.07	31311.99
305.13	31241.75
305.20	31187.72
305.26	31134.03
305.33	31084.05
305.39	31038.65
305.46	30980.79
305.52	30929.81
305.59	30881.46
305.66	30823.12
305.72	30766.37
305.79	30723.67
305.85	30669.52
305.92	30581.55
305.98	30466.60
306.05	30333.82
306.11	30178.13
306.18	30009.82
306.24	29876.53
306.31	29810.82
306.37	29794.73
306.44	29835.47
306.50	29902.46
306.57	29964.84
306.63	29986.62
306.70	29967.91
306.76	29910.93
306.83	29846.44
306.89	29769.25
306.96	29699.72
307.02	29632.83
307.09	29585.81
307.15	29522.52
307.22	29475.38
307.28	29418.86
307.35	29358.78
307.41	29281.19
307.48	29213.49
307.54	29140.64
307.61	29077.22
307.67	29010.94
307.74	28953.83
307.80	28903.09
307.87	28843.77
307.93	28779.52
308.00	28725.09
308.06	28674.46
308.13	28609.57
308.19	28551.06
308.26	28497.79
308.32	28443.33
308.38	28378.90
308.45	28320.08
308.51	28269.51
308.58	28206.52
308.64	28143.47
308.71	28094.60
308.77	28037.61
308.84	27967.60
308.90	27911.85
308.97	27856.95
309.03	27796.01
309.10	27737.37
309.16	27676.18
309.23	27606.63
309.29	27532.77
309.36	27440.71
309.42	27358.76
309.49	27290.98
309.55	27221.82
309.62	27159.50
309.68	27117.52
309.75	27059.04
309.81	26991.24
309.88	26934.62
309.94	26868.56
310.00	26797.92
310.07	26731.10
310.13	26680.14
310.20	26609.81
310.26	26556.21
310.33	26487.45
310.39	26433.39
310.46	26369.10
310.52	26315.91
310.59	26246.88
310.65	26193.69
310.72	26130.97
310.78	26068.95
310.85	25998.30
310.91	25941.12
310.97	25878.11
311.04	25824.34
311.10	25757.76
311.17	25704.55
311.23	25643.02
311.30	25586.81
311.36	25522.80
311.43	25472.46
311.49	25413.48
311.56	25352.86
311.62	25292.99
311.69	25237.90
311.75	25186.83
311.81	25132.57
311.88	25070.30
311.94	25015.73
312.01	24963.11
312.07	24900.78
312.14	24850.98
312.20	24813.15
312.27	24760.92
312.33	24699.97
312.40	24636.78
312.46	24564.17
312.52	24501.06
312.59	24438.21
312.65	24371.72
312.72	24309.70
312.78	24252.53
312.85	24186.70
312.91	24118.51
312.98	24066.40
313.04	24013.97
313.10	23960.81
313.17	23906.42
313.23	23862.22
313.30	23810.13
313.36	23751.66
313.43	23691.97
313.49	23635.33
313.56	23573.76
313.62	23510.29
313.68	23454.15
313.75	23403.35
313.81	23353.90
313.88	23299.40
313.94	23255.77
314.01	23208.46
314.07	23158.50
314.13	23106.26
314.20	23059.55
314.26	22999.53
314.33	22943.19
314.39	22885.47
314.46	22819.70
314.52	22766.83
314.58	22714.80
314.65	22662.07
314.71	22608.71
314.78	22563.22
314.84	22504.37
314.91	22452.51
314.97	22396.02
315.03	22341.33
315.10	22288.76
315.16	22231.00
315.23	22178.28
315.29	22132.97
315.36	22087.25
315.42	22038.00
315.48	21995.51
315.55	21943.75
315.61	21882.76
315.68	21829.69
315.74	21772.11
315.81	21711.21
315.87	21652.73
315.93	21615.01
316.00	21579.74
316.06	21546.11
316.13	21521.61
316.19	21472.34
316.25	21378.06
316.32	21241.80
316.38	21072.43
316.45	20858.22
316.51	20633.13
316.58	20402.98
316.64	20163.25
316.70	19931.75
316.77	19690.08
316.83	19449.07
316.90	19201.15
316.96	18959.74
317.02	18707.62
317.09	18470.54
317.15	18232.03
317.22	17991.56
317.28	17748.82
317.34	17509.11
317.41	17264.33
317.47	17020.94
317.54	16778.08
317.60	16535.47
317.66	16291.74
317.73	16044.04
317.79	15803.20
317.86	15561.88
317.92	15321.61
317.98	15070.09
318.05	14822.21
318.11	14565.29
318.18	14320.08
318.24	14067.39
318.30	13819.13
318.37	13569.54
318.43	13317.07
318.50	13057.98
318.56	12793.55
318.62	12537.90
318.69	12277.75
318.75	12016.15
318.82	11744.92
318.88	11483.21
318.94	11209.60
319.01	10936.76
319.07	10670.54
319.13	10396.41
319.20	10117.57
319.26	9837.43
319.33	9554.16
319.39	9257.76
319.45	8982.07
319.52	8704.41
319.58	8422.00
319.65	8139.34
319.71	7861.77
319.77	7578.68
319.84	7299.77
319.90	7031.85
319.96	6764.69
320.03	6501.53
320.09	6243.67
320.16	5977.97
320.22	5722.91
320.28	5477.82
320.35	5235.00
320.41	4998.66
320.47	4781.03
320.54	4558.41
320.60	4346.42
320.67	4146.36
320.73	3948.64
320.79	3755.98
320.86	3578.31
320.92	3403.06
320.98	3237.10
321.05	3080.75
321.11	2929.22
321.18	2787.13
321.24	2655.70
321.30	2524.67
321.37	2405.94
321.43	2300.93
321.49	2198.60
321.56	2100.43
321.62	2013.92
321.68	1926.49
321.75	1841.92
321.81	1764.70
321.88	1690.91
321.94	1625.63
322.00	1565.39
322.07	1503.72
322.13	1443.27
322.19	1384.92
322.26	1323.11
322.32	1266.37
322.38	1216.26
322.45	1173.81
322.51	1127.74
322.58	1088.05
322.64	1041.71
322.70	1000.02
322.77	950.52
322.83	914.20
322.89	869.60
322.96	828.90
323.02	787.87
323.08	748.34
323.15	705.68
323.21	669.42
323.27	635.03
323.34	600.28
323.40	566.47
323.46	533.55
323.53	494.52
323.59	414.76
323.65	310.40
323.72	194.28
323.78	83.44
323.85	-16.13
323.91	-66.93
323.97	-87.17
324.04	-87.42
