180.21	3437.58
180.28	-127.79
180.36	635.00
180.44	-44.91
180.51	-10.72
180.59	15.40
180.66	46.60
180.74	46.31
180.81	46.72
180.89	49.76
180.97	51.92
181.04	50.46
181.12	49.94
181.19	51.49
181.27	52.76
181.34	70.84
181.42	77.89
181.50	86.05
181.57	98.02
181.65	104.09
181.72	98.69
181.80	95.53
181.87	98.13
181.95	101.82
182.03	105.08
182.10	113.35
182.18	122.05
182.25	136.04
182.33	145.63
182.40	162.48
182.48	169.14
182.55	191.69
182.63	204.89
182.71	217.38
182.78	229.17
182.86	238.56
182.93	230.43
183.01	224.60
183.08	216.00
183.16	215.56
183.23	215.24
183.31	236.32
183.39	258.05
183.46	295.09
183.54	323.04
183.61	365.73
183.69	406.68
183.76	457.30
183.84	499.08
183.91	546.07
183.99	594.97
184.06	634.76
184.14	680.14
184.22	713.17
184.29	721.96
184.37	723.91
184.44	701.99
184.52	632.90
184.59	562.81
184.67	517.32
184.74	473.50
184.82	474.87
184.89	525.92
184.97	607.45
185.04	693.93
185.12	785.11
185.20	872.62
185.27	964.80
185.35	1042.92
185.42	1103.18
185.50	1174.53
185.57	1224.56
185.65	1278.45
185.72	1346.45
185.80	1419.21
185.87	1483.97
185.95	1566.99
186.02	1616.25
186.10	1621.08
186.17	1587.09
186.25	1471.10
186.33	1300.25
186.40	1160.39
186.48	1081.09
186.55	1074.26
186.63	1158.62
186.70	1319.33
186.78	1469.78
186.85	1604.33
186.93	1719.28
187.00	1845.55
187.08	1948.63
187.15	2076.90
187.23	2206.02
187.30	2320.74
187.38	2438.50
187.45	2569.94
187.53	2665.99
187.60	2756.80
187.68	2874.33
187.75	2952.11
187.83	2995.85
187.90	3034.15
187.98	3026.80
188.05	2909.17
188.13	2688.43
188.21	2446.14
188.28	2244.24
188.36	2097.39
188.43	2082.59
188.51	2220.88
188.58	2427.79
188.66	2615.25
188.73	2808.57
188.81	2987.16
188.88	3148.15
188.96	3281.04
189.03	3427.88
189.11	3566.60
189.18	3675.59
189.26	3784.70
189.33	3907.07
189.41	3999.60
189.48	4086.40
189.56	4193.24
189.63	4265.50
189.71	4317.81
189.78	4374.61
189.86	4392.24
189.93	4358.28
190.01	4287.18
190.08	4125.10
190.16	3850.38
190.23	3570.55
190.31	3378.56
190.38	3276.14
190.46	3309.55
190.53	3485.13
190.61	3726.41
190.68	3936.41
190.76	4135.20
190.83	4302.38
190.91	4460.97
190.98	4590.75
191.06	4732.34
191.13	4854.08
191.21	4961.88
191.28	5066.84
191.35	5176.49
191.43	5252.97
191.50	5331.85
191.58	5416.52
191.65	5472.72
191.73	5515.58
191.80	5556.45
191.88	5565.64
191.95	5562.64
192.03	5565.56
192.10	5553.55
192.18	5519.78
192.25	5432.93
192.33	5261.78
192.40	5064.15
192.48	4906.69
192.55	4812.69
192.63	4822.43
192.70	4954.19
192.78	5143.33
192.85	5338.37
192.93	5512.03
193.00	5658.41
193.08	5798.36
193.15	5921.01
193.22	6027.31
193.30	6120.68
193.37	6213.39
193.45	6276.10
193.52	6337.82
193.60	6389.26
193.67	6435.79
193.75	6470.97
193.82	6502.91
193.90	6523.29
193.97	6545.10
194.05	6569.68
194.12	6593.19
194.20	6634.79
194.27	6678.80
194.34	6707.32
194.42	6721.81
194.49	6737.25
194.57	6713.90
194.64	6644.56
194.72	6572.52
194.79	6515.95
194.87	6479.09
194.94	6490.76
195.02	6556.66
195.09	6643.74
195.17	6739.20
195.24	6829.06
195.31	6904.89
195.39	6977.61
195.46	7039.02
195.54	7100.82
195.61	7153.15
195.69	7195.12
195.76	7227.10
195.84	7270.63
195.91	7282.97
195.99	7294.55
196.06	7312.34
196.13	7332.21
196.21	7345.62
196.28	7376.61
196.36	7414.46
196.43	7447.56
196.51	7481.58
196.58	7515.69
196.66	7543.82
196.73	7564.17
196.80	7582.81
196.88	7599.41
196.95	7616.10
197.03	7626.53
197.10	7620.57
197.18	7609.99
197.25	7602.27
197.33	7605.53
197.40	7625.85
197.47	7656.14
197.55	7702.44
197.62	7749.93
197.70	7784.33
197.77	7815.29
197.85	7854.83
197.92	7883.64
197.99	7914.49
198.07	7948.25
198.14	7974.42
198.22	7998.98
198.29	8015.87
198.37	8030.60
198.44	8046.95
198.51	8060.58
198.59	8072.82
198.66	8101.16
198.74	8129.10
198.81	8155.37
198.89	8185.71
198.96	8216.02
199.03	8243.88
199.11	8276.67
199.18	8301.57
199.26	8326.48
199.33	8357.82
199.41	8390.45
199.48	8406.47
199.55	8430.54
199.63	8448.56
199.70	8470.48
199.78	8481.25
199.85	8502.19
199.93	8519.25
200.00	8547.75
200.07	8567.45
200.15	8599.97
200.22	8633.39
200.30	8665.05
200.37	8700.49
200.44	8739.45
200.52	8771.51
200.59	8806.37
200.67	8838.89
200.74	8860.46
200.81	8880.77
200.89	8905.26
200.96	8935.94
201.04	8964.20
201.11	9004.12
201.19	9045.84
201.26	9077.62
201.33	9097.42
201.41	9123.62
201.48	9149.13
201.56	9169.53
201.63	9207.22
201.70	9240.90
201.78	9276.74
201.85	9316.93
201.93	9359.94
202.00	9396.58
202.07	9439.17
202.15	9479.56
202.22	9511.89
202.30	9544.34
202.37	9569.57
202.44	9604.78
202.52	9646.00
202.59	9689.47
202.67	9728.07
202.74	9777.79
202.81	9821.24
202.89	9857.53
202.96	9892.74
203.04	9937.84
203.11	9973.94
203.18	10016.89
203.26	10061.70
203.33	10107.19
203.41	10144.27
203.48	10192.12
203.55	10225.88
203.63	10269.50
203.70	10318.11
203.77	10367.30
203.85	10409.60
203.92	10455.98
204.00	10513.57
204.07	10563.49
204.14	10620.43
204.22	10673.52
204.29	10732.64
204.37	10772.65
204.44	10817.30
204.51	10861.66
204.59	10912.66
204.66	10957.87
204.73	11016.60
204.81	11068.23
204.88	11130.18
204.96	11193.97
205.03	11257.67
205.10	11306.83
205.18	11365.06
205.25	11416.98
205.32	11472.64
205.40	11527.40
205.47	11592.02
205.55	11655.49
205.62	11718.90
205.69	11779.56
205.77	11844.05
205.84	11903.33
205.91	11967.63
205.99	12027.09
206.06	12084.76
206.14	12144.27
206.21	12211.25
206.28	12272.10
206.36	12343.39
206.43	12409.50
206.50	12480.74
206.58	12545.62
206.65	12613.21
206.72	12682.58
206.80	12760.56
206.87	12837.02
206.95	12923.96
207.02	13018.00
207.09	13103.55
207.17	13194.40
207.24	13285.58
207.31	13367.27
207.39	13443.14
207.46	13518.46
207.53	13581.67
207.61	13650.50
207.68	13720.82
207.75	13798.43
207.83	13881.09
207.90	13966.68
207.98	14043.88
208.05	14132.36
208.12	14210.37
208.20	14290.31
208.27	14379.55
208.34	14476.22
208.42	14559.57
208.49	14649.19
208.56	14728.33
208.64	14812.83
208.71	14897.14
208.78	14979.77
208.86	15075.43
208.93	15177.26
209.00	15274.34
209.08	15362.57
209.15	15463.64
209.22	15563.76
209.30	15664.40
209.37	15762.73
209.44	15871.52
209.52	15977.50
209.59	16067.18
209.67	16164.98
209.74	16260.84
209.81	16368.85
209.89	16472.78
209.96	16577.84
210.03	16684.25
210.11	16790.74
210.18	16886.17
210.25	16996.59
210.33	17111.87
210.40	17218.56
210.47	17327.00
210.55	17439.24
210.62	17534.15
210.69	17623.29
210.77	17721.14
210.84	17824.54
210.91	17936.37
210.99	18053.16
211.06	18177.65
211.13	18303.99
211.21	18426.46
211.28	18530.87
211.35	18647.49
211.42	18768.35
211.50	18878.49
211.57	18989.41
211.64	19112.97
211.72	19230.88
211.79	19344.86
211.86	19467.97
211.94	19599.41
212.01	19725.37
212.08	19841.29
212.16	19958.23
212.23	20079.84
212.30	20196.07
212.38	20309.51
212.45	20442.28
212.52	20573.35
212.60	20695.89
212.67	20820.54
212.74	20950.49
212.82	21065.10
212.89	21184.46
212.96	21308.48
213.03	21440.48
213.11	21573.08
213.18	21714.22
213.25	21860.82
213.33	22008.15
213.40	22144.31
213.47	22278.69
213.55	22401.54
213.62	22515.53
213.69	22627.45
213.77	22750.65
213.84	22876.29
213.91	23025.51
213.98	23164.72
214.06	23307.43
214.13	23453.91
214.20	23601.54
214.28	23743.32
214.35	23890.54
214.42	24039.20
214.50	24174.52
214.57	24300.94
214.64	24418.19
214.72	24540.48
214.79	24662.25
214.86	24789.73
214.93	24919.93
215.01	25064.45
215.08	25200.90
215.15	25337.09
215.23	25462.82
215.30	25604.01
215.37	25735.05
215.44	25890.39
215.52	26045.00
215.59	26205.20
215.66	26354.84
215.74	26502.70
215.81	26638.14
215.88	26776.59
215.95	26904.24
216.03	27031.83
216.10	27167.65
216.17	27308.73
216.25	27446.12
216.32	27606.89
216.39	27765.88
216.46	27912.56
216.54	28040.44
216.61	28170.28
216.68	28291.23
216.76	28424.43
216.83	28572.92
216.90	28739.15
216.97	28914.79
217.05	29085.74
217.12	29240.41
217.19	29359.69
217.27	29452.09
217.34	29535.92
217.41	29630.20
217.48	29731.51
217.56	29857.26
217.63	30022.49
217.70	30185.04
217.78	30342.59
217.85	30502.97
217.92	30673.02
217.99	30829.57
218.07	30973.54
218.14	31107.48
218.21	31254.86
218.28	31395.63
218.36	31537.51
218.43	31684.47
218.50	31836.79
218.57	31968.28
218.65	32087.00
218.72	32207.37
218.79	32340.16
218.87	32477.23
218.94	32620.76
219.01	32767.68
219.08	32904.38
219.16	33028.95
219.23	33143.95
219.30	33248.62
219.37	33364.85
219.45	33486.51
219.52	33624.73
219.59	33757.92
219.66	33893.30
219.74	34026.09
219.81	34178.88
219.88	34318.95
219.95	34465.96
220.03	34618.58
220.10	34760.33
220.17	34874.35
220.24	34994.10
220.32	35113.86
220.39	35231.73
220.46	35349.47
220.53	35479.31
220.61	35602.53
220.68	35731.33
220.75	35861.69
220.82	36005.02
220.90	36119.69
220.97	36212.84
221.04	36298.60
221.11	36385.40
221.19	36474.55
221.26	36580.54
221.33	36712.79
221.40	36848.07
221.48	36986.69
221.55	37109.50
221.62	37238.13
221.69	37363.48
221.77	37486.74
221.84	37602.11
221.91	37726.41
221.98	37852.45
222.06	37972.07
222.13	38099.79
222.20	38215.05
222.27	38324.46
222.35	38423.91
222.42	38523.85
222.49	38604.41
222.56	38682.59
222.63	38769.11
222.71	38872.49
222.78	38984.82
222.85	39110.14
222.92	39240.87
223.00	39337.59
223.07	39424.94
223.14	39496.28
223.21	39563.73
223.29	39657.02
223.36	39787.77
223.43	39911.90
223.50	40050.98
223.57	40194.54
223.65	40326.03
223.72	40432.74
223.79	40538.77
223.86	40635.03
223.94	40725.02
224.01	40797.45
224.08	40863.01
224.15	40924.11
224.22	40983.81
224.30	41036.99
224.37	41108.27
224.44	41196.40
224.51	41288.53
224.59	41387.45
224.66	41500.04
224.73	41606.14
224.80	41713.55
224.87	41824.45
224.95	41927.42
225.02	42029.67
225.09	42119.94
225.16	42201.16
225.23	42288.21
225.31	42379.44
225.38	42463.35
225.45	42549.84
225.52	42642.39
225.60	42711.87
225.67	42752.08
225.74	42789.35
225.81	42829.83
225.88	42879.18
225.96	42962.99
226.03	43086.78
226.10	43220.53
226.17	43349.01
226.24	43475.49
226.32	43571.96
226.39	43645.69
226.46	43698.84
226.53	43753.84
226.60	43793.82
226.68	43841.87
226.75	43902.66
226.82	43978.86
226.89	44052.80
226.96	44130.02
227.04	44185.02
227.11	44230.24
227.18	44266.64
227.25	44295.33
227.32	44341.53
227.40	44408.10
227.47	44476.56
227.54	44548.84
227.61	44623.66
227.68	44690.75
227.76	44763.52
227.83	44835.86
227.90	44905.63
227.97	44977.65
228.04	45031.71
228.11	45071.45
228.19	45107.24
228.26	45153.94
228.33	45219.07
228.40	45281.86
228.47	45343.18
228.55	45416.14
228.62	45484.57
228.69	45534.74
228.76	45593.07
228.83	45653.64
228.90	45704.30
228.98	45757.80
229.05	45823.89
229.12	45900.66
229.19	45971.64
229.26	46041.95
229.34	46092.25
229.41	46133.34
229.48	46170.69
229.55	46210.08
229.62	46264.68
229.69	46320.62
229.77	46360.61
229.84	46394.50
229.91	46430.88
229.98	46442.56
230.05	46462.84
230.12	46510.91
230.20	46566.89
230.27	46622.86
230.34	46692.75
230.41	46761.00
230.48	46812.25
230.55	46860.13
230.63	46908.34
230.70	46956.11
230.77	46992.52
230.84	47022.07
230.91	47042.18
230.98	47074.59
231.06	47109.20
231.13	47161.54
231.20	47229.68
231.27	47301.58
231.34	47354.61
231.41	47408.72
231.49	47448.31
231.56	47492.98
231.63	47543.16
231.70	47589.65
231.77	47616.74
231.84	47641.42
231.92	47647.64
231.99	47648.56
232.06	47673.31
232.13	47714.39
232.20	47767.98
232.27	47817.40
232.34	47867.21
232.42	47887.43
232.49	47907.43
232.56	47939.84
232.63	47997.52
232.70	48044.18
232.77	48106.25
232.85	48161.37
232.92	48200.36
232.99	48218.82
233.06	48247.41
233.13	48264.13
233.20	48270.55
233.27	48276.92
233.35	48274.50
233.42	48266.58
233.49	48273.28
233.56	48304.75
233.63	48331.14
233.70	48360.91
233.77	48393.80
233.85	48424.42
233.92	48451.09
233.99	48474.45
234.06	48507.06
234.13	48551.52
234.20	48592.88
234.27	48621.01
234.35	48647.27
234.42	48658.12
234.49	48649.27
234.56	48647.68
234.63	48632.72
234.70	48627.61
234.77	48623.56
234.84	48609.48
234.92	48584.94
234.99	48590.05
235.06	48597.39
235.13	48614.62
235.20	48653.17
235.27	48701.24
235.34	48726.25
235.41	48756.83
235.49	48786.69
235.56	48807.03
235.63	48811.00
235.70	48816.29
235.77	48801.61
235.84	48787.86
235.91	48771.91
235.98	48760.26
236.06	48758.02
236.13	48760.53
236.20	48756.01
236.27	48749.95
236.34	48756.25
236.41	48762.73
236.48	48763.46
236.55	48764.23
236.63	48767.81
236.70	48757.50
236.77	48748.07
236.84	48746.74
236.91	48739.92
236.98	48726.51
237.05	48722.31
237.12	48708.70
237.19	48687.72
237.27	48682.18
237.34	48683.25
237.41	48683.82
237.48	48674.63
237.55	48664.35
237.62	48646.02
237.69	48648.07
237.76	48647.98
237.83	48658.29
237.91	48675.60
237.98	48692.85
238.05	48693.34
238.12	48686.49
238.19	48686.34
238.26	48686.77
238.33	48675.71
238.40	48648.29
238.47	48623.79
238.54	48595.27
238.62	48556.80
238.69	48532.30
238.76	48517.38
238.83	48506.56
238.90	48515.16
238.97	48537.83
239.04	48555.70
239.11	48572.85
239.18	48593.14
239.25	48586.07
239.33	48560.78
239.40	48534.20
239.47	48499.09
239.54	48449.56
239.61	48394.67
239.68	48346.84
239.75	48313.30
239.82	48293.44
239.89	48277.56
239.96	48281.47
240.03	48290.30
240.11	48305.67
240.18	48318.93
240.25	48326.74
240.32	48328.64
240.39	48334.60
240.46	48329.46
240.53	48346.44
240.60	48379.88
240.67	48408.36
240.74	48425.22
240.81	48441.10
240.88	48431.89
240.96	48409.00
241.03	48386.99
241.10	48370.11
241.17	48347.14
241.24	48327.36
241.31	48316.61
241.38	48301.20
241.45	48291.66
241.52	48292.28
241.59	48296.52
241.66	48303.29
241.73	48321.65
241.80	48330.10
241.88	48319.90
241.95	48298.91
242.02	48265.93
242.09	48207.76
242.16	48151.37
242.23	48133.04
242.30	48124.05
242.37	48118.18
242.44	48131.62
242.51	48139.90
242.58	48124.20
242.65	48109.28
242.72	48109.82
242.79	48107.85
242.87	48125.24
242.94	48134.08
243.01	48130.59
243.08	48127.84
243.15	48121.95
243.22	48113.71
243.29	48122.10
243.36	48138.49
243.43	48149.25
243.50	48172.23
243.57	48190.87
243.64	48197.75
243.71	48217.08
243.78	48232.42
243.85	48228.77
243.92	48215.15
243.99	48205.27
244.07	48181.14
244.14	48149.65
244.21	48144.32
244.28	48155.48
244.35	48173.66
244.42	48199.80
244.49	48237.04
244.56	48261.20
244.63	48269.45
244.70	48266.00
244.77	48264.69
244.84	48257.34
244.91	48242.99
244.98	48236.74
245.05	48253.57
245.12	48285.31
245.19	48318.34
245.26	48356.04
245.33	48398.60
245.40	48431.49
245.47	48439.20
245.55	48448.99
245.62	48456.50
245.69	48468.24
245.76	48479.42
245.83	48498.53
245.90	48510.98
245.97	48520.33
246.04	48530.33
246.11	48532.52
246.18	48529.03
246.25	48525.75
246.32	48523.93
246.39	48516.70
246.46	48519.59
246.53	48541.43
246.60	48558.76
246.67	48592.56
246.74	48627.65
246.81	48662.96
246.88	48678.48
246.95	48704.30
247.02	48722.01
247.09	48733.42
247.16	48730.63
247.23	48721.53
247.30	48696.41
247.37	48668.66
247.44	48654.12
247.51	48643.58
247.58	48652.06
247.66	48690.51
247.73	48742.17
247.80	48793.93
247.87	48851.72
247.94	48911.80
248.01	48963.42
248.08	49003.66
248.15	49030.34
248.22	49054.21
248.29	49082.92
248.36	49108.86
248.43	49138.48
248.50	49175.65
248.57	49205.33
248.64	49226.31
248.71	49248.58
248.78	49278.49
248.85	49300.97
248.92	49327.15
248.99	49342.12
249.06	49335.92
249.13	49314.12
249.20	49292.44
249.27	49271.19
249.34	49262.41
249.41	49281.02
249.48	49302.44
249.55	49320.82
249.62	49344.51
249.69	49362.86
249.76	49389.13
249.83	49417.29
249.90	49457.97
249.97	49494.88
250.04	49538.15
250.11	49591.57
250.18	49636.15
250.25	49674.79
250.32	49702.67
250.39	49729.18
250.46	49735.37
250.53	49755.83
250.60	49767.23
250.67	49797.34
250.74	49832.16
250.81	49832.72
250.88	49824.37
250.95	49831.49
251.02	49825.59
251.09	49813.63
251.16	49846.98
251.23	49886.54
251.30	49924.77
251.37	49962.07
251.44	49993.34
251.51	50020.55
251.58	50048.03
251.65	50075.23
251.72	50104.00
251.79	50130.40
251.86	50126.88
251.93	50095.49
252.00	50047.07
252.07	50001.20
252.14	49969.79
252.21	49971.10
252.28	49999.36
252.35	50048.27
252.42	50113.12
252.49	50164.17
252.56	50202.88
252.63	50241.99
252.70	50265.20
252.77	50272.40
252.84	50284.08
252.91	50280.23
252.98	50262.41
253.05	50242.96
253.12	50242.95
253.19	50256.80
253.25	50281.69
253.32	50314.66
253.39	50360.91
253.46	50385.80
253.53	50400.01
253.60	50397.59
253.67	50399.58
253.74	50413.68
253.81	50440.15
253.88	50460.93
253.95	50492.19
254.02	50512.45
254.09	50519.05
254.16	50512.90
254.23	50497.56
254.30	50482.56
254.37	50483.62
254.44	50494.49
254.51	50514.94
254.58	50539.64
254.65	50570.65
254.72	50580.80
254.79	50556.91
254.86	50536.31
254.93	50510.99
255.00	50494.25
255.07	50498.52
255.14	50519.54
255.21	50518.48
255.28	50514.04
255.34	50496.20
255.41	50484.55
255.48	50483.54
255.55	50499.46
255.62	50531.13
255.69	50568.60
255.76	50597.41
255.83	50630.49
255.90	50661.38
255.97	50689.14
256.04	50692.58
256.11	50695.89
256.18	50682.58
256.25	50662.87
256.32	50636.23
256.39	50616.60
256.46	50581.53
256.53	50554.29
256.60	50526.08
256.67	50503.30
256.74	50491.94
256.80	50496.54
256.87	50486.37
256.94	50478.33
257.01	50470.35
257.08	50469.22
257.15	50458.59
257.22	50459.30
257.29	50455.56
257.36	50452.82
257.43	50442.21
257.50	50439.89
257.57	50427.26
257.64	50433.89
257.71	50429.45
257.78	50426.73
257.85	50411.60
257.92	50415.21
257.98	50406.08
258.05	50395.12
258.12	50385.45
258.19	50368.67
258.26	50327.05
258.33	50272.22
258.40	50238.58
258.47	50206.25
258.54	50196.96
258.61	50211.99
258.68	50239.50
258.75	50258.84
258.82	50275.40
258.89	50259.15
258.95	50225.99
259.02	50196.93
259.09	50154.70
259.16	50097.69
259.23	50055.16
259.30	50021.30
259.37	49987.76
259.44	49966.00
259.51	49961.84
259.58	49968.75
259.65	49962.18
259.72	49949.95
259.79	49918.34
259.85	49884.92
259.92	49842.64
259.99	49831.48
260.06	49823.76
260.13	49817.84
260.20	49806.31
260.27	49781.46
260.34	49733.77
260.41	49677.04
260.48	49639.24
260.55	49607.63
260.62	49581.90
260.68	49551.58
260.75	49529.19
260.82	49514.22
260.89	49489.50
260.96	49473.94
261.03	49472.43
261.10	49464.03
261.17	49447.86
261.24	49427.46
261.31	49402.61
261.38	49360.20
261.44	49316.79
261.51	49265.49
261.58	49227.99
261.65	49189.75
261.72	49147.21
261.79	49098.48
261.86	49047.63
261.93	49003.62
262.00	48974.46
262.07	48946.99
262.13	48926.42
262.20	48911.08
262.27	48883.66
262.34	48853.08
262.41	48814.15
262.48	48779.10
262.55	48742.55
262.62	48690.38
262.69	48628.06
262.76	48583.64
262.82	48540.78
262.89	48490.58
262.96	48453.33
263.03	48416.83
263.10	48378.22
263.17	48322.17
263.24	48276.02
263.31	48243.13
263.38	48210.37
263.44	48186.05
263.51	48165.42
263.58	48140.47
263.65	48106.45
263.72	48056.27
263.79	47990.37
263.86	47930.76
263.93	47870.77
264.00	47814.27
264.06	47786.23
264.13	47765.46
264.20	47748.19
264.27	47721.69
264.34	47695.30
264.41	47649.69
264.48	47613.18
264.55	47577.99
264.61	47552.77
264.68	47516.18
264.75	47483.27
264.82	47419.24
264.89	47346.82
264.96	47272.08
265.03	47199.05
265.10	47143.73
265.16	47112.58
265.23	47094.49
265.30	47083.24
265.37	47067.09
265.44	47036.33
265.51	47019.71
265.58	46989.15
265.65	46938.59
265.71	46894.01
265.78	46855.61
265.85	46787.37
265.92	46719.46
265.99	46665.73
266.06	46620.00
266.13	46562.82
266.20	46525.81
266.26	46504.69
266.33	46476.52
266.40	46419.34
266.47	46359.03
266.54	46278.46
266.61	46198.46
266.68	46123.60
266.74	46070.05
266.81	46028.34
266.88	46001.10
266.95	45949.60
267.02	45912.61
267.09	45866.24
267.16	45812.76
267.22	45767.70
267.29	45741.52
267.36	45717.26
267.43	45695.79
267.50	45666.01
267.57	45624.71
267.64	45573.96
267.70	45521.85
267.77	45467.73
267.84	45427.15
267.91	45382.78
267.98	45335.79
268.05	45275.33
268.11	45220.41
268.18	45160.60
268.25	45102.86
268.32	45050.10
268.39	45004.78
268.46	44967.92
268.53	44949.49
268.59	44933.37
268.66	44923.49
268.73	44904.69
268.80	44871.31
268.87	44821.43
268.94	44773.60
269.00	44729.26
269.07	44684.19
269.14	44648.51
269.21	44608.79
269.28	44573.55
269.35	44532.97
269.41	44495.62
269.48	44448.06
269.55	44394.09
269.62	44324.03
269.69	44262.88
269.76	44192.82
269.82	44130.62
269.89	44092.49
269.96	44077.34
270.03	44048.35
270.10	44035.95
270.17	44016.29
270.23	43984.99
270.30	43944.13
270.37	43911.24
270.44	43874.46
270.51	43842.61
270.58	43812.51
270.64	43786.22
270.71	43748.69
270.78	43712.40
270.85	43673.26
270.92	43622.65
270.99	43570.19
271.05	43527.64
271.12	43475.19
271.19	43425.19
271.26	43385.12
271.33	43344.53
271.39	43300.04
271.46	43246.65
271.53	43206.61
271.60	43172.46
271.67	43144.57
271.74	43122.74
271.80	43117.65
271.87	43111.04
271.94	43079.26
272.01	43037.12
272.08	42992.31
272.14	42940.40
272.21	42905.57
272.28	42891.65
272.35	42874.04
272.42	42852.41
272.48	42844.22
272.55	42812.87
272.62	42788.37
272.69	42785.09
272.76	42786.87
272.83	42771.99
272.89	42759.51
272.96	42735.36
273.03	42680.50
273.10	42626.87
273.17	42583.46
273.23	42533.96
273.30	42490.50
273.37	42459.59
273.44	42432.79
273.51	42411.46
273.57	42401.29
273.64	42385.71
273.71	42381.64
273.78	42365.14
273.85	42344.85
273.91	42319.87
273.98	42294.24
274.05	42264.48
274.12	42245.33
274.19	42227.74
274.25	42195.79
274.32	42168.61
274.39	42130.19
274.46	42076.25
274.53	42009.49
274.59	41950.20
274.66	41896.50
274.73	41850.62
274.80	41811.51
274.86	41781.82
274.93	41761.27
275.00	41748.56
275.07	41723.41
275.14	41698.02
275.20	41665.74
275.27	41633.26
275.34	41579.53
275.41	41545.19
275.48	41523.76
275.54	41517.23
275.61	41499.83
275.68	41489.60
275.75	41463.04
275.81	41425.69
275.88	41387.15
275.95	41351.26
276.02	41310.27
276.09	41281.79
276.15	41245.36
276.22	41209.83
276.29	41190.26
276.36	41159.92
276.42	41130.22
276.49	41106.46
276.56	41057.21
276.63	40990.18
276.70	40946.48
276.76	40913.34
276.83	40891.57
276.90	40892.98
276.97	40894.91
277.03	40900.51
277.10	40889.75
277.17	40877.15
277.24	40865.45
277.30	40858.41
277.37	40830.18
277.44	40805.37
277.51	40773.52
277.58	40731.09
277.64	40685.17
277.71	40656.04
277.78	40623.97
277.85	40580.29
277.91	40541.47
277.98	40501.22
278.05	40448.81
278.12	40410.34
278.18	40381.64
278.25	40355.86
278.32	40345.38
278.39	40347.18
278.45	40339.51
278.52	40338.62
278.59	40322.76
278.66	40287.90
278.72	40254.21
278.79	40218.44
278.86	40182.07
278.93	40163.38
278.99	40157.83
279.06	40144.78
279.13	40128.71
279.20	40118.77
279.26	40102.16
279.33	40085.30
279.40	40062.54
279.47	40031.84
279.53	39997.70
279.60	39957.82
279.67	39914.34
279.74	39872.14
279.80	39845.46
279.87	39811.36
279.94	39784.60
280.01	39757.69
280.07	39734.38
280.14	39702.69
280.21	39666.59
280.28	39629.44
280.34	39589.20
280.41	39545.48
280.48	39494.74
280.55	39460.67
280.61	39434.55
280.68	39414.61
280.75	39390.05
280.82	39370.29
280.88	39334.18
280.95	39283.10
281.02	39224.90
281.08	39165.88
281.15	39105.39
281.22	39048.20
281.29	38986.15
281.35	38914.95
281.42	38860.99
281.49	38807.43
281.56	38748.60
281.62	38711.50
281.69	38686.27
281.76	38656.04
281.82	38634.51
281.89	38619.78
281.96	38592.66
282.03	38565.92
282.09	38532.35
282.16	38492.36
282.23	38453.99
282.30	38420.43
282.36	38382.29
282.43	38351.09
282.50	38335.54
282.56	38298.29
282.63	38266.39
282.70	38245.50
282.77	38228.18
282.83	38200.28
282.90	38194.31
282.97	38174.23
283.03	38162.44
283.10	38148.39
283.17	38134.89
283.24	38112.40
283.30	38085.95
283.37	38050.78
283.44	38008.10
283.50	37959.44
283.57	37917.03
283.64	37871.39
283.71	37816.83
283.77	37772.09
283.84	37745.28
283.91	37711.20
283.97	37693.82
284.04	37690.49
284.11	37682.48
284.18	37665.33
284.24	37655.54
284.31	37649.89
284.38	37642.71
284.44	37636.97
284.51	37622.92
284.58	37616.81
284.64	37608.98
284.71	37591.53
284.78	37558.52
284.85	37540.79
284.91	37518.43
284.98	37488.19
285.05	37450.52
285.11	37429.62
285.18	37400.11
285.25	37372.78
285.31	37352.02
285.38	37336.37
285.45	37330.73
285.52	37320.59
285.58	37302.59
285.65	37276.89
285.72	37251.29
285.78	37221.55
285.85	37202.19
285.92	37191.93
285.98	37179.75
286.05	37169.06
286.12	37157.04
286.18	37137.22
286.25	37113.39
286.32	37091.97
286.39	37076.35
286.45	37045.19
286.52	37017.54
286.59	36984.18
286.65	36965.00
286.72	36950.17
286.79	36946.12
286.85	36947.06
286.92	36947.09
286.99	36941.80
287.05	36922.64
287.12	36914.20
287.19	36901.49
287.25	36895.55
287.32	36884.86
287.39	36885.88
287.45	36877.11
287.52	36865.44
287.59	36858.62
287.65	36848.17
287.72	36823.47
287.79	36792.50
287.86	36759.59
287.92	36720.79
287.99	36690.29
288.06	36681.43
288.12	36667.68
288.19	36659.59
288.26	36634.35
288.32	36623.74
288.39	36598.80
288.46	36588.14
288.52	36582.90
288.59	36599.48
288.66	36601.96
288.72	36607.46
288.79	36607.36
288.86	36592.06
288.92	36571.69
288.99	36537.34
289.06	36509.42
289.12	36478.85
289.19	36463.79
289.26	36454.36
289.32	36454.66
289.39	36446.65
289.45	36446.84
289.52	36427.35
289.59	36420.40
289.65	36408.53
289.72	36392.89
289.79	36377.98
289.85	36377.09
289.92	36359.14
289.99	36348.51
290.05	36337.42
290.12	36323.51
290.19	36305.28
290.25	36277.19
290.32	36251.89
290.39	36243.75
290.45	36236.88
290.52	36229.84
290.59	36234.63
290.65	36227.61
290.72	36212.92
290.79	36199.96
290.85	36188.90
290.92	36186.47
290.98	36186.94
291.05	36189.50
291.12	36184.82
291.18	36181.14
291.25	36166.32
291.32	36147.36
291.38	36123.89
291.45	36105.15
291.52	36086.12
291.58	36065.44
291.65	36055.77
291.72	36046.93
291.78	36037.39
291.85	36021.91
291.91	36008.82
291.98	36009.11
292.05	35995.30
292.11	35984.06
292.18	35979.04
292.25	35980.05
292.31	35953.94
292.38	35949.93
292.45	35940.51
292.51	35930.74
292.58	35914.30
292.64	35909.65
292.71	35895.06
292.78	35884.67
292.84	35865.76
292.91	35853.11
292.98	35836.56
293.04	35827.96
293.11	35819.14
293.17	35814.18
293.24	35805.29
293.31	35796.30
293.37	35788.85
293.44	35765.92
293.51	35754.98
293.57	35739.74
293.64	35727.05
293.70	35715.56
293.77	35711.65
293.84	35694.71
293.90	35684.82
293.97	35682.52
294.04	35665.53
294.10	35644.49
294.17	35634.21
294.23	35622.97
294.30	35600.84
294.37	35591.04
294.43	35591.69
294.50	35578.36
294.56	35566.73
294.63	35555.08
294.70	35537.85
294.76	35523.81
294.83	35524.54
294.90	35515.22
294.96	35511.59
295.03	35507.05
295.09	35500.72
295.16	35498.39
295.23	35486.31
295.29	35472.58
295.36	35448.49
295.42	35419.28
295.49	35382.50
295.56	35374.98
295.62	35365.07
295.69	35353.91
295.75	35353.28
295.82	35353.93
295.89	35329.34
295.95	35297.62
296.02	35275.69
296.08	35247.57
296.15	35209.14
296.22	35189.34
296.28	35176.82
296.35	35171.24
296.41	35158.39
296.48	35153.55
296.55	35146.10
296.61	35136.92
296.68	35127.67
296.74	35126.18
296.81	35124.97
296.88	35108.50
296.94	35096.19
297.01	35081.84
297.07	35053.56
297.14	35041.56
297.20	35033.61
297.27	35031.19
297.34	35029.81
297.40	35034.24
297.47	35009.82
297.53	34988.27
297.60	34965.39
297.67	34938.00
297.73	34916.79
297.80	34898.08
297.86	34881.33
297.93	34855.35
298.00	34834.91
298.06	34811.93
298.13	34802.78
298.19	34791.54
298.26	34787.29
298.32	34789.10
298.39	34780.66
298.46	34767.67
298.52	34751.51
298.59	34725.37
298.65	34690.37
298.72	34667.44
298.78	34644.13
298.85	34626.20
298.92	34609.36
298.98	34586.71
299.05	34561.92
299.11	34536.36
299.18	34501.66
299.24	34471.81
299.31	34440.74
299.38	34409.41
299.44	34375.08
299.51	34361.84
299.57	34351.76
299.64	34348.28
299.70	34343.97
299.77	34331.84
299.84	34305.56
299.90	34264.25
299.97	34222.10
300.03	34193.94
300.10	34182.09
300.16	34164.93
300.23	34158.66
300.30	34149.45
300.36	34120.35
300.43	34092.91
300.49	34062.81
300.56	34033.86
300.62	34009.93
300.69	33990.48
300.75	33963.28
300.82	33941.52
300.89	33908.50
300.95	33874.97
301.02	33835.90
301.08	33801.91
301.15	33770.22
301.21	33743.25
301.28	33720.47
301.34	33699.89
301.41	33669.33
301.48	33641.14
301.54	33615.04
301.61	33584.89
301.67	33554.30
301.74	33528.46
301.80	33490.78
301.87	33455.26
301.93	33407.35
302.00	33371.66
302.06	33324.97
302.13	33285.02
302.20	33253.75
302.26	33224.42
302.33	33193.27
302.39	33159.75
302.46	33121.55
302.52	33073.46
302.59	33030.54
302.65	32975.65
302.72	32937.40
302.78	32903.23
302.85	32869.00
302.91	32833.38
302.98	32806.96
303.05	32770.14
303.11	32738.69
303.18	32693.65
303.24	32656.07
303.31	32616.68
303.37	32576.02
303.44	32535.67
303.50	32498.78
303.57	32449.24
303.63	32398.97
303.70	32355.35
303.76	32301.56
303.83	32264.89
303.89	32224.08
303.96	32178.50
304.03	32127.39
304.09	32078.15
304.16	32015.59
304.22	31960.83
304.29	31910.56
304.35	31857.87
304.42	31816.75
304.48	31772.50
304.55	31725.24
304.61	31675.47
304.68	31631.61
304.74	31574.91
304.81	31527.84
304.87	31470.48
304.94	31417.07
305.00	31366.32
305.07	31311.88
305.13	31252.37
305.20	31198.59
305.26	31147.31
305.33	31096.12
305.39	31043.59
305.46	30984.46
305.52	30934.10
305.59	30881.71
305.66	30823.29
305.72	30775.02
305.79	30728.69
305.85	30674.30
305.92	30592.43
305.98	30475.67
306.05	30330.82
306.11	30177.01
306.18	30018.55
306.24	29878.78
306.31	29806.56
306.37	29800.48
306.44	29840.19
306.50	29893.15
306.57	29946.37
306.63	29977.19
306.70	29951.96
306.76	29893.51
306.83	29833.98
306.89	29771.25
306.96	29701.86
307.02	29645.62
307.09	29597.89
307.15	29539.13
307.22	29485.59
307.28	29426.39
307.35	29361.33
307.41	29291.26
307.48	29222.89
307.54	29153.25
307.61	29087.87
307.67	29023.51
307.74	28961.89
307.80	28905.05
307.87	28846.42
307.93	28787.29
308.00	28731.27
308.06	28672.25
308.13	28609.45
308.19	28556.48
308.26	28493.94
308.32	28437.54
308.38	28378.44
308.45	28316.36
308.51	28258.39
308.58	28200.84
308.64	28136.80
308.71	28082.94
308.77	28027.32
308.84	27957.61
308.90	27904.54
308.97	27849.64
309.03	27791.70
309.10	27734.97
309.16	27674.32
309.23	27595.47
309.29	27524.14
309.36	27434.46
309.42	27354.95
309.49	27284.96
309.55	27223.38
309.62	27162.19
309.68	27119.88
309.75	27063.57
309.81	26998.98
309.88	26940.65
309.94	26872.21
310.00	26799.68
310.07	26730.28
310.13	26675.04
310.20	26601.88
310.26	26541.41
310.33	26472.42
310.39	26419.52
310.46	26354.00
310.52	26302.93
310.59	26241.36
310.65	26188.05
310.72	26123.25
310.78	26064.80
310.85	25996.73
310.91	25938.33
310.97	25876.13
311.04	25814.73
311.10	25752.34
311.17	25695.53
311.23	25633.89
311.30	25577.36
311.36	25523.17
311.43	25471.59
311.49	25416.78
311.56	25362.13
311.62	25307.14
311.69	25256.37
311.75	25208.72
311.81	25147.86
311.88	25084.58
311.94	25024.46
312.01	24966.98
312.07	24900.24
312.14	24853.44
312.20	24809.35
312.27	24764.26
312.33	24702.26
312.40	24640.24
312.46	24575.40
312.52	24511.69
312.59	24444.13
312.65	24381.03
312.72	24311.00
312.78	24245.99
312.85	24185.82
312.91	24120.63
312.98	24061.82
313.04	24018.54
313.10	23973.15
313.17	23914.35
313.23	23867.81
313.30	23817.45
313.36	23757.16
313.43	23693.59
313.49	23637.98
313.56	23570.60
313.62	23505.65
313.68	23444.82
313.75	23394.43
313.81	23348.33
313.88	23299.22
313.94	23256.36
314.01	23209.52
314.07	23155.04
314.13	23097.25
314.20	23051.60
314.26	22994.45
314.33	22937.57
314.39	22883.94
314.46	22826.27
314.52	22771.05
314.58	22713.65
314.65	22662.72
314.71	22600.49
314.78	22547.84
314.84	22492.11
314.91	22439.29
314.97	22385.46
315.03	22340.30
315.10	22288.24
315.16	22227.79
315.23	22179.12
315.29	22134.73
315.36	22088.81
315.42	22040.08
315.48	21995.34
315.55	21949.92
315.61	21887.88
315.68	21833.25
315.74	21777.96
315.81	21718.76
315.87	21656.45
315.93	21615.93
316.00	21579.08
316.06	21543.99
316.13	21519.76
316.19	21471.00
316.25	21376.29
316.32	21242.30
316.38	21069.19
316.45	20854.68
316.51	20626.99
316.58	20399.73
316.64	20159.36
316.70	19928.73
316.77	19688.93
316.83	19447.10
316.90	19197.53
316.96	18951.37
317.02	18701.16
317.09	18462.16
317.15	18224.58
317.22	17984.29
317.28	17740.23
317.34	17497.66
317.41	17254.70
317.47	17010.96
317.54	16770.98
317.60	16537.65
317.66	16294.50
317.73	16047.74
317.79	15807.30
317.86	15566.01
317.92	15319.22
317.98	15071.36
318.05	14822.37
318.11	14569.03
318.18	14323.38
318.24	14072.86
318.30	13827.02
318.37	13579.46
318.43	13321.19
318.50	13055.82
318.56	12792.49
318.62	12532.95
318.69	12264.04
318.75	12005.57
318.82	11739.08
318.88	11473.96
318.94	11203.75
319.01	10937.45
319.07	10667.16
319.13	10394.96
319.20	10119.38
319.26	9837.39
319.33	9556.13
319.39	9263.86
319.45	8984.93
319.52	8704.68
319.58	8426.15
319.65	8144.18
319.71	7865.93
319.77	7583.98
319.84	7306.57
319.90	7035.20
319.96	6764.29
320.03	6499.84
320.09	6242.00
320.16	5980.55
320.22	5726.41
320.28	5478.64
320.35	5237.88
320.41	5000.41
320.47	4776.16
320.54	4552.93
320.60	4345.39
320.67	4144.76
320.73	3949.90
320.79	3759.51
320.86	3582.32
320.92	3406.92
320.98	3241.74
321.05	3084.21
321.11	2932.76
321.18	2790.09
321.24	2655.94
321.30	2525.22
321.37	2407.05
321.43	2303.99
321.49	2199.58
321.56	2103.37
321.62	2016.47
321.68	1927.48
321.75	1842.11
321.81	1767.13
321.88	1694.25
321.94	1628.31
322.00	1569.57
322.07	1505.23
322.13	1444.36
322.19	1384.25
322.26	1322.06
322.32	1264.88
322.38	1216.31
322.45	1172.70
322.51	1127.91
322.58	1089.67
322.64	1043.46
322.70	1000.69
322.77	950.83
322.83	914.32
322.89	868.10
322.96	827.81
323.02	787.63
323.08	748.91
323.15	706.97
323.21	671.22
323.27	635.56
323.34	600.50
323.40	567.53
323.46	534.00
323.53	495.43
323.59	416.04
323.65	311.95
323.72	194.68
323.78	83.46
323.85	-16.49
323.91	-67.06
323.97	-86.20
324.04	-87.45
