180.21	3422.56
180.28	-125.03
180.36	631.17
180.44	-48.36
180.51	-17.46
180.59	5.90
180.66	33.18
180.74	31.89
180.81	32.00
180.89	34.42
180.97	35.64
181.04	33.91
181.12	33.37
181.19	34.27
181.27	35.24
181.34	51.80
181.42	58.73
181.50	65.80
181.57	77.05
181.65	81.52
181.72	76.11
181.80	72.46
181.87	73.56
181.95	74.81
182.03	77.84
182.10	83.62
182.18	90.16
182.25	101.28
182.33	109.35
182.40	124.40
182.48	129.43
182.55	150.13
182.63	164.71
182.71	178.03
182.78	192.34
182.86	208.33
182.93	204.09
183.01	195.84
183.08	183.18
183.16	174.04
183.23	162.53
183.31	173.92
183.39	189.92
183.46	221.17
183.54	244.09
183.61	284.08
183.69	317.97
183.76	366.27
183.84	405.98
183.91	449.65
183.99	503.05
184.06	544.82
184.14	590.24
184.22	641.26
184.29	672.54
184.37	683.07
184.44	689.52
184.52	643.82
184.59	557.65
184.67	482.93
184.74	413.87
184.82	374.28
184.89	386.18
184.97	453.17
185.04	540.04
185.12	628.79
185.20	724.55
185.27	816.61
185.35	911.83
185.42	975.86
185.50	1046.82
185.57	1103.09
185.65	1148.30
185.72	1199.57
185.80	1281.79
185.87	1346.31
185.95	1434.67
186.02	1546.19
186.10	1595.50
186.17	1598.15
186.25	1527.72
186.33	1333.93
186.40	1116.38
186.48	968.74
186.55	891.59
186.63	919.29
186.70	1073.64
186.78	1245.69
186.85	1394.78
186.93	1521.07
187.00	1636.53
187.08	1752.18
187.15	1866.45
187.23	1999.30
187.30	2125.47
187.38	2241.06
187.45	2369.02
187.53	2496.27
187.60	2578.70
187.68	2696.79
187.75	2823.99
187.83	2888.69
187.90	2957.53
187.98	3037.01
188.05	2999.83
188.13	2801.47
188.21	2516.39
188.28	2233.79
188.36	1981.14
188.43	1843.14
188.51	1908.52
188.58	2121.69
188.66	2330.40
188.73	2540.48
188.81	2744.30
188.88	2906.38
188.96	3060.28
189.03	3204.23
189.11	3352.77
189.18	3480.99
189.26	3591.97
189.33	3711.40
189.41	3829.29
189.48	3912.06
189.56	4018.67
189.63	4134.12
189.71	4187.76
189.78	4256.63
189.86	4335.97
189.93	4360.61
190.01	4337.37
190.08	4255.62
190.16	4001.36
190.23	3624.09
190.31	3305.18
190.38	3088.23
190.46	3002.23
190.53	3107.67
190.61	3362.92
190.68	3604.92
190.76	3825.52
190.83	4010.52
190.91	4178.41
190.98	4339.67
191.06	4484.39
191.13	4629.72
191.21	4758.17
191.28	4870.36
191.35	4985.53
191.43	5085.10
191.50	5152.82
191.58	5243.24
191.65	5321.07
191.73	5356.39
191.80	5405.71
191.88	5430.62
191.95	5420.58
192.03	5424.59
192.10	5444.58
192.18	5443.59
192.25	5405.67
192.33	5260.78
192.40	5017.02
192.48	4777.62
192.55	4600.78
192.63	4515.59
192.70	4590.49
192.78	4790.62
192.85	5015.24
192.93	5215.05
193.00	5388.77
193.08	5532.77
193.15	5666.58
193.22	5764.05
193.30	5849.80
193.37	5934.57
193.45	5994.94
193.52	6054.81
193.60	6122.79
193.67	6176.01
193.75	6225.04
193.82	6280.45
193.90	6307.88
193.97	6340.99
194.05	6377.62
194.12	6405.19
194.20	6446.84
194.27	6497.36
194.34	6534.27
194.42	6561.86
194.49	6592.42
194.57	6593.92
194.64	6536.90
194.72	6431.00
194.79	6326.44
194.87	6231.83
194.94	6170.08
195.02	6179.55
195.09	6254.49
195.17	6353.99
195.24	6458.80
195.31	6563.98
195.39	6664.68
195.46	6763.26
195.54	6851.02
195.61	6930.77
195.69	6994.62
195.76	7042.18
195.84	7085.53
195.91	7110.31
195.99	7114.10
196.06	7113.93
196.13	7123.15
196.21	7117.90
196.28	7122.60
196.36	7133.11
196.43	7136.61
196.51	7130.71
196.58	7132.80
196.66	7138.76
196.73	7162.82
196.80	7206.10
196.88	7258.12
196.95	7321.92
197.03	7382.55
197.10	7416.62
197.18	7427.13
197.25	7431.65
197.33	7432.31
197.40	7436.97
197.47	7444.95
197.55	7473.66
197.62	7501.53
197.70	7523.38
197.77	7545.59
197.85	7572.61
197.92	7584.25
197.99	7582.03
198.07	7561.54
198.14	7528.98
198.22	7520.18
198.29	7533.92
198.37	7584.52
198.44	7667.02
198.51	7759.46
198.59	7839.93
198.66	7911.43
198.74	7966.57
198.81	8002.98
198.89	8029.65
198.96	8050.39
199.03	8057.85
199.11	8065.81
199.18	8069.85
199.26	8078.29
199.33	8096.54
199.41	8123.18
199.48	8126.61
199.55	8110.25
199.63	8074.40
199.70	8040.15
199.78	8010.36
199.85	8022.71
199.93	8081.51
200.00	8179.37
200.07	8276.80
200.15	8377.95
200.22	8459.69
200.30	8517.53
200.37	8559.47
200.44	8587.28
200.52	8608.14
200.59	8636.05
200.67	8655.24
200.74	8667.99
200.81	8676.53
200.89	8680.93
200.96	8689.74
201.04	8699.67
201.11	8701.12
201.19	8693.23
201.26	8687.85
201.33	8678.54
201.41	8690.65
201.48	8738.67
201.56	8819.63
201.63	8920.40
201.70	9013.46
201.78	9098.60
201.85	9170.57
201.93	9222.76
202.00	9263.81
202.07	9297.73
202.15	9324.03
202.22	9340.98
202.30	9372.08
202.37	9397.87
202.44	9430.15
202.52	9462.41
202.59	9492.47
202.67	9511.88
202.74	9537.14
202.81	9552.60
202.89	9552.87
202.96	9565.88
203.04	9603.69
203.11	9647.09
203.18	9727.12
203.26	9831.19
203.33	9931.77
203.41	10007.38
203.48	10071.78
203.55	10092.74
203.63	10116.45
203.70	10145.10
203.77	10180.87
203.85	10222.62
203.92	10282.79
204.00	10351.39
204.07	10412.86
204.14	10471.60
204.22	10522.67
204.29	10574.27
204.37	10610.02
204.44	10641.51
204.51	10677.17
204.59	10719.18
204.66	10755.17
204.73	10809.01
204.81	10875.02
204.88	10954.07
204.96	11031.70
205.03	11109.96
205.10	11171.17
205.18	11227.18
205.25	11268.50
205.32	11313.02
205.40	11363.83
205.47	11420.37
205.55	11480.79
205.62	11550.94
205.69	11622.46
205.77	11701.13
205.84	11782.47
205.91	11860.37
205.99	11931.19
206.06	11998.29
206.14	12061.13
206.21	12126.85
206.28	12186.01
206.36	12247.90
206.43	12309.84
206.50	12377.11
206.58	12447.16
206.65	12522.75
206.72	12589.04
206.80	12651.50
206.87	12709.41
206.95	12764.68
207.02	12830.53
207.09	12913.93
207.17	13008.94
207.24	13107.11
207.31	13210.72
207.39	13305.99
207.46	13398.16
207.53	13483.55
207.61	13575.53
207.68	13658.24
207.75	13750.00
207.83	13836.86
207.90	13920.74
207.98	13990.82
208.05	14073.05
208.12	14146.57
208.20	14221.75
208.27	14298.58
208.34	14379.22
208.42	14441.87
208.49	14510.84
208.56	14579.16
208.64	14656.45
208.71	14741.82
208.78	14839.46
208.86	14951.87
208.93	15065.46
209.00	15182.88
209.08	15294.76
209.15	15413.94
209.22	15520.44
209.30	15628.26
209.37	15733.68
209.44	15843.42
209.52	15945.78
209.59	16037.66
209.67	16140.24
209.74	16238.94
209.81	16339.22
209.89	16429.77
209.96	16529.88
210.03	16612.07
210.11	16696.13
210.18	16769.96
210.25	16851.54
210.33	16938.48
210.40	17035.99
210.47	17146.17
210.55	17270.43
210.62	17401.29
210.69	17525.06
210.77	17662.42
210.84	17786.82
210.91	17919.81
210.99	18042.37
211.06	18169.11
211.13	18288.24
211.21	18414.90
211.28	18525.47
211.35	18651.40
211.42	18779.88
211.50	18901.52
211.57	19020.43
211.64	19135.86
211.72	19228.97
211.79	19309.81
211.86	19391.22
211.94	19490.37
212.01	19595.17
212.08	19721.02
212.16	19853.82
212.23	19996.01
212.30	20128.64
212.38	20262.60
212.45	20401.48
212.52	20545.79
212.60	20676.54
212.67	20805.66
212.74	20940.52
212.82	21070.96
212.89	21200.84
212.96	21331.87
213.03	21465.03
213.11	21603.02
213.18	21731.51
213.25	21859.27
213.33	21989.70
213.40	22104.48
213.47	22213.93
213.55	22325.87
213.62	22434.37
213.69	22549.39
213.77	22682.56
213.84	22818.23
213.91	22970.19
213.98	23125.57
214.06	23280.91
214.13	23439.15
214.20	23589.26
214.28	23737.65
214.35	23884.55
214.42	24023.35
214.50	24153.75
214.57	24292.19
214.64	24423.87
214.72	24556.55
214.79	24699.98
214.86	24844.99
214.93	24989.30
215.01	25134.15
215.08	25273.54
215.15	25397.96
215.23	25509.30
215.30	25619.47
215.37	25729.77
215.44	25866.45
215.52	26013.90
215.59	26171.91
215.66	26335.91
215.74	26492.56
215.81	26631.18
215.88	26780.66
215.95	26917.78
216.03	27060.62
216.10	27212.24
216.17	27364.29
216.25	27505.62
216.32	27668.29
216.39	27819.79
216.46	27971.87
216.54	28120.26
216.61	28278.36
216.68	28416.06
216.76	28552.66
216.83	28678.27
216.90	28802.62
216.97	28922.96
217.05	29056.74
217.12	29193.31
217.19	29336.12
217.27	29476.90
217.34	29612.94
217.41	29746.32
217.48	29879.14
217.56	30020.87
217.63	30172.61
217.70	30325.42
217.78	30485.37
217.85	30646.50
217.92	30793.76
217.99	30939.85
218.07	31083.24
218.14	31220.48
218.21	31360.07
218.28	31506.94
218.36	31648.73
218.43	31792.92
218.50	31941.10
218.57	32078.40
218.65	32210.12
218.72	32333.17
218.79	32450.99
218.87	32566.21
218.94	32682.88
219.01	32806.70
219.08	32938.96
219.16	33082.19
219.23	33228.34
219.30	33386.61
219.37	33537.21
219.45	33693.59
219.52	33849.23
219.59	33989.77
219.66	34115.67
219.74	34246.63
219.81	34392.11
219.88	34521.11
219.95	34660.12
220.03	34805.42
220.10	34944.45
220.17	35070.35
220.24	35208.42
220.32	35340.81
220.39	35463.39
220.46	35583.98
220.53	35697.52
220.61	35798.33
220.68	35905.94
220.75	36018.87
220.82	36146.84
220.90	36266.51
220.97	36392.48
221.04	36511.68
221.11	36635.27
221.19	36749.42
221.26	36869.18
221.33	37000.73
221.40	37139.07
221.48	37267.67
221.55	37389.01
221.62	37509.98
221.69	37627.81
221.77	37746.67
221.84	37872.11
221.91	37995.14
221.98	38122.01
222.06	38242.29
222.13	38360.94
222.20	38469.82
222.27	38586.82
222.35	38691.18
222.42	38796.66
222.49	38900.86
222.56	39011.15
222.63	39113.35
222.71	39225.78
222.78	39335.25
222.85	39440.12
222.92	39546.61
223.00	39656.60
223.07	39766.72
223.14	39874.36
223.21	39981.79
223.29	40086.93
223.36	40200.02
223.43	40309.91
223.50	40423.79
223.57	40538.51
223.65	40663.29
223.72	40774.85
223.79	40882.89
223.86	40979.50
223.94	41074.70
224.01	41155.76
224.08	41237.25
224.15	41323.08
224.22	41419.78
224.30	41501.74
224.37	41594.62
224.44	41695.26
224.51	41780.48
224.59	41854.66
224.66	41941.45
224.73	42019.07
224.80	42105.60
224.87	42205.37
224.95	42312.51
225.02	42425.12
225.09	42535.36
225.16	42632.83
225.23	42730.82
225.31	42825.99
225.38	42903.22
225.45	42986.87
225.52	43071.54
225.60	43156.00
225.67	43230.94
225.74	43308.78
225.81	43384.51
225.88	43462.53
225.96	43528.21
226.03	43600.54
226.10	43684.62
226.17	43762.17
226.24	43834.63
226.32	43923.00
226.39	44013.46
226.46	44087.52
226.53	44166.10
226.60	44259.18
226.68	44346.99
226.75	44434.76
226.82	44526.98
226.89	44620.43
226.96	44692.78
227.04	44744.41
227.11	44789.60
227.18	44843.86
227.25	44892.33
227.32	44947.89
227.40	45026.76
227.47	45107.17
227.54	45192.59
227.61	45272.58
227.68	45348.18
227.76	45419.23
227.83	45489.04
227.90	45552.00
227.97	45615.79
228.04	45683.20
228.11	45735.65
228.19	45790.35
228.26	45845.20
228.33	45898.73
228.40	45946.23
228.47	46000.95
228.55	46060.00
228.62	46122.27
228.69	46186.88
228.76	46249.65
228.83	46315.30
228.90	46371.12
228.98	46426.43
229.05	46489.08
229.12	46564.85
229.19	46630.61
229.26	46698.48
229.34	46755.67
229.41	46812.15
229.48	46853.82
229.55	46910.72
229.62	46973.20
229.69	47032.02
229.77	47085.43
229.84	47148.06
229.91	47201.03
229.98	47242.19
230.05	47292.40
230.12	47335.49
230.20	47369.70
230.27	47414.48
230.34	47470.61
230.41	47524.26
230.48	47581.12
230.55	47646.29
230.63	47708.84
230.70	47778.98
230.77	47831.79
230.84	47879.88
230.91	47918.32
230.98	47951.36
231.06	47974.97
231.13	48022.17
231.20	48084.75
231.27	48148.11
231.34	48215.08
231.41	48281.10
231.49	48335.79
231.56	48373.97
231.63	48419.04
231.70	48461.05
231.77	48504.28
231.84	48538.54
231.92	48576.93
231.99	48614.70
232.06	48648.81
232.13	48678.64
232.20	48717.81
232.27	48762.29
232.34	48801.25
232.42	48832.27
232.49	48867.99
232.56	48903.83
232.63	48941.75
232.70	48973.74
232.77	49021.95
232.85	49070.80
232.92	49119.86
232.99	49156.60
233.06	49186.16
233.13	49212.94
233.20	49230.48
233.27	49238.83
233.35	49247.56
233.42	49267.49
233.49	49281.34
233.56	49303.57
233.63	49338.28
233.70	49383.88
233.77	49436.10
233.85	49477.37
233.92	49522.51
233.99	49556.20
234.06	49579.62
234.13	49595.67
234.20	49629.62
234.27	49650.08
234.35	49670.08
234.42	49689.89
234.49	49707.92
234.56	49723.10
234.63	49732.38
234.70	49749.61
234.77	49766.02
234.84	49782.79
234.92	49790.89
234.99	49801.01
235.06	49812.99
235.13	49816.91
235.20	49824.97
235.27	49841.27
235.34	49857.73
235.41	49871.52
235.49	49890.57
235.56	49907.78
235.63	49916.24
235.70	49926.37
235.77	49932.50
235.84	49936.47
235.91	49934.70
235.98	49932.56
236.06	49924.11
236.13	49916.28
236.20	49910.17
236.27	49887.78
236.34	49876.04
236.41	49870.53
236.48	49859.25
236.55	49857.92
236.63	49869.45
236.70	49863.35
236.77	49864.07
236.84	49874.03
236.91	49878.62
236.98	49878.69
237.05	49888.45
237.12	49890.29
237.19	49884.83
237.27	49876.42
237.34	49878.94
237.41	49877.89
237.48	49868.92
237.55	49865.28
237.62	49863.25
237.69	49858.08
237.76	49855.40
237.83	49864.02
237.91	49864.83
237.98	49869.45
238.05	49862.52
238.12	49861.34
238.19	49856.44
238.26	49865.84
238.33	49857.96
238.40	49862.46
238.47	49849.30
238.54	49834.05
238.62	49811.11
238.69	49798.43
238.76	49780.50
238.83	49773.15
238.90	49769.87
238.97	49761.89
239.04	49760.58
239.11	49759.52
239.18	49760.69
239.25	49755.45
239.33	49746.76
239.40	49735.13
239.47	49717.89
239.54	49687.02
239.61	49653.22
239.68	49620.77
239.75	49591.36
239.82	49573.22
239.89	49562.71
239.96	49569.43
240.03	49575.04
240.11	49577.10
240.18	49574.78
240.25	49566.67
240.32	49548.11
240.39	49530.75
240.46	49517.98
240.53	49516.54
240.60	49519.62
240.67	49524.21
240.74	49524.91
240.81	49521.26
240.88	49505.41
240.96	49493.61
241.03	49480.83
241.10	49474.49
241.17	49468.26
241.24	49467.32
241.31	49463.19
241.38	49456.31
241.45	49445.40
241.52	49432.75
241.59	49415.74
241.66	49397.07
241.73	49377.60
241.80	49363.59
241.88	49354.19
241.95	49338.54
242.02	49327.72
242.09	49310.03
242.16	49292.12
242.23	49275.54
242.30	49265.50
242.37	49244.88
242.44	49247.39
242.51	49237.47
242.58	49233.79
242.65	49230.01
242.72	49240.57
242.79	49228.86
242.87	49230.36
242.94	49218.19
243.01	49210.37
243.08	49209.26
243.15	49209.73
243.22	49207.21
243.29	49214.59
243.36	49215.10
243.43	49213.36
243.50	49231.77
243.57	49247.68
243.64	49255.68
243.71	49268.52
243.78	49268.02
243.85	49249.87
243.92	49237.52
243.99	49227.61
244.07	49218.07
244.14	49205.24
244.21	49202.51
244.28	49188.44
244.35	49175.74
244.42	49162.34
244.49	49156.23
244.56	49149.44
244.63	49159.56
244.70	49156.55
244.77	49164.23
244.84	49175.94
244.91	49183.10
244.98	49193.11
245.05	49219.47
245.12	49234.44
245.19	49245.18
245.26	49258.05
245.33	49261.65
245.40	49275.35
245.47	49294.09
245.55	49308.95
245.62	49320.34
245.69	49328.42
245.76	49327.54
245.83	49328.57
245.90	49331.36
245.97	49335.29
246.04	49348.32
246.11	49352.99
246.18	49355.54
246.25	49354.08
246.32	49349.48
246.39	49345.19
246.46	49347.45
246.53	49352.58
246.60	49370.14
246.67	49393.23
246.74	49412.18
246.81	49429.65
246.88	49440.40
246.95	49448.95
247.02	49467.70
247.09	49481.11
247.16	49490.99
247.23	49492.11
247.30	49488.53
247.37	49471.36
247.44	49477.39
247.51	49484.18
247.58	49508.20
247.66	49544.09
247.73	49592.42
247.80	49617.81
247.87	49641.63
247.94	49666.36
248.01	49688.27
248.08	49698.85
248.15	49710.98
248.22	49734.71
248.29	49754.57
248.36	49778.07
248.43	49797.84
248.50	49829.95
248.57	49839.33
248.64	49850.02
248.71	49858.16
248.78	49877.86
248.85	49881.35
248.92	49905.52
248.99	49921.27
249.06	49934.12
249.13	49939.53
249.20	49961.62
249.27	49968.59
249.34	49980.07
249.41	49986.32
249.48	49983.29
249.55	49962.25
249.62	49962.70
249.69	49971.26
249.76	49993.72
249.83	50024.12
249.90	50071.94
249.97	50112.20
250.04	50147.66
250.11	50177.90
250.18	50204.12
250.25	50227.61
250.32	50246.92
250.39	50263.95
250.46	50275.87
250.53	50293.90
250.60	50309.84
250.67	50323.44
250.74	50337.66
250.81	50349.67
250.88	50364.86
250.95	50367.69
251.02	50383.55
251.09	50397.29
251.16	50420.57
251.23	50442.14
251.30	50463.42
251.37	50471.34
251.44	50478.84
251.51	50486.12
251.58	50491.62
251.65	50503.81
251.72	50512.83
251.79	50532.10
251.86	50545.47
251.93	50558.70
252.00	50568.21
252.07	50576.73
252.14	50580.02
252.21	50580.01
252.28	50584.47
252.35	50589.70
252.42	50620.13
252.49	50632.55
252.56	50638.50
252.63	50643.69
252.70	50648.11
252.77	50641.99
252.84	50650.19
252.91	50669.70
252.98	50688.52
253.05	50706.02
253.12	50707.79
253.19	50718.07
253.25	50719.69
253.32	50720.50
253.39	50737.22
253.46	50757.35
253.53	50771.02
253.60	50783.45
253.67	50798.34
253.74	50804.56
253.81	50819.44
253.88	50820.65
253.95	50834.48
254.02	50847.43
254.09	50863.00
254.16	50870.63
254.23	50885.15
254.30	50888.51
254.37	50897.58
254.44	50901.32
254.51	50903.10
254.58	50906.31
254.65	50907.52
254.72	50904.20
254.79	50894.32
254.86	50896.77
254.93	50894.64
255.00	50897.41
255.07	50892.18
255.14	50905.43
255.21	50901.38
255.28	50894.72
255.34	50884.83
255.41	50881.07
255.48	50868.20
255.55	50863.78
255.62	50871.17
255.69	50874.23
255.76	50875.17
255.83	50879.22
255.90	50884.62
255.97	50892.01
256.04	50892.07
256.11	50896.13
256.18	50890.97
256.25	50882.73
256.32	50865.69
256.39	50866.35
256.46	50860.99
256.53	50859.93
256.60	50858.79
256.67	50863.18
256.74	50859.75
256.80	50857.48
256.87	50853.98
256.94	50846.03
257.01	50840.32
257.08	50838.71
257.15	50829.67
257.22	50820.71
257.29	50805.84
257.36	50781.77
257.43	50755.32
257.50	50745.73
257.57	50729.46
257.64	50727.27
257.71	50715.75
257.78	50702.89
257.85	50676.57
257.92	50656.41
257.98	50643.74
258.05	50635.55
258.12	50616.93
258.19	50599.53
258.26	50579.52
258.33	50552.87
258.40	50540.04
258.47	50535.14
258.54	50534.75
258.61	50533.61
258.68	50529.09
258.75	50510.56
258.82	50496.95
258.89	50474.63
258.95	50458.18
259.02	50440.41
259.09	50423.60
259.16	50405.92
259.23	50385.30
259.30	50355.40
259.37	50331.64
259.44	50319.08
259.51	50307.65
259.58	50304.61
259.65	50294.05
259.72	50272.19
259.79	50238.19
259.85	50202.30
259.92	50155.71
259.99	50120.74
260.06	50093.40
260.13	50066.84
260.20	50036.33
260.27	50009.21
260.34	49973.38
260.41	49943.72
260.48	49915.39
260.55	49896.84
260.62	49881.93
260.68	49867.42
260.75	49838.05
260.82	49820.54
260.89	49791.08
260.96	49765.93
261.03	49741.50
261.10	49726.69
261.17	49697.63
261.24	49666.64
261.31	49629.85
261.38	49601.94
261.44	49566.64
261.51	49520.70
261.58	49483.01
261.65	49445.32
261.72	49401.57
261.79	49355.33
261.86	49328.43
261.93	49306.05
262.00	49280.19
262.07	49252.16
262.13	49223.69
262.20	49190.45
262.27	49145.27
262.34	49111.36
262.41	49082.59
262.48	49049.93
262.55	49019.79
262.62	48991.81
262.69	48954.52
262.76	48912.98
262.82	48877.28
262.89	48843.68
262.96	48811.36
263.03	48779.20
263.10	48751.75
263.17	48719.09
263.24	48679.19
263.31	48642.11
263.38	48602.92
263.44	48566.53
263.51	48523.49
263.58	48481.25
263.65	48441.53
263.72	48393.66
263.79	48346.46
263.86	48310.55
263.93	48279.07
264.00	48235.71
264.06	48205.46
264.13	48167.61
264.20	48130.26
264.27	48081.85
264.34	48041.77
264.41	47994.36
264.48	47950.53
264.55	47906.81
264.61	47869.49
264.68	47818.85
264.75	47777.90
264.82	47726.67
264.89	47682.84
264.96	47645.07
265.03	47611.64
265.10	47582.23
265.16	47559.48
265.23	47528.74
265.30	47501.44
265.37	47471.52
265.44	47427.62
265.51	47384.77
265.58	47337.42
265.65	47273.95
265.71	47221.15
265.78	47176.55
265.85	47125.32
265.92	47081.76
265.99	47041.61
266.06	47005.06
266.13	46961.75
266.20	46929.66
266.26	46894.12
266.33	46858.43
266.40	46812.68
266.47	46756.85
266.54	46693.22
266.61	46630.35
266.68	46571.82
266.74	46510.44
266.81	46465.44
266.88	46415.83
266.95	46361.43
267.02	46313.19
267.09	46274.69
267.16	46230.60
267.22	46193.72
267.29	46163.37
267.36	46123.68
267.43	46085.33
267.50	46048.57
267.57	46017.82
267.64	45987.81
267.70	45955.31
267.77	45917.75
267.84	45886.16
267.91	45835.78
267.98	45783.78
268.05	45738.78
268.11	45693.05
268.18	45639.23
268.25	45599.59
268.32	45561.98
268.39	45519.82
268.46	45478.78
268.53	45437.97
268.59	45397.33
268.66	45356.47
268.73	45314.59
268.80	45264.86
268.87	45217.26
268.94	45171.69
269.00	45123.11
269.07	45078.25
269.14	45056.78
269.21	45032.81
269.28	44997.75
269.35	44960.30
269.41	44930.27
269.48	44877.99
269.55	44817.70
269.62	44767.55
269.69	44728.92
269.76	44677.30
269.82	44637.97
269.89	44618.77
269.96	44598.69
270.03	44562.93
270.10	44533.95
270.17	44491.70
270.23	44448.66
270.30	44403.59
270.37	44377.98
270.44	44344.15
270.51	44315.27
270.58	44281.24
270.64	44254.50
270.71	44211.35
270.78	44182.33
270.85	44149.17
270.92	44118.18
270.99	44072.47
271.05	44039.23
271.12	43992.80
271.19	43953.26
271.26	43909.13
271.33	43877.33
271.39	43837.38
271.46	43794.85
271.53	43764.27
271.60	43740.74
271.67	43712.70
271.74	43681.48
271.80	43661.12
271.87	43640.68
271.94	43609.49
272.01	43574.88
272.08	43545.76
272.14	43514.89
272.21	43483.01
272.28	43455.41
272.35	43439.07
272.42	43415.75
272.48	43393.65
272.55	43367.52
272.62	43348.32
272.69	43322.76
272.76	43308.04
272.83	43288.76
272.89	43257.28
272.96	43219.44
273.03	43186.81
273.10	43150.88
273.17	43113.68
273.23	43090.11
273.30	43065.59
273.37	43038.09
273.44	43013.56
273.51	42994.75
273.57	42976.36
273.64	42955.83
273.71	42936.30
273.78	42908.91
273.85	42891.96
273.91	42872.47
273.98	42857.34
274.05	42845.87
274.12	42838.82
274.19	42819.55
274.25	42797.98
274.32	42776.78
274.39	42743.62
274.46	42701.92
274.53	42654.36
274.59	42602.36
274.66	42563.80
274.73	42543.38
274.80	42517.98
274.86	42493.77
274.93	42477.15
275.00	42448.25
275.07	42398.76
275.14	42365.82
275.20	42339.42
275.27	42314.73
275.34	42286.88
275.41	42277.74
275.48	42266.47
275.54	42250.18
275.61	42227.61
275.68	42212.63
275.75	42183.45
275.81	42149.50
275.88	42125.05
275.95	42104.21
276.02	42072.82
276.09	42044.79
276.15	42015.93
276.22	41991.18
276.29	41970.64
276.36	41946.16
276.42	41930.81
276.49	41915.83
276.56	41888.50
276.63	41854.48
276.70	41831.34
276.76	41807.81
276.83	41787.67
276.90	41774.45
276.97	41762.24
277.03	41745.69
277.10	41720.03
277.17	41699.74
277.24	41680.63
277.30	41658.62
277.37	41641.38
277.44	41630.01
277.51	41617.95
277.58	41593.94
277.64	41568.73
277.71	41542.74
277.78	41512.21
277.85	41483.16
277.91	41455.27
277.98	41437.47
278.05	41416.45
278.12	41408.53
278.18	41386.37
278.25	41370.15
278.32	41342.42
278.39	41323.52
278.45	41299.80
278.52	41283.11
278.59	41265.62
278.66	41250.81
278.72	41236.97
278.79	41217.07
278.86	41197.50
278.93	41189.07
278.99	41177.91
279.06	41158.26
279.13	41132.33
279.20	41110.07
279.26	41086.02
279.33	41061.40
279.40	41034.97
279.47	41017.31
279.53	40994.03
279.60	40960.72
279.67	40935.67
279.74	40905.49
279.80	40885.19
279.87	40877.68
279.94	40866.18
280.01	40853.19
280.07	40840.32
280.14	40815.89
280.21	40779.51
280.28	40753.65
280.34	40723.02
280.41	40704.45
280.48	40683.61
280.55	40663.41
280.61	40640.75
280.68	40620.20
280.75	40587.51
280.82	40550.43
280.88	40513.44
280.95	40462.30
281.02	40402.96
281.08	40334.79
281.15	40263.79
281.22	40199.97
281.29	40143.25
281.35	40087.47
281.42	40055.42
281.49	40027.05
281.56	39993.07
281.62	39966.34
281.69	39943.34
281.76	39913.45
281.82	39885.63
281.89	39857.09
281.96	39830.85
282.03	39811.20
282.09	39785.28
282.16	39765.51
282.23	39736.78
282.30	39710.68
282.36	39687.36
282.43	39667.62
282.50	39653.80
282.56	39631.68
282.63	39610.98
282.70	39585.79
282.77	39569.85
282.83	39537.83
282.90	39524.31
282.97	39501.32
283.03	39474.53
283.10	39447.14
283.17	39432.12
283.24	39412.07
283.30	39387.53
283.37	39368.25
283.44	39341.14
283.50	39304.67
283.57	39280.49
283.64	39251.15
283.71	39223.08
283.77	39188.95
283.84	39162.66
283.91	39117.67
283.97	39091.72
284.04	39079.56
284.11	39080.44
284.18	39084.75
284.24	39104.32
284.31	39116.37
284.38	39110.02
284.44	39104.63
284.51	39087.45
284.58	39071.30
284.64	39059.50
284.71	39054.66
284.78	39042.94
284.85	39034.38
284.91	39018.61
284.98	38997.52
285.05	38964.62
285.11	38940.10
285.18	38917.08
285.25	38902.00
285.31	38894.83
285.38	38894.03
285.45	38890.91
285.52	38892.83
285.58	38885.17
285.65	38875.13
285.72	38863.98
285.78	38848.82
285.85	38833.26
285.92	38819.89
285.98	38803.12
286.05	38787.77
286.12	38777.12
286.18	38766.13
286.25	38764.17
286.32	38757.68
286.39	38760.59
286.45	38760.43
286.52	38749.72
286.59	38736.70
286.65	38733.50
286.72	38730.79
286.79	38714.84
286.85	38704.21
286.92	38692.54
286.99	38677.81
287.05	38649.45
287.12	38644.47
287.19	38639.93
287.25	38636.79
287.32	38630.39
287.39	38637.11
287.45	38636.30
287.52	38637.72
287.59	38636.04
287.65	38638.05
287.72	38630.42
287.79	38620.58
287.86	38611.59
287.92	38604.04
287.99	38597.52
288.06	38597.51
288.12	38588.57
288.19	38581.61
288.26	38567.10
288.32	38552.48
288.39	38541.60
288.46	38543.73
288.52	38542.07
288.59	38547.28
288.66	38554.43
288.72	38552.98
288.79	38553.65
288.86	38552.33
288.92	38551.21
288.99	38540.99
289.06	38537.10
289.12	38533.29
289.19	38534.00
289.26	38537.13
289.32	38548.19
289.39	38554.91
289.45	38557.59
289.52	38553.48
289.59	38554.42
289.65	38558.64
289.72	38565.76
289.79	38576.17
289.85	38587.42
289.92	38595.10
289.99	38598.27
290.05	38594.16
290.12	38574.61
290.19	38569.23
290.25	38559.89
290.32	38561.37
290.39	38568.46
290.45	38583.26
290.52	38589.20
290.59	38600.54
290.65	38596.12
290.72	38594.67
290.79	38593.06
290.85	38599.11
290.92	38615.82
290.98	38631.73
291.05	38644.84
291.12	38660.33
291.18	38670.67
291.25	38669.22
291.32	38669.79
291.38	38667.78
291.45	38665.57
291.52	38660.55
291.58	38663.59
291.65	38670.55
291.72	38687.96
291.78	38705.09
291.85	38728.11
291.91	38741.57
291.98	38766.10
292.05	38765.45
292.11	38774.47
292.18	38785.97
292.25	38783.77
292.31	38769.56
292.38	38776.39
292.45	38782.04
292.51	38786.21
292.58	38793.72
292.64	38811.80
292.71	38820.55
292.78	38828.95
292.84	38827.30
292.91	38840.50
292.98	38850.07
293.04	38864.68
293.11	38871.10
293.17	38886.07
293.24	38903.26
293.31	38917.23
293.37	38928.22
293.44	38935.42
293.51	38947.83
293.57	38952.19
293.64	38952.58
293.70	38961.50
293.77	38983.31
293.84	38998.16
293.90	39005.11
293.97	39016.50
294.04	39028.29
294.10	39030.69
294.17	39034.66
294.23	39052.47
294.30	39064.46
294.37	39075.79
294.43	39096.25
294.50	39108.64
294.56	39118.91
294.63	39134.56
294.70	39145.11
294.76	39155.56
294.83	39173.26
294.90	39186.20
294.96	39204.22
295.03	39226.37
295.09	39246.10
295.16	39263.05
295.23	39279.68
295.29	39289.70
295.36	39294.95
295.42	39301.39
295.49	39310.60
295.56	39333.38
295.62	39353.00
295.69	39371.19
295.75	39384.79
295.82	39402.51
295.89	39401.84
295.95	39404.88
296.02	39414.09
296.08	39420.08
296.15	39421.82
296.22	39435.51
296.28	39451.74
296.35	39470.29
296.41	39492.39
296.48	39509.22
296.55	39530.18
296.61	39550.58
296.68	39568.60
296.74	39591.13
296.81	39622.79
296.88	39645.10
296.94	39660.51
297.01	39680.46
297.07	39699.77
297.14	39715.90
297.20	39732.92
297.27	39752.87
297.34	39773.64
297.40	39792.97
297.47	39804.77
297.53	39820.72
297.60	39839.92
297.67	39849.00
297.73	39858.04
297.80	39867.83
297.86	39872.48
297.93	39881.24
298.00	39898.92
298.06	39910.42
298.13	39935.22
298.19	39957.49
298.26	39976.37
298.32	39994.16
298.39	40008.73
298.46	40018.45
298.52	40031.75
298.59	40041.14
298.65	40056.87
298.72	40082.42
298.78	40108.28
298.85	40127.37
298.92	40145.42
298.98	40161.45
299.05	40176.67
299.11	40188.47
299.18	40200.45
299.24	40216.72
299.31	40223.76
299.38	40235.66
299.44	40235.47
299.51	40250.52
299.57	40263.57
299.64	40283.91
299.70	40293.01
299.77	40310.46
299.84	40317.77
299.90	40320.37
299.97	40316.41
300.03	40319.14
300.10	40333.39
300.16	40351.70
300.23	40370.12
300.30	40391.10
300.36	40405.57
300.43	40424.05
300.49	40430.69
300.56	40449.54
300.62	40471.56
300.69	40495.46
300.75	40503.33
300.82	40522.91
300.89	40533.74
300.95	40543.96
301.02	40547.20
301.08	40555.03
301.15	40556.62
301.21	40562.30
301.28	40562.77
301.34	40571.93
301.41	40579.52
301.48	40584.25
301.54	40582.57
301.61	40584.68
301.67	40580.04
301.74	40586.56
301.80	40589.43
301.87	40587.23
301.93	40587.77
302.00	40586.76
302.06	40572.32
302.13	40562.88
302.20	40566.28
302.26	40558.19
302.33	40562.24
302.39	40562.36
302.46	40561.01
302.52	40554.41
302.59	40558.42
302.65	40556.86
302.72	40556.36
302.78	40567.93
302.85	40576.43
302.91	40570.14
302.98	40567.07
303.05	40563.92
303.11	40552.64
303.18	40540.14
303.24	40542.45
303.31	40533.27
303.37	40523.72
303.44	40518.08
303.50	40508.17
303.57	40491.42
303.63	40482.82
303.70	40478.04
303.76	40461.57
303.83	40451.93
303.89	40442.17
303.96	40426.56
304.03	40413.99
304.09	40405.30
304.16	40386.30
304.22	40365.61
304.29	40350.91
304.35	40331.11
304.42	40314.68
304.48	40304.30
304.55	40292.17
304.61	40277.40
304.68	40266.81
304.74	40255.84
304.81	40247.42
304.87	40222.98
304.94	40203.46
305.00	40182.27
305.07	40152.82
305.13	40117.36
305.20	40093.04
305.26	40075.30
305.33	40055.69
305.39	40041.21
305.46	40017.38
305.52	40008.36
305.59	39990.21
305.66	39963.28
305.72	39938.63
305.79	39921.07
305.85	39889.45
305.92	39851.16
305.98	39793.75
306.05	39661.30
306.11	39428.99
306.18	39139.58
306.24	38880.88
306.31	38746.24
306.37	38761.04
306.44	38933.83
306.50	39178.81
306.57	39395.14
306.63	39514.72
306.70	39544.11
306.76	39517.57
306.83	39477.41
306.89	39433.84
306.96	39391.66
307.02	39357.45
307.09	39331.86
307.15	39307.32
307.22	39283.50
307.28	39247.15
307.35	39210.70
307.41	39171.55
307.48	39133.30
307.54	39098.39
307.61	39068.06
307.67	39030.71
307.74	38989.07
307.80	38951.06
307.87	38905.05
307.93	38860.72
308.00	38829.20
308.06	38798.96
308.13	38761.03
308.19	38721.83
308.26	38686.41
308.32	38648.43
308.38	38615.37
308.45	38578.61
308.51	38553.50
308.58	38510.66
308.64	38458.22
308.71	38407.06
308.77	38367.12
308.84	38314.56
308.90	38291.37
308.97	38276.31
309.03	38265.16
309.10	38228.43
309.16	38199.27
309.23	38152.67
309.29	38108.11
309.36	38039.28
309.42	37984.31
309.49	37929.42
309.55	37874.10
309.62	37810.52
309.68	37769.03
309.75	37725.76
309.81	37677.76
309.88	37638.85
309.94	37601.94
310.00	37552.65
310.07	37507.11
310.13	37478.90
310.20	37433.84
310.26	37393.67
310.33	37351.54
310.39	37314.90
310.46	37266.13
310.52	37221.33
310.59	37177.75
310.65	37144.73
310.72	37100.05
310.78	37053.31
310.85	37010.51
310.91	36965.93
310.97	36923.89
311.04	36882.26
311.10	36835.84
311.17	36796.21
311.23	36756.95
311.30	36712.33
311.36	36670.33
311.43	36638.18
311.49	36600.11
311.56	36557.57
311.62	36513.53
311.69	36476.60
311.75	36433.46
311.81	36381.62
311.88	36336.91
311.94	36296.90
312.01	36264.57
312.07	36233.90
312.14	36209.40
312.20	36182.14
312.27	36142.96
312.33	36089.50
312.40	36029.31
312.46	35966.24
312.52	35917.01
312.59	35869.11
312.65	35819.50
312.72	35775.84
312.78	35737.39
312.85	35677.98
312.91	35627.22
312.98	35581.57
313.04	35536.96
313.10	35491.77
313.17	35458.53
313.23	35431.79
313.30	35394.98
313.36	35351.82
313.43	35304.44
313.49	35255.18
313.56	35190.25
313.62	35137.59
313.68	35091.22
313.75	35055.56
313.81	35013.84
313.88	34971.66
313.94	34927.19
314.01	34887.09
314.07	34848.29
314.13	34808.15
314.20	34773.53
314.26	34735.78
314.33	34690.22
314.39	34639.02
314.46	34580.89
314.52	34529.16
314.58	34474.01
314.65	34420.34
314.71	34368.01
314.78	34323.38
314.84	34279.08
314.91	34242.73
314.97	34205.54
315.03	34167.20
315.10	34130.55
315.16	34076.43
315.23	34025.02
315.29	33981.86
315.36	33936.95
315.42	33888.95
315.48	33847.96
315.55	33811.74
315.61	33761.94
315.68	33719.46
315.74	33682.94
315.81	33642.28
315.87	33591.85
315.93	33554.39
316.00	33515.04
316.06	33477.03
316.13	33461.67
316.19	33431.61
316.25	33368.52
316.32	33282.67
316.38	33172.47
316.45	33018.08
316.51	32849.51
316.58	32681.67
316.64	32496.96
316.70	32310.84
316.77	32109.92
316.83	31893.10
316.90	31658.79
316.96	31415.89
317.02	31151.41
317.09	30888.97
317.15	30614.47
317.22	30324.56
317.28	30017.84
317.34	29690.89
317.41	29345.55
317.47	28986.26
317.54	28615.09
317.60	28225.90
317.66	27829.55
317.73	27406.78
317.79	26980.81
317.86	26546.01
317.92	26093.92
317.98	25619.71
318.05	25132.70
318.11	24631.42
318.18	24120.78
318.24	23601.75
318.30	23075.82
318.37	22541.94
318.43	21991.43
318.50	21428.17
318.56	20855.00
318.62	20282.97
318.69	19708.08
318.75	19133.38
318.82	18550.62
318.88	17980.13
318.94	17398.70
319.01	16816.80
319.07	16244.79
319.13	15673.35
319.20	15097.55
319.26	14520.76
319.33	13956.38
319.39	13385.51
319.45	12829.76
319.52	12288.78
319.58	11757.54
319.65	11231.64
319.71	10717.16
319.77	10209.55
319.84	9709.65
319.90	9226.52
319.96	8755.18
320.03	8296.17
320.09	7853.87
320.16	7419.18
320.22	7004.71
320.28	6603.08
320.35	6221.13
320.41	5852.44
320.47	5506.41
320.54	5166.59
320.60	4850.37
320.67	4549.07
320.73	4261.54
320.79	3985.44
320.86	3735.46
320.92	3491.15
320.98	3263.77
321.05	3051.74
321.11	2851.12
321.18	2661.04
321.24	2489.37
321.30	2324.53
321.37	2176.10
321.43	2045.15
321.49	1920.44
321.56	1805.57
321.62	1704.13
321.68	1604.47
321.75	1512.54
321.81	1432.12
321.88	1356.50
321.94	1291.06
322.00	1234.14
322.07	1175.81
322.13	1122.26
322.19	1072.07
322.26	1020.97
322.32	975.92
322.38	939.35
322.45	909.17
322.51	877.22
322.58	852.74
322.64	821.54
322.70	796.03
322.77	762.76
322.83	742.99
322.89	712.70
322.96	688.10
323.02	660.91
323.08	635.87
323.15	607.44
323.21	585.07
323.27	562.62
323.34	540.15
323.40	518.65
323.46	495.57
323.53	467.25
323.59	396.87
323.65	299.17
323.72	187.93
323.78	80.88
323.85	-17.00
323.91	-67.05
323.97	-85.29
324.04	-86.24
