180.21	3438.33
180.28	-127.04
180.36	635.63
180.44	-44.53
180.51	-10.37
180.59	17.04
180.66	48.41
180.74	48.16
180.81	49.14
180.89	52.97
180.97	54.63
181.04	53.14
181.12	52.97
181.19	54.71
181.27	55.43
181.34	73.54
181.42	81.19
181.50	88.83
181.57	100.70
181.65	107.08
181.72	102.24
181.80	98.84
181.87	101.99
181.95	106.17
182.03	110.47
182.10	119.35
182.18	128.79
182.25	143.99
182.33	154.56
182.40	171.91
182.48	179.44
182.55	202.99
182.63	216.51
182.71	230.06
182.78	242.51
182.86	251.61
182.93	242.94
183.01	236.67
183.08	226.65
183.16	225.34
183.23	225.21
183.31	246.93
183.39	270.40
183.46	308.83
183.54	339.20
183.61	383.58
183.69	426.34
183.76	478.87
183.84	523.31
183.91	572.02
183.99	622.22
184.06	663.19
184.14	709.38
184.22	742.20
184.29	751.21
184.37	753.77
184.44	731.38
184.52	658.49
184.59	584.97
184.67	535.24
184.74	488.60
184.82	487.89
184.89	540.33
184.97	624.72
185.04	714.91
185.12	808.15
185.20	898.88
185.27	992.81
185.35	1072.74
185.42	1133.83
185.50	1206.86
185.57	1256.08
185.65	1311.12
185.72	1379.04
185.80	1451.02
185.87	1515.50
185.95	1599.85
186.02	1649.51
186.10	1654.69
186.17	1618.32
186.25	1498.79
186.33	1323.92
186.40	1180.60
186.48	1098.23
186.55	1092.74
186.63	1176.94
186.70	1339.62
186.78	1490.86
186.85	1625.72
186.93	1741.00
187.00	1869.25
187.08	1974.20
187.15	2106.06
187.23	2236.50
187.30	2351.75
187.38	2470.19
187.45	2601.53
187.53	2693.67
187.60	2784.60
187.68	2903.37
187.75	2981.70
187.83	3025.38
187.90	3064.66
187.98	3056.59
188.05	2934.54
188.13	2710.90
188.21	2465.88
188.28	2261.85
188.36	2115.54
188.43	2105.04
188.51	2247.20
188.58	2455.65
188.66	2646.30
188.73	2838.57
188.81	3015.71
188.88	3173.16
188.96	3305.96
189.03	3452.40
189.11	3592.34
189.18	3700.73
189.26	3810.11
189.33	3931.56
189.41	4023.03
189.48	4109.94
189.56	4216.10
189.63	4290.19
189.71	4342.09
189.78	4400.22
189.86	4419.80
189.93	4389.18
190.01	4315.28
190.08	4153.03
190.16	3875.87
190.23	3591.15
190.31	3396.86
190.38	3294.16
190.46	3326.90
190.53	3501.26
190.61	3743.98
190.68	3951.98
190.76	4149.30
190.83	4315.90
190.91	4476.20
190.98	4608.26
191.06	4749.28
191.13	4874.67
191.21	4983.81
191.28	5090.42
191.35	5199.27
191.43	5274.98
191.50	5352.93
191.58	5440.26
191.65	5496.74
191.73	5539.66
191.80	5581.35
191.88	5592.00
191.95	5589.67
192.03	5590.73
192.10	5578.37
192.18	5543.46
192.25	5456.82
192.33	5281.61
192.40	5083.15
192.48	4925.97
192.55	4836.81
192.63	4845.71
192.70	4979.36
192.78	5169.68
192.85	5359.73
192.93	5530.80
193.00	5674.62
193.08	5814.19
193.15	5933.68
193.22	6041.16
193.30	6131.81
193.37	6225.06
193.45	6291.10
193.52	6357.14
193.60	6410.26
193.67	6459.41
193.75	6496.61
193.82	6526.44
193.90	6542.31
193.97	6564.99
194.05	6587.16
194.12	6611.60
194.20	6649.65
194.27	6692.42
194.34	6720.46
194.42	6739.30
194.49	6748.02
194.57	6728.77
194.64	6665.08
194.72	6592.28
194.79	6534.10
194.87	6499.77
194.94	6509.13
195.02	6570.93
195.09	6658.09
195.17	6752.01
195.24	6845.62
195.31	6919.63
195.39	6995.07
195.46	7057.41
195.54	7119.89
195.61	7171.35
195.69	7214.08
195.76	7246.80
195.84	7288.25
195.91	7301.45
195.99	7309.02
196.06	7327.78
196.13	7349.35
196.21	7365.74
196.28	7397.25
196.36	7435.56
196.43	7465.28
196.51	7494.39
196.58	7522.70
196.66	7546.00
196.73	7566.99
196.80	7586.95
196.88	7603.94
196.95	7621.43
197.03	7638.39
197.10	7635.50
197.18	7628.33
197.25	7623.04
197.33	7629.22
197.40	7648.83
197.47	7675.14
197.55	7721.81
197.62	7765.95
197.70	7797.23
197.77	7826.30
197.85	7868.10
197.92	7894.75
197.99	7925.19
198.07	7955.95
198.14	7976.56
198.22	7997.84
198.29	8014.69
198.37	8028.54
198.44	8049.08
198.51	8071.81
198.59	8089.74
198.66	8122.14
198.74	8154.95
198.81	8183.35
198.89	8210.60
198.96	8240.36
199.03	8263.58
199.11	8295.41
199.18	8323.02
199.26	8347.85
199.33	8376.79
199.41	8406.09
199.48	8416.24
199.55	8433.30
199.63	8442.38
199.70	8460.60
199.78	8473.18
199.85	8497.50
199.93	8516.86
200.00	8554.71
200.07	8577.51
200.15	8612.11
200.22	8650.45
200.30	8685.30
200.37	8722.20
200.44	8761.41
200.52	8795.59
200.59	8829.45
200.67	8859.53
200.74	8878.75
200.81	8901.94
200.89	8920.95
200.96	8946.98
201.04	8974.35
201.11	9010.39
201.19	9041.98
201.26	9073.92
201.33	9091.98
201.41	9116.04
201.48	9144.04
201.56	9173.97
201.63	9215.75
201.70	9255.00
201.78	9300.79
201.85	9347.05
201.93	9391.69
202.00	9428.35
202.07	9473.58
202.15	9510.75
202.22	9539.24
202.30	9571.05
202.37	9598.66
202.44	9630.30
202.52	9668.55
202.59	9709.97
202.67	9743.95
202.74	9787.48
202.81	9826.26
202.89	9861.45
202.96	9899.47
203.04	9943.36
203.11	9983.23
203.18	10033.94
203.26	10083.37
203.33	10127.38
203.41	10170.23
203.48	10222.20
203.55	10257.75
203.63	10300.08
203.70	10350.06
203.77	10397.43
203.85	10438.58
203.92	10481.35
204.00	10539.16
204.07	10588.91
204.14	10645.05
204.22	10694.50
204.29	10751.93
204.37	10789.16
204.44	10831.78
204.51	10878.93
204.59	10931.79
204.66	10981.19
204.73	11039.06
204.81	11098.22
204.88	11159.18
204.96	11220.31
205.03	11278.76
205.10	11336.15
205.18	11389.94
205.25	11440.68
205.32	11494.09
205.40	11549.84
205.47	11609.54
205.55	11674.52
205.62	11741.02
205.69	11807.22
205.77	11868.15
205.84	11929.84
205.91	11988.46
205.99	12048.25
206.06	12103.91
206.14	12168.23
206.21	12233.83
206.28	12298.59
206.36	12365.67
206.43	12430.10
206.50	12501.56
206.58	12566.50
206.65	12634.94
206.72	12703.53
206.80	12786.85
206.87	12865.21
206.95	12951.99
207.02	13047.25
207.09	13138.87
207.17	13227.48
207.24	13318.53
207.31	13401.77
207.39	13472.66
207.46	13547.25
207.53	13609.37
207.61	13676.65
207.68	13747.40
207.75	13828.06
207.83	13910.04
207.90	14001.25
207.98	14077.62
208.05	14165.44
208.12	14242.44
208.20	14318.25
208.27	14405.08
208.34	14504.06
208.42	14587.09
208.49	14676.45
208.56	14758.16
208.64	14841.31
208.71	14919.42
208.78	15004.71
208.86	15104.69
208.93	15207.14
209.00	15304.60
209.08	15400.28
209.15	15503.51
209.22	15599.95
209.30	15699.72
209.37	15798.15
209.44	15905.76
209.52	16011.09
209.59	16106.68
209.67	16208.32
209.74	16304.96
209.81	16413.13
209.89	16512.77
209.96	16616.39
210.03	16722.58
210.11	16835.77
210.18	16928.39
210.25	17039.81
210.33	17156.35
210.40	17258.02
210.47	17362.06
210.55	17477.08
210.62	17572.61
210.69	17655.96
210.77	17759.18
210.84	17859.95
210.91	17977.23
210.99	18094.95
211.06	18222.00
211.13	18343.60
211.21	18463.44
211.28	18568.36
211.35	18681.08
211.42	18794.97
211.50	18908.51
211.57	19024.33
211.64	19145.18
211.72	19264.55
211.79	19383.09
211.86	19500.26
211.94	19631.63
212.01	19752.02
212.08	19870.95
212.16	19988.97
212.23	20116.55
212.30	20234.68
212.38	20357.26
212.45	20484.23
212.52	20616.51
212.60	20737.34
212.67	20857.21
212.74	20982.88
212.82	21100.86
212.89	21219.03
212.96	21345.03
213.03	21479.15
213.11	21613.75
213.18	21760.78
213.25	21909.70
213.33	22054.77
213.40	22190.84
213.47	22327.36
213.55	22445.72
213.62	22562.48
213.69	22682.86
213.77	22802.25
213.84	22921.23
213.91	23062.30
213.98	23196.68
214.06	23336.69
214.13	23488.25
214.20	23638.94
214.28	23787.19
214.35	23935.49
214.42	24075.85
214.50	24210.14
214.57	24338.95
214.64	24457.77
214.72	24582.40
214.79	24710.56
214.86	24836.35
214.93	24971.04
215.01	25115.53
215.08	25251.66
215.15	25385.22
215.23	25508.60
215.30	25641.40
215.37	25771.03
215.44	25920.44
215.52	26077.02
215.59	26240.19
215.66	26391.31
215.74	26541.84
215.81	26680.57
215.88	26819.79
215.95	26953.15
216.03	27084.52
216.10	27217.81
216.17	27357.09
216.25	27498.66
216.32	27654.31
216.39	27809.62
216.46	27965.68
216.54	28107.53
216.61	28241.92
216.68	28368.38
216.76	28505.85
216.83	28651.69
216.90	28812.27
216.97	28981.39
217.05	29143.18
217.12	29290.47
217.19	29402.66
217.27	29492.14
217.34	29574.06
217.41	29672.58
217.48	29778.02
217.56	29906.38
217.63	30069.57
217.70	30236.07
217.78	30402.66
217.85	30568.94
217.92	30741.70
217.99	30900.36
218.07	31039.60
218.14	31171.38
218.21	31308.79
218.28	31450.75
218.36	31587.73
218.43	31732.61
218.50	31886.88
218.57	32020.70
218.65	32138.54
218.72	32257.82
218.79	32391.83
218.87	32520.92
218.94	32667.42
219.01	32814.05
219.08	32953.58
219.16	33081.97
219.23	33200.37
219.30	33310.54
219.37	33429.26
219.45	33556.52
219.52	33693.06
219.59	33818.89
219.66	33943.82
219.74	34071.47
219.81	34228.27
219.88	34370.17
219.95	34520.76
220.03	34678.31
220.10	34822.96
220.17	34938.50
220.24	35058.00
220.32	35182.06
220.39	35295.34
220.46	35409.33
220.53	35530.50
220.61	35651.85
220.68	35782.13
220.75	35920.42
220.82	36062.98
220.90	36177.41
220.97	36274.32
221.04	36357.59
221.11	36440.45
221.19	36529.84
221.26	36633.60
221.33	36767.84
221.40	36899.08
221.48	37038.16
221.55	37168.87
221.62	37300.33
221.69	37429.05
221.77	37555.46
221.84	37668.86
221.91	37784.74
221.98	37907.02
222.06	38019.21
222.13	38146.75
222.20	38263.89
222.27	38378.99
222.35	38485.40
222.42	38592.83
222.49	38677.49
222.56	38763.88
222.63	38849.94
222.71	38945.26
222.78	39053.56
222.85	39168.73
222.92	39285.03
223.00	39385.24
223.07	39471.33
223.14	39543.56
223.21	39624.05
223.29	39719.29
223.36	39845.30
223.43	39979.88
223.50	40112.75
223.57	40247.89
223.65	40378.12
223.72	40485.35
223.79	40584.93
223.86	40679.17
223.94	40768.36
224.01	40850.56
224.08	40917.24
224.15	40980.75
224.22	41045.59
224.30	41106.11
224.37	41174.09
224.44	41263.35
224.51	41365.05
224.59	41466.40
224.66	41574.88
224.73	41680.46
224.80	41781.80
224.87	41883.67
224.95	41988.54
225.02	42085.19
225.09	42171.23
225.16	42252.93
225.23	42335.94
225.31	42419.52
225.38	42504.02
225.45	42594.87
225.52	42686.81
225.60	42761.59
225.67	42815.65
225.74	42858.94
225.81	42900.45
225.88	42951.26
225.96	43033.95
226.03	43147.95
226.10	43283.11
226.17	43408.21
226.24	43528.09
226.32	43615.90
226.39	43685.87
226.46	43737.21
226.53	43791.92
226.60	43843.88
226.68	43903.19
226.75	43966.00
226.82	44035.75
226.89	44114.11
226.96	44184.92
227.04	44239.05
227.11	44286.13
227.18	44329.85
227.25	44355.82
227.32	44405.57
227.40	44470.54
227.47	44534.38
227.54	44602.06
227.61	44682.72
227.68	44756.66
227.76	44831.66
227.83	44910.27
227.90	44978.16
227.97	45041.81
228.04	45090.84
228.11	45124.52
228.19	45158.04
228.26	45220.81
228.33	45285.36
228.40	45351.63
228.47	45426.24
228.55	45502.01
228.62	45560.05
228.69	45613.82
228.76	45668.97
228.83	45723.56
228.90	45780.44
228.98	45839.34
229.05	45909.05
229.12	45980.99
229.19	46056.85
229.26	46122.67
229.34	46168.07
229.41	46208.92
229.48	46250.81
229.55	46285.71
229.62	46327.73
229.69	46381.47
229.77	46419.65
229.84	46453.40
229.91	46482.04
229.98	46504.50
230.05	46535.48
230.12	46585.11
230.20	46643.02
230.27	46709.21
230.34	46777.17
230.41	46846.85
230.48	46904.39
230.55	46955.05
230.63	47001.34
230.70	47049.28
230.77	47069.37
230.84	47092.99
230.91	47113.04
230.98	47144.79
231.06	47177.86
231.13	47236.56
231.20	47307.67
231.27	47376.56
231.34	47431.66
231.41	47490.95
231.49	47542.47
231.56	47584.28
231.63	47636.20
231.70	47688.11
231.77	47715.75
231.84	47734.40
231.92	47740.30
231.99	47749.67
232.06	47769.92
232.13	47807.12
232.20	47858.83
232.27	47913.47
232.34	47947.82
232.42	47972.14
232.49	47995.00
232.56	48030.35
232.63	48081.92
232.70	48145.33
232.77	48208.57
232.85	48263.12
232.92	48293.22
232.99	48307.72
233.06	48324.46
233.13	48337.87
233.20	48353.70
233.27	48369.78
233.35	48382.57
233.42	48378.19
233.49	48379.71
233.56	48397.29
233.63	48411.00
233.70	48427.42
233.77	48460.13
233.85	48494.98
233.92	48527.44
233.99	48560.61
234.06	48600.45
234.13	48644.03
234.20	48687.80
234.27	48715.23
234.35	48740.18
234.42	48754.20
234.49	48755.04
234.56	48754.18
234.63	48750.93
234.70	48748.20
234.77	48738.37
234.84	48716.75
234.92	48686.99
234.99	48676.30
235.06	48681.08
235.13	48706.12
235.20	48743.06
235.27	48791.52
235.34	48822.04
235.41	48859.56
235.49	48884.59
235.56	48906.74
235.63	48913.58
235.70	48920.81
235.77	48902.49
235.84	48885.60
235.91	48864.58
235.98	48852.36
236.06	48857.05
236.13	48862.27
236.20	48866.65
236.27	48859.85
236.34	48863.61
236.41	48862.15
236.48	48855.76
236.55	48852.08
236.63	48860.36
236.70	48854.36
236.77	48839.91
236.84	48842.49
236.91	48840.53
236.98	48831.34
237.05	48831.74
237.12	48825.18
237.19	48807.44
237.27	48796.53
237.34	48794.54
237.41	48784.20
237.48	48778.96
237.55	48769.87
237.62	48761.48
237.69	48762.28
237.76	48767.83
237.83	48770.47
237.91	48787.25
237.98	48799.59
238.05	48797.42
238.12	48789.64
238.19	48786.46
238.26	48784.24
238.33	48773.66
238.40	48753.45
238.47	48728.16
238.54	48705.41
238.62	48672.47
238.69	48643.14
238.76	48617.76
238.83	48605.09
238.90	48610.41
238.97	48625.62
239.04	48641.55
239.11	48662.09
239.18	48685.14
239.25	48682.92
239.33	48658.05
239.40	48638.53
239.47	48613.38
239.54	48567.43
239.61	48517.20
239.68	48474.13
239.75	48433.31
239.82	48409.12
239.89	48394.65
239.96	48391.65
240.03	48401.20
240.11	48420.03
240.18	48433.63
240.25	48440.49
240.32	48441.91
240.39	48443.55
240.46	48441.40
240.53	48455.33
240.60	48479.08
240.67	48509.41
240.74	48529.64
240.81	48542.34
240.88	48527.95
240.96	48506.29
241.03	48483.55
241.10	48465.41
241.17	48445.60
241.24	48435.30
241.31	48425.13
241.38	48409.41
241.45	48400.35
241.52	48389.55
241.59	48387.74
241.66	48399.13
241.73	48410.78
241.80	48418.21
241.88	48414.79
241.95	48390.45
242.02	48349.30
242.09	48296.20
242.16	48239.64
242.23	48216.63
242.30	48211.26
242.37	48214.66
242.44	48236.24
242.51	48239.47
242.58	48228.35
242.65	48218.45
242.72	48217.66
242.79	48210.70
242.87	48222.91
242.94	48227.76
243.01	48220.76
243.08	48212.55
243.15	48207.79
243.22	48204.77
243.29	48216.85
243.36	48235.47
243.43	48258.91
243.50	48281.69
243.57	48297.46
243.64	48299.54
243.71	48315.27
243.78	48318.61
243.85	48313.21
243.92	48301.60
243.99	48291.05
244.07	48268.48
244.14	48246.39
244.21	48238.11
244.28	48251.80
244.35	48271.09
244.42	48295.86
244.49	48322.13
244.56	48341.61
244.63	48343.79
244.70	48340.41
244.77	48336.10
244.84	48330.09
244.91	48321.00
244.98	48319.10
245.05	48335.31
245.12	48367.76
245.19	48399.40
245.26	48430.82
245.33	48472.73
245.40	48505.55
245.47	48512.54
245.55	48525.79
245.62	48539.56
245.69	48550.17
245.76	48571.66
245.83	48596.38
245.90	48611.46
245.97	48621.68
246.04	48635.62
246.11	48636.25
246.18	48624.81
246.25	48622.29
246.32	48624.20
246.39	48621.25
246.46	48620.80
246.53	48636.86
246.60	48648.15
246.67	48677.68
246.74	48705.43
246.81	48737.48
246.88	48766.01
246.95	48790.31
247.02	48805.73
247.09	48820.36
247.16	48819.33
247.23	48806.51
247.30	48781.47
247.37	48755.44
247.44	48739.92
247.51	48730.66
247.58	48738.51
247.66	48775.63
247.73	48826.68
247.80	48873.56
247.87	48927.25
247.94	48987.85
248.01	49047.17
248.08	49087.20
248.15	49122.46
248.22	49150.59
248.29	49175.98
248.36	49194.87
248.43	49222.76
248.50	49246.27
248.57	49269.18
248.64	49292.87
248.71	49321.20
248.78	49346.26
248.85	49371.76
248.92	49399.52
248.99	49406.23
249.06	49401.08
249.13	49381.79
249.20	49367.30
249.27	49347.65
249.34	49346.20
249.41	49363.42
249.48	49387.65
249.55	49400.32
249.62	49420.68
249.69	49438.12
249.76	49461.08
249.83	49495.95
249.90	49537.69
249.97	49574.33
250.04	49627.00
250.11	49674.33
250.18	49716.65
250.25	49758.39
250.32	49793.14
250.39	49821.65
250.46	49837.57
250.53	49853.93
250.60	49866.30
250.67	49891.55
250.74	49910.89
250.81	49910.22
250.88	49902.53
250.95	49905.86
251.02	49900.26
251.09	49889.09
251.16	49917.08
251.23	49954.82
251.30	49990.91
251.37	50024.05
251.44	50060.30
251.51	50088.95
251.58	50114.38
251.65	50140.23
251.72	50166.34
251.79	50183.86
251.86	50175.69
251.93	50149.86
252.00	50108.35
252.07	50066.22
252.14	50049.25
252.21	50045.02
252.28	50062.07
252.35	50101.56
252.42	50166.82
252.49	50210.45
252.56	50255.56
252.63	50301.35
252.70	50323.54
252.77	50327.08
252.84	50332.99
252.91	50332.44
252.98	50314.24
253.05	50307.18
253.12	50308.85
253.19	50319.24
253.25	50350.85
253.32	50381.24
253.39	50421.80
253.46	50444.66
253.53	50465.79
253.60	50451.17
253.67	50447.40
253.74	50457.86
253.81	50490.00
253.88	50511.47
253.95	50548.37
254.02	50584.66
254.09	50590.94
254.16	50582.26
254.23	50562.88
254.30	50541.20
254.37	50533.14
254.44	50547.10
254.51	50568.72
254.58	50588.47
254.65	50608.96
254.72	50612.97
254.79	50583.10
254.86	50560.21
254.93	50548.22
255.00	50551.17
255.07	50559.93
255.14	50584.01
255.21	50578.97
255.28	50561.35
255.34	50533.93
255.41	50520.03
255.48	50521.58
255.55	50537.32
255.62	50573.80
255.69	50615.35
255.76	50644.87
255.83	50671.09
255.90	50700.04
255.97	50719.89
256.04	50722.66
256.11	50723.83
256.18	50718.68
256.25	50706.34
256.32	50682.98
256.39	50665.87
256.46	50640.43
256.53	50610.81
256.60	50578.13
256.67	50567.62
256.74	50551.31
256.80	50544.63
256.87	50528.30
256.94	50518.44
257.01	50507.08
257.08	50506.26
257.15	50499.48
257.22	50508.37
257.29	50509.96
257.36	50507.54
257.43	50502.79
257.50	50502.91
257.57	50486.83
257.64	50485.50
257.71	50471.82
257.78	50468.61
257.85	50452.17
257.92	50457.23
257.98	50452.87
258.05	50452.06
258.12	50435.21
258.19	50417.13
258.26	50377.85
258.33	50328.51
258.40	50286.97
258.47	50252.69
258.54	50242.20
258.61	50256.93
258.68	50278.89
258.75	50299.48
258.82	50318.35
258.89	50306.36
258.95	50267.93
259.02	50238.90
259.09	50196.94
259.16	50137.53
259.23	50083.50
259.30	50049.48
259.37	50020.35
259.44	50006.92
259.51	50009.20
259.58	50020.55
259.65	50018.18
259.72	50000.00
259.79	49962.14
259.85	49929.14
259.92	49900.33
259.99	49886.58
260.06	49884.07
260.13	49872.88
260.20	49851.76
260.27	49817.14
260.34	49762.01
260.41	49697.62
260.48	49662.19
260.55	49634.31
260.62	49604.33
260.68	49573.91
260.75	49553.04
260.82	49537.76
260.89	49528.87
260.96	49524.55
261.03	49525.79
261.10	49520.11
261.17	49504.65
261.24	49466.56
261.31	49429.14
261.38	49390.29
261.44	49345.30
261.51	49300.22
261.58	49274.26
261.65	49242.24
261.72	49198.23
261.79	49154.95
261.86	49105.47
261.93	49059.69
262.00	49028.00
262.07	48998.09
262.13	48971.82
262.20	48950.74
262.27	48913.34
262.34	48881.08
262.41	48846.21
262.48	48807.18
262.55	48764.32
262.62	48720.44
262.69	48656.69
262.76	48612.20
262.82	48567.19
262.89	48525.88
262.96	48481.55
263.03	48453.61
263.10	48418.49
263.17	48376.90
263.24	48330.45
263.31	48300.36
263.38	48265.43
263.44	48233.75
263.51	48202.13
263.58	48170.80
263.65	48133.98
263.72	48082.96
263.79	48021.91
263.86	47962.86
263.93	47912.08
264.00	47862.90
264.06	47827.77
264.13	47804.00
264.20	47791.39
264.27	47760.87
264.34	47730.56
264.41	47690.66
264.48	47647.70
264.55	47606.10
264.61	47580.35
264.68	47546.96
264.75	47520.76
264.82	47463.85
264.89	47392.58
264.96	47317.19
265.03	47245.80
265.10	47187.09
265.16	47159.71
265.23	47144.23
265.30	47135.67
265.37	47122.91
265.44	47087.90
265.51	47064.73
265.58	47030.60
265.65	46984.64
265.71	46929.51
265.78	46893.03
265.85	46827.22
265.92	46765.13
265.99	46707.61
266.06	46662.20
266.13	46599.40
266.20	46563.37
266.26	46538.08
266.33	46505.25
266.40	46454.67
266.47	46400.80
266.54	46319.12
266.61	46234.63
266.68	46160.61
266.74	46108.21
266.81	46070.40
266.88	46037.58
266.95	45993.36
267.02	45957.78
267.09	45905.88
267.16	45848.99
267.22	45810.78
267.29	45786.12
267.36	45758.45
267.43	45744.32
267.50	45713.80
267.57	45673.87
267.64	45624.59
267.70	45576.88
267.77	45520.18
267.84	45478.24
267.91	45434.33
267.98	45385.63
268.05	45327.93
268.11	45267.54
268.18	45209.32
268.25	45153.86
268.32	45104.07
268.39	45052.09
268.46	45016.08
268.53	44997.27
268.59	44978.91
268.66	44961.89
268.73	44939.35
268.80	44904.34
268.87	44848.54
268.94	44805.07
269.00	44767.61
269.07	44720.62
269.14	44684.28
269.21	44645.20
269.28	44599.38
269.35	44553.76
269.41	44521.73
269.48	44476.47
269.55	44423.41
269.62	44360.33
269.69	44296.92
269.76	44224.91
269.82	44165.40
269.89	44129.84
269.96	44112.75
270.03	44086.15
270.10	44072.28
270.17	44044.98
270.23	44015.59
270.30	43971.41
270.37	43942.83
270.44	43912.77
270.51	43887.52
270.58	43857.77
270.64	43832.09
270.71	43785.78
270.78	43744.98
270.85	43704.06
270.92	43652.56
270.99	43604.56
271.05	43563.13
271.12	43513.53
271.19	43462.49
271.26	43418.18
271.33	43374.13
271.39	43333.08
271.46	43276.47
271.53	43240.77
271.60	43214.27
271.67	43191.34
271.74	43164.17
271.80	43157.30
271.87	43146.04
271.94	43114.31
272.01	43070.93
272.08	43033.09
272.14	42988.85
272.21	42945.60
272.28	42918.75
272.35	42893.93
272.42	42871.27
272.48	42861.93
272.55	42845.10
272.62	42827.72
272.69	42819.56
272.76	42816.75
272.83	42793.49
272.89	42764.56
272.96	42731.81
273.03	42690.18
273.10	42645.48
273.17	42604.44
273.23	42557.41
273.30	42518.62
273.37	42481.50
273.44	42448.70
273.51	42425.69
273.57	42415.46
273.64	42402.83
273.71	42397.31
273.78	42380.95
273.85	42365.93
273.91	42343.14
273.98	42320.59
274.05	42287.77
274.12	42265.79
274.19	42241.27
274.25	42217.08
274.32	42190.82
274.39	42156.99
274.46	42101.82
274.53	42042.18
274.59	41977.85
274.66	41917.45
274.73	41877.23
274.80	41840.23
274.86	41807.78
274.93	41790.36
275.00	41775.65
275.07	41749.00
275.14	41732.44
275.20	41698.86
275.27	41662.90
275.34	41612.45
275.41	41575.38
275.48	41549.30
275.54	41544.97
275.61	41531.91
275.68	41521.96
275.75	41495.83
275.81	41455.47
275.88	41417.40
275.95	41383.68
276.02	41347.88
276.09	41316.59
276.15	41291.50
276.22	41263.46
276.29	41240.80
276.36	41212.60
276.42	41185.35
276.49	41145.23
276.56	41093.73
276.63	41028.15
276.70	40974.02
276.76	40944.26
276.83	40930.30
276.90	40930.15
276.97	40936.88
277.03	40948.82
277.10	40935.77
277.17	40922.37
277.24	40906.35
277.30	40894.88
277.37	40863.74
277.44	40836.66
277.51	40800.44
277.58	40758.40
277.64	40714.65
277.71	40681.87
277.78	40646.93
277.85	40606.31
277.91	40566.08
277.98	40527.36
278.05	40484.36
278.12	40444.44
278.18	40417.40
278.25	40391.75
278.32	40372.44
278.39	40369.27
278.45	40368.76
278.52	40364.94
278.59	40351.03
278.66	40320.83
278.72	40289.05
278.79	40253.25
278.86	40220.46
278.93	40207.47
278.99	40195.92
279.06	40184.80
279.13	40164.63
279.20	40149.80
279.26	40124.87
279.33	40109.83
279.40	40079.78
279.47	40052.84
279.53	40020.77
279.60	39985.88
279.67	39941.94
279.74	39902.93
279.80	39869.58
279.87	39840.51
279.94	39813.30
280.01	39790.76
280.07	39762.60
280.14	39736.41
280.21	39700.82
280.28	39662.23
280.34	39623.92
280.41	39585.10
280.48	39541.08
280.55	39501.16
280.61	39474.96
280.68	39453.42
280.75	39429.04
280.82	39400.19
280.88	39368.31
280.95	39315.98
281.02	39252.53
281.08	39195.00
281.15	39133.83
281.22	39070.05
281.29	39003.05
281.35	38937.45
281.42	38879.09
281.49	38822.38
281.56	38764.25
281.62	38732.04
281.69	38703.61
281.76	38684.45
281.82	38666.14
281.89	38655.27
281.96	38626.94
282.03	38595.50
282.09	38551.30
282.16	38513.83
282.23	38469.49
282.30	38430.03
282.36	38398.27
282.43	38370.62
282.50	38356.57
282.56	38329.55
282.63	38305.64
282.70	38276.57
282.77	38259.95
282.83	38225.56
282.90	38211.66
282.97	38200.39
283.03	38187.20
283.10	38172.42
283.17	38164.02
283.24	38142.61
283.30	38108.50
283.37	38079.11
283.44	38034.81
283.50	37985.51
283.57	37941.23
283.64	37891.65
283.71	37834.99
283.77	37792.94
283.84	37761.49
283.91	37734.63
283.97	37723.99
284.04	37729.13
284.11	37712.67
284.18	37694.73
284.24	37679.67
284.31	37667.76
284.38	37652.33
284.44	37647.75
284.51	37635.50
284.58	37628.73
284.64	37613.70
284.71	37600.32
284.78	37570.33
284.85	37558.84
284.91	37541.93
284.98	37522.57
285.05	37480.00
285.11	37460.75
285.18	37429.23
285.25	37399.46
285.31	37377.96
285.38	37376.38
285.45	37369.62
285.52	37358.15
285.58	37334.35
285.65	37308.10
285.72	37274.21
285.78	37251.07
285.85	37235.43
285.92	37221.90
285.98	37210.39
286.05	37198.29
286.12	37175.69
286.18	37155.87
286.25	37134.45
286.32	37109.59
286.39	37088.15
286.45	37059.88
286.52	37022.35
286.59	36998.07
286.65	36982.18
286.72	36972.25
286.79	36970.36
286.85	36978.36
286.92	36979.43
286.99	36970.92
287.05	36960.98
287.12	36953.56
287.19	36937.15
287.25	36928.85
287.32	36922.44
287.39	36916.71
287.45	36904.54
287.52	36889.88
287.59	36872.41
287.65	36859.46
287.72	36835.28
287.79	36807.65
287.86	36773.48
287.92	36743.84
287.99	36716.80
288.06	36703.48
288.12	36685.91
288.19	36682.54
288.26	36661.88
288.32	36639.72
288.39	36619.51
288.46	36608.92
288.52	36597.62
288.59	36605.66
288.66	36616.39
288.72	36617.58
288.79	36615.81
288.86	36609.87
288.92	36588.85
288.99	36558.22
289.06	36536.12
289.12	36511.05
289.19	36488.55
289.26	36477.56
289.32	36473.64
289.39	36462.95
289.45	36461.55
289.52	36451.96
289.59	36447.23
289.65	36435.41
289.72	36414.61
289.79	36403.34
289.85	36399.59
289.92	36381.71
289.99	36373.64
290.05	36367.35
290.12	36345.69
290.19	36324.95
290.25	36301.66
290.32	36271.00
290.39	36262.84
290.45	36259.15
290.52	36257.70
290.59	36259.10
290.65	36262.80
290.72	36247.47
290.79	36237.38
290.85	36225.42
290.92	36229.32
290.98	36224.71
291.05	36225.47
291.12	36212.34
291.18	36204.94
291.25	36188.29
291.32	36173.22
291.38	36149.42
291.45	36134.44
291.52	36115.55
291.58	36089.57
291.65	36074.94
291.72	36069.55
291.78	36063.82
291.85	36042.43
291.91	36034.85
291.98	36031.25
292.05	36018.73
292.11	36006.88
292.18	36006.71
292.25	35999.47
292.31	35977.88
292.38	35971.09
292.45	35959.39
292.51	35951.96
292.58	35936.61
292.64	35932.89
292.71	35917.40
292.78	35911.79
292.84	35894.15
292.91	35881.41
292.98	35859.90
293.04	35853.37
293.11	35839.56
293.17	35829.49
293.24	35825.36
293.31	35817.06
293.37	35807.45
293.44	35792.45
293.51	35780.19
293.57	35762.78
293.64	35753.58
293.70	35735.07
293.77	35721.10
293.84	35706.33
293.90	35688.55
293.97	35679.99
294.04	35674.05
294.10	35657.60
294.17	35654.19
294.23	35648.80
294.30	35629.00
294.37	35610.69
294.43	35615.03
294.50	35592.37
294.56	35584.85
294.63	35571.28
294.70	35559.33
294.76	35537.95
294.83	35528.98
294.90	35518.11
294.96	35511.95
295.03	35501.87
295.09	35499.83
295.16	35504.96
295.23	35493.53
295.29	35492.67
295.36	35483.47
295.42	35454.71
295.49	35421.31
295.56	35409.74
295.62	35390.30
295.69	35365.46
295.75	35364.96
295.82	35364.21
295.89	35344.89
295.95	35315.93
296.02	35301.84
296.08	35268.42
296.15	35235.09
296.22	35209.37
296.28	35199.58
296.35	35188.08
296.41	35176.81
296.48	35171.20
296.55	35173.05
296.61	35163.01
296.68	35155.55
296.74	35151.57
296.81	35146.04
296.88	35128.35
296.94	35115.35
297.01	35095.56
297.07	35071.06
297.14	35050.14
297.20	35039.62
297.27	35029.96
297.34	35037.61
297.40	35042.32
297.47	35031.13
297.53	35015.36
297.60	35001.41
297.67	34972.31
297.73	34950.73
297.80	34932.67
297.86	34909.89
297.93	34882.39
298.00	34860.76
298.06	34838.79
298.13	34833.01
298.19	34824.02
298.26	34819.60
298.32	34817.04
298.39	34805.37
298.46	34777.19
298.52	34753.43
298.59	34725.02
298.65	34690.98
298.72	34667.34
298.78	34651.11
298.85	34635.61
298.92	34621.13
298.98	34600.10
299.05	34577.27
299.11	34556.46
299.18	34526.65
299.24	34493.95
299.31	34460.70
299.38	34434.14
299.44	34405.39
299.51	34394.33
299.57	34387.74
299.64	34382.39
299.70	34377.26
299.77	34354.83
299.84	34321.25
299.90	34274.10
299.97	34235.26
300.03	34202.37
300.10	34190.08
300.16	34172.35
300.23	34166.17
300.30	34155.82
300.36	34130.50
300.43	34104.05
300.49	34074.81
300.56	34050.25
300.62	34022.13
300.69	33997.15
300.75	33969.29
300.82	33944.67
300.89	33913.79
300.95	33893.34
301.02	33860.03
301.08	33824.49
301.15	33795.83
301.21	33767.49
301.28	33736.43
301.34	33712.94
301.41	33686.95
301.48	33655.78
301.54	33625.00
301.61	33596.55
301.67	33567.08
301.74	33544.42
301.80	33513.85
301.87	33477.55
301.93	33431.65
302.00	33393.46
302.06	33336.58
302.13	33288.47
302.20	33255.81
302.26	33223.05
302.33	33191.04
302.39	33171.91
302.46	33140.57
302.52	33092.62
302.59	33047.61
302.65	32997.39
302.72	32941.70
302.78	32904.22
302.85	32875.11
302.91	32837.72
302.98	32806.26
303.05	32776.32
303.11	32741.04
303.18	32696.84
303.24	32667.10
303.31	32629.37
303.37	32593.08
303.44	32553.61
303.50	32514.16
303.57	32463.14
303.63	32410.30
303.70	32360.95
303.76	32309.95
303.83	32267.30
303.89	32224.74
303.96	32182.81
304.03	32134.28
304.09	32086.44
304.16	32031.10
304.22	31971.56
304.29	31915.13
304.35	31865.22
304.42	31823.07
304.48	31780.30
304.55	31736.13
304.61	31688.62
304.68	31643.26
304.74	31584.29
304.81	31534.70
304.87	31481.55
304.94	31434.77
305.00	31384.82
305.07	31333.17
305.13	31267.89
305.20	31214.00
305.26	31159.98
305.33	31102.00
305.39	31052.88
305.46	30996.80
305.52	30947.09
305.59	30896.67
305.66	30843.35
305.72	30789.13
305.79	30742.55
305.85	30690.98
305.92	30605.71
305.98	30485.22
306.05	30342.16
306.11	30186.25
306.18	30016.75
306.24	29882.09
306.31	29820.12
306.37	29810.80
306.44	29852.91
306.50	29914.58
306.57	29970.69
306.63	29994.80
306.70	29974.38
306.76	29917.86
306.83	29855.23
306.89	29783.12
306.96	29708.52
307.02	29647.67
307.09	29595.49
307.15	29537.77
307.22	29492.25
307.28	29443.38
307.35	29386.26
307.41	29311.12
307.48	29237.36
307.54	29160.67
307.61	29091.10
307.67	29019.65
307.74	28967.18
307.80	28918.95
307.87	28862.25
307.93	28807.35
308.00	28747.95
308.06	28693.50
308.13	28627.68
308.19	28573.23
308.26	28510.53
308.32	28463.26
308.38	28400.69
308.45	28337.72
308.51	28278.33
308.58	28219.40
308.64	28154.57
308.71	28100.05
308.77	28047.73
308.84	27980.77
308.90	27922.97
308.97	27862.23
309.03	27803.52
309.10	27745.25
309.16	27679.04
309.23	27604.43
309.29	27536.06
309.36	27447.78
309.42	27367.27
309.49	27302.53
309.55	27237.61
309.62	27175.37
309.68	27126.53
309.75	27066.58
309.81	27004.51
309.88	26947.61
309.94	26883.58
310.00	26816.76
310.07	26749.66
310.13	26693.98
310.20	26622.62
310.26	26561.62
310.33	26491.23
310.39	26439.06
310.46	26371.86
310.52	26322.68
310.59	26256.21
310.65	26204.79
310.72	26133.56
310.78	26070.58
310.85	25999.36
310.91	25946.41
310.97	25889.60
311.04	25836.59
311.10	25772.82
311.17	25713.90
311.23	25653.84
311.30	25589.74
311.36	25532.02
311.43	25490.34
311.49	25437.05
311.56	25375.60
311.62	25321.82
311.69	25273.17
311.75	25221.06
311.81	25159.97
311.88	25099.77
311.94	25037.61
312.01	24987.33
312.07	24921.58
312.14	24873.43
312.20	24829.15
312.27	24785.53
312.33	24716.68
312.40	24652.96
312.46	24590.24
312.52	24524.26
312.59	24460.66
312.65	24393.03
312.72	24325.22
312.78	24263.70
312.85	24201.81
312.91	24133.87
312.98	24080.60
313.04	24037.65
313.10	23986.05
313.17	23934.57
313.23	23886.63
313.30	23830.82
313.36	23770.39
313.43	23708.80
313.49	23651.41
313.56	23589.48
313.62	23532.61
313.68	23470.52
313.75	23421.85
313.81	23369.60
313.88	23317.33
313.94	23268.69
314.01	23224.19
314.07	23166.90
314.13	23112.04
314.20	23061.75
314.26	23006.03
314.33	22949.18
314.39	22894.25
314.46	22831.44
314.52	22781.78
314.58	22724.66
314.65	22672.18
314.71	22618.22
314.78	22569.50
314.84	22509.53
314.91	22457.90
314.97	22401.29
315.03	22347.96
315.10	22300.57
315.16	22242.00
315.23	22193.04
315.29	22152.19
315.36	22104.94
315.42	22052.07
315.48	22005.42
315.55	21954.60
315.61	21892.64
315.68	21839.07
315.74	21782.60
315.81	21728.94
315.87	21665.33
315.93	21622.32
316.00	21587.45
316.06	21551.55
316.13	21524.08
316.19	21478.01
316.25	21383.13
316.32	21244.93
316.38	21079.86
316.45	20864.14
316.51	20639.17
316.58	20410.27
316.64	20173.17
316.70	19939.24
316.77	19701.47
316.83	19458.18
316.90	19213.07
316.96	18966.01
317.02	18712.47
317.09	18470.61
317.15	18230.86
317.22	17986.03
317.28	17749.16
317.34	17509.76
317.41	17265.88
317.47	17026.04
317.54	16787.12
317.60	16542.50
317.66	16298.03
317.73	16052.68
317.79	15808.06
317.86	15566.17
317.92	15322.92
317.98	15075.12
318.05	14824.51
318.11	14571.74
318.18	14325.12
318.24	14073.34
318.30	13823.88
318.37	13574.55
318.43	13321.31
318.50	13058.85
318.56	12795.27
318.62	12535.57
318.69	12272.23
318.75	12006.05
318.82	11735.14
318.88	11470.69
318.94	11197.91
319.01	10927.99
319.07	10658.15
319.13	10385.48
319.20	10112.43
319.26	9830.62
319.33	9547.12
319.39	9257.28
319.45	8978.12
319.52	8696.70
319.58	8418.00
319.65	8136.71
319.71	7859.25
319.77	7581.37
319.84	7305.52
319.90	7038.34
319.96	6768.18
320.03	6501.34
320.09	6241.35
320.16	5976.62
320.22	5721.98
320.28	5477.05
320.35	5235.93
320.41	4999.71
320.47	4775.48
320.54	4551.33
320.60	4341.70
320.67	4142.26
320.73	3945.04
320.79	3754.93
320.86	3577.21
320.92	3399.82
320.98	3234.93
321.05	3076.38
321.11	2926.03
321.18	2782.19
321.24	2650.59
321.30	2518.96
321.37	2401.57
321.43	2295.82
321.49	2194.08
321.56	2096.73
321.62	2010.96
321.68	1922.63
321.75	1838.23
321.81	1762.26
321.88	1689.58
321.94	1623.75
322.00	1565.05
322.07	1501.83
322.13	1441.45
322.19	1381.50
322.26	1319.15
322.32	1262.06
322.38	1213.16
322.45	1169.96
322.51	1125.15
322.58	1087.81
322.64	1041.31
322.70	1000.95
322.77	951.37
322.83	915.34
322.89	867.73
322.96	828.17
323.02	786.65
323.08	747.37
323.15	705.89
323.21	670.30
323.27	634.48
323.34	599.97
323.40	567.44
323.46	532.58
323.53	494.93
323.59	416.16
323.65	311.29
323.72	194.01
323.78	83.88
323.85	-16.45
323.91	-67.08
323.97	-86.33
324.04	-87.60
