180.21	3429.78
180.28	-125.96
180.36	634.49
180.44	-43.33
180.51	-8.53
180.59	19.48
180.66	51.28
180.74	52.29
180.81	53.89
180.89	57.83
180.97	60.77
181.04	60.96
181.12	61.99
181.19	65.54
181.27	68.46
181.34	87.75
181.42	97.17
181.50	105.18
181.57	116.18
181.65	121.23
181.72	115.44
181.80	111.32
181.87	115.88
181.95	123.30
182.03	132.10
182.10	146.17
182.18	161.47
182.25	183.19
182.33	201.59
182.40	226.12
182.48	240.57
182.55	271.35
182.63	290.33
182.71	307.75
182.78	324.72
182.86	334.37
182.93	319.19
183.01	304.24
183.08	284.84
183.16	274.88
183.23	271.45
183.31	297.61
183.39	328.61
183.46	377.28
183.54	419.38
183.61	473.63
183.69	526.27
183.76	589.41
183.84	643.88
183.91	702.98
183.99	764.64
184.06	812.53
184.14	867.03
184.22	906.61
184.29	913.57
184.37	910.57
184.44	882.65
184.52	793.02
184.59	695.03
184.67	625.88
184.74	563.91
184.82	552.09
184.89	603.45
184.97	696.77
185.04	798.30
185.12	903.95
185.20	1005.91
185.27	1112.02
185.35	1200.70
185.42	1267.94
185.50	1345.13
185.57	1400.58
185.65	1453.91
185.72	1525.12
185.80	1602.66
185.87	1670.34
185.95	1755.99
186.02	1812.37
186.10	1815.57
186.17	1775.16
186.25	1645.47
186.33	1451.11
186.40	1284.88
186.48	1186.10
186.55	1168.16
186.63	1251.13
186.70	1419.30
186.78	1581.89
186.85	1727.82
186.93	1848.75
187.00	1980.80
187.08	2090.08
187.15	2220.81
187.23	2353.00
187.30	2470.60
187.38	2591.27
187.45	2725.93
187.53	2824.17
187.60	2913.51
187.68	3035.79
187.75	3114.39
187.83	3155.09
187.90	3192.08
187.98	3187.86
188.05	3067.45
188.13	2836.78
188.21	2580.58
188.28	2362.51
188.36	2199.23
188.43	2168.83
188.51	2303.74
188.58	2514.82
188.66	2708.04
188.73	2905.39
188.81	3086.75
188.88	3246.86
188.96	3381.07
189.03	3528.77
189.11	3668.74
189.18	3778.34
189.26	3883.93
189.33	4006.89
189.41	4103.15
189.48	4188.41
189.56	4299.76
189.63	4380.41
189.71	4430.99
189.78	4488.05
189.86	4509.77
189.93	4474.08
190.01	4400.27
190.08	4240.08
190.16	3957.68
190.23	3659.55
190.31	3449.06
190.38	3331.56
190.46	3347.25
190.53	3510.98
190.61	3753.50
190.68	3966.39
190.76	4168.81
190.83	4337.47
190.91	4502.90
190.98	4637.98
191.06	4782.79
191.13	4909.92
191.21	5023.48
191.28	5128.58
191.35	5236.13
191.43	5310.47
191.50	5378.96
191.58	5459.87
191.65	5508.11
191.73	5539.97
191.80	5572.34
191.88	5577.02
191.95	5565.37
192.03	5564.97
192.10	5553.49
192.18	5517.55
192.25	5433.98
192.33	5268.89
192.40	5073.38
192.48	4917.69
192.55	4829.35
192.63	4836.03
192.70	4963.15
192.78	5151.62
192.85	5342.83
192.93	5511.70
193.00	5649.90
193.08	5781.03
193.15	5888.57
193.22	5977.72
193.30	6051.52
193.37	6131.66
193.45	6180.32
193.52	6234.89
193.60	6287.54
193.67	6340.73
193.75	6385.72
193.82	6430.43
193.90	6463.31
193.97	6500.54
194.05	6534.92
194.12	6566.63
194.20	6613.32
194.27	6657.00
194.34	6679.11
194.42	6689.20
194.49	6696.62
194.57	6669.50
194.64	6592.92
194.72	6507.56
194.79	6429.13
194.87	6362.23
194.94	6334.22
195.02	6368.55
195.09	6434.17
195.17	6526.17
195.24	6630.08
195.31	6730.97
195.39	6836.17
195.46	6932.77
195.54	7017.65
195.61	7084.76
195.69	7138.27
195.76	7176.54
195.84	7213.96
195.91	7223.59
195.99	7223.44
196.06	7226.12
196.13	7230.67
196.21	7226.53
196.28	7231.22
196.36	7235.93
196.43	7226.65
196.51	7215.32
196.58	7214.99
196.66	7226.69
196.73	7256.89
196.80	7310.84
196.88	7366.21
196.95	7428.53
197.03	7482.46
197.10	7511.35
197.18	7527.77
197.25	7537.68
197.33	7544.45
197.40	7559.21
197.47	7577.71
197.55	7603.20
197.62	7630.69
197.70	7646.49
197.77	7660.06
197.85	7674.54
197.92	7668.45
197.99	7647.90
198.07	7622.12
198.14	7594.61
198.22	7596.46
198.29	7627.69
198.37	7695.91
198.44	7789.39
198.51	7882.31
198.59	7956.54
198.66	8025.99
198.74	8074.31
198.81	8108.96
198.89	8132.52
198.96	8152.21
199.03	8153.34
199.11	8160.16
199.18	8164.34
199.26	8173.75
199.33	8184.99
199.41	8198.14
199.48	8177.89
199.55	8144.07
199.63	8099.38
199.70	8071.22
199.78	8060.71
199.85	8105.14
199.93	8185.31
200.00	8293.14
200.07	8394.21
200.15	8492.46
200.22	8567.93
200.30	8616.98
200.37	8658.08
200.44	8684.43
200.52	8707.61
200.59	8732.93
200.67	8753.19
200.74	8762.81
200.81	8773.16
200.89	8777.56
200.96	8784.76
201.04	8782.42
201.11	8775.36
201.19	8763.20
201.26	8754.95
201.33	8748.62
201.41	8777.49
201.48	8839.34
201.56	8925.53
201.63	9031.99
201.70	9126.47
201.78	9207.82
201.85	9274.18
201.93	9328.87
202.00	9361.66
202.07	9395.08
202.15	9420.80
202.22	9439.66
202.30	9460.97
202.37	9484.38
202.44	9513.60
202.52	9542.71
202.59	9572.94
202.67	9589.92
202.74	9613.62
202.81	9623.45
202.89	9630.29
202.96	9652.90
203.04	9706.86
203.11	9767.85
203.18	9856.44
203.26	9959.97
203.33	10050.03
203.41	10116.27
203.48	10168.57
203.55	10190.88
203.63	10218.35
203.70	10256.70
203.77	10299.80
203.85	10344.04
203.92	10402.74
204.00	10470.11
204.07	10523.66
204.14	10580.15
204.22	10630.62
204.29	10683.67
204.37	10712.06
204.44	10744.55
204.51	10773.10
204.59	10807.82
204.66	10844.25
204.73	10903.71
204.81	10970.62
204.88	11051.95
204.96	11136.77
205.03	11215.55
205.10	11275.42
205.18	11329.10
205.25	11370.59
205.32	11419.18
205.40	11471.48
205.47	11536.36
205.55	11608.30
205.62	11685.74
205.69	11762.71
205.77	11835.64
205.84	11905.99
205.91	11968.48
205.99	12029.74
206.06	12082.42
206.14	12140.51
206.21	12200.84
206.28	12255.88
206.36	12317.99
206.43	12380.33
206.50	12451.31
206.58	12519.27
206.65	12590.88
206.72	12656.41
206.80	12724.27
206.87	12783.95
206.95	12857.90
207.02	12950.71
207.09	13051.41
207.17	13157.50
207.24	13267.51
207.31	13367.58
207.39	13457.28
207.46	13536.06
207.53	13608.05
207.61	13691.11
207.68	13764.29
207.75	13844.89
207.83	13934.62
207.90	14023.58
207.98	14088.59
208.05	14168.24
208.12	14236.83
208.20	14307.03
208.27	14379.04
208.34	14461.41
208.42	14532.42
208.49	14609.48
208.56	14677.75
208.64	14761.54
208.71	14851.77
208.78	14948.74
208.86	15055.22
208.93	15170.29
209.00	15281.66
209.08	15392.29
209.15	15506.96
209.22	15623.01
209.30	15730.81
209.37	15835.60
209.44	15946.44
209.52	16052.60
209.59	16142.25
209.67	16245.30
209.74	16341.16
209.81	16443.61
209.89	16537.70
209.96	16631.36
210.03	16713.16
210.11	16797.07
210.18	16863.02
210.25	16948.78
210.33	17051.85
210.40	17157.25
210.47	17277.80
210.55	17412.75
210.62	17531.67
210.69	17639.81
210.77	17762.11
210.84	17877.73
210.91	17999.53
210.99	18125.81
211.06	18259.31
211.13	18386.90
211.21	18515.91
211.28	18628.91
211.35	18749.78
211.42	18868.96
211.50	18978.82
211.57	19085.62
211.64	19186.40
211.72	19274.43
211.79	19355.39
211.86	19446.59
211.94	19558.97
212.01	19677.16
212.08	19813.10
212.16	19952.25
212.23	20095.06
212.30	20224.37
212.38	20353.19
212.45	20481.04
212.52	20615.53
212.60	20744.74
212.67	20874.06
212.74	21012.62
212.82	21148.76
212.89	21274.39
212.96	21404.77
213.03	21537.32
213.11	21678.72
213.18	21814.40
213.25	21961.92
213.33	22095.61
213.40	22218.52
213.47	22329.91
213.55	22434.70
213.62	22529.69
213.69	22637.20
213.77	22758.24
213.84	22887.37
213.91	23034.37
213.98	23185.97
214.06	23338.06
214.13	23492.55
214.20	23647.05
214.28	23798.61
214.35	23952.54
214.42	24106.92
214.50	24255.90
214.57	24398.39
214.64	24532.87
214.72	24659.57
214.79	24788.69
214.86	24913.72
214.93	25043.00
215.01	25181.31
215.08	25310.04
215.15	25423.43
215.23	25526.11
215.30	25635.97
215.37	25750.91
215.44	25896.46
215.52	26066.34
215.59	26247.11
215.66	26417.47
215.74	26576.22
215.81	26726.07
215.88	26872.92
215.95	27005.53
216.03	27143.16
216.10	27292.62
216.17	27441.23
216.25	27586.57
216.32	27748.04
216.39	27905.11
216.46	28055.50
216.54	28189.81
216.61	28317.69
216.68	28438.69
216.76	28573.96
216.83	28712.72
216.90	28861.62
216.97	29014.32
217.05	29171.02
217.12	29308.13
217.19	29419.68
217.27	29516.23
217.34	29613.11
217.41	29717.42
217.48	29831.21
217.56	29969.96
217.63	30137.93
217.70	30314.20
217.78	30485.81
217.85	30660.16
217.92	30834.43
217.99	31000.50
218.07	31145.40
218.14	31280.57
218.21	31414.64
218.28	31552.90
218.36	31693.67
218.43	31837.51
218.50	31995.79
218.57	32138.52
218.65	32255.36
218.72	32368.03
218.79	32488.28
218.87	32598.29
218.94	32724.31
219.01	32867.05
219.08	33005.89
219.16	33150.87
219.23	33285.52
219.30	33413.59
219.37	33538.80
219.45	33672.81
219.52	33806.32
219.59	33941.68
219.66	34068.74
219.74	34215.47
219.81	34372.82
219.88	34523.16
219.95	34671.54
220.03	34829.26
220.10	34963.22
220.17	35083.97
220.24	35200.78
220.32	35328.44
220.39	35448.25
220.46	35565.01
220.53	35673.43
220.61	35781.01
220.68	35894.50
220.75	36022.17
220.82	36161.11
220.90	36286.53
220.97	36392.78
221.04	36487.81
221.11	36580.62
221.19	36675.27
221.26	36787.84
221.33	36924.54
221.40	37067.06
221.48	37205.47
221.55	37341.89
221.62	37476.53
221.69	37611.95
221.77	37745.87
221.84	37870.37
221.91	37991.76
221.98	38115.24
222.06	38235.86
222.13	38364.97
222.20	38483.88
222.27	38592.61
222.35	38692.64
222.42	38791.43
222.49	38861.14
222.56	38939.25
222.63	39026.69
222.71	39127.04
222.78	39236.21
222.85	39364.57
222.92	39495.07
223.00	39605.07
223.07	39698.60
223.14	39777.64
223.21	39855.27
223.29	39951.12
223.36	40080.49
223.43	40214.90
223.50	40354.13
223.57	40493.40
223.65	40628.10
223.72	40737.00
223.79	40846.93
223.86	40946.63
223.94	41044.22
224.01	41116.73
224.08	41176.24
224.15	41233.72
224.22	41296.60
224.30	41346.53
224.37	41422.43
224.44	41521.73
224.51	41618.34
224.59	41722.08
224.66	41843.82
224.73	41951.93
224.80	42055.67
224.87	42164.17
224.95	42265.21
225.02	42366.72
225.09	42457.71
225.16	42544.54
225.23	42635.87
225.31	42730.73
225.38	42813.87
225.45	42908.03
225.52	43005.48
225.60	43081.06
225.67	43132.13
225.74	43178.97
225.81	43217.74
225.88	43263.48
225.96	43346.46
226.03	43463.10
226.10	43594.27
226.17	43724.09
226.24	43848.19
226.32	43943.22
226.39	44020.66
226.46	44077.97
226.53	44145.57
226.60	44207.37
226.68	44271.33
226.75	44340.50
226.82	44419.52
226.89	44489.78
226.96	44551.47
227.04	44604.72
227.11	44648.54
227.18	44692.86
227.25	44727.85
227.32	44787.52
227.40	44859.24
227.47	44935.32
227.54	45006.73
227.61	45084.07
227.68	45156.30
227.76	45232.08
227.83	45307.26
227.90	45381.49
227.97	45449.57
228.04	45507.99
228.11	45549.38
228.19	45589.07
228.26	45640.36
228.33	45706.97
228.40	45770.21
228.47	45840.98
228.55	45913.92
228.62	45987.84
228.69	46050.38
228.76	46111.67
228.83	46166.33
228.90	46225.57
228.98	46280.03
229.05	46347.33
229.12	46421.67
229.19	46500.85
229.26	46575.86
229.34	46629.08
229.41	46676.88
229.48	46723.82
229.55	46768.76
229.62	46814.14
229.69	46866.88
229.77	46911.11
229.84	46951.42
229.91	46989.46
229.98	47015.95
230.05	47050.39
230.12	47099.58
230.20	47158.50
230.27	47223.15
230.34	47295.99
230.41	47377.58
230.48	47442.23
230.55	47495.91
230.63	47542.97
230.70	47598.06
230.77	47624.58
230.84	47649.87
230.91	47674.91
230.98	47711.02
231.06	47745.07
231.13	47809.78
231.20	47884.43
231.27	47953.77
231.34	48012.66
231.41	48070.22
231.49	48118.34
231.56	48166.64
231.63	48230.36
231.70	48283.70
231.77	48317.68
231.84	48338.57
231.92	48351.78
231.99	48356.44
232.06	48382.37
232.13	48418.52
232.20	48472.62
232.27	48528.43
232.34	48578.07
232.42	48606.35
232.49	48639.97
232.56	48675.38
232.63	48732.73
232.70	48792.37
232.77	48862.92
232.85	48918.26
232.92	48960.87
232.99	48980.25
233.06	49001.70
233.13	49014.94
233.20	49027.15
233.27	49041.20
233.35	49043.32
233.42	49041.12
233.49	49050.78
233.56	49082.03
233.63	49102.26
233.70	49129.20
233.77	49164.57
233.85	49195.62
233.92	49233.00
233.99	49269.58
234.06	49319.08
234.13	49366.08
234.20	49416.48
234.27	49443.81
234.35	49477.87
234.42	49490.62
234.49	49495.67
234.56	49501.91
234.63	49492.67
234.70	49487.68
234.77	49482.22
234.84	49460.99
234.92	49433.63
234.99	49435.39
235.06	49444.37
235.13	49465.58
235.20	49508.52
235.27	49559.07
235.34	49590.53
235.41	49626.65
235.49	49655.95
235.56	49676.87
235.63	49688.93
235.70	49701.60
235.77	49685.84
235.84	49675.15
235.91	49663.90
235.98	49649.28
236.06	49641.66
236.13	49652.78
236.20	49664.36
236.27	49661.57
236.34	49666.99
236.41	49680.57
236.48	49675.53
236.55	49671.72
236.63	49672.06
236.70	49670.22
236.77	49659.05
236.84	49665.53
236.91	49660.64
236.98	49660.58
237.05	49664.68
237.12	49662.06
237.19	49646.29
237.27	49647.22
237.34	49650.49
237.41	49643.00
237.48	49633.05
237.55	49624.62
237.62	49604.18
237.69	49600.40
237.76	49604.30
237.83	49611.05
237.91	49627.34
237.98	49651.78
238.05	49657.91
238.12	49653.05
238.19	49653.14
238.26	49650.65
238.33	49640.34
238.40	49613.64
238.47	49594.32
238.54	49583.45
238.62	49557.74
238.69	49529.97
238.76	49512.33
238.83	49504.15
238.90	49508.61
238.97	49522.62
239.04	49541.15
239.11	49561.49
239.18	49580.67
239.25	49575.16
239.33	49552.61
239.40	49531.53
239.47	49505.37
239.54	49452.27
239.61	49395.64
239.68	49351.40
239.75	49316.96
239.82	49293.15
239.89	49279.26
239.96	49288.94
240.03	49299.47
240.11	49316.03
240.18	49331.93
240.25	49349.97
240.32	49345.85
240.39	49356.64
240.46	49359.01
240.53	49378.89
240.60	49404.85
240.67	49434.58
240.74	49445.97
240.81	49456.58
240.88	49442.00
240.96	49420.64
241.03	49398.64
241.10	49384.58
241.17	49358.86
241.24	49348.52
241.31	49336.89
241.38	49326.32
241.45	49323.46
241.52	49328.12
241.59	49326.93
241.66	49337.44
241.73	49346.15
241.80	49352.05
241.88	49339.54
241.95	49311.75
242.02	49275.02
242.09	49223.22
242.16	49168.14
242.23	49145.87
242.30	49141.86
242.37	49139.08
242.44	49159.37
242.51	49160.91
242.58	49144.63
242.65	49133.36
242.72	49135.05
242.79	49124.31
242.87	49131.98
242.94	49138.58
243.01	49128.26
243.08	49118.14
243.15	49109.84
243.22	49107.78
243.29	49118.84
243.36	49140.36
243.43	49159.05
243.50	49188.35
243.57	49204.50
243.64	49211.89
243.71	49227.83
243.78	49233.40
243.85	49226.18
243.92	49213.13
243.99	49200.85
244.07	49174.19
244.14	49143.07
244.21	49135.07
244.28	49148.91
244.35	49164.63
244.42	49188.72
244.49	49224.79
244.56	49243.72
244.63	49243.16
244.70	49237.69
244.77	49239.54
244.84	49231.31
244.91	49221.67
244.98	49219.14
245.05	49238.58
245.12	49257.50
245.19	49295.33
245.26	49330.77
245.33	49378.18
245.40	49405.63
245.47	49422.46
245.55	49429.62
245.62	49443.92
245.69	49448.80
245.76	49468.07
245.83	49493.82
245.90	49506.47
245.97	49510.03
246.04	49525.36
246.11	49518.51
246.18	49501.65
246.25	49491.68
246.32	49488.02
246.39	49482.01
246.46	49490.91
246.53	49511.16
246.60	49522.74
246.67	49542.77
246.74	49563.82
246.81	49593.95
246.88	49614.32
246.95	49644.26
247.02	49661.37
247.09	49669.43
247.16	49664.63
247.23	49650.68
247.30	49624.87
247.37	49599.52
247.44	49596.37
247.51	49582.26
247.58	49583.35
247.66	49615.48
247.73	49669.92
247.80	49707.92
247.87	49762.65
247.94	49825.45
248.01	49875.37
248.08	49915.37
248.15	49950.23
248.22	49978.10
248.29	50003.96
248.36	50030.23
248.43	50059.06
248.50	50083.34
248.57	50108.15
248.64	50129.89
248.71	50153.29
248.78	50179.57
248.85	50204.54
248.92	50226.77
248.99	50239.50
249.06	50234.22
249.13	50204.09
249.20	50189.96
249.27	50167.02
249.34	50157.01
249.41	50170.17
249.48	50189.27
249.55	50198.54
249.62	50220.15
249.69	50233.42
249.76	50256.51
249.83	50289.44
249.90	50329.24
249.97	50360.82
250.04	50408.57
250.11	50456.91
250.18	50501.42
250.25	50536.32
250.32	50572.51
250.39	50603.15
250.46	50617.71
250.53	50627.80
250.60	50642.26
250.67	50667.86
250.74	50690.23
250.81	50686.08
250.88	50682.66
250.95	50684.23
251.02	50667.87
251.09	50654.43
251.16	50675.63
251.23	50701.37
251.30	50733.69
251.37	50770.92
251.44	50804.05
251.51	50840.12
251.58	50873.48
251.65	50896.54
251.72	50929.70
251.79	50952.24
251.86	50941.38
251.93	50912.25
252.00	50865.42
252.07	50813.17
252.14	50775.77
252.21	50768.98
252.28	50787.38
252.35	50832.06
252.42	50894.71
252.49	50946.10
252.56	50981.71
252.63	51025.53
252.70	51044.24
252.77	51047.97
252.84	51055.52
252.91	51056.57
252.98	51037.95
253.05	51028.00
253.12	51024.31
253.19	51036.16
253.25	51060.60
253.32	51082.27
253.39	51122.42
253.46	51146.74
253.53	51155.58
253.60	51142.23
253.67	51142.19
253.74	51147.67
253.81	51172.78
253.88	51200.91
253.95	51237.40
254.02	51272.40
254.09	51283.87
254.16	51277.27
254.23	51260.51
254.30	51245.82
254.37	51227.90
254.44	51237.63
254.51	51262.05
254.58	51279.03
254.65	51303.84
254.72	51321.12
254.79	51295.99
254.86	51269.59
254.93	51245.10
255.00	51230.09
255.07	51230.83
255.14	51249.04
255.21	51238.57
255.28	51224.08
255.34	51200.74
255.41	51189.55
255.48	51191.32
255.55	51211.92
255.62	51246.20
255.69	51284.09
255.76	51312.37
255.83	51338.02
255.90	51361.99
255.97	51386.72
256.04	51387.63
256.11	51394.63
256.18	51385.26
256.25	51373.29
256.32	51346.43
256.39	51327.08
256.46	51287.64
256.53	51256.17
256.60	51224.35
256.67	51205.09
256.74	51193.17
256.80	51192.79
256.87	51180.75
256.94	51171.04
257.01	51162.04
257.08	51159.91
257.15	51149.74
257.22	51146.22
257.29	51137.33
257.36	51130.83
257.43	51125.70
257.50	51114.49
257.57	51094.92
257.64	51087.40
257.71	51059.42
257.78	51030.77
257.85	51007.70
257.92	51009.02
257.98	51007.14
258.05	51022.78
258.12	51021.20
258.19	51015.48
258.26	50980.78
258.33	50929.21
258.40	50886.93
258.47	50860.37
258.54	50848.21
258.61	50861.65
258.68	50889.06
258.75	50912.95
258.82	50932.23
258.89	50919.68
258.95	50886.96
259.02	50852.45
259.09	50804.45
259.16	50741.75
259.23	50686.67
259.30	50646.32
259.37	50617.97
259.44	50598.31
259.51	50594.90
259.58	50608.53
259.65	50609.97
259.72	50600.77
259.79	50574.68
259.85	50536.93
259.92	50498.03
259.99	50487.44
260.06	50472.16
260.13	50455.82
260.20	50441.99
260.27	50415.19
260.34	50353.81
260.41	50297.10
260.48	50255.22
260.55	50223.06
260.62	50184.60
260.68	50152.81
260.75	50130.53
260.82	50119.65
260.89	50104.04
260.96	50097.18
261.03	50102.24
261.10	50091.86
261.17	50066.87
261.24	50034.86
261.31	50003.09
261.38	49957.67
261.44	49909.97
261.51	49863.32
261.58	49830.19
261.65	49793.41
261.72	49752.14
261.79	49709.26
261.86	49660.17
261.93	49613.69
262.00	49582.79
262.07	49551.91
262.13	49526.73
262.20	49503.29
262.27	49468.61
262.34	49431.96
262.41	49397.15
262.48	49360.16
262.55	49324.47
262.62	49277.69
262.69	49215.92
262.76	49163.64
262.82	49110.85
262.89	49055.33
262.96	49009.81
263.03	48973.64
263.10	48931.58
263.17	48879.30
263.24	48834.23
263.31	48806.52
263.38	48770.46
263.44	48752.94
263.51	48735.17
263.58	48709.26
263.65	48669.16
263.72	48629.34
263.79	48563.97
263.86	48504.89
263.93	48448.28
264.00	48395.12
264.06	48363.77
264.13	48334.84
264.20	48321.65
264.27	48296.84
264.34	48269.95
264.41	48222.02
264.48	48183.42
264.55	48134.63
264.61	48109.43
264.68	48068.90
264.75	48027.89
264.82	47962.39
264.89	47890.22
264.96	47810.98
265.03	47739.89
265.10	47689.87
265.16	47665.19
265.23	47649.66
265.30	47643.66
265.37	47630.68
265.44	47603.76
265.51	47573.69
265.58	47535.82
265.65	47479.73
265.71	47429.87
265.78	47381.19
265.85	47316.35
265.92	47261.73
265.99	47206.72
266.06	47154.48
266.13	47093.02
266.20	47053.39
266.26	47026.17
266.33	46993.90
266.40	46948.56
266.47	46891.65
266.54	46816.60
266.61	46731.87
266.68	46659.09
266.74	46596.90
266.81	46559.35
266.88	46521.24
266.95	46467.85
267.02	46427.22
267.09	46386.18
267.16	46331.48
267.22	46293.96
267.29	46279.59
267.36	46259.66
267.43	46234.14
267.50	46204.15
267.57	46160.79
267.64	46099.02
267.70	46044.29
267.77	45988.65
267.84	45943.94
267.91	45899.57
267.98	45853.75
268.05	45791.94
268.11	45732.71
268.18	45669.36
268.25	45611.70
268.32	45562.91
268.39	45515.64
268.46	45479.34
268.53	45463.13
268.59	45442.79
268.66	45418.80
268.73	45391.70
268.80	45363.52
268.87	45311.25
268.94	45266.67
269.00	45227.71
269.07	45187.55
269.14	45141.52
269.21	45102.74
269.28	45063.12
269.35	45015.17
269.41	44970.96
269.48	44922.31
269.55	44865.45
269.62	44800.71
269.69	44744.10
269.76	44680.54
269.82	44621.50
269.89	44584.96
269.96	44564.16
270.03	44538.85
270.10	44523.60
270.17	44500.06
270.23	44464.22
270.30	44420.72
270.37	44382.73
270.44	44343.85
270.51	44313.83
270.58	44287.48
270.64	44258.95
270.71	44219.68
270.78	44186.12
270.85	44142.73
270.92	44098.60
270.99	44051.74
271.05	44007.93
271.12	43954.37
271.19	43908.21
271.26	43850.33
271.33	43809.59
271.39	43769.91
271.46	43712.26
271.53	43669.19
271.60	43639.03
271.67	43606.29
271.74	43578.72
271.80	43570.16
271.87	43560.50
271.94	43528.28
272.01	43483.60
272.08	43444.85
272.14	43402.08
272.21	43364.35
272.28	43349.13
272.35	43331.19
272.42	43297.49
272.48	43286.81
272.55	43262.13
272.62	43236.25
272.69	43226.70
272.76	43231.43
272.83	43207.44
272.89	43180.45
272.96	43153.12
273.03	43110.31
273.10	43056.16
273.17	43012.34
273.23	42965.87
273.30	42920.80
273.37	42879.61
273.44	42851.89
273.51	42831.19
273.57	42817.91
273.64	42803.20
273.71	42799.36
273.78	42787.55
273.85	42771.75
273.91	42752.89
273.98	42733.68
274.05	42701.14
274.12	42674.82
274.19	42651.26
274.25	42627.04
274.32	42593.67
274.39	42557.97
274.46	42501.38
274.53	42435.22
274.59	42366.88
274.66	42319.80
274.73	42276.28
274.80	42240.45
274.86	42208.79
274.93	42197.05
275.00	42172.26
275.07	42148.17
275.14	42125.91
275.20	42091.67
275.27	42047.07
275.34	42002.94
275.41	41966.74
275.48	41947.68
275.54	41942.38
275.61	41932.25
275.68	41917.31
275.75	41885.23
275.81	41840.17
275.88	41802.61
275.95	41770.07
276.02	41732.41
276.09	41702.38
276.15	41672.22
276.22	41648.88
276.29	41622.56
276.36	41592.59
276.42	41566.33
276.49	41531.65
276.56	41468.61
276.63	41405.94
276.70	41352.89
276.76	41323.70
276.83	41303.27
276.90	41301.54
276.97	41299.95
277.03	41306.37
277.10	41291.52
277.17	41285.27
277.24	41271.70
277.30	41255.87
277.37	41226.89
277.44	41196.47
277.51	41155.35
277.58	41116.77
277.64	41077.67
277.71	41049.04
277.78	41015.27
277.85	40973.11
277.91	40928.03
277.98	40887.11
278.05	40841.28
278.12	40804.30
278.18	40769.57
278.25	40747.38
278.32	40728.31
278.39	40721.98
278.45	40720.52
278.52	40720.98
278.59	40701.46
278.66	40669.45
278.72	40639.03
278.79	40606.21
278.86	40576.42
278.93	40564.72
278.99	40559.27
279.06	40542.25
279.13	40516.01
279.20	40503.14
279.26	40482.28
279.33	40466.18
279.40	40435.78
279.47	40404.78
279.53	40365.04
279.60	40329.44
279.67	40281.62
279.74	40242.37
279.80	40215.14
279.87	40182.72
279.94	40148.28
280.01	40126.50
280.07	40101.18
280.14	40072.52
280.21	40045.53
280.28	40013.66
280.34	39972.09
280.41	39932.37
280.48	39878.12
280.55	39840.71
280.61	39807.38
280.68	39786.29
280.75	39762.58
280.82	39742.65
280.88	39705.85
280.95	39654.22
281.02	39594.55
281.08	39534.62
281.15	39472.02
281.22	39415.11
281.29	39354.72
281.35	39287.08
281.42	39225.99
281.49	39165.75
281.56	39097.76
281.62	39054.29
281.69	39019.34
281.76	38993.87
281.82	38976.40
281.89	38962.48
281.96	38939.36
282.03	38912.93
282.09	38872.07
282.16	38834.92
282.23	38795.55
282.30	38757.06
282.36	38727.86
282.43	38705.83
282.50	38691.19
282.56	38657.44
282.63	38635.35
282.70	38602.91
282.77	38578.82
282.83	38548.07
282.90	38536.43
282.97	38521.76
283.03	38515.42
283.10	38504.78
283.17	38488.23
283.24	38464.72
283.30	38423.17
283.37	38376.51
283.44	38327.65
283.50	38270.16
283.57	38227.51
283.64	38179.71
283.71	38129.98
283.77	38086.59
283.84	38059.50
283.91	38029.97
283.97	38024.42
284.04	38024.49
284.11	38007.74
284.18	37999.18
284.24	37986.47
284.31	37972.01
284.38	37961.55
284.44	37960.51
284.51	37945.08
284.58	37935.37
284.64	37923.17
284.71	37902.31
284.78	37881.45
284.85	37862.47
284.91	37840.27
284.98	37814.95
285.05	37778.37
285.11	37747.24
285.18	37713.81
285.25	37690.52
285.31	37667.19
285.38	37658.67
285.45	37648.30
285.52	37638.45
285.58	37615.90
285.65	37592.31
285.72	37564.14
285.78	37543.87
285.85	37523.02
285.92	37508.14
285.98	37495.10
286.05	37486.74
286.12	37472.14
286.18	37461.60
286.25	37444.39
286.32	37417.34
286.39	37391.65
286.45	37364.60
286.52	37329.03
286.59	37293.72
286.65	37271.95
286.72	37260.80
286.79	37257.14
286.85	37259.18
286.92	37260.92
286.99	37261.06
287.05	37235.14
287.12	37218.49
287.19	37203.01
287.25	37196.28
287.32	37184.76
287.39	37190.21
287.45	37175.98
287.52	37162.88
287.59	37148.98
287.65	37142.28
287.72	37118.59
287.79	37093.88
287.86	37063.63
287.92	37032.72
287.99	36996.97
288.06	36985.64
288.12	36965.75
288.19	36957.69
288.26	36934.63
288.32	36917.16
288.39	36900.54
288.46	36891.18
288.52	36883.40
288.59	36891.38
288.66	36901.27
288.72	36900.27
288.79	36892.60
288.86	36871.25
288.92	36844.23
288.99	36809.62
289.06	36783.49
289.12	36764.78
289.19	36753.66
289.26	36747.14
289.32	36746.05
289.39	36735.95
289.45	36729.39
289.52	36711.94
289.59	36708.22
289.65	36700.99
289.72	36684.10
289.79	36676.41
289.85	36674.40
289.92	36656.37
289.99	36640.46
290.05	36634.69
290.12	36606.63
290.19	36585.36
290.25	36557.69
290.32	36533.42
290.39	36517.16
290.45	36510.97
290.52	36506.07
290.59	36509.91
290.65	36499.39
290.72	36483.94
290.79	36475.59
290.85	36466.91
290.92	36459.61
290.98	36456.52
291.05	36458.27
291.12	36458.81
291.18	36458.02
291.25	36446.84
291.32	36440.99
291.38	36420.57
291.45	36393.14
291.52	36367.14
291.58	36346.18
291.65	36327.29
291.72	36309.07
291.78	36299.35
291.85	36280.66
291.91	36271.55
291.98	36267.00
292.05	36254.93
292.11	36247.03
292.18	36242.88
292.25	36230.35
292.31	36204.38
292.38	36198.03
292.45	36191.06
292.51	36179.07
292.58	36163.54
292.64	36161.13
292.71	36149.45
292.78	36141.04
292.84	36131.59
292.91	36124.51
292.98	36111.85
293.04	36104.33
293.11	36082.07
293.17	36063.97
293.24	36058.47
293.31	36052.14
293.37	36041.68
293.44	36029.30
293.51	36022.72
293.57	36001.91
293.64	35979.19
293.70	35964.88
293.77	35953.60
293.84	35934.70
293.90	35918.70
293.97	35911.83
294.04	35901.39
294.10	35882.51
294.17	35871.76
294.23	35865.75
294.30	35847.32
294.37	35826.45
294.43	35824.28
294.50	35811.42
294.56	35791.57
294.63	35774.26
294.70	35763.07
294.76	35747.11
294.83	35743.36
294.90	35741.16
294.96	35742.02
295.03	35734.41
295.09	35729.61
295.16	35724.55
295.23	35716.67
295.29	35708.99
295.36	35693.96
295.42	35666.77
295.49	35640.60
295.56	35631.87
295.62	35617.04
295.69	35603.64
295.75	35593.58
295.82	35589.13
295.89	35555.39
295.95	35524.15
296.02	35503.49
296.08	35474.29
296.15	35433.67
296.22	35412.35
296.28	35394.38
296.35	35384.36
296.41	35372.96
296.48	35366.02
296.55	35363.57
296.61	35357.44
296.68	35349.23
296.74	35350.09
296.81	35352.42
296.88	35343.82
296.94	35326.76
297.01	35301.45
297.07	35280.32
297.14	35258.21
297.20	35246.06
297.27	35244.58
297.34	35249.10
297.40	35254.56
297.47	35245.37
297.53	35222.00
297.60	35206.06
297.67	35179.97
297.73	35149.84
297.80	35122.27
297.86	35096.03
297.93	35059.63
298.00	35036.92
298.06	35014.88
298.13	35008.80
298.19	34999.09
298.26	34996.02
298.32	34992.81
298.39	34980.48
298.46	34955.74
298.52	34937.62
298.59	34912.26
298.65	34877.89
298.72	34859.67
298.78	34843.97
298.85	34827.35
298.92	34813.25
298.98	34795.46
299.05	34772.16
299.11	34746.09
299.18	34722.20
299.24	34693.07
299.31	34653.60
299.38	34624.30
299.44	34595.87
299.51	34576.78
299.57	34564.52
299.64	34567.49
299.70	34562.06
299.77	34546.61
299.84	34519.33
299.90	34479.35
299.97	34432.76
300.03	34388.71
300.10	34369.01
300.16	34341.43
300.23	34322.20
300.30	34307.08
300.36	34283.70
300.43	34253.27
300.49	34233.52
300.56	34215.92
300.62	34200.12
300.69	34186.51
300.75	34161.77
300.82	34131.50
300.89	34099.86
300.95	34069.64
301.02	34030.49
301.08	33994.67
301.15	33965.38
301.21	33937.64
301.28	33909.02
301.34	33883.12
301.41	33859.51
301.48	33830.19
301.54	33798.09
301.61	33776.65
301.67	33749.63
301.74	33721.52
301.80	33689.92
301.87	33653.80
301.93	33602.12
302.00	33557.01
302.06	33504.40
302.13	33457.37
302.20	33420.47
302.26	33384.73
302.33	33357.24
302.39	33330.60
302.46	33298.77
302.52	33252.68
302.59	33212.56
302.65	33163.95
302.72	33118.33
302.78	33080.61
302.85	33054.31
302.91	33020.35
302.98	32995.14
303.05	32965.61
303.11	32935.90
303.18	32888.13
303.24	32850.16
303.31	32801.19
303.37	32761.94
303.44	32723.46
303.50	32690.76
303.57	32642.28
303.63	32594.70
303.70	32546.24
303.76	32492.35
303.83	32449.08
303.89	32405.18
303.96	32362.50
304.03	32306.76
304.09	32252.06
304.16	32188.77
304.22	32127.47
304.29	32070.76
304.35	32019.85
304.42	31975.91
304.48	31930.22
304.55	31885.72
304.61	31837.58
304.68	31792.57
304.74	31734.20
304.81	31684.28
304.87	31624.63
304.94	31576.82
305.00	31531.37
305.07	31480.22
305.13	31423.65
305.20	31373.27
305.26	31318.46
305.33	31265.10
305.39	31216.71
305.46	31158.61
305.52	31110.88
305.59	31060.00
305.66	31000.21
305.72	30942.37
305.79	30899.67
305.85	30845.13
305.92	30756.47
305.98	30641.40
306.05	30504.58
306.11	30344.25
306.18	30176.22
306.24	30040.27
306.31	29969.23
306.37	29958.81
306.44	29994.31
306.50	30053.58
306.57	30112.90
306.63	30137.10
306.70	30111.97
306.76	30055.98
306.83	29997.10
306.89	29923.84
306.96	29850.82
307.02	29786.33
307.09	29739.09
307.15	29680.52
307.22	29631.18
307.28	29576.61
307.35	29519.30
307.41	29449.56
307.48	29376.17
307.54	29308.82
307.61	29241.60
307.67	29172.64
307.74	29110.16
307.80	29062.08
307.87	29004.32
307.93	28944.70
308.00	28893.03
308.06	28836.38
308.13	28762.74
308.19	28702.96
308.26	28648.92
308.32	28593.71
308.38	28531.76
308.45	28473.99
308.51	28416.42
308.58	28352.45
308.64	28286.67
308.71	28230.20
308.77	28174.69
308.84	28109.56
308.90	28053.43
308.97	27995.94
309.03	27943.52
309.10	27882.65
309.16	27816.30
309.23	27747.67
309.29	27679.82
309.36	27586.32
309.42	27508.17
309.49	27440.48
309.55	27374.52
309.62	27302.15
309.68	27262.12
309.75	27203.70
309.81	27135.38
309.88	27073.41
309.94	27010.73
310.00	26932.71
310.07	26864.87
310.13	26813.13
310.20	26742.87
310.26	26682.28
310.33	26616.60
310.39	26560.77
310.46	26490.71
310.52	26434.42
310.59	26370.99
310.65	26315.75
310.72	26252.37
310.78	26192.23
310.85	26126.57
310.91	26070.79
310.97	26009.55
311.04	25950.13
311.10	25887.57
311.17	25829.86
311.23	25766.18
311.30	25710.24
311.36	25654.09
311.43	25605.90
311.49	25548.87
311.56	25499.67
311.62	25442.94
311.69	25386.85
311.75	25333.61
311.81	25275.72
311.88	25208.04
311.94	25151.10
312.01	25100.77
312.07	25042.82
312.14	24994.58
312.20	24950.62
312.27	24896.23
312.33	24832.60
312.40	24767.40
312.46	24697.93
312.52	24637.00
312.59	24573.97
312.65	24507.70
312.72	24438.98
312.78	24378.50
312.85	24311.66
312.91	24242.01
312.98	24186.39
313.04	24143.80
313.10	24092.66
313.17	24036.96
313.23	23998.20
313.30	23947.59
313.36	23883.35
313.43	23823.24
313.49	23770.39
313.56	23700.13
313.62	23635.51
313.68	23577.94
313.75	23529.70
313.81	23475.79
313.88	23426.89
313.94	23381.28
314.01	23332.55
314.07	23280.13
314.13	23229.62
314.20	23177.89
314.26	23122.01
314.33	23063.92
314.39	23005.96
314.46	22941.67
314.52	22890.70
314.58	22835.25
314.65	22782.74
314.71	22717.08
314.78	22667.33
314.84	22606.96
314.91	22555.15
314.97	22500.12
315.03	22454.38
315.10	22400.30
315.16	22338.85
315.23	22280.94
315.29	22237.07
315.36	22184.75
315.42	22134.30
315.48	22089.27
315.55	22044.27
315.61	21981.97
315.68	21931.94
315.74	21875.84
315.81	21821.32
315.87	21757.30
315.93	21717.39
316.00	21684.12
316.06	21652.42
316.13	21624.87
316.19	21580.57
316.25	21483.21
316.32	21343.68
316.38	21169.42
316.45	20955.81
316.51	20724.93
316.58	20499.10
316.64	20262.31
316.70	20027.78
316.77	19785.71
316.83	19540.56
316.90	19287.50
316.96	19033.11
317.02	18785.40
317.09	18541.07
317.15	18298.01
317.22	18056.71
317.28	17823.51
317.34	17576.78
317.41	17332.37
317.47	17090.34
317.54	16845.05
317.60	16593.47
317.66	16344.15
317.73	16095.28
317.79	15848.10
317.86	15602.93
317.92	15358.79
317.98	15110.52
318.05	14861.37
318.11	14611.68
318.18	14363.12
318.24	14114.55
318.30	13868.66
318.37	13618.47
318.43	13359.08
318.50	13095.42
318.56	12825.53
318.62	12559.18
318.69	12290.78
318.75	12027.19
318.82	11757.15
318.88	11490.31
318.94	11218.23
319.01	10944.68
319.07	10673.19
319.13	10400.15
319.20	10124.08
319.26	9841.18
319.33	9557.26
319.39	9264.48
319.45	8981.42
319.52	8700.63
319.58	8417.10
319.65	8137.50
319.71	7858.07
319.77	7572.81
319.84	7296.61
319.90	7025.00
319.96	6751.41
320.03	6482.55
320.09	6221.74
320.16	5953.94
320.22	5698.40
320.28	5451.09
320.35	5209.69
320.41	4975.14
320.47	4752.91
320.54	4530.76
320.60	4321.22
320.67	4118.99
320.73	3922.89
320.79	3730.18
320.86	3552.70
320.92	3377.45
320.98	3213.25
321.05	3056.06
321.11	2903.95
321.18	2760.79
321.24	2625.83
321.30	2495.99
321.37	2375.95
321.43	2272.64
321.49	2170.20
321.56	2075.63
321.62	1988.03
321.68	1901.77
321.75	1818.05
321.81	1743.47
321.88	1670.46
321.94	1606.64
322.00	1547.79
322.07	1483.95
322.13	1423.84
322.19	1365.07
322.26	1303.24
322.32	1247.89
322.38	1201.11
322.45	1157.82
322.51	1113.37
322.58	1075.59
322.64	1030.18
322.70	988.92
322.77	941.01
322.83	905.33
322.89	860.27
322.96	820.39
323.02	780.05
323.08	741.21
323.15	700.75
323.21	665.79
323.27	632.22
323.34	598.44
323.40	566.10
323.46	532.22
323.53	494.37
323.59	415.09
323.65	310.87
323.72	194.65
323.78	84.26
323.85	-15.58
323.91	-66.23
323.97	-85.74
324.04	-85.92
