180.21	3430.17
180.28	-126.59
180.36	634.90
180.44	-43.14
180.51	-8.32
180.59	19.77
180.66	52.30
180.74	52.49
180.81	54.46
180.89	58.56
180.97	60.91
181.04	60.47
181.12	61.82
181.19	65.44
181.27	68.52
181.34	88.20
181.42	97.03
181.50	105.06
181.57	115.85
181.65	120.97
181.72	115.67
181.80	112.36
181.87	117.11
181.95	124.65
182.03	133.86
182.10	147.90
182.18	162.95
182.25	185.24
182.33	205.36
182.40	230.38
182.48	245.35
182.55	276.09
182.63	295.58
182.71	311.80
182.78	328.90
182.86	338.76
182.93	323.98
183.01	307.54
183.08	287.47
183.16	276.84
183.23	272.72
183.31	298.40
183.39	330.11
183.46	379.80
183.54	422.07
183.61	478.32
183.69	532.76
183.76	597.16
183.84	652.08
183.91	710.62
183.99	770.72
184.06	817.98
184.14	873.00
184.22	911.57
184.29	919.66
184.37	917.57
184.44	889.21
184.52	799.25
184.59	701.48
184.67	631.47
184.74	568.89
184.82	556.86
184.89	607.75
184.97	702.13
185.04	804.77
185.12	910.41
185.20	1013.16
185.27	1118.92
185.35	1207.75
185.42	1275.07
185.50	1354.03
185.57	1408.53
185.65	1464.15
185.72	1534.97
185.80	1612.04
185.87	1678.86
185.95	1765.79
186.02	1820.63
186.10	1822.86
186.17	1783.51
186.25	1652.06
186.33	1455.43
186.40	1286.58
186.48	1187.67
186.55	1169.40
186.63	1251.94
186.70	1424.06
186.78	1588.19
186.85	1736.05
186.93	1856.79
187.00	1988.68
187.08	2097.11
187.15	2229.71
187.23	2360.92
187.30	2478.48
187.38	2598.62
187.45	2733.56
187.53	2830.58
187.60	2918.20
187.68	3037.45
187.75	3116.71
187.83	3155.59
187.90	3194.26
187.98	3191.41
188.05	3074.04
188.13	2845.13
188.21	2586.53
188.28	2366.29
188.36	2201.91
188.43	2168.10
188.51	2302.79
188.58	2515.69
188.66	2710.44
188.73	2908.77
188.81	3092.93
188.88	3253.03
188.96	3390.83
189.03	3537.84
189.11	3678.63
189.18	3788.61
189.26	3895.92
189.33	4015.17
189.41	4110.05
189.48	4196.09
189.56	4305.45
189.63	4384.60
189.71	4435.32
189.78	4488.69
189.86	4508.32
189.93	4474.32
190.01	4397.79
190.08	4238.39
190.16	3960.59
190.23	3661.61
190.31	3451.52
190.38	3336.14
190.46	3351.92
190.53	3515.74
190.61	3758.09
190.68	3967.02
190.76	4168.29
190.83	4336.14
190.91	4500.97
190.98	4636.80
191.06	4783.26
191.13	4909.05
191.21	5021.51
191.28	5126.51
191.35	5236.42
191.43	5311.66
191.50	5383.05
191.58	5464.23
191.65	5511.97
191.73	5540.99
191.80	5572.15
191.88	5575.27
191.95	5562.43
192.03	5562.04
192.10	5550.40
192.18	5517.23
192.25	5434.61
192.33	5272.51
192.40	5076.02
192.48	4920.61
192.55	4830.44
192.63	4835.24
192.70	4961.82
192.78	5151.88
192.85	5342.23
192.93	5511.20
193.00	5653.15
193.08	5783.22
193.15	5890.44
193.22	5979.69
193.30	6053.44
193.37	6130.14
193.45	6179.14
193.52	6234.51
193.60	6288.94
193.67	6339.82
193.75	6385.23
193.82	6428.64
193.90	6457.28
193.97	6493.39
194.05	6531.89
194.12	6564.29
194.20	6610.97
194.27	6658.99
194.34	6685.34
194.42	6691.66
194.49	6698.61
194.57	6674.22
194.64	6596.78
194.72	6504.88
194.79	6426.04
194.87	6356.12
194.94	6323.29
195.02	6359.48
195.09	6430.58
195.17	6524.37
195.24	6628.47
195.31	6733.26
195.39	6835.55
195.46	6926.52
195.54	7013.28
195.61	7083.96
195.69	7139.07
195.76	7177.51
195.84	7216.81
195.91	7225.24
195.99	7227.69
196.06	7228.16
196.13	7233.11
196.21	7228.69
196.28	7234.34
196.36	7236.35
196.43	7229.41
196.51	7217.64
196.58	7220.48
196.66	7230.58
196.73	7260.57
196.80	7313.14
196.88	7371.65
196.95	7430.67
197.03	7488.08
197.10	7519.07
197.18	7531.99
197.25	7539.70
197.33	7546.34
197.40	7557.49
197.47	7571.94
197.55	7599.39
197.62	7624.67
197.70	7642.62
197.77	7654.30
197.85	7669.39
197.92	7664.45
197.99	7647.87
198.07	7620.10
198.14	7593.92
198.22	7596.72
198.29	7627.17
198.37	7690.06
198.44	7784.57
198.51	7879.39
198.59	7952.55
198.66	8024.36
198.74	8077.20
198.81	8108.99
198.89	8129.50
198.96	8151.51
199.03	8153.89
199.11	8159.74
199.18	8161.64
199.26	8171.71
199.33	8182.01
199.41	8189.54
199.48	8168.09
199.55	8134.95
199.63	8092.66
199.70	8065.47
199.78	8056.31
199.85	8103.52
199.93	8186.90
200.00	8297.24
200.07	8398.55
200.15	8497.88
200.22	8570.08
200.30	8622.15
200.37	8659.65
200.44	8687.35
200.52	8709.47
200.59	8737.79
200.67	8755.61
200.74	8759.30
200.81	8766.46
200.89	8769.32
200.96	8773.38
201.04	8774.07
201.11	8773.22
201.19	8763.76
201.26	8758.79
201.33	8751.51
201.41	8779.70
201.48	8843.65
201.56	8930.83
201.63	9036.79
201.70	9136.96
201.78	9219.63
201.85	9284.43
201.93	9335.17
202.00	9368.49
202.07	9397.46
202.15	9420.84
202.22	9442.35
202.30	9462.58
202.37	9482.04
202.44	9513.21
202.52	9542.57
202.59	9568.50
202.67	9590.79
202.74	9616.44
202.81	9624.40
202.89	9628.15
202.96	9646.51
203.04	9690.86
203.11	9748.95
203.18	9839.65
203.26	9943.83
203.33	10037.56
203.41	10108.49
203.48	10166.10
203.55	10188.81
203.63	10212.45
203.70	10248.43
203.77	10289.65
203.85	10334.41
203.92	10392.50
204.00	10466.93
204.07	10526.29
204.14	10584.45
204.22	10631.52
204.29	10681.37
204.37	10704.26
204.44	10731.01
204.51	10759.97
204.59	10792.98
204.66	10830.35
204.73	10898.16
204.81	10971.55
204.88	11053.12
204.96	11142.81
205.03	11221.25
205.10	11277.08
205.18	11330.45
205.25	11373.52
205.32	11419.50
205.40	11474.26
205.47	11540.81
205.55	11606.40
205.62	11682.28
205.69	11762.32
205.77	11835.71
205.84	11906.12
205.91	11976.86
205.99	12041.95
206.06	12094.89
206.14	12153.09
206.21	12212.07
206.28	12264.87
206.36	12323.25
206.43	12379.13
206.50	12453.56
206.58	12524.36
206.65	12595.54
206.72	12663.41
206.80	12731.78
206.87	12787.10
206.95	12857.65
207.02	12950.06
207.09	13050.16
207.17	13160.45
207.24	13270.95
207.31	13367.57
207.39	13454.95
207.46	13535.83
207.53	13610.86
207.61	13692.67
207.68	13771.32
207.75	13857.54
207.83	13944.03
207.90	14028.31
207.98	14094.90
208.05	14172.04
208.12	14239.33
208.20	14312.28
208.27	14383.82
208.34	14460.61
208.42	14530.89
208.49	14601.14
208.56	14665.08
208.64	14751.19
208.71	14846.76
208.78	14941.84
208.86	15054.56
208.93	15174.63
209.00	15286.02
209.08	15391.91
209.15	15506.92
209.22	15615.37
209.30	15721.76
209.37	15824.13
209.44	15941.85
209.52	16052.34
209.59	16149.60
209.67	16247.26
209.74	16347.56
209.81	16446.27
209.89	16536.89
209.96	16625.41
210.03	16707.27
210.11	16790.26
210.18	16856.39
210.25	16945.73
210.33	17052.87
210.40	17163.62
210.47	17281.22
210.55	17418.25
210.62	17535.25
210.69	17641.80
210.77	17759.68
210.84	17873.79
210.91	17991.45
210.99	18114.68
211.06	18248.60
211.13	18381.28
211.21	18511.99
211.28	18626.70
211.35	18749.20
211.42	18865.85
211.50	18973.81
211.57	19073.62
211.64	19181.41
211.72	19272.74
211.79	19358.35
211.86	19453.60
211.94	19568.11
212.01	19683.87
212.08	19818.81
212.16	19951.00
212.23	20087.99
212.30	20221.55
212.38	20346.43
212.45	20479.95
212.52	20619.64
212.60	20751.59
212.67	20879.55
212.74	21018.06
212.82	21140.41
212.89	21268.37
212.96	21397.13
213.03	21540.49
213.11	21680.36
213.18	21823.34
213.25	21968.93
213.33	22105.30
213.40	22215.73
213.47	22329.13
213.55	22430.08
213.62	22524.88
213.69	22633.12
213.77	22760.80
213.84	22889.27
213.91	23046.98
213.98	23202.33
214.06	23354.66
214.13	23503.47
214.20	23654.44
214.28	23802.11
214.35	23949.55
214.42	24095.27
214.50	24242.15
214.57	24382.62
214.64	24512.01
214.72	24643.07
214.79	24771.34
214.86	24905.23
214.93	25041.71
215.01	25187.17
215.08	25317.79
215.15	25439.27
215.23	25535.51
215.30	25644.88
215.37	25752.85
215.44	25898.10
215.52	26064.41
215.59	26247.31
215.66	26414.91
215.74	26579.36
215.81	26725.82
215.88	26874.10
215.95	27009.14
216.03	27149.10
216.10	27292.74
216.17	27441.07
216.25	27585.06
216.32	27742.80
216.39	27902.21
216.46	28054.11
216.54	28189.90
216.61	28323.38
216.68	28455.24
216.76	28588.74
216.83	28721.18
216.90	28867.47
216.97	29017.26
217.05	29166.23
217.12	29299.63
217.19	29419.21
217.27	29515.86
217.34	29610.76
217.41	29720.49
217.48	29842.85
217.56	29984.28
217.63	30155.69
217.70	30329.27
217.78	30495.99
217.85	30660.51
217.92	30831.28
217.99	30992.96
218.07	31137.69
218.14	31271.33
218.21	31411.07
218.28	31556.41
218.36	31704.31
218.43	31855.34
218.50	32010.32
218.57	32145.15
218.65	32253.95
218.72	32357.76
218.79	32470.38
218.87	32586.80
218.94	32718.91
219.01	32866.42
219.08	33009.59
219.16	33152.57
219.23	33286.61
219.30	33413.64
219.37	33538.03
219.45	33670.39
219.52	33807.61
219.59	33943.13
219.66	34078.23
219.74	34220.82
219.81	34379.07
219.88	34526.93
219.95	34678.25
220.03	34835.16
220.10	34977.31
220.17	35095.85
220.24	35221.52
220.32	35343.81
220.39	35458.99
220.46	35567.99
220.53	35674.12
220.61	35776.58
220.68	35897.36
220.75	36024.53
220.82	36163.18
220.90	36291.30
220.97	36394.08
221.04	36484.70
221.11	36574.66
221.19	36673.19
221.26	36790.44
221.33	36934.62
221.40	37075.03
221.48	37218.36
221.55	37350.65
221.62	37484.52
221.69	37621.17
221.77	37754.63
221.84	37878.18
221.91	37997.65
221.98	38118.21
222.06	38235.06
222.13	38358.08
222.20	38473.63
222.27	38583.90
222.35	38684.28
222.42	38781.78
222.49	38858.17
222.56	38934.61
222.63	39023.87
222.71	39124.71
222.78	39239.00
222.85	39362.28
222.92	39489.81
223.00	39595.50
223.07	39686.56
223.14	39763.39
223.21	39855.85
223.29	39958.73
223.36	40090.37
223.43	40231.89
223.50	40370.14
223.57	40505.06
223.65	40639.36
223.72	40750.76
223.79	40856.31
223.86	40953.68
223.94	41050.45
224.01	41127.24
224.08	41194.01
224.15	41254.44
224.22	41318.66
224.30	41364.40
224.37	41431.05
224.44	41523.16
224.51	41625.10
224.59	41729.96
224.66	41846.10
224.73	41952.97
224.80	42055.29
224.87	42161.57
224.95	42264.17
225.02	42365.89
225.09	42460.94
225.16	42551.46
225.23	42636.93
225.31	42726.29
225.38	42816.75
225.45	42917.26
225.52	43013.11
225.60	43090.42
225.67	43136.98
225.74	43178.06
225.81	43210.86
225.88	43262.00
225.96	43350.97
226.03	43474.38
226.10	43605.74
226.17	43740.14
226.24	43861.87
226.32	43947.97
226.39	44027.12
226.46	44090.66
226.53	44149.62
226.60	44206.12
226.68	44272.83
226.75	44343.19
226.82	44420.09
226.89	44501.12
226.96	44564.96
227.04	44614.85
227.11	44656.36
227.18	44702.35
227.25	44734.94
227.32	44794.63
227.40	44872.70
227.47	44944.80
227.54	45012.73
227.61	45084.17
227.68	45157.67
227.76	45231.08
227.83	45310.42
227.90	45375.41
227.97	45448.87
228.04	45503.36
228.11	45539.43
228.19	45583.04
228.26	45650.79
228.33	45720.19
228.40	45786.12
228.47	45860.68
228.55	45927.89
228.62	45992.88
228.69	46053.98
228.76	46115.57
228.83	46175.54
228.90	46241.14
228.98	46305.01
229.05	46366.21
229.12	46445.59
229.19	46523.37
229.26	46595.41
229.34	46643.81
229.41	46694.74
229.48	46738.44
229.55	46785.70
229.62	46836.05
229.69	46900.28
229.77	46944.04
229.84	46978.18
229.91	47005.09
229.98	47023.45
230.05	47041.29
230.12	47091.66
230.20	47158.99
230.27	47233.03
230.34	47310.00
230.41	47391.67
230.48	47450.23
230.55	47501.43
230.63	47547.64
230.70	47595.96
230.77	47626.55
230.84	47659.04
230.91	47683.69
230.98	47722.18
231.06	47765.65
231.13	47823.89
231.20	47901.48
231.27	47971.91
231.34	48027.05
231.41	48080.02
231.49	48134.03
231.56	48177.88
231.63	48235.84
231.70	48289.38
231.77	48327.08
231.84	48349.13
231.92	48361.60
231.99	48371.09
232.06	48389.70
232.13	48419.79
232.20	48472.77
232.27	48527.19
232.34	48576.66
232.42	48606.28
232.49	48640.78
232.56	48677.17
232.63	48737.18
232.70	48789.57
232.77	48864.63
232.85	48927.62
232.92	48967.96
232.99	48988.32
233.06	49011.37
233.13	49023.07
233.20	49027.50
233.27	49044.06
233.35	49046.83
233.42	49050.17
233.49	49060.78
233.56	49094.31
233.63	49114.52
233.70	49138.58
233.77	49177.45
233.85	49209.31
233.92	49238.46
233.99	49275.73
234.06	49325.90
234.13	49367.78
234.20	49422.82
234.27	49453.12
234.35	49480.63
234.42	49489.39
234.49	49493.87
234.56	49490.42
234.63	49485.75
234.70	49485.52
234.77	49489.57
234.84	49474.85
234.92	49447.51
234.99	49445.44
235.06	49453.37
235.13	49480.54
235.20	49517.35
235.27	49570.02
235.34	49605.11
235.41	49647.99
235.49	49665.99
235.56	49694.61
235.63	49708.91
235.70	49717.74
235.77	49700.68
235.84	49690.02
235.91	49666.87
235.98	49650.15
236.06	49652.24
236.13	49654.98
236.20	49666.95
236.27	49670.54
236.34	49687.27
236.41	49700.84
236.48	49705.11
236.55	49699.55
236.63	49702.23
236.70	49692.09
236.77	49684.39
236.84	49687.72
236.91	49688.34
236.98	49679.59
237.05	49681.93
237.12	49673.64
237.19	49662.37
237.27	49659.17
237.34	49661.66
237.41	49653.21
237.48	49642.30
237.55	49625.06
237.62	49607.06
237.69	49612.25
237.76	49619.72
237.83	49631.14
237.91	49646.22
237.98	49667.18
238.05	49670.37
238.12	49669.07
238.19	49661.13
238.26	49667.69
238.33	49660.79
238.40	49639.03
238.47	49618.10
238.54	49604.13
238.62	49578.54
238.69	49553.23
238.76	49536.10
238.83	49525.09
238.90	49534.30
238.97	49543.91
239.04	49560.69
239.11	49578.64
239.18	49599.36
239.25	49599.60
239.33	49584.16
239.40	49563.20
239.47	49536.71
239.54	49490.90
239.61	49434.53
239.68	49388.23
239.75	49355.05
239.82	49333.68
239.89	49313.20
239.96	49313.16
240.03	49323.55
240.11	49337.19
240.18	49354.26
240.25	49370.09
240.32	49376.75
240.39	49381.06
240.46	49378.77
240.53	49392.55
240.60	49418.31
240.67	49442.69
240.74	49461.87
240.81	49480.06
240.88	49467.97
240.96	49451.53
241.03	49432.15
241.10	49413.35
241.17	49381.95
241.24	49364.97
241.31	49350.57
241.38	49338.15
241.45	49332.07
241.52	49337.98
241.59	49336.90
241.66	49350.61
241.73	49366.28
241.80	49377.97
241.88	49371.82
241.95	49353.11
242.02	49305.59
242.09	49246.29
242.16	49185.82
242.23	49155.97
242.30	49144.18
242.37	49139.61
242.44	49153.61
242.51	49159.59
242.58	49149.08
242.65	49144.55
242.72	49158.97
242.79	49157.74
242.87	49166.47
242.94	49170.60
243.01	49161.81
243.08	49148.85
243.15	49142.84
243.22	49139.06
243.29	49153.09
243.36	49163.95
243.43	49179.88
243.50	49199.72
243.57	49215.81
243.64	49220.66
243.71	49241.41
243.78	49245.13
243.85	49239.49
243.92	49221.20
243.99	49210.40
244.07	49186.32
244.14	49163.86
244.21	49160.74
244.28	49175.51
244.35	49187.71
244.42	49214.37
244.49	49242.70
244.56	49264.06
244.63	49276.86
244.70	49277.80
244.77	49278.54
244.84	49279.84
244.91	49260.36
244.98	49248.44
245.05	49258.52
245.12	49274.36
245.19	49294.68
245.26	49327.26
245.33	49374.08
245.40	49408.65
245.47	49431.10
245.55	49450.46
245.62	49467.62
245.69	49471.37
245.76	49481.52
245.83	49500.31
245.90	49510.43
245.97	49518.40
246.04	49531.32
246.11	49534.08
246.18	49524.01
246.25	49517.63
246.32	49515.58
246.39	49509.41
246.46	49516.68
246.53	49534.91
246.60	49544.23
246.67	49571.29
246.74	49601.99
246.81	49625.88
246.88	49643.52
246.95	49673.81
247.02	49690.05
247.09	49699.51
247.16	49704.52
247.23	49688.80
247.30	49661.28
247.37	49632.44
247.44	49610.57
247.51	49592.31
247.58	49596.38
247.66	49633.78
247.73	49684.10
247.80	49732.20
247.87	49783.36
247.94	49843.75
248.01	49896.21
248.08	49933.40
248.15	49970.47
248.22	49999.24
248.29	50027.45
248.36	50045.17
248.43	50073.14
248.50	50098.28
248.57	50128.31
248.64	50147.25
248.71	50174.26
248.78	50194.97
248.85	50215.91
248.92	50237.22
248.99	50249.98
249.06	50242.95
249.13	50222.62
249.20	50207.24
249.27	50180.35
249.34	50175.13
249.41	50183.11
249.48	50203.12
249.55	50211.41
249.62	50238.96
249.69	50256.53
249.76	50287.11
249.83	50314.84
249.90	50352.42
249.97	50384.59
250.04	50430.79
250.11	50478.58
250.18	50532.46
250.25	50578.47
250.32	50602.35
250.39	50622.68
250.46	50631.14
250.53	50640.51
250.60	50647.86
250.67	50682.00
250.74	50709.96
250.81	50702.50
250.88	50689.10
250.95	50687.58
251.02	50676.48
251.09	50654.36
251.16	50684.58
251.23	50722.47
251.30	50768.36
251.37	50799.21
251.44	50837.79
251.51	50872.41
251.58	50895.94
251.65	50908.98
251.72	50935.50
251.79	50957.06
251.86	50939.36
251.93	50909.16
252.00	50869.29
252.07	50825.05
252.14	50793.48
252.21	50791.14
252.28	50816.34
252.35	50852.25
252.42	50912.72
252.49	50961.75
252.56	51001.69
252.63	51045.00
252.70	51071.51
252.77	51081.27
252.84	51084.89
252.91	51073.17
252.98	51048.74
253.05	51035.91
253.12	51028.93
253.19	51041.20
253.25	51083.49
253.32	51115.62
253.39	51151.12
253.46	51177.56
253.53	51192.33
253.60	51170.54
253.67	51168.50
253.74	51180.41
253.81	51207.40
253.88	51226.88
253.95	51265.12
254.02	51289.12
254.09	51300.21
254.16	51297.72
254.23	51289.39
254.30	51275.07
254.37	51274.90
254.44	51279.12
254.51	51296.12
254.58	51312.08
254.65	51336.89
254.72	51342.23
254.79	51319.09
254.86	51289.52
254.93	51267.12
255.00	51255.42
255.07	51258.13
255.14	51278.34
255.21	51271.97
255.28	51254.46
255.34	51224.69
255.41	51210.07
255.48	51212.32
255.55	51235.36
255.62	51274.06
255.69	51316.57
255.76	51350.08
255.83	51374.84
255.90	51391.03
255.97	51413.29
256.04	51416.51
256.11	51416.91
256.18	51409.79
256.25	51396.46
256.32	51372.05
256.39	51355.12
256.46	51321.81
256.53	51292.77
256.60	51268.21
256.67	51244.24
256.74	51224.23
256.80	51218.79
256.87	51204.77
256.94	51187.31
257.01	51181.41
257.08	51184.01
257.15	51182.18
257.22	51176.20
257.29	51175.63
257.36	51164.25
257.43	51155.05
257.50	51136.24
257.57	51113.67
257.64	51102.20
257.71	51081.86
257.78	51048.75
257.85	51029.09
257.92	51039.94
257.98	51040.90
258.05	51048.14
258.12	51057.32
258.19	51046.42
258.26	51004.25
258.33	50950.63
258.40	50918.09
258.47	50885.35
258.54	50875.57
258.61	50891.39
258.68	50921.04
258.75	50937.31
258.82	50957.57
258.89	50947.76
258.95	50913.64
259.02	50879.04
259.09	50828.77
259.16	50766.22
259.23	50714.58
259.30	50677.08
259.37	50648.91
259.44	50634.27
259.51	50628.81
259.58	50633.11
259.65	50631.41
259.72	50614.11
259.79	50575.79
259.85	50540.88
259.92	50510.80
259.99	50488.96
260.06	50480.85
260.13	50476.90
260.20	50466.33
260.27	50432.05
260.34	50379.57
260.41	50322.01
260.48	50275.93
260.55	50240.97
260.62	50207.95
260.68	50180.21
260.75	50157.24
260.82	50144.10
260.89	50129.09
260.96	50121.06
261.03	50119.75
261.10	50105.62
261.17	50088.13
261.24	50057.47
261.31	50025.62
261.38	49980.29
261.44	49938.90
261.51	49888.26
261.58	49849.11
261.65	49812.22
261.72	49779.50
261.79	49729.12
261.86	49676.29
261.93	49628.28
262.00	49589.92
262.07	49549.25
262.13	49526.94
262.20	49511.92
262.27	49482.39
262.34	49451.21
262.41	49412.72
262.48	49369.54
262.55	49328.98
262.62	49288.55
262.69	49229.43
262.76	49185.67
262.82	49138.59
262.89	49088.24
262.96	49042.56
263.03	49010.31
263.10	48971.03
263.17	48928.08
263.24	48876.44
263.31	48838.82
263.38	48797.78
263.44	48775.00
263.51	48747.11
263.58	48730.26
263.65	48694.46
263.72	48654.57
263.79	48592.69
263.86	48536.28
263.93	48469.13
264.00	48416.13
264.06	48377.34
264.13	48349.48
264.20	48332.41
264.27	48314.33
264.34	48284.97
264.41	48241.17
264.48	48203.54
264.55	48162.35
264.61	48130.97
264.68	48098.06
264.75	48070.97
264.82	48003.43
264.89	47929.38
264.96	47851.49
265.03	47776.66
265.10	47715.11
265.16	47686.49
265.23	47660.65
265.30	47652.25
265.37	47633.71
265.44	47599.74
265.51	47574.18
265.58	47543.15
265.65	47495.12
265.71	47448.95
265.78	47410.49
265.85	47347.59
265.92	47284.78
265.99	47227.18
266.06	47176.93
266.13	47114.30
266.20	47074.16
266.26	47057.35
266.33	47024.41
266.40	46974.67
266.47	46917.82
266.54	46838.78
266.61	46755.11
266.68	46678.82
266.74	46616.85
266.81	46579.59
266.88	46548.45
266.95	46497.06
267.02	46459.30
267.09	46413.47
267.16	46354.45
267.22	46316.18
267.29	46289.32
267.36	46263.73
267.43	46239.86
267.50	46208.49
267.57	46156.85
267.64	46102.58
267.70	46055.66
267.77	46010.63
267.84	45973.94
267.91	45927.54
267.98	45883.54
268.05	45814.51
268.11	45744.78
268.18	45679.81
268.25	45620.66
268.32	45568.76
268.39	45525.04
268.46	45489.39
268.53	45463.03
268.59	45448.82
268.66	45431.82
268.73	45406.09
268.80	45374.24
268.87	45324.72
268.94	45282.09
269.00	45240.17
269.07	45199.83
269.14	45159.96
269.21	45122.27
269.28	45085.67
269.35	45037.47
269.41	44994.48
269.48	44950.01
269.55	44894.66
269.62	44823.47
269.69	44763.85
269.76	44695.04
269.82	44635.02
269.89	44592.34
269.96	44574.76
270.03	44551.43
270.10	44538.84
270.17	44510.91
270.23	44485.98
270.30	44444.30
270.37	44407.89
270.44	44372.72
270.51	44341.40
270.58	44299.84
270.64	44267.29
270.71	44227.85
270.78	44193.04
270.85	44152.51
270.92	44110.77
270.99	44061.09
271.05	44013.58
271.12	43958.94
271.19	43907.96
271.26	43862.91
271.33	43817.73
271.39	43775.09
271.46	43714.91
271.53	43674.70
271.60	43644.81
271.67	43619.55
271.74	43591.14
271.80	43581.88
271.87	43570.65
271.94	43537.18
272.01	43491.44
272.08	43454.04
272.14	43408.54
272.21	43375.05
272.28	43352.55
272.35	43334.73
272.42	43307.10
272.48	43301.68
272.55	43275.26
272.62	43258.22
272.69	43250.19
272.76	43253.77
272.83	43227.49
272.89	43202.72
272.96	43161.94
273.03	43117.56
273.10	43068.28
273.17	43025.74
273.23	42979.36
273.30	42937.10
273.37	42897.12
273.44	42860.00
273.51	42839.71
273.57	42831.36
273.64	42817.30
273.71	42813.89
273.78	42806.21
273.85	42789.31
273.91	42760.21
273.98	42747.95
274.05	42716.36
274.12	42686.80
274.19	42661.31
274.25	42632.00
274.32	42601.96
274.39	42564.60
274.46	42509.90
274.53	42447.21
274.59	42386.96
274.66	42329.34
274.73	42284.80
274.80	42251.36
274.86	42225.49
274.93	42208.09
275.00	42191.46
275.07	42165.85
275.14	42134.76
275.20	42092.91
275.27	42055.66
275.34	42007.58
275.41	41969.08
275.48	41951.29
275.54	41950.29
275.61	41931.25
275.68	41913.90
275.75	41892.98
275.81	41852.48
275.88	41811.56
275.95	41784.56
276.02	41747.45
276.09	41706.71
276.15	41673.41
276.22	41644.87
276.29	41623.46
276.36	41591.11
276.42	41565.73
276.49	41537.32
276.56	41482.90
276.63	41409.10
276.70	41363.36
276.76	41334.25
276.83	41317.70
276.90	41316.96
276.97	41322.03
277.03	41320.74
277.10	41310.35
277.17	41299.83
277.24	41282.09
277.30	41269.33
277.37	41248.40
277.44	41216.68
277.51	41173.48
277.58	41135.38
277.64	41102.05
277.71	41071.86
277.78	41045.00
277.85	40999.10
277.91	40953.81
277.98	40902.53
278.05	40853.72
278.12	40804.18
278.18	40773.18
278.25	40751.03
278.32	40728.01
278.39	40723.72
278.45	40725.47
278.52	40726.17
278.59	40706.54
278.66	40682.11
278.72	40647.10
278.79	40614.44
278.86	40580.64
278.93	40566.69
278.99	40555.77
279.06	40538.76
279.13	40513.52
279.20	40504.55
279.26	40485.00
279.33	40467.88
279.40	40446.06
279.47	40417.69
279.53	40378.21
279.60	40337.11
279.67	40299.19
279.74	40257.30
279.80	40225.54
279.87	40198.05
279.94	40167.98
280.01	40135.66
280.07	40112.82
280.14	40082.62
280.21	40049.38
280.28	40016.73
280.34	39981.31
280.41	39936.68
280.48	39890.90
280.55	39851.26
280.61	39814.41
280.68	39796.26
280.75	39774.71
280.82	39750.57
280.88	39713.55
280.95	39668.90
281.02	39604.59
281.08	39539.76
281.15	39475.87
281.22	39417.17
281.29	39355.12
281.35	39283.76
281.42	39231.64
281.49	39170.55
281.56	39105.10
281.62	39059.78
281.69	39026.82
281.76	38994.54
281.82	38974.36
281.89	38964.00
281.96	38941.93
282.03	38915.72
282.09	38881.30
282.16	38846.27
282.23	38800.40
282.30	38760.16
282.36	38722.78
282.43	38694.66
282.50	38678.35
282.56	38646.43
282.63	38622.07
282.70	38600.12
282.77	38577.80
282.83	38549.23
282.90	38539.56
282.97	38526.66
283.03	38512.76
283.10	38495.83
283.17	38485.15
283.24	38460.74
283.30	38424.64
283.37	38391.08
283.44	38353.14
283.50	38298.53
283.57	38255.35
283.64	38206.79
283.71	38149.42
283.77	38097.21
283.84	38065.67
283.91	38035.77
283.97	38023.60
284.04	38024.79
284.11	38013.77
284.18	37995.40
284.24	37981.40
284.31	37971.49
284.38	37953.80
284.44	37949.09
284.51	37939.52
284.58	37937.33
284.64	37924.74
284.71	37912.14
284.78	37890.47
284.85	37875.09
284.91	37848.44
284.98	37827.89
285.05	37791.29
285.11	37760.21
285.18	37724.60
285.25	37696.00
285.31	37670.48
285.38	37659.00
285.45	37649.25
285.52	37637.55
285.58	37616.50
285.65	37589.25
285.72	37563.50
285.78	37535.95
285.85	37519.26
285.92	37504.83
285.98	37487.59
286.05	37471.58
286.12	37461.75
286.18	37443.86
286.25	37430.77
286.32	37412.77
286.39	37403.93
286.45	37376.08
286.52	37342.79
286.59	37310.33
286.65	37290.76
286.72	37272.01
286.79	37267.65
286.85	37270.19
286.92	37268.56
286.99	37262.67
287.05	37238.51
287.12	37225.45
287.19	37209.16
287.25	37203.19
287.32	37191.97
287.39	37193.55
287.45	37180.91
287.52	37167.93
287.59	37150.02
287.65	37135.31
287.72	37111.36
287.79	37082.64
287.86	37054.04
287.92	37018.75
287.99	36992.71
288.06	36984.23
288.12	36968.56
288.19	36958.43
288.26	36948.76
288.32	36930.17
288.39	36902.77
288.46	36890.16
288.52	36887.72
288.59	36890.75
288.66	36898.41
288.72	36899.27
288.79	36901.20
288.86	36883.55
288.92	36853.34
288.99	36818.66
289.06	36794.12
289.12	36765.46
289.19	36749.43
289.26	36743.11
289.32	36743.54
289.39	36739.67
289.45	36740.23
289.52	36728.61
289.59	36726.93
289.65	36714.02
289.72	36693.29
289.79	36678.68
289.85	36672.13
289.92	36657.10
289.99	36646.02
290.05	36639.21
290.12	36613.96
290.19	36587.58
290.25	36559.18
290.32	36531.33
290.39	36517.75
290.45	36517.80
290.52	36520.35
290.59	36522.88
290.65	36519.04
290.72	36497.38
290.79	36480.52
290.85	36469.17
290.92	36459.16
290.98	36456.86
291.05	36463.35
291.12	36458.95
291.18	36454.72
291.25	36446.70
291.32	36433.64
291.38	36416.44
291.45	36402.36
291.52	36378.09
291.58	36358.80
291.65	36345.10
291.72	36333.98
291.78	36323.18
291.85	36303.27
291.91	36285.94
291.98	36273.43
292.05	36259.08
292.11	36241.47
292.18	36237.35
292.25	36232.69
292.31	36212.99
292.38	36201.67
292.45	36198.51
292.51	36192.39
292.58	36177.31
292.64	36174.36
292.71	36162.42
292.78	36151.40
292.84	36130.12
292.91	36115.46
292.98	36101.51
293.04	36092.20
293.11	36072.56
293.17	36059.90
293.24	36057.19
293.31	36047.14
293.37	36034.04
293.44	36018.76
293.51	36014.54
293.57	35991.92
293.64	35973.42
293.70	35964.96
293.77	35949.50
293.84	35927.50
293.90	35913.51
293.97	35908.31
294.04	35894.90
294.10	35880.70
294.17	35869.53
294.23	35863.66
294.30	35843.31
294.37	35821.96
294.43	35823.24
294.50	35811.38
294.56	35796.68
294.63	35779.91
294.70	35768.29
294.76	35750.40
294.83	35745.91
294.90	35738.75
294.96	35743.51
295.03	35735.14
295.09	35733.96
295.16	35730.91
295.23	35714.57
295.29	35699.26
295.36	35684.01
295.42	35654.07
295.49	35627.69
295.56	35627.20
295.62	35614.92
295.69	35598.62
295.75	35595.10
295.82	35590.34
295.89	35558.72
295.95	35524.11
296.02	35503.68
296.08	35470.80
296.15	35427.31
296.22	35404.38
296.28	35389.17
296.35	35378.11
296.41	35363.12
296.48	35364.04
296.55	35367.66
296.61	35364.42
296.68	35360.83
296.74	35363.42
296.81	35356.32
296.88	35334.39
296.94	35313.51
297.01	35294.05
297.07	35266.54
297.14	35247.34
297.20	35238.03
297.27	35242.25
297.34	35243.11
297.40	35251.50
297.47	35245.13
297.53	35225.54
297.60	35205.74
297.67	35176.04
297.73	35145.41
297.80	35115.31
297.86	35088.71
297.93	35055.99
298.00	35035.26
298.06	35013.45
298.13	35011.52
298.19	35006.48
298.26	34999.84
298.32	35001.85
298.39	34989.91
298.46	34963.20
298.52	34941.39
298.59	34918.33
298.65	34881.50
298.72	34865.68
298.78	34849.73
298.85	34835.56
298.92	34818.07
298.98	34797.25
299.05	34771.61
299.11	34750.49
299.18	34710.87
299.24	34677.40
299.31	34638.44
299.38	34610.62
299.44	34568.52
299.51	34558.29
299.57	34548.96
299.64	34549.04
299.70	34538.94
299.77	34528.71
299.84	34502.81
299.90	34460.67
299.97	34417.14
300.03	34377.54
300.10	34357.12
300.16	34334.22
300.23	34324.12
300.30	34308.30
300.36	34289.56
300.43	34263.48
300.49	34238.49
300.56	34215.95
300.62	34196.71
300.69	34176.87
300.75	34156.27
300.82	34131.70
300.89	34099.46
300.95	34075.03
301.02	34037.48
301.08	33996.12
301.15	33964.82
301.21	33945.93
301.28	33910.31
301.34	33883.73
301.41	33859.34
301.48	33835.67
301.54	33797.80
301.61	33776.58
301.67	33751.39
301.74	33726.38
301.80	33686.45
301.87	33646.51
301.93	33591.49
302.00	33547.12
302.06	33489.61
302.13	33444.26
302.20	33410.23
302.26	33380.47
302.33	33347.25
302.39	33322.17
302.46	33285.62
302.52	33241.50
302.59	33193.69
302.65	33147.41
302.72	33103.27
302.78	33067.99
302.85	33038.45
302.91	33009.70
302.98	32978.85
303.05	32944.75
303.11	32917.80
303.18	32874.06
303.24	32839.84
303.31	32798.71
303.37	32759.56
303.44	32715.84
303.50	32677.85
303.57	32625.91
303.63	32579.98
303.70	32534.12
303.76	32481.43
303.83	32436.26
303.89	32398.30
303.96	32351.16
304.03	32302.14
304.09	32249.80
304.16	32189.82
304.22	32127.89
304.29	32072.56
304.35	32011.76
304.42	31973.17
304.48	31925.49
304.55	31878.06
304.61	31827.53
304.68	31786.98
304.74	31730.26
304.81	31687.32
304.87	31632.90
304.94	31582.98
305.00	31533.62
305.07	31476.07
305.13	31408.52
305.20	31357.17
305.26	31306.74
305.33	31251.96
305.39	31205.52
305.46	31153.16
305.52	31102.36
305.59	31052.84
305.66	30997.84
305.72	30942.43
305.79	30894.93
305.85	30837.62
305.92	30753.53
305.98	30638.48
306.05	30494.17
306.11	30341.72
306.18	30176.14
306.24	30034.85
306.31	29959.32
306.37	29948.41
306.44	29982.04
306.50	30043.21
306.57	30100.91
306.63	30128.90
306.70	30108.40
306.76	30055.96
306.83	29995.75
306.89	29922.96
306.96	29850.51
307.02	29790.15
307.09	29738.26
307.15	29679.86
307.22	29633.28
307.28	29582.88
307.35	29527.46
307.41	29452.27
307.48	29379.54
307.54	29310.23
307.61	29240.73
307.67	29173.46
307.74	29115.66
307.80	29063.88
307.87	29008.28
307.93	28947.23
308.00	28888.52
308.06	28838.07
308.13	28767.94
308.19	28700.57
308.26	28640.51
308.32	28581.31
308.38	28514.37
308.45	28455.72
308.51	28405.78
308.58	28345.06
308.64	28283.87
308.71	28230.24
308.77	28176.09
308.84	28105.40
308.90	28052.27
308.97	27989.18
309.03	27927.66
309.10	27866.50
309.16	27803.88
309.23	27730.42
309.29	27668.92
309.36	27579.17
309.42	27499.51
309.49	27433.18
309.55	27365.50
309.62	27298.96
309.68	27260.01
309.75	27200.01
309.81	27128.82
309.88	27071.55
309.94	27009.11
310.00	26939.35
310.07	26875.99
310.13	26826.26
310.20	26756.48
310.26	26687.82
310.33	26615.59
310.39	26559.29
310.46	26488.80
310.52	26435.24
310.59	26370.96
310.65	26316.66
310.72	26247.92
310.78	26184.66
310.85	26112.32
310.91	26054.60
310.97	25997.46
311.04	25943.71
311.10	25883.11
311.17	25829.62
311.23	25767.93
311.30	25709.03
311.36	25655.76
311.43	25608.57
311.49	25549.56
311.56	25497.43
311.62	25435.90
311.69	25377.40
311.75	25326.84
311.81	25266.55
311.88	25201.03
311.94	25143.52
312.01	25091.14
312.07	25028.88
312.14	24982.48
312.20	24935.65
312.27	24887.76
312.33	24823.34
312.40	24759.04
312.46	24696.24
312.52	24640.53
312.59	24575.93
312.65	24508.17
312.72	24443.61
312.78	24381.84
312.85	24312.57
312.91	24244.86
312.98	24189.31
313.04	24143.45
313.10	24089.75
313.17	24038.81
313.23	23992.34
313.30	23941.46
313.36	23877.94
313.43	23818.57
313.49	23764.28
313.56	23701.45
313.62	23636.65
313.68	23577.60
313.75	23521.96
313.81	23469.05
313.88	23420.54
313.94	23375.54
314.01	23329.50
314.07	23278.50
314.13	23223.26
314.20	23162.60
314.26	23107.17
314.33	23047.87
314.39	22994.61
314.46	22929.83
314.52	22888.33
314.58	22833.39
314.65	22779.86
314.71	22721.52
314.78	22671.60
314.84	22609.34
314.91	22555.00
314.97	22501.28
315.03	22449.64
315.10	22398.73
315.16	22338.18
315.23	22285.15
315.29	22240.64
315.36	22189.51
315.42	22137.89
315.48	22090.76
315.55	22046.21
315.61	21986.78
315.68	21937.42
315.74	21880.85
315.81	21823.43
315.87	21757.66
315.93	21710.09
316.00	21670.16
316.06	21636.80
316.13	21607.55
316.19	21556.80
316.25	21464.49
316.32	21330.35
316.38	21158.36
316.45	20945.44
316.51	20724.18
316.58	20492.24
316.64	20251.75
316.70	20022.18
316.77	19782.22
316.83	19534.37
316.90	19285.84
316.96	19036.92
317.02	18780.69
317.09	18540.14
317.15	18294.80
317.22	18052.35
317.28	17809.96
317.34	17565.08
317.41	17321.12
317.47	17084.00
317.54	16838.24
317.60	16597.04
317.66	16351.63
317.73	16098.97
317.79	15851.46
317.86	15610.12
317.92	15363.31
317.98	15113.12
318.05	14864.03
318.11	14608.73
318.18	14360.47
318.24	14108.28
318.30	13859.73
318.37	13610.74
318.43	13354.37
318.50	13092.66
318.56	12826.88
318.62	12566.16
318.69	12299.91
318.75	12034.94
318.82	11762.82
318.88	11496.88
318.94	11219.45
319.01	10946.06
319.07	10672.75
319.13	10397.11
319.20	10120.00
319.26	9837.87
319.33	9554.24
319.39	9264.51
319.45	8983.86
319.52	8699.16
319.58	8419.41
319.65	8135.44
319.71	7853.05
319.77	7572.74
319.84	7294.88
319.90	7025.84
319.96	6753.68
320.03	6487.30
320.09	6222.90
320.16	5958.55
320.22	5700.82
320.28	5453.11
320.35	5212.23
320.41	4976.84
320.47	4753.40
320.54	4529.06
320.60	4320.16
320.67	4117.70
320.73	3919.73
320.79	3727.98
320.86	3552.52
320.92	3375.20
320.98	3212.22
321.05	3055.46
321.11	2903.34
321.18	2758.41
321.24	2627.31
321.30	2495.59
321.37	2377.15
321.43	2274.31
321.49	2170.69
321.56	2073.45
321.62	1987.65
321.68	1900.28
321.75	1817.77
321.81	1742.94
321.88	1671.97
321.94	1607.83
322.00	1549.39
322.07	1485.84
322.13	1426.90
322.19	1367.41
322.26	1305.18
322.32	1248.72
322.38	1201.32
322.45	1158.17
322.51	1112.77
322.58	1075.01
322.64	1030.03
322.70	988.47
322.77	941.24
322.83	906.24
322.89	861.20
322.96	821.82
323.02	782.22
323.08	742.41
323.15	701.58
323.21	666.85
323.27	632.54
323.34	597.81
323.40	565.91
323.46	532.63
323.53	494.64
323.59	415.85
323.65	311.44
323.72	194.72
323.78	83.95
323.85	-16.02
323.91	-66.79
323.97	-86.02
324.04	-86.65
