180.21	3430.08
180.28	-125.69
180.36	634.32
180.44	-43.63
180.51	-9.24
180.59	18.84
180.66	50.93
180.74	51.81
180.81	53.67
180.89	58.00
180.97	60.57
181.04	60.99
181.12	62.13
181.19	65.57
181.27	68.38
181.34	88.25
181.42	96.48
181.50	104.40
181.57	115.29
181.65	120.73
181.72	115.27
181.80	111.70
181.87	116.66
181.95	124.28
182.03	133.08
182.10	147.15
182.18	163.35
182.25	185.78
182.33	204.98
182.40	230.58
182.48	245.29
182.55	276.10
182.63	295.15
182.71	312.53
182.78	329.14
182.86	338.56
182.93	323.03
183.01	307.74
183.08	287.43
183.16	277.03
183.23	273.42
183.31	298.68
183.39	329.31
183.46	377.87
183.54	418.88
183.61	474.36
183.69	529.56
183.76	594.25
183.84	650.52
183.91	711.84
183.99	772.48
184.06	819.45
184.14	874.04
184.22	912.97
184.29	919.37
184.37	917.64
184.44	890.06
184.52	800.48
184.59	701.73
184.67	632.28
184.74	569.67
184.82	557.68
184.89	609.14
184.97	703.34
185.04	804.90
185.12	911.04
185.20	1012.48
185.27	1117.14
185.35	1206.72
185.42	1275.10
185.50	1352.05
185.57	1406.34
185.65	1461.42
185.72	1533.34
185.80	1609.54
185.87	1675.76
185.95	1763.77
186.02	1820.68
186.10	1822.35
186.17	1782.46
186.25	1654.78
186.33	1458.41
186.40	1290.37
186.48	1191.06
186.55	1172.97
186.63	1252.27
186.70	1423.33
186.78	1585.83
186.85	1731.80
186.93	1853.68
187.00	1987.48
187.08	2093.14
187.15	2223.61
187.23	2357.02
187.30	2473.02
187.38	2591.56
187.45	2727.80
187.53	2825.49
187.60	2914.64
187.68	3037.15
187.75	3120.79
187.83	3160.43
187.90	3199.00
187.98	3194.73
188.05	3074.76
188.13	2842.43
188.21	2584.89
188.28	2366.26
188.36	2201.47
188.43	2170.85
188.51	2305.59
188.58	2517.84
188.66	2711.22
188.73	2908.62
188.81	3090.84
188.88	3250.38
188.96	3383.74
189.03	3531.35
189.11	3670.98
189.18	3780.63
189.26	3888.16
189.33	4013.68
189.41	4106.35
189.48	4192.80
189.56	4301.94
189.63	4382.15
189.71	4431.88
189.78	4490.89
189.86	4510.58
189.93	4475.26
190.01	4399.04
190.08	4240.25
190.16	3958.81
190.23	3663.84
190.31	3453.92
190.38	3336.07
190.46	3351.08
190.53	3515.69
190.61	3757.09
190.68	3965.52
190.76	4169.49
190.83	4338.47
190.91	4503.35
190.98	4636.38
191.06	4784.78
191.13	4911.79
191.21	5023.72
191.28	5128.38
191.35	5237.70
191.43	5312.16
191.50	5379.25
191.58	5458.17
191.65	5507.89
191.73	5541.24
191.80	5572.80
191.88	5578.34
191.95	5568.23
192.03	5567.03
192.10	5552.97
192.18	5518.06
192.25	5435.99
192.33	5271.08
192.40	5075.20
192.48	4922.62
192.55	4833.51
192.63	4839.28
192.70	4968.22
192.78	5158.58
192.85	5349.48
192.93	5520.69
193.00	5657.78
193.08	5785.97
193.15	5890.69
193.22	5978.44
193.30	6051.16
193.37	6129.50
193.45	6179.63
193.52	6236.40
193.60	6288.37
193.67	6339.74
193.75	6386.55
193.82	6433.00
193.90	6464.76
193.97	6501.02
194.05	6537.86
194.12	6569.85
194.20	6612.01
194.27	6656.78
194.34	6678.93
194.42	6686.72
194.49	6692.98
194.57	6669.34
194.64	6595.06
194.72	6508.89
194.79	6429.77
194.87	6362.49
194.94	6333.18
195.02	6363.33
195.09	6432.86
195.17	6527.50
195.24	6631.50
195.31	6734.44
195.39	6839.32
195.46	6933.93
195.54	7019.27
195.61	7088.39
195.69	7139.98
195.76	7176.12
195.84	7213.61
195.91	7221.37
195.99	7222.63
196.06	7226.06
196.13	7231.12
196.21	7226.92
196.28	7229.71
196.36	7233.87
196.43	7229.59
196.51	7219.07
196.58	7219.73
196.66	7234.59
196.73	7268.81
196.80	7317.67
196.88	7376.27
196.95	7438.83
197.03	7492.82
197.10	7517.78
197.18	7530.19
197.25	7535.57
197.33	7541.67
197.40	7554.48
197.47	7569.65
197.55	7596.21
197.62	7624.45
197.70	7644.30
197.77	7656.74
197.85	7671.19
197.92	7671.69
197.99	7653.58
198.07	7622.07
198.14	7599.42
198.22	7603.81
198.29	7632.47
198.37	7696.37
198.44	7790.41
198.51	7876.66
198.59	7948.93
198.66	8019.68
198.74	8072.58
198.81	8106.71
198.89	8133.35
198.96	8155.42
199.03	8155.52
199.11	8162.43
199.18	8164.80
199.26	8171.60
199.33	8179.74
199.41	8191.62
199.48	8168.80
199.55	8134.88
199.63	8093.65
199.70	8066.19
199.78	8056.27
199.85	8104.75
199.93	8186.32
200.00	8298.56
200.07	8400.83
200.15	8497.57
200.22	8566.27
200.30	8615.98
200.37	8653.55
200.44	8683.82
200.52	8707.93
200.59	8738.77
200.67	8759.64
200.74	8766.93
200.81	8772.12
200.89	8774.73
200.96	8782.29
201.04	8778.87
201.11	8774.42
201.19	8762.55
201.26	8751.22
201.33	8739.36
201.41	8768.78
201.48	8829.93
201.56	8920.49
201.63	9028.80
201.70	9131.58
201.78	9213.07
201.85	9284.03
201.93	9332.79
202.00	9368.29
202.07	9398.64
202.15	9422.21
202.22	9435.32
202.30	9462.02
202.37	9485.90
202.44	9514.58
202.52	9548.08
202.59	9578.81
202.67	9594.43
202.74	9618.33
202.81	9628.09
202.89	9631.87
202.96	9653.16
203.04	9702.91
203.11	9760.40
203.18	9847.32
203.26	9951.78
203.33	10045.20
203.41	10111.73
203.48	10169.98
203.55	10196.52
203.63	10224.15
203.70	10258.41
203.77	10300.43
203.85	10339.48
203.92	10390.67
204.00	10453.70
204.07	10510.74
204.14	10570.07
204.22	10618.65
204.29	10672.41
204.37	10701.30
204.44	10727.44
204.51	10757.23
204.59	10794.21
204.66	10837.00
204.73	10901.90
204.81	10976.71
204.88	11057.17
204.96	11146.54
205.03	11226.32
205.10	11283.24
205.18	11336.97
205.25	11382.02
205.32	11428.25
205.40	11477.93
205.47	11545.11
205.55	11612.67
205.62	11684.88
205.69	11761.08
205.77	11838.30
205.84	11908.27
205.91	11975.88
205.99	12041.04
206.06	12091.54
206.14	12146.12
206.21	12202.24
206.28	12253.13
206.36	12311.54
206.43	12374.96
206.50	12446.69
206.58	12521.08
206.65	12600.12
206.72	12667.08
206.80	12734.76
206.87	12795.42
206.95	12865.78
207.02	12950.53
207.09	13051.61
207.17	13163.33
207.24	13273.62
207.31	13372.42
207.39	13460.70
207.46	13539.58
207.53	13608.33
207.61	13688.77
207.68	13764.88
207.75	13850.35
207.83	13934.89
207.90	14020.82
207.98	14089.53
208.05	14175.47
208.12	14247.52
208.20	14326.88
208.27	14403.94
208.34	14479.38
208.42	14540.89
208.49	14609.31
208.56	14677.73
208.64	14761.23
208.71	14856.64
208.78	14952.48
208.86	15063.58
208.93	15174.46
209.00	15286.31
209.08	15388.44
209.15	15502.98
209.22	15612.57
209.30	15719.95
209.37	15823.62
209.44	15941.64
209.52	16055.55
209.59	16156.52
209.67	16255.33
209.74	16349.50
209.81	16449.57
209.89	16539.31
209.96	16626.94
210.03	16713.81
210.11	16797.57
210.18	16865.98
210.25	16956.65
210.33	17064.27
210.40	17175.26
210.47	17297.41
210.55	17428.69
210.62	17544.66
210.69	17649.39
210.77	17764.37
210.84	17879.48
210.91	18002.21
210.99	18127.53
211.06	18258.63
211.13	18389.24
211.21	18513.02
211.28	18624.96
211.35	18743.39
211.42	18861.27
211.50	18972.43
211.57	19083.54
211.64	19187.17
211.72	19280.36
211.79	19366.76
211.86	19455.53
211.94	19567.82
212.01	19688.89
212.08	19819.64
212.16	19953.55
212.23	20097.70
212.30	20227.59
212.38	20359.27
212.45	20492.40
212.52	20629.75
212.60	20758.18
212.67	20888.74
212.74	21024.81
212.82	21154.01
212.89	21283.92
212.96	21417.05
213.03	21549.85
213.11	21687.58
213.18	21827.41
213.25	21971.25
213.33	22104.80
213.40	22222.56
213.47	22330.36
213.55	22430.37
213.62	22525.09
213.69	22634.77
213.77	22759.21
213.84	22891.07
213.91	23042.52
213.98	23195.26
214.06	23340.88
214.13	23496.64
214.20	23655.33
214.28	23814.85
214.35	23963.85
214.42	24119.02
214.50	24265.27
214.57	24397.73
214.64	24521.18
214.72	24654.26
214.79	24783.08
214.86	24909.08
214.93	25040.46
215.01	25190.28
215.08	25319.35
215.15	25438.37
215.23	25543.36
215.30	25654.14
215.37	25759.27
215.44	25900.71
215.52	26063.84
215.59	26240.95
215.66	26412.06
215.74	26577.10
215.81	26729.22
215.88	26875.60
215.95	27015.22
216.03	27157.12
216.10	27301.00
216.17	27446.06
216.25	27593.50
216.32	27754.73
216.39	27913.71
216.46	28062.97
216.54	28203.37
216.61	28335.13
216.68	28453.92
216.76	28586.49
216.83	28719.83
216.90	28864.24
216.97	29011.33
217.05	29163.19
217.12	29297.09
217.19	29414.61
217.27	29508.69
217.34	29611.73
217.41	29722.42
217.48	29843.66
217.56	29986.46
217.63	30161.97
217.70	30334.23
217.78	30502.77
217.85	30667.10
217.92	30837.61
217.99	31003.41
218.07	31151.04
218.14	31288.84
218.21	31437.97
218.28	31582.42
218.36	31727.32
218.43	31878.30
218.50	32032.44
218.57	32166.48
218.65	32283.17
218.72	32388.94
218.79	32496.08
218.87	32607.15
218.94	32729.15
219.01	32868.11
219.08	33006.66
219.16	33152.31
219.23	33287.03
219.30	33418.30
219.37	33550.20
219.45	33683.33
219.52	33820.36
219.59	33952.36
219.66	34087.64
219.74	34222.24
219.81	34382.60
219.88	34528.16
219.95	34681.19
220.03	34830.99
220.10	34974.75
220.17	35091.96
220.24	35215.62
220.32	35341.27
220.39	35464.18
220.46	35575.19
220.53	35692.49
220.61	35798.15
220.68	35915.23
220.75	36039.83
220.82	36183.64
220.90	36303.20
220.97	36414.92
221.04	36512.89
221.11	36605.86
221.19	36702.12
221.26	36817.17
221.33	36953.72
221.40	37090.34
221.48	37230.70
221.55	37359.08
221.62	37487.36
221.69	37614.04
221.77	37740.69
221.84	37866.52
221.91	37998.43
221.98	38123.96
222.06	38249.50
222.13	38384.12
222.20	38496.47
222.27	38599.61
222.35	38701.88
222.42	38795.82
222.49	38873.09
222.56	38953.06
222.63	39038.66
222.71	39140.34
222.78	39250.67
222.85	39376.52
222.92	39508.15
223.00	39612.57
223.07	39700.20
223.14	39784.59
223.21	39859.51
223.29	39957.10
223.36	40083.54
223.43	40218.43
223.50	40351.77
223.57	40491.78
223.65	40623.60
223.72	40742.21
223.79	40852.27
223.86	40954.31
223.94	41049.12
224.01	41133.32
224.08	41201.37
224.15	41259.86
224.22	41324.62
224.30	41377.48
224.37	41437.84
224.44	41523.50
224.51	41624.88
224.59	41727.05
224.66	41848.36
224.73	41960.04
224.80	42066.34
224.87	42174.02
224.95	42281.26
225.02	42384.03
225.09	42477.58
225.16	42567.43
225.23	42658.17
225.31	42744.26
225.38	42826.58
225.45	42921.64
225.52	43015.23
225.60	43091.10
225.67	43143.80
225.74	43185.97
225.81	43226.04
225.88	43280.94
225.96	43369.64
226.03	43495.50
226.10	43629.45
226.17	43762.27
226.24	43885.87
226.32	43975.92
226.39	44050.74
226.46	44116.62
226.53	44176.62
226.60	44230.92
226.68	44288.62
226.75	44350.15
226.82	44426.58
226.89	44501.10
226.96	44570.99
227.04	44625.15
227.11	44671.94
227.18	44709.52
227.25	44742.44
227.32	44793.22
227.40	44870.47
227.47	44944.39
227.54	45021.38
227.61	45103.34
227.68	45174.67
227.76	45240.62
227.83	45319.93
227.90	45386.99
227.97	45456.71
228.04	45517.14
228.11	45564.19
228.19	45599.16
228.26	45660.62
228.33	45729.83
228.40	45795.44
228.47	45875.63
228.55	45957.33
228.62	46025.43
228.69	46081.59
228.76	46145.69
228.83	46201.75
228.90	46256.52
228.98	46316.95
229.05	46388.77
229.12	46466.00
229.19	46547.75
229.26	46622.06
229.34	46675.36
229.41	46719.98
229.48	46762.39
229.55	46796.29
229.62	46842.22
229.69	46897.34
229.77	46937.35
229.84	46975.12
229.91	47010.23
229.98	47036.29
230.05	47066.31
230.12	47118.34
230.20	47183.27
230.27	47255.25
230.34	47329.97
230.41	47411.12
230.48	47476.36
230.55	47527.49
230.63	47575.15
230.70	47626.04
230.77	47651.13
230.84	47675.91
230.91	47704.05
230.98	47742.24
231.06	47779.56
231.13	47843.54
231.20	47929.07
231.27	48000.60
231.34	48054.22
231.41	48114.27
231.49	48162.45
231.56	48195.97
231.63	48243.00
231.70	48299.11
231.77	48337.66
231.84	48362.26
231.92	48380.04
231.99	48392.76
232.06	48414.68
232.13	48450.93
232.20	48504.04
232.27	48559.68
232.34	48610.11
232.42	48634.03
232.49	48660.20
232.56	48698.15
232.63	48754.85
232.70	48809.12
232.77	48882.35
232.85	48942.72
232.92	48984.41
232.99	49001.90
233.06	49027.37
233.13	49039.01
233.20	49050.70
233.27	49063.72
233.35	49072.34
233.42	49076.56
233.49	49084.53
233.56	49112.72
233.63	49135.01
233.70	49165.33
233.77	49203.18
233.85	49246.60
233.92	49277.71
233.99	49310.83
234.06	49343.40
234.13	49384.08
234.20	49425.41
234.27	49450.03
234.35	49478.18
234.42	49500.93
234.49	49506.43
234.56	49514.02
234.63	49511.14
234.70	49506.50
234.77	49504.14
234.84	49490.16
234.92	49465.38
234.99	49466.97
235.06	49483.92
235.13	49506.74
235.20	49545.22
235.27	49596.10
235.34	49633.50
235.41	49673.27
235.49	49697.75
235.56	49726.38
235.63	49734.10
235.70	49734.76
235.77	49711.06
235.84	49705.12
235.91	49685.07
235.98	49674.66
236.06	49679.94
236.13	49689.68
236.20	49696.25
236.27	49690.09
236.34	49700.79
236.41	49711.41
236.48	49714.54
236.55	49711.82
236.63	49719.74
236.70	49713.80
236.77	49702.75
236.84	49705.85
236.91	49702.29
236.98	49694.88
237.05	49697.70
237.12	49694.48
237.19	49677.78
237.27	49673.02
237.34	49676.49
237.41	49661.79
237.48	49647.05
237.55	49639.52
237.62	49625.20
237.69	49633.77
237.76	49649.94
237.83	49658.33
237.91	49673.99
237.98	49692.43
238.05	49688.08
238.12	49678.36
238.19	49676.62
238.26	49680.45
238.33	49668.37
238.40	49648.22
238.47	49631.51
238.54	49619.97
238.62	49589.91
238.69	49565.61
238.76	49551.10
238.83	49536.53
238.90	49546.57
238.97	49559.37
239.04	49580.42
239.11	49597.72
239.18	49622.29
239.25	49614.75
239.33	49596.90
239.40	49578.57
239.47	49549.79
239.54	49504.70
239.61	49459.04
239.68	49416.77
239.75	49379.70
239.82	49352.35
239.89	49332.90
239.96	49332.99
240.03	49338.58
240.11	49352.78
240.18	49371.02
240.25	49385.46
240.32	49386.10
240.39	49392.94
240.46	49396.27
240.53	49411.82
240.60	49439.42
240.67	49468.50
240.74	49491.75
240.81	49505.93
240.88	49492.60
240.96	49472.02
241.03	49452.38
241.10	49430.70
241.17	49406.49
241.24	49388.70
241.31	49370.36
241.38	49360.76
241.45	49353.72
241.52	49359.55
241.59	49365.91
241.66	49387.61
241.73	49395.62
241.80	49396.38
241.88	49381.73
241.95	49357.58
242.02	49311.78
242.09	49258.10
242.16	49201.25
242.23	49174.32
242.30	49171.79
242.37	49171.25
242.44	49182.64
242.51	49192.36
242.58	49183.18
242.65	49162.21
242.72	49161.92
242.79	49162.55
242.87	49183.39
242.94	49190.88
243.01	49195.42
243.08	49192.15
243.15	49182.70
243.22	49166.45
243.29	49171.25
243.36	49186.49
243.43	49200.11
243.50	49227.02
243.57	49251.25
243.64	49264.11
243.71	49276.95
243.78	49288.22
243.85	49270.25
243.92	49248.82
243.99	49234.00
244.07	49210.62
244.14	49176.00
244.21	49179.01
244.28	49191.82
244.35	49209.13
244.42	49235.67
244.49	49270.85
244.56	49292.52
244.63	49303.17
244.70	49299.04
244.77	49301.64
244.84	49300.14
244.91	49280.33
244.98	49273.10
245.05	49285.07
245.12	49297.36
245.19	49322.91
245.26	49361.92
245.33	49400.98
245.40	49430.74
245.47	49451.91
245.55	49463.24
245.62	49474.11
245.69	49482.79
245.76	49501.81
245.83	49513.22
245.90	49519.99
245.97	49523.68
246.04	49541.81
246.11	49535.35
246.18	49531.47
246.25	49529.79
246.32	49528.11
246.39	49515.00
246.46	49525.28
246.53	49542.57
246.60	49556.71
246.67	49590.64
246.74	49624.02
246.81	49649.00
246.88	49666.49
246.95	49687.32
247.02	49693.31
247.09	49698.16
247.16	49696.59
247.23	49681.81
247.30	49666.49
247.37	49646.58
247.44	49636.15
247.51	49625.07
247.58	49638.36
247.66	49667.36
247.73	49716.30
247.80	49758.76
247.87	49821.17
247.94	49886.41
248.01	49937.70
248.08	49983.00
248.15	50014.97
248.22	50032.06
248.29	50049.77
248.36	50062.58
248.43	50084.72
248.50	50111.30
248.57	50134.78
248.64	50154.73
248.71	50193.63
248.78	50215.67
248.85	50237.92
248.92	50265.99
248.99	50275.69
249.06	50264.54
249.13	50245.05
249.20	50227.81
249.27	50203.46
249.34	50198.84
249.41	50217.23
249.48	50230.86
249.55	50241.81
249.62	50261.92
249.69	50276.88
249.76	50298.81
249.83	50335.11
249.90	50377.22
249.97	50418.51
250.04	50466.56
250.11	50520.32
250.18	50568.06
250.25	50601.78
250.32	50629.28
250.39	50652.35
250.46	50651.90
250.53	50658.87
250.60	50673.50
250.67	50694.34
250.74	50718.54
250.81	50713.76
250.88	50707.63
250.95	50707.23
251.02	50695.93
251.09	50682.89
251.16	50715.66
251.23	50744.68
251.30	50782.54
251.37	50814.57
251.44	50852.82
251.51	50876.74
251.58	50909.39
251.65	50938.51
251.72	50974.51
251.79	50991.25
251.86	50985.05
251.93	50953.64
252.00	50904.07
252.07	50845.32
252.14	50815.87
252.21	50810.64
252.28	50828.52
252.35	50864.75
252.42	50932.11
252.49	50976.44
252.56	51015.35
252.63	51058.00
252.70	51084.63
252.77	51093.92
252.84	51101.76
252.91	51099.33
252.98	51082.17
253.05	51069.37
253.12	51065.98
253.19	51079.77
253.25	51110.85
253.32	51140.66
253.39	51180.39
253.46	51200.03
253.53	51208.98
253.60	51188.47
253.67	51184.27
253.74	51196.93
253.81	51230.47
253.88	51247.44
253.95	51281.64
254.02	51312.30
254.09	51316.58
254.16	51306.34
254.23	51293.62
254.30	51283.80
254.37	51278.93
254.44	51288.29
254.51	51308.75
254.58	51328.52
254.65	51349.68
254.72	51352.36
254.79	51331.68
254.86	51303.48
254.93	51282.22
255.00	51271.36
255.07	51272.07
255.14	51282.72
255.21	51274.18
255.28	51258.75
255.34	51236.59
255.41	51226.89
255.48	51233.22
255.55	51254.41
255.62	51293.09
255.69	51332.70
255.76	51361.78
255.83	51388.85
255.90	51410.81
255.97	51430.98
256.04	51431.23
256.11	51433.47
256.18	51420.40
256.25	51409.03
256.32	51382.84
256.39	51362.50
256.46	51332.37
256.53	51301.78
256.60	51271.76
256.67	51259.52
256.74	51246.81
256.80	51237.47
256.87	51217.68
256.94	51203.32
257.01	51191.44
257.08	51186.60
257.15	51174.63
257.22	51182.79
257.29	51181.62
257.36	51176.97
257.43	51169.55
257.50	51166.43
257.57	51140.35
257.64	51131.71
257.71	51098.31
257.78	51071.60
257.85	51048.41
257.92	51056.13
257.98	51052.79
258.05	51065.88
258.12	51064.73
258.19	51048.37
258.26	51016.76
258.33	50970.24
258.40	50929.44
258.47	50903.62
258.54	50898.67
258.61	50905.80
258.68	50929.49
258.75	50953.13
258.82	50974.99
258.89	50961.65
258.95	50927.58
259.02	50895.83
259.09	50846.17
259.16	50780.14
259.23	50729.25
259.30	50690.60
259.37	50655.20
259.44	50640.28
259.51	50640.55
259.58	50646.97
259.65	50638.37
259.72	50624.47
259.79	50590.05
259.85	50547.41
259.92	50512.02
259.99	50509.46
260.06	50507.05
260.13	50499.42
260.20	50489.07
260.27	50455.62
260.34	50393.47
260.41	50329.56
260.48	50283.60
260.55	50250.09
260.62	50223.06
260.68	50187.28
260.75	50158.57
260.82	50144.57
260.89	50125.74
260.96	50110.85
261.03	50113.89
261.10	50105.73
261.17	50087.62
261.24	50055.27
261.31	50029.44
261.38	49984.86
261.44	49946.98
261.51	49901.14
261.58	49860.88
261.65	49819.75
261.72	49782.22
261.79	49730.23
261.86	49676.16
261.93	49645.23
262.00	49615.72
262.07	49582.70
262.13	49558.84
262.20	49544.72
262.27	49511.60
262.34	49478.92
262.41	49443.80
262.48	49403.97
262.55	49359.15
262.62	49305.09
262.69	49238.20
262.76	49188.56
262.82	49139.88
262.89	49088.24
262.96	49040.99
263.03	49003.54
263.10	48965.55
263.17	48920.03
263.24	48872.44
263.31	48849.14
263.38	48821.60
263.44	48798.85
263.51	48773.04
263.58	48743.26
263.65	48702.97
263.72	48657.72
263.79	48598.86
263.86	48535.19
263.93	48486.08
264.00	48432.02
264.06	48394.90
264.13	48365.05
264.20	48353.22
264.27	48319.80
264.34	48287.04
264.41	48245.44
264.48	48200.07
264.55	48161.86
264.61	48136.41
264.68	48104.73
264.75	48070.76
264.82	48011.31
264.89	47933.35
264.96	47856.95
265.03	47782.98
265.10	47723.50
265.16	47696.21
265.23	47682.75
265.30	47670.66
265.37	47656.22
265.44	47626.72
265.51	47604.26
265.58	47568.34
265.65	47526.06
265.71	47474.46
265.78	47432.02
265.85	47360.58
265.92	47297.03
265.99	47234.41
266.06	47183.01
266.13	47121.37
266.20	47087.10
266.26	47067.81
266.33	47035.80
266.40	46981.83
266.47	46923.85
266.54	46843.11
266.61	46758.22
266.68	46681.07
266.74	46621.35
266.81	46583.14
266.88	46550.47
266.95	46499.06
267.02	46462.21
267.09	46421.91
267.16	46365.53
267.22	46320.00
267.29	46291.64
267.36	46268.99
267.43	46244.50
267.50	46220.92
267.57	46183.01
267.64	46130.52
267.70	46079.84
267.77	46024.04
267.84	45973.97
267.91	45925.21
267.98	45874.11
268.05	45812.66
268.11	45753.65
268.18	45691.75
268.25	45639.82
268.32	45591.90
268.39	45541.83
268.46	45502.60
268.53	45479.68
268.59	45454.22
268.66	45433.24
268.73	45409.41
268.80	45385.10
268.87	45340.28
268.94	45299.27
269.00	45269.49
269.07	45226.37
269.14	45184.41
269.21	45141.97
269.28	45102.59
269.35	45050.98
269.41	45015.22
269.48	44969.47
269.55	44912.63
269.62	44847.53
269.69	44786.49
269.76	44712.16
269.82	44646.98
269.89	44608.15
269.96	44580.32
270.03	44556.24
270.10	44539.86
270.17	44515.57
270.23	44481.70
270.30	44439.91
270.37	44402.35
270.44	44373.81
270.51	44347.74
270.58	44323.12
270.64	44299.09
270.71	44258.29
270.78	44221.87
270.85	44173.59
270.92	44127.06
270.99	44075.17
271.05	44030.68
271.12	43975.97
271.19	43938.23
271.26	43884.89
271.33	43842.46
271.39	43797.85
271.46	43743.75
271.53	43696.45
271.60	43665.04
271.67	43637.77
271.74	43613.09
271.80	43600.55
271.87	43589.89
271.94	43558.86
272.01	43512.36
272.08	43471.47
272.14	43421.43
272.21	43385.88
272.28	43363.12
272.35	43338.85
272.42	43313.73
272.48	43303.42
272.55	43270.05
272.62	43252.82
272.69	43249.27
272.76	43250.51
272.83	43231.33
272.89	43211.48
272.96	43174.17
273.03	43127.07
273.10	43072.14
273.17	43030.69
273.23	42986.57
273.30	42945.70
273.37	42910.25
273.44	42887.55
273.51	42861.20
273.57	42848.17
273.64	42838.54
273.71	42835.87
273.78	42814.85
273.85	42804.79
273.91	42780.45
273.98	42754.89
274.05	42724.46
274.12	42704.90
274.19	42677.23
274.25	42654.42
274.32	42628.62
274.39	42589.52
274.46	42529.73
274.53	42469.75
274.59	42400.24
274.66	42343.80
274.73	42297.25
274.80	42258.03
274.86	42220.90
274.93	42207.72
275.00	42183.86
275.07	42159.07
275.14	42135.19
275.20	42103.50
275.27	42062.77
275.34	42019.33
275.41	41982.13
275.48	41966.63
275.54	41960.04
275.61	41947.05
275.68	41931.82
275.75	41906.96
275.81	41863.96
275.88	41821.42
275.95	41784.23
276.02	41741.84
276.09	41705.48
276.15	41678.00
276.22	41654.23
276.29	41632.77
276.36	41607.15
276.42	41585.74
276.49	41550.06
276.56	41490.09
276.63	41422.68
276.70	41373.87
276.76	41337.62
276.83	41320.37
276.90	41323.96
276.97	41326.83
277.03	41330.32
277.10	41316.23
277.17	41298.77
277.24	41286.26
277.30	41270.26
277.37	41243.66
277.44	41224.66
277.51	41191.85
277.58	41148.87
277.64	41114.68
277.71	41081.34
277.78	41043.01
277.85	40995.47
277.91	40949.27
277.98	40905.80
278.05	40861.47
278.12	40813.96
278.18	40780.86
278.25	40757.02
278.32	40734.86
278.39	40733.93
278.45	40733.89
278.52	40738.19
278.59	40727.35
278.66	40698.63
278.72	40665.25
278.79	40636.07
278.86	40598.07
278.93	40576.30
278.99	40571.79
279.06	40555.42
279.13	40525.64
279.20	40514.27
279.26	40496.20
279.33	40468.63
279.40	40438.63
279.47	40414.06
279.53	40381.50
279.60	40344.45
279.67	40308.71
279.74	40269.87
279.80	40234.43
279.87	40199.13
279.94	40166.93
280.01	40135.73
280.07	40110.12
280.14	40082.06
280.21	40049.59
280.28	40015.12
280.34	39977.03
280.41	39932.62
280.48	39890.43
280.55	39847.22
280.61	39815.31
280.68	39797.07
280.75	39779.71
280.82	39753.86
280.88	39725.35
280.95	39674.57
281.02	39615.34
281.08	39550.82
281.15	39490.60
281.22	39429.10
281.29	39371.69
281.35	39299.81
281.42	39235.70
281.49	39173.36
281.56	39113.86
281.62	39065.69
281.69	39038.34
281.76	39017.68
281.82	38995.86
281.89	38979.11
281.96	38952.92
282.03	38920.50
282.09	38880.46
282.16	38844.96
282.23	38803.97
282.30	38771.79
282.36	38737.40
282.43	38708.53
282.50	38689.62
282.56	38651.88
282.63	38621.68
282.70	38592.58
282.77	38568.87
282.83	38540.91
282.90	38535.44
282.97	38523.93
283.03	38509.96
283.10	38500.23
283.17	38486.50
283.24	38459.09
283.30	38419.64
283.37	38389.10
283.44	38341.36
283.50	38285.65
283.57	38240.92
283.64	38193.11
283.71	38135.61
283.77	38092.07
283.84	38072.42
283.91	38048.90
283.97	38036.10
284.04	38039.93
284.11	38025.15
284.18	38003.71
284.24	37989.32
284.31	37982.57
284.38	37968.20
284.44	37964.19
284.51	37953.56
284.58	37946.40
284.64	37926.26
284.71	37906.22
284.78	37883.75
284.85	37861.56
284.91	37836.36
284.98	37818.64
285.05	37781.36
285.11	37752.25
285.18	37717.60
285.25	37684.09
285.31	37660.53
285.38	37651.84
285.45	37647.76
285.52	37642.75
285.58	37631.93
285.65	37604.91
285.72	37580.52
285.78	37554.38
285.85	37537.56
285.92	37522.52
285.98	37508.44
286.05	37492.80
286.12	37480.08
286.18	37458.04
286.25	37440.14
286.32	37418.33
286.39	37397.94
286.45	37368.40
286.52	37341.50
286.59	37307.45
286.65	37288.24
286.72	37272.89
286.79	37265.32
286.85	37263.68
286.92	37262.86
286.99	37257.40
287.05	37238.55
287.12	37223.00
287.19	37208.79
287.25	37203.50
287.32	37195.24
287.39	37197.18
287.45	37191.07
287.52	37178.08
287.59	37161.67
287.65	37155.39
287.72	37137.35
287.79	37106.91
287.86	37072.75
287.92	37041.04
287.99	37003.26
288.06	36985.91
288.12	36969.79
288.19	36965.22
288.26	36945.59
288.32	36930.33
288.39	36907.07
288.46	36898.36
288.52	36892.64
288.59	36896.75
288.66	36906.07
288.72	36904.00
288.79	36896.58
288.86	36869.88
288.92	36843.32
288.99	36806.04
289.06	36782.53
289.12	36756.97
289.19	36750.66
289.26	36746.43
289.32	36746.05
289.39	36739.08
289.45	36736.94
289.52	36721.08
289.59	36713.12
289.65	36697.39
289.72	36679.03
289.79	36666.21
289.85	36660.18
289.92	36640.71
289.99	36629.29
290.05	36618.52
290.12	36595.63
290.19	36571.31
290.25	36550.62
290.32	36524.33
290.39	36516.79
290.45	36518.12
290.52	36514.50
290.59	36517.20
290.65	36514.87
290.72	36499.16
290.79	36478.22
290.85	36468.00
290.92	36463.50
290.98	36462.67
291.05	36461.85
291.12	36462.42
291.18	36460.22
291.25	36444.78
291.32	36433.48
291.38	36414.05
291.45	36391.79
291.52	36367.68
291.58	36352.47
291.65	36339.01
291.72	36331.82
291.78	36328.65
291.85	36311.22
291.91	36287.47
291.98	36273.81
292.05	36256.24
292.11	36241.15
292.18	36236.86
292.25	36232.82
292.31	36212.97
292.38	36201.10
292.45	36196.21
292.51	36187.03
292.58	36176.41
292.64	36168.04
292.71	36161.62
292.78	36140.57
292.84	36125.04
292.91	36112.57
292.98	36104.39
293.04	36087.87
293.11	36071.24
293.17	36056.50
293.24	36048.62
293.31	36036.87
293.37	36027.12
293.44	36021.77
293.51	36020.40
293.57	36006.72
293.64	35986.55
293.70	35972.48
293.77	35957.68
293.84	35939.68
293.90	35924.61
293.97	35924.35
294.04	35916.16
294.10	35904.14
294.17	35889.06
294.23	35874.65
294.30	35851.92
294.37	35831.52
294.43	35817.29
294.50	35800.03
294.56	35791.61
294.63	35775.28
294.70	35761.76
294.76	35750.35
294.83	35743.18
294.90	35727.97
294.96	35726.34
295.03	35724.86
295.09	35723.47
295.16	35729.99
295.23	35721.49
295.29	35712.35
295.36	35693.09
295.42	35664.97
295.49	35630.10
295.56	35620.06
295.62	35602.90
295.69	35587.15
295.75	35579.87
295.82	35576.61
295.89	35551.99
295.95	35521.83
296.02	35498.30
296.08	35466.72
296.15	35430.28
296.22	35410.29
296.28	35399.08
296.35	35391.95
296.41	35384.42
296.48	35379.07
296.55	35371.52
296.61	35364.57
296.68	35350.45
296.74	35345.52
296.81	35336.30
296.88	35328.73
296.94	35310.99
297.01	35300.26
297.07	35277.96
297.14	35259.39
297.20	35248.63
297.27	35247.08
297.34	35248.90
297.40	35252.50
297.47	35244.13
297.53	35219.85
297.60	35197.94
297.67	35168.75
297.73	35144.88
297.80	35121.62
297.86	35099.65
297.93	35074.62
298.00	35048.98
298.06	35023.76
298.13	35020.14
298.19	35005.53
298.26	34996.34
298.32	35002.03
298.39	34995.37
298.46	34966.53
298.52	34952.02
298.59	34925.58
298.65	34884.93
298.72	34859.83
298.78	34843.86
298.85	34821.21
298.92	34804.58
298.98	34790.15
299.05	34766.96
299.11	34745.39
299.18	34716.45
299.24	34687.84
299.31	34650.56
299.38	34623.77
299.44	34590.85
299.51	34580.31
299.57	34571.04
299.64	34566.47
299.70	34555.35
299.77	34538.35
299.84	34508.95
299.90	34462.86
299.97	34413.63
300.03	34372.02
300.10	34351.59
300.16	34324.73
300.23	34314.04
300.30	34309.16
300.36	34292.85
300.43	34268.81
300.49	34246.17
300.56	34218.39
300.62	34194.69
300.69	34170.55
300.75	34150.26
300.82	34131.34
300.89	34106.04
300.95	34079.68
301.02	34042.61
301.08	34000.13
301.15	33960.05
301.21	33934.50
301.28	33903.12
301.34	33883.43
301.41	33858.71
301.48	33835.34
301.54	33805.10
301.61	33779.59
301.67	33749.81
301.74	33723.25
301.80	33690.80
301.87	33650.08
301.93	33597.60
302.00	33556.83
302.06	33498.19
302.13	33441.33
302.20	33403.85
302.26	33373.92
302.33	33341.98
302.39	33313.47
302.46	33283.87
302.52	33240.53
302.59	33198.17
302.65	33145.10
302.72	33104.06
302.78	33070.50
302.85	33042.25
302.91	33008.11
302.98	32982.31
303.05	32953.44
303.11	32917.76
303.18	32868.11
303.24	32835.29
303.31	32793.09
303.37	32753.09
303.44	32716.27
303.50	32681.32
303.57	32626.52
303.63	32574.70
303.70	32530.36
303.76	32477.94
303.83	32436.63
303.89	32397.02
303.96	32350.42
304.03	32296.71
304.09	32247.39
304.16	32189.16
304.22	32126.25
304.29	32075.81
304.35	32018.55
304.42	31973.38
304.48	31921.27
304.55	31880.72
304.61	31832.40
304.68	31790.04
304.74	31735.17
304.81	31690.68
304.87	31634.45
304.94	31586.51
305.00	31544.40
305.07	31487.58
305.13	31425.58
305.20	31372.12
305.26	31318.59
305.33	31257.31
305.39	31206.96
305.46	31152.72
305.52	31101.61
305.59	31047.53
305.66	30990.73
305.72	30948.16
305.79	30903.77
305.85	30851.09
305.92	30766.86
305.98	30653.90
306.05	30505.65
306.11	30346.15
306.18	30177.70
306.24	30038.32
306.31	29960.53
306.37	29949.77
306.44	29988.03
306.50	30046.78
306.57	30104.59
306.63	30134.21
306.70	30111.29
306.76	30055.42
306.83	29989.85
306.89	29921.33
306.96	29847.25
307.02	29783.13
307.09	29730.94
307.15	29680.13
307.22	29632.65
307.28	29580.79
307.35	29522.14
307.41	29455.11
307.48	29379.36
307.54	29305.54
307.61	29237.86
307.67	29173.58
307.74	29112.07
307.80	29061.05
307.87	29001.57
307.93	28943.18
308.00	28883.53
308.06	28825.46
308.13	28763.49
308.19	28707.35
308.26	28645.73
308.32	28589.72
308.38	28528.93
308.45	28462.51
308.51	28402.58
308.58	28343.43
308.64	28282.22
308.71	28223.38
308.77	28172.66
308.84	28106.11
308.90	28050.03
308.97	27991.80
309.03	27935.40
309.10	27874.71
309.16	27811.45
309.23	27741.82
309.29	27675.89
309.36	27591.56
309.42	27509.38
309.49	27443.48
309.55	27376.72
309.62	27309.37
309.68	27263.38
309.75	27204.26
309.81	27136.97
309.88	27078.27
309.94	27009.30
310.00	26938.64
310.07	26872.19
310.13	26817.16
310.20	26742.90
310.26	26685.66
310.33	26614.12
310.39	26557.00
310.46	26488.31
310.52	26429.07
310.59	26362.03
310.65	26311.23
310.72	26246.77
310.78	26189.09
310.85	26127.91
310.91	26072.39
310.97	26009.51
311.04	25954.18
311.10	25891.28
311.17	25835.02
311.23	25776.15
311.30	25718.71
311.36	25664.26
311.43	25612.64
311.49	25553.70
311.56	25499.39
311.62	25443.96
311.69	25388.38
311.75	25338.76
311.81	25279.25
311.88	25206.62
311.94	25141.67
312.01	25089.06
312.07	25025.70
312.14	24982.03
312.20	24942.93
312.27	24902.23
312.33	24833.78
312.40	24769.50
312.46	24694.97
312.52	24628.67
312.59	24562.12
312.65	24498.78
312.72	24430.31
312.78	24371.55
312.85	24311.34
312.91	24242.78
312.98	24185.19
313.04	24144.54
313.10	24093.62
313.17	24037.89
313.23	23990.47
313.30	23937.08
313.36	23872.35
313.43	23810.51
313.49	23751.09
313.56	23686.46
313.62	23620.90
313.68	23561.12
313.75	23510.25
313.81	23461.70
313.88	23412.10
313.94	23368.12
314.01	23326.80
314.07	23273.70
314.13	23220.41
314.20	23168.88
314.26	23114.18
314.33	23053.26
314.39	22995.29
314.46	22929.70
314.52	22882.12
314.58	22825.20
314.65	22772.70
314.71	22718.25
314.78	22674.40
314.84	22612.37
314.91	22558.95
314.97	22507.80
315.03	22456.48
315.10	22398.31
315.16	22338.69
315.23	22287.10
315.29	22232.66
315.36	22186.13
315.42	22138.24
315.48	22091.82
315.55	22045.80
315.61	21987.44
315.68	21934.53
315.74	21878.26
315.81	21819.68
315.87	21754.76
315.93	21713.22
316.00	21677.40
316.06	21643.19
316.13	21617.22
316.19	21572.11
316.25	21481.22
316.32	21342.41
316.38	21167.51
316.45	20953.81
316.51	20724.58
316.58	20493.07
316.64	20255.52
316.70	20028.00
316.77	19786.06
316.83	19539.37
316.90	19290.21
316.96	19046.97
317.02	18790.99
317.09	18548.86
317.15	18311.71
317.22	18062.99
317.28	17813.60
317.34	17568.34
317.41	17322.49
317.47	17075.67
317.54	16834.32
317.60	16591.45
317.66	16344.68
317.73	16096.27
317.79	15852.83
317.86	15612.23
317.92	15368.61
317.98	15121.81
318.05	14868.64
318.11	14612.42
318.18	14360.90
318.24	14108.50
318.30	13857.29
318.37	13612.68
318.43	13356.28
318.50	13095.01
318.56	12829.98
318.62	12569.58
318.69	12298.06
318.75	12034.18
318.82	11759.12
318.88	11489.67
318.94	11216.09
319.01	10944.21
319.07	10674.16
319.13	10403.05
319.20	10125.80
319.26	9838.97
319.33	9555.01
319.39	9259.86
319.45	8979.34
319.52	8698.51
319.58	8418.97
319.65	8136.50
319.71	7857.43
319.77	7569.62
319.84	7291.09
319.90	7020.52
319.96	6749.03
320.03	6481.67
320.09	6222.53
320.16	5956.92
320.22	5701.85
320.28	5454.39
320.35	5211.58
320.41	4974.26
320.47	4751.00
320.54	4527.11
320.60	4316.71
320.67	4115.39
320.73	3922.49
320.79	3731.36
320.86	3552.30
320.92	3376.31
320.98	3211.19
321.05	3050.89
321.11	2897.73
321.18	2755.66
321.24	2623.46
321.30	2493.96
321.37	2376.30
321.43	2271.30
321.49	2168.53
321.56	2071.17
321.62	1984.01
321.68	1897.11
321.75	1816.02
321.81	1740.80
321.88	1667.91
321.94	1602.87
322.00	1542.91
322.07	1479.91
322.13	1420.18
322.19	1362.12
322.26	1301.81
322.32	1247.70
322.38	1199.25
322.45	1156.69
322.51	1112.44
322.58	1075.10
322.64	1029.38
322.70	988.81
322.77	940.38
322.83	904.72
322.89	859.90
322.96	820.40
323.02	779.89
323.08	741.72
323.15	701.00
323.21	665.40
323.27	631.39
323.34	597.78
323.40	565.47
323.46	532.29
323.53	494.73
323.59	416.31
323.65	311.69
323.72	195.11
323.78	84.61
323.85	-15.48
323.91	-66.46
323.97	-85.84
324.04	-86.64
