180.21	3429.03
180.28	-126.34
180.36	634.30
180.44	-42.91
180.51	-8.22
180.59	19.50
180.66	51.77
180.74	52.47
180.81	53.45
180.89	57.90
180.97	60.92
181.04	61.26
181.12	62.57
181.19	65.92
181.27	68.61
181.34	88.59
181.42	96.61
181.50	104.49
181.57	116.00
181.65	121.11
181.72	114.76
181.80	111.17
181.87	115.96
181.95	123.35
182.03	132.79
182.10	147.35
182.18	163.67
182.25	186.47
182.33	205.60
182.40	230.48
182.48	244.88
182.55	275.27
182.63	294.39
182.71	311.92
182.78	328.39
182.86	338.96
182.93	324.43
183.01	308.49
183.08	288.08
183.16	277.31
183.23	273.12
183.31	298.48
183.39	329.14
183.46	379.00
183.54	421.30
183.61	476.52
183.69	530.46
183.76	594.55
183.84	649.65
183.91	709.19
183.99	770.81
184.06	819.50
184.14	875.20
184.22	914.34
184.29	921.55
184.37	918.97
184.44	890.31
184.52	800.36
184.59	701.55
184.67	631.56
184.74	569.00
184.82	556.07
184.89	606.67
184.97	700.43
185.04	803.73
185.12	908.91
185.20	1012.38
185.27	1119.07
185.35	1208.72
185.42	1276.09
185.50	1353.90
185.57	1407.05
185.65	1461.09
185.72	1533.39
185.80	1610.53
185.87	1677.75
185.95	1766.07
186.02	1823.27
186.10	1827.17
186.17	1785.71
186.25	1654.52
186.33	1458.04
186.40	1290.23
186.48	1189.44
186.55	1171.13
186.63	1253.80
186.70	1422.88
186.78	1584.95
186.85	1730.22
186.93	1852.87
187.00	1986.99
187.08	2095.65
187.15	2227.36
187.23	2360.02
187.30	2479.10
187.38	2597.69
187.45	2735.45
187.53	2832.15
187.60	2919.52
187.68	3038.42
187.75	3118.91
187.83	3155.89
187.90	3193.36
187.98	3190.70
188.05	3073.06
188.13	2843.61
188.21	2588.50
188.28	2369.87
188.36	2205.57
188.43	2174.11
188.51	2306.69
188.58	2516.37
188.66	2710.87
188.73	2909.76
188.81	3091.52
188.88	3253.02
188.96	3388.11
189.03	3534.18
189.11	3673.70
189.18	3781.60
189.26	3888.99
189.33	4011.66
189.41	4107.68
189.48	4193.12
189.56	4303.50
189.63	4382.39
189.71	4432.07
189.78	4485.63
189.86	4505.28
189.93	4472.16
190.01	4397.32
190.08	4241.08
190.16	3962.23
190.23	3665.03
190.31	3452.45
190.38	3335.93
190.46	3349.40
190.53	3513.01
190.61	3753.77
190.68	3964.43
190.76	4164.88
190.83	4335.58
190.91	4502.20
190.98	4637.85
191.06	4782.10
191.13	4908.01
191.21	5019.35
191.28	5124.08
191.35	5233.90
191.43	5310.63
191.50	5380.79
191.58	5462.31
191.65	5510.23
191.73	5540.73
191.80	5574.33
191.88	5577.95
191.95	5564.94
192.03	5561.05
192.10	5549.56
192.18	5515.09
192.25	5432.44
192.33	5268.54
192.40	5075.33
192.48	4919.00
192.55	4828.35
192.63	4836.91
192.70	4963.68
192.78	5153.04
192.85	5346.71
192.93	5515.98
193.00	5656.31
193.08	5786.30
193.15	5894.21
193.22	5981.72
193.30	6055.65
193.37	6128.88
193.45	6179.55
193.52	6235.90
193.60	6291.00
193.67	6343.43
193.75	6392.65
193.82	6437.80
193.90	6470.81
193.97	6505.54
194.05	6541.83
194.12	6572.55
194.20	6615.15
194.27	6656.49
194.34	6679.64
194.42	6690.30
194.49	6698.98
194.57	6674.97
194.64	6600.38
194.72	6510.94
194.79	6429.81
194.87	6361.56
194.94	6333.54
195.02	6368.01
195.09	6439.71
195.17	6532.23
195.24	6635.68
195.31	6737.07
195.39	6839.74
195.46	6935.32
195.54	7020.82
195.61	7090.17
195.69	7141.95
195.76	7179.05
195.84	7212.22
195.91	7222.47
195.99	7221.81
196.06	7223.52
196.13	7226.84
196.21	7225.70
196.28	7225.60
196.36	7227.58
196.43	7221.77
196.51	7213.51
196.58	7211.38
196.66	7226.19
196.73	7260.60
196.80	7312.42
196.88	7369.44
196.95	7433.94
197.03	7489.04
197.10	7516.73
197.18	7530.59
197.25	7538.80
197.33	7545.85
197.40	7562.76
197.47	7580.09
197.55	7607.70
197.62	7631.41
197.70	7644.54
197.77	7651.80
197.85	7668.48
197.92	7661.49
197.99	7642.91
198.07	7617.60
198.14	7591.41
198.22	7587.60
198.29	7620.24
198.37	7687.45
198.44	7779.87
198.51	7873.38
198.59	7951.66
198.66	8019.45
198.74	8071.28
198.81	8105.70
198.89	8130.79
198.96	8150.89
199.03	8155.10
199.11	8160.93
199.18	8161.81
199.26	8170.52
199.33	8177.25
199.41	8186.55
199.48	8166.00
199.55	8133.67
199.63	8091.32
199.70	8064.67
199.78	8053.65
199.85	8098.82
199.93	8183.11
200.00	8290.97
200.07	8392.85
200.15	8492.97
200.22	8564.65
200.30	8614.40
200.37	8651.10
200.44	8681.43
200.52	8704.22
200.59	8734.80
200.67	8753.97
200.74	8765.00
200.81	8770.52
200.89	8775.82
200.96	8782.28
201.04	8781.78
201.11	8777.21
201.19	8763.74
201.26	8754.05
201.33	8746.94
201.41	8773.95
201.48	8835.42
201.56	8926.72
201.63	9032.99
201.70	9129.75
201.78	9211.40
201.85	9278.49
201.93	9325.91
202.00	9361.09
202.07	9393.33
202.15	9420.00
202.22	9437.90
202.30	9465.66
202.37	9485.98
202.44	9510.35
202.52	9537.22
202.59	9562.37
202.67	9576.30
202.74	9601.51
202.81	9614.40
202.89	9621.70
202.96	9646.42
203.04	9698.39
203.11	9756.97
203.18	9848.15
203.26	9951.51
203.33	10044.68
203.41	10111.26
203.48	10164.57
203.55	10187.12
203.63	10211.63
203.70	10249.63
203.77	10290.47
203.85	10334.11
203.92	10390.34
204.00	10461.40
204.07	10516.76
204.14	10578.36
204.22	10629.98
204.29	10681.70
204.37	10710.16
204.44	10735.90
204.51	10765.09
204.59	10800.38
204.66	10835.15
204.73	10896.81
204.81	10973.85
204.88	11057.22
204.96	11143.89
205.03	11225.12
205.10	11282.40
205.18	11330.43
205.25	11372.25
205.32	11418.10
205.40	11468.53
205.47	11534.95
205.55	11606.70
205.62	11680.35
205.69	11758.84
205.77	11838.10
205.84	11907.04
205.91	11970.00
205.99	12035.71
206.06	12089.20
206.14	12141.48
206.21	12202.59
206.28	12261.09
206.36	12318.67
206.43	12380.40
206.50	12457.64
206.58	12528.98
206.65	12597.99
206.72	12664.25
206.80	12729.24
206.87	12786.37
206.95	12853.12
207.02	12940.33
207.09	13042.36
207.17	13152.74
207.24	13266.13
207.31	13369.59
207.39	13461.78
207.46	13541.09
207.53	13615.80
207.61	13691.40
207.68	13770.15
207.75	13857.39
207.83	13947.46
207.90	14030.99
207.98	14100.74
208.05	14175.96
208.12	14245.32
208.20	14316.18
208.27	14391.42
208.34	14472.14
208.42	14542.99
208.49	14609.42
208.56	14676.18
208.64	14758.89
208.71	14848.64
208.78	14939.77
208.86	15052.98
208.93	15167.73
209.00	15281.44
209.08	15390.24
209.15	15505.22
209.22	15615.01
209.30	15720.26
209.37	15822.14
209.44	15932.13
209.52	16039.58
209.59	16133.15
209.67	16240.11
209.74	16339.33
209.81	16442.25
209.89	16537.03
209.96	16629.62
210.03	16709.87
210.11	16792.71
210.18	16859.10
210.25	16950.66
210.33	17057.30
210.40	17163.61
210.47	17280.71
210.55	17417.35
210.62	17532.05
210.69	17636.78
210.77	17754.69
210.84	17872.44
210.91	17993.13
210.99	18118.21
211.06	18255.07
211.13	18387.49
211.21	18511.64
211.28	18625.32
211.35	18751.49
211.42	18869.36
211.50	18980.45
211.57	19088.50
211.64	19191.66
211.72	19277.48
211.79	19356.73
211.86	19448.34
211.94	19558.78
212.01	19675.50
212.08	19805.66
212.16	19943.21
212.23	20083.99
212.30	20213.63
212.38	20345.60
212.45	20484.46
212.52	20620.49
212.60	20748.58
212.67	20882.30
212.74	21016.88
212.82	21141.30
212.89	21271.55
212.96	21402.49
213.03	21539.06
213.11	21686.01
213.18	21825.22
213.25	21962.47
213.33	22095.14
213.40	22215.47
213.47	22319.79
213.55	22425.59
213.62	22530.91
213.69	22644.50
213.77	22765.83
213.84	22896.56
213.91	23051.80
213.98	23202.22
214.06	23352.66
214.13	23508.83
214.20	23658.62
214.28	23807.50
214.35	23955.58
214.42	24105.30
214.50	24247.17
214.57	24391.58
214.64	24523.04
214.72	24654.78
214.79	24778.86
214.86	24910.12
214.93	25046.58
215.01	25183.71
215.08	25310.67
215.15	25426.20
215.23	25521.10
215.30	25628.88
215.37	25741.23
215.44	25889.45
215.52	26062.37
215.59	26243.90
215.66	26407.85
215.74	26572.95
215.81	26721.19
215.88	26867.64
215.95	27005.74
216.03	27146.96
216.10	27287.05
216.17	27433.91
216.25	27584.33
216.32	27748.30
216.39	27908.80
216.46	28060.20
216.54	28195.75
216.61	28324.39
216.68	28448.55
216.76	28582.75
216.83	28717.41
216.90	28866.93
216.97	29015.50
217.05	29166.65
217.12	29300.92
217.19	29414.65
217.27	29511.05
217.34	29604.80
217.41	29713.73
217.48	29831.82
217.56	29975.98
217.63	30148.63
217.70	30325.92
217.78	30492.80
217.85	30660.86
217.92	30833.52
217.99	30994.82
218.07	31141.56
218.14	31276.50
218.21	31418.94
218.28	31558.43
218.36	31701.43
218.43	31844.19
218.50	31997.23
218.57	32129.91
218.65	32247.89
218.72	32358.37
218.79	32479.00
218.87	32596.64
218.94	32726.96
219.01	32868.80
219.08	33006.31
219.16	33145.47
219.23	33271.22
219.30	33393.31
219.37	33519.27
219.45	33649.71
219.52	33788.25
219.59	33930.28
219.66	34063.80
219.74	34200.08
219.81	34357.50
219.88	34504.54
219.95	34655.60
220.03	34812.61
220.10	34961.45
220.17	35083.19
220.24	35207.88
220.32	35328.28
220.39	35448.77
220.46	35564.46
220.53	35684.73
220.61	35786.17
220.68	35905.36
220.75	36025.56
220.82	36158.79
220.90	36270.00
220.97	36379.18
221.04	36473.44
221.11	36572.90
221.19	36670.69
221.26	36794.13
221.33	36936.01
221.40	37078.41
221.48	37220.32
221.55	37355.11
221.62	37489.06
221.69	37624.68
221.77	37751.47
221.84	37874.01
221.91	37995.66
221.98	38113.37
222.06	38224.21
222.13	38351.16
222.20	38469.31
222.27	38581.88
222.35	38684.75
222.42	38779.30
222.49	38857.58
222.56	38938.36
222.63	39021.30
222.71	39120.66
222.78	39242.04
222.85	39368.87
222.92	39490.70
223.00	39599.17
223.07	39690.05
223.14	39760.07
223.21	39841.66
223.29	39942.20
223.36	40073.04
223.43	40208.77
223.50	40353.52
223.57	40492.29
223.65	40626.69
223.72	40734.40
223.79	40838.69
223.86	40932.46
223.94	41026.51
224.01	41106.95
224.08	41175.75
224.15	41242.95
224.22	41315.95
224.30	41370.48
224.37	41438.06
224.44	41528.22
224.51	41626.09
224.59	41720.57
224.66	41834.16
224.73	41942.55
224.80	42051.54
224.87	42150.13
224.95	42260.33
225.02	42364.57
225.09	42461.75
225.16	42549.06
225.23	42645.66
225.31	42736.83
225.38	42820.03
225.45	42911.08
225.52	43003.60
225.60	43081.41
225.67	43126.69
225.74	43173.70
225.81	43212.80
225.88	43264.73
225.96	43351.63
226.03	43477.89
226.10	43611.30
226.17	43741.02
226.24	43864.45
226.32	43954.93
226.39	44027.87
226.46	44087.62
226.53	44149.84
226.60	44206.68
226.68	44272.69
226.75	44345.94
226.82	44423.40
226.89	44501.96
226.96	44573.35
227.04	44621.45
227.11	44657.98
227.18	44699.44
227.25	44724.21
227.32	44770.93
227.40	44849.01
227.47	44921.83
227.54	44993.61
227.61	45076.60
227.68	45151.26
227.76	45218.90
227.83	45297.52
227.90	45368.25
227.97	45437.38
228.04	45494.41
228.11	45538.42
228.19	45581.54
228.26	45640.65
228.33	45707.26
228.40	45775.61
228.47	45848.60
228.55	45919.91
228.62	45984.83
228.69	46049.26
228.76	46112.06
228.83	46174.68
228.90	46236.29
228.98	46298.40
229.05	46363.55
229.12	46441.00
229.19	46516.10
229.26	46587.65
229.34	46641.15
229.41	46680.90
229.48	46719.20
229.55	46758.48
229.62	46808.53
229.69	46867.65
229.77	46918.93
229.84	46958.31
229.91	46996.48
229.98	47017.36
230.05	47041.28
230.12	47084.85
230.20	47150.23
230.27	47215.84
230.34	47291.14
230.41	47371.90
230.48	47438.26
230.55	47487.45
230.63	47537.43
230.70	47589.20
230.77	47612.10
230.84	47646.68
230.91	47674.74
230.98	47708.75
231.06	47747.68
231.13	47816.12
231.20	47889.75
231.27	47962.63
231.34	48019.30
231.41	48074.38
231.49	48121.70
231.56	48167.45
231.63	48217.85
231.70	48273.59
231.77	48311.09
231.84	48337.98
231.92	48345.31
231.99	48357.10
232.06	48380.46
232.13	48413.71
232.20	48467.40
232.27	48521.11
232.34	48566.51
232.42	48589.46
232.49	48619.19
232.56	48652.47
232.63	48717.36
232.70	48773.62
232.77	48846.90
232.85	48908.40
232.92	48948.26
232.99	48961.87
233.06	48992.19
233.13	49008.12
233.20	49025.79
233.27	49046.90
233.35	49065.06
233.42	49061.20
233.49	49066.46
233.56	49084.89
233.63	49107.04
233.70	49122.46
233.77	49159.03
233.85	49193.55
233.92	49229.00
233.99	49258.78
234.06	49302.71
234.13	49347.98
234.20	49399.45
234.27	49426.39
234.35	49451.86
234.42	49466.29
234.49	49471.73
234.56	49473.88
234.63	49475.93
234.70	49478.50
234.77	49473.55
234.84	49454.02
234.92	49429.15
234.99	49429.84
235.06	49441.29
235.13	49469.30
235.20	49510.88
235.27	49562.51
235.34	49591.46
235.41	49626.12
235.49	49654.46
235.56	49683.21
235.63	49688.49
235.70	49699.91
235.77	49685.66
235.84	49670.28
235.91	49647.25
235.98	49638.81
236.06	49638.33
236.13	49643.53
236.20	49652.62
236.27	49651.28
236.34	49665.09
236.41	49673.80
236.48	49676.87
236.55	49677.09
236.63	49683.15
236.70	49676.30
236.77	49661.35
236.84	49667.12
236.91	49664.61
236.98	49661.26
237.05	49665.73
237.12	49664.93
237.19	49655.45
237.27	49653.98
237.34	49660.47
237.41	49649.11
237.48	49640.83
237.55	49624.95
237.62	49611.82
237.69	49614.22
237.76	49627.33
237.83	49640.68
237.91	49659.93
237.98	49671.96
238.05	49668.26
238.12	49658.24
238.19	49648.71
238.26	49649.21
238.33	49640.39
238.40	49621.53
238.47	49600.13
238.54	49584.61
238.62	49551.53
238.69	49522.16
238.76	49495.03
238.83	49481.87
238.90	49490.75
238.97	49513.86
239.04	49540.27
239.11	49568.88
239.18	49595.29
239.25	49588.29
239.33	49560.64
239.40	49536.13
239.47	49503.87
239.54	49450.16
239.61	49404.65
239.68	49360.27
239.75	49326.25
239.82	49305.90
239.89	49298.77
239.96	49299.10
240.03	49308.05
240.11	49316.57
240.18	49334.40
240.25	49344.55
240.32	49348.30
240.39	49355.18
240.46	49361.12
240.53	49371.57
240.60	49396.17
240.67	49421.89
240.74	49438.78
240.81	49455.09
240.88	49449.72
240.96	49431.98
241.03	49411.39
241.10	49393.99
241.17	49369.63
241.24	49350.38
241.31	49339.30
241.38	49326.01
241.45	49319.11
241.52	49319.11
241.59	49321.76
241.66	49330.95
241.73	49347.61
241.80	49359.87
241.88	49353.99
241.95	49329.13
242.02	49290.05
242.09	49230.75
242.16	49168.15
242.23	49145.15
242.30	49141.48
242.37	49137.03
242.44	49160.35
242.51	49171.31
242.58	49157.93
242.65	49141.41
242.72	49148.21
242.79	49139.02
242.87	49148.00
242.94	49154.81
243.01	49153.05
243.08	49137.82
243.15	49136.30
243.22	49137.44
243.29	49144.85
243.36	49157.07
243.43	49179.25
243.50	49198.01
243.57	49212.74
243.64	49218.81
243.71	49230.08
243.78	49232.80
243.85	49221.89
243.92	49198.89
243.99	49190.91
244.07	49178.49
244.14	49152.93
244.21	49146.07
244.28	49166.04
244.35	49183.56
244.42	49207.71
244.49	49239.15
244.56	49257.94
244.63	49261.38
244.70	49252.55
244.77	49246.80
244.84	49237.40
244.91	49226.07
244.98	49215.35
245.05	49224.40
245.12	49247.73
245.19	49283.03
245.26	49317.65
245.33	49358.58
245.40	49390.08
245.47	49407.92
245.55	49415.95
245.62	49426.35
245.69	49438.16
245.76	49459.50
245.83	49474.45
245.90	49491.92
245.97	49501.20
246.04	49518.18
246.11	49512.70
246.18	49504.44
246.25	49498.14
246.32	49498.72
246.39	49491.74
246.46	49500.11
246.53	49517.64
246.60	49530.54
246.67	49559.88
246.74	49580.51
246.81	49611.59
246.88	49631.55
246.95	49653.77
247.02	49659.74
247.09	49669.38
247.16	49664.43
247.23	49650.15
247.30	49624.43
247.37	49598.97
247.44	49589.74
247.51	49575.95
247.58	49582.90
247.66	49619.14
247.73	49674.52
247.80	49714.56
247.87	49767.76
247.94	49829.06
248.01	49879.57
248.08	49915.14
248.15	49950.07
248.22	49972.73
248.29	49995.94
248.36	50019.74
248.43	50049.87
248.50	50078.86
248.57	50112.09
248.64	50127.40
248.71	50150.57
248.78	50180.26
248.85	50200.17
248.92	50223.02
248.99	50238.96
249.06	50235.67
249.13	50207.69
249.20	50193.88
249.27	50166.36
249.34	50154.99
249.41	50164.75
249.48	50181.05
249.55	50193.08
249.62	50217.80
249.69	50240.48
249.76	50265.97
249.83	50296.51
249.90	50331.35
249.97	50365.00
250.04	50413.46
250.11	50459.59
250.18	50508.30
250.25	50546.50
250.32	50575.45
250.39	50597.12
250.46	50608.61
250.53	50619.71
250.60	50632.32
250.67	50660.22
250.74	50684.03
250.81	50681.95
250.88	50676.59
250.95	50682.85
251.02	50669.15
251.09	50651.72
251.16	50673.36
251.23	50698.71
251.30	50732.17
251.37	50773.78
251.44	50813.18
251.51	50844.76
251.58	50875.19
251.65	50898.68
251.72	50918.19
251.79	50933.00
251.86	50921.15
251.93	50893.33
252.00	50845.33
252.07	50801.33
252.14	50776.01
252.21	50777.87
252.28	50797.51
252.35	50842.60
252.42	50908.60
252.49	50956.88
252.56	50996.30
252.63	51037.94
252.70	51057.07
252.77	51059.70
252.84	51068.61
252.91	51061.30
252.98	51043.05
253.05	51032.46
253.12	51029.56
253.19	51033.01
253.25	51063.88
253.32	51089.49
253.39	51124.52
253.46	51145.84
253.53	51159.18
253.60	51146.09
253.67	51150.90
253.74	51161.25
253.81	51188.56
253.88	51215.97
253.95	51248.77
254.02	51271.03
254.09	51276.14
254.16	51271.58
254.23	51253.29
254.30	51235.34
254.37	51234.62
254.44	51249.69
254.51	51267.77
254.58	51290.61
254.65	51311.90
254.72	51313.54
254.79	51286.35
254.86	51257.17
254.93	51232.70
255.00	51227.44
255.07	51233.28
255.14	51247.73
255.21	51246.25
255.28	51237.67
255.34	51210.76
255.41	51196.26
255.48	51203.75
255.55	51226.10
255.62	51258.09
255.69	51295.31
255.76	51324.76
255.83	51348.17
255.90	51365.06
255.97	51385.96
256.04	51395.86
256.11	51397.63
256.18	51386.80
256.25	51370.30
256.32	51342.01
256.39	51310.64
256.46	51277.85
256.53	51248.40
256.60	51220.64
256.67	51198.75
256.74	51193.25
256.80	51185.87
256.87	51172.66
256.94	51162.60
257.01	51159.05
257.08	51157.12
257.15	51155.45
257.22	51157.59
257.29	51154.31
257.36	51144.21
257.43	51131.94
257.50	51122.74
257.57	51098.34
257.64	51091.24
257.71	51064.58
257.78	51038.53
257.85	51013.27
257.92	51015.34
257.98	51017.18
258.05	51033.45
258.12	51039.72
258.19	51032.84
258.26	51001.49
258.33	50943.17
258.40	50903.25
258.47	50871.15
258.54	50860.97
258.61	50878.97
258.68	50910.28
258.75	50933.85
258.82	50951.38
258.89	50928.35
258.95	50882.36
259.02	50841.80
259.09	50793.88
259.16	50736.89
259.23	50695.85
259.30	50660.77
259.37	50632.10
259.44	50613.56
259.51	50608.13
259.58	50614.70
259.65	50614.52
259.72	50602.50
259.79	50564.47
259.85	50524.34
259.92	50488.60
259.99	50472.03
260.06	50465.64
260.13	50459.40
260.20	50446.84
260.27	50412.81
260.34	50360.32
260.41	50297.13
260.48	50247.93
260.55	50217.81
260.62	50184.92
260.68	50153.62
260.75	50133.46
260.82	50120.35
260.89	50101.73
260.96	50093.70
261.03	50089.64
261.10	50074.50
261.17	50059.46
261.24	50025.84
261.31	49992.18
261.38	49954.21
261.44	49915.39
261.51	49871.92
261.58	49836.70
261.65	49802.06
261.72	49756.15
261.79	49706.93
261.86	49649.81
261.93	49607.17
262.00	49570.53
262.07	49544.14
262.13	49515.19
262.20	49497.57
262.27	49464.11
262.34	49434.89
262.41	49398.78
262.48	49364.17
262.55	49326.75
262.62	49282.68
262.69	49221.05
262.76	49170.77
262.82	49119.04
262.89	49066.98
262.96	49020.10
263.03	48987.93
263.10	48951.53
263.17	48908.20
263.24	48854.09
263.31	48820.25
263.38	48783.26
263.44	48755.49
263.51	48732.33
263.58	48710.63
263.65	48669.82
263.72	48621.39
263.79	48555.92
263.86	48492.10
263.93	48437.46
264.00	48391.18
264.06	48354.79
264.13	48324.69
264.20	48310.69
264.27	48279.64
264.34	48251.02
264.41	48212.75
264.48	48178.67
264.55	48137.60
264.61	48116.90
264.68	48079.20
264.75	48047.92
264.82	47983.69
264.89	47908.91
264.96	47828.31
265.03	47752.29
265.10	47689.32
265.16	47657.22
265.23	47643.70
265.30	47631.64
265.37	47617.95
265.44	47592.72
265.51	47569.15
265.58	47530.37
265.65	47484.41
265.71	47430.48
265.78	47385.48
265.85	47330.53
265.92	47268.18
265.99	47207.31
266.06	47164.57
266.13	47103.87
266.20	47058.50
266.26	47037.06
266.33	47007.67
266.40	46957.86
266.47	46898.70
266.54	46815.37
266.61	46726.47
266.68	46650.36
266.74	46589.77
266.81	46549.96
266.88	46522.55
266.95	46478.76
267.02	46446.36
267.09	46399.91
267.16	46348.93
267.22	46307.14
267.29	46273.70
267.36	46242.62
267.43	46223.32
267.50	46193.12
267.57	46150.64
267.64	46105.19
267.70	46055.95
267.77	45997.27
267.84	45956.30
267.91	45909.90
267.98	45859.32
268.05	45795.48
268.11	45739.49
268.18	45674.12
268.25	45610.16
268.32	45565.44
268.39	45517.07
268.46	45478.87
268.53	45455.91
268.59	45445.47
268.66	45418.66
268.73	45393.92
268.80	45364.47
268.87	45308.51
268.94	45263.41
269.00	45227.31
269.07	45184.21
269.14	45143.90
269.21	45112.21
269.28	45068.81
269.35	45027.14
269.41	44989.98
269.48	44939.89
269.55	44879.55
269.62	44817.59
269.69	44754.76
269.76	44686.27
269.82	44621.19
269.89	44582.15
269.96	44560.65
270.03	44534.36
270.10	44518.65
270.17	44498.19
270.23	44466.03
270.30	44425.47
270.37	44389.65
270.44	44360.45
270.51	44332.91
270.58	44307.19
270.64	44275.17
270.71	44232.29
270.78	44192.68
270.85	44146.02
270.92	44098.49
270.99	44048.72
271.05	44009.03
271.12	43955.12
271.19	43912.99
271.26	43867.49
271.33	43822.65
271.39	43774.44
271.46	43709.45
271.53	43659.49
271.60	43627.84
271.67	43601.41
271.74	43579.95
271.80	43575.95
271.87	43572.69
271.94	43540.65
272.01	43495.41
272.08	43456.31
272.14	43413.33
272.21	43374.62
272.28	43349.23
272.35	43331.60
272.42	43301.09
272.48	43291.44
272.55	43269.32
272.62	43247.08
272.69	43235.14
272.76	43236.08
272.83	43216.46
272.89	43188.26
272.96	43153.86
273.03	43109.70
273.10	43052.72
273.17	43006.65
273.23	42964.00
273.30	42921.25
273.37	42884.74
273.44	42859.25
273.51	42830.58
273.57	42816.36
273.64	42808.33
273.71	42805.03
273.78	42790.38
273.85	42778.03
273.91	42754.57
273.98	42740.00
274.05	42709.40
274.12	42687.33
274.19	42667.09
274.25	42639.56
274.32	42605.39
274.39	42560.29
274.46	42509.92
274.53	42449.40
274.59	42383.74
274.66	42321.73
274.73	42285.35
274.80	42242.01
274.86	42208.12
274.93	42192.41
275.00	42175.99
275.07	42150.65
275.14	42129.21
275.20	42087.76
275.27	42041.82
275.34	41994.93
275.41	41957.61
275.48	41934.11
275.54	41936.10
275.61	41927.94
275.68	41917.30
275.75	41890.28
275.81	41851.17
275.88	41808.61
275.95	41775.80
276.02	41731.98
276.09	41698.42
276.15	41662.14
276.22	41633.16
276.29	41609.02
276.36	41582.28
276.42	41554.45
276.49	41524.37
276.56	41469.10
276.63	41396.95
276.70	41347.25
276.76	41308.76
276.83	41291.51
276.90	41287.56
276.97	41298.14
277.03	41301.68
277.10	41292.75
277.17	41281.95
277.24	41270.63
277.30	41255.54
277.37	41229.08
277.44	41202.10
277.51	41167.25
277.58	41127.58
277.64	41087.87
277.71	41057.97
277.78	41019.28
277.85	40969.67
277.91	40920.38
277.98	40878.40
278.05	40831.51
278.12	40798.06
278.18	40767.30
278.25	40749.87
278.32	40729.14
278.39	40724.76
278.45	40726.58
278.52	40730.20
278.59	40710.18
278.66	40680.44
278.72	40649.81
278.79	40615.41
278.86	40578.56
278.93	40566.41
278.99	40557.61
279.06	40539.50
279.13	40507.15
279.20	40491.66
279.26	40472.37
279.33	40452.80
279.40	40428.42
279.47	40410.00
279.53	40379.07
279.60	40340.50
279.67	40299.55
279.74	40253.48
279.80	40217.61
279.87	40181.94
279.94	40148.31
280.01	40122.58
280.07	40101.67
280.14	40071.33
280.21	40038.90
280.28	40002.19
280.34	39962.45
280.41	39920.83
280.48	39869.31
280.55	39832.41
280.61	39806.53
280.68	39783.35
280.75	39750.86
280.82	39731.08
280.88	39697.23
280.95	39641.87
281.02	39586.46
281.08	39538.73
281.15	39475.02
281.22	39413.48
281.29	39354.06
281.35	39282.83
281.42	39215.32
281.49	39156.22
281.56	39097.72
281.62	39059.06
281.69	39028.50
281.76	39002.39
281.82	38984.21
281.89	38963.61
281.96	38933.71
282.03	38900.76
282.09	38863.59
282.16	38824.73
282.23	38784.50
282.30	38747.17
282.36	38715.15
282.43	38689.91
282.50	38674.43
282.56	38641.82
282.63	38620.36
282.70	38595.51
282.77	38577.25
282.83	38547.00
282.90	38541.64
282.97	38522.72
283.03	38507.28
283.10	38490.67
283.17	38474.52
283.24	38445.14
283.30	38408.67
283.37	38374.28
283.44	38328.90
283.50	38279.41
283.57	38234.40
283.64	38185.28
283.71	38135.68
283.77	38093.07
283.84	38068.90
283.91	38043.39
283.97	38036.97
284.04	38040.94
284.11	38028.46
284.18	38011.98
284.24	38000.63
284.31	37990.10
284.38	37970.18
284.44	37959.01
284.51	37947.91
284.58	37939.48
284.64	37920.30
284.71	37905.64
284.78	37875.64
284.85	37854.80
284.91	37827.90
284.98	37802.02
285.05	37757.06
285.11	37736.87
285.18	37704.01
285.25	37674.58
285.31	37661.62
285.38	37653.83
285.45	37647.49
285.52	37636.67
285.58	37614.43
285.65	37585.70
285.72	37561.92
285.78	37540.25
285.85	37520.93
285.92	37517.95
285.98	37505.75
286.05	37490.50
286.12	37468.41
286.18	37449.95
286.25	37435.12
286.32	37408.37
286.39	37385.32
286.45	37362.27
286.52	37329.30
286.59	37289.05
286.65	37272.56
286.72	37267.95
286.79	37261.31
286.85	37263.04
286.92	37261.92
286.99	37260.45
287.05	37240.44
287.12	37223.79
287.19	37205.99
287.25	37199.75
287.32	37185.95
287.39	37179.39
287.45	37169.12
287.52	37161.95
287.59	37150.29
287.65	37137.42
287.72	37117.12
287.79	37092.08
287.86	37060.64
287.92	37023.96
287.99	36993.49
288.06	36983.00
288.12	36971.03
288.19	36960.21
288.26	36941.69
288.32	36924.92
288.39	36901.90
288.46	36886.44
288.52	36883.76
288.59	36892.55
288.66	36900.90
288.72	36897.07
288.79	36890.25
288.86	36872.75
288.92	36844.18
288.99	36807.41
289.06	36787.23
289.12	36763.92
289.19	36745.67
289.26	36740.75
289.32	36743.93
289.39	36731.82
289.45	36729.66
289.52	36718.07
289.59	36708.54
289.65	36689.64
289.72	36673.83
289.79	36663.13
289.85	36658.64
289.92	36642.49
289.99	36636.44
290.05	36626.64
290.12	36602.93
290.19	36578.77
290.25	36551.30
290.32	36521.10
290.39	36508.05
290.45	36499.06
290.52	36497.36
290.59	36500.55
290.65	36498.82
290.72	36481.27
290.79	36474.22
290.85	36461.14
290.92	36453.75
290.98	36450.44
291.05	36457.58
291.12	36448.35
291.18	36446.40
291.25	36435.78
291.32	36422.46
291.38	36398.12
291.45	36385.58
291.52	36357.17
291.58	36338.77
291.65	36325.19
291.72	36319.51
291.78	36307.74
291.85	36291.34
291.91	36277.94
291.98	36265.31
292.05	36243.86
292.11	36230.69
292.18	36226.73
292.25	36215.70
292.31	36193.95
292.38	36190.91
292.45	36188.03
292.51	36183.08
292.58	36169.50
292.64	36167.40
292.71	36152.58
292.78	36138.49
292.84	36117.83
292.91	36109.07
292.98	36096.14
293.04	36089.89
293.11	36069.11
293.17	36064.06
293.24	36054.51
293.31	36047.40
293.37	36031.40
293.44	36020.69
293.51	36007.19
293.57	35991.58
293.64	35967.75
293.70	35953.69
293.77	35936.33
293.84	35917.13
293.90	35901.01
293.97	35901.20
294.04	35894.06
294.10	35876.75
294.17	35867.00
294.23	35859.06
294.30	35836.86
294.37	35815.90
294.43	35812.70
294.50	35799.07
294.56	35785.70
294.63	35768.97
294.70	35757.11
294.76	35746.57
294.83	35740.45
294.90	35735.12
294.96	35734.79
295.03	35726.51
295.09	35721.89
295.16	35721.42
295.23	35706.01
295.29	35695.18
295.36	35678.83
295.42	35654.60
295.49	35625.54
295.56	35621.17
295.62	35607.28
295.69	35590.90
295.75	35582.84
295.82	35576.43
295.89	35549.58
295.95	35518.57
296.02	35497.29
296.08	35463.37
296.15	35425.40
296.22	35404.24
296.28	35390.75
296.35	35382.59
296.41	35374.20
296.48	35369.36
296.55	35361.00
296.61	35357.71
296.68	35352.26
296.74	35351.14
296.81	35346.85
296.88	35337.95
296.94	35312.80
297.01	35296.03
297.07	35272.36
297.14	35262.85
297.20	35250.65
297.27	35253.77
297.34	35253.14
297.40	35260.03
297.47	35239.66
297.53	35222.55
297.60	35202.33
297.67	35173.90
297.73	35141.24
297.80	35119.39
297.86	35091.45
297.93	35059.52
298.00	35033.75
298.06	35012.98
298.13	35006.24
298.19	34997.64
298.26	34993.64
298.32	34993.18
298.39	34981.30
298.46	34955.98
298.52	34935.44
298.59	34910.37
298.65	34880.05
298.72	34862.82
298.78	34847.42
298.85	34831.36
298.92	34809.39
298.98	34789.06
299.05	34763.30
299.11	34737.90
299.18	34706.08
299.24	34681.77
299.31	34646.31
299.38	34622.33
299.44	34593.77
299.51	34582.01
299.57	34566.52
299.64	34562.15
299.70	34547.67
299.77	34531.92
299.84	34503.55
299.90	34463.74
299.97	34419.90
300.03	34385.00
300.10	34361.82
300.16	34336.37
300.23	34326.62
300.30	34317.19
300.36	34294.12
300.43	34265.58
300.49	34243.80
300.56	34217.95
300.62	34194.06
300.69	34173.55
300.75	34152.76
300.82	34125.81
300.89	34098.87
300.95	34068.14
301.02	34030.98
301.08	33993.71
301.15	33961.96
301.21	33934.34
301.28	33909.64
301.34	33890.28
301.41	33866.10
301.48	33837.77
301.54	33809.70
301.61	33778.13
301.67	33745.87
301.74	33719.16
301.80	33683.07
301.87	33639.21
301.93	33592.84
302.00	33545.76
302.06	33486.13
302.13	33438.74
302.20	33407.72
302.26	33371.69
302.33	33346.15
302.39	33320.40
302.46	33286.51
302.52	33238.35
302.59	33203.49
302.65	33156.16
302.72	33117.30
302.78	33078.02
302.85	33056.33
302.91	33014.82
302.98	32984.26
303.05	32950.84
303.11	32924.68
303.18	32877.77
303.24	32845.53
303.31	32801.32
303.37	32762.68
303.44	32730.43
303.50	32688.85
303.57	32641.30
303.63	32592.70
303.70	32544.90
303.76	32484.27
303.83	32443.31
303.89	32402.28
303.96	32360.13
304.03	32309.74
304.09	32255.26
304.16	32190.44
304.22	32123.94
304.29	32063.01
304.35	32003.84
304.42	31962.64
304.48	31914.07
304.55	31871.97
304.61	31827.35
304.68	31784.36
304.74	31726.97
304.81	31684.14
304.87	31626.07
304.94	31581.10
305.00	31534.62
305.07	31482.38
305.13	31419.11
305.20	31368.90
305.26	31314.55
305.33	31261.03
305.39	31213.99
305.46	31163.02
305.52	31111.12
305.59	31056.13
305.66	30995.34
305.72	30941.86
305.79	30892.32
305.85	30836.80
305.92	30747.85
305.98	30631.20
306.05	30490.03
306.11	30331.22
306.18	30161.19
306.24	30026.98
306.31	29957.39
306.37	29943.06
306.44	29985.80
306.50	30054.09
306.57	30108.56
306.63	30137.53
306.70	30117.47
306.76	30057.58
306.83	29989.43
306.89	29920.80
306.96	29848.34
307.02	29782.45
307.09	29736.83
307.15	29685.10
307.22	29641.10
307.28	29585.10
307.35	29532.08
307.41	29452.86
307.48	29375.17
307.54	29303.29
307.61	29232.36
307.67	29157.98
307.74	29100.75
307.80	29053.25
307.87	28992.09
307.93	28935.51
308.00	28881.60
308.06	28830.76
308.13	28761.29
308.19	28695.83
308.26	28638.33
308.32	28583.17
308.38	28518.29
308.45	28463.20
308.51	28412.26
308.58	28349.94
308.64	28285.41
308.71	28232.23
308.77	28175.43
308.84	28105.29
308.90	28047.35
308.97	27989.62
309.03	27931.75
309.10	27872.11
309.16	27809.38
309.23	27740.35
309.29	27671.95
309.36	27579.20
309.42	27490.85
309.49	27423.85
309.55	27355.84
309.62	27287.75
309.68	27245.91
309.75	27189.54
309.81	27127.71
309.88	27069.85
309.94	27005.27
310.00	26931.06
310.07	26870.05
310.13	26812.04
310.20	26738.66
310.26	26677.82
310.33	26608.89
310.39	26554.28
310.46	26492.67
310.52	26440.73
310.59	26381.29
310.65	26327.24
310.72	26256.60
310.78	26189.33
310.85	26119.92
310.91	26061.35
310.97	26003.65
311.04	25946.62
311.10	25884.90
311.17	25826.32
311.23	25762.10
311.30	25700.57
311.36	25645.57
311.43	25598.41
311.49	25544.04
311.56	25493.70
311.62	25439.12
311.69	25385.91
311.75	25332.70
311.81	25276.40
311.88	25209.34
311.94	25150.60
312.01	25096.69
312.07	25033.55
312.14	24980.34
312.20	24937.36
312.27	24889.29
312.33	24827.35
312.40	24758.28
312.46	24696.00
312.52	24633.84
312.59	24563.50
312.65	24498.29
312.72	24439.39
312.78	24375.65
312.85	24307.95
312.91	24241.98
312.98	24180.90
313.04	24133.10
313.10	24083.41
313.17	24029.10
313.23	23986.49
313.30	23935.01
313.36	23869.63
313.43	23806.20
313.49	23755.08
313.56	23691.96
313.62	23632.63
313.68	23579.12
313.75	23530.49
313.81	23475.64
313.88	23419.37
313.94	23369.87
314.01	23321.63
314.07	23269.61
314.13	23212.17
314.20	23162.92
314.26	23101.88
314.33	23040.63
314.39	22979.55
314.46	22915.98
314.52	22867.09
314.58	22816.95
314.65	22768.38
314.71	22715.83
314.78	22669.41
314.84	22611.02
314.91	22556.85
314.97	22497.62
315.03	22444.93
315.10	22392.73
315.16	22331.93
315.23	22279.54
315.29	22231.59
315.36	22179.26
315.42	22129.35
315.48	22081.82
315.55	22037.34
315.61	21980.38
315.68	21934.08
315.74	21878.00
315.81	21822.57
315.87	21758.75
315.93	21717.25
316.00	21679.41
316.06	21642.42
316.13	21615.93
316.19	21566.12
316.25	21476.76
316.32	21336.81
316.38	21172.05
316.45	20956.09
316.51	20729.23
316.58	20493.51
316.64	20254.78
316.70	20018.33
316.77	19778.69
316.83	19534.27
316.90	19282.72
316.96	19036.19
317.02	18782.40
317.09	18538.05
317.15	18292.42
317.22	18053.38
317.28	17811.99
317.34	17563.23
317.41	17318.84
317.47	17080.60
317.54	16836.44
317.60	16590.35
317.66	16349.70
317.73	16103.75
317.79	15856.17
317.86	15617.18
317.92	15372.22
317.98	15121.82
318.05	14865.99
318.11	14614.65
318.18	14359.82
318.24	14109.15
318.30	13859.95
318.37	13613.35
318.43	13352.86
318.50	13089.49
318.56	12823.05
318.62	12562.69
318.69	12297.04
318.75	12035.88
318.82	11766.18
318.88	11500.38
318.94	11223.88
319.01	10949.70
319.07	10679.00
319.13	10403.22
319.20	10123.97
319.26	9839.75
319.33	9552.60
319.39	9254.51
319.45	8978.34
319.52	8698.26
319.58	8418.94
319.65	8138.19
319.71	7861.13
319.77	7573.27
319.84	7293.69
319.90	7020.65
319.96	6748.27
320.03	6481.00
320.09	6221.60
320.16	5955.80
320.22	5702.25
320.28	5452.99
320.35	5212.45
320.41	4975.70
320.47	4752.07
320.54	4526.51
320.60	4320.32
320.67	4117.05
320.73	3921.39
320.79	3731.03
320.86	3555.19
320.92	3377.60
320.98	3213.67
321.05	3052.96
321.11	2900.60
321.18	2756.30
321.24	2625.45
321.30	2493.34
321.37	2377.00
321.43	2273.20
321.49	2171.34
321.56	2073.95
321.62	1987.93
321.68	1900.65
321.75	1818.05
321.81	1742.82
321.88	1670.56
321.94	1606.44
322.00	1547.35
322.07	1483.71
322.13	1423.75
322.19	1363.00
322.26	1301.49
322.32	1246.30
322.38	1199.18
322.45	1156.28
322.51	1113.75
322.58	1076.78
322.64	1031.42
322.70	989.61
322.77	942.08
322.83	906.01
322.89	859.51
322.96	819.33
323.02	778.49
323.08	739.58
323.15	698.87
323.21	664.60
323.27	631.16
323.34	597.07
323.40	565.05
323.46	532.10
323.53	494.29
323.59	415.43
323.65	312.25
323.72	195.31
323.78	84.50
323.85	-15.09
323.91	-66.04
323.97	-85.69
324.04	-85.65
