180.21	3428.67
180.28	-125.35
180.36	632.74
180.44	-47.59
180.51	-16.52
180.59	7.20
180.66	35.00
180.74	33.02
180.81	32.67
180.89	35.10
180.97	36.18
181.04	33.94
181.12	32.79
181.19	33.37
181.27	33.21
181.34	48.99
181.42	55.86
181.50	63.16
181.57	74.50
181.65	80.43
181.72	75.62
181.80	71.15
181.87	71.55
181.95	71.65
182.03	71.57
182.10	74.76
182.18	77.70
182.25	84.63
182.33	87.61
182.40	97.61
182.48	97.02
182.55	112.84
182.63	122.14
182.71	129.71
182.78	139.10
182.86	153.45
182.93	153.11
183.01	152.44
183.08	148.06
183.16	145.70
183.23	136.79
183.31	144.19
183.39	151.40
183.46	172.25
183.54	183.09
183.61	211.38
183.69	232.78
183.76	267.42
183.84	295.19
183.91	324.87
183.99	366.95
184.06	399.41
184.14	431.64
184.22	476.14
184.29	510.56
184.37	520.69
184.44	538.49
184.52	525.20
184.59	466.65
184.67	412.00
184.74	361.30
184.82	325.37
184.89	322.22
184.97	368.02
185.04	437.99
185.12	508.44
185.20	588.45
185.27	663.54
185.35	751.07
185.42	811.74
185.50	874.78
185.57	931.16
185.65	974.78
185.72	1014.29
185.80	1092.44
185.87	1151.91
185.95	1219.79
186.02	1335.86
186.10	1406.22
186.17	1430.65
186.25	1418.23
186.33	1275.18
186.40	1073.00
186.48	923.56
186.55	829.93
186.63	816.00
186.70	940.74
186.78	1106.50
186.85	1251.51
186.93	1377.77
187.00	1483.26
187.08	1597.62
187.15	1704.52
187.23	1829.38
187.30	1959.74
187.38	2069.77
187.45	2188.80
187.53	2327.14
187.60	2408.66
187.68	2513.17
187.75	2662.70
187.83	2735.74
187.90	2792.09
187.98	2905.31
188.05	2930.72
188.13	2784.85
188.21	2528.95
188.28	2261.12
188.36	1995.10
188.43	1801.51
188.51	1806.42
188.58	1998.96
188.66	2208.28
188.73	2410.38
188.81	2628.21
188.88	2791.94
188.96	2954.25
189.03	3094.69
189.11	3243.12
189.18	3378.51
189.26	3493.12
189.33	3609.70
189.41	3748.59
189.48	3834.68
189.56	3930.84
189.63	4063.89
189.71	4124.00
189.78	4178.20
189.86	4279.09
189.93	4327.25
190.01	4321.67
190.08	4296.59
190.16	4111.77
190.23	3738.94
190.31	3392.61
190.38	3143.87
190.46	3002.97
190.53	3049.43
190.61	3294.59
190.68	3553.65
190.76	3787.01
190.83	3983.20
190.91	4144.92
190.98	4317.89
191.06	4458.81
191.13	4606.03
191.21	4739.14
191.28	4856.59
191.35	4972.22
191.43	5094.11
191.50	5164.45
191.58	5258.07
191.65	5359.27
191.73	5403.31
191.80	5460.57
191.88	5514.21
191.95	5511.68
192.03	5514.77
192.10	5544.10
192.18	5556.24
192.25	5550.00
192.33	5452.53
192.40	5217.92
192.48	4956.67
192.55	4744.13
192.63	4599.80
192.70	4616.35
192.78	4796.62
192.85	5032.77
192.93	5244.04
193.00	5439.81
193.08	5593.90
193.15	5753.25
193.22	5866.94
193.30	5979.66
193.37	6088.67
193.45	6168.87
193.52	6238.25
193.60	6316.43
193.67	6366.57
193.75	6408.99
193.82	6470.99
193.90	6488.55
193.97	6507.12
194.05	6535.45
194.12	6552.52
194.20	6578.15
194.27	6627.48
194.34	6671.33
194.42	6709.27
194.49	6750.75
194.57	6776.14
194.64	6749.93
194.72	6659.10
194.79	6559.02
194.87	6473.90
194.94	6421.49
195.02	6433.30
195.09	6521.51
195.17	6638.75
195.24	6745.48
195.31	6842.43
195.39	6918.14
195.46	6992.63
195.54	7059.86
195.61	7124.46
195.69	7171.11
195.76	7216.48
195.84	7263.78
195.91	7295.94
195.99	7313.14
196.06	7332.81
196.13	7357.90
196.21	7371.33
196.28	7390.23
196.36	7424.45
196.43	7459.84
196.51	7498.52
196.58	7534.76
196.66	7570.60
196.73	7597.26
196.80	7622.42
196.88	7641.52
196.95	7670.01
197.03	7692.02
197.10	7699.39
197.18	7688.67
197.25	7672.26
197.33	7659.64
197.40	7659.03
197.47	7667.77
197.55	7708.02
197.62	7754.02
197.70	7790.61
197.77	7831.01
197.85	7874.59
197.92	7906.59
197.99	7941.61
198.07	7982.26
198.14	8009.26
198.22	8040.71
198.29	8062.28
198.37	8081.36
198.44	8098.65
198.51	8122.41
198.59	8140.02
198.66	8170.78
198.74	8201.67
198.81	8228.49
198.89	8248.64
198.96	8274.09
199.03	8298.37
199.11	8335.05
199.18	8363.55
199.26	8392.44
199.33	8425.31
199.41	8457.38
199.48	8472.37
199.55	8501.77
199.63	8523.86
199.70	8551.23
199.78	8570.16
199.85	8590.83
199.93	8601.75
200.00	8632.57
200.07	8653.86
200.15	8686.21
200.22	8724.80
200.30	8762.00
200.37	8795.69
200.44	8829.60
200.52	8858.05
200.59	8891.30
200.67	8921.89
200.74	8944.11
200.81	8968.22
200.89	8993.07
200.96	9018.31
201.04	9043.79
201.11	9081.19
201.19	9114.20
201.26	9148.87
201.33	9179.22
201.41	9214.84
201.48	9246.02
201.56	9282.59
201.63	9324.51
201.70	9361.99
201.78	9403.00
201.85	9444.46
201.93	9479.49
202.00	9512.16
202.07	9548.39
202.15	9583.63
202.22	9619.51
202.30	9661.28
202.37	9696.34
202.44	9734.67
202.52	9773.92
202.59	9813.99
202.67	9851.30
202.74	9896.74
202.81	9936.16
202.89	9971.11
202.96	10014.96
203.04	10065.19
203.11	10108.93
203.18	10158.81
203.26	10212.30
203.33	10253.39
203.41	10289.30
203.48	10333.76
203.55	10373.87
203.63	10422.26
203.70	10470.46
203.77	10522.03
203.85	10571.97
203.92	10617.09
204.00	10667.60
204.07	10722.34
204.14	10776.31
204.22	10824.35
204.29	10882.84
204.37	10929.00
204.44	10974.84
204.51	11029.24
204.59	11088.49
204.66	11142.19
204.73	11205.28
204.81	11261.36
204.88	11318.72
204.96	11378.20
205.03	11436.39
205.10	11489.18
205.18	11553.27
205.25	11611.25
205.32	11670.68
205.40	11734.93
205.47	11799.55
205.55	11856.03
205.62	11916.74
205.69	11983.05
205.77	12048.81
205.84	12118.14
205.91	12191.82
205.99	12266.16
206.06	12330.14
206.14	12400.17
206.21	12474.36
206.28	12546.34
206.36	12620.48
206.43	12693.60
206.50	12764.27
206.58	12831.13
206.65	12900.54
206.72	12968.30
206.80	13042.72
206.87	13121.12
206.95	13199.55
207.02	13286.33
207.09	13371.73
207.17	13456.04
207.24	13543.33
207.31	13629.64
207.39	13710.64
207.46	13792.18
207.53	13874.86
207.61	13951.39
207.68	14028.32
207.75	14116.01
207.83	14202.81
207.90	14289.73
207.98	14370.07
208.05	14459.47
208.12	14538.89
208.20	14623.84
208.27	14711.51
208.34	14809.78
208.42	14899.23
208.49	14992.89
208.56	15079.51
208.64	15171.53
208.71	15263.60
208.78	15358.63
208.86	15459.79
208.93	15566.29
209.00	15664.42
209.08	15766.25
209.15	15868.82
209.22	15968.40
209.30	16066.73
209.37	16169.80
209.44	16270.98
209.52	16374.37
209.59	16471.19
209.67	16574.41
209.74	16672.25
209.81	16783.86
209.89	16886.58
209.96	16998.04
210.03	17110.99
210.11	17227.72
210.18	17329.50
210.25	17440.82
210.33	17549.44
210.40	17655.47
210.47	17769.21
210.55	17890.36
210.62	18003.90
210.69	18113.06
210.77	18230.16
210.84	18344.78
210.91	18471.70
210.99	18591.08
211.06	18717.13
211.13	18836.69
211.21	18958.56
211.28	19061.68
211.35	19182.98
211.42	19308.48
211.50	19430.98
211.57	19553.82
211.64	19683.36
211.72	19807.05
211.79	19927.89
211.86	20054.28
211.94	20187.16
212.01	20313.00
212.08	20446.54
212.16	20573.84
212.23	20699.46
212.30	20824.91
212.38	20952.61
212.45	21083.20
212.52	21217.83
212.60	21347.26
212.67	21474.43
212.74	21606.74
212.82	21730.80
212.89	21861.64
212.96	21993.74
213.03	22124.65
213.11	22260.32
213.18	22395.32
213.25	22532.76
213.33	22670.00
213.40	22802.87
213.47	22937.87
213.55	23077.45
213.62	23207.25
213.69	23347.19
213.77	23492.91
213.84	23630.99
213.91	23781.18
213.98	23935.15
214.06	24083.59
214.13	24235.37
214.20	24383.54
214.28	24528.08
214.35	24669.29
214.42	24805.57
214.50	24938.39
214.57	25076.01
214.64	25205.18
214.72	25346.80
214.79	25492.74
214.86	25637.59
214.93	25781.83
215.01	25934.34
215.08	26073.54
215.15	26217.47
215.23	26359.56
215.30	26509.14
215.37	26655.25
215.44	26806.19
215.52	26957.89
215.59	27112.03
215.66	27251.74
215.74	27392.21
215.81	27533.82
215.88	27680.92
215.95	27819.70
216.03	27970.88
216.10	28124.89
216.17	28279.69
216.25	28431.19
216.32	28588.75
216.39	28743.04
216.46	28897.39
216.54	29040.24
216.61	29191.00
216.68	29334.52
216.76	29483.94
216.83	29622.94
216.90	29778.30
216.97	29929.60
217.05	30088.04
217.12	30237.31
217.19	30388.57
217.27	30527.16
217.34	30655.16
217.41	30785.92
217.48	30919.06
217.56	31057.96
217.63	31210.95
217.70	31369.37
217.78	31527.03
217.85	31685.60
217.92	31837.97
217.99	31984.56
218.07	32126.21
218.14	32261.23
218.21	32412.16
218.28	32558.59
218.36	32704.16
218.43	32852.67
218.50	33013.36
218.57	33147.84
218.65	33290.41
218.72	33433.45
218.79	33570.08
218.87	33697.43
218.94	33842.89
219.01	33982.99
219.08	34115.80
219.16	34257.91
219.23	34404.25
219.30	34542.78
219.37	34685.52
219.45	34835.49
219.52	34985.22
219.59	35117.79
219.66	35248.27
219.74	35383.23
219.81	35527.55
219.88	35658.00
219.95	35806.31
220.03	35958.04
220.10	36101.11
220.17	36226.04
220.24	36360.49
220.32	36491.40
220.39	36611.00
220.46	36730.53
220.53	36857.81
220.61	36980.49
220.68	37101.29
220.75	37229.19
220.82	37368.32
220.90	37496.77
220.97	37634.16
221.04	37757.08
221.11	37880.78
221.19	37994.25
221.26	38110.19
221.33	38227.06
221.40	38364.51
221.48	38490.56
221.55	38614.34
221.62	38737.16
221.69	38859.46
221.77	38972.35
221.84	39097.84
221.91	39217.76
221.98	39351.71
222.06	39480.70
222.13	39605.30
222.20	39719.68
222.27	39836.81
222.35	39946.18
222.42	40051.90
222.49	40161.35
222.56	40274.09
222.63	40384.37
222.71	40492.59
222.78	40602.33
222.85	40712.49
222.92	40820.70
223.00	40932.91
223.07	41047.43
223.14	41158.30
223.21	41264.65
223.29	41370.50
223.36	41478.66
223.43	41581.76
223.50	41682.22
223.57	41788.13
223.65	41917.23
223.72	42029.18
223.79	42134.34
223.86	42239.48
223.94	42338.91
224.01	42413.09
224.08	42499.53
224.15	42589.28
224.22	42680.11
224.30	42768.84
224.37	42858.70
224.44	42957.98
224.51	43053.28
224.59	43138.42
224.66	43224.23
224.73	43311.47
224.80	43393.01
224.87	43473.92
224.95	43573.36
225.02	43681.14
225.09	43786.94
225.16	43890.16
225.23	43993.37
225.31	44088.93
225.38	44174.77
225.45	44256.35
225.52	44334.16
225.60	44412.36
225.67	44482.39
225.74	44550.16
225.81	44631.21
225.88	44708.76
225.96	44787.53
226.03	44865.40
226.10	44953.19
226.17	45026.84
226.24	45105.49
226.32	45184.64
226.39	45266.39
226.46	45332.15
226.53	45404.48
226.60	45486.32
226.68	45566.57
226.75	45658.39
226.82	45751.81
226.89	45840.63
226.96	45916.81
227.04	45976.17
227.11	46025.64
227.18	46078.48
227.25	46121.22
227.32	46173.77
227.40	46238.71
227.47	46303.65
227.54	46382.93
227.61	46467.73
227.68	46541.84
227.76	46623.07
227.83	46693.69
227.90	46754.74
227.97	46818.07
228.04	46880.82
228.11	46932.59
228.19	46983.99
228.26	47034.15
228.33	47085.40
228.40	47121.25
228.47	47167.54
228.55	47225.42
228.62	47283.97
228.69	47346.35
228.76	47420.38
228.83	47486.45
228.90	47544.22
228.98	47608.90
229.05	47666.18
229.12	47735.62
229.19	47805.00
229.26	47866.82
229.34	47907.98
229.41	47957.20
229.48	47992.82
229.55	48031.35
229.62	48087.56
229.69	48152.53
229.77	48210.84
229.84	48273.89
229.91	48333.22
229.98	48377.49
230.05	48411.97
230.12	48446.64
230.20	48484.10
230.27	48525.48
230.34	48572.00
230.41	48632.49
230.48	48691.74
230.55	48747.84
230.63	48806.65
230.70	48874.70
230.77	48923.82
230.84	48969.14
230.91	49005.33
230.98	49028.34
231.06	49057.45
231.13	49106.83
231.20	49159.77
231.27	49217.76
231.34	49286.34
231.41	49345.42
231.49	49391.49
231.56	49432.54
231.63	49472.16
231.70	49508.04
231.77	49538.67
231.84	49563.99
231.92	49597.11
231.99	49630.27
232.06	49660.80
232.13	49693.43
232.20	49737.77
232.27	49773.49
232.34	49802.05
232.42	49831.08
232.49	49862.32
232.56	49890.59
232.63	49930.11
232.70	49973.81
232.77	50023.09
232.85	50069.66
232.92	50112.73
232.99	50138.19
233.06	50168.23
233.13	50182.83
233.20	50190.68
233.27	50193.36
233.35	50209.84
233.42	50221.88
233.49	50246.78
233.56	50281.86
233.63	50318.70
233.70	50347.73
233.77	50381.07
233.85	50411.78
233.92	50441.84
233.99	50466.72
234.06	50495.53
234.13	50520.59
234.20	50544.29
234.27	50555.32
234.35	50571.08
234.42	50582.20
234.49	50589.84
234.56	50599.99
234.63	50607.39
234.70	50618.75
234.77	50629.76
234.84	50638.19
234.92	50640.86
234.99	50647.30
235.06	50645.36
235.13	50645.22
235.20	50654.09
235.27	50668.14
235.34	50681.94
235.41	50709.73
235.49	50726.40
235.56	50739.84
235.63	50749.72
235.70	50763.43
235.77	50759.38
235.84	50765.36
235.91	50756.00
235.98	50737.28
236.06	50710.77
236.13	50695.97
236.20	50679.67
236.27	50653.16
236.34	50639.64
236.41	50632.96
236.48	50624.26
236.55	50617.37
236.63	50628.21
236.70	50631.12
236.77	50632.94
236.84	50639.34
236.91	50642.02
236.98	50641.89
237.05	50640.77
237.12	50631.56
237.19	50618.09
237.27	50607.50
237.34	50609.59
237.41	50606.98
237.48	50600.49
237.55	50588.83
237.62	50573.94
237.69	50559.27
237.76	50554.36
237.83	50557.90
237.91	50570.59
237.98	50581.91
238.05	50578.39
238.12	50574.88
238.19	50564.45
238.26	50561.75
238.33	50545.28
238.40	50528.13
238.47	50507.38
238.54	50497.31
238.62	50475.57
238.69	50464.93
238.76	50459.47
238.83	50458.00
238.90	50447.54
238.97	50437.99
239.04	50431.53
239.11	50424.34
239.18	50409.30
239.25	50397.07
239.33	50370.49
239.40	50345.12
239.47	50320.02
239.54	50290.38
239.61	50255.25
239.68	50222.18
239.75	50200.98
239.82	50185.39
239.89	50174.50
239.96	50174.87
240.03	50177.89
240.11	50171.20
240.18	50165.70
240.25	50158.28
240.32	50144.30
240.39	50136.00
240.46	50125.10
240.53	50121.15
240.60	50119.10
240.67	50110.60
240.74	50104.56
240.81	50099.04
240.88	50087.83
240.96	50076.98
241.03	50073.85
241.10	50068.30
241.17	50060.95
241.24	50046.40
241.31	50039.83
241.38	50025.22
241.45	50015.97
241.52	50012.34
241.59	50004.77
241.66	49991.91
241.73	49981.80
241.80	49963.25
241.88	49945.86
241.95	49926.44
242.02	49903.34
242.09	49880.54
242.16	49864.36
242.23	49844.63
242.30	49832.96
242.37	49824.07
242.44	49828.34
242.51	49820.05
242.58	49820.07
242.65	49815.63
242.72	49812.69
242.79	49801.68
242.87	49802.00
242.94	49789.77
243.01	49789.13
243.08	49797.27
243.15	49798.90
243.22	49800.16
243.29	49807.78
243.36	49810.94
243.43	49819.59
243.50	49840.36
243.57	49857.44
243.64	49861.94
243.71	49867.52
243.78	49854.85
243.85	49835.08
243.92	49823.81
243.99	49821.19
244.07	49811.43
244.14	49794.61
244.21	49787.05
244.28	49777.11
244.35	49773.44
244.42	49771.35
244.49	49781.98
244.56	49789.27
244.63	49791.19
244.70	49784.27
244.77	49790.09
244.84	49793.40
244.91	49806.15
244.98	49826.20
245.05	49848.09
245.12	49863.26
245.19	49879.99
245.26	49883.62
245.33	49893.26
245.40	49920.82
245.47	49956.86
245.55	49984.42
245.62	50005.46
245.69	50015.35
245.76	50012.63
245.83	50001.72
245.90	49991.04
245.97	49997.67
246.04	50010.43
246.11	50023.77
246.18	50032.91
246.25	50045.69
246.32	50050.72
246.39	50051.23
246.46	50051.75
246.53	50058.82
246.60	50073.64
246.67	50094.36
246.74	50113.50
246.81	50137.43
246.88	50154.28
246.95	50177.58
247.02	50197.37
247.09	50216.70
247.16	50225.32
247.23	50218.68
247.30	50211.59
247.37	50201.43
247.44	50214.21
247.51	50235.58
247.58	50280.73
247.66	50310.18
247.73	50350.70
247.80	50373.43
247.87	50394.09
247.94	50419.19
248.01	50461.89
248.08	50495.21
248.15	50520.66
248.22	50550.57
248.29	50570.02
248.36	50585.31
248.43	50603.25
248.50	50631.27
248.57	50653.03
248.64	50664.99
248.71	50685.34
248.78	50709.40
248.85	50725.76
248.92	50747.41
248.99	50773.77
249.06	50791.24
249.13	50798.72
249.20	50813.06
249.27	50833.28
249.34	50850.52
249.41	50860.77
249.48	50862.62
249.55	50858.85
249.62	50858.33
249.69	50869.93
249.76	50895.21
249.83	50939.76
249.90	50997.04
249.97	51040.02
250.04	51081.57
250.11	51119.62
250.18	51150.18
250.25	51168.69
250.32	51191.43
250.39	51214.43
250.46	51231.94
250.53	51255.11
250.60	51284.13
250.67	51310.26
250.74	51334.90
250.81	51345.57
250.88	51359.05
250.95	51373.59
251.02	51388.64
251.09	51409.62
251.16	51449.10
251.23	51469.81
251.30	51482.64
251.37	51492.56
251.44	51497.99
251.51	51508.21
251.58	51531.78
251.65	51549.53
251.72	51568.34
251.79	51588.60
251.86	51597.67
251.93	51603.04
252.00	51613.30
252.07	51630.14
252.14	51641.48
252.21	51649.41
252.28	51659.34
252.35	51674.78
252.42	51694.05
252.49	51708.88
252.56	51724.57
252.63	51731.20
252.70	51739.93
252.77	51743.45
252.84	51755.07
252.91	51765.56
252.98	51788.69
253.05	51806.39
253.12	51818.40
253.19	51828.88
253.25	51843.32
253.32	51854.89
253.39	51877.46
253.46	51902.14
253.53	51926.19
253.60	51948.43
253.67	51963.14
253.74	51977.11
253.81	51986.79
253.88	51995.66
253.95	52010.82
254.02	52027.89
254.09	52041.21
254.16	52056.61
254.23	52066.99
254.30	52075.37
254.37	52087.86
254.44	52104.81
254.51	52116.23
254.58	52125.15
254.65	52130.34
254.72	52131.95
254.79	52119.99
254.86	52121.88
254.93	52118.11
255.00	52121.49
255.07	52125.71
255.14	52141.66
255.21	52136.71
255.28	52138.81
255.34	52129.92
255.41	52124.95
255.48	52110.22
255.55	52112.23
255.62	52120.58
255.69	52128.87
255.76	52128.80
255.83	52136.89
255.90	52138.77
255.97	52150.29
256.04	52150.54
256.11	52165.03
256.18	52166.49
256.25	52168.75
256.32	52155.56
256.39	52162.48
256.46	52162.75
256.53	52163.86
256.60	52162.05
256.67	52167.45
256.74	52162.87
256.80	52158.83
256.87	52155.30
256.94	52159.10
257.01	52161.10
257.08	52156.51
257.15	52144.38
257.22	52135.05
257.29	52108.88
257.36	52082.36
257.43	52068.55
257.50	52062.76
257.57	52049.71
257.64	52059.37
257.71	52058.45
257.78	52048.34
257.85	52029.58
257.92	52017.90
257.98	51989.53
258.05	51980.52
258.12	51963.27
258.19	51948.47
258.26	51937.22
258.33	51926.01
258.40	51913.26
258.47	51913.24
258.54	51912.53
258.61	51908.36
258.68	51908.29
258.75	51893.95
258.82	51875.49
258.89	51848.61
258.95	51821.68
259.02	51801.89
259.09	51783.50
259.16	51758.30
259.23	51735.08
259.30	51718.06
259.37	51701.29
259.44	51682.53
259.51	51675.89
259.58	51675.07
259.65	51655.34
259.72	51633.28
259.79	51603.24
259.85	51568.06
259.92	51529.86
259.99	51506.09
260.06	51478.05
260.13	51454.89
260.20	51431.81
260.27	51404.21
260.34	51373.93
260.41	51340.68
260.48	51309.53
260.55	51288.40
260.62	51276.10
260.68	51256.53
260.75	51234.70
260.82	51223.49
260.89	51206.28
260.96	51181.44
261.03	51154.50
261.10	51128.00
261.17	51091.35
261.24	51051.47
261.31	51020.05
261.38	50997.27
261.44	50967.94
261.51	50936.80
261.58	50897.16
261.65	50852.25
261.72	50804.45
261.79	50762.20
261.86	50727.69
261.93	50698.85
262.00	50671.13
262.07	50635.09
262.13	50607.13
262.20	50572.70
262.27	50538.41
262.34	50507.64
262.41	50481.87
262.48	50444.45
262.55	50413.79
262.62	50373.54
262.69	50333.76
262.76	50300.48
262.82	50266.45
262.89	50237.95
262.96	50216.53
263.03	50186.29
263.10	50155.10
263.17	50132.01
263.24	50091.03
263.31	50049.83
263.38	50014.56
263.44	49974.55
263.51	49919.09
263.58	49871.45
263.65	49836.98
263.72	49792.77
263.79	49748.42
263.86	49716.23
263.93	49677.93
264.00	49631.57
264.06	49595.36
264.13	49557.74
264.20	49523.31
264.27	49482.90
264.34	49447.34
264.41	49405.84
264.48	49366.21
264.55	49319.24
264.61	49276.92
264.68	49230.95
264.75	49187.48
264.82	49138.96
264.89	49092.57
264.96	49058.19
265.03	49014.73
265.10	48977.86
265.16	48941.23
265.23	48913.76
265.30	48880.39
265.37	48844.80
265.44	48801.44
265.51	48756.57
265.58	48706.81
265.65	48646.51
265.71	48599.21
265.78	48559.29
265.85	48518.00
265.92	48476.44
265.99	48437.32
266.06	48397.46
266.13	48345.84
266.20	48312.16
266.26	48270.26
266.33	48230.73
266.40	48183.99
266.47	48139.44
266.54	48065.63
266.61	48001.12
266.68	47941.04
266.74	47880.49
266.81	47823.12
266.88	47783.26
266.95	47731.13
267.02	47687.38
267.09	47645.91
267.16	47599.89
267.22	47555.51
267.29	47522.96
267.36	47483.89
267.43	47442.33
267.50	47407.21
267.57	47377.94
267.64	47342.56
267.70	47305.95
267.77	47268.98
267.84	47232.59
267.91	47184.01
267.98	47128.84
268.05	47077.96
268.11	47027.42
268.18	46973.26
268.25	46921.36
268.32	46877.14
268.39	46835.37
268.46	46797.93
268.53	46762.73
268.59	46728.13
268.66	46700.94
268.73	46661.36
268.80	46618.52
268.87	46568.85
268.94	46525.76
269.00	46472.44
269.07	46429.53
269.14	46398.27
269.21	46366.75
269.28	46326.55
269.35	46290.89
269.41	46252.47
269.48	46196.78
269.55	46140.40
269.62	46090.45
269.69	46046.26
269.76	45996.61
269.82	45952.70
269.89	45923.13
269.96	45896.69
270.03	45862.39
270.10	45833.14
270.17	45798.41
270.23	45764.95
270.30	45721.16
270.37	45688.49
270.44	45656.53
270.51	45624.62
270.58	45582.23
270.64	45551.20
270.71	45512.35
270.78	45478.19
270.85	45446.62
270.92	45417.34
270.99	45380.46
271.05	45345.45
271.12	45299.50
271.19	45257.35
271.26	45207.38
271.33	45164.11
271.39	45126.24
271.46	45081.99
271.53	45051.25
271.60	45030.48
271.67	45004.47
271.74	44972.86
271.80	44948.41
271.87	44925.47
271.94	44890.24
272.01	44854.41
272.08	44820.96
272.14	44785.59
272.21	44753.29
272.28	44729.75
272.35	44714.32
272.42	44691.43
272.48	44681.85
272.55	44650.26
272.62	44624.48
272.69	44596.67
272.76	44578.83
272.83	44542.81
272.89	44514.71
272.96	44481.35
273.03	44441.66
273.10	44404.56
273.17	44374.28
273.23	44349.17
273.30	44334.45
273.37	44317.07
273.44	44295.59
273.51	44279.47
273.57	44259.44
273.64	44228.78
273.71	44209.49
273.78	44182.64
273.85	44163.00
273.91	44145.62
273.98	44130.90
274.05	44114.26
274.12	44099.56
274.19	44077.04
274.25	44049.79
274.32	44019.76
274.39	43982.93
274.46	43935.50
274.53	43886.30
274.59	43837.09
274.66	43804.44
274.73	43780.57
274.80	43759.70
274.86	43739.49
274.93	43724.13
275.00	43685.50
275.07	43639.62
275.14	43611.92
275.20	43584.78
275.27	43556.41
275.34	43533.00
275.41	43520.09
275.48	43506.69
275.54	43483.74
275.61	43463.52
275.68	43446.84
275.75	43419.30
275.81	43378.35
275.88	43359.85
275.95	43337.20
276.02	43306.03
276.09	43279.81
276.15	43256.76
276.22	43224.28
276.29	43196.85
276.36	43173.91
276.42	43148.72
276.49	43124.87
276.56	43099.57
276.63	43071.25
276.70	43044.04
276.76	43032.26
276.83	43017.25
276.90	42999.99
276.97	42980.64
277.03	42966.08
277.10	42939.75
277.17	42917.74
277.24	42903.73
277.30	42886.03
277.37	42866.83
277.44	42846.77
277.51	42825.46
277.58	42793.14
277.64	42767.97
277.71	42747.20
277.78	42726.13
277.85	42702.29
277.91	42677.60
277.98	42653.42
278.05	42629.06
278.12	42615.11
278.18	42592.53
278.25	42579.58
278.32	42562.84
278.39	42546.96
278.45	42516.93
278.52	42501.36
278.59	42477.64
278.66	42461.74
278.72	42446.58
278.79	42426.55
278.86	42404.18
278.93	42390.21
278.99	42366.85
279.06	42338.57
279.13	42316.43
279.20	42302.37
279.26	42284.06
279.33	42262.36
279.40	42241.68
279.47	42217.24
279.53	42190.04
279.60	42155.75
279.67	42130.31
279.74	42102.66
279.80	42084.94
279.87	42068.74
279.94	42057.84
280.01	42041.39
280.07	42022.39
280.14	42003.07
280.21	41975.80
280.28	41947.07
280.34	41917.86
280.41	41893.63
280.48	41861.60
280.55	41835.49
280.61	41818.34
280.68	41801.97
280.75	41773.57
280.82	41739.86
280.88	41703.46
280.95	41645.10
281.02	41589.19
281.08	41520.66
281.15	41457.45
281.22	41390.76
281.29	41335.11
281.35	41275.79
281.42	41246.20
281.49	41212.81
281.56	41183.63
281.62	41153.54
281.69	41116.72
281.76	41080.17
281.82	41041.13
281.89	41002.45
281.96	40975.65
282.03	40954.25
282.09	40931.25
282.16	40913.66
282.23	40893.99
282.30	40868.33
282.36	40843.29
282.43	40817.77
282.50	40798.94
282.56	40769.35
282.63	40744.28
282.70	40725.34
282.77	40705.86
282.83	40683.69
282.90	40673.85
282.97	40655.85
283.03	40634.10
283.10	40604.57
283.17	40584.03
283.24	40556.42
283.30	40528.04
283.37	40501.74
283.44	40481.14
283.50	40451.38
283.57	40431.61
283.64	40406.33
283.71	40370.15
283.77	40324.31
283.84	40292.56
283.91	40248.64
283.97	40221.60
284.04	40224.21
284.11	40234.91
284.18	40239.09
284.24	40249.85
284.31	40261.59
284.38	40252.02
284.44	40235.86
284.51	40217.35
284.58	40198.40
284.64	40179.05
284.71	40165.12
284.78	40160.65
284.85	40149.61
284.91	40133.95
284.98	40118.26
285.05	40087.04
285.11	40061.23
285.18	40040.93
285.25	40032.93
285.31	40022.44
285.38	40027.36
285.45	40026.62
285.52	40029.52
285.58	40024.47
285.65	40010.52
285.72	39991.49
285.78	39968.30
285.85	39948.40
285.92	39928.92
285.98	39919.29
286.05	39908.43
286.12	39903.01
286.18	39889.37
286.25	39882.91
286.32	39871.07
286.39	39868.49
286.45	39862.94
286.52	39856.99
286.59	39842.44
286.65	39833.81
286.72	39830.27
286.79	39820.71
286.85	39811.08
286.92	39799.26
286.99	39787.43
287.05	39770.11
287.12	39764.49
287.19	39756.57
287.25	39758.31
287.32	39758.28
287.39	39759.69
287.45	39759.65
287.52	39762.81
287.59	39764.15
287.65	39757.33
287.72	39748.40
287.79	39734.27
287.86	39716.00
287.92	39694.69
287.99	39687.21
288.06	39676.21
288.12	39666.34
288.19	39663.14
288.26	39658.32
288.32	39650.74
288.39	39643.45
288.46	39643.61
288.52	39643.67
288.59	39648.51
288.66	39651.89
288.72	39655.40
288.79	39661.70
288.86	39663.54
288.92	39663.89
288.99	39656.88
289.06	39656.72
289.12	39649.81
289.19	39647.87
289.26	39650.79
289.32	39660.65
289.39	39658.39
289.45	39663.38
289.52	39654.70
289.59	39653.17
289.65	39652.14
289.72	39655.98
289.79	39663.29
289.85	39682.83
289.92	39690.21
289.99	39700.16
290.05	39700.94
290.12	39687.94
290.19	39678.25
290.25	39665.65
290.32	39652.09
290.39	39656.54
290.45	39668.01
290.52	39676.93
290.59	39688.22
290.65	39692.00
290.72	39690.38
290.79	39685.68
290.85	39689.67
290.92	39703.84
290.98	39717.26
291.05	39730.88
291.12	39738.96
291.18	39744.78
291.25	39745.89
291.32	39746.93
291.38	39741.61
291.45	39742.19
291.52	39737.09
291.58	39733.66
291.65	39743.21
291.72	39760.63
291.78	39782.26
291.85	39796.34
291.91	39812.88
291.98	39835.21
292.05	39844.43
292.11	39853.20
292.18	39868.03
292.25	39877.84
292.31	39872.67
292.38	39871.21
292.45	39867.66
292.51	39879.41
292.58	39884.51
292.64	39889.67
292.71	39896.50
292.78	39906.52
292.84	39897.24
292.91	39904.19
292.98	39917.19
293.04	39927.58
293.11	39934.27
293.17	39954.35
293.24	39968.58
293.31	39977.44
293.37	39995.13
293.44	40000.02
293.51	40007.88
293.57	40010.76
293.64	40015.00
293.70	40022.65
293.77	40045.75
293.84	40054.93
293.90	40061.73
293.97	40075.12
294.04	40087.75
294.10	40094.99
294.17	40105.05
294.23	40127.00
294.30	40138.87
294.37	40153.61
294.43	40170.83
294.50	40183.47
294.56	40188.39
294.63	40196.88
294.70	40203.85
294.76	40213.64
294.83	40227.10
294.90	40243.59
294.96	40263.67
295.03	40274.24
295.09	40289.24
295.16	40305.84
295.23	40317.12
295.29	40324.41
295.36	40335.74
295.42	40342.21
295.49	40354.45
295.56	40373.69
295.62	40395.89
295.69	40404.28
295.75	40417.14
295.82	40430.01
295.89	40432.46
295.95	40438.57
296.02	40456.98
296.08	40462.88
296.15	40464.43
296.22	40480.87
296.28	40497.61
296.35	40517.88
296.41	40538.51
296.48	40561.52
296.55	40581.04
296.61	40592.06
296.68	40606.52
296.74	40627.45
296.81	40652.60
296.88	40668.39
296.94	40688.87
297.01	40710.68
297.07	40725.52
297.14	40733.00
297.20	40741.88
297.27	40756.68
297.34	40768.01
297.40	40787.30
297.47	40803.07
297.53	40822.95
297.60	40842.16
297.67	40856.82
297.73	40867.42
297.80	40875.94
297.86	40887.10
297.93	40890.85
298.00	40903.62
298.06	40915.55
298.13	40940.51
298.19	40955.62
298.26	40976.27
298.32	41002.38
298.39	41025.71
298.46	41033.53
298.52	41047.60
298.59	41060.43
298.65	41062.99
298.72	41077.59
298.78	41096.76
298.85	41112.85
298.92	41125.49
298.98	41138.62
299.05	41143.92
299.11	41160.46
299.18	41172.65
299.24	41182.90
299.31	41190.77
299.38	41206.88
299.44	41201.83
299.51	41214.63
299.57	41230.06
299.64	41249.96
299.70	41257.27
299.77	41278.07
299.84	41285.91
299.90	41289.17
299.97	41288.49
300.03	41294.93
300.10	41311.29
300.16	41322.99
300.23	41338.98
300.30	41355.76
300.36	41365.28
300.43	41374.25
300.49	41388.01
300.56	41401.22
300.62	41413.41
300.69	41434.01
300.75	41439.22
300.82	41452.63
300.89	41465.04
300.95	41479.45
301.02	41471.95
301.08	41469.93
301.15	41460.53
301.21	41459.47
301.28	41452.79
301.34	41464.46
301.41	41475.21
301.48	41474.51
301.54	41466.47
301.61	41466.28
301.67	41461.00
301.74	41461.19
301.80	41470.06
301.87	41475.97
301.93	41473.18
302.00	41475.45
302.06	41468.33
302.13	41456.92
302.20	41447.96
302.26	41446.03
302.33	41443.89
302.39	41443.35
302.46	41443.75
302.52	41436.34
302.59	41432.76
302.65	41426.45
302.72	41419.39
302.78	41414.97
302.85	41415.50
302.91	41404.24
302.98	41394.37
303.05	41384.04
303.11	41374.72
303.18	41365.94
303.24	41365.90
303.31	41350.27
303.37	41336.90
303.44	41327.19
303.50	41309.68
303.57	41285.42
303.63	41272.53
303.70	41255.40
303.76	41228.05
303.83	41215.25
303.89	41199.87
303.96	41190.09
304.03	41176.68
304.09	41166.07
304.16	41141.39
304.22	41120.87
304.29	41104.76
304.35	41084.24
304.42	41067.64
304.48	41047.03
304.55	41025.00
304.61	41000.62
304.68	40978.34
304.74	40956.63
304.81	40943.43
304.87	40913.04
304.94	40877.52
305.00	40853.49
305.07	40822.39
305.13	40785.24
305.20	40766.60
305.26	40746.90
305.33	40728.83
305.39	40702.03
305.46	40674.83
305.52	40647.33
305.59	40616.50
305.66	40578.41
305.72	40546.60
305.79	40519.90
305.85	40493.95
305.92	40439.67
305.98	40331.99
306.05	40120.23
306.11	39824.51
306.18	39529.61
306.24	39349.90
306.31	39315.28
306.37	39433.00
306.44	39661.05
306.50	39892.36
306.57	40032.99
306.63	40079.93
306.70	40072.64
306.76	40033.75
306.83	39991.44
306.89	39937.72
306.96	39890.47
307.02	39846.27
307.09	39809.96
307.15	39763.61
307.22	39737.37
307.28	39693.81
307.35	39654.13
307.41	39602.83
307.48	39559.13
307.54	39506.10
307.61	39460.13
307.67	39406.38
307.74	39361.33
307.80	39318.35
307.87	39269.47
307.93	39223.69
308.00	39186.07
308.06	39144.24
308.13	39092.22
308.19	39043.52
308.26	38996.26
308.32	38956.52
308.38	38919.68
308.45	38877.39
308.51	38844.45
308.58	38788.93
308.64	38720.36
308.71	38656.14
308.77	38604.38
308.84	38550.34
308.90	38524.80
308.97	38502.19
309.03	38478.39
309.10	38434.40
309.16	38382.19
309.23	38319.23
309.29	38260.08
309.36	38177.61
309.42	38102.58
309.49	38040.07
309.55	37969.17
309.62	37891.22
309.68	37836.37
309.75	37784.29
309.81	37725.42
309.88	37677.48
309.94	37625.36
310.00	37573.06
310.07	37518.91
310.13	37470.89
310.20	37410.61
310.26	37364.70
310.33	37309.68
310.39	37260.93
310.46	37203.66
310.52	37160.23
310.59	37103.59
310.65	37052.22
310.72	36992.91
310.78	36933.73
310.85	36866.77
310.91	36812.61
310.97	36756.01
311.04	36701.77
311.10	36644.24
311.17	36590.32
311.23	36534.34
311.30	36481.98
311.36	36429.67
311.43	36382.97
311.49	36328.28
311.56	36270.38
311.62	36203.64
311.69	36136.65
311.75	36081.61
311.81	36022.16
311.88	35958.24
311.94	35908.59
312.01	35871.89
312.07	35815.49
312.14	35770.70
312.20	35728.05
312.27	35673.86
312.33	35604.00
312.40	35535.36
312.46	35464.82
312.52	35399.40
312.59	35335.74
312.65	35273.61
312.72	35207.23
312.78	35145.73
312.85	35077.78
312.91	35006.83
312.98	34935.30
313.04	34880.07
313.10	34816.24
313.17	34761.69
313.23	34710.87
313.30	34661.86
313.36	34594.10
313.43	34525.59
313.49	34453.70
313.56	34377.60
313.62	34304.96
313.68	34240.82
313.75	34190.62
313.81	34131.84
313.88	34072.63
313.94	34007.80
314.01	33949.93
314.07	33890.26
314.13	33828.75
314.20	33773.40
314.26	33718.31
314.33	33657.86
314.39	33587.68
314.46	33508.86
314.52	33442.13
314.58	33377.63
314.65	33305.72
314.71	33235.66
314.78	33180.96
314.84	33111.43
314.91	33044.92
314.97	32981.71
315.03	32920.28
315.10	32860.43
315.16	32788.61
315.23	32722.02
315.29	32659.66
315.36	32593.98
315.42	32527.05
315.48	32465.24
315.55	32401.24
315.61	32331.24
315.68	32269.46
315.74	32206.99
315.81	32139.64
315.87	32070.05
315.93	32011.08
316.00	31963.41
316.06	31917.15
316.13	31894.67
316.19	31842.09
316.25	31744.83
316.32	31579.22
316.38	31366.85
316.45	31083.89
316.51	30768.64
316.58	30430.37
316.64	30078.34
316.70	29709.66
316.77	29325.31
316.83	28922.63
316.90	28497.81
316.96	28060.85
317.02	27606.60
317.09	27142.58
317.15	26669.42
317.22	26185.22
317.28	25685.08
317.34	25163.03
317.41	24636.13
317.47	24098.14
317.54	23551.17
317.60	22995.30
317.66	22438.22
317.73	21867.47
317.79	21294.00
317.86	20720.73
317.92	20139.10
317.98	19548.89
318.05	18954.72
318.11	18357.08
318.18	17767.98
318.24	17177.38
318.30	16592.73
318.37	16011.31
318.43	15424.60
318.50	14828.88
318.56	14244.50
318.62	13672.49
318.69	13104.95
318.75	12555.38
318.82	12014.05
318.88	11489.24
318.94	10967.25
319.01	10459.14
319.07	9964.19
319.13	9481.11
319.20	9007.56
319.26	8546.99
319.33	8100.07
319.39	7661.22
319.45	7250.60
319.52	6853.31
319.58	6471.52
319.65	6107.95
319.71	5761.66
319.77	5424.79
319.84	5109.37
319.90	4811.87
319.96	4523.60
320.03	4252.94
320.09	3999.20
320.16	3751.27
320.22	3522.53
320.28	3313.07
320.35	3118.36
320.41	2934.22
320.47	2768.18
320.54	2608.48
320.60	2465.92
320.67	2333.98
320.73	2213.64
320.79	2100.97
320.86	2003.33
320.92	1908.04
320.98	1825.19
321.05	1747.55
321.11	1674.72
321.18	1608.17
321.24	1549.21
321.30	1488.17
321.37	1438.27
321.43	1398.27
321.49	1357.29
321.56	1319.65
321.62	1289.50
321.68	1254.59
321.75	1221.44
321.81	1193.12
321.88	1164.76
321.94	1139.77
322.00	1117.62
322.07	1089.94
322.13	1062.28
322.19	1032.45
322.26	998.82
322.32	968.96
322.38	943.50
322.45	922.63
322.51	898.99
322.58	880.66
322.64	852.77
322.70	828.97
322.77	796.89
322.83	775.46
322.89	744.24
322.96	718.59
323.02	689.82
323.08	661.88
323.15	631.93
323.21	607.41
323.27	583.04
323.34	557.94
323.40	534.66
323.46	509.17
323.53	478.02
323.59	403.46
323.65	303.30
323.72	189.63
323.78	80.51
323.85	-18.35
323.91	-67.91
323.97	-86.24
324.04	-86.78
