180.21	3429.62
180.28	-126.18
180.36	632.75
180.44	-47.65
180.51	-16.56
180.59	7.35
180.66	35.20
180.74	33.18
180.81	32.83
180.89	35.11
180.97	35.97
181.04	33.77
181.12	32.73
181.19	33.34
181.27	33.74
181.34	49.86
181.42	56.92
181.50	64.38
181.57	75.45
181.65	81.00
181.72	75.64
181.80	70.67
181.87	71.34
181.95	72.01
182.03	72.14
182.10	75.32
182.18	78.95
182.25	86.08
182.33	88.72
182.40	98.92
182.48	98.53
182.55	113.49
182.63	122.36
182.71	130.11
182.78	139.61
182.86	154.08
182.93	154.16
183.01	153.25
183.08	148.53
183.16	146.10
183.23	137.24
183.31	144.81
183.39	151.95
183.46	173.05
183.54	183.87
183.61	211.55
183.69	233.21
183.76	266.97
183.84	293.84
183.91	323.30
183.99	364.98
184.06	396.92
184.14	430.64
184.22	476.26
184.29	510.81
184.37	521.43
184.44	538.26
184.52	525.01
184.59	467.22
184.67	411.85
184.74	361.74
184.82	327.23
184.89	323.42
184.97	367.55
185.04	438.49
185.12	508.93
185.20	589.59
185.27	665.62
185.35	754.13
185.42	813.92
185.50	876.54
185.57	932.24
185.65	975.24
185.72	1014.07
185.80	1093.35
185.87	1151.62
185.95	1218.58
186.02	1334.42
186.10	1405.05
186.17	1428.23
186.25	1417.61
186.33	1275.23
186.40	1073.31
186.48	924.06
186.55	830.66
186.63	817.16
186.70	944.42
186.78	1110.95
186.85	1256.04
186.93	1381.83
187.00	1486.50
187.08	1598.31
187.15	1703.15
187.23	1828.30
187.30	1961.19
187.38	2070.51
187.45	2190.47
187.53	2328.32
187.60	2409.77
187.68	2509.39
187.75	2657.84
187.83	2731.17
187.90	2788.98
187.98	2899.47
188.05	2927.42
188.13	2784.35
188.21	2526.74
188.28	2257.55
188.36	1991.85
188.43	1798.64
188.51	1803.59
188.58	1995.30
188.66	2207.24
188.73	2412.23
188.81	2631.39
188.88	2794.73
188.96	2959.74
189.03	3099.14
189.11	3249.22
189.18	3382.24
189.26	3494.55
189.33	3609.61
189.41	3746.20
189.48	3831.37
189.56	3927.51
189.63	4062.25
189.71	4120.50
189.78	4177.03
189.86	4275.63
189.93	4327.44
190.01	4324.70
190.08	4302.75
190.16	4116.74
190.23	3744.34
190.31	3395.61
190.38	3145.62
190.46	3001.25
190.53	3049.38
190.61	3295.58
190.68	3554.52
190.76	3786.55
190.83	3985.22
190.91	4147.29
190.98	4321.19
191.06	4464.21
191.13	4611.85
191.21	4744.07
191.28	4860.08
191.35	4973.80
191.43	5093.91
191.50	5168.11
191.58	5261.02
191.65	5366.41
191.73	5409.63
191.80	5466.94
191.88	5516.14
191.95	5516.39
192.03	5518.14
192.10	5548.42
192.18	5562.90
192.25	5558.20
192.33	5460.65
192.40	5224.06
192.48	4960.68
192.55	4748.92
192.63	4601.59
192.70	4618.00
192.78	4796.82
192.85	5028.04
192.93	5234.65
193.00	5429.07
193.08	5581.60
193.15	5744.36
193.22	5865.57
193.30	5977.22
193.37	6088.03
193.45	6170.85
193.52	6238.50
193.60	6317.24
193.67	6368.13
193.75	6410.46
193.82	6470.43
193.90	6488.60
193.97	6505.21
194.05	6536.80
194.12	6553.98
194.20	6579.33
194.27	6629.33
194.34	6676.75
194.42	6713.01
194.49	6754.78
194.57	6782.75
194.64	6755.79
194.72	6662.45
194.79	6561.50
194.87	6478.51
194.94	6423.34
195.02	6433.39
195.09	6519.25
195.17	6641.85
195.24	6746.31
195.31	6845.08
195.39	6924.00
195.46	7005.14
195.54	7065.44
195.61	7129.42
195.69	7178.31
195.76	7223.22
195.84	7265.46
195.91	7301.15
195.99	7319.93
196.06	7336.01
196.13	7360.61
196.21	7373.07
196.28	7392.13
196.36	7429.61
196.43	7465.73
196.51	7497.70
196.58	7531.48
196.66	7564.57
196.73	7587.27
196.80	7612.44
196.88	7638.47
196.95	7669.13
197.03	7692.17
197.10	7699.00
197.18	7684.23
197.25	7669.84
197.33	7660.69
197.40	7659.37
197.47	7668.56
197.55	7709.53
197.62	7756.50
197.70	7791.40
197.77	7833.67
197.85	7879.50
197.92	7914.74
197.99	7946.41
198.07	7984.09
198.14	8010.05
198.22	8040.70
198.29	8064.63
198.37	8085.50
198.44	8106.68
198.51	8126.24
198.59	8143.32
198.66	8171.63
198.74	8198.69
198.81	8224.86
198.89	8248.50
198.96	8275.82
199.03	8299.81
199.11	8336.11
199.18	8366.26
199.26	8396.35
199.33	8426.92
199.41	8459.64
199.48	8475.19
199.55	8497.94
199.63	8518.96
199.70	8544.65
199.78	8560.95
199.85	8581.95
199.93	8599.36
200.00	8628.00
200.07	8650.18
200.15	8678.94
200.22	8716.62
200.30	8752.55
200.37	8791.60
200.44	8828.47
200.52	8865.61
200.59	8900.21
200.67	8930.22
200.74	8948.68
200.81	8968.69
200.89	8986.20
200.96	9010.68
201.04	9033.54
201.11	9072.16
201.19	9108.78
201.26	9145.90
201.33	9176.86
201.41	9217.41
201.48	9248.63
201.56	9283.34
201.63	9325.29
201.70	9359.07
201.78	9395.77
201.85	9440.00
201.93	9478.85
202.00	9515.67
202.07	9557.48
202.15	9593.46
202.22	9625.99
202.30	9666.68
202.37	9701.25
202.44	9736.69
202.52	9777.82
202.59	9820.13
202.67	9855.08
202.74	9897.05
202.81	9935.36
202.89	9970.92
202.96	10009.19
203.04	10056.90
203.11	10096.79
203.18	10150.61
203.26	10202.17
203.33	10248.77
203.41	10290.33
203.48	10341.03
203.55	10378.05
203.63	10425.09
203.70	10472.38
203.77	10520.82
203.85	10570.59
203.92	10622.38
204.00	10678.47
204.07	10732.97
204.14	10790.37
204.22	10835.32
204.29	10889.48
204.37	10933.73
204.44	10978.90
204.51	11027.66
204.59	11090.35
204.66	11143.76
204.73	11205.36
204.81	11264.11
204.88	11324.31
204.96	11381.30
205.03	11440.46
205.10	11492.54
205.18	11549.80
205.25	11601.78
205.32	11664.58
205.40	11726.91
205.47	11790.66
205.55	11851.77
205.62	11917.02
205.69	11978.04
205.77	12040.57
205.84	12108.62
205.91	12184.50
205.99	12258.80
206.06	12323.50
206.14	12395.30
206.21	12468.36
206.28	12535.80
206.36	12613.35
206.43	12686.87
206.50	12761.59
206.58	12831.05
206.65	12901.63
206.72	12967.85
206.80	13043.44
206.87	13118.27
206.95	13200.52
207.02	13286.61
207.09	13369.85
207.17	13455.10
207.24	13539.86
207.31	13620.40
207.39	13699.02
207.46	13780.69
207.53	13859.57
207.61	13945.16
207.68	14025.70
207.75	14111.02
207.83	14195.64
207.90	14276.40
207.98	14351.28
208.05	14440.88
208.12	14528.15
208.20	14615.57
208.27	14713.77
208.34	14817.57
208.42	14906.27
208.49	14995.55
208.56	15083.22
208.64	15173.85
208.71	15259.63
208.78	15349.26
208.86	15455.04
208.93	15558.39
209.00	15656.95
209.08	15758.24
209.15	15868.41
209.22	15967.41
209.30	16070.88
209.37	16171.91
209.44	16274.40
209.52	16375.86
209.59	16470.32
209.67	16574.15
209.74	16681.56
209.81	16790.76
209.89	16893.52
209.96	17006.42
210.03	17114.28
210.11	17223.95
210.18	17329.77
210.25	17439.19
210.33	17549.06
210.40	17658.05
210.47	17770.58
210.55	17889.61
210.62	18007.20
210.69	18121.55
210.77	18239.10
210.84	18354.96
210.91	18477.35
210.99	18594.43
211.06	18715.13
211.13	18831.83
211.21	18951.21
211.28	19063.39
211.35	19186.85
211.42	19306.28
211.50	19431.62
211.57	19557.62
211.64	19686.72
211.72	19811.62
211.79	19935.31
211.86	20061.45
211.94	20197.23
212.01	20322.22
212.08	20450.71
212.16	20582.40
212.23	20710.62
212.30	20831.92
212.38	20956.45
212.45	21089.65
212.52	21223.58
212.60	21351.54
212.67	21479.47
212.74	21610.45
212.82	21735.18
212.89	21862.01
212.96	21992.95
213.03	22123.36
213.11	22265.34
213.18	22399.28
213.25	22538.83
213.33	22675.95
213.40	22809.79
213.47	22939.68
213.55	23082.78
213.62	23216.35
213.69	23357.69
213.77	23498.64
213.84	23636.40
213.91	23780.53
213.98	23925.69
214.06	24074.60
214.13	24228.18
214.20	24380.78
214.28	24526.83
214.35	24673.72
214.42	24808.29
214.50	24945.91
214.57	25079.04
214.64	25214.37
214.72	25351.59
214.79	25501.27
214.86	25645.62
214.93	25790.26
215.01	25936.76
215.08	26075.45
215.15	26219.25
215.23	26368.37
215.30	26517.15
215.37	26659.05
215.44	26817.27
215.52	26968.31
215.59	27115.94
215.66	27263.46
215.74	27410.17
215.81	27548.93
215.88	27690.86
215.95	27828.08
216.03	27974.24
216.10	28128.62
216.17	28283.83
216.25	28432.62
216.32	28589.26
216.39	28738.35
216.46	28889.57
216.54	29039.86
216.61	29196.01
216.68	29339.93
216.76	29491.32
216.83	29632.01
216.90	29776.86
216.97	29926.38
217.05	30081.81
217.12	30235.52
217.19	30392.48
217.27	30538.14
217.34	30668.82
217.41	30802.38
217.48	30934.12
217.56	31069.99
217.63	31215.91
217.70	31368.03
217.78	31526.87
217.85	31682.11
217.92	31827.00
217.99	31980.83
218.07	32129.16
218.14	32264.88
218.21	32413.73
218.28	32567.64
218.36	32712.35
218.43	32856.44
218.50	33010.96
218.57	33155.81
218.65	33291.95
218.72	33428.47
218.79	33567.13
218.87	33702.27
218.94	33835.99
219.01	33978.68
219.08	34117.86
219.16	34257.96
219.23	34400.14
219.30	34548.58
219.37	34691.28
219.45	34829.94
219.52	34981.74
219.59	35120.60
219.66	35245.54
219.74	35381.05
219.81	35531.62
219.88	35663.46
219.95	35804.49
220.03	35953.45
220.10	36088.42
220.17	36220.54
220.24	36363.69
220.32	36498.67
220.39	36620.26
220.46	36742.11
220.53	36868.53
220.61	36984.36
220.68	37106.73
220.75	37236.42
220.82	37378.47
220.90	37508.15
220.97	37633.19
221.04	37751.35
221.11	37873.29
221.19	37992.66
221.26	38112.50
221.33	38240.41
221.40	38379.71
221.48	38509.47
221.55	38631.25
221.62	38743.81
221.69	38859.35
221.77	38974.43
221.84	39100.90
221.91	39221.83
221.98	39349.07
222.06	39473.15
222.13	39595.44
222.20	39702.53
222.27	39817.02
222.35	39936.21
222.42	40055.65
222.49	40162.50
222.56	40279.10
222.63	40389.23
222.71	40494.84
222.78	40598.39
222.85	40706.36
222.92	40815.95
223.00	40923.49
223.07	41032.57
223.14	41137.03
223.21	41249.60
223.29	41352.48
223.36	41470.85
223.43	41581.48
223.50	41700.83
223.57	41809.53
223.65	41934.81
223.72	42041.14
223.79	42143.51
223.86	42237.46
223.94	42326.78
224.01	42400.69
224.08	42486.73
224.15	42576.22
224.22	42670.17
224.30	42763.80
224.37	42864.15
224.44	42966.10
224.51	43058.78
224.59	43137.85
224.66	43222.60
224.73	43310.35
224.80	43388.53
224.87	43478.57
224.95	43583.75
225.02	43694.26
225.09	43792.89
225.16	43894.28
225.23	43998.87
225.31	44091.18
225.38	44164.64
225.45	44249.57
225.52	44335.25
225.60	44409.85
225.67	44485.42
225.74	44564.90
225.81	44638.94
225.88	44713.14
225.96	44788.04
226.03	44864.82
226.10	44940.97
226.17	45022.81
226.24	45097.19
226.32	45178.31
226.39	45256.77
226.46	45336.53
226.53	45415.35
226.60	45498.49
226.68	45579.81
226.75	45668.92
226.82	45758.54
226.89	45842.63
226.96	45915.96
227.04	45971.75
227.11	46021.40
227.18	46068.65
227.25	46108.05
227.32	46160.22
227.40	46225.38
227.47	46291.45
227.54	46375.03
227.61	46459.30
227.68	46539.55
227.76	46623.49
227.83	46702.89
227.90	46770.94
227.97	46832.22
228.04	46893.80
228.11	46944.50
228.19	46982.28
228.26	47035.67
228.33	47089.54
228.40	47130.64
228.47	47178.25
228.55	47243.42
228.62	47293.50
228.69	47356.22
228.76	47426.37
228.83	47490.13
228.90	47547.82
228.98	47605.72
229.05	47662.40
229.12	47730.65
229.19	47795.47
229.26	47855.92
229.34	47909.53
229.41	47960.39
229.48	47998.03
229.55	48044.75
229.62	48102.72
229.69	48163.90
229.77	48222.10
229.84	48275.61
229.91	48328.55
229.98	48369.94
230.05	48409.36
230.12	48445.79
230.20	48493.14
230.27	48536.31
230.34	48584.60
230.41	48633.32
230.48	48685.34
230.55	48738.25
230.63	48796.68
230.70	48859.08
230.77	48911.85
230.84	48957.20
230.91	48992.60
230.98	49025.39
231.06	49058.18
231.13	49106.18
231.20	49165.54
231.27	49227.66
231.34	49286.77
231.41	49350.58
231.49	49391.55
231.56	49434.70
231.63	49474.30
231.70	49515.46
231.77	49540.42
231.84	49571.26
231.92	49597.36
231.99	49625.17
232.06	49655.33
232.13	49691.35
232.20	49738.13
232.27	49778.19
232.34	49817.28
232.42	49848.49
232.49	49877.53
232.56	49906.05
232.63	49947.28
232.70	49986.08
232.77	50032.40
232.85	50079.48
232.92	50125.86
232.99	50151.74
233.06	50171.75
233.13	50183.86
233.20	50191.40
233.27	50188.50
233.35	50199.19
233.42	50211.88
233.49	50236.07
233.56	50269.24
233.63	50307.55
233.70	50331.49
233.77	50370.46
233.85	50399.25
233.92	50435.79
233.99	50464.78
234.06	50504.75
234.13	50527.19
234.20	50551.72
234.27	50560.33
234.35	50569.39
234.42	50571.69
234.49	50588.15
234.56	50598.60
234.63	50611.90
234.70	50631.22
234.77	50649.52
234.84	50657.10
234.92	50659.70
234.99	50663.19
235.06	50668.17
235.13	50671.76
235.20	50681.12
235.27	50700.95
235.34	50713.88
235.41	50719.75
235.49	50727.86
235.56	50737.41
235.63	50740.59
235.70	50744.60
235.77	50747.79
235.84	50752.89
235.91	50747.95
235.98	50739.78
236.06	50727.20
236.13	50714.78
236.20	50699.00
236.27	50672.67
236.34	50649.15
236.41	50629.44
236.48	50618.52
236.55	50608.83
236.63	50605.08
236.70	50608.02
236.77	50617.89
236.84	50632.72
236.91	50634.93
236.98	50641.21
237.05	50646.12
237.12	50635.44
237.19	50613.57
237.27	50611.02
237.34	50611.12
237.41	50603.25
237.48	50594.75
237.55	50581.19
237.62	50562.44
237.69	50551.47
237.76	50551.25
237.83	50560.14
237.91	50570.71
237.98	50573.87
238.05	50564.32
238.12	50546.72
238.19	50527.49
238.26	50526.01
238.33	50519.62
238.40	50514.73
238.47	50507.53
238.54	50503.58
238.62	50483.73
238.69	50469.56
238.76	50458.23
238.83	50445.29
238.90	50428.33
238.97	50414.31
239.04	50403.88
239.11	50392.91
239.18	50394.35
239.25	50387.77
239.33	50370.21
239.40	50350.90
239.47	50328.83
239.54	50292.39
239.61	50257.76
239.68	50224.24
239.75	50207.30
239.82	50198.23
239.89	50187.35
239.96	50188.29
240.03	50193.75
240.11	50186.03
240.18	50166.28
240.25	50159.45
240.32	50140.88
240.39	50126.11
240.46	50116.32
240.53	50118.63
240.60	50112.44
240.67	50116.08
240.74	50109.08
240.81	50098.51
240.88	50081.98
240.96	50073.33
241.03	50059.67
241.10	50059.09
241.17	50056.97
241.24	50058.15
241.31	50054.05
241.38	50045.74
241.45	50031.45
241.52	50016.14
241.59	49998.73
241.66	49977.14
241.73	49965.81
241.80	49955.36
241.88	49944.23
241.95	49927.93
242.02	49914.93
242.09	49891.01
242.16	49867.44
242.23	49850.36
242.30	49833.48
242.37	49816.79
242.44	49815.11
242.51	49807.22
242.58	49806.85
242.65	49808.48
242.72	49813.60
242.79	49807.52
242.87	49809.86
242.94	49795.94
243.01	49792.06
243.08	49796.22
243.15	49794.75
243.22	49797.76
243.29	49807.15
243.36	49807.65
243.43	49805.47
243.50	49822.91
243.57	49837.65
243.64	49840.96
243.71	49845.57
243.78	49848.48
243.85	49834.55
243.92	49825.66
243.99	49826.83
244.07	49826.04
244.14	49806.52
244.21	49796.35
244.28	49782.72
244.35	49769.76
244.42	49761.16
244.49	49767.59
244.56	49777.45
244.63	49788.70
244.70	49794.95
244.77	49804.90
244.84	49815.26
244.91	49825.53
244.98	49841.12
245.05	49856.12
245.12	49868.91
245.19	49889.51
245.26	49902.63
245.33	49912.64
245.40	49936.28
245.47	49971.29
245.55	49989.43
245.62	50000.98
245.69	50001.54
245.76	49999.91
245.83	49987.83
245.90	49980.25
245.97	49984.35
246.04	49998.99
246.11	50016.10
246.18	50023.53
246.25	50027.49
246.32	50025.42
246.39	50026.80
246.46	50026.12
246.53	50044.26
246.60	50066.70
246.67	50093.97
246.74	50114.10
246.81	50138.41
246.88	50148.27
246.95	50168.51
247.02	50198.70
247.09	50225.76
247.16	50234.79
247.23	50236.56
247.30	50226.01
247.37	50210.25
247.44	50220.23
247.51	50238.60
247.58	50274.40
247.66	50315.45
247.73	50362.99
247.80	50385.35
247.87	50409.46
247.94	50440.08
248.01	50473.10
248.08	50491.54
248.15	50517.53
248.22	50544.16
248.29	50560.80
248.36	50573.75
248.43	50598.80
248.50	50620.75
248.57	50642.65
248.64	50657.73
248.71	50677.37
248.78	50700.36
248.85	50718.92
248.92	50742.03
248.99	50760.10
249.06	50777.31
249.13	50785.40
249.20	50807.22
249.27	50821.73
249.34	50841.76
249.41	50858.21
249.48	50859.06
249.55	50847.65
249.62	50844.99
249.69	50860.19
249.76	50887.60
249.83	50932.51
249.90	50987.00
249.97	51030.48
250.04	51076.70
250.11	51117.40
250.18	51147.80
250.25	51170.48
250.32	51193.72
250.39	51211.77
250.46	51224.64
250.53	51247.86
250.60	51270.60
250.67	51304.74
250.74	51331.84
250.81	51343.97
250.88	51358.65
250.95	51377.80
251.02	51393.82
251.09	51408.65
251.16	51439.70
251.23	51461.07
251.30	51477.46
251.37	51487.84
251.44	51498.93
251.51	51513.55
251.58	51530.94
251.65	51547.42
251.72	51566.64
251.79	51585.33
251.86	51598.37
251.93	51609.58
252.00	51618.50
252.07	51627.40
252.14	51643.42
252.21	51648.42
252.28	51659.18
252.35	51676.79
252.42	51701.19
252.49	51709.96
252.56	51725.62
252.63	51736.09
252.70	51750.26
252.77	51758.11
252.84	51773.32
252.91	51787.67
252.98	51813.15
253.05	51824.73
253.12	51831.14
253.19	51841.59
253.25	51860.43
253.32	51862.86
253.39	51884.43
253.46	51909.47
253.53	51928.66
253.60	51938.43
253.67	51957.61
253.74	51970.85
253.81	51981.97
253.88	51990.52
253.95	52008.21
254.02	52023.18
254.09	52031.85
254.16	52045.13
254.23	52058.52
254.30	52071.26
254.37	52085.08
254.44	52097.72
254.51	52107.36
254.58	52112.91
254.65	52120.26
254.72	52129.83
254.79	52130.38
254.86	52134.39
254.93	52134.78
255.00	52135.69
255.07	52127.39
255.14	52133.55
255.21	52128.21
255.28	52124.34
255.34	52110.63
255.41	52106.02
255.48	52103.59
255.55	52104.34
255.62	52114.29
255.69	52125.87
255.76	52133.99
255.83	52141.40
255.90	52153.09
255.97	52168.66
256.04	52168.36
256.11	52172.56
256.18	52167.39
256.25	52161.28
256.32	52148.30
256.39	52153.12
256.46	52151.35
256.53	52154.39
256.60	52153.12
256.67	52155.08
256.74	52160.63
256.80	52167.70
256.87	52170.68
256.94	52172.71
257.01	52166.11
257.08	52161.95
257.15	52144.27
257.22	52124.96
257.29	52106.50
257.36	52090.05
257.43	52073.41
257.50	52075.14
257.57	52065.47
257.64	52068.63
257.71	52059.30
257.78	52052.33
257.85	52025.65
257.92	52018.53
257.98	51991.00
258.05	51981.19
258.12	51955.64
258.19	51939.42
258.26	51923.07
258.33	51913.82
258.40	51909.93
258.47	51910.66
258.54	51916.16
258.61	51915.48
258.68	51915.24
258.75	51891.30
258.82	51868.52
258.89	51838.49
258.95	51814.98
259.02	51795.73
259.09	51788.93
259.16	51776.59
259.23	51759.37
259.30	51734.30
259.37	51714.29
259.44	51693.86
259.51	51677.34
259.58	51665.24
259.65	51646.71
259.72	51618.49
259.79	51585.42
259.85	51548.71
259.92	51507.05
259.99	51482.23
260.06	51459.90
260.13	51437.56
260.20	51414.77
260.27	51394.03
260.34	51365.55
260.41	51333.84
260.48	51309.49
260.55	51291.59
260.62	51280.15
260.68	51257.56
260.75	51236.16
260.82	51215.80
260.89	51192.94
260.96	51165.30
261.03	51144.63
261.10	51119.41
261.17	51094.13
261.24	51053.58
261.31	51024.11
261.38	50992.45
261.44	50965.07
261.51	50919.94
261.58	50886.15
261.65	50845.68
261.72	50800.34
261.79	50750.53
261.86	50721.17
261.93	50703.47
262.00	50679.76
262.07	50651.21
262.13	50624.24
262.20	50588.38
262.27	50539.10
262.34	50496.44
262.41	50463.07
262.48	50425.87
262.55	50396.33
262.62	50365.55
262.69	50326.79
262.76	50295.57
262.82	50266.56
262.89	50243.07
262.96	50216.77
263.03	50192.68
263.10	50162.06
263.17	50128.79
263.24	50083.44
263.31	50044.61
263.38	50004.10
263.44	49965.58
263.51	49916.02
263.58	49868.79
263.65	49829.94
263.72	49786.20
263.79	49740.92
263.86	49712.72
263.93	49674.47
264.00	49627.01
264.06	49594.70
264.13	49558.28
264.20	49527.07
264.27	49495.58
264.34	49458.98
264.41	49415.72
264.48	49371.44
264.55	49319.60
264.61	49270.67
264.68	49225.76
264.75	49185.83
264.82	49135.75
264.89	49089.31
264.96	49050.61
265.03	49009.92
265.10	48972.95
265.16	48945.64
265.23	48916.46
265.30	48883.60
265.37	48850.31
265.44	48801.05
265.51	48753.37
265.58	48699.42
265.65	48641.02
265.71	48591.95
265.78	48554.60
265.85	48513.67
265.92	48474.58
265.99	48439.55
266.06	48400.57
266.13	48345.90
266.20	48306.24
266.26	48270.75
266.33	48221.44
266.40	48172.70
266.47	48124.06
266.54	48056.31
266.61	47989.73
266.68	47933.98
266.74	47874.39
266.81	47826.21
266.88	47782.68
266.95	47731.89
267.02	47690.15
267.09	47652.85
267.16	47608.49
267.22	47571.79
267.29	47541.49
267.36	47501.54
267.43	47459.75
267.50	47424.21
267.57	47392.01
267.64	47354.16
267.70	47319.52
267.77	47277.32
267.84	47239.04
267.91	47182.31
267.98	47126.70
268.05	47069.42
268.11	47018.47
268.18	46959.25
268.25	46911.55
268.32	46867.24
268.39	46830.65
268.46	46795.47
268.53	46760.34
268.59	46728.43
268.66	46692.79
268.73	46655.34
268.80	46605.47
268.87	46560.27
268.94	46512.77
269.00	46468.42
269.07	46421.58
269.14	46393.81
269.21	46366.43
269.28	46330.20
269.35	46284.83
269.41	46245.55
269.48	46198.70
269.55	46135.71
269.62	46082.96
269.69	46045.74
269.76	45998.69
269.82	45954.12
269.89	45931.98
269.96	45908.73
270.03	45880.06
270.10	45858.60
270.17	45820.06
270.23	45772.40
270.30	45728.59
270.37	45691.60
270.44	45646.71
270.51	45612.54
270.58	45578.85
270.64	45549.76
270.71	45514.02
270.78	45484.68
270.85	45446.86
270.92	45411.96
270.99	45367.24
271.05	45328.67
271.12	45285.60
271.19	45260.18
271.26	45220.81
271.33	45186.99
271.39	45147.37
271.46	45105.68
271.53	45060.75
271.60	45037.65
271.67	45004.63
271.74	44972.12
271.80	44946.57
271.87	44922.96
271.94	44888.57
272.01	44857.40
272.08	44828.66
272.14	44791.20
272.21	44764.22
272.28	44735.64
272.35	44714.84
272.42	44683.23
272.48	44665.16
272.55	44633.45
272.62	44609.95
272.69	44589.80
272.76	44580.02
272.83	44554.25
272.89	44525.02
272.96	44490.05
273.03	44452.73
273.10	44415.68
273.17	44390.51
273.23	44369.93
273.30	44354.51
273.37	44326.62
273.44	44305.52
273.51	44277.38
273.57	44252.61
273.64	44223.22
273.71	44206.35
273.78	44178.37
273.85	44161.69
273.91	44138.75
273.98	44124.93
274.05	44106.25
274.12	44089.71
274.19	44070.28
274.25	44050.65
274.32	44019.71
274.39	43989.87
274.46	43947.17
274.53	43900.67
274.59	43851.50
274.66	43816.61
274.73	43791.97
274.80	43772.75
274.86	43746.95
274.93	43725.20
275.00	43691.08
275.07	43640.34
275.14	43604.60
275.20	43574.40
275.27	43551.23
275.34	43525.39
275.41	43513.85
275.48	43499.98
275.54	43486.82
275.61	43459.41
275.68	43441.70
275.75	43412.25
275.81	43374.23
275.88	43343.10
275.95	43322.81
276.02	43295.46
276.09	43265.79
276.15	43241.67
276.22	43213.83
276.29	43192.77
276.36	43168.98
276.42	43152.17
276.49	43129.09
276.56	43106.70
276.63	43075.11
276.70	43051.47
276.76	43028.09
276.83	43011.66
276.90	42991.32
276.97	42976.47
277.03	42960.80
277.10	42935.38
277.17	42915.65
277.24	42904.08
277.30	42886.65
277.37	42866.07
277.44	42857.40
277.51	42839.57
277.58	42804.70
277.64	42779.14
277.71	42753.97
277.78	42728.75
277.85	42697.31
277.91	42678.54
277.98	42653.37
278.05	42629.05
278.12	42615.77
278.18	42596.35
278.25	42571.84
278.32	42549.17
278.39	42533.86
278.45	42503.76
278.52	42488.42
278.59	42473.98
278.66	42457.25
278.72	42440.00
278.79	42417.92
278.86	42397.28
278.93	42388.31
278.99	42372.35
279.06	42350.85
279.13	42329.60
279.20	42309.51
279.26	42282.50
279.33	42260.87
279.40	42235.70
279.47	42217.07
279.53	42190.10
279.60	42157.86
279.67	42130.04
279.74	42103.28
279.80	42079.89
279.87	42069.38
279.94	42064.87
280.01	42049.61
280.07	42029.66
280.14	42015.75
280.21	41984.40
280.28	41954.18
280.34	41925.68
280.41	41908.68
280.48	41881.73
280.55	41856.03
280.61	41825.09
280.68	41802.85
280.75	41769.95
280.82	41731.63
280.88	41696.26
280.95	41645.26
281.02	41584.11
281.08	41508.84
281.15	41440.46
281.22	41377.52
281.29	41326.42
281.35	41274.55
281.42	41245.95
281.49	41207.12
281.56	41174.90
281.62	41146.51
281.69	41115.22
281.76	41079.50
281.82	41050.75
281.89	41012.73
281.96	40978.22
282.03	40954.32
282.09	40933.53
282.16	40911.96
282.23	40892.51
282.30	40868.43
282.36	40842.37
282.43	40810.97
282.50	40793.15
282.56	40762.25
282.63	40739.65
282.70	40718.75
282.77	40713.23
282.83	40687.19
282.90	40678.26
282.97	40657.43
283.03	40635.80
283.10	40601.30
283.17	40583.98
283.24	40553.02
283.30	40522.26
283.37	40496.78
283.44	40469.08
283.50	40433.97
283.57	40415.00
283.64	40386.81
283.71	40345.54
283.77	40306.69
283.84	40278.20
283.91	40234.41
283.97	40213.15
284.04	40227.03
284.11	40233.55
284.18	40240.08
284.24	40254.77
284.31	40266.06
284.38	40247.03
284.44	40226.00
284.51	40205.67
284.58	40193.23
284.64	40180.26
284.71	40173.08
284.78	40171.37
284.85	40162.28
284.91	40144.75
284.98	40125.68
285.05	40095.34
285.11	40074.70
285.18	40057.42
285.25	40044.68
285.31	40037.73
285.38	40045.07
285.45	40051.00
285.52	40051.81
285.58	40042.79
285.65	40028.12
285.72	40002.63
285.78	39981.18
285.85	39960.37
285.92	39946.06
285.98	39927.31
286.05	39919.02
286.12	39902.63
286.18	39889.70
286.25	39878.11
286.32	39869.70
286.39	39861.62
286.45	39860.40
286.52	39852.51
286.59	39840.57
286.65	39837.22
286.72	39832.40
286.79	39819.78
286.85	39804.61
286.92	39792.10
286.99	39781.11
287.05	39756.05
287.12	39750.70
287.19	39750.59
287.25	39752.24
287.32	39746.97
287.39	39754.33
287.45	39747.80
287.52	39741.03
287.59	39746.39
287.65	39745.23
287.72	39741.73
287.79	39727.90
287.86	39718.52
287.92	39699.23
287.99	39682.97
288.06	39676.69
288.12	39671.88
288.19	39671.35
288.26	39658.01
288.32	39651.02
288.39	39640.97
288.46	39635.80
288.52	39632.00
288.59	39640.18
288.66	39646.80
288.72	39649.62
288.79	39656.20
288.86	39660.70
288.92	39658.08
288.99	39647.17
289.06	39641.27
289.12	39637.13
289.19	39634.90
289.26	39634.75
289.32	39646.62
289.39	39648.39
289.45	39656.14
289.52	39651.49
289.59	39657.28
289.65	39658.50
289.72	39662.88
289.79	39670.23
289.85	39676.68
289.92	39678.50
289.99	39679.70
290.05	39681.57
290.12	39670.34
290.19	39664.51
290.25	39656.02
290.32	39655.40
290.39	39659.78
290.45	39664.41
290.52	39673.01
290.59	39685.91
290.65	39687.60
290.72	39682.64
290.79	39681.01
290.85	39679.57
290.92	39686.08
290.98	39696.33
291.05	39708.89
291.12	39715.26
291.18	39726.45
291.25	39730.81
291.32	39734.15
291.38	39736.20
291.45	39744.63
291.52	39743.19
291.58	39745.99
291.65	39752.19
291.72	39770.24
291.78	39789.16
291.85	39808.05
291.91	39818.24
291.98	39838.95
292.05	39843.42
292.11	39849.96
292.18	39858.45
292.25	39863.34
292.31	39852.14
292.38	39853.95
292.45	39854.96
292.51	39867.98
292.58	39875.52
292.64	39889.81
292.71	39891.16
292.78	39896.66
292.84	39890.59
292.91	39900.73
292.98	39905.78
293.04	39924.35
293.11	39935.77
293.17	39944.24
293.24	39956.21
293.31	39970.65
293.37	39978.73
293.44	39984.95
293.51	40000.94
293.57	40011.76
293.64	40016.28
293.70	40027.67
293.77	40045.48
293.84	40060.95
293.90	40063.45
293.97	40079.13
294.04	40087.64
294.10	40094.72
294.17	40100.89
294.23	40121.57
294.30	40133.78
294.37	40144.16
294.43	40164.65
294.50	40174.94
294.56	40184.24
294.63	40189.08
294.70	40203.64
294.76	40207.24
294.83	40218.85
294.90	40237.83
294.96	40259.04
295.03	40274.31
295.09	40292.72
295.16	40311.37
295.23	40314.91
295.29	40321.98
295.36	40324.27
295.42	40330.40
295.49	40338.20
295.56	40361.38
295.62	40384.40
295.69	40404.63
295.75	40417.56
295.82	40438.70
295.89	40439.59
295.95	40441.47
296.02	40448.97
296.08	40457.31
296.15	40458.70
296.22	40478.81
296.28	40500.89
296.35	40526.29
296.41	40541.67
296.48	40559.10
296.55	40574.10
296.61	40582.23
296.68	40599.91
296.74	40630.65
296.81	40658.92
296.88	40677.49
296.94	40703.32
297.01	40719.34
297.07	40725.20
297.14	40727.28
297.20	40738.23
297.27	40747.04
297.34	40761.28
297.40	40781.60
297.47	40800.24
297.53	40817.77
297.60	40840.32
297.67	40853.13
297.73	40870.33
297.80	40882.68
297.86	40890.41
297.93	40892.34
298.00	40908.76
298.06	40920.25
298.13	40947.78
298.19	40965.91
298.26	40985.50
298.32	41005.42
298.39	41022.59
298.46	41023.58
298.52	41041.25
298.59	41056.39
298.65	41059.66
298.72	41069.91
298.78	41090.30
298.85	41103.95
298.92	41109.02
298.98	41124.95
299.05	41139.26
299.11	41153.53
299.18	41159.66
299.24	41178.29
299.31	41186.60
299.38	41196.10
299.44	41194.98
299.51	41212.65
299.57	41223.13
299.64	41236.98
299.70	41248.22
299.77	41260.77
299.84	41270.10
299.90	41272.97
299.97	41277.02
300.03	41280.87
300.10	41304.65
300.16	41314.38
300.23	41328.89
300.30	41343.48
300.36	41358.65
300.43	41370.20
300.49	41379.75
300.56	41402.50
300.62	41421.98
300.69	41439.56
300.75	41437.64
300.82	41446.42
300.89	41452.53
300.95	41461.55
301.02	41460.00
301.08	41473.03
301.15	41479.25
301.21	41480.67
301.28	41476.13
301.34	41483.87
301.41	41482.01
301.48	41478.04
301.54	41469.41
301.61	41473.41
301.67	41463.95
301.74	41468.76
301.80	41473.56
301.87	41479.37
301.93	41471.74
302.00	41478.17
302.06	41465.55
302.13	41452.83
302.20	41445.68
302.26	41438.31
302.33	41432.29
302.39	41428.21
302.46	41426.96
302.52	41422.10
302.59	41423.15
302.65	41418.46
302.72	41420.00
302.78	41418.99
302.85	41416.37
302.91	41408.88
302.98	41396.51
303.05	41376.53
303.11	41364.31
303.18	41351.95
303.24	41344.66
303.31	41332.96
303.37	41327.54
303.44	41319.63
303.50	41302.44
303.57	41276.50
303.63	41257.17
303.70	41241.57
303.76	41224.22
303.83	41212.18
303.89	41209.33
303.96	41197.18
304.03	41179.15
304.09	41162.06
304.16	41141.86
304.22	41111.41
304.29	41097.38
304.35	41074.00
304.42	41051.23
304.48	41031.91
304.55	41014.14
304.61	40986.90
304.68	40971.65
304.74	40953.85
304.81	40937.70
304.87	40910.14
304.94	40890.13
305.00	40864.27
305.07	40834.37
305.13	40797.74
305.20	40773.48
305.26	40746.46
305.33	40726.58
305.39	40704.50
305.46	40673.50
305.52	40643.83
305.59	40618.55
305.66	40585.96
305.72	40547.48
305.79	40521.94
305.85	40496.95
305.92	40443.52
305.98	40329.13
306.05	40122.20
306.11	39827.22
306.18	39533.92
306.24	39349.04
306.31	39312.05
306.37	39431.42
306.44	39663.25
306.50	39898.19
306.57	40044.22
306.63	40102.84
306.70	40092.71
306.76	40054.66
306.83	40004.34
306.89	39945.68
306.96	39886.04
307.02	39841.01
307.09	39801.82
307.15	39764.98
307.22	39735.49
307.28	39700.30
307.35	39658.08
307.41	39606.51
307.48	39550.03
307.54	39500.61
307.61	39452.57
307.67	39398.50
307.74	39349.45
307.80	39313.95
307.87	39264.37
307.93	39220.09
308.00	39187.14
308.06	39154.71
308.13	39104.49
308.19	39059.01
308.26	39012.06
308.32	38962.49
308.38	38919.73
308.45	38878.62
308.51	38842.05
308.58	38790.49
308.64	38728.03
308.71	38665.63
308.77	38607.35
308.84	38548.51
308.90	38516.56
308.97	38489.85
309.03	38463.45
309.10	38427.32
309.16	38382.48
309.23	38319.00
309.29	38263.27
309.36	38182.30
309.42	38105.51
309.49	38037.50
309.55	37971.40
309.62	37896.52
309.68	37841.10
309.75	37786.96
309.81	37730.54
309.88	37677.80
309.94	37626.86
310.00	37570.08
310.07	37519.93
310.13	37467.52
310.20	37408.91
310.26	37358.72
310.33	37305.64
310.39	37254.70
310.46	37202.44
310.52	37152.74
310.59	37100.61
310.65	37056.37
310.72	36996.60
310.78	36931.61
310.85	36871.35
310.91	36812.56
310.97	36754.12
311.04	36701.53
311.10	36646.70
311.17	36594.73
311.23	36541.68
311.30	36479.84
311.36	36426.99
311.43	36382.61
311.49	36327.81
311.56	36264.08
311.62	36207.40
311.69	36146.23
311.75	36087.49
311.81	36024.83
311.88	35967.74
311.94	35911.31
312.01	35866.22
312.07	35809.97
312.14	35766.42
312.20	35719.94
312.27	35668.79
312.33	35602.62
312.40	35532.12
312.46	35460.34
312.52	35394.65
312.59	35331.84
312.65	35270.71
312.72	35208.03
312.78	35143.35
312.85	35074.65
312.91	35003.27
312.98	34934.41
313.04	34881.38
313.10	34821.08
313.17	34764.52
313.23	34716.64
313.30	34657.23
313.36	34590.12
313.43	34521.85
313.49	34455.19
313.56	34377.83
313.62	34307.11
313.68	34239.55
313.75	34180.06
313.81	34124.53
313.88	34061.24
313.94	34004.53
314.01	33950.24
314.07	33896.18
314.13	33828.58
314.20	33773.51
314.26	33712.86
314.33	33647.25
314.39	33579.51
314.46	33500.37
314.52	33431.55
314.58	33365.50
314.65	33298.32
314.71	33229.10
314.78	33175.33
314.84	33114.27
314.91	33045.44
314.97	32981.41
315.03	32918.57
315.10	32855.93
315.16	32778.48
315.23	32715.15
315.29	32653.13
315.36	32591.69
315.42	32529.56
315.48	32474.33
315.55	32409.96
315.61	32337.61
315.68	32274.55
315.74	32209.12
315.81	32140.72
315.87	32070.84
315.93	32017.39
316.00	31966.66
316.06	31922.28
316.13	31897.10
316.19	31845.80
316.25	31739.76
316.32	31576.82
316.38	31360.80
316.45	31076.70
316.51	30765.91
316.58	30434.14
316.64	30082.26
316.70	29719.40
316.77	29333.51
316.83	28926.22
316.90	28502.30
316.96	28066.98
317.02	27608.42
317.09	27149.68
317.15	26675.00
317.22	26187.05
317.28	25679.94
317.34	25161.80
317.41	24626.76
317.47	24094.34
317.54	23550.95
317.60	23004.95
317.66	22448.86
317.73	21882.70
317.79	21309.04
317.86	20734.71
317.92	20147.67
317.98	19554.60
318.05	18961.29
318.11	18363.02
318.18	17770.85
318.24	17177.98
318.30	16590.65
318.37	16004.78
318.43	15417.64
318.50	14825.85
318.56	14245.59
318.62	13672.17
318.69	13109.47
318.75	12557.55
318.82	12012.51
318.88	11484.06
318.94	10963.69
319.01	10452.15
319.07	9957.69
319.13	9476.35
319.20	9003.44
319.26	8542.82
319.33	8098.09
319.39	7655.61
319.45	7245.60
319.52	6850.52
319.58	6472.47
319.65	6109.53
319.71	5766.29
319.77	5426.30
319.84	5107.70
319.90	4808.18
319.96	4520.27
320.03	4248.59
320.09	3999.61
320.16	3754.29
320.22	3527.63
320.28	3314.59
320.35	3119.32
320.41	2933.78
320.47	2768.75
320.54	2608.01
320.60	2466.26
320.67	2335.13
320.73	2213.60
320.79	2099.04
320.86	2002.13
320.92	1908.40
320.98	1826.14
321.05	1747.90
321.11	1675.18
321.18	1607.66
321.24	1549.15
321.30	1488.15
321.37	1438.17
321.43	1398.40
321.49	1357.85
321.56	1319.49
321.62	1289.36
321.68	1254.95
321.75	1220.83
321.81	1191.62
321.88	1163.00
321.94	1138.42
322.00	1117.45
322.07	1090.43
322.13	1063.41
322.19	1034.89
322.26	1001.57
322.32	970.72
322.38	945.02
322.45	923.03
322.51	897.21
322.58	877.72
322.64	850.77
322.70	826.59
322.77	795.16
322.83	775.14
322.89	744.19
322.96	717.16
323.02	689.95
323.08	663.15
323.15	632.68
323.21	607.75
323.27	584.50
323.34	559.40
323.40	534.76
323.46	510.37
323.53	479.76
323.59	404.92
323.65	304.25
323.72	190.88
323.78	81.02
323.85	-18.01
323.91	-67.39
323.97	-85.80
324.04	-85.88
