180.21	3423.48
180.28	-125.58
180.36	632.47
180.44	-46.34
180.51	-14.63
180.59	9.71
180.66	37.55
180.74	35.44
180.81	35.29
180.89	37.68
180.97	38.63
181.04	37.26
181.12	36.89
181.19	38.01
181.27	39.08
181.34	56.40
181.42	64.00
181.50	71.44
181.57	82.40
181.65	87.94
181.72	82.41
181.80	78.01
181.87	79.27
181.95	81.68
182.03	84.01
182.10	90.41
182.18	97.90
182.25	110.23
182.33	119.66
182.40	136.97
182.48	143.10
182.55	165.61
182.63	181.35
182.71	195.61
182.78	211.60
182.86	229.31
182.93	224.67
183.01	215.76
183.08	201.01
183.16	188.92
183.23	175.47
183.31	186.69
183.39	203.47
183.46	237.43
183.54	262.79
183.61	305.64
183.69	342.30
183.76	393.22
183.84	435.45
183.91	481.85
183.99	537.58
184.06	581.37
184.14	628.45
184.22	682.44
184.29	714.09
184.37	723.18
184.44	729.13
184.52	681.30
184.59	588.31
184.67	509.49
184.74	436.48
184.82	393.48
184.89	403.52
184.97	471.22
185.04	559.59
185.12	650.17
185.20	747.52
185.27	842.74
185.35	941.65
185.42	1008.67
185.50	1082.87
185.57	1141.41
185.65	1186.62
185.72	1238.83
185.80	1322.88
185.87	1387.16
185.95	1474.75
186.02	1588.48
186.10	1637.23
186.17	1637.25
186.25	1566.50
186.33	1369.47
186.40	1146.03
186.48	993.07
186.55	912.83
186.63	939.14
186.70	1094.88
186.78	1269.01
186.85	1420.24
186.93	1548.05
187.00	1666.05
187.08	1784.36
187.15	1899.98
187.23	2035.23
187.30	2163.21
187.38	2277.85
187.45	2405.55
187.53	2532.39
187.60	2613.93
187.68	2730.59
187.75	2857.29
187.83	2918.20
187.90	2985.50
187.98	3067.71
188.05	3032.76
188.13	2833.88
188.21	2550.50
188.28	2267.73
188.36	2008.41
188.43	1865.23
188.51	1926.92
188.58	2137.72
188.66	2347.53
188.73	2559.05
188.81	2765.09
188.88	2928.17
188.96	3082.15
189.03	3223.67
189.11	3372.19
189.18	3497.10
189.26	3607.68
189.33	3725.30
189.41	3845.54
189.48	3930.11
189.56	4037.98
189.63	4153.83
189.71	4212.56
189.78	4280.55
189.86	4357.12
189.93	4381.88
190.01	4359.48
190.08	4275.24
190.16	4020.01
190.23	3642.96
190.31	3321.44
190.38	3101.07
190.46	3013.08
190.53	3116.18
190.61	3369.78
190.68	3608.91
190.76	3828.95
190.83	4012.90
190.91	4177.95
190.98	4338.01
191.06	4485.82
191.13	4629.32
191.21	4758.28
191.28	4874.95
191.35	4993.57
191.43	5097.94
191.50	5166.12
191.58	5255.83
191.65	5331.25
191.73	5361.77
191.80	5400.46
191.88	5423.87
191.95	5409.18
192.03	5408.72
192.10	5426.07
192.18	5423.64
192.25	5380.34
192.33	5236.91
192.40	4998.58
192.48	4761.41
192.55	4588.13
192.63	4508.62
192.70	4584.03
192.78	4781.56
192.85	5004.19
192.93	5203.71
193.00	5375.10
193.08	5518.76
193.15	5651.35
193.22	5748.71
193.30	5828.58
193.37	5905.28
193.45	5951.18
193.52	5998.19
193.60	6057.51
193.67	6108.63
193.75	6160.37
193.82	6224.61
193.90	6254.58
193.97	6289.67
194.05	6331.64
194.12	6365.99
194.20	6409.25
194.27	6469.12
194.34	6507.63
194.42	6532.48
194.49	6559.00
194.57	6560.33
194.64	6500.31
194.72	6396.06
194.79	6285.31
194.87	6179.72
194.94	6101.94
195.02	6092.64
195.09	6149.15
195.17	6237.70
195.24	6339.05
195.31	6451.36
195.39	6564.33
195.46	6676.23
195.54	6781.88
195.61	6875.04
195.69	6944.19
195.76	6996.54
195.84	7043.79
195.91	7065.59
195.99	7071.38
196.06	7075.14
196.13	7083.51
196.21	7078.27
196.28	7077.77
196.36	7075.11
196.43	7052.44
196.51	7019.49
196.58	6991.20
196.66	6979.18
196.73	6991.70
196.80	7040.01
196.88	7105.99
196.95	7188.96
197.03	7267.61
197.10	7321.83
197.18	7350.48
197.25	7368.54
197.33	7380.75
197.40	7391.24
197.47	7400.57
197.55	7426.68
197.62	7454.08
197.70	7473.45
197.77	7495.03
197.85	7515.58
197.92	7514.86
197.99	7484.94
198.07	7427.50
198.14	7354.08
198.22	7312.33
198.29	7318.74
198.37	7384.31
198.44	7497.49
198.51	7631.44
198.59	7749.68
198.66	7847.18
198.74	7916.25
198.81	7965.78
198.89	7994.66
198.96	8018.47
199.03	8028.32
199.11	8035.70
199.18	8033.37
199.26	8038.68
199.33	8047.99
199.41	8058.39
199.48	8037.87
199.55	7989.33
199.63	7911.72
199.70	7843.28
199.78	7788.53
199.85	7797.11
199.93	7876.61
200.00	8014.90
200.07	8152.68
200.15	8293.62
200.22	8403.92
200.30	8480.23
200.37	8533.41
200.44	8568.58
200.52	8592.80
200.59	8623.08
200.67	8642.57
200.74	8648.82
200.81	8646.23
200.89	8640.11
200.96	8636.03
201.04	8627.63
201.11	8607.23
201.19	8569.94
201.26	8529.49
201.33	8495.85
201.41	8496.11
201.48	8548.42
201.56	8653.34
201.63	8788.30
201.70	8915.72
201.78	9028.88
201.85	9123.25
201.93	9196.34
202.00	9247.88
202.07	9287.07
202.15	9317.23
202.22	9339.03
202.30	9363.59
202.37	9384.88
202.44	9411.50
202.52	9433.93
202.59	9446.87
202.67	9451.31
202.74	9463.66
202.81	9459.51
202.89	9438.00
202.96	9430.54
203.04	9457.71
203.11	9506.23
203.18	9599.43
203.26	9729.34
203.33	9858.06
203.41	9961.19
203.48	10036.05
203.55	10074.52
203.63	10110.30
203.70	10147.21
203.77	10184.92
203.85	10230.08
203.92	10283.58
204.00	10341.43
204.07	10397.70
204.14	10451.78
204.22	10498.19
204.29	10545.35
204.37	10569.91
204.44	10588.07
204.51	10614.83
204.59	10640.78
204.66	10663.71
204.73	10713.89
204.81	10783.16
204.88	10867.90
204.96	10960.85
205.03	11053.67
205.10	11136.70
205.18	11207.47
205.25	11258.68
205.32	11308.91
205.40	11368.27
205.47	11422.50
205.55	11480.96
205.62	11544.48
205.69	11616.32
205.77	11687.24
205.84	11765.46
205.91	11840.69
205.99	11916.11
206.06	11978.32
206.14	12037.41
206.21	12095.12
206.28	12140.86
206.36	12188.64
206.43	12242.46
206.50	12312.48
206.58	12389.18
206.65	12477.93
206.72	12560.89
206.80	12635.76
206.87	12699.75
206.95	12764.59
207.02	12837.45
207.09	12920.25
207.17	13013.89
207.24	13114.06
207.31	13209.79
207.39	13297.40
207.46	13383.40
207.53	13470.04
207.61	13555.44
207.68	13639.38
207.75	13728.65
207.83	13813.01
207.90	13888.79
207.98	13954.40
208.05	14023.10
208.12	14091.44
208.20	14166.85
208.27	14252.02
208.34	14338.66
208.42	14418.58
208.49	14500.90
208.56	14580.84
208.64	14664.97
208.71	14754.74
208.78	14850.47
208.86	14953.78
208.93	15063.86
209.00	15172.02
209.08	15281.82
209.15	15397.03
209.22	15510.06
209.30	15616.98
209.37	15721.02
209.44	15827.60
209.52	15928.88
209.59	16018.21
209.67	16116.11
209.74	16209.93
209.81	16312.28
209.89	16404.63
209.96	16505.29
210.03	16589.02
210.11	16681.63
210.18	16755.38
210.25	16844.91
210.33	16937.34
210.40	17040.01
210.47	17151.27
210.55	17281.93
210.62	17408.71
210.69	17533.53
210.77	17664.96
210.84	17783.25
210.91	17909.96
210.99	18031.79
211.06	18158.17
211.13	18277.71
211.21	18403.24
211.28	18512.40
211.35	18633.09
211.42	18750.21
211.50	18868.89
211.57	18985.53
211.64	19097.79
211.72	19192.95
211.79	19282.33
211.86	19375.81
211.94	19479.79
212.01	19592.55
212.08	19720.79
212.16	19853.38
212.23	19986.28
212.30	20119.81
212.38	20247.14
212.45	20382.53
212.52	20517.22
212.60	20646.80
212.67	20776.56
212.74	20914.73
212.82	21049.53
212.89	21185.44
212.96	21324.57
213.03	21457.30
213.11	21590.01
213.18	21712.03
213.25	21839.63
213.33	21965.99
213.40	22077.57
213.47	22191.40
213.55	22308.52
213.62	22423.73
213.69	22541.25
213.77	22674.82
213.84	22809.85
213.91	22961.13
213.98	23112.08
214.06	23257.48
214.13	23413.84
214.20	23563.04
214.28	23705.51
214.35	23846.47
214.42	23990.83
214.50	24130.41
214.57	24261.56
214.64	24395.45
214.72	24530.44
214.79	24670.94
214.86	24807.22
214.93	24950.75
215.01	25096.12
215.08	25230.54
215.15	25356.67
215.23	25471.14
215.30	25591.33
215.37	25706.03
215.44	25845.30
215.52	25995.69
215.59	26154.57
215.66	26308.28
215.74	26459.16
215.81	26594.69
215.88	26742.52
215.95	26877.61
216.03	27026.95
216.10	27177.07
216.17	27333.74
216.25	27471.75
216.32	27630.23
216.39	27774.38
216.46	27920.46
216.54	28062.20
216.61	28212.53
216.68	28348.86
216.76	28488.90
216.83	28625.16
216.90	28754.32
216.97	28886.47
217.05	29025.22
217.12	29158.58
217.19	29292.84
217.27	29432.28
217.34	29557.19
217.41	29686.34
217.48	29826.28
217.56	29971.53
217.63	30125.62
217.70	30278.43
217.78	30438.24
217.85	30590.21
217.92	30738.52
217.99	30882.81
218.07	31028.61
218.14	31165.84
218.21	31310.81
218.28	31456.53
218.36	31599.74
218.43	31747.98
218.50	31895.99
218.57	32034.04
218.65	32166.96
218.72	32291.62
218.79	32411.50
218.87	32528.91
218.94	32653.48
219.01	32780.88
219.08	32911.70
219.16	33055.94
219.23	33194.45
219.30	33336.43
219.37	33477.09
219.45	33628.36
219.52	33780.25
219.59	33924.53
219.66	34057.68
219.74	34197.44
219.81	34343.94
219.88	34472.02
219.95	34606.03
220.03	34748.43
220.10	34878.11
220.17	34999.74
220.24	35129.96
220.32	35260.93
220.39	35385.74
220.46	35507.53
220.53	35621.19
220.61	35729.18
220.68	35839.73
220.75	35954.69
220.82	36090.07
220.90	36221.63
220.97	36355.99
221.04	36483.48
221.11	36596.39
221.19	36705.45
221.26	36827.08
221.33	36951.42
221.40	37085.68
221.48	37222.30
221.55	37349.69
221.62	37461.10
221.69	37572.56
221.77	37692.26
221.84	37825.08
221.91	37942.32
221.98	38071.14
222.06	38198.69
222.13	38316.22
222.20	38418.77
222.27	38539.95
222.35	38654.20
222.42	38767.53
222.49	38873.78
222.56	38986.86
222.63	39089.97
222.71	39196.50
222.78	39297.39
222.85	39399.71
222.92	39503.63
223.00	39612.92
223.07	39719.28
223.14	39823.93
223.21	39930.97
223.29	40039.92
223.36	40148.46
223.43	40258.95
223.50	40368.50
223.57	40479.51
223.65	40595.95
223.72	40704.34
223.79	40813.14
223.86	40919.93
223.94	41022.32
224.01	41104.25
224.08	41194.28
224.15	41283.67
224.22	41376.58
224.30	41460.86
224.37	41557.73
224.44	41654.11
224.51	41739.91
224.59	41813.22
224.66	41896.01
224.73	41982.54
224.80	42067.99
224.87	42164.53
224.95	42274.33
225.02	42386.09
225.09	42484.11
225.16	42580.64
225.23	42676.53
225.31	42771.76
225.38	42857.25
225.45	42950.94
225.52	43038.50
225.60	43127.09
225.67	43207.59
225.74	43284.27
225.81	43360.59
225.88	43439.07
225.96	43506.88
226.03	43575.77
226.10	43656.32
226.17	43739.35
226.24	43819.08
226.32	43902.15
226.39	43994.95
226.46	44071.90
226.53	44148.46
226.60	44234.30
226.68	44326.35
226.75	44412.00
226.82	44501.81
226.89	44590.98
226.96	44668.58
227.04	44726.25
227.11	44773.38
227.18	44834.29
227.25	44874.67
227.32	44928.49
227.40	44997.79
227.47	45076.16
227.54	45153.38
227.61	45235.96
227.68	45316.05
227.76	45393.39
227.83	45462.81
227.90	45532.80
227.97	45600.21
228.04	45657.01
228.11	45713.53
228.19	45772.13
228.26	45827.73
228.33	45888.36
228.40	45947.77
228.47	46006.88
228.55	46067.49
228.62	46124.21
228.69	46189.75
228.76	46251.77
228.83	46306.62
228.90	46361.91
228.98	46425.80
229.05	46483.11
229.12	46558.71
229.19	46632.25
229.26	46705.47
229.34	46763.67
229.41	46824.06
229.48	46864.23
229.55	46913.85
229.62	46967.16
229.69	47026.25
229.77	47081.41
229.84	47142.60
229.91	47188.79
229.98	47234.30
230.05	47278.77
230.12	47319.72
230.20	47365.46
230.27	47420.68
230.34	47477.53
230.41	47533.88
230.48	47597.88
230.55	47657.77
230.63	47719.29
230.70	47787.21
230.77	47837.67
230.84	47877.08
230.91	47906.77
230.98	47940.14
231.06	47969.19
231.13	48029.77
231.20	48097.21
231.27	48173.38
231.34	48243.85
231.41	48305.66
231.49	48345.13
231.56	48391.93
231.63	48435.14
231.70	48480.41
231.77	48526.57
231.84	48571.87
231.92	48602.84
231.99	48637.93
232.06	48670.39
232.13	48702.78
232.20	48751.27
232.27	48806.29
232.34	48843.73
232.42	48877.80
232.49	48913.09
232.56	48934.43
232.63	48965.19
232.70	48999.13
232.77	49052.92
232.85	49103.74
232.92	49159.78
232.99	49195.18
233.06	49235.18
233.13	49260.02
233.20	49277.30
233.27	49281.10
233.35	49296.68
233.42	49314.44
233.49	49327.87
233.56	49355.73
233.63	49392.49
233.70	49427.07
233.77	49468.46
233.85	49511.18
233.92	49553.63
233.99	49586.94
234.06	49623.53
234.13	49652.00
234.20	49679.97
234.27	49693.66
234.35	49716.26
234.42	49730.13
234.49	49743.77
234.56	49763.11
234.63	49776.09
234.70	49796.49
234.77	49818.41
234.84	49840.83
234.92	49845.32
234.99	49864.94
235.06	49868.67
235.13	49869.67
235.20	49875.56
235.27	49898.45
235.34	49906.62
235.41	49927.34
235.49	49947.41
235.56	49960.07
235.63	49970.09
235.70	49992.71
235.77	50003.48
235.84	50011.42
235.91	50018.73
235.98	50015.84
236.06	50001.19
236.13	49989.24
236.20	49980.18
236.27	49959.17
236.34	49946.22
236.41	49934.88
236.48	49930.12
236.55	49928.17
236.63	49934.06
236.70	49937.20
236.77	49942.54
236.84	49954.09
236.91	49958.22
236.98	49962.31
237.05	49966.02
237.12	49969.22
237.19	49961.59
237.27	49958.31
237.34	49961.31
237.41	49965.57
237.48	49957.80
237.55	49944.29
237.62	49937.12
237.69	49936.96
237.76	49930.06
237.83	49943.42
237.91	49961.14
237.98	49967.50
238.05	49962.44
238.12	49959.63
238.19	49951.81
238.26	49955.54
238.33	49956.15
238.40	49949.28
238.47	49935.44
238.54	49926.67
238.62	49904.09
238.69	49885.14
238.76	49873.35
238.83	49869.01
238.90	49864.66
238.97	49855.92
239.04	49852.32
239.11	49849.58
239.18	49849.32
239.25	49843.18
239.33	49830.48
239.40	49817.84
239.47	49802.32
239.54	49771.76
239.61	49742.05
239.68	49715.00
239.75	49697.06
239.82	49684.24
239.89	49673.08
239.96	49679.14
240.03	49684.76
240.11	49677.73
240.18	49668.27
240.25	49668.25
240.32	49652.15
240.39	49640.83
240.46	49632.26
240.53	49633.47
240.60	49630.08
240.67	49623.32
240.74	49614.92
240.81	49603.47
240.88	49586.13
240.96	49578.81
241.03	49570.83
241.10	49568.83
241.17	49570.06
241.24	49567.71
241.31	49560.97
241.38	49552.15
241.45	49546.07
241.52	49535.12
241.59	49525.75
241.66	49510.65
241.73	49502.15
241.80	49488.31
241.88	49476.03
241.95	49459.23
242.02	49443.85
242.09	49417.67
242.16	49390.81
242.23	49375.67
242.30	49361.84
242.37	49355.52
242.44	49358.68
242.51	49356.77
242.58	49353.76
242.65	49353.36
242.72	49350.65
242.79	49342.82
242.87	49340.93
242.94	49326.59
243.01	49320.45
243.08	49322.44
243.15	49321.09
243.22	49317.51
243.29	49326.83
243.36	49328.23
243.43	49324.73
243.50	49330.59
243.57	49350.38
243.64	49352.00
243.71	49356.06
243.78	49354.73
243.85	49350.46
243.92	49337.14
243.99	49326.90
244.07	49318.14
244.14	49303.57
244.21	49290.21
244.28	49282.75
244.35	49277.12
244.42	49266.33
244.49	49257.40
244.56	49262.15
244.63	49264.53
244.70	49264.18
244.77	49267.58
244.84	49280.64
244.91	49286.66
244.98	49290.51
245.05	49308.26
245.12	49321.80
245.19	49335.57
245.26	49344.30
245.33	49359.23
245.40	49374.75
245.47	49403.35
245.55	49421.22
245.62	49430.18
245.69	49427.04
245.76	49427.67
245.83	49420.35
245.90	49417.26
245.97	49424.01
246.04	49441.39
246.11	49446.93
246.18	49444.43
246.25	49442.44
246.32	49439.96
246.39	49433.44
246.46	49434.12
246.53	49445.79
246.60	49459.22
246.67	49468.91
246.74	49488.25
246.81	49507.00
246.88	49513.88
246.95	49530.65
247.02	49553.89
247.09	49569.83
247.16	49569.25
247.23	49568.72
247.30	49558.29
247.37	49541.06
247.44	49539.29
247.51	49550.80
247.58	49585.72
247.66	49618.58
247.73	49663.91
247.80	49688.83
247.87	49716.99
247.94	49734.45
248.01	49763.35
248.08	49779.88
248.15	49798.67
248.22	49818.33
248.29	49835.35
248.36	49848.98
248.43	49872.50
248.50	49892.08
248.57	49908.32
248.64	49915.29
248.71	49924.09
248.78	49938.02
248.85	49942.98
248.92	49956.78
248.99	49978.66
249.06	49992.55
249.13	49998.70
249.20	50025.73
249.27	50039.98
249.34	50049.31
249.41	50058.50
249.48	50041.46
249.55	50021.24
249.62	50014.06
249.69	50022.63
249.76	50040.41
249.83	50081.58
249.90	50126.30
249.97	50167.28
250.04	50201.68
250.11	50235.48
250.18	50267.81
250.25	50283.36
250.32	50293.24
250.39	50306.48
250.46	50315.30
250.53	50325.11
250.60	50345.88
250.67	50369.73
250.74	50392.53
250.81	50400.16
250.88	50410.60
250.95	50424.67
251.02	50436.88
251.09	50449.21
251.16	50476.01
251.23	50498.54
251.30	50511.33
251.37	50519.17
251.44	50520.66
251.51	50527.28
251.58	50533.93
251.65	50539.53
251.72	50553.62
251.79	50577.77
251.86	50592.48
251.93	50604.47
252.00	50614.80
252.07	50623.34
252.14	50626.80
252.21	50622.86
252.28	50624.52
252.35	50636.04
252.42	50652.20
252.49	50659.23
252.56	50670.69
252.63	50674.66
252.70	50678.56
252.77	50678.04
252.84	50682.30
252.91	50688.11
252.98	50707.99
253.05	50719.03
253.12	50726.85
253.19	50731.79
253.25	50748.32
253.32	50748.22
253.39	50765.82
253.46	50785.89
253.53	50810.51
253.60	50814.02
253.67	50825.83
253.74	50828.26
253.81	50839.18
253.88	50835.27
253.95	50852.01
254.02	50868.98
254.09	50883.70
254.16	50883.82
254.23	50894.25
254.30	50896.02
254.37	50900.83
254.44	50906.39
254.51	50922.73
254.58	50928.88
254.65	50934.50
254.72	50934.50
254.79	50929.56
254.86	50922.39
254.93	50917.85
255.00	50917.29
255.07	50924.98
255.14	50932.62
255.21	50926.58
255.28	50925.44
255.34	50906.67
255.41	50891.76
255.48	50877.16
255.55	50869.61
255.62	50861.91
255.69	50871.26
255.76	50868.32
255.83	50871.43
255.90	50878.27
255.97	50897.66
256.04	50895.26
256.11	50899.69
256.18	50896.15
256.25	50887.16
256.32	50864.67
256.39	50862.26
256.46	50857.13
256.53	50854.56
256.60	50854.95
256.67	50854.24
256.74	50851.10
256.80	50850.54
256.87	50847.19
256.94	50846.26
257.01	50850.93
257.08	50846.11
257.15	50831.22
257.22	50821.32
257.29	50791.12
257.36	50762.89
257.43	50748.44
257.50	50735.84
257.57	50720.03
257.64	50721.17
257.71	50701.59
257.78	50678.36
257.85	50653.18
257.92	50632.98
257.98	50616.43
258.05	50613.96
258.12	50597.73
258.19	50584.17
258.26	50566.52
258.33	50549.27
258.40	50534.25
258.47	50536.21
258.54	50535.09
258.61	50539.00
258.68	50530.83
258.75	50522.12
258.82	50504.27
258.89	50483.05
258.95	50458.18
259.02	50444.20
259.09	50424.79
259.16	50403.75
259.23	50377.86
259.30	50353.91
259.37	50332.17
259.44	50308.31
259.51	50290.28
259.58	50285.72
259.65	50267.86
259.72	50243.51
259.79	50219.00
259.85	50190.20
259.92	50146.70
259.99	50115.82
260.06	50087.63
260.13	50056.23
260.20	50019.06
260.27	49993.40
260.34	49965.20
260.41	49930.51
260.48	49900.29
260.55	49887.49
260.62	49870.68
260.68	49845.50
260.75	49812.84
260.82	49795.22
260.89	49770.93
260.96	49744.72
261.03	49721.68
261.10	49708.94
261.17	49679.64
261.24	49638.06
261.31	49602.81
261.38	49570.67
261.44	49533.82
261.51	49491.84
261.58	49458.23
261.65	49420.50
261.72	49381.91
261.79	49341.07
261.86	49309.17
261.93	49285.13
262.00	49258.48
262.07	49229.05
262.13	49198.69
262.20	49172.67
262.27	49134.67
262.34	49101.40
262.41	49065.53
262.48	49035.18
262.55	48999.91
262.62	48959.24
262.69	48919.18
262.76	48883.16
262.82	48852.71
262.89	48821.01
262.96	48796.34
263.03	48767.22
263.10	48739.40
263.17	48706.19
263.24	48672.62
263.31	48633.93
263.38	48592.78
263.44	48558.23
263.51	48513.06
263.58	48461.91
263.65	48419.84
263.72	48375.94
263.79	48331.04
263.86	48287.16
263.93	48254.24
264.00	48219.07
264.06	48190.62
264.13	48152.33
264.20	48121.61
264.27	48077.71
264.34	48036.10
264.41	47990.33
264.48	47945.18
264.55	47895.59
264.61	47850.98
264.68	47811.32
264.75	47770.45
264.82	47724.43
264.89	47687.78
264.96	47651.90
265.03	47603.77
265.10	47568.79
265.16	47540.14
265.23	47508.52
265.30	47484.80
265.37	47453.80
265.44	47404.19
265.51	47357.17
265.58	47307.38
265.65	47247.08
265.71	47196.99
265.78	47163.21
265.85	47118.03
265.92	47074.81
265.99	47034.13
266.06	47000.02
266.13	46951.14
266.20	46920.01
266.26	46880.53
266.33	46841.30
266.40	46795.40
266.47	46746.19
266.54	46678.90
266.61	46616.44
266.68	46557.08
266.74	46498.59
266.81	46447.36
266.88	46400.03
266.95	46349.30
267.02	46307.71
267.09	46264.57
267.16	46221.92
267.22	46183.84
267.29	46153.22
267.36	46109.76
267.43	46066.15
267.50	46031.21
267.57	45994.57
267.64	45959.24
267.70	45931.91
267.77	45901.13
267.84	45859.95
267.91	45819.22
267.98	45774.18
268.05	45721.72
268.11	45672.78
268.18	45623.73
268.25	45576.80
268.32	45530.73
268.39	45487.90
268.46	45441.98
268.53	45399.86
268.59	45363.22
268.66	45325.59
268.73	45292.54
268.80	45257.11
268.87	45217.55
268.94	45172.18
269.00	45130.80
269.07	45088.80
269.14	45058.78
269.21	45025.12
269.28	44989.36
269.35	44950.60
269.41	44916.18
269.48	44865.11
269.55	44813.14
269.62	44764.15
269.69	44724.26
269.76	44667.15
269.82	44631.38
269.89	44607.57
269.96	44584.57
270.03	44552.71
270.10	44526.01
270.17	44481.05
270.23	44433.83
270.30	44388.54
270.37	44353.43
270.44	44321.66
270.51	44291.53
270.58	44263.47
270.64	44232.89
270.71	44195.15
270.78	44165.32
270.85	44136.28
270.92	44103.64
270.99	44067.64
271.05	44039.47
271.12	43993.56
271.19	43957.87
271.26	43914.46
271.33	43881.47
271.39	43840.77
271.46	43802.57
271.53	43766.18
271.60	43749.82
271.67	43720.44
271.74	43684.71
271.80	43657.93
271.87	43630.33
271.94	43589.74
272.01	43557.72
272.08	43528.17
272.14	43496.68
272.21	43470.34
272.28	43446.48
272.35	43424.72
272.42	43397.85
272.48	43377.98
272.55	43353.09
272.62	43327.02
272.69	43307.54
272.76	43299.84
272.83	43274.94
272.89	43250.07
272.96	43224.36
273.03	43186.17
273.10	43144.42
273.17	43116.61
273.23	43090.23
273.30	43069.79
273.37	43047.15
273.44	43027.00
273.51	43002.29
273.57	42976.53
273.64	42948.43
273.71	42931.26
273.78	42908.89
273.85	42894.73
273.91	42875.97
273.98	42863.80
274.05	42846.11
274.12	42830.38
274.19	42808.58
274.25	42787.27
274.32	42757.93
274.39	42721.73
274.46	42678.17
274.53	42634.06
274.59	42583.76
274.66	42545.27
274.73	42524.38
274.80	42504.51
274.86	42481.68
274.93	42470.38
275.00	42441.44
275.07	42398.21
275.14	42368.83
275.20	42337.50
275.27	42309.43
275.34	42283.77
275.41	42269.43
275.48	42256.38
275.54	42244.49
275.61	42222.38
275.68	42207.21
275.75	42180.06
275.81	42140.53
275.88	42113.21
275.95	42088.99
276.02	42058.25
276.09	42035.12
276.15	42014.40
276.22	41994.55
276.29	41978.05
276.36	41954.43
276.42	41932.47
276.49	41908.22
276.56	41872.72
276.63	41841.38
276.70	41820.90
276.76	41802.89
276.83	41788.68
276.90	41778.16
276.97	41759.20
277.03	41740.71
277.10	41713.78
277.17	41695.99
277.24	41674.16
277.30	41659.86
277.37	41641.92
277.44	41628.90
277.51	41611.48
277.58	41589.68
277.64	41565.63
277.71	41550.28
277.78	41527.00
277.85	41491.96
277.91	41467.71
277.98	41443.65
278.05	41411.98
278.12	41393.82
278.18	41375.01
278.25	41356.88
278.32	41333.58
278.39	41322.71
278.45	41306.26
278.52	41292.52
278.59	41275.09
278.66	41259.42
278.72	41240.48
278.79	41216.24
278.86	41198.78
278.93	41185.68
278.99	41172.76
279.06	41149.56
279.13	41124.53
279.20	41098.74
279.26	41071.78
279.33	41045.14
279.40	41023.63
279.47	41006.98
279.53	40985.29
279.60	40960.38
279.67	40933.79
279.74	40906.33
279.80	40886.64
279.87	40870.63
279.94	40858.52
280.01	40847.98
280.07	40833.62
280.14	40813.51
280.21	40795.88
280.28	40769.31
280.34	40746.00
280.41	40723.84
280.48	40695.81
280.55	40663.54
280.61	40644.97
280.68	40620.98
280.75	40586.06
280.82	40555.66
280.88	40517.85
280.95	40461.11
281.02	40399.14
281.08	40340.64
281.15	40274.20
281.22	40216.03
281.29	40158.88
281.35	40103.97
281.42	40064.30
281.49	40028.49
281.56	39989.41
281.62	39965.37
281.69	39939.30
281.76	39910.09
281.82	39879.23
281.89	39853.39
281.96	39827.07
282.03	39799.37
282.09	39768.66
282.16	39744.10
282.23	39718.67
282.30	39686.42
282.36	39666.68
282.43	39646.42
282.50	39637.15
282.56	39616.56
282.63	39601.85
282.70	39583.09
282.77	39576.06
282.83	39545.59
282.90	39534.84
282.97	39511.18
283.03	39491.42
283.10	39459.83
283.17	39442.69
283.24	39411.03
283.30	39390.30
283.37	39361.41
283.44	39334.45
283.50	39302.93
283.57	39288.47
283.64	39265.87
283.71	39240.69
283.77	39210.48
283.84	39181.61
283.91	39137.09
283.97	39101.39
284.04	39089.03
284.11	39082.79
284.18	39091.51
284.24	39109.56
284.31	39124.89
284.38	39119.60
284.44	39110.78
284.51	39088.45
284.58	39069.70
284.64	39057.37
284.71	39048.20
284.78	39044.29
284.85	39040.41
284.91	39024.65
284.98	39002.04
285.05	38973.88
285.11	38949.07
285.18	38925.93
285.25	38913.78
285.31	38909.35
285.38	38911.82
285.45	38913.09
285.52	38912.53
285.58	38906.09
285.65	38891.18
285.72	38876.23
285.78	38857.53
285.85	38846.37
285.92	38829.54
285.98	38817.86
286.05	38802.30
286.12	38785.77
286.18	38770.98
286.25	38761.16
286.32	38755.39
286.39	38755.77
286.45	38759.11
286.52	38747.53
286.59	38740.87
286.65	38730.98
286.72	38725.17
286.79	38708.03
286.85	38698.71
286.92	38686.36
286.99	38677.63
287.05	38658.58
287.12	38656.24
287.19	38648.46
287.25	38643.94
287.32	38637.76
287.39	38637.29
287.45	38634.54
287.52	38640.31
287.59	38644.21
287.65	38645.18
287.72	38643.32
287.79	38637.74
287.86	38623.65
287.92	38612.81
287.99	38598.50
288.06	38594.07
288.12	38584.57
288.19	38581.47
288.26	38565.62
288.32	38558.56
288.39	38546.91
288.46	38543.09
288.52	38539.74
288.59	38544.64
288.66	38551.34
288.72	38555.53
288.79	38556.95
288.86	38554.01
288.92	38553.42
288.99	38544.57
289.06	38539.33
289.12	38536.61
289.19	38541.43
289.26	38547.49
289.32	38554.97
289.39	38553.37
289.45	38560.68
289.52	38547.44
289.59	38546.90
289.65	38547.28
289.72	38558.06
289.79	38563.39
289.85	38582.72
289.92	38591.68
289.99	38603.27
290.05	38603.34
290.12	38595.68
290.19	38593.67
290.25	38588.78
290.32	38580.79
290.39	38588.53
290.45	38590.59
290.52	38591.14
290.59	38596.37
290.65	38595.62
290.72	38586.06
290.79	38590.16
290.85	38600.83
290.92	38613.45
290.98	38626.05
291.05	38644.48
291.12	38653.46
291.18	38659.68
291.25	38664.51
291.32	38669.55
291.38	38663.82
291.45	38664.08
291.52	38662.87
291.58	38663.36
291.65	38671.08
291.72	38692.05
291.78	38716.53
291.85	38731.61
291.91	38747.08
291.98	38768.84
292.05	38770.73
292.11	38779.94
292.18	38794.08
292.25	38790.96
292.31	38782.64
292.38	38788.14
292.45	38785.68
292.51	38793.64
292.58	38802.82
292.64	38816.73
292.71	38819.08
292.78	38828.23
292.84	38826.53
292.91	38837.85
292.98	38847.66
293.04	38863.40
293.11	38863.71
293.17	38874.53
293.24	38889.78
293.31	38902.96
293.37	38920.31
293.44	38940.33
293.51	38960.55
293.57	38969.14
293.64	38978.98
293.70	38990.17
293.77	39009.63
293.84	39019.35
293.90	39025.96
293.97	39031.31
294.04	39039.57
294.10	39039.13
294.17	39041.57
294.23	39059.18
294.30	39071.88
294.37	39084.53
294.43	39107.11
294.50	39123.68
294.56	39136.74
294.63	39145.42
294.70	39154.43
294.76	39163.01
294.83	39175.60
294.90	39190.33
294.96	39210.97
295.03	39236.68
295.09	39255.35
295.16	39274.81
295.23	39285.83
295.29	39300.65
295.36	39302.69
295.42	39303.16
295.49	39304.84
295.56	39326.77
295.62	39344.78
295.69	39362.69
295.75	39381.75
295.82	39403.58
295.89	39402.17
295.95	39404.63
296.02	39408.96
296.08	39415.33
296.15	39413.61
296.22	39422.67
296.28	39439.74
296.35	39464.25
296.41	39483.92
296.48	39512.84
296.55	39541.00
296.61	39558.22
296.68	39575.81
296.74	39603.79
296.81	39630.51
296.88	39651.67
296.94	39672.47
297.01	39688.23
297.07	39703.93
297.14	39720.38
297.20	39729.47
297.27	39745.27
297.34	39771.07
297.40	39790.06
297.47	39800.30
297.53	39820.03
297.60	39839.24
297.67	39853.08
297.73	39868.13
297.80	39880.08
297.86	39885.28
297.93	39896.20
298.00	39909.33
298.06	39915.76
298.13	39938.70
298.19	39962.55
298.26	39977.26
298.32	39993.93
298.39	40015.49
298.46	40024.06
298.52	40045.74
298.59	40061.56
298.65	40069.28
298.72	40086.36
298.78	40107.45
298.85	40121.58
298.92	40136.57
298.98	40149.77
299.05	40164.22
299.11	40183.73
299.18	40191.27
299.24	40207.00
299.31	40221.99
299.38	40235.12
299.44	40237.19
299.51	40256.34
299.57	40268.27
299.64	40288.49
299.70	40303.77
299.77	40319.82
299.84	40325.20
299.90	40327.50
299.97	40320.39
300.03	40317.98
300.10	40334.41
300.16	40349.73
300.23	40368.19
300.30	40394.65
300.36	40415.39
300.43	40430.56
300.49	40439.52
300.56	40461.63
300.62	40480.85
300.69	40500.41
300.75	40511.35
300.82	40533.09
300.89	40542.84
300.95	40555.36
301.02	40557.98
301.08	40565.31
301.15	40567.65
301.21	40574.75
301.28	40577.37
301.34	40583.24
301.41	40582.86
301.48	40577.93
301.54	40569.56
301.61	40564.37
301.67	40567.42
301.74	40580.74
301.80	40594.11
301.87	40603.38
301.93	40604.62
302.00	40603.22
302.06	40584.78
302.13	40572.49
302.20	40568.24
302.26	40569.73
302.33	40566.43
302.39	40561.03
302.46	40560.64
302.52	40548.22
302.59	40545.60
302.65	40554.20
302.72	40564.73
302.78	40567.87
302.85	40578.67
302.91	40575.77
302.98	40567.45
303.05	40563.31
303.11	40564.55
303.18	40555.82
303.24	40554.44
303.31	40541.80
303.37	40525.77
303.44	40511.56
303.50	40510.41
303.57	40492.18
303.63	40484.30
303.70	40480.42
303.76	40465.99
303.83	40452.36
303.89	40447.55
303.96	40438.12
304.03	40427.10
304.09	40419.17
304.16	40397.15
304.22	40371.28
304.29	40354.38
304.35	40336.58
304.42	40319.63
304.48	40306.31
304.55	40299.39
304.61	40284.06
304.68	40273.19
304.74	40262.24
304.81	40256.76
304.87	40233.03
304.94	40211.36
305.00	40187.09
305.07	40159.29
305.13	40126.69
305.20	40109.34
305.26	40095.24
305.33	40076.68
305.39	40063.49
305.46	40042.60
305.52	40029.21
305.59	40009.40
305.66	39982.23
305.72	39960.34
305.79	39933.06
305.85	39894.67
305.92	39858.47
305.98	39809.81
306.05	39675.62
306.11	39447.22
306.18	39158.64
306.24	38903.74
306.31	38757.30
306.37	38771.23
306.44	38941.73
306.50	39193.08
306.57	39405.46
306.63	39531.08
306.70	39562.58
306.76	39538.78
306.83	39497.36
306.89	39444.01
306.96	39397.67
307.02	39356.33
307.09	39334.13
307.15	39303.66
307.22	39289.17
307.28	39260.23
307.35	39234.43
307.41	39186.80
307.48	39148.30
307.54	39106.75
307.61	39072.81
307.67	39029.40
307.74	38995.37
307.80	38955.59
307.87	38916.55
307.93	38874.28
308.00	38844.73
308.06	38809.98
308.13	38767.57
308.19	38725.07
308.26	38690.40
308.32	38655.15
308.38	38628.20
308.45	38603.22
308.51	38581.53
308.58	38540.63
308.64	38488.14
308.71	38432.98
308.77	38385.23
308.84	38327.28
308.90	38296.32
308.97	38272.81
309.03	38258.37
309.10	38233.98
309.16	38211.84
309.23	38169.75
309.29	38125.09
309.36	38051.22
309.42	37992.36
309.49	37931.98
309.55	37873.46
309.62	37814.61
309.68	37780.75
309.75	37732.08
309.81	37685.38
309.88	37647.59
309.94	37602.21
310.00	37550.84
310.07	37506.04
310.13	37471.32
310.20	37423.25
310.26	37390.42
310.33	37352.35
310.39	37321.56
310.46	37281.25
310.52	37242.42
310.59	37201.97
310.65	37164.89
310.72	37121.52
310.78	37070.96
310.85	37023.85
310.91	36983.86
310.97	36941.32
311.04	36895.43
311.10	36849.57
311.17	36811.78
311.23	36765.37
311.30	36721.01
311.36	36682.93
311.43	36658.08
311.49	36617.40
311.56	36575.62
311.62	36528.99
311.69	36482.43
311.75	36432.94
311.81	36382.09
311.88	36336.55
311.94	36301.16
312.01	36273.98
312.07	36242.67
312.14	36216.93
312.20	36190.87
312.27	36159.86
312.33	36107.39
312.40	36048.89
312.46	35995.24
312.52	35941.79
312.59	35895.15
312.65	35848.55
312.72	35804.39
312.78	35757.47
312.85	35705.38
312.91	35645.50
312.98	35593.61
313.04	35551.31
313.10	35508.52
313.17	35468.78
313.23	35436.57
313.30	35400.28
313.36	35358.65
313.43	35303.64
313.49	35256.98
313.56	35198.60
313.62	35145.51
313.68	35093.00
313.75	35063.65
313.81	35018.29
313.88	34976.42
313.94	34940.58
314.01	34907.56
314.07	34869.34
314.13	34831.35
314.20	34799.00
314.26	34755.29
314.33	34704.34
314.39	34653.68
314.46	34596.28
314.52	34544.04
314.58	34492.70
314.65	34440.47
314.71	34395.77
314.78	34363.28
314.84	34315.42
314.91	34277.95
314.97	34239.66
315.03	34195.97
315.10	34147.52
315.16	34101.36
315.23	34055.48
315.29	34018.33
315.36	33969.90
315.42	33924.84
315.48	33879.21
315.55	33829.41
315.61	33773.33
315.68	33730.95
315.74	33690.51
315.81	33654.29
315.87	33611.09
315.93	33577.91
316.00	33544.71
316.06	33508.24
316.13	33486.48
316.19	33454.41
316.25	33392.90
316.32	33304.05
316.38	33197.92
316.45	33048.49
316.51	32887.22
316.58	32721.48
316.64	32540.58
316.70	32349.24
316.77	32147.32
316.83	31930.78
316.90	31696.32
316.96	31454.47
317.02	31194.61
317.09	30927.19
317.15	30646.91
317.22	30353.80
317.28	30042.23
317.34	29713.95
317.41	29372.10
317.47	29020.78
317.54	28654.77
317.60	28268.89
317.66	27871.55
317.73	27452.36
317.79	27021.36
317.86	26580.36
317.92	26132.29
317.98	25655.88
318.05	25168.97
318.11	24670.16
318.18	24166.04
318.24	23646.62
318.30	23127.42
318.37	22601.38
318.43	22046.49
318.50	21478.06
318.56	20906.81
318.62	20336.22
318.69	19760.83
318.75	19190.27
318.82	18614.04
318.88	18038.87
318.94	17456.84
319.01	16870.94
319.07	16299.22
319.13	15721.43
319.20	15146.54
319.26	14571.48
319.33	14006.20
319.39	13432.31
319.45	12880.38
319.52	12337.20
319.58	11803.22
319.65	11277.46
319.71	10765.42
319.77	10256.05
319.84	9757.38
319.90	9275.84
319.96	8801.18
320.03	8339.93
320.09	7897.70
320.16	7458.90
320.22	7042.27
320.28	6639.20
320.35	6255.62
320.41	5884.90
320.47	5538.98
320.54	5199.63
320.60	4881.73
320.67	4579.48
320.73	4291.45
320.79	4016.22
320.86	3761.07
320.92	3518.38
320.98	3290.04
321.05	3075.63
321.11	2871.71
321.18	2683.28
321.24	2507.59
321.30	2339.27
321.37	2188.51
321.43	2056.43
321.49	1928.31
321.56	1812.95
321.62	1712.12
321.68	1611.08
321.75	1519.53
321.81	1438.92
321.88	1363.02
321.94	1298.13
322.00	1240.93
322.07	1181.63
322.13	1128.17
322.19	1076.56
322.26	1024.62
322.32	979.59
322.38	943.31
322.45	912.62
322.51	881.12
322.58	856.52
322.64	825.91
322.70	798.96
322.77	765.38
322.83	744.93
322.89	714.51
322.96	689.32
323.02	663.40
323.08	638.54
323.15	609.69
323.21	586.74
323.27	563.94
323.34	540.38
323.40	518.09
323.46	495.27
323.53	468.09
323.59	398.14
323.65	301.02
323.72	189.85
323.78	82.64
323.85	-16.51
323.91	-66.78
323.97	-85.55
324.04	-86.38
