180.21	3427.52
180.28	-125.51
180.36	631.80
180.44	-48.61
180.51	-18.06
180.59	5.10
180.66	32.22
180.74	30.61
180.81	30.27
180.89	32.96
180.97	33.96
181.04	31.84
181.12	30.69
181.19	31.05
181.27	30.88
181.34	46.65
181.42	53.49
181.50	60.55
181.57	72.15
181.65	77.81
181.72	72.74
181.80	68.35
181.87	68.96
181.95	69.16
182.03	68.64
182.10	72.10
182.18	75.00
182.25	81.84
182.33	84.25
182.40	95.29
182.48	94.39
182.55	109.04
182.63	117.56
182.71	125.05
182.78	133.65
182.86	147.74
182.93	148.22
183.01	148.00
183.08	143.59
183.16	141.36
183.23	132.52
183.31	140.74
183.39	147.75
183.46	168.37
183.54	178.35
183.61	205.60
183.69	225.46
183.76	258.13
183.84	284.93
183.91	313.79
183.99	355.45
184.06	386.80
184.14	419.51
184.22	463.62
184.29	497.38
184.37	507.67
184.44	524.98
184.52	512.08
184.59	455.76
184.67	403.15
184.74	353.04
184.82	318.96
184.89	315.74
184.97	359.61
185.04	428.80
185.12	498.39
185.20	577.31
185.27	652.19
185.35	739.35
185.42	799.07
185.50	862.17
185.57	917.91
185.65	960.13
185.72	999.43
185.80	1076.52
185.87	1133.23
185.95	1199.57
186.02	1316.14
186.10	1384.04
186.17	1408.24
186.25	1399.28
186.33	1259.85
186.40	1059.49
186.48	912.60
186.55	818.99
186.63	803.08
186.70	925.82
186.78	1090.35
186.85	1234.82
186.93	1360.77
187.00	1465.86
187.08	1579.10
187.15	1684.10
187.23	1807.85
187.30	1937.48
187.38	2046.79
187.45	2164.38
187.53	2298.96
187.60	2379.15
187.68	2478.59
187.75	2623.88
187.83	2694.96
187.90	2751.89
187.98	2860.51
188.05	2887.37
188.13	2747.53
188.21	2495.08
188.28	2230.48
188.36	1967.09
188.43	1775.97
188.51	1778.22
188.58	1966.73
188.66	2175.70
188.73	2377.00
188.81	2592.87
188.88	2751.36
188.96	2911.82
189.03	3049.28
189.11	3196.77
189.18	3330.74
189.26	3443.39
189.33	3557.29
189.41	3690.50
189.48	3773.33
189.56	3864.30
189.63	3998.06
189.71	4057.39
189.78	4113.34
189.86	4213.60
189.93	4265.35
190.01	4261.26
190.08	4238.20
190.16	4055.87
190.23	3689.93
190.31	3346.83
190.38	3101.44
190.46	2956.51
190.53	3003.82
190.61	3240.76
190.68	3493.30
190.76	3716.65
190.83	3911.84
190.91	4069.34
190.98	4242.63
191.06	4386.44
191.13	4537.67
191.21	4673.37
191.28	4787.30
191.35	4902.69
191.43	5018.18
191.50	5086.55
191.58	5173.34
191.65	5271.93
191.73	5307.02
191.80	5356.67
191.88	5401.88
191.95	5399.24
192.03	5398.24
192.10	5427.98
192.18	5441.17
192.25	5429.57
192.33	5331.79
192.40	5102.40
192.48	4847.10
192.55	4642.99
192.63	4509.11
192.70	4529.88
192.78	4709.92
192.85	4942.96
192.93	5149.39
193.00	5343.02
193.08	5494.23
193.15	5652.10
193.22	5761.33
193.30	5860.27
193.37	5951.86
193.45	6012.36
193.52	6058.88
193.60	6124.35
193.67	6174.72
193.75	6221.06
193.82	6285.44
193.90	6314.70
193.97	6341.95
194.05	6378.00
194.12	6402.47
194.20	6440.99
194.27	6496.76
194.34	6543.99
194.42	6582.18
194.49	6620.48
194.57	6640.97
194.64	6610.42
194.72	6516.23
194.79	6412.89
194.87	6320.08
194.94	6245.70
195.02	6228.55
195.09	6286.84
195.17	6385.07
195.24	6477.21
195.31	6582.65
195.39	6681.66
195.46	6785.18
195.54	6871.52
195.61	6955.66
195.69	7014.25
195.76	7063.68
195.84	7110.20
195.91	7142.59
195.99	7166.71
196.06	7189.40
196.13	7216.39
196.21	7224.67
196.28	7236.06
196.36	7249.65
196.43	7248.18
196.51	7238.20
196.58	7230.00
196.66	7228.22
196.73	7237.61
196.80	7270.62
196.88	7315.73
196.95	7378.71
197.03	7438.47
197.10	7475.59
197.18	7489.29
197.25	7497.03
197.33	7503.11
197.40	7511.72
197.47	7525.48
197.55	7564.59
197.62	7603.30
197.70	7632.50
197.77	7663.65
197.85	7696.07
197.92	7710.15
197.99	7711.00
198.07	7694.27
198.14	7657.61
198.22	7638.65
198.29	7640.02
198.37	7677.92
198.44	7745.17
198.51	7831.08
198.59	7906.63
198.66	7978.29
198.74	8033.53
198.81	8075.63
198.89	8112.80
198.96	8147.64
199.03	8178.78
199.11	8209.80
199.18	8229.62
199.26	8244.17
199.33	8267.95
199.41	8284.68
199.48	8277.65
199.55	8259.88
199.63	8222.03
199.70	8185.94
199.78	8148.31
199.85	8147.75
199.93	8190.43
200.00	8274.44
200.07	8359.33
200.15	8460.20
200.22	8543.80
200.30	8606.92
200.37	8662.94
200.44	8706.79
200.52	8749.99
200.59	8795.78
200.67	8831.87
200.74	8849.64
200.81	8862.02
200.89	8858.50
200.96	8863.61
201.04	8868.05
201.11	8873.10
201.19	8865.96
201.26	8855.46
201.33	8838.19
201.41	8843.34
201.48	8877.89
201.56	8942.49
201.63	9036.41
201.70	9128.31
201.78	9215.05
201.85	9294.16
201.93	9365.09
202.00	9416.28
202.07	9471.63
202.15	9517.05
202.22	9551.94
202.30	9585.52
202.37	9617.53
202.44	9644.95
202.52	9672.04
202.59	9689.85
202.67	9704.34
202.74	9727.06
202.81	9745.44
202.89	9746.43
202.96	9757.53
203.04	9787.42
203.11	9823.50
203.18	9890.28
203.26	9981.80
203.33	10078.30
203.41	10161.08
203.48	10240.48
203.55	10291.81
203.63	10350.64
203.70	10403.30
203.77	10457.15
203.85	10506.61
203.92	10557.05
204.00	10607.10
204.07	10654.61
204.14	10702.37
204.22	10745.25
204.29	10791.40
204.37	10822.67
204.44	10857.14
204.51	10894.20
204.59	10935.20
204.66	10966.45
204.73	11016.05
204.81	11073.91
204.88	11143.95
204.96	11225.47
205.03	11318.79
205.10	11403.97
205.18	11482.74
205.25	11551.54
205.32	11614.44
205.40	11676.52
205.47	11738.56
205.55	11797.34
205.62	11859.86
205.69	11922.57
205.77	11986.33
205.84	12051.73
205.91	12124.01
205.99	12194.77
206.06	12260.45
206.14	12324.11
206.21	12389.89
206.28	12447.91
206.36	12509.55
206.43	12563.51
206.50	12632.43
206.58	12703.64
206.65	12787.45
206.72	12873.19
206.80	12974.98
206.87	13064.43
206.95	13160.34
207.02	13249.52
207.09	13334.95
207.17	13417.13
207.24	13504.66
207.31	13583.33
207.39	13664.90
207.46	13746.15
207.53	13823.71
207.61	13904.05
207.68	13981.70
207.75	14067.40
207.83	14153.76
207.90	14239.38
207.98	14313.00
208.05	14396.97
208.12	14471.10
208.20	14552.92
208.27	14644.39
208.34	14751.92
208.42	14849.97
208.49	14957.65
208.56	15053.79
208.64	15150.05
208.71	15238.56
208.78	15329.14
208.86	15427.13
208.93	15528.19
209.00	15632.50
209.08	15732.29
209.15	15838.45
209.22	15940.82
209.30	16045.00
209.37	16145.60
209.44	16254.95
209.52	16358.78
209.59	16457.16
209.67	16559.25
209.74	16659.24
209.81	16762.76
209.89	16865.94
209.96	16973.48
210.03	17084.39
210.11	17198.22
210.18	17304.37
210.25	17417.57
210.33	17532.78
210.40	17641.85
210.47	17755.13
210.55	17872.91
210.62	17990.90
210.69	18103.65
210.77	18218.09
210.84	18337.58
210.91	18468.65
210.99	18587.37
211.06	18703.73
211.13	18828.52
211.21	18946.85
211.28	19059.48
211.35	19184.53
211.42	19319.00
211.50	19447.20
211.57	19570.65
211.64	19690.45
211.72	19809.70
211.79	19930.36
211.86	20047.53
211.94	20181.89
212.01	20311.18
212.08	20438.12
212.16	20565.32
212.23	20696.55
212.30	20828.03
212.38	20957.35
212.45	21096.78
212.52	21228.11
212.60	21359.10
212.67	21480.32
212.74	21614.36
212.82	21741.88
212.89	21875.68
212.96	22006.30
213.03	22143.06
213.11	22277.37
213.18	22410.11
213.25	22543.39
213.33	22686.84
213.40	22822.19
213.47	22960.42
213.55	23104.86
213.62	23240.41
213.69	23377.56
213.77	23515.73
213.84	23655.23
213.91	23800.04
213.98	23950.35
214.06	24096.11
214.13	24250.16
214.20	24394.37
214.28	24541.10
214.35	24680.78
214.42	24820.57
214.50	24960.37
214.57	25101.67
214.64	25235.28
214.72	25377.01
214.79	25523.27
214.86	25667.78
214.93	25812.67
215.01	25963.39
215.08	26108.65
215.15	26255.55
215.23	26392.36
215.30	26542.15
215.37	26679.97
215.44	26836.65
215.52	26983.72
215.59	27138.03
215.66	27279.23
215.74	27427.95
215.81	27566.85
215.88	27710.04
215.95	27849.34
216.03	28002.74
216.10	28152.23
216.17	28301.65
216.25	28450.40
216.32	28609.35
216.39	28762.62
216.46	28922.45
216.54	29067.99
216.61	29225.81
216.68	29372.70
216.76	29510.42
216.83	29644.14
216.90	29792.01
216.97	29940.78
217.05	30094.75
217.12	30248.00
217.19	30404.61
217.27	30555.06
217.34	30690.59
217.41	30816.55
217.48	30949.18
217.56	31089.58
217.63	31237.65
217.70	31389.80
217.78	31550.92
217.85	31709.55
217.92	31856.57
217.99	32007.25
218.07	32150.31
218.14	32294.49
218.21	32444.43
218.28	32594.95
218.36	32734.55
218.43	32878.32
218.50	33028.15
218.57	33174.84
218.65	33316.63
218.72	33456.02
218.79	33600.51
218.87	33734.52
218.94	33869.77
219.01	34007.60
219.08	34146.42
219.16	34289.61
219.23	34437.02
219.30	34583.95
219.37	34721.57
219.45	34866.79
219.52	35009.32
219.59	35137.53
219.66	35260.12
219.74	35397.66
219.81	35545.16
219.88	35676.27
219.95	35821.38
220.03	35972.33
220.10	36104.83
220.17	36234.80
220.24	36370.48
220.32	36502.64
220.39	36622.77
220.46	36753.80
220.53	36872.96
220.61	36995.24
220.68	37114.06
220.75	37245.26
220.82	37381.34
220.90	37513.93
220.97	37638.10
221.04	37758.82
221.11	37871.76
221.19	37988.65
221.26	38108.14
221.33	38235.87
221.40	38372.54
221.48	38503.49
221.55	38625.74
221.62	38738.15
221.69	38850.87
221.77	38967.38
221.84	39095.93
221.91	39214.54
221.98	39341.16
222.06	39471.60
222.13	39588.76
222.20	39695.31
222.27	39807.38
222.35	39927.13
222.42	40040.22
222.49	40156.10
222.56	40273.80
222.63	40380.50
222.71	40483.55
222.78	40587.05
222.85	40690.20
222.92	40796.75
223.00	40908.21
223.07	41018.55
223.14	41122.57
223.21	41225.60
223.29	41323.01
223.36	41434.77
223.43	41536.96
223.50	41647.17
223.57	41763.31
223.65	41883.90
223.72	41988.53
223.79	42097.30
223.86	42193.19
223.94	42272.73
224.01	42350.84
224.08	42434.81
224.15	42516.23
224.22	42602.94
224.30	42696.69
224.37	42792.35
224.44	42889.90
224.51	42984.03
224.59	43066.45
224.66	43150.28
224.73	43232.05
224.80	43322.47
224.87	43410.60
224.95	43517.17
225.02	43623.99
225.09	43726.37
225.16	43815.70
225.23	43908.80
225.31	43992.60
225.38	44070.41
225.45	44150.52
225.52	44233.49
225.60	44313.10
225.67	44392.68
225.74	44468.66
225.81	44544.84
225.88	44616.49
225.96	44688.88
226.03	44760.48
226.10	44844.73
226.17	44923.36
226.24	44996.51
226.32	45073.86
226.39	45152.52
226.46	45219.09
226.53	45288.02
226.60	45371.31
226.68	45454.70
226.75	45540.58
226.82	45621.20
226.89	45703.24
226.96	45771.57
227.04	45819.10
227.11	45864.05
227.18	45912.84
227.25	45952.31
227.32	46000.40
227.40	46069.25
227.47	46135.53
227.54	46216.16
227.61	46291.98
227.68	46371.85
227.76	46447.42
227.83	46517.74
227.90	46576.34
227.97	46639.61
228.04	46695.07
228.11	46732.77
228.19	46774.00
228.26	46818.08
228.33	46865.68
228.40	46908.65
228.47	46961.74
228.55	47018.42
228.62	47073.76
228.69	47130.17
228.76	47187.20
228.83	47251.42
228.90	47311.05
228.98	47365.39
229.05	47428.63
229.12	47496.73
229.19	47555.03
229.26	47608.97
229.34	47661.42
229.41	47705.90
229.48	47741.41
229.55	47780.13
229.62	47828.18
229.69	47884.88
229.77	47944.20
229.84	48001.77
229.91	48054.63
229.98	48098.79
230.05	48132.79
230.12	48160.07
230.20	48201.96
230.27	48247.78
230.34	48295.19
230.41	48349.45
230.48	48405.92
230.55	48458.64
230.63	48510.54
230.70	48570.70
230.77	48617.24
230.84	48658.45
230.91	48683.74
230.98	48712.70
231.06	48741.21
231.13	48784.95
231.20	48838.25
231.27	48898.48
231.34	48954.71
231.41	49011.26
231.49	49058.20
231.56	49098.07
231.63	49136.00
231.70	49169.90
231.77	49195.51
231.84	49221.07
231.92	49243.43
231.99	49268.13
232.06	49305.89
232.13	49336.89
232.20	49376.02
232.27	49414.36
232.34	49445.82
232.42	49461.96
232.49	49488.34
232.56	49513.34
232.63	49543.14
232.70	49577.64
232.77	49627.89
232.85	49674.29
232.92	49710.85
232.99	49742.11
233.06	49761.81
233.13	49770.75
233.20	49772.35
233.27	49779.31
233.35	49790.37
233.42	49806.63
233.49	49819.09
233.56	49848.44
233.63	49877.67
233.70	49906.24
233.77	49937.60
233.85	49972.48
233.92	50003.09
233.99	50027.36
234.06	50049.83
234.13	50072.46
234.20	50093.28
234.27	50102.66
234.35	50113.63
234.42	50120.70
234.49	50133.19
234.56	50142.83
234.63	50153.51
234.70	50165.75
234.77	50170.23
234.84	50170.32
234.92	50170.29
234.99	50171.90
235.06	50168.97
235.13	50173.17
235.20	50179.98
235.27	50197.76
235.34	50203.90
235.41	50216.49
235.49	50225.10
235.56	50229.44
235.63	50224.20
235.70	50231.45
235.77	50234.31
235.84	50234.20
235.91	50225.04
235.98	50214.16
236.06	50191.29
236.13	50173.10
236.20	50163.39
236.27	50146.03
236.34	50127.65
236.41	50112.48
236.48	50098.08
236.55	50076.85
236.63	50064.73
236.70	50054.19
236.77	50057.71
236.84	50062.72
236.91	50070.71
236.98	50071.77
237.05	50078.62
237.12	50069.65
237.19	50056.50
237.27	50045.09
237.34	50041.69
237.41	50033.64
237.48	50023.68
237.55	50004.59
237.62	49987.40
237.69	49982.52
237.76	49978.45
237.83	49985.19
237.91	49993.81
237.98	49993.12
238.05	49978.11
238.12	49962.79
238.19	49941.20
238.26	49933.83
238.33	49929.05
238.40	49920.75
238.47	49904.96
238.54	49902.96
238.62	49881.75
238.69	49859.04
238.76	49840.06
238.83	49827.88
238.90	49807.60
238.97	49789.39
239.04	49788.64
239.11	49787.60
239.18	49783.40
239.25	49770.97
239.33	49756.24
239.40	49727.49
239.47	49699.86
239.54	49666.06
239.61	49634.76
239.68	49605.54
239.75	49585.17
239.82	49570.06
239.89	49565.31
239.96	49563.32
240.03	49561.65
240.11	49558.62
240.18	49549.52
240.25	49536.13
240.32	49519.13
240.39	49509.45
240.46	49493.47
240.53	49493.47
240.60	49495.10
240.67	49493.19
240.74	49486.15
240.81	49477.21
240.88	49458.97
240.96	49438.29
241.03	49423.65
241.10	49418.69
241.17	49414.50
241.24	49409.48
241.31	49408.87
241.38	49400.30
241.45	49378.53
241.52	49369.97
241.59	49352.16
241.66	49336.35
241.73	49330.07
241.80	49325.12
241.88	49304.14
241.95	49288.64
242.02	49266.99
242.09	49237.83
242.16	49214.15
242.23	49208.52
242.30	49200.50
242.37	49191.75
242.44	49190.42
242.51	49188.40
242.58	49178.01
242.65	49172.25
242.72	49171.96
242.79	49161.55
242.87	49155.38
242.94	49152.20
243.01	49148.63
243.08	49150.84
243.15	49157.61
243.22	49156.03
243.29	49165.96
243.36	49168.57
243.43	49170.17
243.50	49189.35
243.57	49210.60
243.64	49211.25
243.71	49216.52
243.78	49211.37
243.85	49197.53
243.92	49198.34
243.99	49195.37
244.07	49190.38
244.14	49189.38
244.21	49185.08
244.28	49168.90
244.35	49155.33
244.42	49152.66
244.49	49152.81
244.56	49159.52
244.63	49167.41
244.70	49176.89
244.77	49183.06
244.84	49191.01
244.91	49201.41
244.98	49216.34
245.05	49234.75
245.12	49256.15
245.19	49272.56
245.26	49282.65
245.33	49298.27
245.40	49324.16
245.47	49353.14
245.55	49379.56
245.62	49404.43
245.69	49411.61
245.76	49414.17
245.83	49409.62
245.90	49405.53
245.97	49405.24
246.04	49424.52
246.11	49434.77
246.18	49447.13
246.25	49456.04
246.32	49465.58
246.39	49459.33
246.46	49460.61
246.53	49473.84
246.60	49492.78
246.67	49508.89
246.74	49530.25
246.81	49558.59
246.88	49578.85
246.95	49606.13
247.02	49637.71
247.09	49670.24
247.16	49678.72
247.23	49677.63
247.30	49674.16
247.37	49660.79
247.44	49670.58
247.51	49695.14
247.58	49732.57
247.66	49765.45
247.73	49815.53
247.80	49845.11
247.87	49877.36
247.94	49913.89
248.01	49956.49
248.08	49984.68
248.15	50006.86
248.22	50031.43
248.29	50048.01
248.36	50059.27
248.43	50080.93
248.50	50106.17
248.57	50132.00
248.64	50153.24
248.71	50174.44
248.78	50201.24
248.85	50225.27
248.92	50251.43
248.99	50270.70
249.06	50292.24
249.13	50304.08
249.20	50324.75
249.27	50336.25
249.34	50354.27
249.41	50369.79
249.48	50372.84
249.55	50362.24
249.62	50370.99
249.69	50389.42
249.76	50423.31
249.83	50470.08
249.90	50531.33
249.97	50579.01
250.04	50620.80
250.11	50655.44
250.18	50682.82
250.25	50708.75
250.32	50730.22
250.39	50753.51
250.46	50773.97
250.53	50801.13
250.60	50826.77
250.67	50855.94
250.74	50878.89
250.81	50890.56
250.88	50908.93
250.95	50927.51
251.02	50947.19
251.09	50969.82
251.16	51006.14
251.23	51029.39
251.30	51048.68
251.37	51061.40
251.44	51075.53
251.51	51093.42
251.58	51115.64
251.65	51139.74
251.72	51154.17
251.79	51175.14
251.86	51183.81
251.93	51196.94
252.00	51202.92
252.07	51225.07
252.14	51239.78
252.21	51252.89
252.28	51263.42
252.35	51279.94
252.42	51305.36
252.49	51323.24
252.56	51338.67
252.63	51353.00
252.70	51367.96
252.77	51373.28
252.84	51384.96
252.91	51402.12
252.98	51428.65
253.05	51447.24
253.12	51451.85
253.19	51470.32
253.25	51493.99
253.32	51498.85
253.39	51521.16
253.46	51558.53
253.53	51587.41
253.60	51603.22
253.67	51625.35
253.74	51637.68
253.81	51648.21
253.88	51647.66
253.95	51659.79
254.02	51674.84
254.09	51691.13
254.16	51703.70
254.23	51719.28
254.30	51734.92
254.37	51753.08
254.44	51764.43
254.51	51776.43
254.58	51785.62
254.65	51790.94
254.72	51796.36
254.79	51798.55
254.86	51801.77
254.93	51802.77
255.00	51808.43
255.07	51808.46
255.14	51821.93
255.21	51828.94
255.28	51836.10
255.34	51831.58
255.41	51833.18
255.48	51824.25
255.55	51818.85
255.62	51824.95
255.69	51831.04
255.76	51834.01
255.83	51843.41
255.90	51855.29
255.97	51877.51
256.04	51885.29
256.11	51891.71
256.18	51893.14
256.25	51890.74
256.32	51873.76
256.39	51874.94
256.46	51876.95
256.53	51878.41
256.60	51881.16
256.67	51887.96
256.74	51886.34
256.80	51891.37
256.87	51892.89
256.94	51892.10
257.01	51882.77
257.08	51882.48
257.15	51868.96
257.22	51860.63
257.29	51845.95
257.36	51839.57
257.43	51827.11
257.50	51825.39
257.57	51814.82
257.64	51814.31
257.71	51798.72
257.78	51786.98
257.85	51764.75
257.92	51752.14
257.98	51740.95
258.05	51732.33
258.12	51714.59
258.19	51707.50
258.26	51693.40
258.33	51672.90
258.40	51668.17
258.47	51668.41
258.54	51669.09
258.61	51671.37
258.68	51671.82
258.75	51661.55
258.82	51651.01
258.89	51625.78
258.95	51607.31
259.02	51591.59
259.09	51576.29
259.16	51558.90
259.23	51542.89
259.30	51519.39
259.37	51499.91
259.44	51481.10
259.51	51468.83
259.58	51461.75
259.65	51444.94
259.72	51421.23
259.79	51391.61
259.85	51359.05
259.92	51320.10
259.99	51295.39
260.06	51279.00
260.13	51254.77
260.20	51230.94
260.27	51203.05
260.34	51174.62
260.41	51139.85
260.48	51118.35
260.55	51099.79
260.62	51085.43
260.68	51070.12
260.75	51045.64
260.82	51022.75
260.89	51005.17
260.96	50984.93
261.03	50959.05
261.10	50939.39
261.17	50911.29
261.24	50876.07
261.31	50841.03
261.38	50817.78
261.44	50784.59
261.51	50744.37
261.58	50705.22
261.65	50669.71
261.72	50619.13
261.79	50577.57
261.86	50549.65
261.93	50521.14
262.00	50498.64
262.07	50477.15
262.13	50453.03
262.20	50422.97
262.27	50385.30
262.34	50345.77
262.41	50318.68
262.48	50285.54
262.55	50254.20
262.62	50224.74
262.69	50188.11
262.76	50140.82
262.82	50108.95
262.89	50081.39
262.96	50053.81
263.03	50028.71
263.10	50005.00
263.17	49974.22
263.24	49940.44
263.31	49905.80
263.38	49859.29
263.44	49819.45
263.51	49770.20
263.58	49715.14
263.65	49670.32
263.72	49632.85
263.79	49591.18
263.86	49559.68
263.93	49534.48
264.00	49493.03
264.06	49458.75
264.13	49425.18
264.20	49395.29
264.27	49351.40
264.34	49309.54
264.41	49262.42
264.48	49215.13
264.55	49160.61
264.61	49118.09
264.68	49085.06
264.75	49050.32
264.82	49002.83
264.89	48959.95
264.96	48919.85
265.03	48879.74
265.10	48838.65
265.16	48801.36
265.23	48767.92
265.30	48736.79
265.37	48697.47
265.44	48655.54
265.51	48613.25
265.58	48563.99
265.65	48504.61
265.71	48460.17
265.78	48417.97
265.85	48379.75
265.92	48340.08
265.99	48297.40
266.06	48251.45
266.13	48203.81
266.20	48162.34
266.26	48123.77
266.33	48084.74
266.40	48039.07
266.47	47994.51
266.54	47936.20
266.61	47878.36
266.68	47822.25
266.74	47759.49
266.81	47703.15
266.88	47653.72
266.95	47598.52
267.02	47556.66
267.09	47515.93
267.16	47471.77
267.22	47430.58
267.29	47392.23
267.36	47349.45
267.43	47315.22
267.50	47283.40
267.57	47248.85
267.64	47221.68
267.70	47188.89
267.77	47145.49
267.84	47101.20
267.91	47048.81
267.98	46994.97
268.05	46944.48
268.11	46899.40
268.18	46847.78
268.25	46806.44
268.32	46765.06
268.39	46728.06
268.46	46689.70
268.53	46657.33
268.59	46619.81
268.66	46582.69
268.73	46535.73
268.80	46494.40
268.87	46445.08
268.94	46402.06
269.00	46359.21
269.07	46320.07
269.14	46282.97
269.21	46254.70
269.28	46220.97
269.35	46172.80
269.41	46128.78
269.48	46079.70
269.55	46016.48
269.62	45961.06
269.69	45923.52
269.76	45876.19
269.82	45837.67
269.89	45815.20
269.96	45795.61
270.03	45757.33
270.10	45732.00
270.17	45692.68
270.23	45651.83
270.30	45602.67
270.37	45574.46
270.44	45541.70
270.51	45510.33
270.58	45476.45
270.64	45451.09
270.71	45413.48
270.78	45384.29
270.85	45347.86
270.92	45313.42
270.99	45272.04
271.05	45236.98
271.12	45190.63
271.19	45156.32
271.26	45111.95
271.33	45075.87
271.39	45034.57
271.46	44986.92
271.53	44948.50
271.60	44927.40
271.67	44897.49
271.74	44865.24
271.80	44841.20
271.87	44818.52
271.94	44784.92
272.01	44750.65
272.08	44721.19
272.14	44686.92
272.21	44650.90
272.28	44624.87
272.35	44602.68
272.42	44577.30
272.48	44563.32
272.55	44544.66
272.62	44517.03
272.69	44493.55
272.76	44476.55
272.83	44449.71
272.89	44417.77
272.96	44390.41
273.03	44358.15
273.10	44321.17
273.17	44291.38
273.23	44260.82
273.30	44229.50
273.37	44205.23
273.44	44184.90
273.51	44162.48
273.57	44149.72
273.64	44130.13
273.71	44111.31
273.78	44087.45
273.85	44066.42
273.91	44040.98
273.98	44027.08
274.05	44003.17
274.12	43984.96
274.19	43967.11
274.25	43946.94
274.32	43918.66
274.39	43886.02
274.46	43841.06
274.53	43790.70
274.59	43740.91
274.66	43707.57
274.73	43698.36
274.80	43684.82
274.86	43665.18
274.93	43646.25
275.00	43607.93
275.07	43549.97
275.14	43513.14
275.20	43480.49
275.27	43453.84
275.34	43433.88
275.41	43424.58
275.48	43406.50
275.54	43388.30
275.61	43369.87
275.68	43348.31
275.75	43316.73
275.81	43289.67
275.88	43263.84
275.95	43239.12
276.02	43209.72
276.09	43181.97
276.15	43149.09
276.22	43122.57
276.29	43099.68
276.36	43075.35
276.42	43050.78
276.49	43031.41
276.56	43008.02
276.63	42977.53
276.70	42955.80
276.76	42938.42
276.83	42919.76
276.90	42900.56
276.97	42876.15
277.03	42856.45
277.10	42831.07
277.17	42815.23
277.24	42795.46
277.30	42785.31
277.37	42767.64
277.44	42756.37
277.51	42736.60
277.58	42711.81
277.64	42683.14
277.71	42663.45
277.78	42641.81
277.85	42619.37
277.91	42597.03
277.98	42577.36
278.05	42547.91
278.12	42525.30
278.18	42496.88
278.25	42477.79
278.32	42449.10
278.39	42436.10
278.45	42420.32
278.52	42406.62
278.59	42391.10
278.66	42378.30
278.72	42358.78
278.79	42337.63
278.86	42316.81
278.93	42305.75
278.99	42296.51
279.06	42279.79
279.13	42257.80
279.20	42237.54
279.26	42208.82
279.33	42182.88
279.40	42152.90
279.47	42124.10
279.53	42088.89
279.60	42059.07
279.67	42027.78
279.74	42000.94
279.80	41984.12
279.87	41973.48
279.94	41960.03
280.01	41953.29
280.07	41943.94
280.14	41919.84
280.21	41893.97
280.28	41867.18
280.34	41833.50
280.41	41807.87
280.48	41784.04
280.55	41762.30
280.61	41736.51
280.68	41710.23
280.75	41676.20
280.82	41639.53
280.88	41609.13
280.95	41561.76
281.02	41507.10
281.08	41435.83
281.15	41372.26
281.22	41302.10
281.29	41243.94
281.35	41184.70
281.42	41148.46
281.49	41110.96
281.56	41076.27
281.62	41047.91
281.69	41018.35
281.76	40992.65
281.82	40961.02
281.89	40925.37
281.96	40897.42
282.03	40877.25
282.09	40853.65
282.16	40835.07
282.23	40809.77
282.30	40781.53
282.36	40757.70
282.43	40731.58
282.50	40716.87
282.56	40698.21
282.63	40675.19
282.70	40650.46
282.77	40633.69
282.83	40603.84
282.90	40586.27
282.97	40567.13
283.03	40545.05
283.10	40513.21
283.17	40492.89
283.24	40470.44
283.30	40445.03
283.37	40417.56
283.44	40395.38
283.50	40366.63
283.57	40346.46
283.64	40318.75
283.71	40283.47
283.77	40236.96
283.84	40197.51
283.91	40146.26
283.97	40117.31
284.04	40119.37
284.11	40137.09
284.18	40153.23
284.24	40167.90
284.31	40179.43
284.38	40171.50
284.44	40154.64
284.51	40126.84
284.58	40112.32
284.64	40098.94
284.71	40091.40
284.78	40081.38
284.85	40077.72
284.91	40062.74
284.98	40042.02
285.05	40005.86
285.11	39983.86
285.18	39961.95
285.25	39949.14
285.31	39944.96
285.38	39949.95
285.45	39948.33
285.52	39945.79
285.58	39940.07
285.65	39923.73
285.72	39904.46
285.78	39886.87
285.85	39872.41
285.92	39851.68
285.98	39837.95
286.05	39826.97
286.12	39820.53
286.18	39808.76
286.25	39808.35
286.32	39797.61
286.39	39794.04
286.45	39783.36
286.52	39767.19
286.59	39748.65
286.65	39744.32
286.72	39742.02
286.79	39732.37
286.85	39728.07
286.92	39720.90
286.99	39709.58
287.05	39681.49
287.12	39671.94
287.19	39666.54
287.25	39664.64
287.32	39661.12
287.39	39668.20
287.45	39668.00
287.52	39665.14
287.59	39659.91
287.65	39658.61
287.72	39653.90
287.79	39640.83
287.86	39623.47
287.92	39611.56
287.99	39597.60
288.06	39594.11
288.12	39582.40
288.19	39585.00
288.26	39578.17
288.32	39567.93
288.39	39557.50
288.46	39559.98
288.52	39556.11
288.59	39560.19
288.66	39570.01
288.72	39572.55
288.79	39573.56
288.86	39577.87
288.92	39573.49
288.99	39564.89
289.06	39559.56
289.12	39558.95
289.19	39562.48
289.26	39565.80
289.32	39566.60
289.39	39571.33
289.45	39573.93
289.52	39559.42
289.59	39563.50
289.65	39569.21
289.72	39568.14
289.79	39572.18
289.85	39587.47
289.92	39594.32
289.99	39600.95
290.05	39606.54
290.12	39600.81
290.19	39597.15
290.25	39583.15
290.32	39579.28
290.39	39584.93
290.45	39591.85
290.52	39597.82
290.59	39614.63
290.65	39616.68
290.72	39610.54
290.79	39608.67
290.85	39613.98
290.92	39625.17
290.98	39636.77
291.05	39646.65
291.12	39657.77
291.18	39659.75
291.25	39653.21
291.32	39656.20
291.38	39657.29
291.45	39663.31
291.52	39666.30
291.58	39670.11
291.65	39678.03
291.72	39695.73
291.78	39710.67
291.85	39718.43
291.91	39738.06
291.98	39756.82
292.05	39760.49
292.11	39770.00
292.18	39789.30
292.25	39792.83
292.31	39787.18
292.38	39794.97
292.45	39796.05
292.51	39803.28
292.58	39809.56
292.64	39819.43
292.71	39821.02
292.78	39828.04
292.84	39826.37
292.91	39831.41
292.98	39837.44
293.04	39850.65
293.11	39862.01
293.17	39871.65
293.24	39883.45
293.31	39895.24
293.37	39907.49
293.44	39915.68
293.51	39928.93
293.57	39935.15
293.64	39943.89
293.70	39959.19
293.77	39974.50
293.84	39986.72
293.90	39998.56
293.97	40011.64
294.04	40019.81
294.10	40019.99
294.17	40029.43
294.23	40046.71
294.30	40054.37
294.37	40062.93
294.43	40085.06
294.50	40094.82
294.56	40104.48
294.63	40116.39
294.70	40130.58
294.76	40142.24
294.83	40156.26
294.90	40169.32
294.96	40191.81
295.03	40203.23
295.09	40217.51
295.16	40237.70
295.23	40246.24
295.29	40253.53
295.36	40260.33
295.42	40261.09
295.49	40265.19
295.56	40289.41
295.62	40307.09
295.69	40323.62
295.75	40345.28
295.82	40359.35
295.89	40362.59
295.95	40363.39
296.02	40373.03
296.08	40375.92
296.15	40383.00
296.22	40395.57
296.28	40418.60
296.35	40441.18
296.41	40461.89
296.48	40483.17
296.55	40500.78
296.61	40510.50
296.68	40528.86
296.74	40552.93
296.81	40580.62
296.88	40603.40
296.94	40629.47
297.01	40645.41
297.07	40656.96
297.14	40671.38
297.20	40679.17
297.27	40685.85
297.34	40702.27
297.40	40720.55
297.47	40731.67
297.53	40748.21
297.60	40766.84
297.67	40769.67
297.73	40784.18
297.80	40793.76
297.86	40808.91
297.93	40823.04
298.00	40843.18
298.06	40860.06
298.13	40884.98
298.19	40901.69
298.26	40914.87
298.32	40937.41
298.39	40950.77
298.46	40949.23
298.52	40960.96
298.59	40974.12
298.65	40983.74
298.72	40996.08
298.78	41012.91
298.85	41029.67
298.92	41048.42
298.98	41057.76
299.05	41068.18
299.11	41086.55
299.18	41093.46
299.24	41101.20
299.31	41110.92
299.38	41123.89
299.44	41129.85
299.51	41147.92
299.57	41158.33
299.64	41171.03
299.70	41183.11
299.77	41191.30
299.84	41192.02
299.90	41195.30
299.97	41202.29
300.03	41208.58
300.10	41229.90
300.16	41245.08
300.23	41263.43
300.30	41281.86
300.36	41286.95
300.43	41298.77
300.49	41311.65
300.56	41325.44
300.62	41338.19
300.69	41356.81
300.75	41361.54
300.82	41374.70
300.89	41382.05
300.95	41392.56
301.02	41398.24
301.08	41406.89
301.15	41405.28
301.21	41405.11
301.28	41403.08
301.34	41406.51
301.41	41402.95
301.48	41402.04
301.54	41397.82
301.61	41394.24
301.67	41387.16
301.74	41390.23
301.80	41393.78
301.87	41397.58
301.93	41393.15
302.00	41399.01
302.06	41388.37
302.13	41375.55
302.20	41371.75
302.26	41363.22
302.33	41355.15
302.39	41349.33
302.46	41353.49
302.52	41343.91
302.59	41339.87
302.65	41338.32
302.72	41340.19
302.78	41332.73
302.85	41336.75
302.91	41330.93
302.98	41316.35
303.05	41300.16
303.11	41292.21
303.18	41271.34
303.24	41263.63
303.31	41248.23
303.37	41239.12
303.44	41224.92
303.50	41212.50
303.57	41197.45
303.63	41187.71
303.70	41174.50
303.76	41160.78
303.83	41156.63
303.89	41146.45
303.96	41132.52
304.03	41118.08
304.09	41097.82
304.16	41073.27
304.22	41049.02
304.29	41031.88
304.35	41008.61
304.42	40992.07
304.48	40969.28
304.55	40951.16
304.61	40928.08
304.68	40915.48
304.74	40893.84
304.81	40877.32
304.87	40839.02
304.94	40810.02
305.00	40775.80
305.07	40744.91
305.13	40707.18
305.20	40684.84
305.26	40668.32
305.33	40648.70
305.39	40625.57
305.46	40595.05
305.52	40577.81
305.59	40541.48
305.66	40508.93
305.72	40478.11
305.79	40450.61
305.85	40416.35
305.92	40369.66
305.98	40260.35
306.05	40045.55
306.11	39749.03
306.18	39457.91
306.24	39267.45
306.31	39227.68
306.37	39341.64
306.44	39575.12
306.50	39813.64
306.57	39960.70
306.63	40012.87
306.70	40007.94
306.76	39969.29
306.83	39913.37
306.89	39856.37
306.96	39810.43
307.02	39767.47
307.09	39735.87
307.15	39696.07
307.22	39667.34
307.28	39627.39
307.35	39583.87
307.41	39531.42
307.48	39485.19
307.54	39432.49
307.61	39378.01
307.67	39323.27
307.74	39276.15
307.80	39235.95
307.87	39190.25
307.93	39144.74
308.00	39111.39
308.06	39068.32
308.13	39015.73
308.19	38971.31
308.26	38923.76
308.32	38875.99
308.38	38842.22
308.45	38805.55
308.51	38759.98
308.58	38705.49
308.64	38640.52
308.71	38578.73
308.77	38526.25
308.84	38472.44
308.90	38443.66
308.97	38426.61
309.03	38393.17
309.10	38349.92
309.16	38311.95
309.23	38257.52
309.29	38188.81
309.36	38112.92
309.42	38040.59
309.49	37966.35
309.55	37895.65
309.62	37826.25
309.68	37772.13
309.75	37711.34
309.81	37655.91
309.88	37609.58
309.94	37557.70
310.00	37498.19
310.07	37445.16
310.13	37399.79
310.20	37335.00
310.26	37285.88
310.33	37235.45
310.39	37193.21
310.46	37135.79
310.52	37087.70
310.59	37035.07
310.65	36986.70
310.72	36924.27
310.78	36866.91
310.85	36806.50
310.91	36746.88
310.97	36693.38
311.04	36638.49
311.10	36575.76
311.17	36525.22
311.23	36471.80
311.30	36410.46
311.36	36357.85
311.43	36315.62
311.49	36252.47
311.56	36193.40
311.62	36128.94
311.69	36065.06
311.75	36002.41
311.81	35940.56
311.88	35878.59
311.94	35826.83
312.01	35785.05
312.07	35734.25
312.14	35688.92
312.20	35644.25
312.27	35596.00
312.33	35525.38
312.40	35457.93
312.46	35391.37
312.52	35329.80
312.59	35264.34
312.65	35206.98
312.72	35138.55
312.78	35072.58
312.85	35004.85
312.91	34931.18
312.98	34856.57
313.04	34801.07
313.10	34746.20
313.17	34686.90
313.23	34638.71
313.30	34591.40
313.36	34529.52
313.43	34460.35
313.49	34393.20
313.56	34316.76
313.62	34245.66
313.68	34175.34
313.75	34123.45
313.81	34062.12
313.88	34001.24
313.94	33941.84
314.01	33892.10
314.07	33827.61
314.13	33769.14
314.20	33712.70
314.26	33648.53
314.33	33572.77
314.39	33502.59
314.46	33421.85
314.52	33357.61
314.58	33287.96
314.65	33225.19
314.71	33157.60
314.78	33109.17
314.84	33043.70
314.91	32981.18
314.97	32923.53
315.03	32863.03
315.10	32802.30
315.16	32730.00
315.23	32667.14
315.29	32596.20
315.36	32528.49
315.42	32455.78
315.48	32394.97
315.55	32326.41
315.61	32255.93
315.68	32199.50
315.74	32136.87
315.81	32068.90
315.87	32003.98
315.93	31951.00
316.00	31908.23
316.06	31869.09
316.13	31836.86
316.19	31782.86
316.25	31685.29
316.32	31516.78
316.38	31297.59
316.45	31018.85
316.51	30710.38
316.58	30374.22
316.64	30023.65
316.70	29658.16
316.77	29274.33
316.83	28859.28
316.90	28433.42
316.96	27993.04
317.02	27536.72
317.09	27076.68
317.15	26609.65
317.22	26122.21
317.28	25622.86
317.34	25111.73
317.41	24583.63
317.47	24051.78
317.54	23506.81
317.60	22957.35
317.66	22397.31
317.73	21826.57
317.79	21251.63
317.86	20679.27
317.92	20097.48
317.98	19501.65
318.05	18914.50
318.11	18317.43
318.18	17729.16
318.24	17135.96
318.30	16554.70
318.37	15966.57
318.43	15380.32
318.50	14790.48
318.56	14208.47
318.62	13637.04
318.69	13072.50
318.75	12525.45
318.82	11983.38
318.88	11453.73
318.94	10931.15
319.01	10426.45
319.07	9933.62
319.13	9451.13
319.20	8981.67
319.26	8522.94
319.33	8076.72
319.39	7636.55
319.45	7229.33
319.52	6834.21
319.58	6456.91
319.65	6095.33
319.71	5751.43
319.77	5411.41
319.84	5095.66
319.90	4796.99
319.96	4508.63
320.03	4238.18
320.09	3987.75
320.16	3744.40
320.22	3518.12
320.28	3308.58
320.35	3113.73
320.41	2929.20
320.47	2761.26
320.54	2601.77
320.60	2459.58
320.67	2329.36
320.73	2209.13
320.79	2097.88
320.86	2000.10
320.92	1906.48
320.98	1822.99
321.05	1745.85
321.11	1672.63
321.18	1606.26
321.24	1547.23
321.30	1487.31
321.37	1436.90
321.43	1397.45
321.49	1355.68
321.56	1318.32
321.62	1286.89
321.68	1252.11
321.75	1218.75
321.81	1190.33
321.88	1161.59
321.94	1138.85
322.00	1117.85
322.07	1089.97
322.13	1062.67
322.19	1033.12
322.26	999.10
322.32	968.55
322.38	943.58
322.45	921.94
322.51	898.09
322.58	877.93
322.64	850.04
322.70	825.83
322.77	793.43
322.83	771.78
322.89	741.15
322.96	715.14
323.02	687.59
323.08	660.97
323.15	630.84
323.21	606.72
323.27	582.44
323.34	556.73
323.40	533.03
323.46	508.24
323.53	476.80
323.59	402.76
323.65	302.37
323.72	189.25
323.78	80.53
323.85	-18.15
323.91	-67.65
323.97	-85.88
324.04	-86.70
