180.21	3428.11
180.28	-126.21
180.36	631.72
180.44	-48.93
180.51	-18.04
180.59	5.38
180.66	32.51
180.74	31.11
180.81	30.98
180.89	33.38
180.97	34.16
181.04	32.37
181.12	31.36
181.19	32.09
181.27	32.10
181.34	47.93
181.42	54.30
181.50	61.26
181.57	72.03
181.65	77.73
181.72	72.69
181.80	68.16
181.87	68.76
181.95	69.02
182.03	68.89
182.10	71.91
182.18	75.57
182.25	81.88
182.33	84.34
182.40	94.15
182.48	93.72
182.55	108.49
182.63	117.55
182.71	124.82
182.78	133.18
182.86	147.30
182.93	147.32
183.01	146.93
183.08	142.70
183.16	141.54
183.23	132.48
183.31	139.84
183.39	147.03
183.46	168.38
183.54	178.44
183.61	205.21
183.69	226.11
183.76	258.85
183.84	284.52
183.91	313.67
183.99	354.84
184.06	386.36
184.14	418.55
184.22	463.58
184.29	498.07
184.37	509.59
184.44	527.30
184.52	515.83
184.59	459.41
184.67	405.09
184.74	355.01
184.82	320.72
184.89	316.94
184.97	360.36
185.04	430.92
185.12	499.96
185.20	577.86
185.27	651.33
185.35	738.41
185.42	796.26
185.50	858.76
185.57	914.81
185.65	957.59
185.72	997.42
185.80	1075.28
185.87	1133.52
185.95	1199.68
186.02	1314.86
186.10	1383.65
186.17	1407.91
186.25	1396.38
186.33	1256.11
186.40	1057.90
186.48	910.07
186.55	817.71
186.63	806.36
186.70	930.40
186.78	1093.02
186.85	1236.22
186.93	1360.27
187.00	1462.50
187.08	1576.15
187.15	1681.17
187.23	1804.69
187.30	1934.52
187.38	2044.28
187.45	2160.66
187.53	2296.56
187.60	2375.98
187.68	2476.03
187.75	2621.10
187.83	2693.50
187.90	2750.61
187.98	2861.34
188.05	2888.83
188.13	2748.69
188.21	2495.26
188.28	2229.30
188.36	1967.25
188.43	1776.70
188.51	1779.12
188.58	1967.28
188.66	2177.31
188.73	2378.27
188.81	2593.53
188.88	2754.45
188.96	2915.85
189.03	3050.22
189.11	3198.33
189.18	3330.85
189.26	3439.50
189.33	3553.52
189.41	3688.96
189.48	3771.92
189.56	3865.65
189.63	4001.68
189.71	4060.93
189.78	4117.54
189.86	4218.31
189.93	4267.16
190.01	4262.52
190.08	4239.05
190.16	4057.02
190.23	3687.38
190.31	3344.46
190.38	3099.09
190.46	2957.09
190.53	3003.15
190.61	3242.97
190.68	3497.94
190.76	3721.16
190.83	3914.57
190.91	4070.66
190.98	4242.17
191.06	4384.07
191.13	4533.71
191.21	4666.49
191.28	4784.55
191.35	4898.26
191.43	5014.86
191.50	5085.60
191.58	5176.55
191.65	5276.71
191.73	5315.79
191.80	5364.24
191.88	5409.33
191.95	5402.99
192.03	5398.60
192.10	5425.22
192.18	5439.43
192.25	5430.34
192.33	5327.82
192.40	5098.45
192.48	4845.20
192.55	4642.43
192.63	4506.19
192.70	4528.94
192.78	4707.96
192.85	4938.89
192.93	5142.66
193.00	5334.42
193.08	5488.73
193.15	5647.03
193.22	5754.69
193.30	5852.66
193.37	5944.28
193.45	6007.34
193.52	6055.75
193.60	6125.07
193.67	6175.14
193.75	6220.61
193.82	6283.51
193.90	6311.11
193.97	6339.12
194.05	6378.11
194.12	6407.41
194.20	6443.68
194.27	6501.50
194.34	6547.09
194.42	6580.96
194.49	6618.21
194.57	6644.32
194.64	6612.27
194.72	6521.14
194.79	6418.55
194.87	6324.85
194.94	6247.29
195.02	6229.52
195.09	6286.19
195.17	6384.36
195.24	6478.98
195.31	6584.63
195.39	6682.52
195.46	6782.78
195.54	6870.13
195.61	6946.66
195.69	7008.24
195.76	7061.10
195.84	7108.77
195.91	7144.68
195.99	7172.26
196.06	7188.91
196.13	7212.28
196.21	7220.82
196.28	7231.72
196.36	7245.59
196.43	7244.19
196.51	7237.00
196.58	7229.73
196.66	7224.06
196.73	7234.64
196.80	7270.51
196.88	7317.26
196.95	7380.67
197.03	7439.21
197.10	7478.05
197.18	7488.71
197.25	7492.39
197.33	7496.25
197.40	7508.90
197.47	7521.60
197.55	7563.29
197.62	7605.24
197.70	7638.21
197.77	7669.31
197.85	7700.11
197.92	7714.42
197.99	7716.92
198.07	7696.47
198.14	7658.96
198.22	7637.00
198.29	7639.43
198.37	7672.98
198.44	7738.06
198.51	7823.78
198.59	7904.81
198.66	7976.42
198.74	8031.22
198.81	8079.02
198.89	8118.32
198.96	8152.70
199.03	8179.64
199.11	8213.28
199.18	8236.33
199.26	8246.37
199.33	8264.24
199.41	8285.99
199.48	8281.97
199.55	8258.61
199.63	8224.37
199.70	8194.02
199.78	8155.11
199.85	8150.76
199.93	8192.71
200.00	8278.70
200.07	8362.45
200.15	8460.70
200.22	8545.07
200.30	8608.96
200.37	8662.17
200.44	8709.11
200.52	8753.28
200.59	8798.76
200.67	8830.48
200.74	8847.68
200.81	8857.01
200.89	8855.37
200.96	8859.89
201.04	8868.35
201.11	8873.25
201.19	8861.08
201.26	8848.55
201.33	8832.79
201.41	8838.20
201.48	8870.02
201.56	8938.61
201.63	9034.65
201.70	9124.26
201.78	9209.60
201.85	9294.10
201.93	9363.60
202.00	9416.31
202.07	9467.95
202.15	9510.17
202.22	9539.99
202.30	9575.98
202.37	9606.81
202.44	9637.04
202.52	9667.16
202.59	9688.16
202.67	9701.51
202.74	9724.46
202.81	9742.56
202.89	9744.56
202.96	9755.27
203.04	9785.74
203.11	9820.96
203.18	9884.31
203.26	9972.16
203.33	10063.95
203.41	10145.29
203.48	10224.80
203.55	10280.65
203.63	10338.82
203.70	10399.22
203.77	10454.06
203.85	10501.53
203.92	10549.14
204.00	10605.21
204.07	10651.43
204.14	10701.40
204.22	10747.78
204.29	10796.10
204.37	10826.08
204.44	10856.28
204.51	10889.83
204.59	10928.70
204.66	10964.96
204.73	11018.13
204.81	11081.66
204.88	11154.55
204.96	11233.67
205.03	11322.55
205.10	11401.14
205.18	11478.75
205.25	11544.92
205.32	11608.91
205.40	11670.70
205.47	11733.06
205.55	11789.90
205.62	11850.82
205.69	11914.31
205.77	11978.45
205.84	12047.31
205.91	12123.16
205.99	12194.64
206.06	12260.06
206.14	12322.95
206.21	12388.64
206.28	12440.52
206.36	12505.61
206.43	12561.54
206.50	12629.66
206.58	12697.15
206.65	12786.63
206.72	12873.61
206.80	12973.83
206.87	13068.46
206.95	13163.86
207.02	13249.13
207.09	13328.92
207.17	13409.56
207.24	13489.26
207.31	13568.13
207.39	13650.40
207.46	13739.44
207.53	13822.15
207.61	13905.05
207.68	13984.95
207.75	14072.61
207.83	14155.76
207.90	14236.05
207.98	14313.14
208.05	14396.27
208.12	14466.39
208.20	14546.68
208.27	14637.07
208.34	14742.72
208.42	14841.07
208.49	14947.22
208.56	15044.19
208.64	15144.23
208.71	15235.05
208.78	15331.50
208.86	15432.08
208.93	15533.46
209.00	15636.07
209.08	15734.74
209.15	15838.61
209.22	15944.21
209.30	16045.28
209.37	16144.59
209.44	16253.75
209.52	16358.31
209.59	16452.50
209.67	16556.22
209.74	16662.88
209.81	16767.69
209.89	16869.18
209.96	16982.95
210.03	17091.80
210.11	17197.08
210.18	17297.95
210.25	17409.28
210.33	17517.46
210.40	17626.32
210.47	17745.97
210.55	17869.82
210.62	17989.00
210.69	18101.18
210.77	18217.58
210.84	18332.71
210.91	18461.75
210.99	18581.42
211.06	18705.15
211.13	18828.45
211.21	18952.95
211.28	19059.97
211.35	19179.06
211.42	19304.15
211.50	19429.56
211.57	19552.54
211.64	19680.16
211.72	19805.73
211.79	19930.75
211.86	20051.01
211.94	20181.88
212.01	20305.24
212.08	20433.44
212.16	20560.28
212.23	20697.32
212.30	20822.79
212.38	20954.99
212.45	21093.33
212.52	21227.16
212.60	21355.75
212.67	21488.20
212.74	21623.26
212.82	21745.86
212.89	21874.73
212.96	22004.85
213.03	22132.23
213.11	22265.57
213.18	22400.26
213.25	22536.32
213.33	22673.42
213.40	22809.71
213.47	22944.62
213.55	23085.36
213.62	23223.72
213.69	23363.65
213.77	23506.51
213.84	23647.72
213.91	23798.03
213.98	23947.22
214.06	24095.71
214.13	24247.14
214.20	24393.94
214.28	24541.44
214.35	24682.16
214.42	24822.06
214.50	24960.45
214.57	25103.49
214.64	25230.01
214.72	25371.89
214.79	25515.11
214.86	25654.46
214.93	25794.18
215.01	25949.97
215.08	26092.80
215.15	26241.36
215.23	26394.70
215.30	26549.45
215.37	26692.06
215.44	26848.78
215.52	26998.15
215.59	27143.25
215.66	27282.66
215.74	27429.76
215.81	27568.65
215.88	27717.23
215.95	27854.49
216.03	28000.89
216.10	28149.22
216.17	28296.86
216.25	28442.12
216.32	28602.14
216.39	28756.74
216.46	28912.19
216.54	29060.92
216.61	29212.16
216.68	29359.35
216.76	29507.51
216.83	29643.40
216.90	29799.71
216.97	29956.02
217.05	30110.41
217.12	30260.57
217.19	30411.48
217.27	30554.12
217.34	30684.60
217.41	30814.61
217.48	30948.18
217.56	31084.69
217.63	31228.91
217.70	31381.15
217.78	31541.57
217.85	31700.28
217.92	31853.62
217.99	32003.32
218.07	32148.19
218.14	32287.63
218.21	32434.81
218.28	32583.77
218.36	32730.78
218.43	32883.81
218.50	33036.48
218.57	33181.40
218.65	33324.94
218.72	33459.54
218.79	33586.58
218.87	33725.10
218.94	33861.57
219.01	34007.21
219.08	34148.47
219.16	34297.13
219.23	34435.50
219.30	34579.95
219.37	34716.36
219.45	34864.27
219.52	35006.27
219.59	35138.14
219.66	35262.15
219.74	35398.59
219.81	35536.64
219.88	35669.16
219.95	35817.49
220.03	35966.34
220.10	36100.00
220.17	36231.05
220.24	36366.54
220.32	36493.17
220.39	36618.65
220.46	36748.01
220.53	36877.21
220.61	37001.74
220.68	37124.81
220.75	37251.36
220.82	37389.11
220.90	37514.56
220.97	37638.49
221.04	37756.35
221.11	37870.79
221.19	37982.07
221.26	38101.23
221.33	38230.30
221.40	38368.27
221.48	38501.53
221.55	38626.29
221.62	38740.16
221.69	38851.86
221.77	38964.00
221.84	39084.91
221.91	39201.48
221.98	39326.35
222.06	39452.98
222.13	39576.97
222.20	39689.67
222.27	39809.18
222.35	39926.94
222.42	40041.34
222.49	40148.41
222.56	40270.58
222.63	40376.03
222.71	40479.44
222.78	40582.01
222.85	40694.63
222.92	40799.71
223.00	40911.20
223.07	41029.94
223.14	41136.69
223.21	41236.41
223.29	41339.71
223.36	41446.60
223.43	41543.40
223.50	41651.43
223.57	41765.07
223.65	41879.65
223.72	41984.19
223.79	42091.02
223.86	42192.01
223.94	42283.54
224.01	42359.10
224.08	42443.01
224.15	42527.76
224.22	42617.77
224.30	42699.73
224.37	42789.54
224.44	42892.10
224.51	42984.51
224.59	43066.32
224.66	43154.69
224.73	43242.21
224.80	43326.52
224.87	43418.04
224.95	43521.41
225.02	43628.18
225.09	43729.59
225.16	43816.61
225.23	43906.69
225.31	43991.79
225.38	44065.61
225.45	44142.92
225.52	44226.05
225.60	44303.84
225.67	44374.11
225.74	44450.22
225.81	44529.26
225.88	44600.82
225.96	44673.22
226.03	44745.48
226.10	44825.34
226.17	44902.36
226.24	44978.46
226.32	45057.74
226.39	45139.24
226.46	45207.34
226.53	45272.90
226.60	45349.04
226.68	45426.31
226.75	45508.38
226.82	45594.24
226.89	45684.60
226.96	45760.74
227.04	45820.63
227.11	45871.01
227.18	45922.50
227.25	45961.40
227.32	46010.15
227.40	46066.43
227.47	46139.29
227.54	46219.40
227.61	46299.76
227.68	46377.81
227.76	46460.07
227.83	46525.85
227.90	46582.26
227.97	46641.04
228.04	46696.51
228.11	46738.40
228.19	46776.00
228.26	46825.63
228.33	46873.40
228.40	46912.29
228.47	46963.73
228.55	47023.54
228.62	47075.31
228.69	47136.81
228.76	47197.98
228.83	47259.48
228.90	47314.31
228.98	47369.02
229.05	47421.46
229.12	47496.33
229.19	47559.11
229.26	47619.40
229.34	47675.13
229.41	47723.22
229.48	47756.76
229.55	47798.91
229.62	47853.93
229.69	47906.81
229.77	47959.49
229.84	48016.65
229.91	48062.36
229.98	48096.36
230.05	48124.35
230.12	48161.45
230.20	48200.35
230.27	48240.94
230.34	48294.02
230.41	48352.73
230.48	48410.04
230.55	48460.25
230.63	48520.00
230.70	48572.09
230.77	48619.47
230.84	48657.56
230.91	48686.91
230.98	48714.30
231.06	48739.91
231.13	48781.49
231.20	48829.24
231.27	48885.83
231.34	48940.78
231.41	48997.69
231.49	49036.98
231.56	49079.18
231.63	49120.12
231.70	49155.43
231.77	49190.02
231.84	49229.14
231.92	49255.86
231.99	49281.23
232.06	49309.04
232.13	49335.59
232.20	49370.10
232.27	49404.12
232.34	49436.73
232.42	49458.70
232.49	49489.76
232.56	49516.22
232.63	49550.41
232.70	49583.71
232.77	49633.16
232.85	49668.83
232.92	49704.58
232.99	49733.06
233.06	49758.26
233.13	49771.34
233.20	49781.64
233.27	49783.15
233.35	49786.62
233.42	49789.53
233.49	49807.28
233.56	49838.67
233.63	49873.84
233.70	49908.12
233.77	49948.38
233.85	49975.08
233.92	50006.42
233.99	50025.19
234.06	50047.10
234.13	50064.12
234.20	50083.09
234.27	50084.27
234.35	50100.02
234.42	50108.49
234.49	50121.14
234.56	50136.21
234.63	50143.15
234.70	50148.53
234.77	50156.96
234.84	50161.89
234.92	50156.61
234.99	50167.46
235.06	50175.75
235.13	50184.64
235.20	50187.44
235.27	50202.07
235.34	50202.77
235.41	50212.42
235.49	50214.24
235.56	50223.75
235.63	50222.98
235.70	50231.29
235.77	50229.61
235.84	50233.05
235.91	50220.71
235.98	50214.93
236.06	50198.37
236.13	50176.38
236.20	50162.24
236.27	50138.56
236.34	50116.18
236.41	50099.53
236.48	50088.90
236.55	50072.10
236.63	50066.03
236.70	50063.32
236.77	50064.28
236.84	50071.79
236.91	50071.62
236.98	50078.10
237.05	50080.34
237.12	50070.89
237.19	50055.41
237.27	50047.80
237.34	50044.67
237.41	50037.56
237.48	50022.86
237.55	50006.51
237.62	49988.52
237.69	49979.52
237.76	49969.74
237.83	49976.81
237.91	49983.30
237.98	49980.07
238.05	49965.27
238.12	49950.72
238.19	49938.10
238.26	49931.49
238.33	49922.18
238.40	49918.46
238.47	49907.54
238.54	49896.75
238.62	49879.46
238.69	49868.87
238.76	49846.52
238.83	49830.21
238.90	49816.11
238.97	49802.01
239.04	49794.03
239.11	49787.21
239.18	49787.88
239.25	49777.81
239.33	49756.07
239.40	49731.46
239.47	49712.05
239.54	49677.14
239.61	49640.34
239.68	49602.01
239.75	49579.33
239.82	49557.92
239.89	49548.29
239.96	49549.21
240.03	49558.65
240.11	49554.86
240.18	49542.70
240.25	49523.24
240.32	49500.11
240.39	49485.86
240.46	49471.53
240.53	49472.10
240.60	49479.18
240.67	49483.14
240.74	49478.21
240.81	49471.29
240.88	49455.08
240.96	49437.81
241.03	49424.68
241.10	49416.68
241.17	49407.34
241.24	49403.92
241.31	49402.72
241.38	49396.83
241.45	49382.39
241.52	49377.20
241.59	49359.55
241.66	49343.74
241.73	49325.89
241.80	49313.70
241.88	49291.30
241.95	49276.14
242.02	49249.91
242.09	49228.37
242.16	49208.91
242.23	49203.85
242.30	49192.21
242.37	49179.21
242.44	49175.27
242.51	49170.14
242.58	49167.70
242.65	49170.61
242.72	49179.22
242.79	49174.40
242.87	49173.27
242.94	49157.61
243.01	49143.75
243.08	49148.64
243.15	49158.05
243.22	49157.67
243.29	49169.41
243.36	49177.96
243.43	49183.17
243.50	49197.31
243.57	49218.69
243.64	49220.57
243.71	49229.90
243.78	49220.96
243.85	49201.27
243.92	49188.52
243.99	49189.40
244.07	49180.03
244.14	49177.01
244.21	49180.73
244.28	49175.95
244.35	49163.71
244.42	49160.78
244.49	49158.46
244.56	49157.07
244.63	49158.09
244.70	49152.39
244.77	49154.80
244.84	49165.91
244.91	49180.77
244.98	49198.72
245.05	49230.96
245.12	49256.88
245.19	49278.11
245.26	49289.42
245.33	49301.51
245.40	49319.22
245.47	49353.89
245.55	49374.30
245.62	49391.25
245.69	49402.09
245.76	49410.65
245.83	49402.06
245.90	49404.41
245.97	49414.03
246.04	49431.66
246.11	49446.71
246.18	49451.23
246.25	49452.75
246.32	49452.96
246.39	49448.88
246.46	49452.97
246.53	49468.42
246.60	49485.68
246.67	49508.09
246.74	49536.36
246.81	49561.24
246.88	49585.01
246.95	49611.35
247.02	49641.89
247.09	49659.77
247.16	49665.60
247.23	49661.28
247.30	49653.50
247.37	49645.63
247.44	49659.81
247.51	49680.51
247.58	49719.06
247.66	49763.08
247.73	49804.46
247.80	49831.68
247.87	49861.66
247.94	49896.43
248.01	49941.30
248.08	49975.44
248.15	50008.94
248.22	50038.86
248.29	50062.93
248.36	50073.61
248.43	50095.31
248.50	50116.10
248.57	50136.35
248.64	50149.46
248.71	50170.23
248.78	50195.25
248.85	50222.19
248.92	50259.84
248.99	50288.29
249.06	50312.18
249.13	50327.61
249.20	50344.02
249.27	50351.16
249.34	50367.20
249.41	50377.26
249.48	50369.41
249.55	50356.96
249.62	50360.17
249.69	50373.83
249.76	50406.33
249.83	50458.76
249.90	50516.77
249.97	50564.06
250.04	50611.68
250.11	50656.89
250.18	50688.70
250.25	50718.88
250.32	50737.22
250.39	50752.35
250.46	50758.19
250.53	50780.46
250.60	50804.13
250.67	50836.55
250.74	50863.73
250.81	50880.69
250.88	50900.68
250.95	50918.47
251.02	50942.01
251.09	50968.75
251.16	51002.60
251.23	51024.68
251.30	51046.84
251.37	51061.81
251.44	51070.84
251.51	51090.66
251.58	51110.83
251.65	51128.02
251.72	51143.55
251.79	51170.55
251.86	51187.17
251.93	51204.06
252.00	51224.22
252.07	51242.57
252.14	51256.94
252.21	51259.36
252.28	51271.56
252.35	51282.78
252.42	51307.38
252.49	51319.81
252.56	51337.73
252.63	51347.91
252.70	51351.26
252.77	51361.82
252.84	51379.22
252.91	51399.04
252.98	51429.54
253.05	51463.08
253.12	51470.36
253.19	51480.49
253.25	51499.09
253.32	51500.22
253.39	51522.39
253.46	51554.59
253.53	51582.64
253.60	51593.41
253.67	51612.89
253.74	51626.86
253.81	51644.01
253.88	51654.45
253.95	51677.30
254.02	51695.94
254.09	51711.51
254.16	51723.90
254.23	51732.06
254.30	51738.59
254.37	51753.16
254.44	51762.08
254.51	51767.46
254.58	51774.34
254.65	51781.55
254.72	51790.01
254.79	51787.99
254.86	51800.21
254.93	51812.29
255.00	51823.00
255.07	51820.37
255.14	51826.12
255.21	51813.26
255.28	51807.30
255.34	51799.31
255.41	51805.25
255.48	51801.92
255.55	51805.90
255.62	51814.85
255.69	51823.03
255.76	51821.66
255.83	51832.85
255.90	51849.39
255.97	51869.34
256.04	51877.27
256.11	51885.76
256.18	51885.55
256.25	51879.67
256.32	51863.77
256.39	51868.84
256.46	51870.07
256.53	51875.40
256.60	51879.03
256.67	51881.66
256.74	51879.67
256.80	51886.86
256.87	51887.15
256.94	51885.83
257.01	51892.84
257.08	51890.51
257.15	51875.23
257.22	51871.42
257.29	51851.83
257.36	51829.89
257.43	51811.91
257.50	51808.76
257.57	51791.08
257.64	51792.17
257.71	51785.19
257.78	51774.06
257.85	51755.33
257.92	51743.80
257.98	51732.73
258.05	51725.34
258.12	51711.05
258.19	51698.19
258.26	51688.70
258.33	51673.51
258.40	51666.85
258.47	51669.35
258.54	51673.01
258.61	51673.91
258.68	51674.97
258.75	51662.88
258.82	51651.05
258.89	51629.10
258.95	51609.23
259.02	51596.53
259.09	51580.52
259.16	51559.63
259.23	51534.56
259.30	51509.50
259.37	51480.51
259.44	51462.67
259.51	51451.38
259.58	51450.79
259.65	51430.74
259.72	51408.60
259.79	51377.18
259.85	51345.40
259.92	51302.36
259.99	51280.90
260.06	51265.54
260.13	51245.59
260.20	51218.35
260.27	51191.64
260.34	51155.54
260.41	51128.03
260.48	51104.33
260.55	51090.87
260.62	51081.44
260.68	51075.87
260.75	51048.25
260.82	51024.56
260.89	50997.83
260.96	50979.25
261.03	50958.05
261.10	50931.40
261.17	50907.28
261.24	50878.43
261.31	50846.01
261.38	50815.94
261.44	50796.03
261.51	50757.90
261.58	50724.87
261.65	50683.24
261.72	50642.53
261.79	50590.61
261.86	50559.02
261.93	50534.15
262.00	50507.72
262.07	50474.48
262.13	50448.71
262.20	50417.59
262.27	50367.88
262.34	50335.87
262.41	50301.75
262.48	50265.69
262.55	50235.68
262.62	50208.09
262.69	50168.71
262.76	50134.38
262.82	50104.32
262.89	50073.28
262.96	50041.34
263.03	50012.13
263.10	49986.95
263.17	49955.20
263.24	49920.32
263.31	49893.05
263.38	49856.79
263.44	49821.48
263.51	49778.34
263.58	49729.19
263.65	49684.48
263.72	49643.26
263.79	49598.01
263.86	49563.15
263.93	49525.53
264.00	49478.09
264.06	49440.02
264.13	49404.23
264.20	49367.88
264.27	49326.56
264.34	49291.65
264.41	49249.71
264.48	49197.16
264.55	49153.41
264.61	49111.33
264.68	49073.71
264.75	49031.01
264.82	48987.56
264.89	48940.00
264.96	48900.49
265.03	48857.32
265.10	48824.57
265.16	48787.29
265.23	48757.66
265.30	48731.68
265.37	48695.12
265.44	48651.07
265.51	48612.44
265.58	48568.09
265.65	48514.97
265.71	48465.01
265.78	48420.58
265.85	48376.87
265.92	48328.88
265.99	48280.46
266.06	48245.52
266.13	48202.16
266.20	48170.33
266.26	48130.65
266.33	48090.11
266.40	48042.95
266.47	47993.25
266.54	47925.88
266.61	47866.33
266.68	47809.65
266.74	47750.71
266.81	47697.36
266.88	47650.95
266.95	47603.53
267.02	47557.43
267.09	47516.01
267.16	47471.45
267.22	47430.43
267.29	47393.81
267.36	47353.42
267.43	47314.09
267.50	47274.53
267.57	47241.20
267.64	47208.56
267.70	47172.11
267.77	47134.47
267.84	47108.42
267.91	47059.53
267.98	47003.62
268.05	46956.31
268.11	46902.75
268.18	46842.97
268.25	46795.09
268.32	46754.83
268.39	46715.72
268.46	46684.21
268.53	46649.58
268.59	46613.26
268.66	46580.93
268.73	46546.35
268.80	46497.29
268.87	46447.23
268.94	46404.33
269.00	46354.82
269.07	46310.12
269.14	46279.28
269.21	46249.01
269.28	46213.51
269.35	46175.90
269.41	46131.74
269.48	46075.65
269.55	46021.42
269.62	45968.59
269.69	45927.70
269.76	45879.99
269.82	45842.22
269.89	45816.71
269.96	45796.77
270.03	45761.22
270.10	45737.33
270.17	45703.71
270.23	45661.94
270.30	45614.62
270.37	45583.43
270.44	45544.51
270.51	45508.45
270.58	45472.35
270.64	45443.26
270.71	45397.36
270.78	45364.21
270.85	45334.12
270.92	45298.17
270.99	45257.17
271.05	45226.94
271.12	45184.17
271.19	45143.52
271.26	45097.06
271.33	45057.79
271.39	45016.95
271.46	44974.78
271.53	44942.64
271.60	44925.34
271.67	44898.78
271.74	44868.77
271.80	44842.82
271.87	44815.02
271.94	44774.88
272.01	44736.44
272.08	44708.99
272.14	44679.42
272.21	44648.41
272.28	44625.32
272.35	44610.23
272.42	44581.62
272.48	44558.96
272.55	44531.43
272.62	44507.80
272.69	44484.44
272.76	44473.04
272.83	44454.24
272.89	44423.25
272.96	44389.12
273.03	44355.50
273.10	44315.51
273.17	44282.88
273.23	44260.28
273.30	44237.56
273.37	44211.81
273.44	44186.56
273.51	44162.18
273.57	44143.01
273.64	44121.74
273.71	44099.26
273.78	44072.79
273.85	44054.38
273.91	44032.61
273.98	44015.98
274.05	44001.77
274.12	43992.00
274.19	43972.76
274.25	43947.65
274.32	43916.04
274.39	43877.15
274.46	43830.45
274.53	43781.60
274.59	43734.28
274.66	43705.94
274.73	43687.32
274.80	43665.64
274.86	43639.70
274.93	43620.05
275.00	43585.80
275.07	43535.43
275.14	43505.05
275.20	43482.74
275.27	43462.41
275.34	43431.58
275.41	43418.74
275.48	43399.13
275.54	43382.55
275.61	43355.06
275.68	43336.58
275.75	43312.20
275.81	43278.59
275.88	43244.34
275.95	43220.92
276.02	43193.08
276.09	43166.97
276.15	43143.13
276.22	43117.37
276.29	43095.10
276.36	43073.38
276.42	43049.83
276.49	43020.37
276.56	42995.64
276.63	42966.12
276.70	42946.25
276.76	42931.84
276.83	42921.30
276.90	42905.96
276.97	42887.24
277.03	42867.79
277.10	42843.23
277.17	42825.64
277.24	42806.97
277.30	42792.06
277.37	42769.45
277.44	42748.29
277.51	42728.55
277.58	42703.17
277.64	42676.90
277.71	42660.61
277.78	42644.55
277.85	42616.81
277.91	42590.61
277.98	42565.43
278.05	42537.29
278.12	42512.46
278.18	42491.73
278.25	42474.81
278.32	42453.87
278.39	42439.62
278.45	42420.06
278.52	42401.35
278.59	42384.88
278.66	42369.73
278.72	42353.94
278.79	42330.44
278.86	42311.06
278.93	42297.81
278.99	42275.36
279.06	42244.24
279.13	42221.77
279.20	42203.15
279.26	42179.55
279.33	42167.34
279.40	42151.68
279.47	42130.63
279.53	42105.57
279.60	42075.18
279.67	42039.68
279.74	42009.02
279.80	41987.76
279.87	41975.39
279.94	41963.24
280.01	41953.49
280.07	41939.46
280.14	41927.76
280.21	41896.30
280.28	41865.51
280.34	41830.45
280.41	41801.27
280.48	41762.56
280.55	41739.76
280.61	41718.84
280.68	41698.16
280.75	41668.66
280.82	41634.92
280.88	41597.56
280.95	41547.74
281.02	41495.54
281.08	41428.58
281.15	41364.16
281.22	41292.42
281.29	41232.54
281.35	41176.95
281.42	41147.89
281.49	41110.47
281.56	41083.90
281.62	41057.82
281.69	41023.48
281.76	40987.56
281.82	40964.26
281.89	40928.48
281.96	40892.77
282.03	40866.14
282.09	40831.79
282.16	40806.24
282.23	40785.32
282.30	40763.56
282.36	40748.10
282.43	40731.99
282.50	40713.58
282.56	40682.84
282.63	40664.00
282.70	40643.11
282.77	40631.47
282.83	40608.90
282.90	40598.77
282.97	40576.33
283.03	40547.74
283.10	40514.56
283.17	40491.68
283.24	40465.44
283.30	40436.30
283.37	40412.17
283.44	40383.91
283.50	40351.46
283.57	40333.49
283.64	40310.52
283.71	40273.99
283.77	40231.03
283.84	40198.80
283.91	40150.92
283.97	40128.07
284.04	40133.91
284.11	40148.13
284.18	40159.11
284.24	40174.99
284.31	40179.00
284.38	40168.54
284.44	40158.62
284.51	40140.86
284.58	40121.36
284.64	40110.81
284.71	40100.85
284.78	40087.21
284.85	40071.74
284.91	40054.93
284.98	40033.13
285.05	40000.11
285.11	39977.12
285.18	39954.17
285.25	39945.60
285.31	39940.05
285.38	39940.67
285.45	39944.68
285.52	39943.83
285.58	39936.56
285.65	39919.52
285.72	39900.80
285.78	39880.06
285.85	39869.27
285.92	39857.74
285.98	39842.75
286.05	39836.61
286.12	39828.51
286.18	39814.10
286.25	39800.97
286.32	39791.12
286.39	39783.87
286.45	39775.63
286.52	39767.06
286.59	39758.12
286.65	39757.46
286.72	39753.06
286.79	39744.03
286.85	39733.51
286.92	39726.13
286.99	39712.95
287.05	39693.38
287.12	39685.22
287.19	39678.27
287.25	39676.63
287.32	39669.79
287.39	39673.82
287.45	39668.89
287.52	39673.88
287.59	39672.33
287.65	39673.62
287.72	39664.16
287.79	39650.78
287.86	39631.06
287.92	39610.83
287.99	39600.68
288.06	39598.58
288.12	39597.88
288.19	39597.20
288.26	39590.44
288.32	39581.27
288.39	39566.60
288.46	39561.56
288.52	39561.31
288.59	39566.98
288.66	39566.26
288.72	39576.76
288.79	39585.70
288.86	39585.43
288.92	39579.16
288.99	39574.20
289.06	39570.65
289.12	39558.62
289.19	39556.88
289.26	39560.65
289.32	39567.61
289.39	39567.14
289.45	39575.49
289.52	39568.67
289.59	39575.54
289.65	39577.25
289.72	39577.63
289.79	39584.16
289.85	39598.61
289.92	39597.12
289.99	39597.75
290.05	39592.10
290.12	39584.10
290.19	39580.70
290.25	39574.82
290.32	39577.68
290.39	39594.46
290.45	39599.40
290.52	39604.89
290.59	39616.07
290.65	39616.61
290.72	39605.06
290.79	39604.16
290.85	39608.74
290.92	39616.89
290.98	39625.26
291.05	39641.34
291.12	39649.66
291.18	39657.38
291.25	39659.77
291.32	39657.53
291.38	39654.91
291.45	39657.30
291.52	39650.46
291.58	39650.10
291.65	39662.63
291.72	39681.17
291.78	39701.25
291.85	39726.62
291.91	39746.22
291.98	39769.51
292.05	39773.15
292.11	39785.22
292.18	39791.91
292.25	39791.44
292.31	39780.76
292.38	39786.85
292.45	39784.02
292.51	39791.13
292.58	39801.79
292.64	39814.07
292.71	39811.79
292.78	39817.10
292.84	39814.87
292.91	39825.22
292.98	39832.67
293.04	39852.69
293.11	39861.26
293.17	39872.71
293.24	39880.43
293.31	39898.08
293.37	39907.71
293.44	39910.35
293.51	39927.14
293.57	39940.22
293.64	39944.52
293.70	39958.00
293.77	39981.43
293.84	39990.11
293.90	39992.64
293.97	40001.52
294.04	40009.16
294.10	40020.88
294.17	40030.50
294.23	40048.72
294.30	40059.66
294.37	40073.38
294.43	40091.10
294.50	40099.99
294.56	40107.99
294.63	40120.97
294.70	40137.30
294.76	40138.57
294.83	40153.73
294.90	40169.00
294.96	40185.30
295.03	40197.86
295.09	40217.86
295.16	40233.98
295.23	40245.47
295.29	40254.61
295.36	40256.61
295.42	40259.60
295.49	40264.70
295.56	40284.31
295.62	40305.01
295.69	40323.19
295.75	40337.66
295.82	40357.48
295.89	40365.44
295.95	40368.31
296.02	40378.79
296.08	40382.52
296.15	40383.46
296.22	40395.08
296.28	40411.95
296.35	40428.88
296.41	40453.39
296.48	40475.10
296.55	40492.62
296.61	40506.82
296.68	40524.62
296.74	40550.26
296.81	40576.44
296.88	40592.81
296.94	40613.74
297.01	40630.86
297.07	40639.14
297.14	40646.91
297.20	40664.16
297.27	40680.00
297.34	40698.18
297.40	40717.22
297.47	40736.44
297.53	40743.66
297.60	40754.80
297.67	40765.62
297.73	40781.60
297.80	40793.99
297.86	40807.86
297.93	40821.65
298.00	40841.25
298.06	40852.99
298.13	40871.94
298.19	40894.18
298.26	40913.71
298.32	40930.25
298.39	40949.46
298.46	40962.61
298.52	40977.04
298.59	40986.51
298.65	40996.10
298.72	41012.51
298.78	41028.25
298.85	41037.80
298.92	41051.53
298.98	41067.95
299.05	41074.28
299.11	41087.00
299.18	41099.71
299.24	41111.24
299.31	41115.83
299.38	41127.86
299.44	41129.61
299.51	41148.98
299.57	41162.57
299.64	41176.34
299.70	41185.36
299.77	41197.76
299.84	41198.13
299.90	41199.52
299.97	41198.51
300.03	41208.15
300.10	41225.24
300.16	41241.92
300.23	41261.43
300.30	41280.79
300.36	41282.49
300.43	41292.82
300.49	41299.25
300.56	41314.41
300.62	41333.95
300.69	41355.03
300.75	41365.26
300.82	41383.22
300.89	41387.96
300.95	41394.36
301.02	41398.21
301.08	41395.89
301.15	41392.22
301.21	41399.27
301.28	41396.91
301.34	41402.02
301.41	41405.36
301.48	41406.23
301.54	41395.24
301.61	41391.50
301.67	41386.70
301.74	41395.10
301.80	41394.22
301.87	41395.42
301.93	41395.53
302.00	41398.45
302.06	41384.34
302.13	41370.41
302.20	41372.55
302.26	41363.91
302.33	41362.46
302.39	41361.14
302.46	41368.95
302.52	41352.95
302.59	41352.81
302.65	41344.56
302.72	41340.12
302.78	41338.20
302.85	41342.02
302.91	41333.34
302.98	41320.36
303.05	41305.04
303.11	41292.10
303.18	41281.40
303.24	41275.80
303.31	41261.89
303.37	41249.96
303.44	41234.17
303.50	41217.56
303.57	41193.72
303.63	41180.76
303.70	41174.53
303.76	41157.94
303.83	41149.58
303.89	41142.96
303.96	41133.74
304.03	41112.23
304.09	41097.66
304.16	41073.37
304.22	41047.11
304.29	41022.46
304.35	41002.61
304.42	40983.31
304.48	40964.78
304.55	40950.79
304.61	40924.88
304.68	40911.09
304.74	40894.14
304.81	40876.93
304.87	40843.69
304.94	40823.69
305.00	40785.90
305.07	40750.88
305.13	40708.65
305.20	40683.33
305.26	40660.59
305.33	40645.17
305.39	40624.09
305.46	40598.78
305.52	40573.77
305.59	40541.51
305.66	40507.61
305.72	40475.25
305.79	40447.25
305.85	40413.33
305.92	40363.59
305.98	40257.54
306.05	40042.21
306.11	39746.81
306.18	39459.92
306.24	39274.48
306.31	39235.59
306.37	39358.09
306.44	39590.82
306.50	39822.90
306.57	39965.06
306.63	40015.29
306.70	40003.31
306.76	39966.31
306.83	39917.13
306.89	39866.67
306.96	39814.75
307.02	39774.73
307.09	39734.98
307.15	39694.53
307.22	39660.14
307.28	39623.87
307.35	39576.28
307.41	39522.27
307.48	39472.78
307.54	39425.76
307.61	39375.97
307.67	39325.38
307.74	39281.78
307.80	39242.11
307.87	39196.99
307.93	39154.76
308.00	39112.75
308.06	39073.99
308.13	39026.66
308.19	38976.39
308.26	38923.47
308.32	38887.55
308.38	38849.81
308.45	38804.74
308.51	38771.50
308.58	38719.77
308.64	38648.60
308.71	38587.06
308.77	38540.05
308.84	38474.57
308.90	38446.31
308.97	38429.89
309.03	38398.90
309.10	38353.79
309.16	38308.23
309.23	38246.27
309.29	38176.61
309.36	38099.30
309.42	38033.09
309.49	37967.01
309.55	37900.71
309.62	37832.67
309.68	37782.96
309.75	37723.99
309.81	37667.60
309.88	37622.77
309.94	37564.07
310.00	37506.37
310.07	37446.70
310.13	37396.03
310.20	37326.15
310.26	37278.00
310.33	37213.90
310.39	37166.77
310.46	37112.58
310.52	37068.54
310.59	37018.83
310.65	36978.79
310.72	36918.68
310.78	36860.31
310.85	36798.50
310.91	36741.38
310.97	36679.84
311.04	36622.14
311.10	36561.85
311.17	36508.18
311.23	36452.96
311.30	36403.27
311.36	36353.87
311.43	36313.66
311.49	36256.51
311.56	36198.24
311.62	36128.23
311.69	36067.97
311.75	36005.89
311.81	35943.81
311.88	35881.94
311.94	35835.28
312.01	35789.14
312.07	35739.20
312.14	35695.35
312.20	35653.86
312.27	35598.29
312.33	35531.43
312.40	35461.91
312.46	35391.31
312.52	35326.22
312.59	35262.41
312.65	35195.87
312.72	35128.48
312.78	35066.83
312.85	34996.85
312.91	34924.65
312.98	34864.44
313.04	34810.92
313.10	34752.23
313.17	34697.09
313.23	34648.77
313.30	34593.96
313.36	34526.91
313.43	34458.11
313.49	34393.61
313.56	34319.28
313.62	34247.96
313.68	34179.64
313.75	34124.67
313.81	34065.67
313.88	34002.34
313.94	33942.04
314.01	33893.07
314.07	33834.59
314.13	33769.50
314.20	33714.59
314.26	33653.39
314.33	33582.72
314.39	33510.14
314.46	33426.34
314.52	33358.30
314.58	33288.05
314.65	33220.11
314.71	33158.33
314.78	33104.67
314.84	33040.06
314.91	32979.56
314.97	32919.20
315.03	32856.98
315.10	32796.26
315.16	32727.28
315.23	32664.23
315.29	32594.71
315.36	32531.03
315.42	32467.33
315.48	32405.80
315.55	32337.67
315.61	32266.06
315.68	32201.57
315.74	32143.04
315.81	32077.27
315.87	32007.89
315.93	31954.79
316.00	31910.81
316.06	31866.98
316.13	31836.27
316.19	31790.12
316.25	31691.55
316.32	31523.87
316.38	31305.78
316.45	31024.91
316.51	30707.37
316.58	30370.23
316.64	30016.08
316.70	29649.19
316.77	29260.28
316.83	28856.22
316.90	28431.82
316.96	27996.42
317.02	27540.92
317.09	27083.97
317.15	26611.03
317.22	26131.20
317.28	25627.36
317.34	25110.55
317.41	24581.40
317.47	24051.06
317.54	23505.16
317.60	22952.56
317.66	22397.57
317.73	21828.72
317.79	21248.03
317.86	20672.26
317.92	20095.04
317.98	19500.81
318.05	18907.41
318.11	18313.18
318.18	17720.78
318.24	17131.81
318.30	16545.87
318.37	15961.74
318.43	15375.46
318.50	14786.23
318.56	14200.78
318.62	13637.90
318.69	13076.52
318.75	12527.98
318.82	11987.23
318.88	11459.38
318.94	10932.87
319.01	10424.51
319.07	9933.41
319.13	9452.90
319.20	8986.07
319.26	8524.23
319.33	8081.83
319.39	7641.04
319.45	7230.59
319.52	6831.24
319.58	6454.59
319.65	6090.92
319.71	5746.64
319.77	5409.56
319.84	5092.14
319.90	4793.70
319.96	4507.30
320.03	4237.66
320.09	3986.87
320.16	3741.84
320.22	3516.39
320.28	3304.27
320.35	3109.60
320.41	2926.43
320.47	2762.73
320.54	2601.32
320.60	2461.06
320.67	2330.86
320.73	2209.24
320.79	2096.96
320.86	2000.88
320.92	1905.66
320.98	1822.33
321.05	1745.48
321.11	1672.32
321.18	1605.60
321.24	1547.53
321.30	1486.93
321.37	1437.06
321.43	1399.12
321.49	1357.86
321.56	1320.26
321.62	1289.73
321.68	1254.87
321.75	1219.74
321.81	1192.12
321.88	1163.03
321.94	1139.41
322.00	1117.93
322.07	1090.04
322.13	1060.92
322.19	1031.77
322.26	998.79
322.32	968.20
322.38	943.15
322.45	922.07
322.51	898.05
322.58	877.63
322.64	850.01
322.70	825.85
322.77	793.60
322.83	771.63
322.89	740.90
322.96	714.61
323.02	686.45
323.08	660.61
323.15	630.52
323.21	605.86
323.27	582.00
323.34	557.08
323.40	532.91
323.46	508.14
323.53	476.94
323.59	402.87
323.65	302.26
323.72	188.66
323.78	80.36
323.85	-18.06
323.91	-67.66
323.97	-86.03
324.04	-86.04
