180.21	3427.92
180.28	-125.50
180.36	632.20
180.44	-48.45
180.51	-17.71
180.59	5.64
180.66	32.52
180.74	31.04
180.81	30.83
180.89	33.20
180.97	34.09
181.04	32.88
181.12	31.32
181.19	31.85
181.27	32.06
181.34	48.18
181.42	53.87
181.50	61.30
181.57	72.51
181.65	77.97
181.72	72.48
181.80	68.70
181.87	69.33
181.95	69.68
182.03	69.48
182.10	72.79
182.18	75.66
182.25	81.97
182.33	84.61
182.40	95.06
182.48	94.33
182.55	109.01
182.63	117.99
182.71	125.33
182.78	134.27
182.86	148.35
182.93	149.29
183.01	149.23
183.08	144.99
183.16	142.54
183.23	134.14
183.31	141.52
183.39	148.16
183.46	168.58
183.54	179.39
183.61	206.26
183.69	226.88
183.76	260.53
183.84	287.35
183.91	316.32
183.99	357.59
184.06	388.37
184.14	419.65
184.22	463.60
184.29	497.35
184.37	508.47
184.44	526.28
184.52	514.63
184.59	458.36
184.67	404.04
184.74	353.59
184.82	319.71
184.89	315.88
184.97	359.70
185.04	429.65
185.12	499.14
185.20	578.16
185.27	653.20
185.35	740.48
185.42	799.99
185.50	863.28
185.57	918.41
185.65	961.31
185.72	1000.42
185.80	1078.25
185.87	1135.09
185.95	1201.67
186.02	1316.47
186.10	1384.96
186.17	1407.80
186.25	1397.39
186.33	1257.03
186.40	1056.85
186.48	911.55
186.55	820.09
186.63	806.06
186.70	929.64
186.78	1094.26
186.85	1235.92
186.93	1361.62
187.00	1465.30
187.08	1577.82
187.15	1682.05
187.23	1807.78
187.30	1937.04
187.38	2046.54
187.45	2164.67
187.53	2301.31
187.60	2380.31
187.68	2478.49
187.75	2623.32
187.83	2694.49
187.90	2750.00
187.98	2858.71
188.05	2888.22
188.13	2748.82
188.21	2497.17
188.28	2232.71
188.36	1970.76
188.43	1779.18
188.51	1781.59
188.58	1970.05
188.66	2178.89
188.73	2380.01
188.81	2595.37
188.88	2757.23
188.96	2919.85
189.03	3056.32
189.11	3203.75
189.18	3334.46
189.26	3446.11
189.33	3557.76
189.41	3691.48
189.48	3773.41
189.56	3867.73
189.63	3999.94
189.71	4060.04
189.78	4118.49
189.86	4218.69
189.93	4269.66
190.01	4264.33
190.08	4240.77
190.16	4057.07
190.23	3691.67
190.31	3347.16
190.38	3101.66
190.46	2958.87
190.53	3004.65
190.61	3242.66
190.68	3497.28
190.76	3721.71
190.83	3915.38
190.91	4074.24
190.98	4246.10
191.06	4388.61
191.13	4539.93
191.21	4675.06
191.28	4789.61
191.35	4903.45
191.43	5022.85
191.50	5090.24
191.58	5179.09
191.65	5277.80
191.73	5315.85
191.80	5361.34
191.88	5408.75
191.95	5403.15
192.03	5402.59
192.10	5430.66
192.18	5443.26
192.25	5432.76
192.33	5333.46
192.40	5101.56
192.48	4847.22
192.55	4646.56
192.63	4511.49
192.70	4533.66
192.78	4714.91
192.85	4944.27
192.93	5150.74
193.00	5340.66
193.08	5492.68
193.15	5649.36
193.22	5760.15
193.30	5858.66
193.37	5955.40
193.45	6016.18
193.52	6066.36
193.60	6134.03
193.67	6180.39
193.75	6223.28
193.82	6288.82
193.90	6315.43
193.97	6342.02
194.05	6380.88
194.12	6404.41
194.20	6438.81
194.27	6493.41
194.34	6540.45
194.42	6577.93
194.49	6617.58
194.57	6642.13
194.64	6614.63
194.72	6524.90
194.79	6420.69
194.87	6329.00
194.94	6251.89
195.02	6235.00
195.09	6292.06
195.17	6389.27
195.24	6483.53
195.31	6588.64
195.39	6686.96
195.46	6785.74
195.54	6869.71
195.61	6948.64
195.69	7010.42
195.76	7059.57
195.84	7109.26
195.91	7145.12
195.99	7171.77
196.06	7190.26
196.13	7217.66
196.21	7226.90
196.28	7241.17
196.36	7253.57
196.43	7255.26
196.51	7244.76
196.58	7235.41
196.66	7231.71
196.73	7242.68
196.80	7273.87
196.88	7319.08
196.95	7379.29
197.03	7440.36
197.10	7476.10
197.18	7490.00
197.25	7496.38
197.33	7500.92
197.40	7504.60
197.47	7519.71
197.55	7557.26
197.62	7599.16
197.70	7634.57
197.77	7667.20
197.85	7698.29
197.92	7715.23
197.99	7715.01
198.07	7697.81
198.14	7665.69
198.22	7643.82
198.29	7644.11
198.37	7679.65
198.44	7744.64
198.51	7829.16
198.59	7910.68
198.66	7983.35
198.74	8039.82
198.81	8084.40
198.89	8122.48
198.96	8155.85
199.03	8186.05
199.11	8217.85
199.18	8236.83
199.26	8249.31
199.33	8266.94
199.41	8284.03
199.48	8278.56
199.55	8259.38
199.63	8222.08
199.70	8190.44
199.78	8156.41
199.85	8154.61
199.93	8197.27
200.00	8282.59
200.07	8370.43
200.15	8466.16
200.22	8550.21
200.30	8612.99
200.37	8666.04
200.44	8711.13
200.52	8754.08
200.59	8797.93
200.67	8830.33
200.74	8847.40
200.81	8856.07
200.89	8853.34
200.96	8856.02
201.04	8865.11
201.11	8875.00
201.19	8866.40
201.26	8858.56
201.33	8844.81
201.41	8848.42
201.48	8878.51
201.56	8948.77
201.63	9044.18
201.70	9140.11
201.78	9229.09
201.85	9311.79
201.93	9377.48
202.00	9426.49
202.07	9473.11
202.15	9515.12
202.22	9547.93
202.30	9583.10
202.37	9615.49
202.44	9650.51
202.52	9680.59
202.59	9700.51
202.67	9711.83
202.74	9732.69
202.81	9743.12
202.89	9745.34
202.96	9753.71
203.04	9787.03
203.11	9827.83
203.18	9896.03
203.26	9986.78
203.33	10081.11
203.41	10164.70
203.48	10239.61
203.55	10295.39
203.63	10346.98
203.70	10403.78
203.77	10457.00
203.85	10505.55
203.92	10551.35
204.00	10605.42
204.07	10655.50
204.14	10706.32
204.22	10750.37
204.29	10799.15
204.37	10831.29
204.44	10856.02
204.51	10885.88
204.59	10923.60
204.66	10957.75
204.73	11005.39
204.81	11069.71
204.88	11145.67
204.96	11231.65
205.03	11320.04
205.10	11404.73
205.18	11485.03
205.25	11549.38
205.32	11616.43
205.40	11682.23
205.47	11746.50
205.55	11803.74
205.62	11867.76
205.69	11925.18
205.77	11991.22
205.84	12057.21
205.91	12131.77
205.99	12201.76
206.06	12265.59
206.14	12324.28
206.21	12391.13
206.28	12446.61
206.36	12510.86
206.43	12571.86
206.50	12643.69
206.58	12712.47
206.65	12796.96
206.72	12885.38
206.80	12982.15
206.87	13072.42
206.95	13166.14
207.02	13253.60
207.09	13332.99
207.17	13416.39
207.24	13501.98
207.31	13587.17
207.39	13674.45
207.46	13761.51
207.53	13839.39
207.61	13917.91
207.68	13992.89
207.75	14075.25
207.83	14157.95
207.90	14241.06
207.98	14316.32
208.05	14396.73
208.12	14473.09
208.20	14554.96
208.27	14645.62
208.34	14747.97
208.42	14844.56
208.49	14945.28
208.56	15038.93
208.64	15139.82
208.71	15237.51
208.78	15334.40
208.86	15436.23
208.93	15538.34
209.00	15637.83
209.08	15737.54
209.15	15844.09
209.22	15945.11
209.30	16047.84
209.37	16150.46
209.44	16255.04
209.52	16359.63
209.59	16458.28
209.67	16567.50
209.74	16672.47
209.81	16775.98
209.89	16874.59
209.96	16985.90
210.03	17090.78
210.11	17200.18
210.18	17308.30
210.25	17419.41
210.33	17529.26
210.40	17636.81
210.47	17751.27
210.55	17872.47
210.62	17988.80
210.69	18100.21
210.77	18224.82
210.84	18340.43
210.91	18467.61
210.99	18594.19
211.06	18717.09
211.13	18836.02
211.21	18954.33
211.28	19058.55
211.35	19179.01
211.42	19306.40
211.50	19426.31
211.57	19546.61
211.64	19675.30
211.72	19797.42
211.79	19919.91
211.86	20047.96
211.94	20186.43
212.01	20313.62
212.08	20441.82
212.16	20563.32
212.23	20690.95
212.30	20818.29
212.38	20946.41
212.45	21084.45
212.52	21224.59
212.60	21357.92
212.67	21489.28
212.74	21623.00
212.82	21747.34
212.89	21875.50
212.96	22005.12
213.03	22130.45
213.11	22269.02
213.18	22403.10
213.25	22542.36
213.33	22684.35
213.40	22823.02
213.47	22958.08
213.55	23099.07
213.62	23233.40
213.69	23367.80
213.77	23507.70
213.84	23644.30
213.91	23793.25
213.98	23946.24
214.06	24097.64
214.13	24253.31
214.20	24402.02
214.28	24548.29
214.35	24681.02
214.42	24820.15
214.50	24957.19
214.57	25096.15
214.64	25227.99
214.72	25378.17
214.79	25519.16
214.86	25656.76
214.93	25802.89
215.01	25953.28
215.08	26096.51
215.15	26248.32
215.23	26402.14
215.30	26552.05
215.37	26694.16
215.44	26844.98
215.52	26994.06
215.59	27139.43
215.66	27282.43
215.74	27430.79
215.81	27569.71
215.88	27715.06
215.95	27851.88
216.03	27999.17
216.10	28147.24
216.17	28301.14
216.25	28447.32
216.32	28606.88
216.39	28762.32
216.46	28914.35
216.54	29060.72
216.61	29213.52
216.68	29353.63
216.76	29499.01
216.83	29646.24
216.90	29797.05
216.97	29950.87
217.05	30116.41
217.12	30265.36
217.19	30413.66
217.27	30557.21
217.34	30685.17
217.41	30811.57
217.48	30948.08
217.56	31090.36
217.63	31240.15
217.70	31393.20
217.78	31551.87
217.85	31708.77
217.92	31857.62
217.99	32004.59
218.07	32145.70
218.14	32285.07
218.21	32434.58
218.28	32588.72
218.36	32738.96
218.43	32891.79
218.50	33045.65
218.57	33187.78
218.65	33324.92
218.72	33455.12
218.79	33591.59
218.87	33728.36
218.94	33866.80
219.01	34006.41
219.08	34148.15
219.16	34291.25
219.23	34429.96
219.30	34571.77
219.37	34709.31
219.45	34857.60
219.52	35002.31
219.59	35137.44
219.66	35262.88
219.74	35399.06
219.81	35539.34
219.88	35667.31
219.95	35809.99
220.03	35959.80
220.10	36098.29
220.17	36229.46
220.24	36370.30
220.32	36501.48
220.39	36627.31
220.46	36756.21
220.53	36878.69
220.61	36997.19
220.68	37118.73
220.75	37240.96
220.82	37367.34
220.90	37495.31
220.97	37624.36
221.04	37752.49
221.11	37872.52
221.19	37992.18
221.26	38110.83
221.33	38235.47
221.40	38361.03
221.48	38495.46
221.55	38614.34
221.62	38730.39
221.69	38845.06
221.77	38962.03
221.84	39077.39
221.91	39199.56
221.98	39326.93
222.06	39448.97
222.13	39572.17
222.20	39684.63
222.27	39799.72
222.35	39913.10
222.42	40032.56
222.49	40143.65
222.56	40262.07
222.63	40373.89
222.71	40485.53
222.78	40593.35
222.85	40693.61
222.92	40802.26
223.00	40904.37
223.07	41010.27
223.14	41113.52
223.21	41225.25
223.29	41325.98
223.36	41443.08
223.43	41548.11
223.50	41656.19
223.57	41766.01
223.65	41884.05
223.72	41991.76
223.79	42097.04
223.86	42194.57
223.94	42278.25
224.01	42352.71
224.08	42434.00
224.15	42517.01
224.22	42608.13
224.30	42697.68
224.37	42796.47
224.44	42892.30
224.51	42990.36
224.59	43072.71
224.66	43159.85
224.73	43240.85
224.80	43323.54
224.87	43408.87
224.95	43506.02
225.02	43613.36
225.09	43707.85
225.16	43800.71
225.23	43892.46
225.31	43986.81
225.38	44062.38
225.45	44157.44
225.52	44241.90
225.60	44317.27
225.67	44383.65
225.74	44458.15
225.81	44525.39
225.88	44592.49
225.96	44668.22
226.03	44737.06
226.10	44815.41
226.17	44889.69
226.24	44970.39
226.32	45047.10
226.39	45129.32
226.46	45189.56
226.53	45262.28
226.60	45342.87
226.68	45428.05
226.75	45513.90
226.82	45611.08
226.89	45695.87
226.96	45771.51
227.04	45820.16
227.11	45868.40
227.18	45923.60
227.25	45968.24
227.32	46010.46
227.40	46075.42
227.47	46145.98
227.54	46220.28
227.61	46296.08
227.68	46374.86
227.76	46452.20
227.83	46524.32
227.90	46582.58
227.97	46642.01
228.04	46693.96
228.11	46739.34
228.19	46778.61
228.26	46823.64
228.33	46869.65
228.40	46912.60
228.47	46965.78
228.55	47022.61
228.62	47077.41
228.69	47137.82
228.76	47202.16
228.83	47260.15
228.90	47317.17
228.98	47377.25
229.05	47439.77
229.12	47511.22
229.19	47570.07
229.26	47624.58
229.34	47667.82
229.41	47704.79
229.48	47733.97
229.55	47772.91
229.62	47827.87
229.69	47887.45
229.77	47943.96
229.84	47998.54
229.91	48053.34
229.98	48093.67
230.05	48132.22
230.12	48167.33
230.20	48211.35
230.27	48247.19
230.34	48286.38
230.41	48338.59
230.48	48396.51
230.55	48450.13
230.63	48509.82
230.70	48580.51
230.77	48621.56
230.84	48652.90
230.91	48678.05
230.98	48706.18
231.06	48728.66
231.13	48771.75
231.20	48832.60
231.27	48889.06
231.34	48948.56
231.41	48999.89
231.49	49044.65
231.56	49089.06
231.63	49136.43
231.70	49174.27
231.77	49213.35
231.84	49241.06
231.92	49257.15
231.99	49276.72
232.06	49306.47
232.13	49332.29
232.20	49371.60
232.27	49408.95
232.34	49441.70
232.42	49457.15
232.49	49476.74
232.56	49502.51
232.63	49539.33
232.70	49568.40
232.77	49619.36
232.85	49670.86
232.92	49712.60
232.99	49741.98
233.06	49774.59
233.13	49787.49
233.20	49791.50
233.27	49789.51
233.35	49788.71
233.42	49787.64
233.49	49800.82
233.56	49830.56
233.63	49860.35
233.70	49893.36
233.77	49937.16
233.85	49962.57
233.92	49992.54
233.99	50023.45
234.06	50048.21
234.13	50068.31
234.20	50092.15
234.27	50098.23
234.35	50101.59
234.42	50111.23
234.49	50118.33
234.56	50136.03
234.63	50140.81
234.70	50159.49
234.77	50167.93
234.84	50178.83
234.92	50175.10
234.99	50186.67
235.06	50184.19
235.13	50187.03
235.20	50181.91
235.27	50193.38
235.34	50194.45
235.41	50207.83
235.49	50215.87
235.56	50228.89
235.63	50234.01
235.70	50242.74
235.77	50236.75
235.84	50234.31
235.91	50219.48
235.98	50198.42
236.06	50180.15
236.13	50167.32
236.20	50156.04
236.27	50135.43
236.34	50126.38
236.41	50109.27
236.48	50092.16
236.55	50066.31
236.63	50063.74
236.70	50054.16
236.77	50054.95
236.84	50064.74
236.91	50079.08
236.98	50080.07
237.05	50086.47
237.12	50079.29
237.19	50059.15
237.27	50045.39
237.34	50039.57
237.41	50027.70
237.48	50016.11
237.55	50008.08
237.62	49995.48
237.69	49995.08
237.76	49989.65
237.83	49991.88
237.91	49996.99
237.98	49997.79
238.05	49978.56
238.12	49963.04
238.19	49950.46
238.26	49942.52
238.33	49933.24
238.40	49924.77
238.47	49913.14
238.54	49898.47
238.62	49880.51
238.69	49860.84
238.76	49847.11
238.83	49837.28
238.90	49825.51
238.97	49807.67
239.04	49798.65
239.11	49787.00
239.18	49777.03
239.25	49765.18
239.33	49743.61
239.40	49725.01
239.47	49703.41
239.54	49670.93
239.61	49634.99
239.68	49606.40
239.75	49583.81
239.82	49563.52
239.89	49553.32
239.96	49556.04
240.03	49562.88
240.11	49558.92
240.18	49554.37
240.25	49543.55
240.32	49527.79
240.39	49502.20
240.46	49483.98
240.53	49482.22
240.60	49480.24
240.67	49476.29
240.74	49478.72
240.81	49470.22
240.88	49450.15
240.96	49432.20
241.03	49417.71
241.10	49407.87
241.17	49403.07
241.24	49398.62
241.31	49403.16
241.38	49396.90
241.45	49384.16
241.52	49374.94
241.59	49363.96
241.66	49352.25
241.73	49339.41
241.80	49333.21
241.88	49319.10
241.95	49298.90
242.02	49267.09
242.09	49237.93
242.16	49208.67
242.23	49192.42
242.30	49180.02
242.37	49174.44
242.44	49181.52
242.51	49180.02
242.58	49175.34
242.65	49175.77
242.72	49176.90
242.79	49174.54
242.87	49178.52
242.94	49174.12
243.01	49174.52
243.08	49180.81
243.15	49184.10
243.22	49187.33
243.29	49198.61
243.36	49197.24
243.43	49195.46
243.50	49205.76
243.57	49215.91
243.64	49218.81
243.71	49226.93
243.78	49227.76
243.85	49210.96
243.92	49203.91
243.99	49196.59
244.07	49183.86
244.14	49173.21
244.21	49174.13
244.28	49160.15
244.35	49151.36
244.42	49152.12
244.49	49153.66
244.56	49155.33
244.63	49168.10
244.70	49167.85
244.77	49170.73
244.84	49178.11
244.91	49189.82
244.98	49202.73
245.05	49229.89
245.12	49251.13
245.19	49270.44
245.26	49278.29
245.33	49290.55
245.40	49316.29
245.47	49350.88
245.55	49373.72
245.62	49400.89
245.69	49406.72
245.76	49403.25
245.83	49396.80
245.90	49398.35
245.97	49402.48
246.04	49426.41
246.11	49449.02
246.18	49458.28
246.25	49467.06
246.32	49466.02
246.39	49461.45
246.46	49458.89
246.53	49476.03
246.60	49495.10
246.67	49518.77
246.74	49548.24
246.81	49573.29
246.88	49583.20
246.95	49601.73
247.02	49629.03
247.09	49651.13
247.16	49659.87
247.23	49671.84
247.30	49669.83
247.37	49659.15
247.44	49661.34
247.51	49680.66
247.58	49712.15
247.66	49756.25
247.73	49807.30
247.80	49841.68
247.87	49871.04
247.94	49898.35
248.01	49928.42
248.08	49955.21
248.15	49986.51
248.22	50019.43
248.29	50045.74
248.36	50065.18
248.43	50085.30
248.50	50103.56
248.57	50122.27
248.64	50137.01
248.71	50159.82
248.78	50190.07
248.85	50216.43
248.92	50243.41
248.99	50275.96
249.06	50296.43
249.13	50313.16
249.20	50330.55
249.27	50346.30
249.34	50357.98
249.41	50366.86
249.48	50361.02
249.55	50352.33
249.62	50360.68
249.69	50378.90
249.76	50407.24
249.83	50453.69
249.90	50511.07
249.97	50555.84
250.04	50602.58
250.11	50646.65
250.18	50671.95
250.25	50691.47
250.32	50706.65
250.39	50724.14
250.46	50741.66
250.53	50773.06
250.60	50803.51
250.67	50842.23
250.74	50867.42
250.81	50883.25
250.88	50901.03
250.95	50923.05
251.02	50939.43
251.09	50960.36
251.16	50990.01
251.23	51018.27
251.30	51040.03
251.37	51051.07
251.44	51060.14
251.51	51077.66
251.58	51093.74
251.65	51107.37
251.72	51122.98
251.79	51152.13
251.86	51167.41
251.93	51180.98
252.00	51199.21
252.07	51217.08
252.14	51227.31
252.21	51232.09
252.28	51246.19
252.35	51263.82
252.42	51293.11
252.49	51313.56
252.56	51338.74
252.63	51350.39
252.70	51362.12
252.77	51375.64
252.84	51386.43
252.91	51395.95
252.98	51419.85
253.05	51439.41
253.12	51441.61
253.19	51458.47
253.25	51480.69
253.32	51487.74
253.39	51510.40
253.46	51539.88
253.53	51562.70
253.60	51576.87
253.67	51590.69
253.74	51597.78
253.81	51619.26
253.88	51628.06
253.95	51648.76
254.02	51670.51
254.09	51689.48
254.16	51693.26
254.23	51706.68
254.30	51714.74
254.37	51730.93
254.44	51748.74
254.51	51764.35
254.58	51771.95
254.65	51781.37
254.72	51787.61
254.79	51780.04
254.86	51787.26
254.93	51790.94
255.00	51794.80
255.07	51800.69
255.14	51816.99
255.21	51811.08
255.28	51812.81
255.34	51800.68
255.41	51793.67
255.48	51785.56
255.55	51789.69
255.62	51797.56
255.69	51813.66
255.76	51819.29
255.83	51830.04
255.90	51843.86
255.97	51863.83
256.04	51868.53
256.11	51882.70
256.18	51881.98
256.25	51871.93
256.32	51852.41
256.39	51854.47
256.46	51845.47
256.53	51850.11
256.60	51852.19
256.67	51856.44
256.74	51859.05
256.80	51868.86
256.87	51873.15
256.94	51878.51
257.01	51883.74
257.08	51885.19
257.15	51876.58
257.22	51864.46
257.29	51851.16
257.36	51829.31
257.43	51806.64
257.50	51799.40
257.57	51785.41
257.64	51781.43
257.71	51770.54
257.78	51765.57
257.85	51745.30
257.92	51735.40
257.98	51718.08
258.05	51714.93
258.12	51697.49
258.19	51680.41
258.26	51659.01
258.33	51647.59
258.40	51643.01
258.47	51647.54
258.54	51658.16
258.61	51671.12
258.68	51671.72
258.75	51659.78
258.82	51652.24
258.89	51630.39
258.95	51602.36
259.02	51586.38
259.09	51565.53
259.16	51538.46
259.23	51518.28
259.30	51492.22
259.37	51468.96
259.44	51450.27
259.51	51436.73
259.58	51432.27
259.65	51422.19
259.72	51400.94
259.79	51375.05
259.85	51347.73
259.92	51305.06
259.99	51283.90
260.06	51260.83
260.13	51242.40
260.20	51207.98
260.27	51175.02
260.34	51133.26
260.41	51105.64
260.48	51076.28
260.55	51062.18
260.62	51056.52
260.68	51049.43
260.75	51021.33
260.82	51002.72
260.89	50981.76
260.96	50958.78
261.03	50932.36
261.10	50910.50
261.17	50883.31
261.24	50851.24
261.31	50819.50
261.38	50793.97
261.44	50760.59
261.51	50726.89
261.58	50689.98
261.65	50643.22
261.72	50597.67
261.79	50562.71
261.86	50529.56
261.93	50501.76
262.00	50479.04
262.07	50455.38
262.13	50430.80
262.20	50396.41
262.27	50354.44
262.34	50325.13
262.41	50295.46
262.48	50258.58
262.55	50227.91
262.62	50204.82
262.69	50158.67
262.76	50122.21
262.82	50090.60
262.89	50060.76
262.96	50038.80
263.03	50022.39
263.10	49991.43
263.17	49957.41
263.24	49918.75
263.31	49871.54
263.38	49825.43
263.44	49783.42
263.51	49732.36
263.58	49684.31
263.65	49642.87
263.72	49601.68
263.79	49561.41
263.86	49534.80
263.93	49497.79
264.00	49454.20
264.06	49425.80
264.13	49389.18
264.20	49351.69
264.27	49319.06
264.34	49274.87
264.41	49226.25
264.48	49181.77
264.55	49135.21
264.61	49092.15
264.68	49056.68
264.75	49018.51
264.82	48974.59
264.89	48932.31
264.96	48891.36
265.03	48852.64
265.10	48818.71
265.16	48780.46
265.23	48746.66
265.30	48717.36
265.37	48681.82
265.44	48632.88
265.51	48595.36
265.58	48551.84
265.65	48499.60
265.71	48455.89
265.78	48414.86
265.85	48370.67
265.92	48325.23
265.99	48282.21
266.06	48244.97
266.13	48195.66
266.20	48159.01
266.26	48118.04
266.33	48071.32
266.40	48016.86
266.47	47967.91
266.54	47898.87
266.61	47841.61
266.68	47786.86
266.74	47731.64
266.81	47685.91
266.88	47643.84
266.95	47587.37
267.02	47542.94
267.09	47495.26
267.16	47442.30
267.22	47404.21
267.29	47376.78
267.36	47342.43
267.43	47310.43
267.50	47276.59
267.57	47240.29
267.64	47203.91
267.70	47161.72
267.77	47119.92
267.84	47085.84
267.91	47036.99
267.98	46977.01
268.05	46927.98
268.11	46887.58
268.18	46831.67
268.25	46780.49
268.32	46741.16
268.39	46696.41
268.46	46648.49
268.53	46613.93
268.59	46587.17
268.66	46558.70
268.73	46524.89
268.80	46484.00
268.87	46431.85
268.94	46380.50
269.00	46331.39
269.07	46286.90
269.14	46260.26
269.21	46231.97
269.28	46194.93
269.35	46150.53
269.41	46111.66
269.48	46052.78
269.55	45997.15
269.62	45950.04
269.69	45911.22
269.76	45864.88
269.82	45822.09
269.89	45801.57
269.96	45773.52
270.03	45736.46
270.10	45709.93
270.17	45676.65
270.23	45635.37
270.30	45589.87
270.37	45565.47
270.44	45530.93
270.51	45500.62
270.58	45465.15
270.64	45444.43
270.71	45397.27
270.78	45361.51
270.85	45327.25
270.92	45293.22
270.99	45248.36
271.05	45218.61
271.12	45174.20
271.19	45133.71
271.26	45086.09
271.33	45046.96
271.39	45007.83
271.46	44966.02
271.53	44926.95
271.60	44906.56
271.67	44881.80
271.74	44848.29
271.80	44822.05
271.87	44804.46
271.94	44771.35
272.01	44734.20
272.08	44706.55
272.14	44674.26
272.21	44638.07
272.28	44612.89
272.35	44592.46
272.42	44564.42
272.48	44542.78
272.55	44517.88
272.62	44490.64
272.69	44466.78
272.76	44455.66
272.83	44432.06
272.89	44398.63
272.96	44370.39
273.03	44338.69
273.10	44298.26
273.17	44270.46
273.23	44253.16
273.30	44232.82
273.37	44210.41
273.44	44188.51
273.51	44166.93
273.57	44147.32
273.64	44121.52
273.71	44100.85
273.78	44074.92
273.85	44052.60
273.91	44027.53
273.98	44007.24
274.05	43985.02
274.12	43972.86
274.19	43956.23
274.25	43934.97
274.32	43909.64
274.39	43869.82
274.46	43823.08
274.53	43773.68
274.59	43722.78
274.66	43685.38
274.73	43667.68
274.80	43646.14
274.86	43625.26
274.93	43606.86
275.00	43568.73
275.07	43523.90
275.14	43489.41
275.20	43461.18
275.27	43435.85
275.34	43421.30
275.41	43413.06
275.48	43398.23
275.54	43379.61
275.61	43358.68
275.68	43336.91
275.75	43307.61
275.81	43275.49
275.88	43249.72
275.95	43222.57
276.02	43188.17
276.09	43160.14
276.15	43138.78
276.22	43115.62
276.29	43103.74
276.36	43078.05
276.42	43054.60
276.49	43027.25
276.56	42999.16
276.63	42959.87
276.70	42940.87
276.76	42919.50
276.83	42902.56
276.90	42878.63
276.97	42856.38
277.03	42833.79
277.10	42810.17
277.17	42789.79
277.24	42778.26
277.30	42767.39
277.37	42754.53
277.44	42744.99
277.51	42724.59
277.58	42698.03
277.64	42673.18
277.71	42649.32
277.78	42623.50
277.85	42601.16
277.91	42575.08
277.98	42553.07
278.05	42527.50
278.12	42508.25
278.18	42489.89
278.25	42471.48
278.32	42446.76
278.39	42431.61
278.45	42406.67
278.52	42385.11
278.59	42365.57
278.66	42351.21
278.72	42336.13
278.79	42320.24
278.86	42302.72
278.93	42294.14
278.99	42273.34
279.06	42252.04
279.13	42222.47
279.20	42204.06
279.26	42179.61
279.33	42160.38
279.40	42127.48
279.47	42111.66
279.53	42083.42
279.60	42052.04
279.67	42030.06
279.74	42011.31
279.80	41992.32
279.87	41979.83
279.94	41965.69
280.01	41950.35
280.07	41938.61
280.14	41917.41
280.21	41889.16
280.28	41862.72
280.34	41828.96
280.41	41795.16
280.48	41762.83
280.55	41739.02
280.61	41713.90
280.68	41693.48
280.75	41668.61
280.82	41637.85
280.88	41601.27
280.95	41551.24
281.02	41494.53
281.08	41423.03
281.15	41356.06
281.22	41284.41
281.29	41229.56
281.35	41176.62
281.42	41145.50
281.49	41111.65
281.56	41086.89
281.62	41058.81
281.69	41021.56
281.76	40987.93
281.82	40954.04
281.89	40915.43
281.96	40887.12
282.03	40867.50
282.09	40840.60
282.16	40816.71
282.23	40796.10
282.30	40774.66
282.36	40748.81
282.43	40721.94
282.50	40710.60
282.56	40683.86
282.63	40653.52
282.70	40631.34
282.77	40617.81
282.83	40594.73
282.90	40576.38
282.97	40552.49
283.03	40523.27
283.10	40497.84
283.17	40474.45
283.24	40449.93
283.30	40430.53
283.37	40409.36
283.44	40384.91
283.50	40350.81
283.57	40331.29
283.64	40300.54
283.71	40264.62
283.77	40215.83
283.84	40182.63
283.91	40139.57
283.97	40118.58
284.04	40127.65
284.11	40147.37
284.18	40158.07
284.24	40172.02
284.31	40176.97
284.38	40166.81
284.44	40151.82
284.51	40129.30
284.58	40107.74
284.64	40089.20
284.71	40078.01
284.78	40062.60
284.85	40054.74
284.91	40049.54
284.98	40037.67
285.05	40002.95
285.11	39984.07
285.18	39962.66
285.25	39949.26
285.31	39944.12
285.38	39951.39
285.45	39947.79
285.52	39948.88
285.58	39940.22
285.65	39920.68
285.72	39897.67
285.78	39879.16
285.85	39863.77
285.92	39842.25
285.98	39825.92
286.05	39818.57
286.12	39809.60
286.18	39795.42
286.25	39794.88
286.32	39791.89
286.39	39787.99
286.45	39780.47
286.52	39773.82
286.59	39762.65
286.65	39756.31
286.72	39754.43
286.79	39745.70
286.85	39732.34
286.92	39718.03
286.99	39705.81
287.05	39680.37
287.12	39673.46
287.19	39668.66
287.25	39668.41
287.32	39664.92
287.39	39669.40
287.45	39666.43
287.52	39670.35
287.59	39669.61
287.65	39670.42
287.72	39655.58
287.79	39641.68
287.86	39622.39
287.92	39602.36
287.99	39584.77
288.06	39589.10
288.12	39589.86
288.19	39587.90
288.26	39578.06
288.32	39569.57
288.39	39552.68
288.46	39541.66
288.52	39541.15
288.59	39549.03
288.66	39556.32
288.72	39557.86
288.79	39569.18
288.86	39575.06
288.92	39575.26
288.99	39568.75
289.06	39564.66
289.12	39556.97
289.19	39553.83
289.26	39556.09
289.32	39563.75
289.39	39571.77
289.45	39575.84
289.52	39568.43
289.59	39568.92
289.65	39570.62
289.72	39574.33
289.79	39587.41
289.85	39609.31
289.92	39611.83
289.99	39615.94
290.05	39620.06
290.12	39604.91
290.19	39590.26
290.25	39584.96
290.32	39579.90
290.39	39575.59
290.45	39578.48
290.52	39578.40
290.59	39587.27
290.65	39587.19
290.72	39587.13
290.79	39583.14
290.85	39590.31
290.92	39604.09
290.98	39620.24
291.05	39637.60
291.12	39650.01
291.18	39664.77
291.25	39668.55
291.32	39664.66
291.38	39660.78
291.45	39666.51
291.52	39657.90
291.58	39650.47
291.65	39659.16
291.72	39679.37
291.78	39701.75
291.85	39723.44
291.91	39742.77
291.98	39766.27
292.05	39767.96
292.11	39773.38
292.18	39779.75
292.25	39788.76
292.31	39777.11
292.38	39782.79
292.45	39783.96
292.51	39790.41
292.58	39792.07
292.64	39809.47
292.71	39813.95
292.78	39822.85
292.84	39822.15
292.91	39830.44
292.98	39834.73
293.04	39847.97
293.11	39855.69
293.17	39870.15
293.24	39883.83
293.31	39896.14
293.37	39904.91
293.44	39905.77
293.51	39920.26
293.57	39928.01
293.64	39937.59
293.70	39955.12
293.77	39977.95
293.84	39986.15
293.90	39993.25
293.97	40001.78
294.04	40014.32
294.10	40021.51
294.17	40033.75
294.23	40052.42
294.30	40064.18
294.37	40069.57
294.43	40087.04
294.50	40093.98
294.56	40100.00
294.63	40111.54
294.70	40118.80
294.76	40131.35
294.83	40147.88
294.90	40164.55
294.96	40180.42
295.03	40196.71
295.09	40206.61
295.16	40221.26
295.23	40227.26
295.29	40236.84
295.36	40244.76
295.42	40250.20
295.49	40258.81
295.56	40286.11
295.62	40306.31
295.69	40320.06
295.75	40341.12
295.82	40353.90
295.89	40355.98
295.95	40363.97
296.02	40378.44
296.08	40385.11
296.15	40391.50
296.22	40401.04
296.28	40415.91
296.35	40441.01
296.41	40453.52
296.48	40472.03
296.55	40491.95
296.61	40507.00
296.68	40519.41
296.74	40548.30
296.81	40576.14
296.88	40599.05
296.94	40615.05
297.01	40629.11
297.07	40639.31
297.14	40652.57
297.20	40664.66
297.27	40683.42
297.34	40702.22
297.40	40725.05
297.47	40738.15
297.53	40748.77
297.60	40768.71
297.67	40779.14
297.73	40791.11
297.80	40807.01
297.86	40817.04
297.93	40824.04
298.00	40836.92
298.06	40847.87
298.13	40867.77
298.19	40889.83
298.26	40906.92
298.32	40932.33
298.39	40948.96
298.46	40952.85
298.52	40967.70
298.59	40974.92
298.65	40982.34
298.72	40998.00
298.78	41015.78
298.85	41026.65
298.92	41044.69
298.98	41057.19
299.05	41065.58
299.11	41084.03
299.18	41099.90
299.24	41113.21
299.31	41118.21
299.38	41129.62
299.44	41132.58
299.51	41144.28
299.57	41149.68
299.64	41171.53
299.70	41186.17
299.77	41197.89
299.84	41205.06
299.90	41212.24
299.97	41208.50
300.03	41214.62
300.10	41231.08
300.16	41245.87
300.23	41257.89
300.30	41274.87
300.36	41280.62
300.43	41292.60
300.49	41298.26
300.56	41322.68
300.62	41336.57
300.69	41352.73
300.75	41358.60
300.82	41374.76
300.89	41376.79
300.95	41391.54
301.02	41397.04
301.08	41404.11
301.15	41396.86
301.21	41398.63
301.28	41394.51
301.34	41400.83
301.41	41391.17
301.48	41395.08
301.54	41386.75
301.61	41386.29
301.67	41380.96
301.74	41390.16
301.80	41391.31
301.87	41392.94
301.93	41387.14
302.00	41389.24
302.06	41376.73
302.13	41367.66
302.20	41369.64
302.26	41362.96
302.33	41357.60
302.39	41355.65
302.46	41354.84
302.52	41338.88
302.59	41340.87
302.65	41339.03
302.72	41335.14
302.78	41333.03
302.85	41336.62
302.91	41320.32
302.98	41304.97
303.05	41298.01
303.11	41287.31
303.18	41279.56
303.24	41274.06
303.31	41261.52
303.37	41245.19
303.44	41237.06
303.50	41219.24
303.57	41202.20
303.63	41186.81
303.70	41180.87
303.76	41157.16
303.83	41147.24
303.89	41140.68
303.96	41133.43
304.03	41113.82
304.09	41097.70
304.16	41072.52
304.22	41047.64
304.29	41023.24
304.35	40999.96
304.42	40985.61
304.48	40967.76
304.55	40946.46
304.61	40922.53
304.68	40902.72
304.74	40880.50
304.81	40863.69
304.87	40837.31
304.94	40813.79
305.00	40787.52
305.07	40755.25
305.13	40720.54
305.20	40691.17
305.26	40666.58
305.33	40645.83
305.39	40620.24
305.46	40582.07
305.52	40556.28
305.59	40527.82
305.66	40491.61
305.72	40464.21
305.79	40443.88
305.85	40413.47
305.92	40357.76
305.98	40254.37
306.05	40038.70
306.11	39744.67
306.18	39453.48
306.24	39274.48
306.31	39232.23
306.37	39353.94
306.44	39583.62
306.50	39820.81
306.57	39962.39
306.63	40017.21
306.70	40010.24
306.76	39972.20
306.83	39922.55
306.89	39864.61
306.96	39813.43
307.02	39763.64
307.09	39726.84
307.15	39687.14
307.22	39662.46
307.28	39625.74
307.35	39586.80
307.41	39539.24
307.48	39488.01
307.54	39436.01
307.61	39384.24
307.67	39332.05
307.74	39280.05
307.80	39239.56
307.87	39195.78
307.93	39154.88
308.00	39115.36
308.06	39073.08
308.13	39025.58
308.19	38974.73
308.26	38921.89
308.32	38881.12
308.38	38837.54
308.45	38793.13
308.51	38753.65
308.58	38700.86
308.64	38635.88
308.71	38586.06
308.77	38538.40
308.84	38481.84
308.90	38454.06
308.97	38431.53
309.03	38404.11
309.10	38363.21
309.16	38315.91
309.23	38252.91
309.29	38183.56
309.36	38097.41
309.42	38018.01
309.49	37951.76
309.55	37881.57
309.62	37818.04
309.68	37770.38
309.75	37715.15
309.81	37659.11
309.88	37613.73
309.94	37562.57
310.00	37504.42
310.07	37450.32
310.13	37400.69
310.20	37341.46
310.26	37288.24
310.33	37232.81
310.39	37189.22
310.46	37137.15
310.52	37088.17
310.59	37035.53
310.65	36986.16
310.72	36926.96
310.78	36869.53
310.85	36808.83
310.91	36747.84
310.97	36694.44
311.04	36636.38
311.10	36575.87
311.17	36520.17
311.23	36465.31
311.30	36403.45
311.36	36355.56
311.43	36308.60
311.49	36255.10
311.56	36199.38
311.62	36137.81
311.69	36071.62
311.75	36015.83
311.81	35954.58
311.88	35888.86
311.94	35840.79
312.01	35799.52
312.07	35740.41
312.14	35693.53
312.20	35659.43
312.27	35606.01
312.33	35532.54
312.40	35469.20
312.46	35397.10
312.52	35328.50
312.59	35268.99
312.65	35211.99
312.72	35148.41
312.78	35085.66
312.85	35010.53
312.91	34930.20
312.98	34862.29
313.04	34802.06
313.10	34748.04
313.17	34693.38
313.23	34642.73
313.30	34585.97
313.36	34519.18
313.43	34447.21
313.49	34380.05
313.56	34309.07
313.62	34234.14
313.68	34169.98
313.75	34114.77
313.81	34058.99
313.88	33999.01
313.94	33945.80
314.01	33889.98
314.07	33836.95
314.13	33775.29
314.20	33717.85
314.26	33654.26
314.33	33585.40
314.39	33508.51
314.46	33429.00
314.52	33360.50
314.58	33291.56
314.65	33227.27
314.71	33159.29
314.78	33099.88
314.84	33035.50
314.91	32972.52
314.97	32911.40
315.03	32852.40
315.10	32798.50
315.16	32729.79
315.23	32668.49
315.29	32602.35
315.36	32538.00
315.42	32466.53
315.48	32403.03
315.55	32337.56
315.61	32262.36
315.68	32198.07
315.74	32138.45
315.81	32070.06
315.87	31994.91
315.93	31945.70
316.00	31900.68
316.06	31860.75
316.13	31837.96
316.19	31795.16
316.25	31691.18
316.32	31528.90
316.38	31310.20
316.45	31027.52
316.51	30716.97
316.58	30387.45
316.64	30033.27
316.70	29664.12
316.77	29276.76
316.83	28864.17
316.90	28438.32
316.96	28001.14
317.02	27548.85
317.09	27087.04
317.15	26616.07
317.22	26130.91
317.28	25627.78
317.34	25111.01
317.41	24584.99
317.47	24052.38
317.54	23505.22
317.60	22954.06
317.66	22393.90
317.73	21824.59
317.79	21249.17
317.86	20676.36
317.92	20096.00
317.98	19506.59
318.05	18911.78
318.11	18315.63
318.18	17726.15
318.24	17135.65
318.30	16550.23
318.37	15967.93
318.43	15383.20
318.50	14794.94
318.56	14209.50
318.62	13638.36
318.69	13076.34
318.75	12524.57
318.82	11977.68
318.88	11452.78
318.94	10932.13
319.01	10422.55
319.07	9929.69
319.13	9447.46
319.20	8974.96
319.26	8515.84
319.33	8071.62
319.39	7636.75
319.45	7232.31
319.52	6840.91
319.58	6461.72
319.65	6099.32
319.71	5752.43
319.77	5412.91
319.84	5094.51
319.90	4795.35
319.96	4508.72
320.03	4240.68
320.09	3989.52
320.16	3742.99
320.22	3518.95
320.28	3308.81
320.35	3111.71
320.41	2927.95
320.47	2764.39
320.54	2603.25
320.60	2461.42
320.67	2331.47
320.73	2211.61
320.79	2097.27
320.86	1999.96
320.92	1905.80
320.98	1821.08
321.05	1743.06
321.11	1671.00
321.18	1604.13
321.24	1545.65
321.30	1486.40
321.37	1436.58
321.43	1397.04
321.49	1356.92
321.56	1318.68
321.62	1288.61
321.68	1253.69
321.75	1220.78
321.81	1192.48
321.88	1164.04
321.94	1140.06
322.00	1117.75
322.07	1089.04
322.13	1061.13
322.19	1031.81
322.26	997.84
322.32	968.82
322.38	943.96
322.45	921.99
322.51	897.93
322.58	879.43
322.64	851.02
322.70	827.17
322.77	795.74
322.83	774.77
322.89	742.96
322.96	716.92
323.02	689.04
323.08	661.40
323.15	631.43
323.21	607.27
323.27	583.07
323.34	557.41
323.40	534.45
323.46	508.83
323.53	476.85
323.59	402.72
323.65	302.64
323.72	188.80
323.78	80.05
323.85	-18.09
323.91	-67.62
323.97	-86.26
324.04	-86.06
