180.21	3427.80
180.28	-125.80
180.36	632.19
180.44	-48.38
180.51	-17.84
180.59	5.57
180.66	32.65
180.74	30.88
180.81	30.78
180.89	32.98
180.97	34.21
181.04	32.14
181.12	30.73
181.19	30.89
181.27	31.54
181.34	47.04
181.42	54.14
181.50	61.55
181.57	72.42
181.65	78.26
181.72	73.23
181.80	68.60
181.87	68.80
181.95	69.29
182.03	68.74
182.10	71.93
182.18	74.84
182.25	81.88
182.33	85.07
182.40	94.97
182.48	94.38
182.55	109.38
182.63	117.78
182.71	125.02
182.78	133.83
182.86	147.98
182.93	148.11
183.01	147.80
183.08	143.13
183.16	141.52
183.23	132.64
183.31	139.81
183.39	147.44
183.46	168.24
183.54	178.48
183.61	205.85
183.69	226.41
183.76	258.92
183.84	286.09
183.91	314.99
183.99	356.05
184.06	388.02
184.14	420.84
184.22	464.56
184.29	497.86
184.37	508.77
184.44	527.02
184.52	515.12
184.59	459.20
184.67	406.12
184.74	355.93
184.82	321.30
184.89	317.03
184.97	360.78
185.04	430.58
185.12	499.89
185.20	577.89
185.27	651.67
185.35	738.01
185.42	796.38
185.50	858.25
185.57	913.97
185.65	958.55
185.72	998.11
185.80	1077.22
185.87	1135.22
185.95	1203.62
186.02	1318.21
186.10	1387.96
186.17	1411.76
186.25	1402.73
186.33	1261.04
186.40	1061.74
186.48	914.78
186.55	822.37
186.63	807.61
186.70	931.03
186.78	1093.98
186.85	1235.90
186.93	1360.09
187.00	1463.41
187.08	1576.16
187.15	1680.98
187.23	1804.30
187.30	1934.06
187.38	2043.95
187.45	2161.34
187.53	2296.53
187.60	2377.19
187.68	2476.39
187.75	2622.33
187.83	2695.98
187.90	2754.21
187.98	2864.46
188.05	2892.68
188.13	2751.02
188.21	2495.45
188.28	2229.99
188.36	1967.34
188.43	1776.14
188.51	1779.56
188.58	1970.21
188.66	2180.61
188.73	2382.24
188.81	2596.13
188.88	2757.55
188.96	2916.96
189.03	3051.96
189.11	3199.64
189.18	3335.03
189.26	3447.01
189.33	3561.81
189.41	3695.04
189.48	3777.03
189.56	3867.99
189.63	4000.73
189.71	4061.23
189.78	4117.32
189.86	4217.64
189.93	4268.85
190.01	4263.57
190.08	4238.20
190.16	4055.26
190.23	3688.93
190.31	3345.45
190.38	3099.77
190.46	2958.20
190.53	3005.08
190.61	3242.72
190.68	3496.17
190.76	3721.09
190.83	3914.08
190.91	4069.89
190.98	4241.88
191.06	4384.81
191.13	4533.62
191.21	4669.34
191.28	4789.32
191.35	4905.37
191.43	5024.55
191.50	5092.65
191.58	5183.08
191.65	5278.90
191.73	5314.53
191.80	5361.19
191.88	5410.01
191.95	5403.90
192.03	5405.36
192.10	5432.61
192.18	5445.27
192.25	5433.13
192.33	5330.96
192.40	5099.60
192.48	4846.07
192.55	4640.96
192.63	4508.42
192.70	4532.32
192.78	4713.73
192.85	4945.95
192.93	5156.71
193.00	5344.78
193.08	5498.16
193.15	5653.56
193.22	5760.51
193.30	5856.04
193.37	5949.97
193.45	6009.30
193.52	6058.78
193.60	6127.31
193.67	6180.53
193.75	6225.82
193.82	6290.17
193.90	6316.39
193.97	6343.78
194.05	6378.03
194.12	6402.99
194.20	6440.32
194.27	6496.66
194.34	6542.62
194.42	6576.61
194.49	6615.05
194.57	6639.26
194.64	6611.15
194.72	6521.31
194.79	6419.53
194.87	6326.55
194.94	6250.53
195.02	6232.14
195.09	6290.50
195.17	6388.31
195.24	6481.93
195.31	6584.72
195.39	6681.07
195.46	6780.03
195.54	6864.72
195.61	6951.51
195.69	7013.06
195.76	7064.84
195.84	7114.10
195.91	7151.57
195.99	7168.52
196.06	7188.20
196.13	7214.65
196.21	7222.08
196.28	7232.05
196.36	7247.93
196.43	7247.43
196.51	7236.59
196.58	7229.23
196.66	7226.14
196.73	7237.70
196.80	7272.06
196.88	7322.39
196.95	7383.62
197.03	7445.25
197.10	7484.09
197.18	7498.33
197.25	7500.65
197.33	7504.90
197.40	7513.56
197.47	7526.55
197.55	7560.59
197.62	7603.28
197.70	7635.23
197.77	7665.68
197.85	7696.19
197.92	7718.52
197.99	7720.52
198.07	7700.73
198.14	7665.03
198.22	7645.50
198.29	7642.17
198.37	7677.71
198.44	7746.32
198.51	7830.41
198.59	7910.48
198.66	7984.49
198.74	8036.99
198.81	8082.72
198.89	8119.68
198.96	8152.88
199.03	8179.32
199.11	8208.26
199.18	8229.20
199.26	8245.72
199.33	8265.43
199.41	8282.56
199.48	8279.54
199.55	8258.74
199.63	8222.35
199.70	8187.77
199.78	8152.93
199.85	8150.54
199.93	8192.37
200.00	8277.40
200.07	8365.48
200.15	8463.13
200.22	8549.76
200.30	8615.30
200.37	8669.76
200.44	8715.39
200.52	8758.56
200.59	8803.23
200.67	8834.03
200.74	8847.44
200.81	8855.07
200.89	8855.53
200.96	8859.25
201.04	8864.28
201.11	8871.99
201.19	8861.94
201.26	8849.06
201.33	8831.94
201.41	8839.97
201.48	8873.93
201.56	8944.90
201.63	9041.22
201.70	9133.59
201.78	9217.09
201.85	9296.36
201.93	9362.87
202.00	9411.38
202.07	9465.10
202.15	9511.73
202.22	9545.62
202.30	9583.04
202.37	9619.17
202.44	9651.00
202.52	9677.71
202.59	9700.13
202.67	9711.54
202.74	9732.75
202.81	9750.65
202.89	9751.81
202.96	9761.00
203.04	9792.38
203.11	9830.44
203.18	9896.04
203.26	9989.74
203.33	10083.00
203.41	10166.41
203.48	10242.18
203.55	10295.08
203.63	10351.59
203.70	10409.30
203.77	10462.98
203.85	10512.49
203.92	10556.75
204.00	10607.80
204.07	10652.46
204.14	10700.12
204.22	10741.90
204.29	10792.36
204.37	10823.18
204.44	10853.78
204.51	10891.19
204.59	10934.19
204.66	10969.78
204.73	11019.18
204.81	11081.96
204.88	11155.38
204.96	11234.51
205.03	11322.18
205.10	11405.53
205.18	11480.90
205.25	11543.30
205.32	11610.75
205.40	11676.03
205.47	11742.50
205.55	11808.46
205.62	11869.90
205.69	11930.51
205.77	11996.99
205.84	12062.68
205.91	12128.99
205.99	12202.87
206.06	12270.36
206.14	12329.79
206.21	12396.90
206.28	12457.71
206.36	12516.71
206.43	12575.41
206.50	12645.13
206.58	12713.38
206.65	12797.54
206.72	12889.34
206.80	12986.32
206.87	13074.79
206.95	13166.32
207.02	13253.17
207.09	13335.79
207.17	13414.54
207.24	13499.84
207.31	13587.13
207.39	13672.13
207.46	13753.20
207.53	13834.92
207.61	13917.03
207.68	13991.89
207.75	14074.26
207.83	14159.03
207.90	14240.48
207.98	14314.62
208.05	14393.98
208.12	14467.21
208.20	14550.85
208.27	14642.43
208.34	14747.16
208.42	14845.49
208.49	14951.52
208.56	15043.35
208.64	15139.78
208.71	15229.57
208.78	15324.63
208.86	15427.59
208.93	15533.01
209.00	15638.38
209.08	15739.06
209.15	15844.44
209.22	15944.96
209.30	16048.29
209.37	16148.15
209.44	16257.99
209.52	16365.05
209.59	16462.44
209.67	16564.81
209.74	16668.29
209.81	16769.83
209.89	16867.17
209.96	16977.27
210.03	17086.32
210.11	17194.17
210.18	17300.26
210.25	17412.32
210.33	17522.81
210.40	17636.15
210.47	17753.11
210.55	17879.37
210.62	17999.37
210.69	18110.28
210.77	18228.02
210.84	18339.61
210.91	18463.55
210.99	18583.47
211.06	18708.31
211.13	18827.97
211.21	18956.28
211.28	19066.96
211.35	19189.00
211.42	19315.21
211.50	19438.79
211.57	19560.22
211.64	19686.71
211.72	19810.64
211.79	19932.17
211.86	20056.08
211.94	20191.03
212.01	20316.52
212.08	20447.22
212.16	20575.11
212.23	20703.08
212.30	20827.75
212.38	20960.85
212.45	21094.51
212.52	21231.33
212.60	21357.61
212.67	21489.20
212.74	21619.77
212.82	21745.47
212.89	21873.94
212.96	22017.29
213.03	22148.02
213.11	22282.72
213.18	22418.58
213.25	22558.20
213.33	22691.23
213.40	22822.75
213.47	22955.91
213.55	23093.71
213.62	23229.31
213.69	23368.60
213.77	23515.02
213.84	23654.50
213.91	23806.55
213.98	23954.82
214.06	24103.02
214.13	24257.34
214.20	24411.18
214.28	24552.43
214.35	24695.98
214.42	24834.76
214.50	24969.82
214.57	25103.91
214.64	25239.84
214.72	25378.08
214.79	25522.07
214.86	25664.99
214.93	25808.18
215.01	25957.18
215.08	26096.95
215.15	26244.05
215.23	26387.82
215.30	26541.64
215.37	26683.22
215.44	26836.32
215.52	26991.18
215.59	27142.21
215.66	27283.88
215.74	27432.40
215.81	27575.41
215.88	27715.46
215.95	27851.20
216.03	27997.03
216.10	28145.04
216.17	28298.94
216.25	28444.56
216.32	28606.51
216.39	28763.33
216.46	28920.17
216.54	29067.26
216.61	29225.89
216.68	29367.52
216.76	29515.00
216.83	29651.26
216.90	29803.14
216.97	29953.57
217.05	30110.89
217.12	30262.83
217.19	30424.09
217.27	30567.29
217.34	30698.39
217.41	30828.96
217.48	30960.39
217.56	31094.15
217.63	31245.17
217.70	31397.87
217.78	31556.05
217.85	31714.12
217.92	31862.78
217.99	32006.64
218.07	32149.93
218.14	32286.41
218.21	32431.87
218.28	32583.35
218.36	32727.15
218.43	32874.23
218.50	33035.78
218.57	33182.85
218.65	33324.12
218.72	33465.27
218.79	33606.98
218.87	33734.70
218.94	33873.91
219.01	34016.33
219.08	34155.73
219.16	34296.23
219.23	34432.88
219.30	34566.07
219.37	34705.22
219.45	34851.98
219.52	34993.74
219.59	35135.55
219.66	35264.82
219.74	35396.22
219.81	35534.81
219.88	35668.54
219.95	35813.19
220.03	35970.69
220.10	36111.64
220.17	36241.34
220.24	36376.35
220.32	36504.56
220.39	36623.67
220.46	36749.47
220.53	36879.96
220.61	37006.86
220.68	37130.20
220.75	37257.41
220.82	37390.83
220.90	37513.99
220.97	37635.58
221.04	37757.52
221.11	37872.59
221.19	37986.96
221.26	38106.04
221.33	38231.90
221.40	38372.20
221.48	38499.07
221.55	38623.54
221.62	38735.50
221.69	38848.70
221.77	38957.79
221.84	39087.80
221.91	39204.94
221.98	39334.04
222.06	39454.13
222.13	39576.33
222.20	39685.63
222.27	39803.27
222.35	39923.05
222.42	40047.37
222.49	40157.19
222.56	40270.47
222.63	40377.74
222.71	40479.20
222.78	40584.50
222.85	40696.70
222.92	40807.98
223.00	40922.16
223.07	41035.89
223.14	41139.71
223.21	41235.16
223.29	41334.46
223.36	41437.50
223.43	41544.28
223.50	41654.10
223.57	41767.46
223.65	41882.67
223.72	41984.40
223.79	42085.18
223.86	42176.97
223.94	42262.58
224.01	42339.77
224.08	42432.77
224.15	42515.41
224.22	42611.83
224.30	42701.78
224.37	42796.13
224.44	42889.75
224.51	42982.43
224.59	43060.36
224.66	43149.22
224.73	43236.59
224.80	43326.68
224.87	43415.17
224.95	43514.88
225.02	43615.99
225.09	43717.35
225.16	43807.58
225.23	43903.76
225.31	43995.53
225.38	44068.24
225.45	44144.93
225.52	44224.10
225.60	44300.94
225.67	44375.33
225.74	44453.81
225.81	44534.02
225.88	44611.37
225.96	44689.47
226.03	44764.25
226.10	44849.87
226.17	44929.45
226.24	45004.83
226.32	45081.49
226.39	45160.71
226.46	45228.58
226.53	45294.24
226.60	45371.02
226.68	45453.34
226.75	45536.90
226.82	45623.68
226.89	45707.46
226.96	45778.13
227.04	45821.82
227.11	45865.85
227.18	45913.81
227.25	45958.88
227.32	46006.13
227.40	46079.92
227.47	46149.73
227.54	46226.60
227.61	46303.97
227.68	46380.47
227.76	46450.31
227.83	46524.25
227.90	46586.75
227.97	46650.93
228.04	46711.27
228.11	46763.04
228.19	46799.80
228.26	46838.31
228.33	46882.96
228.40	46926.51
228.47	46971.06
228.55	47028.63
228.62	47093.18
228.69	47151.09
228.76	47207.89
228.83	47271.55
228.90	47332.95
228.98	47386.26
229.05	47447.52
229.12	47517.43
229.19	47577.58
229.26	47636.39
229.34	47684.52
229.41	47721.11
229.48	47753.40
229.55	47789.15
229.62	47834.68
229.69	47895.64
229.77	47954.45
229.84	48011.30
229.91	48062.36
229.98	48101.21
230.05	48133.25
230.12	48170.55
230.20	48210.77
230.27	48255.95
230.34	48303.77
230.41	48356.06
230.48	48409.47
230.55	48462.73
230.63	48516.45
230.70	48571.57
230.77	48613.87
230.84	48647.55
230.91	48676.78
230.98	48710.18
231.06	48742.50
231.13	48793.44
231.20	48851.88
231.27	48910.45
231.34	48968.87
231.41	49022.62
231.49	49066.23
231.56	49107.55
231.63	49146.85
231.70	49178.63
231.77	49211.78
231.84	49238.83
231.92	49262.81
231.99	49288.41
232.06	49313.83
232.13	49341.89
232.20	49378.93
232.27	49412.55
232.34	49438.64
232.42	49468.27
232.49	49494.28
232.56	49518.74
232.63	49556.25
232.70	49593.86
232.77	49637.11
232.85	49684.02
232.92	49725.16
232.99	49743.29
233.06	49772.10
233.13	49788.50
233.20	49793.13
233.27	49788.07
233.35	49804.07
233.42	49811.61
233.49	49823.79
233.56	49850.21
233.63	49888.53
233.70	49914.64
233.77	49943.88
233.85	49976.78
233.92	50012.29
233.99	50038.18
234.06	50061.57
234.13	50085.20
234.20	50105.43
234.27	50111.07
234.35	50117.26
234.42	50123.53
234.49	50137.39
234.56	50148.05
234.63	50150.75
234.70	50166.90
234.77	50182.94
234.84	50191.58
234.92	50196.21
234.99	50205.01
235.06	50197.53
235.13	50191.17
235.20	50185.78
235.27	50192.14
235.34	50194.29
235.41	50207.17
235.49	50218.70
235.56	50227.74
235.63	50225.90
235.70	50235.26
235.77	50234.82
235.84	50237.55
235.91	50231.86
235.98	50224.05
236.06	50206.39
236.13	50192.55
236.20	50178.58
236.27	50150.92
236.34	50128.59
236.41	50113.59
236.48	50100.78
236.55	50081.95
236.63	50079.15
236.70	50073.50
236.77	50068.09
236.84	50073.74
236.91	50077.77
236.98	50080.01
237.05	50087.83
237.12	50085.47
237.19	50071.51
237.27	50069.33
237.34	50071.55
237.41	50060.07
237.48	50049.00
237.55	50030.56
237.62	50010.37
237.69	49997.41
237.76	49985.85
237.83	49986.11
237.91	49992.86
237.98	49992.24
238.05	49976.39
238.12	49968.16
238.19	49957.65
238.26	49954.19
238.33	49946.62
238.40	49936.73
238.47	49917.91
238.54	49906.63
238.62	49882.52
238.69	49859.08
238.76	49845.59
238.83	49841.16
238.90	49822.91
238.97	49807.02
239.04	49800.93
239.11	49793.98
239.18	49784.25
239.25	49774.50
239.33	49751.68
239.40	49730.55
239.47	49708.63
239.54	49676.14
239.61	49643.40
239.68	49619.49
239.75	49599.59
239.82	49585.51
239.89	49575.00
239.96	49570.27
240.03	49571.31
240.11	49565.48
240.18	49546.14
240.25	49534.68
240.32	49525.53
240.39	49516.10
240.46	49499.19
240.53	49503.53
240.60	49500.27
240.67	49494.56
240.74	49487.45
240.81	49481.62
240.88	49462.65
240.96	49448.59
241.03	49435.39
241.10	49423.91
241.17	49415.57
241.24	49416.96
241.31	49424.68
241.38	49416.64
241.45	49403.20
241.52	49385.57
241.59	49361.83
241.66	49339.81
241.73	49326.97
241.80	49319.58
241.88	49314.64
241.95	49302.13
242.02	49282.50
242.09	49258.63
242.16	49234.78
242.23	49224.99
242.30	49208.43
242.37	49194.80
242.44	49198.79
242.51	49193.98
242.58	49191.36
242.65	49191.23
242.72	49194.73
242.79	49182.09
242.87	49186.47
242.94	49176.00
243.01	49172.03
243.08	49178.30
243.15	49182.43
243.22	49178.88
243.29	49185.91
243.36	49198.82
243.43	49201.29
243.50	49218.13
243.57	49238.25
243.64	49243.13
243.71	49239.33
243.78	49231.10
243.85	49219.48
243.92	49209.14
243.99	49201.69
244.07	49201.72
244.14	49198.39
244.21	49190.04
244.28	49178.46
244.35	49167.65
244.42	49161.36
244.49	49157.75
244.56	49161.50
244.63	49171.57
244.70	49178.13
244.77	49175.54
244.84	49185.73
244.91	49205.78
244.98	49223.83
245.05	49246.06
245.12	49276.94
245.19	49298.15
245.26	49301.75
245.33	49313.18
245.40	49331.81
245.47	49364.24
245.55	49388.85
245.62	49409.42
245.69	49418.37
245.76	49429.76
245.83	49419.21
245.90	49410.46
245.97	49417.28
246.04	49436.34
246.11	49445.09
246.18	49456.01
246.25	49468.51
246.32	49472.68
246.39	49467.74
246.46	49470.68
246.53	49480.69
246.60	49501.46
246.67	49526.68
246.74	49550.06
246.81	49574.71
246.88	49595.08
246.95	49618.46
247.02	49639.43
247.09	49664.18
247.16	49672.62
247.23	49675.70
247.30	49667.40
247.37	49662.80
247.44	49670.68
247.51	49689.86
247.58	49720.50
247.66	49760.90
247.73	49804.28
247.80	49837.87
247.87	49865.91
247.94	49902.75
248.01	49943.86
248.08	49976.13
248.15	50003.42
248.22	50037.12
248.29	50063.04
248.36	50075.48
248.43	50094.57
248.50	50122.57
248.57	50144.25
248.64	50158.85
248.71	50186.25
248.78	50223.58
248.85	50240.61
248.92	50273.47
248.99	50299.46
249.06	50311.53
249.13	50316.72
249.20	50336.84
249.27	50348.04
249.34	50367.60
249.41	50386.99
249.48	50385.28
249.55	50373.71
249.62	50382.24
249.69	50393.19
249.76	50421.29
249.83	50472.38
249.90	50541.02
249.97	50584.82
250.04	50628.73
250.11	50672.94
250.18	50698.66
250.25	50713.00
250.32	50731.15
250.39	50760.06
250.46	50772.13
250.53	50795.95
250.60	50826.26
250.67	50859.02
250.74	50879.98
250.81	50901.45
250.88	50922.89
250.95	50939.21
251.02	50963.61
251.09	50983.85
251.16	51012.12
251.23	51032.55
251.30	51053.61
251.37	51068.54
251.44	51080.84
251.51	51098.58
251.58	51118.38
251.65	51136.01
251.72	51150.66
251.79	51183.06
251.86	51196.87
251.93	51219.09
252.00	51233.48
252.07	51246.02
252.14	51257.03
252.21	51266.89
252.28	51273.72
252.35	51295.67
252.42	51325.78
252.49	51338.87
252.56	51345.58
252.63	51355.62
252.70	51358.15
252.77	51363.93
252.84	51371.26
252.91	51395.70
252.98	51421.82
253.05	51448.18
253.12	51456.40
253.19	51470.66
253.25	51489.52
253.32	51499.31
253.39	51522.28
253.46	51553.13
253.53	51585.23
253.60	51598.94
253.67	51613.29
253.74	51620.87
253.81	51630.11
253.88	51639.49
253.95	51660.62
254.02	51677.61
254.09	51693.66
254.16	51717.06
254.23	51725.68
254.30	51731.03
254.37	51750.57
254.44	51767.67
254.51	51771.82
254.58	51782.07
254.65	51796.40
254.72	51801.65
254.79	51800.35
254.86	51807.27
254.93	51816.17
255.00	51823.28
255.07	51823.67
255.14	51833.12
255.21	51831.68
255.28	51824.60
255.34	51815.47
255.41	51817.82
255.48	51811.29
255.55	51810.08
255.62	51820.70
255.69	51829.08
255.76	51830.07
255.83	51836.44
255.90	51850.22
255.97	51871.43
256.04	51881.26
256.11	51893.66
256.18	51894.00
256.25	51889.42
256.32	51870.54
256.39	51874.43
256.46	51874.23
256.53	51881.60
256.60	51886.27
256.67	51893.56
256.74	51893.82
256.80	51900.72
256.87	51901.84
256.94	51901.89
257.01	51900.34
257.08	51894.47
257.15	51879.90
257.22	51866.47
257.29	51846.73
257.36	51829.98
257.43	51815.94
257.50	51811.51
257.57	51802.35
257.64	51802.62
257.71	51786.32
257.78	51776.19
257.85	51751.48
257.92	51738.67
257.98	51719.48
258.05	51718.14
258.12	51699.84
258.19	51691.14
258.26	51680.29
258.33	51673.12
258.40	51671.34
258.47	51679.66
258.54	51686.07
258.61	51682.56
258.68	51679.33
258.75	51663.19
258.82	51647.00
258.89	51621.59
258.95	51610.02
259.02	51600.51
259.09	51593.00
259.16	51575.90
259.23	51559.44
259.30	51529.86
259.37	51501.95
259.44	51475.08
259.51	51458.10
259.58	51449.22
259.65	51432.47
259.72	51415.26
259.79	51385.12
259.85	51351.90
259.92	51320.58
259.99	51305.17
260.06	51281.17
260.13	51258.93
260.20	51226.75
260.27	51193.43
260.34	51156.45
260.41	51127.22
260.48	51103.75
260.55	51092.71
260.62	51080.87
260.68	51062.73
260.75	51038.23
260.82	51016.11
260.89	50992.02
260.96	50968.30
261.03	50947.94
261.10	50924.73
261.17	50902.02
261.24	50871.68
261.31	50838.58
261.38	50806.85
261.44	50776.85
261.51	50739.82
261.58	50708.50
261.65	50672.85
261.72	50636.89
261.79	50602.73
261.86	50568.43
261.93	50543.53
262.00	50521.34
262.07	50488.32
262.13	50455.09
262.20	50422.23
262.27	50373.36
262.34	50336.83
262.41	50304.28
262.48	50268.14
262.55	50240.47
262.62	50212.27
262.69	50175.49
262.76	50142.63
262.82	50110.31
262.89	50078.28
262.96	50054.59
263.03	50023.40
263.10	49997.78
263.17	49966.41
263.24	49929.37
263.31	49889.70
263.38	49851.37
263.44	49810.10
263.51	49766.00
263.58	49718.03
263.65	49676.49
263.72	49626.56
263.79	49586.64
263.86	49550.08
263.93	49519.94
264.00	49480.19
264.06	49451.40
264.13	49407.35
264.20	49369.12
264.27	49324.76
264.34	49280.76
264.41	49236.52
264.48	49198.01
264.55	49153.67
264.61	49108.25
264.68	49065.46
264.75	49027.60
264.82	48974.06
264.89	48932.92
264.96	48897.04
265.03	48854.24
265.10	48807.91
265.16	48776.13
265.23	48744.09
265.30	48716.21
265.37	48688.13
265.44	48648.93
265.51	48608.83
265.58	48564.07
265.65	48510.12
265.71	48462.60
265.78	48424.39
265.85	48383.44
265.92	48341.66
265.99	48300.04
266.06	48265.51
266.13	48222.47
266.20	48185.92
266.26	48139.65
266.33	48095.74
266.40	48042.59
266.47	47991.47
266.54	47922.94
266.61	47869.59
266.68	47811.63
266.74	47753.22
266.81	47699.85
266.88	47651.26
266.95	47596.12
267.02	47550.18
267.09	47506.25
267.16	47462.81
267.22	47423.47
267.29	47389.29
267.36	47349.34
267.43	47309.83
267.50	47272.40
267.57	47240.53
267.64	47210.49
267.70	47175.81
267.77	47138.56
267.84	47098.77
267.91	47055.45
267.98	46996.11
268.05	46943.97
268.11	46899.12
268.18	46845.38
268.25	46792.02
268.32	46746.44
268.39	46706.21
268.46	46664.03
268.53	46632.14
268.59	46596.20
268.66	46568.91
268.73	46531.73
268.80	46488.28
268.87	46434.94
268.94	46396.68
269.00	46349.75
269.07	46308.25
269.14	46277.58
269.21	46248.75
269.28	46208.83
269.35	46163.68
269.41	46123.70
269.48	46071.70
269.55	46013.96
269.62	45959.00
269.69	45923.61
269.76	45870.63
269.82	45833.30
269.89	45808.05
269.96	45785.69
270.03	45747.94
270.10	45721.76
270.17	45680.21
270.23	45643.15
270.30	45597.18
270.37	45562.80
270.44	45532.43
270.51	45497.11
270.58	45458.63
270.64	45435.39
270.71	45397.75
270.78	45362.71
270.85	45328.43
270.92	45296.72
270.99	45257.35
271.05	45227.57
271.12	45182.88
271.19	45149.30
271.26	45108.37
271.33	45067.06
271.39	45026.01
271.46	44985.50
271.53	44949.15
271.60	44921.76
271.67	44892.11
271.74	44858.11
271.80	44833.19
271.87	44810.69
271.94	44777.62
272.01	44743.13
272.08	44719.23
272.14	44682.92
272.21	44647.03
272.28	44626.52
272.35	44607.75
272.42	44576.81
272.48	44561.88
272.55	44540.62
272.62	44511.42
272.69	44488.55
272.76	44474.98
272.83	44446.33
272.89	44414.04
272.96	44382.95
273.03	44349.36
273.10	44310.32
273.17	44283.43
273.23	44255.00
273.30	44233.77
273.37	44209.75
273.44	44185.09
273.51	44156.47
273.57	44136.74
273.64	44110.91
273.71	44091.81
273.78	44070.55
273.85	44057.74
273.91	44041.82
273.98	44023.94
274.05	44008.89
274.12	43994.78
274.19	43976.52
274.25	43951.87
274.32	43925.60
274.39	43887.67
274.46	43833.50
274.53	43780.82
274.59	43731.37
274.66	43693.50
274.73	43672.37
274.80	43656.85
274.86	43633.28
274.93	43615.17
275.00	43580.50
275.07	43532.81
275.14	43504.10
275.20	43476.41
275.27	43453.19
275.34	43433.57
275.41	43424.78
275.48	43410.30
275.54	43395.04
275.61	43371.33
275.68	43352.34
275.75	43320.85
275.81	43282.18
275.88	43255.01
275.95	43226.84
276.02	43202.04
276.09	43175.85
276.15	43155.00
276.22	43123.49
276.29	43100.89
276.36	43076.88
276.42	43056.01
276.49	43033.49
276.56	43015.98
276.63	42990.92
276.70	42963.94
276.76	42943.18
276.83	42920.97
276.90	42898.50
276.97	42883.38
277.03	42868.42
277.10	42842.63
277.17	42823.88
277.24	42809.09
277.30	42790.13
277.37	42770.04
277.44	42757.38
277.51	42738.42
277.58	42710.19
277.64	42684.81
277.71	42659.99
277.78	42636.24
277.85	42608.92
277.91	42582.63
277.98	42557.07
278.05	42533.57
278.12	42516.03
278.18	42489.28
278.25	42470.15
278.32	42451.60
278.39	42431.87
278.45	42403.87
278.52	42391.63
278.59	42380.76
278.66	42364.13
278.72	42346.57
278.79	42331.13
278.86	42311.46
278.93	42296.51
278.99	42281.54
279.06	42257.13
279.13	42231.81
279.20	42212.38
279.26	42189.36
279.33	42171.53
279.40	42150.40
279.47	42128.75
279.53	42098.96
279.60	42069.14
279.67	42032.18
279.74	42008.05
279.80	41988.47
279.87	41979.47
279.94	41963.74
280.01	41948.34
280.07	41932.36
280.14	41906.63
280.21	41880.35
280.28	41852.31
280.34	41821.46
280.41	41796.10
280.48	41778.42
280.55	41751.86
280.61	41726.64
280.68	41710.39
280.75	41677.74
280.82	41642.39
280.88	41610.03
280.95	41559.44
281.02	41498.20
281.08	41431.24
281.15	41359.42
281.22	41283.91
281.29	41221.72
281.35	41171.57
281.42	41139.76
281.49	41105.94
281.56	41074.13
281.62	41051.07
281.69	41012.17
281.76	40973.70
281.82	40942.38
281.89	40915.15
281.96	40884.27
282.03	40861.92
282.09	40841.63
282.16	40817.11
282.23	40790.77
282.30	40765.33
282.36	40746.90
282.43	40714.78
282.50	40702.71
282.56	40678.51
282.63	40657.58
282.70	40634.37
282.77	40627.04
282.83	40599.26
282.90	40582.51
282.97	40561.93
283.03	40533.20
283.10	40506.35
283.17	40481.00
283.24	40462.85
283.30	40433.90
283.37	40408.80
283.44	40379.90
283.50	40356.43
283.57	40331.38
283.64	40311.36
283.71	40277.36
283.77	40238.50
283.84	40204.28
283.91	40160.70
283.97	40134.14
284.04	40138.97
284.11	40147.59
284.18	40158.63
284.24	40175.64
284.31	40177.74
284.38	40163.97
284.44	40147.22
284.51	40118.64
284.58	40099.63
284.64	40094.74
284.71	40092.01
284.78	40081.21
284.85	40083.92
284.91	40067.21
284.98	40042.10
285.05	40005.98
285.11	39985.67
285.18	39958.41
285.25	39951.22
285.31	39947.52
285.38	39953.10
285.45	39954.33
285.52	39952.16
285.58	39941.02
285.65	39921.42
285.72	39901.61
285.78	39885.64
285.85	39867.04
285.92	39848.02
285.98	39830.02
286.05	39815.61
286.12	39801.47
286.18	39790.36
286.25	39786.83
286.32	39786.94
286.39	39787.44
286.45	39786.87
286.52	39778.98
286.59	39766.85
286.65	39757.83
286.72	39752.01
286.79	39735.73
286.85	39728.34
286.92	39715.46
286.99	39705.78
287.05	39685.00
287.12	39684.99
287.19	39682.75
287.25	39683.90
287.32	39677.47
287.39	39678.75
287.45	39668.29
287.52	39661.42
287.59	39659.17
287.65	39656.94
287.72	39648.60
287.79	39638.08
287.86	39625.91
287.92	39609.35
287.99	39600.74
288.06	39598.51
288.12	39591.64
288.19	39591.88
288.26	39581.23
288.32	39568.52
288.39	39556.52
288.46	39552.90
288.52	39548.75
288.59	39555.71
288.66	39560.81
288.72	39567.11
288.79	39573.12
288.86	39571.39
288.92	39567.63
288.99	39559.92
289.06	39553.92
289.12	39551.70
289.19	39550.44
289.26	39549.28
289.32	39558.31
289.39	39558.39
289.45	39559.25
289.52	39553.59
289.59	39560.14
289.65	39561.96
289.72	39574.13
289.79	39582.81
289.85	39594.52
289.92	39594.94
289.99	39602.10
290.05	39602.67
290.12	39594.75
290.19	39592.50
290.25	39593.77
290.32	39586.88
290.39	39583.58
290.45	39589.29
290.52	39591.69
290.59	39594.34
290.65	39596.35
290.72	39593.40
290.79	39589.82
290.85	39596.05
290.92	39609.68
290.98	39624.29
291.05	39635.44
291.12	39645.56
291.18	39653.23
291.25	39651.07
291.32	39653.38
291.38	39653.99
291.45	39653.01
291.52	39647.74
291.58	39646.74
291.65	39651.41
291.72	39673.38
291.78	39699.97
291.85	39720.91
291.91	39741.48
291.98	39763.13
292.05	39765.84
292.11	39770.88
292.18	39783.25
292.25	39784.53
292.31	39775.87
292.38	39778.99
292.45	39777.45
292.51	39783.04
292.58	39795.52
292.64	39810.07
292.71	39819.43
292.78	39830.59
292.84	39831.27
292.91	39838.22
292.98	39845.66
293.04	39849.50
293.11	39848.62
293.17	39855.95
293.24	39865.10
293.31	39875.64
293.37	39893.82
293.44	39908.57
293.51	39924.09
293.57	39938.22
293.64	39944.68
293.70	39957.70
293.77	39969.13
293.84	39982.75
293.90	39983.77
293.97	39989.53
294.04	39994.02
294.10	40001.71
294.17	40011.46
294.23	40028.91
294.30	40043.02
294.37	40058.65
294.43	40082.04
294.50	40087.00
294.56	40100.09
294.63	40113.43
294.70	40122.32
294.76	40131.72
294.83	40149.04
294.90	40164.74
294.96	40182.04
295.03	40200.62
295.09	40218.16
295.16	40235.02
295.23	40236.27
295.29	40244.39
295.36	40250.04
295.42	40252.23
295.49	40255.27
295.56	40288.97
295.62	40309.98
295.69	40319.38
295.75	40335.70
295.82	40355.68
295.89	40352.86
295.95	40361.74
296.02	40377.15
296.08	40385.82
296.15	40390.98
296.22	40404.59
296.28	40421.76
296.35	40442.23
296.41	40457.03
296.48	40477.54
296.55	40499.45
296.61	40507.02
296.68	40520.73
296.74	40550.70
296.81	40581.54
296.88	40601.31
296.94	40626.04
297.01	40648.18
297.07	40656.58
297.14	40662.29
297.20	40674.47
297.27	40690.46
297.34	40708.71
297.40	40726.06
297.47	40735.15
297.53	40745.37
297.60	40759.68
297.67	40768.10
297.73	40786.17
297.80	40804.33
297.86	40813.71
297.93	40820.87
298.00	40834.82
298.06	40839.63
298.13	40861.46
298.19	40886.94
298.26	40908.45
298.32	40928.25
298.39	40951.27
298.46	40955.11
298.52	40966.87
298.59	40977.65
298.65	40987.75
298.72	40996.71
298.78	41015.46
298.85	41031.31
298.92	41046.81
298.98	41060.90
299.05	41075.95
299.11	41092.56
299.18	41103.13
299.24	41111.69
299.31	41113.81
299.38	41127.92
299.44	41127.75
299.51	41139.23
299.57	41148.90
299.64	41167.32
299.70	41173.07
299.77	41182.58
299.84	41188.55
299.90	41195.63
299.97	41200.25
300.03	41208.78
300.10	41230.34
300.16	41245.28
300.23	41258.76
300.30	41270.03
300.36	41278.53
300.43	41287.73
300.49	41298.13
300.56	41314.32
300.62	41338.24
300.69	41350.98
300.75	41363.33
300.82	41372.48
300.89	41380.06
300.95	41387.04
301.02	41388.23
301.08	41386.24
301.15	41389.36
301.21	41392.05
301.28	41388.67
301.34	41403.19
301.41	41402.83
301.48	41403.50
301.54	41400.39
301.61	41395.10
301.67	41388.00
301.74	41391.93
301.80	41389.79
301.87	41385.46
301.93	41383.66
302.00	41382.09
302.06	41374.93
302.13	41362.67
302.20	41361.17
302.26	41355.22
302.33	41353.05
302.39	41346.56
302.46	41351.75
302.52	41341.32
302.59	41341.82
302.65	41332.81
302.72	41331.98
302.78	41326.94
302.85	41329.85
302.91	41315.68
302.98	41311.90
303.05	41302.41
303.11	41288.25
303.18	41280.15
303.24	41275.34
303.31	41258.48
303.37	41245.03
303.44	41239.99
303.50	41218.49
303.57	41196.08
303.63	41179.77
303.70	41167.77
303.76	41146.68
303.83	41137.26
303.89	41128.39
303.96	41120.50
304.03	41104.90
304.09	41084.66
304.16	41059.80
304.22	41040.97
304.29	41014.76
304.35	40990.50
304.42	40976.48
304.48	40957.84
304.55	40935.68
304.61	40919.22
304.68	40902.71
304.74	40879.05
304.81	40866.45
304.87	40839.86
304.94	40812.26
305.00	40778.45
305.07	40747.03
305.13	40706.75
305.20	40675.02
305.26	40653.89
305.33	40637.38
305.39	40619.65
305.46	40589.93
305.52	40568.89
305.59	40534.50
305.66	40502.27
305.72	40465.90
305.79	40438.97
305.85	40408.76
305.92	40360.57
305.98	40251.22
306.05	40039.88
306.11	39746.82
306.18	39457.15
306.24	39268.87
306.31	39231.67
306.37	39347.58
306.44	39573.83
306.50	39800.25
306.57	39949.16
306.63	40003.37
306.70	39993.61
306.76	39958.02
306.83	39913.21
306.89	39858.07
306.96	39809.53
307.02	39764.65
307.09	39728.49
307.15	39692.86
307.22	39657.90
307.28	39608.57
307.35	39572.20
307.41	39528.62
307.48	39481.29
307.54	39435.06
307.61	39386.50
307.67	39332.11
307.74	39274.25
307.80	39235.02
307.87	39188.57
307.93	39142.16
308.00	39108.21
308.06	39075.76
308.13	39015.51
308.19	38965.26
308.26	38922.55
308.32	38874.73
308.38	38831.56
308.45	38790.75
308.51	38752.38
308.58	38706.34
308.64	38646.89
308.71	38588.87
308.77	38537.02
308.84	38480.57
308.90	38449.47
308.97	38422.83
309.03	38390.01
309.10	38348.21
309.16	38299.75
309.23	38239.58
309.29	38172.40
309.36	38095.92
309.42	38029.73
309.49	37966.18
309.55	37890.29
309.62	37823.61
309.68	37772.70
309.75	37713.15
309.81	37656.40
309.88	37612.51
309.94	37562.72
310.00	37504.79
310.07	37447.32
310.13	37398.82
310.20	37336.68
310.26	37275.97
310.33	37214.98
310.39	37169.05
310.46	37113.81
310.52	37062.94
310.59	37013.87
310.65	36967.29
310.72	36913.03
310.78	36858.15
310.85	36796.15
310.91	36742.30
310.97	36692.25
311.04	36636.43
311.10	36571.82
311.17	36518.40
311.23	36466.93
311.30	36409.15
311.36	36357.43
311.43	36315.93
311.49	36259.68
311.56	36192.22
311.62	36131.11
311.69	36072.38
311.75	36013.18
311.81	35955.42
311.88	35897.94
311.94	35838.16
312.01	35787.07
312.07	35733.76
312.14	35689.06
312.20	35649.12
312.27	35604.50
312.33	35539.67
312.40	35469.86
312.46	35401.19
312.52	35329.89
312.59	35260.46
312.65	35199.32
312.72	35135.04
312.78	35066.43
312.85	34996.89
312.91	34922.27
312.98	34850.12
313.04	34786.95
313.10	34732.42
313.17	34677.95
313.23	34632.63
313.30	34580.97
313.36	34515.53
313.43	34445.67
313.49	34381.98
313.56	34305.30
313.62	34234.69
313.68	34170.99
313.75	34114.57
313.81	34051.78
313.88	33993.64
313.94	33936.01
314.01	33880.59
314.07	33823.07
314.13	33760.68
314.20	33703.54
314.26	33641.65
314.33	33576.53
314.39	33504.47
314.46	33429.05
314.52	33363.02
314.58	33292.18
314.65	33229.80
314.71	33161.71
314.78	33106.30
314.84	33039.67
314.91	32975.21
314.97	32914.73
315.03	32858.53
315.10	32799.54
315.16	32729.03
315.23	32668.16
315.29	32597.09
315.36	32528.40
315.42	32463.99
315.48	32401.24
315.55	32335.42
315.61	32259.39
315.68	32201.76
315.74	32136.62
315.81	32071.81
315.87	31997.36
315.93	31947.40
316.00	31898.26
316.06	31858.65
316.13	31827.73
316.19	31782.34
316.25	31681.04
316.32	31518.11
316.38	31295.49
316.45	31017.79
316.51	30700.98
316.58	30365.45
316.64	30011.21
316.70	29644.35
316.77	29255.32
316.83	28855.43
316.90	28434.29
316.96	28000.79
317.02	27551.14
317.09	27093.67
317.15	26619.98
317.22	26132.78
317.28	25629.70
317.34	25111.33
317.41	24583.43
317.47	24041.35
317.54	23496.45
317.60	22946.39
317.66	22388.39
317.73	21818.12
317.79	21250.14
317.86	20680.20
317.92	20098.09
317.98	19508.03
318.05	18914.92
318.11	18318.46
318.18	17730.60
318.24	17138.85
318.30	16547.57
318.37	15963.15
318.43	15377.53
318.50	14782.95
318.56	14197.75
318.62	13628.85
318.69	13068.32
318.75	12519.43
318.82	11977.19
318.88	11447.85
318.94	10927.29
319.01	10419.51
319.07	9924.79
319.13	9442.49
319.20	8974.85
319.26	8516.63
319.33	8070.94
319.39	7635.06
319.45	7224.71
319.52	6830.42
319.58	6451.70
319.65	6088.32
319.71	5742.30
319.77	5406.45
319.84	5090.68
319.90	4792.30
319.96	4504.52
320.03	4235.07
320.09	3984.71
320.16	3738.91
320.22	3515.63
320.28	3307.55
320.35	3111.20
320.41	2928.66
320.47	2762.49
320.54	2601.44
320.60	2459.84
320.67	2332.11
320.73	2209.03
320.79	2096.46
320.86	2000.18
320.92	1906.45
320.98	1822.27
321.05	1746.73
321.11	1673.89
321.18	1606.03
321.24	1545.73
321.30	1485.48
321.37	1434.70
321.43	1395.23
321.49	1354.63
321.56	1317.31
321.62	1287.15
321.68	1253.06
321.75	1220.14
321.81	1192.01
321.88	1164.00
321.94	1138.90
322.00	1117.05
322.07	1089.37
322.13	1060.91
322.19	1032.05
322.26	997.99
322.32	967.43
322.38	942.10
322.45	921.83
322.51	896.59
322.58	878.50
322.64	851.78
322.70	827.82
322.77	795.59
322.83	774.97
322.89	743.74
322.96	716.73
323.02	688.43
323.08	660.63
323.15	629.69
323.21	605.11
323.27	581.84
323.34	556.87
323.40	533.73
323.46	509.70
323.53	478.55
323.59	403.96
323.65	303.50
323.72	189.57
323.78	80.46
323.85	-17.96
323.91	-67.47
323.97	-85.56
324.04	-86.00
