180.21	3427.86
180.28	-125.61
180.36	633.97
180.44	-43.95
180.51	-9.46
180.59	17.94
180.66	50.37
180.74	50.95
180.81	52.98
180.89	57.45
180.97	60.49
181.04	60.91
181.12	62.78
181.19	66.41
181.27	69.56
181.34	89.52
181.42	97.57
181.50	105.09
181.57	115.51
181.65	120.09
181.72	114.29
181.80	111.43
181.87	116.91
181.95	125.54
182.03	135.82
182.10	150.35
182.18	166.55
182.25	190.45
182.33	211.50
182.40	237.92
182.48	254.94
182.55	286.74
182.63	306.21
182.71	324.63
182.78	341.81
182.86	351.33
182.93	335.92
183.01	318.28
183.08	295.74
183.16	282.94
183.23	277.47
183.31	303.13
183.39	335.78
183.46	386.51
183.54	431.63
183.61	490.07
183.69	546.61
183.76	613.44
183.84	669.99
183.91	731.73
183.99	793.50
184.06	842.03
184.14	897.57
184.22	938.12
184.29	943.46
184.37	940.04
184.44	910.52
184.52	816.69
184.59	714.37
184.67	641.82
184.74	576.79
184.82	563.57
184.89	616.51
184.97	712.64
185.04	816.44
185.12	924.72
185.20	1027.63
185.27	1135.02
185.35	1224.87
185.42	1294.87
185.50	1374.16
185.57	1430.49
185.65	1484.97
185.72	1557.03
185.80	1635.79
185.87	1702.72
185.95	1790.28
186.02	1846.10
186.10	1847.96
186.17	1805.14
186.25	1672.72
186.33	1472.17
186.40	1301.40
186.48	1199.52
186.55	1179.69
186.63	1261.62
186.70	1435.98
186.78	1602.82
186.85	1751.32
186.93	1874.27
187.00	2009.33
187.08	2117.80
187.15	2248.79
187.23	2383.79
187.30	2502.07
187.38	2621.00
187.45	2757.14
187.53	2854.37
187.60	2943.62
187.68	3064.83
187.75	3144.59
187.83	3181.57
187.90	3218.98
187.98	3213.54
188.05	3093.25
188.13	2861.39
188.21	2602.00
188.28	2381.06
188.36	2212.45
188.43	2180.76
188.51	2315.58
188.58	2528.86
188.66	2722.04
188.73	2922.67
188.81	3104.82
188.88	3267.04
188.96	3402.29
189.03	3552.13
189.11	3690.89
189.18	3798.52
189.26	3900.93
189.33	4021.14
189.41	4111.07
189.48	4197.46
189.56	4307.39
189.63	4391.51
189.71	4445.03
189.78	4504.84
189.86	4524.21
189.93	4488.96
190.01	4410.39
190.08	4249.20
190.16	3968.16
190.23	3672.29
190.31	3462.35
190.38	3346.02
190.46	3362.61
190.53	3524.89
190.61	3761.09
190.68	3967.18
190.76	4164.90
190.83	4330.01
190.91	4495.53
190.98	4629.93
191.06	4778.50
191.13	4906.88
191.21	5020.32
191.28	5125.76
191.35	5239.18
191.43	5315.82
191.50	5386.05
191.58	5463.64
191.65	5507.22
191.73	5533.31
191.80	5560.56
191.88	5563.58
191.95	5552.12
192.03	5550.96
192.10	5533.73
192.18	5492.04
192.25	5403.47
192.33	5233.56
192.40	5037.03
192.48	4885.41
192.55	4802.31
192.63	4812.52
192.70	4947.07
192.78	5138.54
192.85	5332.02
192.93	5502.52
193.00	5644.26
193.08	5771.48
193.15	5877.71
193.22	5961.50
193.30	6024.49
193.37	6084.76
193.45	6120.30
193.52	6159.96
193.60	6203.62
193.67	6252.34
193.75	6300.63
193.82	6351.21
193.90	6390.80
193.97	6435.09
194.05	6479.52
194.12	6521.17
194.20	6572.87
194.27	6622.02
194.34	6648.20
194.42	6661.57
194.49	6667.13
194.57	6640.81
194.64	6565.09
194.72	6474.03
194.79	6386.60
194.87	6300.21
194.94	6246.94
195.02	6253.58
195.09	6301.66
195.17	6377.39
195.24	6483.23
195.31	6597.06
195.39	6718.73
195.46	6829.10
195.54	6930.47
195.61	7012.30
195.69	7071.77
195.76	7113.60
195.84	7158.19
195.91	7176.98
195.99	7186.10
196.06	7198.41
196.13	7206.18
196.21	7194.66
196.28	7177.95
196.36	7150.44
196.43	7103.09
196.51	7051.64
196.58	7017.59
196.66	7017.03
196.73	7049.18
196.80	7112.92
196.88	7193.67
196.95	7286.21
197.03	7361.74
197.10	7411.22
197.18	7445.10
197.25	7470.99
197.33	7494.12
197.40	7520.39
197.47	7540.68
197.55	7570.68
197.62	7596.89
197.70	7607.79
197.77	7605.69
197.85	7600.48
197.92	7565.60
197.99	7500.49
198.07	7417.63
198.14	7344.52
198.22	7323.47
198.29	7355.32
198.37	7450.18
198.44	7587.31
198.51	7730.91
198.59	7846.52
198.66	7943.13
198.74	8015.57
198.81	8066.83
198.89	8105.68
198.96	8137.98
199.03	8153.38
199.11	8165.97
199.18	8164.33
199.26	8161.73
199.33	8154.14
199.41	8134.99
199.48	8066.67
199.55	7980.07
199.63	7882.45
199.70	7808.11
199.78	7775.05
199.85	7826.78
199.93	7944.02
200.00	8101.62
200.07	8250.93
200.15	8388.13
200.22	8494.49
200.30	8567.94
200.37	8629.44
200.44	8686.13
200.52	8729.99
200.59	8769.49
200.67	8793.24
200.74	8789.99
200.81	8772.25
200.89	8748.29
200.96	8727.94
201.04	8695.86
201.11	8648.68
201.19	8591.19
201.26	8545.39
201.33	8513.22
201.41	8534.04
201.48	8617.98
201.56	8747.19
201.63	8892.97
201.70	9031.14
201.78	9149.58
201.85	9251.89
201.93	9329.49
202.00	9387.27
202.07	9437.13
202.15	9475.13
202.22	9500.75
202.30	9528.94
202.37	9546.69
202.44	9556.56
202.52	9562.79
202.59	9552.23
202.67	9532.64
202.74	9528.35
202.81	9510.36
202.89	9480.76
202.96	9485.04
203.04	9530.47
203.11	9595.32
203.18	9706.81
203.26	9849.61
203.33	9980.11
203.41	10079.63
203.48	10167.72
203.55	10225.89
203.63	10283.57
203.70	10341.94
203.77	10392.94
203.85	10431.22
203.92	10471.22
204.00	10518.02
204.07	10555.32
204.14	10599.20
204.22	10637.34
204.29	10671.87
204.37	10677.99
204.44	10685.32
204.51	10693.49
204.59	10709.75
204.66	10736.60
204.73	10799.89
204.81	10882.39
204.88	10985.34
204.96	11103.24
205.03	11219.17
205.10	11308.02
205.18	11386.92
205.25	11455.96
205.32	11514.67
205.40	11572.00
205.47	11640.93
205.55	11707.07
205.62	11766.06
205.69	11827.66
205.77	11886.17
205.84	11942.49
205.91	11995.09
205.99	12048.41
206.06	12090.21
206.14	12135.19
206.21	12178.78
206.28	12220.69
206.36	12266.94
206.43	12322.66
206.50	12397.56
206.58	12484.38
206.65	12584.30
206.72	12687.53
206.80	12795.09
206.87	12892.20
206.95	12988.97
207.02	13083.47
207.09	13179.90
207.17	13272.76
207.24	13364.89
207.31	13441.63
207.39	13518.43
207.46	13589.07
207.53	13653.48
207.61	13724.54
207.68	13800.04
207.75	13877.69
207.83	13957.03
207.90	14036.02
207.98	14093.74
208.05	14162.45
208.12	14230.98
208.20	14308.44
208.27	14400.13
208.34	14509.46
208.42	14608.60
208.49	14703.47
208.56	14789.52
208.64	14882.39
208.71	14970.04
208.78	15059.29
208.86	15164.91
208.93	15268.85
209.00	15368.86
209.08	15465.87
209.15	15572.69
209.22	15675.31
209.30	15776.21
209.37	15876.96
209.44	15983.55
209.52	16084.89
209.59	16170.21
209.67	16268.39
209.74	16358.16
209.81	16460.57
209.89	16562.11
209.96	16668.40
210.03	16770.44
210.11	16876.60
210.18	16969.55
210.25	17076.69
210.33	17194.10
210.40	17304.00
210.47	17422.79
210.55	17546.63
210.62	17652.30
210.69	17743.53
210.77	17854.06
210.84	17958.99
210.91	18074.18
210.99	18184.63
211.06	18310.36
211.13	18432.70
211.21	18549.62
211.28	18654.16
211.35	18777.14
211.42	18893.02
211.50	19003.04
211.57	19110.79
211.64	19227.80
211.72	19338.18
211.79	19448.60
211.86	19557.84
211.94	19691.29
212.01	19816.49
212.08	19943.64
212.16	20072.38
212.23	20204.47
212.30	20323.23
212.38	20441.99
212.45	20566.72
212.52	20694.28
212.60	20819.83
212.67	20948.53
212.74	21081.18
212.82	21204.32
212.89	21327.95
212.96	21450.68
213.03	21581.93
213.11	21718.39
213.18	21856.05
213.25	21998.27
213.33	22147.82
213.40	22284.51
213.47	22414.29
213.55	22540.28
213.62	22656.47
213.69	22770.82
213.77	22889.99
213.84	23012.25
213.91	23152.19
213.98	23295.23
214.06	23434.56
214.13	23580.20
214.20	23733.93
214.28	23882.12
214.35	24030.76
214.42	24175.11
214.50	24316.30
214.57	24445.88
214.64	24568.36
214.72	24687.27
214.79	24811.37
214.86	24938.60
214.93	25073.97
215.01	25223.10
215.08	25362.69
215.15	25502.75
215.23	25628.64
215.30	25758.67
215.37	25884.78
215.44	26038.94
215.52	26202.36
215.59	26366.31
215.66	26523.34
215.74	26670.69
215.81	26804.49
215.88	26939.44
215.95	27071.14
216.03	27199.78
216.10	27341.66
216.17	27491.87
216.25	27633.37
216.32	27792.48
216.39	27951.05
216.46	28102.53
216.54	28232.17
216.61	28363.31
216.68	28483.49
216.76	28617.14
216.83	28758.37
216.90	28922.12
216.97	29088.94
217.05	29260.49
217.12	29408.60
217.19	29529.86
217.27	29623.92
217.34	29712.08
217.41	29806.13
217.48	29915.18
217.56	30046.49
217.63	30204.99
217.70	30375.67
217.78	30544.84
217.85	30713.60
217.92	30876.05
217.99	31040.37
218.07	31181.39
218.14	31313.83
218.21	31453.19
218.28	31597.93
218.36	31739.07
218.43	31889.59
218.50	32045.39
218.57	32180.50
218.65	32305.27
218.72	32430.19
218.79	32560.95
218.87	32686.75
218.94	32827.66
219.01	32976.63
219.08	33114.88
219.16	33244.77
219.23	33367.70
219.30	33481.00
219.37	33602.87
219.45	33728.24
219.52	33871.73
219.59	34007.74
219.66	34136.71
219.74	34267.27
219.81	34419.09
219.88	34555.14
219.95	34702.14
220.03	34859.46
220.10	34995.27
220.17	35111.49
220.24	35235.35
220.32	35362.64
220.39	35488.68
220.46	35610.37
220.53	35740.91
220.61	35859.11
220.68	35979.73
220.75	36107.37
220.82	36246.74
220.90	36360.29
220.97	36456.61
221.04	36548.86
221.11	36639.85
221.19	36737.91
221.26	36854.97
221.33	36991.69
221.40	37128.11
221.48	37259.57
221.55	37384.44
221.62	37509.23
221.69	37640.47
221.77	37762.44
221.84	37879.26
221.91	38003.27
221.98	38123.75
222.06	38245.17
222.13	38383.13
222.20	38511.20
222.27	38619.22
222.35	38731.89
222.42	38830.92
222.49	38908.03
222.56	38988.55
222.63	39082.65
222.71	39182.85
222.78	39290.29
222.85	39405.13
222.92	39523.50
223.00	39622.65
223.07	39708.68
223.14	39792.03
223.21	39874.82
223.29	39981.51
223.36	40114.08
223.43	40245.28
223.50	40379.64
223.57	40517.35
223.65	40646.29
223.72	40757.19
223.79	40857.74
223.86	40954.50
223.94	41051.51
224.01	41129.23
224.08	41192.17
224.15	41262.26
224.22	41327.11
224.30	41380.03
224.37	41455.86
224.44	41544.70
224.51	41640.48
224.59	41749.21
224.66	41864.82
224.73	41963.97
224.80	42071.84
224.87	42180.22
224.95	42276.92
225.02	42382.98
225.09	42484.15
225.16	42570.02
225.23	42656.23
225.31	42749.27
225.38	42832.11
225.45	42921.40
225.52	43015.68
225.60	43097.10
225.67	43146.21
225.74	43191.07
225.81	43235.69
225.88	43287.12
225.96	43369.22
226.03	43485.35
226.10	43617.39
226.17	43741.06
226.24	43859.01
226.32	43950.42
226.39	44031.11
226.46	44090.27
226.53	44156.90
226.60	44221.91
226.68	44280.06
226.75	44343.42
226.82	44423.92
226.89	44492.93
226.96	44562.69
227.04	44622.02
227.11	44662.98
227.18	44703.74
227.25	44739.39
227.32	44788.09
227.40	44859.38
227.47	44936.96
227.54	45006.09
227.61	45083.06
227.68	45157.34
227.76	45226.95
227.83	45304.39
227.90	45373.94
227.97	45441.01
228.04	45497.48
228.11	45540.19
228.19	45578.81
228.26	45639.62
228.33	45705.16
228.40	45770.68
228.47	45845.41
228.55	45922.36
228.62	45988.19
228.69	46049.72
228.76	46109.23
228.83	46164.53
228.90	46220.37
228.98	46278.32
229.05	46343.36
229.12	46419.65
229.19	46489.29
229.26	46557.21
229.34	46605.69
229.41	46657.12
229.48	46703.66
229.55	46751.46
229.62	46803.07
229.69	46862.70
229.77	46905.51
229.84	46937.23
229.91	46978.33
229.98	47005.57
230.05	47034.71
230.12	47084.84
230.20	47156.59
230.27	47222.71
230.34	47291.71
230.41	47366.44
230.48	47427.17
230.55	47474.96
230.63	47517.15
230.70	47568.25
230.77	47591.80
230.84	47618.52
230.91	47644.46
230.98	47686.12
231.06	47723.63
231.13	47792.59
231.20	47868.57
231.27	47935.28
231.34	47986.36
231.41	48047.36
231.49	48095.38
231.56	48142.48
231.63	48201.84
231.70	48261.17
231.77	48298.19
231.84	48323.01
231.92	48336.38
231.99	48342.09
232.06	48362.78
232.13	48395.64
232.20	48451.26
232.27	48509.66
232.34	48562.61
232.42	48590.57
232.49	48623.38
232.56	48663.04
232.63	48718.91
232.70	48773.38
232.77	48836.99
232.85	48897.76
232.92	48941.62
232.99	48957.59
233.06	48986.64
233.13	49011.89
233.20	49018.04
233.27	49023.47
233.35	49034.45
233.42	49028.52
233.49	49032.63
233.56	49057.50
233.63	49082.42
233.70	49104.38
233.77	49140.75
233.85	49176.03
233.92	49212.01
233.99	49244.69
234.06	49290.66
234.13	49337.93
234.20	49386.05
234.27	49414.30
234.35	49437.23
234.42	49443.14
234.49	49444.30
234.56	49442.79
234.63	49447.25
234.70	49454.73
234.77	49453.48
234.84	49436.02
234.92	49415.70
234.99	49410.35
235.06	49413.84
235.13	49436.52
235.20	49472.69
235.27	49519.78
235.34	49551.59
235.41	49590.75
235.49	49615.15
235.56	49639.49
235.63	49646.64
235.70	49653.09
235.77	49636.01
235.84	49632.02
235.91	49619.42
235.98	49614.31
236.06	49610.34
236.13	49613.25
236.20	49614.79
236.27	49609.63
236.34	49619.50
236.41	49627.71
236.48	49630.98
236.55	49633.79
236.63	49643.37
236.70	49635.50
236.77	49629.47
236.84	49637.98
236.91	49630.23
236.98	49618.10
237.05	49622.11
237.12	49615.43
237.19	49596.91
237.27	49597.39
237.34	49603.58
237.41	49593.14
237.48	49584.15
237.55	49573.64
237.62	49556.94
237.69	49558.52
237.76	49561.41
237.83	49573.48
237.91	49586.49
237.98	49604.06
238.05	49605.21
238.12	49604.79
238.19	49605.58
238.26	49613.40
238.33	49604.17
238.40	49580.80
238.47	49562.07
238.54	49546.35
238.62	49520.03
238.69	49501.77
238.76	49485.91
238.83	49472.95
238.90	49475.22
238.97	49486.36
239.04	49498.84
239.11	49520.72
239.18	49539.61
239.25	49534.17
239.33	49512.76
239.40	49493.63
239.47	49464.30
239.54	49421.47
239.61	49379.52
239.68	49330.41
239.75	49292.53
239.82	49268.26
239.89	49249.53
239.96	49242.64
240.03	49252.41
240.11	49266.18
240.18	49282.10
240.25	49291.43
240.32	49292.07
240.39	49303.49
240.46	49307.02
240.53	49324.49
240.60	49354.49
240.67	49382.84
240.74	49396.99
240.81	49411.18
240.88	49393.59
240.96	49378.33
241.03	49361.12
241.10	49346.01
241.17	49321.44
241.24	49315.02
241.31	49295.54
241.38	49285.41
241.45	49282.64
241.52	49283.08
241.59	49281.03
241.66	49296.44
241.73	49301.44
241.80	49299.45
241.88	49291.01
241.95	49266.64
242.02	49222.57
242.09	49173.64
242.16	49119.10
242.23	49100.19
242.30	49094.65
242.37	49093.54
242.44	49109.93
242.51	49110.19
242.58	49082.90
242.65	49067.33
242.72	49069.51
242.79	49053.97
242.87	49072.22
242.94	49085.42
243.01	49079.97
243.08	49076.31
243.15	49075.45
243.22	49071.39
243.29	49078.74
243.36	49095.94
243.43	49109.69
243.50	49132.71
243.57	49153.65
243.64	49158.21
243.71	49175.96
243.78	49183.85
243.85	49175.49
243.92	49157.11
243.99	49151.38
244.07	49124.04
244.14	49097.53
244.21	49093.63
244.28	49104.70
244.35	49116.52
244.42	49140.46
244.49	49169.64
244.56	49188.00
244.63	49194.20
244.70	49196.77
244.77	49201.89
244.84	49197.59
244.91	49190.73
244.98	49180.89
245.05	49186.27
245.12	49203.00
245.19	49233.08
245.26	49266.15
245.33	49308.89
245.40	49348.88
245.47	49369.09
245.55	49382.85
245.62	49386.98
245.69	49397.56
245.76	49413.83
245.83	49429.22
245.90	49437.63
245.97	49443.02
246.04	49457.49
246.11	49450.03
246.18	49436.50
246.25	49426.06
246.32	49427.63
246.39	49422.97
246.46	49428.09
246.53	49449.07
246.60	49465.45
246.67	49498.20
246.74	49526.00
246.81	49555.81
246.88	49579.00
246.95	49605.70
247.02	49616.17
247.09	49617.70
247.16	49617.66
247.23	49603.15
247.30	49576.10
247.37	49547.39
247.44	49537.59
247.51	49513.45
247.58	49514.85
247.66	49546.42
247.73	49602.15
247.80	49648.03
247.87	49710.12
247.94	49774.63
248.01	49831.42
248.08	49867.64
248.15	49900.55
248.22	49928.24
248.29	49951.62
248.36	49969.24
248.43	49997.40
248.50	50025.98
248.57	50054.64
248.64	50074.93
248.71	50107.79
248.78	50133.17
248.85	50147.62
248.92	50169.21
248.99	50183.77
249.06	50170.96
249.13	50147.69
249.20	50139.12
249.27	50120.03
249.34	50113.63
249.41	50130.14
249.48	50147.69
249.55	50163.94
249.62	50176.30
249.69	50187.07
249.76	50205.85
249.83	50238.14
249.90	50267.71
249.97	50301.69
250.04	50351.29
250.11	50402.15
250.18	50450.23
250.25	50498.08
250.32	50536.81
250.39	50564.02
250.46	50570.44
250.53	50572.31
250.60	50575.36
250.67	50601.52
250.74	50624.15
250.81	50620.69
250.88	50619.02
250.95	50625.52
251.02	50612.33
251.09	50599.63
251.16	50632.00
251.23	50676.10
251.30	50713.29
251.37	50745.56
251.44	50769.06
251.51	50798.95
251.58	50820.13
251.65	50839.20
251.72	50869.52
251.79	50902.02
251.86	50891.89
251.93	50859.54
252.00	50813.57
252.07	50764.46
252.14	50728.67
252.21	50724.72
252.28	50747.29
252.35	50789.95
252.42	50854.07
252.49	50901.27
252.56	50936.68
252.63	50978.72
252.70	51003.55
252.77	51008.35
252.84	51018.72
252.91	51018.32
252.98	50989.83
253.05	50972.85
253.12	50968.25
253.19	50977.38
253.25	51007.16
253.32	51040.77
253.39	51077.59
253.46	51105.00
253.53	51116.30
253.60	51101.82
253.67	51101.04
253.74	51115.58
253.81	51136.64
253.88	51155.89
253.95	51191.35
254.02	51218.01
254.09	51223.64
254.16	51222.99
254.23	51213.86
254.30	51199.09
254.37	51196.07
254.44	51209.22
254.51	51224.34
254.58	51246.54
254.65	51266.59
254.72	51266.64
254.79	51238.95
254.86	51213.30
254.93	51185.15
255.00	51174.49
255.07	51183.76
255.14	51201.64
255.21	51192.39
255.28	51177.79
255.34	51158.52
255.41	51149.14
255.48	51155.52
255.55	51182.94
255.62	51216.11
255.69	51257.24
255.76	51283.56
255.83	51305.71
255.90	51328.24
255.97	51352.59
256.04	51347.05
256.11	51345.43
256.18	51338.19
256.25	51319.45
256.32	51294.36
256.39	51277.54
256.46	51245.04
256.53	51214.33
256.60	51184.32
256.67	51163.90
256.74	51147.85
256.80	51144.46
256.87	51131.35
256.94	51119.94
257.01	51117.65
257.08	51117.12
257.15	51113.09
257.22	51111.74
257.29	51111.74
257.36	51101.35
257.43	51091.56
257.50	51081.18
257.57	51065.44
257.64	51062.59
257.71	51047.50
257.78	51036.35
257.85	51020.60
257.92	51016.25
257.98	51016.31
258.05	51019.21
258.12	51011.60
258.19	50994.79
258.26	50962.58
258.33	50911.37
258.40	50871.38
258.47	50838.64
258.54	50829.66
258.61	50842.06
258.68	50867.38
258.75	50890.71
258.82	50905.04
258.89	50895.07
258.95	50859.87
259.02	50817.82
259.09	50765.09
259.16	50709.11
259.23	50650.52
259.30	50616.21
259.37	50587.17
259.44	50573.98
259.51	50563.94
259.58	50572.76
259.65	50566.01
259.72	50550.26
259.79	50514.45
259.85	50481.87
259.92	50447.69
259.99	50435.76
260.06	50434.98
260.13	50430.38
260.20	50420.09
260.27	50388.23
260.34	50335.24
260.41	50268.03
260.48	50224.20
260.55	50190.25
260.62	50158.02
260.68	50119.50
260.75	50093.84
260.82	50072.44
260.89	50050.31
260.96	50042.75
261.03	50049.19
261.10	50044.96
261.17	50029.64
261.24	49998.56
261.31	49970.95
261.38	49933.71
261.44	49893.55
261.51	49850.54
261.58	49819.29
261.65	49778.36
261.72	49729.82
261.79	49678.01
261.86	49628.88
261.93	49588.95
262.00	49558.20
262.07	49522.37
262.13	49498.54
262.20	49476.60
262.27	49436.29
262.34	49403.43
262.41	49371.74
262.48	49335.04
262.55	49289.86
262.62	49249.44
262.69	49189.09
262.76	49147.63
262.82	49098.47
262.89	49050.06
262.96	49003.35
263.03	48968.13
263.10	48924.33
263.17	48871.77
263.24	48819.34
263.31	48785.18
263.38	48751.70
263.44	48727.75
263.51	48711.48
263.58	48692.97
263.65	48659.06
263.72	48609.03
263.79	48538.46
263.86	48471.60
263.93	48409.48
264.00	48358.88
264.06	48333.39
264.13	48314.70
264.20	48297.89
264.27	48271.71
264.34	48237.78
264.41	48188.36
264.48	48147.18
264.55	48107.45
264.61	48083.37
264.68	48047.94
264.75	48014.94
264.82	47954.48
264.89	47877.94
264.96	47801.30
265.03	47728.56
265.10	47671.97
265.16	47639.50
265.23	47629.72
265.30	47614.55
265.37	47599.46
265.44	47566.99
265.51	47543.21
265.58	47509.60
265.65	47465.25
265.71	47420.09
265.78	47372.68
265.85	47301.68
265.92	47236.18
265.99	47178.75
266.06	47132.57
266.13	47079.36
266.20	47044.11
266.26	47017.92
266.33	46991.16
266.40	46937.53
266.47	46876.31
266.54	46798.04
266.61	46722.11
266.68	46647.66
266.74	46587.55
266.81	46553.94
266.88	46527.21
266.95	46467.93
267.02	46424.03
267.09	46381.95
267.16	46325.23
267.22	46281.54
267.29	46265.48
267.36	46233.15
267.43	46205.19
267.50	46172.69
267.57	46130.94
267.64	46080.63
267.70	46039.66
267.77	45987.45
267.84	45944.01
267.91	45895.43
267.98	45836.25
268.05	45772.29
268.11	45710.83
268.18	45650.25
268.25	45592.53
268.32	45545.41
268.39	45497.30
268.46	45461.44
268.53	45439.20
268.59	45417.21
268.66	45398.08
268.73	45377.28
268.80	45346.72
268.87	45293.78
268.94	45255.89
269.00	45213.34
269.07	45170.13
269.14	45129.84
269.21	45093.04
269.28	45055.49
269.35	45016.17
269.41	44974.90
269.48	44928.70
269.55	44867.94
269.62	44794.46
269.69	44736.13
269.76	44668.61
269.82	44603.24
269.89	44569.84
269.96	44554.41
270.03	44523.35
270.10	44508.88
270.17	44491.56
270.23	44459.18
270.30	44414.54
270.37	44381.94
270.44	44350.80
270.51	44317.95
270.58	44287.06
270.64	44256.59
270.71	44216.10
270.78	44175.04
270.85	44130.90
270.92	44080.82
270.99	44030.69
271.05	43985.81
271.12	43933.42
271.19	43893.03
271.26	43848.20
271.33	43802.72
271.39	43760.20
271.46	43703.90
271.53	43660.77
271.60	43635.85
271.67	43613.72
271.74	43585.81
271.80	43578.07
271.87	43561.70
271.94	43527.63
272.01	43477.90
272.08	43439.04
272.14	43387.99
272.21	43349.49
272.28	43324.49
272.35	43310.78
272.42	43289.77
272.48	43284.30
272.55	43261.86
272.62	43248.74
272.69	43245.20
272.76	43248.53
272.83	43226.34
272.89	43201.94
272.96	43163.69
273.03	43114.16
273.10	43049.00
273.17	43002.45
273.23	42956.83
273.30	42913.37
273.37	42872.22
273.44	42852.33
273.51	42836.35
273.57	42829.05
273.64	42817.53
273.71	42820.62
273.78	42806.94
273.85	42787.15
273.91	42758.59
273.98	42742.84
274.05	42711.17
274.12	42681.82
274.19	42652.39
274.25	42626.45
274.32	42593.47
274.39	42552.91
274.46	42503.45
274.53	42449.83
274.59	42386.33
274.66	42321.08
274.73	42276.15
274.80	42236.36
274.86	42205.38
274.93	42187.41
275.00	42179.42
275.07	42156.44
275.14	42132.29
275.20	42100.16
275.27	42064.51
275.34	42015.06
275.41	41979.98
275.48	41963.56
275.54	41952.84
275.61	41935.84
275.68	41916.16
275.75	41885.77
275.81	41835.11
275.88	41795.80
275.95	41762.79
276.02	41731.87
276.09	41700.21
276.15	41672.40
276.22	41642.37
276.29	41622.80
276.36	41596.14
276.42	41569.49
276.49	41530.19
276.56	41478.34
276.63	41407.78
276.70	41350.97
276.76	41314.69
276.83	41307.27
276.90	41306.32
276.97	41317.53
277.03	41324.15
277.10	41312.94
277.17	41293.34
277.24	41276.33
277.30	41254.84
277.37	41229.63
277.44	41207.07
277.51	41181.72
277.58	41144.21
277.64	41111.19
277.71	41081.04
277.78	41046.94
277.85	40996.55
277.91	40947.67
277.98	40895.17
278.05	40846.79
278.12	40800.97
278.18	40768.33
278.25	40746.00
278.32	40726.62
278.39	40720.73
278.45	40724.23
278.52	40723.19
278.59	40713.58
278.66	40683.74
278.72	40656.44
278.79	40618.33
278.86	40589.36
278.93	40572.04
278.99	40572.07
279.06	40555.57
279.13	40532.47
279.20	40515.29
279.26	40493.43
279.33	40472.08
279.40	40446.47
279.47	40421.45
279.53	40389.35
279.60	40352.96
279.67	40314.52
279.74	40275.83
279.80	40245.58
279.87	40212.59
279.94	40179.93
280.01	40151.94
280.07	40121.20
280.14	40091.27
280.21	40059.75
280.28	40024.16
280.34	39979.24
280.41	39935.55
280.48	39885.37
280.55	39845.60
280.61	39816.08
280.68	39795.42
280.75	39777.99
280.82	39757.91
280.88	39723.13
280.95	39672.70
281.02	39616.64
281.08	39553.18
281.15	39486.91
281.22	39423.55
281.29	39358.71
281.35	39289.99
281.42	39230.40
281.49	39172.26
281.56	39115.49
281.62	39079.86
281.69	39046.45
281.76	39016.36
281.82	38996.27
281.89	38975.48
281.96	38948.54
282.03	38918.45
282.09	38885.07
282.16	38848.94
282.23	38816.11
282.30	38775.92
282.36	38746.59
282.43	38722.89
282.50	38707.50
282.56	38670.29
282.63	38643.22
282.70	38612.79
282.77	38588.45
282.83	38551.93
282.90	38541.45
282.97	38530.81
283.03	38521.98
283.10	38508.06
283.17	38498.89
283.24	38479.79
283.30	38451.65
283.37	38417.40
283.44	38370.29
283.50	38316.23
283.57	38266.12
283.64	38210.94
283.71	38154.71
283.77	38119.53
283.84	38098.25
283.91	38071.46
283.97	38056.63
284.04	38057.88
284.11	38035.85
284.18	38015.46
284.24	38005.23
284.31	37995.66
284.38	37974.63
284.44	37973.31
284.51	37962.14
284.58	37958.65
284.64	37944.54
284.71	37929.05
284.78	37897.50
284.85	37881.41
284.91	37855.78
284.98	37840.84
285.05	37807.33
285.11	37784.06
285.18	37750.74
285.25	37722.92
285.31	37695.47
285.38	37689.33
285.45	37684.55
285.52	37673.96
285.58	37652.33
285.65	37626.99
285.72	37593.10
285.78	37565.33
285.85	37547.41
285.92	37529.11
285.98	37512.20
286.05	37503.90
286.12	37490.08
286.18	37477.79
286.25	37459.06
286.32	37431.05
286.39	37410.76
286.45	37379.29
286.52	37331.74
286.59	37304.05
286.65	37287.72
286.72	37280.64
286.79	37283.79
286.85	37295.90
286.92	37300.25
286.99	37299.76
287.05	37276.22
287.12	37264.21
287.19	37247.27
287.25	37232.87
287.32	37222.22
287.39	37221.59
287.45	37207.08
287.52	37195.02
287.59	37184.13
287.65	37179.05
287.72	37153.57
287.79	37124.81
287.86	37097.13
287.92	37062.74
287.99	37029.14
288.06	37017.75
288.12	36997.71
288.19	36983.73
288.26	36964.44
288.32	36942.25
288.39	36914.51
288.46	36912.38
288.52	36910.64
288.59	36914.23
288.66	36921.89
288.72	36926.22
288.79	36912.33
288.86	36890.53
288.92	36872.65
288.99	36840.04
289.06	36817.70
289.12	36798.39
289.19	36781.44
289.26	36772.38
289.32	36771.51
289.39	36761.16
289.45	36753.45
289.52	36743.05
289.59	36730.71
289.65	36716.89
289.72	36697.74
289.79	36689.29
289.85	36683.02
289.92	36672.67
289.99	36660.58
290.05	36656.42
290.12	36633.06
290.19	36614.56
290.25	36588.24
290.32	36563.10
290.39	36549.20
290.45	36543.58
290.52	36535.63
290.59	36539.80
290.65	36539.98
290.72	36525.11
290.79	36513.47
290.85	36505.97
290.92	36496.72
290.98	36484.85
291.05	36487.17
291.12	36477.53
291.18	36468.44
291.25	36456.76
291.32	36448.59
291.38	36425.71
291.45	36413.36
291.52	36393.06
291.58	36372.58
291.65	36358.27
291.72	36346.12
291.78	36337.31
291.85	36319.70
291.91	36302.54
291.98	36297.97
292.05	36286.77
292.11	36272.26
292.18	36269.61
292.25	36262.55
292.31	36240.09
292.38	36227.93
292.45	36220.40
292.51	36212.88
292.58	36201.35
292.64	36198.28
292.71	36190.55
292.78	36179.94
292.84	36159.53
292.91	36145.88
292.98	36127.94
293.04	36112.37
293.11	36092.19
293.17	36081.59
293.24	36075.85
293.31	36065.85
293.37	36059.99
293.44	36051.55
293.51	36045.64
293.57	36029.99
293.64	36010.36
293.70	35995.68
293.77	35983.18
293.84	35966.74
293.90	35953.29
293.97	35942.52
294.04	35932.97
294.10	35920.55
294.17	35911.22
294.23	35902.84
294.30	35887.01
294.37	35862.58
294.43	35850.50
294.50	35827.97
294.56	35813.49
294.63	35801.52
294.70	35790.06
294.76	35778.18
294.83	35771.99
294.90	35760.77
294.96	35757.84
295.03	35753.13
295.09	35747.64
295.16	35744.50
295.23	35732.25
295.29	35721.99
295.36	35704.20
295.42	35678.16
295.49	35654.45
295.56	35648.43
295.62	35635.27
295.69	35619.76
295.75	35615.00
295.82	35612.23
295.89	35587.90
295.95	35560.20
296.02	35536.66
296.08	35503.62
296.15	35463.18
296.22	35448.11
296.28	35436.19
296.35	35432.51
296.41	35422.70
296.48	35417.16
296.55	35407.38
296.61	35394.48
296.68	35382.49
296.74	35376.14
296.81	35373.23
296.88	35355.09
296.94	35336.26
297.01	35318.29
297.07	35294.49
297.14	35271.94
297.20	35259.14
297.27	35259.46
297.34	35262.61
297.40	35268.46
297.47	35257.50
297.53	35235.35
297.60	35214.08
297.67	35186.32
297.73	35166.11
297.80	35145.35
297.86	35126.67
297.93	35103.77
298.00	35081.67
298.06	35059.54
298.13	35054.38
298.19	35047.67
298.26	35040.15
298.32	35045.06
298.39	35033.98
298.46	35015.29
298.52	34996.57
298.59	34969.20
298.65	34928.25
298.72	34904.94
298.78	34881.52
298.85	34856.57
298.92	34837.19
298.98	34819.29
299.05	34790.94
299.11	34764.61
299.18	34738.50
299.24	34710.60
299.31	34670.67
299.38	34643.34
299.44	34611.60
299.51	34599.33
299.57	34584.47
299.64	34584.10
299.70	34576.64
299.77	34559.87
299.84	34532.29
299.90	34496.38
299.97	34450.89
300.03	34416.61
300.10	34401.79
300.16	34383.81
300.23	34372.36
300.30	34365.10
300.36	34341.12
300.43	34311.44
300.49	34274.98
300.56	34244.70
300.62	34218.54
300.69	34192.31
300.75	34167.88
300.82	34147.85
300.89	34116.86
300.95	34087.98
301.02	34045.37
301.08	34010.59
301.15	33975.89
301.21	33952.16
301.28	33921.99
301.34	33911.88
301.41	33886.34
301.48	33856.77
301.54	33824.71
301.61	33798.77
301.67	33768.46
301.74	33739.56
301.80	33704.98
301.87	33666.40
301.93	33622.79
302.00	33578.48
302.06	33528.34
302.13	33489.11
302.20	33460.45
302.26	33427.29
302.33	33399.09
302.39	33365.65
302.46	33324.79
302.52	33274.88
302.59	33231.59
302.65	33179.19
302.72	33138.28
302.78	33107.15
302.85	33081.27
302.91	33045.10
302.98	33011.34
303.05	32977.16
303.11	32939.42
303.18	32889.02
303.24	32853.62
303.31	32814.16
303.37	32779.91
303.44	32743.72
303.50	32700.83
303.57	32649.72
303.63	32601.17
303.70	32552.79
303.76	32496.48
303.83	32459.50
303.89	32415.10
303.96	32371.76
304.03	32318.12
304.09	32266.37
304.16	32207.02
304.22	32153.18
304.29	32102.14
304.35	32049.96
304.42	32011.45
304.48	31961.24
304.55	31916.43
304.61	31862.10
304.68	31817.98
304.74	31758.39
304.81	31715.94
304.87	31659.16
304.94	31612.13
305.00	31560.91
305.07	31510.59
305.13	31450.59
305.20	31396.78
305.26	31343.06
305.33	31288.75
305.39	31237.74
305.46	31178.84
305.52	31124.71
305.59	31073.04
305.66	31013.81
305.72	30957.87
305.79	30907.94
305.85	30853.54
305.92	30767.92
305.98	30653.60
306.05	30512.55
306.11	30361.70
306.18	30195.25
306.24	30059.42
306.31	29991.94
306.37	29979.46
306.44	30015.36
306.50	30078.53
306.57	30133.74
306.63	30157.94
306.70	30138.24
306.76	30083.06
306.83	30021.96
306.89	29950.89
306.96	29875.55
307.02	29815.07
307.09	29764.29
307.15	29704.94
307.22	29658.74
307.28	29605.84
307.35	29546.75
307.41	29471.00
307.48	29397.70
307.54	29324.50
307.61	29256.30
307.67	29188.69
307.74	29132.68
307.80	29073.65
307.87	29014.39
307.93	28956.49
308.00	28903.33
308.06	28842.65
308.13	28780.90
308.19	28716.91
308.26	28656.19
308.32	28597.11
308.38	28541.72
308.45	28479.31
308.51	28433.83
308.58	28375.20
308.64	28309.74
308.71	28252.72
308.77	28203.76
308.84	28133.78
308.90	28076.06
308.97	28021.35
309.03	27962.59
309.10	27900.09
309.16	27834.69
309.23	27758.91
309.29	27683.32
309.36	27594.23
309.42	27513.46
309.49	27441.94
309.55	27376.19
309.62	27313.82
309.68	27265.83
309.75	27207.72
309.81	27145.83
309.88	27085.08
309.94	27021.67
310.00	26954.85
310.07	26888.10
310.13	26836.83
310.20	26771.64
310.26	26711.12
310.33	26642.07
310.39	26588.13
310.46	26516.69
310.52	26457.63
310.59	26387.94
310.65	26331.26
310.72	26259.90
310.78	26197.34
310.85	26133.90
310.91	26075.32
310.97	26019.40
311.04	25965.90
311.10	25904.20
311.17	25841.36
311.23	25785.37
311.30	25722.14
311.36	25659.43
311.43	25611.79
311.49	25563.06
311.56	25511.06
311.62	25457.73
311.69	25413.11
311.75	25361.94
311.81	25299.93
311.88	25231.74
311.94	25171.30
312.01	25113.61
312.07	25047.56
312.14	25003.16
312.20	24958.83
312.27	24912.67
312.33	24851.88
312.40	24786.69
312.46	24713.44
312.52	24646.95
312.59	24579.29
312.65	24513.44
312.72	24446.09
312.78	24385.82
312.85	24327.19
312.91	24260.60
312.98	24201.05
313.04	24158.29
313.10	24109.44
313.17	24050.40
313.23	24004.96
313.30	23955.33
313.36	23890.20
313.43	23830.32
313.49	23773.83
313.56	23706.59
313.62	23639.11
313.68	23582.99
313.75	23530.93
313.81	23481.30
313.88	23432.34
313.94	23388.67
314.01	23343.04
314.07	23288.60
314.13	23234.92
314.20	23180.68
314.26	23122.57
314.33	23060.48
314.39	23005.15
314.46	22947.08
314.52	22899.57
314.58	22847.99
314.65	22797.90
314.71	22741.62
314.78	22689.49
314.84	22632.33
314.91	22574.44
314.97	22520.09
315.03	22466.12
315.10	22406.52
315.16	22343.05
315.23	22290.47
315.29	22244.61
315.36	22197.19
315.42	22151.28
315.48	22105.32
315.55	22059.48
315.61	21997.80
315.68	21943.55
315.74	21889.54
315.81	21834.28
315.87	21773.49
315.93	21731.49
316.00	21694.52
316.06	21659.02
316.13	21632.87
316.19	21584.24
316.25	21490.53
316.32	21351.53
316.38	21174.97
316.45	20958.29
316.51	20730.17
316.58	20499.04
316.64	20260.39
316.70	20028.86
316.77	19791.52
316.83	19545.64
316.90	19294.53
316.96	19048.61
317.02	18796.56
317.09	18553.57
317.15	18309.63
317.22	18067.49
317.28	17823.89
317.34	17582.22
317.41	17332.08
317.47	17091.92
317.54	16846.57
317.60	16602.73
317.66	16354.13
317.73	16106.84
317.79	15859.88
317.86	15616.99
317.92	15373.22
317.98	15127.51
318.05	14874.35
318.11	14619.73
318.18	14370.90
318.24	14116.12
318.30	13861.57
318.37	13614.22
318.43	13362.55
318.50	13099.17
318.56	12833.95
318.62	12572.25
318.69	12302.16
318.75	12032.28
318.82	11759.78
318.88	11492.12
318.94	11219.08
319.01	10950.94
319.07	10680.25
319.13	10406.54
319.20	10132.67
319.26	9850.68
319.33	9564.57
319.39	9269.80
319.45	8990.28
319.52	8705.88
319.58	8421.29
319.65	8137.15
319.71	7857.66
319.77	7573.85
319.84	7293.95
319.90	7025.19
319.96	6753.10
320.03	6487.03
320.09	6226.94
320.16	5963.37
320.22	5707.52
320.28	5460.04
320.35	5218.87
320.41	4980.74
320.47	4758.57
320.54	4533.16
320.60	4322.41
320.67	4119.70
320.73	3922.00
320.79	3728.28
320.86	3553.00
320.92	3376.03
320.98	3210.85
321.05	3054.07
321.11	2902.20
321.18	2756.09
321.24	2624.57
321.30	2494.67
321.37	2375.47
321.43	2272.03
321.49	2169.78
321.56	2072.76
321.62	1986.02
321.68	1898.71
321.75	1816.15
321.81	1743.26
321.88	1671.80
321.94	1607.40
322.00	1549.43
322.07	1486.07
322.13	1425.63
322.19	1367.10
322.26	1304.44
322.32	1247.69
322.38	1198.05
322.45	1155.29
322.51	1110.44
322.58	1073.49
322.64	1028.71
322.70	988.59
322.77	939.27
322.83	903.01
322.89	857.13
322.96	817.55
323.02	778.37
323.08	740.43
323.15	699.73
323.21	665.34
323.27	631.60
323.34	596.76
323.40	564.60
323.46	531.13
323.53	493.09
323.59	414.61
323.65	310.34
323.72	194.01
323.78	83.95
323.85	-15.47
323.91	-66.43
323.97	-85.51
324.04	-86.46
