180.21	3427.50
180.28	-125.76
180.36	633.97
180.44	-43.75
180.51	-9.17
180.59	18.37
180.66	50.37
180.74	51.50
180.81	53.04
180.89	57.21
180.97	60.24
181.04	60.24
181.12	61.89
181.19	65.79
181.27	69.02
181.34	88.87
181.42	97.53
181.50	104.86
181.57	115.78
181.65	120.54
181.72	114.86
181.80	111.79
181.87	116.91
181.95	125.58
182.03	135.64
182.10	150.57
182.18	167.43
182.25	191.23
182.33	211.27
182.40	237.27
182.48	252.77
182.55	284.35
182.63	304.25
182.71	322.70
182.78	340.52
182.86	350.75
182.93	334.99
183.01	317.78
183.08	295.71
183.16	283.16
183.23	279.08
183.31	305.27
183.39	337.44
183.46	387.74
183.54	431.72
183.61	489.19
183.69	544.95
183.76	611.42
183.84	668.25
183.91	730.28
183.99	792.27
184.06	841.32
184.14	896.59
184.22	937.48
184.29	943.64
184.37	940.69
184.44	910.69
184.52	818.99
184.59	715.97
184.67	643.39
184.74	577.78
184.82	564.49
184.89	615.47
184.97	711.65
185.04	816.27
185.12	924.30
185.20	1027.57
185.27	1135.66
185.35	1228.20
185.42	1296.95
185.50	1375.17
185.57	1430.03
185.65	1483.61
185.72	1555.84
185.80	1634.52
185.87	1700.79
185.95	1790.79
186.02	1848.88
186.10	1849.08
186.17	1807.29
186.25	1676.78
186.33	1475.78
186.40	1304.30
186.48	1201.67
186.55	1180.81
186.63	1263.66
186.70	1436.60
186.78	1600.62
186.85	1749.12
186.93	1871.97
187.00	2006.57
187.08	2114.43
187.15	2246.97
187.23	2382.55
187.30	2502.99
187.38	2622.66
187.45	2759.14
187.53	2857.67
187.60	2945.93
187.68	3066.52
187.75	3146.44
187.83	3186.14
187.90	3222.84
187.98	3217.59
188.05	3095.41
188.13	2861.70
188.21	2600.98
188.28	2378.80
188.36	2210.91
188.43	2179.09
188.51	2313.76
188.58	2526.66
188.66	2722.37
188.73	2923.33
188.81	3106.13
188.88	3268.32
188.96	3403.86
189.03	3550.88
189.11	3690.01
189.18	3798.34
189.26	3901.93
189.33	4020.79
189.41	4113.26
189.48	4196.68
189.56	4304.76
189.63	4385.83
189.71	4440.20
189.78	4499.69
189.86	4522.33
189.93	4488.75
190.01	4412.38
190.08	4252.12
190.16	3968.88
190.23	3668.34
190.31	3457.41
190.38	3340.97
190.46	3356.71
190.53	3519.74
190.61	3760.34
190.68	3966.56
190.76	4163.32
190.83	4328.03
190.91	4490.76
190.98	4626.37
191.06	4775.35
191.13	4904.59
191.21	5019.84
191.28	5128.06
191.35	5239.37
191.43	5316.03
191.50	5387.00
191.58	5465.53
191.65	5508.91
191.73	5536.05
191.80	5563.25
191.88	5563.99
191.95	5549.60
192.03	5545.30
192.10	5526.37
192.18	5487.13
192.25	5399.00
192.33	5229.92
192.40	5037.28
192.48	4887.45
192.55	4803.76
192.63	4816.58
192.70	4950.97
192.78	5143.39
192.85	5333.40
192.93	5503.65
193.00	5642.70
193.08	5772.39
193.15	5877.60
193.22	5961.16
193.30	6018.13
193.37	6079.64
193.45	6112.61
193.52	6154.16
193.60	6199.28
193.67	6251.93
193.75	6301.08
193.82	6349.46
193.90	6386.75
193.97	6433.65
194.05	6480.20
194.12	6522.01
194.20	6576.53
194.27	6626.12
194.34	6651.23
194.42	6660.45
194.49	6665.90
194.57	6635.15
194.64	6560.65
194.72	6469.95
194.79	6384.04
194.87	6299.83
194.94	6249.19
195.02	6253.94
195.09	6301.93
195.17	6379.64
195.24	6480.02
195.31	6594.06
195.39	6716.61
195.46	6829.03
195.54	6932.39
195.61	7017.96
195.69	7079.61
195.76	7121.54
195.84	7162.26
195.91	7177.98
195.99	7187.73
196.06	7199.48
196.13	7207.03
196.21	7196.58
196.28	7179.91
196.36	7147.18
196.43	7097.64
196.51	7047.31
196.58	7011.90
196.66	7008.21
196.73	7044.93
196.80	7113.73
196.88	7196.11
196.95	7288.39
197.03	7368.17
197.10	7414.29
197.18	7445.98
197.25	7470.46
197.33	7492.22
197.40	7520.47
197.47	7545.69
197.55	7574.37
197.62	7598.18
197.70	7609.15
197.77	7607.11
197.85	7602.65
197.92	7569.83
197.99	7509.14
198.07	7430.37
198.14	7354.56
198.22	7330.14
198.29	7357.39
198.37	7450.50
198.44	7585.14
198.51	7728.29
198.59	7841.94
198.66	7940.14
198.74	8009.85
198.81	8065.21
198.89	8105.54
198.96	8139.77
199.03	8155.84
199.11	8168.03
199.18	8165.09
199.26	8161.75
199.33	8154.24
199.41	8134.72
199.48	8070.47
199.55	7982.02
199.63	7884.10
199.70	7808.88
199.78	7777.92
199.85	7831.43
199.93	7948.72
200.00	8109.62
200.07	8260.34
200.15	8397.21
200.22	8498.24
200.30	8571.60
200.37	8632.89
200.44	8690.01
200.52	8736.34
200.59	8780.63
200.67	8803.55
200.74	8796.07
200.81	8774.42
200.89	8746.50
200.96	8724.19
201.04	8692.82
201.11	8647.32
201.19	8596.61
201.26	8550.98
201.33	8516.91
201.41	8535.40
201.48	8618.29
201.56	8743.60
201.63	8893.47
201.70	9029.70
201.78	9150.83
201.85	9251.34
201.93	9326.02
202.00	9385.70
202.07	9438.30
202.15	9477.88
202.22	9504.06
202.30	9530.99
202.37	9541.11
202.44	9549.06
202.52	9551.32
202.59	9544.46
202.67	9528.63
202.74	9525.65
202.81	9506.31
202.89	9480.20
202.96	9483.01
203.04	9527.01
203.11	9593.94
203.18	9709.76
203.26	9851.87
203.33	9981.65
203.41	10082.82
203.48	10168.27
203.55	10224.25
203.63	10282.12
203.70	10337.64
203.77	10384.49
203.85	10425.94
203.92	10467.13
204.00	10511.18
204.07	10550.61
204.14	10595.99
204.22	10629.41
204.29	10662.99
204.37	10669.46
204.44	10677.69
204.51	10687.15
204.59	10707.26
204.66	10730.43
204.73	10792.42
204.81	10874.28
204.88	10975.61
204.96	11092.00
205.03	11208.45
205.10	11305.83
205.18	11387.69
205.25	11454.66
205.32	11514.10
205.40	11573.86
205.47	11634.95
205.55	11697.44
205.62	11763.03
205.69	11827.19
205.77	11885.78
205.84	11944.22
205.91	12002.40
205.99	12054.86
206.06	12097.66
206.14	12144.04
206.21	12188.29
206.28	12227.08
206.36	12274.10
206.43	12323.99
206.50	12400.29
206.58	12487.69
206.65	12585.42
206.72	12688.24
206.80	12800.25
206.87	12894.92
206.95	12987.52
207.02	13079.43
207.09	13173.32
207.17	13266.95
207.24	13359.47
207.31	13444.31
207.39	13523.50
207.46	13592.39
207.53	13651.15
207.61	13723.50
207.68	13792.84
207.75	13870.57
207.83	13952.18
207.90	14036.79
207.98	14091.55
208.05	14159.57
208.12	14225.53
208.20	14303.19
208.27	14389.93
208.34	14497.14
208.42	14596.16
208.49	14695.95
208.56	14786.64
208.64	14880.69
208.71	14973.12
208.78	15065.84
208.86	15171.16
208.93	15273.68
209.00	15372.81
209.08	15469.31
209.15	15570.64
209.22	15667.89
209.30	15767.34
209.37	15865.69
209.44	15967.09
209.52	16070.30
209.59	16165.38
209.67	16259.30
209.74	16352.86
209.81	16457.98
209.89	16561.00
209.96	16664.08
210.03	16769.43
210.11	16874.20
210.18	16971.48
210.25	17083.44
210.33	17199.40
210.40	17312.11
210.47	17434.25
210.55	17556.57
210.62	17655.94
210.69	17749.23
210.77	17849.98
210.84	17948.15
210.91	18060.94
210.99	18179.15
211.06	18307.40
211.13	18433.32
211.21	18554.51
211.28	18659.27
211.35	18773.80
211.42	18886.17
211.50	18999.18
211.57	19110.48
211.64	19228.75
211.72	19344.28
211.79	19455.15
211.86	19568.60
211.94	19698.67
212.01	19818.47
212.08	19941.72
212.16	20065.23
212.23	20195.74
212.30	20319.46
212.38	20445.30
212.45	20575.54
212.52	20709.92
212.60	20834.66
212.67	20965.98
212.74	21097.94
212.82	21216.47
212.89	21330.93
212.96	21456.32
213.03	21587.22
213.11	21721.69
213.18	21860.60
213.25	22009.01
213.33	22148.23
213.40	22280.05
213.47	22407.83
213.55	22532.02
213.62	22651.63
213.69	22774.83
213.77	22892.92
213.84	23018.28
213.91	23157.71
213.98	23294.40
214.06	23429.13
214.13	23579.66
214.20	23732.86
214.28	23886.68
214.35	24038.33
214.42	24190.01
214.50	24327.25
214.57	24451.33
214.64	24567.36
214.72	24685.47
214.79	24805.58
214.86	24925.74
214.93	25068.04
215.01	25219.14
215.08	25357.83
215.15	25495.14
215.23	25623.97
215.30	25753.20
215.37	25877.96
215.44	26034.00
215.52	26198.89
215.59	26365.75
215.66	26521.35
215.74	26673.87
215.81	26814.88
215.88	26949.63
215.95	27081.47
216.03	27211.16
216.10	27346.10
216.17	27486.87
216.25	27629.92
216.32	27791.42
216.39	27950.58
216.46	28104.99
216.54	28237.26
216.61	28370.12
216.68	28491.49
216.76	28627.64
216.83	28768.12
216.90	28929.37
216.97	29099.68
217.05	29267.35
217.12	29412.38
217.19	29533.52
217.27	29624.42
217.34	29706.80
217.41	29805.19
217.48	29921.62
217.56	30056.79
217.63	30225.13
217.70	30396.11
217.78	30554.69
217.85	30713.17
217.92	30877.38
217.99	31040.51
218.07	31186.20
218.14	31322.85
218.21	31474.87
218.28	31620.76
218.36	31763.20
218.43	31908.71
218.50	32060.68
218.57	32185.22
218.65	32306.38
218.72	32428.91
218.79	32558.09
218.87	32693.54
218.94	32836.51
219.01	32986.28
219.08	33120.36
219.16	33249.61
219.23	33367.69
219.30	33488.25
219.37	33606.84
219.45	33729.48
219.52	33867.82
219.59	34008.82
219.66	34132.69
219.74	34267.84
219.81	34428.51
219.88	34567.47
219.95	34707.28
220.03	34864.40
220.10	35000.59
220.17	35114.53
220.24	35237.60
220.32	35366.04
220.39	35488.12
220.46	35609.71
220.53	35733.79
220.61	35862.96
220.68	35989.98
220.75	36115.91
220.82	36252.68
220.90	36372.80
220.97	36466.91
221.04	36554.31
221.11	36646.29
221.19	36738.14
221.26	36844.98
221.33	36972.05
221.40	37108.57
221.48	37246.54
221.55	37376.14
221.62	37505.73
221.69	37643.95
221.77	37775.29
221.84	37899.56
221.91	38025.77
221.98	38145.50
222.06	38264.08
222.13	38388.13
222.20	38502.78
222.27	38608.07
222.35	38719.14
222.42	38826.58
222.49	38909.94
222.56	38987.17
222.63	39079.79
222.71	39175.15
222.78	39280.99
222.85	39402.64
222.92	39528.08
223.00	39630.45
223.07	39726.03
223.14	39807.18
223.21	39887.30
223.29	39987.16
223.36	40118.11
223.43	40250.99
223.50	40376.72
223.57	40512.65
223.65	40651.83
223.72	40765.47
223.79	40872.36
223.86	40973.46
223.94	41070.93
224.01	41146.10
224.08	41212.09
224.15	41278.03
224.22	41341.71
224.30	41396.39
224.37	41468.83
224.44	41565.05
224.51	41664.53
224.59	41775.44
224.66	41888.95
224.73	41993.30
224.80	42093.27
224.87	42192.53
224.95	42293.27
225.02	42394.22
225.09	42489.48
225.16	42573.11
225.23	42662.39
225.31	42748.79
225.38	42837.14
225.45	42930.21
225.52	43026.98
225.60	43111.54
225.67	43168.84
225.74	43212.27
225.81	43250.41
225.88	43303.40
225.96	43383.24
226.03	43497.82
226.10	43628.61
226.17	43754.43
226.24	43873.59
226.32	43962.92
226.39	44040.39
226.46	44098.95
226.53	44169.62
226.60	44227.00
226.68	44288.65
226.75	44355.62
226.82	44434.70
226.89	44508.75
226.96	44576.10
227.04	44629.17
227.11	44674.82
227.18	44712.83
227.25	44745.19
227.32	44790.79
227.40	44865.92
227.47	44943.19
227.54	45014.60
227.61	45090.15
227.68	45176.54
227.76	45248.89
227.83	45323.79
227.90	45405.88
227.97	45473.11
228.04	45526.76
228.11	45570.11
228.19	45609.84
228.26	45660.58
228.33	45731.84
228.40	45800.16
228.47	45876.22
228.55	45947.25
228.62	46014.38
228.69	46065.78
228.76	46122.27
228.83	46173.06
228.90	46227.50
228.98	46288.71
229.05	46364.43
229.12	46441.12
229.19	46515.09
229.26	46593.94
229.34	46643.38
229.41	46686.43
229.48	46727.15
229.55	46774.29
229.62	46819.94
229.69	46879.39
229.77	46918.65
229.84	46958.58
229.91	46995.73
229.98	47021.29
230.05	47049.59
230.12	47100.79
230.20	47166.07
230.27	47228.80
230.34	47300.15
230.41	47375.23
230.48	47441.01
230.55	47489.90
230.63	47537.29
230.70	47594.04
230.77	47623.19
230.84	47654.09
230.91	47680.91
230.98	47717.95
231.06	47744.29
231.13	47803.27
231.20	47878.17
231.27	47955.45
231.34	48015.13
231.41	48082.09
231.49	48132.73
231.56	48178.86
231.63	48231.18
231.70	48288.24
231.77	48320.85
231.84	48346.04
231.92	48354.61
231.99	48357.63
232.06	48381.61
232.13	48416.81
232.20	48473.08
232.27	48524.34
232.34	48579.21
232.42	48606.20
232.49	48636.00
232.56	48674.81
232.63	48738.10
232.70	48791.70
232.77	48849.85
232.85	48910.18
232.92	48946.44
232.99	48962.54
233.06	48994.05
233.13	49025.37
233.20	49040.14
233.27	49060.10
233.35	49073.58
233.42	49067.66
233.49	49067.69
233.56	49090.02
233.63	49112.13
233.70	49130.87
233.77	49162.74
233.85	49199.40
233.92	49236.77
233.99	49262.31
234.06	49305.19
234.13	49346.94
234.20	49396.37
234.27	49425.11
234.35	49458.50
234.42	49477.50
234.49	49488.37
234.56	49490.55
234.63	49482.46
234.70	49477.88
234.77	49474.20
234.84	49464.21
234.92	49445.84
234.99	49447.36
235.06	49454.20
235.13	49475.62
235.20	49506.17
235.27	49546.94
235.34	49582.77
235.41	49624.00
235.49	49653.99
235.56	49684.18
235.63	49695.18
235.70	49699.48
235.77	49685.51
235.84	49672.22
235.91	49653.11
235.98	49641.91
236.06	49641.68
236.13	49646.64
236.20	49648.09
236.27	49643.37
236.34	49656.85
236.41	49670.15
236.48	49674.63
236.55	49684.03
236.63	49688.88
236.70	49682.22
236.77	49665.79
236.84	49663.57
236.91	49652.84
236.98	49641.57
237.05	49636.55
237.12	49626.34
237.19	49611.88
237.27	49610.06
237.34	49618.36
237.41	49607.59
237.48	49606.72
237.55	49601.64
237.62	49587.66
237.69	49591.90
237.76	49607.22
237.83	49620.54
237.91	49634.21
237.98	49649.16
238.05	49640.89
238.12	49634.46
238.19	49633.33
238.26	49637.37
238.33	49637.68
238.40	49626.43
238.47	49601.56
238.54	49579.45
238.62	49542.56
238.69	49509.06
238.76	49488.94
238.83	49482.41
238.90	49493.32
238.97	49517.20
239.04	49533.96
239.11	49548.31
239.18	49565.40
239.25	49556.63
239.33	49534.10
239.40	49518.74
239.47	49490.94
239.54	49445.99
239.61	49398.21
239.68	49350.36
239.75	49313.65
239.82	49294.39
239.89	49279.39
239.96	49282.35
240.03	49295.24
240.11	49312.00
240.18	49327.64
240.25	49346.30
240.32	49346.75
240.39	49351.82
240.46	49347.35
240.53	49359.22
240.60	49379.06
240.67	49404.73
240.74	49416.11
240.81	49433.40
240.88	49429.55
240.96	49413.08
241.03	49392.79
241.10	49377.03
241.17	49353.48
241.24	49342.67
241.31	49326.75
241.38	49314.84
241.45	49311.99
241.52	49310.11
241.59	49303.29
241.66	49317.39
241.73	49330.57
241.80	49338.59
241.88	49333.02
241.95	49308.17
242.02	49266.51
242.09	49217.93
242.16	49160.61
242.23	49136.29
242.30	49137.99
242.37	49140.81
242.44	49152.49
242.51	49155.62
242.58	49139.43
242.65	49121.76
242.72	49124.15
242.79	49114.56
242.87	49125.50
242.94	49130.44
243.01	49122.11
243.08	49106.11
243.15	49101.41
243.22	49098.39
243.29	49112.16
243.36	49127.32
243.43	49147.04
243.50	49175.10
243.57	49199.11
243.64	49208.87
243.71	49229.70
243.78	49242.72
243.85	49228.92
243.92	49206.31
243.99	49193.11
244.07	49171.27
244.14	49139.29
244.21	49135.36
244.28	49149.04
244.35	49159.33
244.42	49177.11
244.49	49207.76
244.56	49225.97
244.63	49232.33
244.70	49233.80
244.77	49235.61
244.84	49228.84
244.91	49219.75
244.98	49213.21
245.05	49220.86
245.12	49239.40
245.19	49269.98
245.26	49308.77
245.33	49344.94
245.40	49385.52
245.47	49410.09
245.55	49423.29
245.62	49430.54
245.69	49447.68
245.76	49460.56
245.83	49473.18
245.90	49479.94
245.97	49483.06
246.04	49490.68
246.11	49484.08
246.18	49471.90
246.25	49473.40
246.32	49478.04
246.39	49475.06
246.46	49483.40
246.53	49506.83
246.60	49523.91
246.67	49546.83
246.74	49572.17
246.81	49600.74
246.88	49616.12
246.95	49631.85
247.02	49639.78
247.09	49647.04
247.16	49644.92
247.23	49628.91
247.30	49596.62
247.37	49576.69
247.44	49563.59
247.51	49547.29
247.58	49555.28
247.66	49596.52
247.73	49647.90
247.80	49700.56
247.87	49758.59
247.94	49822.10
248.01	49879.47
248.08	49920.68
248.15	49946.08
248.22	49967.94
248.29	49996.57
248.36	50010.90
248.43	50042.11
248.50	50073.44
248.57	50106.84
248.64	50119.54
248.71	50153.41
248.78	50172.17
248.85	50191.29
248.92	50207.49
248.99	50224.59
249.06	50215.74
249.13	50192.34
249.20	50175.85
249.27	50156.43
249.34	50141.93
249.41	50156.44
249.48	50175.32
249.55	50187.89
249.62	50210.18
249.69	50233.42
249.76	50259.80
249.83	50289.27
249.90	50331.24
249.97	50369.50
250.04	50421.47
250.11	50466.10
250.18	50514.10
250.25	50557.78
250.32	50585.24
250.39	50607.83
250.46	50621.61
250.53	50633.59
250.60	50642.00
250.67	50671.36
250.74	50694.89
250.81	50685.26
250.88	50678.40
250.95	50674.88
251.02	50653.38
251.09	50634.34
251.16	50664.66
251.23	50698.19
251.30	50736.77
251.37	50779.80
251.44	50810.70
251.51	50842.86
251.58	50865.39
251.65	50889.54
251.72	50909.09
251.79	50933.27
251.86	50918.96
251.93	50892.04
252.00	50840.26
252.07	50797.43
252.14	50769.84
252.21	50772.52
252.28	50786.83
252.35	50829.98
252.42	50893.82
252.49	50938.34
252.56	50971.08
252.63	51013.64
252.70	51031.16
252.77	51030.97
252.84	51042.51
252.91	51039.64
252.98	51021.96
253.05	51011.01
253.12	51010.81
253.19	51020.12
253.25	51053.08
253.32	51082.81
253.39	51128.59
253.46	51151.36
253.53	51163.23
253.60	51146.67
253.67	51151.08
253.74	51162.25
253.81	51190.19
253.88	51206.43
253.95	51240.24
254.02	51263.18
254.09	51265.98
254.16	51264.62
254.23	51256.10
254.30	51238.24
254.37	51233.64
254.44	51242.19
254.51	51256.30
254.58	51273.53
254.65	51298.20
254.72	51312.01
254.79	51292.99
254.86	51269.37
254.93	51245.63
255.00	51236.32
255.07	51228.86
255.14	51245.41
255.21	51242.99
255.28	51231.98
255.34	51201.72
255.41	51195.33
255.48	51194.16
255.55	51213.96
255.62	51255.06
255.69	51296.85
255.76	51325.30
255.83	51353.80
255.90	51372.18
255.97	51391.52
256.04	51394.96
256.11	51390.39
256.18	51383.73
256.25	51372.81
256.32	51349.43
256.39	51330.69
256.46	51304.45
256.53	51270.44
256.60	51236.65
256.67	51204.74
256.74	51193.35
256.80	51188.96
256.87	51176.69
256.94	51168.93
257.01	51165.25
257.08	51160.12
257.15	51155.77
257.22	51157.88
257.29	51150.02
257.36	51141.87
257.43	51133.60
257.50	51124.00
257.57	51104.07
257.64	51104.22
257.71	51092.84
257.78	51077.36
257.85	51057.08
257.92	51055.36
257.98	51049.19
258.05	51053.24
258.12	51047.84
258.19	51029.79
258.26	50995.64
258.33	50941.44
258.40	50898.23
258.47	50868.71
258.54	50860.14
258.61	50878.44
258.68	50902.50
258.75	50926.15
258.82	50941.91
258.89	50937.01
258.95	50902.57
259.02	50873.27
259.09	50823.47
259.16	50763.41
259.23	50706.96
259.30	50658.60
259.37	50630.17
259.44	50612.45
259.51	50607.53
259.58	50615.81
259.65	50612.43
259.72	50594.73
259.79	50559.96
259.85	50519.74
259.92	50482.58
259.99	50477.29
260.06	50470.82
260.13	50462.51
260.20	50453.98
260.27	50421.39
260.34	50358.88
260.41	50299.21
260.48	50259.90
260.55	50225.15
260.62	50196.29
260.68	50167.37
260.75	50149.04
260.82	50126.92
260.89	50109.86
260.96	50098.89
261.03	50099.39
261.10	50087.51
261.17	50073.13
261.24	50040.44
261.31	50010.17
261.38	49974.28
261.44	49928.79
261.51	49880.79
261.58	49845.44
261.65	49803.94
261.72	49758.13
261.79	49716.55
261.86	49669.67
261.93	49631.57
262.00	49602.38
262.07	49568.95
262.13	49537.36
262.20	49517.55
262.27	49477.05
262.34	49445.97
262.41	49409.62
262.48	49365.10
262.55	49319.76
262.62	49275.88
262.69	49210.87
262.76	49171.28
262.82	49130.08
262.89	49081.43
262.96	49031.72
263.03	49001.17
263.10	48961.33
263.17	48911.84
263.24	48870.10
263.31	48848.85
263.38	48812.64
263.44	48778.21
263.51	48753.30
263.58	48724.01
263.65	48682.54
263.72	48642.62
263.79	48584.04
263.86	48526.76
263.93	48469.55
264.00	48414.70
264.06	48370.31
264.13	48350.26
264.20	48327.45
264.27	48302.14
264.34	48277.23
264.41	48236.59
264.48	48185.58
264.55	48147.36
264.61	48119.50
264.68	48083.61
264.75	48048.04
264.82	47987.95
264.89	47918.31
264.96	47842.54
265.03	47767.31
265.10	47715.15
265.16	47686.04
265.23	47667.52
265.30	47656.39
265.37	47639.21
265.44	47602.61
265.51	47574.59
265.58	47541.01
265.65	47493.72
265.71	47446.56
265.78	47405.70
265.85	47345.76
265.92	47282.76
265.99	47224.31
266.06	47175.65
266.13	47116.31
266.20	47079.93
266.26	47050.39
266.33	47017.10
266.40	46968.94
266.47	46913.00
266.54	46832.33
266.61	46754.85
266.68	46678.86
266.74	46615.04
266.81	46569.89
266.88	46536.21
266.95	46485.70
267.02	46450.93
267.09	46410.14
267.16	46361.07
267.22	46325.44
267.29	46303.04
267.36	46269.88
267.43	46250.16
267.50	46216.83
267.57	46169.47
267.64	46117.31
267.70	46075.44
267.77	46018.48
267.84	45975.55
267.91	45928.53
267.98	45881.30
268.05	45813.28
268.11	45750.51
268.18	45687.57
268.25	45628.17
268.32	45578.05
268.39	45535.99
268.46	45498.70
268.53	45482.06
268.59	45462.99
268.66	45436.19
268.73	45410.22
268.80	45386.04
268.87	45334.05
268.94	45293.74
269.00	45259.62
269.07	45216.81
269.14	45173.97
269.21	45136.69
269.28	45092.90
269.35	45044.84
269.41	45005.08
269.48	44952.68
269.55	44893.57
269.62	44825.34
269.69	44761.12
269.76	44692.23
269.82	44630.49
269.89	44589.06
269.96	44578.01
270.03	44557.06
270.10	44535.40
270.17	44509.23
270.23	44477.43
270.30	44430.79
270.37	44395.17
270.44	44365.89
270.51	44342.52
270.58	44301.07
270.64	44269.40
270.71	44228.89
270.78	44199.09
270.85	44157.43
270.92	44120.07
270.99	44069.12
271.05	44024.13
271.12	43963.86
271.19	43913.51
271.26	43867.73
271.33	43829.80
271.39	43790.31
271.46	43735.05
271.53	43694.60
271.60	43664.92
271.67	43635.58
271.74	43607.90
271.80	43602.71
271.87	43596.20
271.94	43566.42
272.01	43521.72
272.08	43480.36
272.14	43432.24
272.21	43384.29
272.28	43360.49
272.35	43336.73
272.42	43308.62
272.48	43299.92
272.55	43284.90
272.62	43266.36
272.69	43263.23
272.76	43268.38
272.83	43246.86
272.89	43221.20
272.96	43192.97
273.03	43145.96
273.10	43090.83
273.17	43045.25
273.23	42996.20
273.30	42946.17
273.37	42912.75
273.44	42888.09
273.51	42867.30
273.57	42862.98
273.64	42854.69
273.71	42850.25
273.78	42828.70
273.85	42808.40
273.91	42774.44
273.98	42751.79
274.05	42718.58
274.12	42702.20
274.19	42678.76
274.25	42655.58
274.32	42626.17
274.39	42591.97
274.46	42538.49
274.53	42474.64
274.59	42410.32
274.66	42352.45
274.73	42302.58
274.80	42260.71
274.86	42231.75
274.93	42216.40
275.00	42200.73
275.07	42179.24
275.14	42159.31
275.20	42126.76
275.27	42081.31
275.34	42028.72
275.41	41988.79
275.48	41965.52
275.54	41959.38
275.61	41947.52
275.68	41939.84
275.75	41919.14
275.81	41880.43
275.88	41838.80
275.95	41803.26
276.02	41760.34
276.09	41724.63
276.15	41685.51
276.22	41663.14
276.29	41648.08
276.36	41625.17
276.42	41595.07
276.49	41566.55
276.56	41505.39
276.63	41430.10
276.70	41377.51
276.76	41343.34
276.83	41324.46
276.90	41324.57
276.97	41334.41
277.03	41340.42
277.10	41332.77
277.17	41322.28
277.24	41307.47
277.30	41287.99
277.37	41264.43
277.44	41234.44
277.51	41199.11
277.58	41160.39
277.64	41128.02
277.71	41094.73
277.78	41063.94
277.85	41015.11
277.91	40967.03
277.98	40919.60
278.05	40869.91
278.12	40830.81
278.18	40802.30
278.25	40783.40
278.32	40764.16
278.39	40761.42
278.45	40755.91
278.52	40752.28
278.59	40739.45
278.66	40716.93
278.72	40679.22
278.79	40644.69
278.86	40614.41
278.93	40598.37
278.99	40583.21
279.06	40571.45
279.13	40544.24
279.20	40527.64
279.26	40502.08
279.33	40484.25
279.40	40458.26
279.47	40432.74
279.53	40398.12
279.60	40360.12
279.67	40321.43
279.74	40285.25
279.80	40257.48
279.87	40228.84
279.94	40203.18
280.01	40177.39
280.07	40147.33
280.14	40118.05
280.21	40085.43
280.28	40044.77
280.34	39999.93
280.41	39956.75
280.48	39909.43
280.55	39866.60
280.61	39836.96
280.68	39814.16
280.75	39791.32
280.82	39764.29
280.88	39731.06
280.95	39681.13
281.02	39627.74
281.08	39565.57
281.15	39504.79
281.22	39445.72
281.29	39382.54
281.35	39308.56
281.42	39250.44
281.49	39187.43
281.56	39123.41
281.62	39087.08
281.69	39060.75
281.76	39036.74
281.82	39022.74
281.89	39008.48
281.96	38978.03
282.03	38946.55
282.09	38906.51
282.16	38873.39
282.23	38835.04
282.30	38799.22
282.36	38762.95
282.43	38731.61
282.50	38708.84
282.56	38676.73
282.63	38648.80
282.70	38623.69
282.77	38601.21
282.83	38567.92
282.90	38556.38
282.97	38539.67
283.03	38525.45
283.10	38518.45
283.17	38509.57
283.24	38479.77
283.30	38446.54
283.37	38416.61
283.44	38371.64
283.50	38319.40
283.57	38284.05
283.64	38233.97
283.71	38179.08
283.77	38132.28
283.84	38102.24
283.91	38068.37
283.97	38060.67
284.04	38059.60
284.11	38045.52
284.18	38029.37
284.24	38019.05
284.31	38008.34
284.38	37990.58
284.44	37987.10
284.51	37976.22
284.58	37967.75
284.64	37954.09
284.71	37936.94
284.78	37910.87
284.85	37888.44
284.91	37868.20
284.98	37848.58
285.05	37814.95
285.11	37794.05
285.18	37766.87
285.25	37741.23
285.31	37713.00
285.38	37705.58
285.45	37695.27
285.52	37684.00
285.58	37657.26
285.65	37635.38
285.72	37605.64
285.78	37574.84
285.85	37555.13
285.92	37543.51
285.98	37526.76
286.05	37516.03
286.12	37504.31
286.18	37485.24
286.25	37467.62
286.32	37448.73
286.39	37426.34
286.45	37398.27
286.52	37363.11
286.59	37329.23
286.65	37305.60
286.72	37291.16
286.79	37291.45
286.85	37298.04
286.92	37303.59
286.99	37299.58
287.05	37288.32
287.12	37275.60
287.19	37261.14
287.25	37251.99
287.32	37237.84
287.39	37231.28
287.45	37217.85
287.52	37200.70
287.59	37185.99
287.65	37181.19
287.72	37161.05
287.79	37130.12
287.86	37104.84
287.92	37064.84
287.99	37033.18
288.06	37016.86
288.12	37003.15
288.19	36992.54
288.26	36975.41
288.32	36959.01
288.39	36935.22
288.46	36923.20
288.52	36918.12
288.59	36926.99
288.66	36929.17
288.72	36928.72
288.79	36923.22
288.86	36907.69
288.92	36878.35
288.99	36842.63
289.06	36822.99
289.12	36796.74
289.19	36778.63
289.26	36774.29
289.32	36777.12
289.39	36764.85
289.45	36767.05
289.52	36755.95
289.59	36749.34
289.65	36739.26
289.72	36725.02
289.79	36711.22
289.85	36702.19
289.92	36687.49
289.99	36677.37
290.05	36667.97
290.12	36647.08
290.19	36628.84
290.25	36602.45
290.32	36575.45
290.39	36559.10
290.45	36552.56
290.52	36549.88
290.59	36552.21
290.65	36545.67
290.72	36528.22
290.79	36511.04
290.85	36499.33
290.92	36490.92
290.98	36482.43
291.05	36485.93
291.12	36481.05
291.18	36474.72
291.25	36465.17
291.32	36454.39
291.38	36432.70
291.45	36415.04
291.52	36394.85
291.58	36377.47
291.65	36366.28
291.72	36357.48
291.78	36349.08
291.85	36329.23
291.91	36308.39
291.98	36301.35
292.05	36295.10
292.11	36285.59
292.18	36281.29
292.25	36280.55
292.31	36255.48
292.38	36239.30
292.45	36224.86
292.51	36219.30
292.58	36202.64
292.64	36201.68
292.71	36188.60
292.78	36181.43
292.84	36154.94
292.91	36140.09
292.98	36123.79
293.04	36113.11
293.11	36094.15
293.17	36086.66
293.24	36082.95
293.31	36072.89
293.37	36068.86
293.44	36057.86
293.51	36047.16
293.57	36023.93
293.64	36006.09
293.70	35989.29
293.77	35978.40
293.84	35966.07
293.90	35957.02
293.97	35953.03
294.04	35945.09
294.10	35929.00
294.17	35915.62
294.23	35905.59
294.30	35882.41
294.37	35860.78
294.43	35858.15
294.50	35843.48
294.56	35831.63
294.63	35819.67
294.70	35804.18
294.76	35785.77
294.83	35776.13
294.90	35764.75
294.96	35759.51
295.03	35749.52
295.09	35743.05
295.16	35748.17
295.23	35741.18
295.29	35735.57
295.36	35724.73
295.42	35697.83
295.49	35661.81
295.56	35649.43
295.62	35630.77
295.69	35613.88
295.75	35610.24
295.82	35611.63
295.89	35582.63
295.95	35551.89
296.02	35534.34
296.08	35507.56
296.15	35470.11
296.22	35459.54
296.28	35452.49
296.35	35444.98
296.41	35426.57
296.48	35422.73
296.55	35415.01
296.61	35401.95
296.68	35388.52
296.74	35389.65
296.81	35382.93
296.88	35365.69
296.94	35347.80
297.01	35324.15
297.07	35298.96
297.14	35278.23
297.20	35269.14
297.27	35264.23
297.34	35274.64
297.40	35273.16
297.47	35259.81
297.53	35235.48
297.60	35217.03
297.67	35180.96
297.73	35157.24
297.80	35138.36
297.86	35117.29
297.93	35092.67
298.00	35075.82
298.06	35060.76
298.13	35056.63
298.19	35047.24
298.26	35038.63
298.32	35035.62
298.39	35023.58
298.46	35002.54
298.52	34982.14
298.59	34956.69
298.65	34918.62
298.72	34898.14
298.78	34870.28
298.85	34853.06
298.92	34833.72
298.98	34817.75
299.05	34787.04
299.11	34760.96
299.18	34728.99
299.24	34701.44
299.31	34666.59
299.38	34640.87
299.44	34612.14
299.51	34597.55
299.57	34587.21
299.64	34585.20
299.70	34576.74
299.77	34562.65
299.84	34535.18
299.90	34495.61
299.97	34451.06
300.03	34416.84
300.10	34400.29
300.16	34382.27
300.23	34367.88
300.30	34360.29
300.36	34334.57
300.43	34305.31
300.49	34273.63
300.56	34250.03
300.62	34221.51
300.69	34204.36
300.75	34182.02
300.82	34157.66
300.89	34129.06
300.95	34098.80
301.02	34058.04
301.08	34015.86
301.15	33985.59
301.21	33954.56
301.28	33930.98
301.34	33915.07
301.41	33889.59
301.48	33864.84
301.54	33832.44
301.61	33806.20
301.67	33775.79
301.74	33750.85
301.80	33713.00
301.87	33677.88
301.93	33626.87
302.00	33581.25
302.06	33528.51
302.13	33477.65
302.20	33448.48
302.26	33415.55
302.33	33386.41
302.39	33360.32
302.46	33332.12
302.52	33285.93
302.59	33244.42
302.65	33192.47
302.72	33148.24
302.78	33108.25
302.85	33074.18
302.91	33039.70
302.98	33011.38
303.05	32976.04
303.11	32941.83
303.18	32898.09
303.24	32859.08
303.31	32813.43
303.37	32772.60
303.44	32737.09
303.50	32692.77
303.57	32639.76
303.63	32585.66
303.70	32537.87
303.76	32485.92
303.83	32446.19
303.89	32407.91
303.96	32366.21
304.03	32315.83
304.09	32263.60
304.16	32205.49
304.22	32149.94
304.29	32100.03
304.35	32050.84
304.42	32010.98
304.48	31968.80
304.55	31917.52
304.61	31865.38
304.68	31814.29
304.74	31756.23
304.81	31708.13
304.87	31656.09
304.94	31613.55
305.00	31569.48
305.07	31514.66
305.13	31443.54
305.20	31390.04
305.26	31335.76
305.33	31276.74
305.39	31225.26
305.46	31177.46
305.52	31123.38
305.59	31070.06
305.66	31009.79
305.72	30951.07
305.79	30900.53
305.85	30846.64
305.92	30755.24
305.98	30645.36
306.05	30506.99
306.11	30356.13
306.18	30191.94
306.24	30055.87
306.31	29988.79
306.37	29979.71
306.44	30015.85
306.50	30075.13
306.57	30137.57
306.63	30161.47
306.70	30140.01
306.76	30085.70
306.83	30022.44
306.89	29945.42
306.96	29872.50
307.02	29806.97
307.09	29756.37
307.15	29702.74
307.22	29660.17
307.28	29607.61
307.35	29547.05
307.41	29467.75
307.48	29390.58
307.54	29315.24
307.61	29242.78
307.67	29182.54
307.74	29126.27
307.80	29077.05
307.87	29017.12
307.93	28961.84
308.00	28910.42
308.06	28853.71
308.13	28788.12
308.19	28730.57
308.26	28667.18
308.32	28602.14
308.38	28545.19
308.45	28480.96
308.51	28427.34
308.58	28371.54
308.64	28309.84
308.71	28250.67
308.77	28198.42
308.84	28127.81
308.90	28069.89
308.97	28007.93
309.03	27946.08
309.10	27885.24
309.16	27823.22
309.23	27747.61
309.29	27682.78
309.36	27600.89
309.42	27516.73
309.49	27445.88
309.55	27383.54
309.62	27317.89
309.68	27267.63
309.75	27210.96
309.81	27149.56
309.88	27092.66
309.94	27026.72
310.00	26961.67
310.07	26895.47
310.13	26837.24
310.20	26762.76
310.26	26702.87
310.33	26632.35
310.39	26576.80
310.46	26514.02
310.52	26455.92
310.59	26391.52
310.65	26329.55
310.72	26265.92
310.78	26200.66
310.85	26131.16
310.91	26074.97
310.97	26019.80
311.04	25964.05
311.10	25902.55
311.17	25846.77
311.23	25782.72
311.30	25724.07
311.36	25664.36
311.43	25617.44
311.49	25564.90
311.56	25509.34
311.62	25451.98
311.69	25398.37
311.75	25345.46
311.81	25288.19
311.88	25223.10
311.94	25162.37
312.01	25108.23
312.07	25041.05
312.14	24989.58
312.20	24952.16
312.27	24903.62
312.33	24839.64
312.40	24775.90
312.46	24711.39
312.52	24644.47
312.59	24581.32
312.65	24516.73
312.72	24456.48
312.78	24390.73
312.85	24330.00
312.91	24262.10
312.98	24209.23
313.04	24159.59
313.10	24111.06
313.17	24051.72
313.23	24008.22
313.30	23951.16
313.36	23889.09
313.43	23828.36
313.49	23772.22
313.56	23705.14
313.62	23644.81
313.68	23581.41
313.75	23530.02
313.81	23477.97
313.88	23429.25
313.94	23384.01
314.01	23341.26
314.07	23287.33
314.13	23230.03
314.20	23177.34
314.26	23116.11
314.33	23057.01
314.39	23003.12
314.46	22942.26
314.52	22894.36
314.58	22840.61
314.65	22788.93
314.71	22727.91
314.78	22681.79
314.84	22622.70
314.91	22566.06
314.97	22514.88
315.03	22465.19
315.10	22406.24
315.16	22343.10
315.23	22292.02
315.29	22243.86
315.36	22194.67
315.42	22150.25
315.48	22104.58
315.55	22060.77
315.61	21997.15
315.68	21945.05
315.74	21885.12
315.81	21828.60
315.87	21763.43
315.93	21721.42
316.00	21686.62
316.06	21655.28
316.13	21628.19
316.19	21578.13
316.25	21483.68
316.32	21343.22
316.38	21173.35
316.45	20957.90
316.51	20732.19
316.58	20505.82
316.64	20265.90
316.70	20029.40
316.77	19789.02
316.83	19543.24
316.90	19293.27
316.96	19047.33
317.02	18796.46
317.09	18553.64
317.15	18314.04
317.22	18070.05
317.28	17824.70
317.34	17577.41
317.41	17334.84
317.47	17093.50
317.54	16847.80
317.60	16606.44
317.66	16360.67
317.73	16112.25
317.79	15860.76
317.86	15620.38
317.92	15372.64
317.98	15122.72
318.05	14866.74
318.11	14615.69
318.18	14365.06
318.24	14117.06
318.30	13865.31
318.37	13617.44
318.43	13358.00
318.50	13093.55
318.56	12825.31
318.62	12567.49
318.69	12299.17
318.75	12036.59
318.82	11765.60
318.88	11499.85
318.94	11224.48
319.01	10952.13
319.07	10679.97
319.13	10405.22
319.20	10128.39
319.26	9847.19
319.33	9566.02
319.39	9273.22
319.45	8992.84
319.52	8709.19
319.58	8424.65
319.65	8139.33
319.71	7860.40
319.77	7576.09
319.84	7297.84
319.90	7028.19
319.96	6756.86
320.03	6488.08
320.09	6228.82
320.16	5960.33
320.22	5702.12
320.28	5451.08
320.35	5210.50
320.41	4974.02
320.47	4754.06
320.54	4532.04
320.60	4323.42
320.67	4119.74
320.73	3921.19
320.79	3728.14
320.86	3550.54
320.92	3375.53
320.98	3211.54
321.05	3054.09
321.11	2902.78
321.18	2758.79
321.24	2626.40
321.30	2494.84
321.37	2375.88
321.43	2272.70
321.49	2170.19
321.56	2071.86
321.62	1985.24
321.68	1898.08
321.75	1813.97
321.81	1740.50
321.88	1670.20
321.94	1606.67
322.00	1548.45
322.07	1485.19
322.13	1424.53
322.19	1364.21
322.26	1302.41
322.32	1246.22
322.38	1197.76
322.45	1154.96
322.51	1111.23
322.58	1073.61
322.64	1028.00
322.70	987.95
322.77	939.54
322.83	903.40
322.89	858.40
322.96	818.68
323.02	778.49
323.08	740.45
323.15	699.84
323.21	664.29
323.27	630.80
323.34	597.08
323.40	563.90
323.46	530.78
323.53	493.33
323.59	414.71
323.65	310.11
323.72	194.18
323.78	83.77
323.85	-15.79
323.91	-66.45
323.97	-85.91
324.04	-86.13
