180.21	3428.23
180.28	-125.16
180.36	634.13
180.44	-43.60
180.51	-9.12
180.59	18.47
180.66	50.31
180.74	51.49
180.81	53.14
180.89	57.25
180.97	60.39
181.04	60.81
181.12	61.84
181.19	65.76
181.27	69.32
181.34	89.10
181.42	98.08
181.50	106.15
181.57	116.67
181.65	121.62
181.72	115.89
181.80	112.14
181.87	117.42
181.95	126.18
182.03	136.04
182.10	151.16
182.18	167.49
182.25	190.60
182.33	210.71
182.40	236.49
182.48	252.63
182.55	284.63
182.63	304.23
182.71	322.61
182.78	339.65
182.86	348.74
182.93	332.54
183.01	316.12
183.08	293.43
183.16	281.68
183.23	277.40
183.31	304.05
183.39	336.80
183.46	388.30
183.54	433.28
183.61	491.40
183.69	549.00
183.76	615.11
183.84	671.56
183.91	732.32
183.99	793.94
184.06	840.77
184.14	896.56
184.22	935.79
184.29	941.19
184.37	937.98
184.44	908.64
184.52	814.65
184.59	712.90
184.67	641.04
184.74	575.34
184.82	562.61
184.89	615.15
184.97	711.25
185.04	815.42
185.12	923.53
185.20	1026.83
185.27	1134.54
185.35	1225.91
185.42	1293.87
185.50	1372.31
185.57	1426.00
185.65	1479.35
185.72	1549.76
185.80	1628.82
185.87	1696.51
185.95	1787.17
186.02	1844.26
186.10	1847.21
186.17	1806.51
186.25	1675.46
186.33	1474.94
186.40	1304.85
186.48	1203.09
186.55	1181.75
186.63	1262.33
186.70	1433.33
186.78	1596.76
186.85	1745.25
186.93	1869.08
187.00	2004.95
187.08	2114.39
187.15	2248.10
187.23	2382.44
187.30	2500.34
187.38	2617.36
187.45	2753.00
187.53	2851.95
187.60	2940.26
187.68	3060.99
187.75	3142.71
187.83	3184.09
187.90	3219.08
187.98	3212.99
188.05	3093.08
188.13	2860.31
188.21	2598.48
188.28	2377.36
188.36	2211.67
188.43	2179.76
188.51	2314.09
188.58	2527.86
188.66	2724.58
188.73	2924.46
188.81	3108.15
188.88	3271.20
188.96	3404.18
189.03	3549.94
189.11	3688.43
189.18	3796.56
189.26	3901.09
189.33	4020.76
189.41	4113.75
189.48	4200.24
189.56	4307.22
189.63	4387.40
189.71	4443.14
189.78	4503.23
189.86	4523.29
189.93	4489.39
190.01	4414.69
190.08	4253.20
190.16	3967.71
190.23	3667.75
190.31	3457.35
190.38	3338.81
190.46	3353.40
190.53	3517.34
190.61	3755.99
190.68	3963.48
190.76	4163.72
190.83	4331.06
190.91	4495.89
190.98	4632.62
191.06	4778.60
191.13	4903.18
191.21	5016.55
191.28	5122.10
191.35	5237.78
191.43	5315.64
191.50	5387.26
191.58	5467.06
191.65	5512.88
191.73	5536.32
191.80	5564.88
191.88	5565.56
191.95	5550.34
192.03	5544.93
192.10	5525.35
192.18	5481.27
192.25	5395.68
192.33	5229.68
192.40	5037.91
192.48	4886.76
192.55	4805.15
192.63	4817.23
192.70	4948.88
192.78	5137.46
192.85	5330.69
192.93	5503.06
193.00	5641.60
193.08	5771.03
193.15	5878.52
193.22	5964.11
193.30	6025.35
193.37	6086.40
193.45	6119.35
193.52	6160.35
193.60	6204.86
193.67	6254.93
193.75	6304.51
193.82	6351.00
193.90	6388.53
193.97	6431.71
194.05	6476.66
194.12	6518.21
194.20	6573.38
194.27	6625.06
194.34	6652.01
194.42	6663.49
194.49	6667.55
194.57	6642.68
194.64	6567.36
194.72	6474.67
194.79	6387.00
194.87	6303.58
194.94	6251.26
195.02	6257.06
195.09	6306.63
195.17	6381.78
195.24	6485.96
195.31	6598.52
195.39	6718.88
195.46	6827.10
195.54	6928.74
195.61	7011.30
195.69	7070.24
195.76	7108.44
195.84	7154.38
195.91	7176.37
195.99	7187.36
196.06	7199.70
196.13	7210.56
196.21	7199.09
196.28	7181.61
196.36	7147.36
196.43	7096.41
196.51	7046.63
196.58	7013.40
196.66	7007.72
196.73	7043.77
196.80	7114.38
196.88	7198.16
196.95	7290.29
197.03	7370.51
197.10	7416.94
197.18	7447.88
197.25	7474.70
197.33	7494.05
197.40	7519.68
197.47	7543.76
197.55	7575.22
197.62	7597.48
197.70	7608.56
197.77	7606.69
197.85	7602.33
197.92	7564.83
197.99	7499.89
198.07	7418.99
198.14	7346.16
198.22	7321.97
198.29	7354.96
198.37	7448.17
198.44	7582.54
198.51	7722.66
198.59	7835.25
198.66	7932.56
198.74	8004.66
198.81	8060.59
198.89	8102.51
198.96	8137.14
199.03	8150.59
199.11	8163.46
199.18	8162.46
199.26	8157.65
199.33	8151.05
199.41	8134.18
199.48	8066.76
199.55	7980.70
199.63	7881.30
199.70	7807.09
199.78	7771.64
199.85	7824.01
199.93	7939.96
200.00	8100.98
200.07	8251.20
200.15	8394.39
200.22	8501.24
200.30	8573.12
200.37	8635.94
200.44	8691.86
200.52	8733.87
200.59	8773.61
200.67	8795.90
200.74	8788.81
200.81	8770.86
200.89	8746.84
200.96	8727.78
201.04	8695.92
201.11	8651.79
201.19	8594.25
201.26	8544.65
201.33	8507.18
201.41	8530.08
201.48	8613.67
201.56	8743.44
201.63	8896.81
201.70	9037.82
201.78	9156.98
201.85	9254.88
201.93	9331.37
202.00	9386.83
202.07	9439.78
202.15	9480.44
202.22	9508.67
202.30	9535.03
202.37	9548.81
202.44	9556.24
202.52	9555.15
202.59	9549.26
202.67	9534.92
202.74	9532.06
202.81	9511.89
202.89	9484.61
202.96	9481.61
203.04	9520.84
203.11	9587.41
203.18	9702.24
203.26	9849.03
203.33	9981.40
203.41	10086.37
203.48	10171.91
203.55	10227.05
203.63	10281.15
203.70	10339.17
203.77	10386.63
203.85	10426.57
203.92	10468.47
204.00	10516.02
204.07	10559.32
204.14	10605.16
204.22	10639.49
204.29	10670.14
204.37	10675.59
204.44	10677.78
204.51	10686.42
204.59	10703.77
204.66	10735.04
204.73	10798.66
204.81	10884.45
204.88	10986.59
204.96	11102.58
205.03	11214.91
205.10	11307.18
205.18	11388.54
205.25	11455.90
205.32	11516.71
205.40	11575.79
205.47	11642.30
205.55	11701.76
205.62	11761.91
205.69	11822.09
205.77	11880.63
205.84	11933.54
205.91	11989.96
205.99	12041.69
206.06	12088.00
206.14	12133.49
206.21	12180.26
206.28	12217.77
206.36	12264.93
206.43	12321.01
206.50	12395.76
206.58	12484.02
206.65	12588.43
206.72	12692.91
206.80	12796.08
206.87	12891.06
206.95	12984.42
207.02	13077.34
207.09	13169.79
207.17	13267.11
207.24	13359.54
207.31	13439.23
207.39	13514.45
207.46	13588.54
207.53	13650.95
207.61	13720.77
207.68	13793.73
207.75	13872.69
207.83	13955.30
207.90	14031.07
207.98	14091.63
208.05	14162.82
208.12	14230.77
208.20	14302.15
208.27	14396.68
208.34	14504.49
208.42	14606.84
208.49	14704.84
208.56	14797.31
208.64	14889.38
208.71	14979.37
208.78	15063.38
208.86	15166.82
208.93	15274.08
209.00	15372.64
209.08	15466.43
209.15	15574.75
209.22	15673.85
209.30	15768.04
209.37	15865.34
209.44	15973.51
209.52	16075.11
209.59	16164.43
209.67	16263.00
209.74	16356.66
209.81	16460.55
209.89	16557.16
209.96	16664.27
210.03	16765.12
210.11	16872.62
210.18	16966.56
210.25	17081.06
210.33	17196.71
210.40	17307.23
210.47	17422.51
210.55	17543.36
210.62	17645.84
210.69	17737.59
210.77	17845.95
210.84	17950.02
210.91	18069.36
210.99	18183.74
211.06	18311.18
211.13	18432.06
211.21	18556.95
211.28	18655.09
211.35	18771.65
211.42	18888.17
211.50	19004.11
211.57	19113.84
211.64	19231.68
211.72	19345.13
211.79	19460.31
211.86	19571.58
211.94	19702.04
212.01	19827.23
212.08	19951.68
212.16	20069.71
212.23	20199.42
212.30	20319.87
212.38	20443.11
212.45	20573.12
212.52	20705.56
212.60	20829.31
212.67	20948.56
212.74	21079.11
212.82	21199.26
212.89	21322.06
212.96	21443.14
213.03	21581.39
213.11	21716.53
213.18	21851.80
213.25	21992.17
213.33	22139.81
213.40	22274.87
213.47	22404.24
213.55	22530.81
213.62	22655.49
213.69	22775.05
213.77	22892.94
213.84	23017.05
213.91	23156.35
213.98	23291.31
214.06	23431.46
214.13	23578.34
214.20	23729.64
214.28	23884.41
214.35	24031.66
214.42	24173.20
214.50	24311.88
214.57	24442.66
214.64	24561.76
214.72	24688.23
214.79	24819.63
214.86	24949.21
214.93	25082.04
215.01	25228.66
215.08	25365.66
215.15	25506.25
215.23	25631.36
215.30	25768.37
215.37	25893.74
215.44	26042.73
215.52	26197.71
215.59	26363.34
215.66	26513.86
215.74	26666.04
215.81	26808.96
215.88	26951.51
215.95	27082.27
216.03	27211.67
216.10	27348.02
216.17	27489.96
216.25	27628.46
216.32	27783.51
216.39	27944.65
216.46	28093.62
216.54	28229.73
216.61	28362.29
216.68	28488.69
216.76	28625.92
216.83	28772.12
216.90	28931.06
216.97	29100.50
217.05	29271.96
217.12	29420.78
217.19	29548.07
217.27	29640.82
217.34	29723.64
217.41	29824.35
217.48	29939.60
217.56	30067.24
217.63	30231.63
217.70	30399.93
217.78	30558.82
217.85	30713.30
217.92	30878.19
217.99	31037.51
218.07	31186.51
218.14	31320.78
218.21	31465.19
218.28	31610.53
218.36	31757.35
218.43	31900.26
218.50	32055.25
218.57	32191.03
218.65	32313.26
218.72	32431.19
218.79	32561.03
218.87	32686.56
218.94	32826.99
219.01	32968.62
219.08	33104.22
219.16	33231.74
219.23	33354.49
219.30	33468.85
219.37	33591.91
219.45	33722.33
219.52	33867.42
219.59	33999.34
219.66	34132.25
219.74	34264.95
219.81	34421.47
219.88	34564.92
219.95	34718.26
220.03	34874.21
220.10	35016.83
220.17	35129.56
220.24	35241.54
220.32	35366.58
220.39	35485.96
220.46	35609.11
220.53	35734.16
220.61	35860.41
220.68	35983.70
220.75	36114.07
220.82	36254.02
220.90	36374.09
220.97	36471.63
221.04	36561.40
221.11	36647.28
221.19	36735.92
221.26	36845.52
221.33	36980.69
221.40	37121.38
221.48	37266.26
221.55	37392.25
221.62	37522.85
221.69	37653.05
221.77	37777.33
221.84	37893.82
221.91	38019.86
221.98	38142.42
222.06	38263.49
222.13	38391.98
222.20	38507.32
222.27	38617.97
222.35	38724.58
222.42	38827.79
222.49	38912.36
222.56	38995.70
222.63	39079.24
222.71	39174.77
222.78	39288.29
222.85	39402.78
222.92	39529.58
223.00	39635.26
223.07	39731.53
223.14	39806.71
223.21	39891.24
223.29	39987.66
223.36	40114.81
223.43	40242.22
223.50	40375.09
223.57	40506.88
223.65	40638.31
223.72	40756.34
223.79	40868.89
223.86	40965.75
223.94	41063.78
224.01	41140.62
224.08	41206.86
224.15	41265.83
224.22	41333.36
224.30	41389.61
224.37	41464.62
224.44	41559.47
224.51	41659.70
224.59	41764.11
224.66	41883.59
224.73	41989.85
224.80	42090.97
224.87	42198.12
224.95	42305.60
225.02	42405.44
225.09	42503.26
225.16	42589.51
225.23	42678.85
225.31	42759.44
225.38	42837.17
225.45	42923.54
225.52	43011.09
225.60	43087.69
225.67	43147.89
225.74	43195.84
225.81	43242.68
225.88	43302.74
225.96	43390.78
226.03	43505.01
226.10	43638.60
226.17	43761.29
226.24	43882.09
226.32	43970.26
226.39	44048.53
226.46	44111.16
226.53	44174.94
226.60	44232.54
226.68	44295.27
226.75	44359.58
226.82	44431.79
226.89	44505.40
226.96	44573.08
227.04	44616.42
227.11	44660.28
227.18	44708.35
227.25	44743.34
227.32	44795.64
227.40	44878.54
227.47	44951.88
227.54	45021.74
227.61	45101.62
227.68	45179.42
227.76	45246.97
227.83	45326.91
227.90	45393.89
227.97	45460.55
228.04	45513.16
228.11	45558.45
228.19	45597.23
228.26	45660.51
228.33	45732.12
228.40	45801.90
228.47	45874.82
228.55	45949.96
228.62	46011.71
228.69	46067.24
228.76	46124.38
228.83	46182.42
228.90	46239.57
228.98	46302.17
229.05	46369.93
229.12	46438.68
229.19	46511.43
229.26	46587.86
229.34	46640.55
229.41	46690.38
229.48	46741.41
229.55	46790.84
229.62	46836.76
229.69	46892.91
229.77	46930.19
229.84	46966.13
229.91	46998.48
229.98	47024.00
230.05	47058.25
230.12	47117.47
230.20	47188.20
230.27	47258.87
230.34	47331.13
230.41	47406.16
230.48	47463.27
230.55	47509.72
230.63	47556.40
230.70	47614.75
230.77	47645.95
230.84	47676.73
230.91	47696.94
230.98	47727.66
231.06	47752.96
231.13	47808.18
231.20	47885.49
231.27	47964.68
231.34	48028.73
231.41	48090.85
231.49	48143.53
231.56	48179.21
231.63	48229.96
231.70	48280.58
231.77	48311.50
231.84	48338.55
231.92	48357.44
231.99	48372.61
232.06	48401.47
232.13	48442.86
232.20	48487.14
232.27	48542.25
232.34	48586.62
232.42	48604.05
232.49	48628.54
232.56	48677.61
232.63	48737.21
232.70	48790.67
232.77	48864.10
232.85	48929.41
232.92	48972.06
232.99	48992.32
233.06	49024.78
233.13	49045.07
233.20	49056.16
233.27	49061.85
233.35	49065.59
233.42	49062.48
233.49	49068.93
233.56	49088.46
233.63	49113.70
233.70	49139.46
233.77	49173.00
233.85	49207.33
233.92	49244.82
233.99	49273.19
234.06	49319.73
234.13	49365.72
234.20	49410.64
234.27	49445.74
234.35	49474.55
234.42	49489.06
234.49	49497.49
234.56	49503.79
234.63	49497.29
234.70	49493.03
234.77	49484.52
234.84	49464.86
234.92	49441.01
234.99	49445.59
235.06	49460.87
235.13	49487.40
235.20	49527.43
235.27	49572.83
235.34	49601.76
235.41	49644.27
235.49	49668.69
235.56	49694.23
235.63	49705.57
235.70	49713.54
235.77	49694.73
235.84	49684.75
235.91	49667.34
235.98	49660.45
236.06	49661.53
236.13	49661.43
236.20	49660.76
236.27	49655.91
236.34	49665.83
236.41	49675.35
236.48	49683.51
236.55	49691.62
236.63	49695.67
236.70	49685.83
236.77	49669.95
236.84	49672.92
236.91	49666.52
236.98	49662.22
237.05	49661.12
237.12	49656.68
237.19	49640.86
237.27	49635.31
237.34	49639.72
237.41	49633.56
237.48	49626.11
237.55	49611.98
237.62	49599.17
237.69	49598.94
237.76	49607.49
237.83	49621.31
237.91	49634.56
237.98	49655.68
238.05	49655.26
238.12	49649.05
238.19	49646.13
238.26	49662.66
238.33	49652.06
238.40	49631.36
238.47	49611.45
238.54	49589.53
238.62	49552.54
238.69	49526.12
238.76	49514.72
238.83	49508.17
238.90	49520.20
238.97	49541.52
239.04	49564.19
239.11	49582.04
239.18	49600.86
239.25	49594.37
239.33	49566.46
239.40	49541.56
239.47	49506.81
239.54	49455.73
239.61	49404.32
239.68	49356.60
239.75	49322.76
239.82	49306.66
239.89	49292.93
239.96	49291.45
240.03	49304.11
240.11	49324.22
240.18	49335.69
240.25	49345.37
240.32	49346.27
240.39	49358.41
240.46	49360.14
240.53	49380.61
240.60	49411.93
240.67	49445.37
240.74	49455.99
240.81	49466.71
240.88	49455.39
240.96	49435.40
241.03	49415.70
241.10	49399.67
241.17	49379.23
241.24	49364.88
241.31	49352.07
241.38	49336.71
241.45	49336.85
241.52	49333.34
241.59	49330.53
241.66	49345.62
241.73	49359.04
241.80	49364.60
241.88	49362.38
241.95	49341.96
242.02	49298.15
242.09	49246.06
242.16	49191.33
242.23	49163.05
242.30	49153.81
242.37	49154.01
242.44	49164.51
242.51	49161.62
242.58	49146.86
242.65	49136.16
242.72	49136.26
242.79	49128.65
242.87	49142.84
242.94	49144.62
243.01	49134.17
243.08	49123.35
243.15	49123.03
243.22	49114.71
243.29	49128.22
243.36	49146.91
243.43	49162.12
243.50	49176.58
243.57	49195.78
243.64	49198.79
243.71	49212.30
243.78	49224.39
243.85	49219.38
243.92	49203.74
243.99	49190.35
244.07	49165.82
244.14	49136.13
244.21	49138.39
244.28	49155.58
244.35	49177.68
244.42	49209.03
244.49	49245.88
244.56	49264.16
244.63	49268.00
244.70	49263.41
244.77	49263.38
244.84	49255.41
244.91	49245.05
244.98	49234.24
245.05	49247.06
245.12	49267.14
245.19	49296.96
245.26	49331.14
245.33	49380.12
245.40	49413.48
245.47	49428.84
245.55	49440.56
245.62	49451.84
245.69	49456.30
245.76	49472.91
245.83	49496.60
245.90	49506.07
245.97	49507.93
246.04	49525.18
246.11	49520.52
246.18	49505.56
246.25	49504.21
246.32	49504.99
246.39	49495.18
246.46	49503.99
246.53	49522.31
246.60	49531.60
246.67	49560.12
246.74	49589.72
246.81	49615.46
246.88	49637.75
246.95	49660.29
247.02	49670.47
247.09	49676.67
247.16	49677.18
247.23	49661.41
247.30	49639.70
247.37	49619.73
247.44	49610.66
247.51	49593.29
247.58	49599.09
247.66	49631.86
247.73	49685.49
247.80	49726.08
247.87	49780.46
247.94	49839.32
248.01	49891.23
248.08	49923.25
248.15	49955.50
248.22	49979.91
248.29	50002.47
248.36	50022.29
248.43	50054.16
248.50	50086.14
248.57	50111.82
248.64	50138.89
248.71	50168.11
248.78	50197.60
248.85	50214.37
248.92	50239.27
248.99	50249.96
249.06	50244.13
249.13	50217.80
249.20	50203.08
249.27	50184.31
249.34	50176.74
249.41	50191.18
249.48	50208.53
249.55	50218.44
249.62	50238.17
249.69	50253.42
249.76	50273.91
249.83	50306.86
249.90	50350.51
249.97	50385.30
250.04	50438.01
250.11	50486.82
250.18	50529.26
250.25	50565.90
250.32	50602.16
250.39	50624.03
250.46	50635.12
250.53	50645.92
250.60	50656.35
250.67	50676.26
250.74	50697.88
250.81	50698.17
250.88	50696.46
250.95	50699.45
251.02	50690.76
251.09	50677.99
251.16	50702.31
251.23	50734.66
251.30	50770.47
251.37	50806.13
251.44	50839.62
251.51	50873.98
251.58	50896.62
251.65	50921.08
251.72	50944.20
251.79	50963.10
251.86	50947.57
251.93	50918.95
252.00	50871.88
252.07	50821.50
252.14	50794.73
252.21	50795.01
252.28	50811.80
252.35	50848.45
252.42	50914.03
252.49	50950.50
252.56	50992.84
252.63	51037.26
252.70	51066.47
252.77	51075.13
252.84	51089.92
252.91	51081.24
252.98	51059.38
253.05	51038.70
253.12	51033.20
253.19	51041.41
253.25	51069.81
253.32	51099.78
253.39	51142.84
253.46	51168.68
253.53	51184.22
253.60	51173.91
253.67	51175.56
253.74	51190.47
253.81	51222.87
253.88	51245.53
253.95	51276.75
254.02	51302.31
254.09	51300.58
254.16	51287.67
254.23	51270.28
254.30	51254.63
254.37	51251.77
254.44	51273.54
254.51	51292.43
254.58	51314.13
254.65	51340.22
254.72	51344.99
254.79	51316.57
254.86	51292.53
254.93	51269.36
255.00	51258.01
255.07	51255.69
255.14	51273.47
255.21	51269.71
255.28	51259.41
255.34	51236.30
255.41	51233.25
255.48	51228.80
255.55	51243.57
255.62	51269.45
255.69	51307.13
255.76	51332.98
255.83	51365.19
255.90	51387.35
255.97	51414.39
256.04	51413.38
256.11	51413.49
256.18	51406.91
256.25	51394.88
256.32	51374.27
256.39	51353.87
256.46	51320.45
256.53	51285.59
256.60	51255.42
256.67	51230.48
256.74	51219.69
256.80	51210.42
256.87	51192.81
256.94	51182.36
257.01	51176.61
257.08	51173.62
257.15	51172.14
257.22	51179.17
257.29	51171.85
257.36	51166.52
257.43	51159.07
257.50	51150.12
257.57	51130.14
257.64	51128.08
257.71	51109.49
257.78	51094.32
257.85	51077.91
257.92	51078.69
257.98	51079.77
258.05	51084.88
258.12	51078.35
258.19	51062.21
258.26	51020.88
258.33	50961.53
258.40	50913.93
258.47	50881.65
258.54	50876.47
258.61	50900.81
258.68	50930.37
258.75	50958.06
258.82	50974.01
258.89	50957.69
258.95	50918.87
259.02	50879.96
259.09	50834.87
259.16	50770.84
259.23	50720.79
259.30	50678.82
259.37	50650.27
259.44	50627.94
259.51	50629.48
259.58	50636.67
259.65	50629.62
259.72	50613.35
259.79	50580.87
259.85	50544.73
259.92	50513.26
259.99	50506.64
260.06	50502.76
260.13	50487.77
260.20	50474.02
260.27	50439.33
260.34	50379.10
260.41	50316.36
260.48	50276.32
260.55	50248.22
260.62	50214.72
260.68	50186.04
260.75	50168.46
260.82	50154.08
260.89	50128.45
260.96	50115.47
261.03	50116.05
261.10	50098.33
261.17	50082.95
261.24	50053.11
261.31	50026.70
261.38	49981.83
261.44	49946.21
261.51	49904.03
261.58	49871.21
261.65	49830.20
261.72	49796.43
261.79	49749.91
261.86	49694.42
261.93	49648.16
262.00	49614.76
262.07	49571.30
262.13	49539.55
262.20	49516.19
262.27	49478.65
262.34	49448.18
262.41	49414.88
262.48	49381.67
262.55	49341.09
262.62	49296.04
262.69	49234.66
262.76	49196.28
262.82	49146.01
262.89	49097.89
262.96	49053.61
263.03	49021.30
263.10	48982.46
263.17	48933.64
263.24	48884.15
263.31	48858.85
263.38	48826.96
263.44	48797.27
263.51	48774.88
263.58	48750.59
263.65	48712.16
263.72	48660.00
263.79	48596.90
263.86	48542.86
263.93	48488.75
264.00	48437.42
264.06	48404.58
264.13	48379.84
264.20	48361.82
264.27	48331.54
264.34	48301.75
264.41	48259.37
264.48	48216.68
264.55	48169.12
264.61	48144.06
264.68	48108.26
264.75	48076.42
264.82	48013.02
264.89	47941.30
264.96	47860.22
265.03	47778.00
265.10	47713.05
265.16	47685.56
265.23	47670.55
265.30	47661.98
265.37	47646.46
265.44	47617.75
265.51	47593.13
265.58	47559.07
265.65	47512.96
265.71	47469.30
265.78	47431.70
265.85	47366.80
265.92	47304.77
265.99	47245.10
266.06	47202.03
266.13	47139.25
266.20	47101.10
266.26	47077.84
266.33	47050.85
266.40	47003.35
266.47	46945.42
266.54	46862.33
266.61	46779.67
266.68	46700.61
266.74	46633.11
266.81	46593.97
266.88	46565.78
266.95	46514.20
267.02	46478.26
267.09	46433.11
267.16	46378.67
267.22	46335.26
267.29	46304.40
267.36	46277.88
267.43	46252.53
267.50	46220.53
267.57	46179.68
267.64	46132.07
267.70	46082.27
267.77	46031.51
267.84	45990.55
267.91	45941.67
267.98	45896.40
268.05	45832.71
268.11	45771.08
268.18	45709.99
268.25	45653.29
268.32	45596.39
268.39	45550.15
268.46	45513.56
268.53	45493.33
268.59	45474.75
268.66	45455.30
268.73	45435.86
268.80	45408.26
268.87	45350.08
268.94	45311.28
269.00	45271.99
269.07	45220.18
269.14	45178.86
269.21	45145.82
269.28	45101.31
269.35	45057.10
269.41	45025.65
269.48	44975.41
269.55	44918.11
269.62	44851.53
269.69	44787.41
269.76	44713.21
269.82	44654.73
269.89	44617.79
269.96	44597.87
270.03	44576.77
270.10	44562.42
270.17	44533.29
270.23	44498.78
270.30	44453.11
270.37	44410.45
270.44	44380.07
270.51	44351.05
270.58	44322.19
270.64	44291.62
270.71	44255.11
270.78	44215.42
270.85	44174.62
270.92	44125.11
270.99	44075.35
271.05	44034.94
271.12	43984.11
271.19	43934.44
271.26	43890.47
271.33	43848.06
271.39	43802.84
271.46	43746.07
271.53	43709.06
271.60	43679.91
271.67	43657.67
271.74	43632.63
271.80	43629.08
271.87	43614.53
271.94	43576.26
272.01	43526.83
272.08	43486.79
272.14	43435.46
272.21	43400.32
272.28	43387.25
272.35	43372.20
272.42	43349.86
272.48	43328.66
272.55	43304.47
272.62	43276.45
272.69	43268.88
272.76	43262.75
272.83	43249.21
272.89	43222.20
272.96	43188.74
273.03	43139.86
273.10	43084.63
273.17	43036.56
273.23	42996.28
273.30	42952.31
273.37	42916.06
273.44	42893.32
273.51	42872.98
273.57	42855.85
273.64	42846.93
273.71	42842.06
273.78	42829.46
273.85	42813.99
273.91	42786.29
273.98	42768.15
274.05	42741.63
274.12	42714.42
274.19	42692.30
274.25	42672.23
274.32	42636.80
274.39	42597.79
274.46	42542.57
274.53	42476.92
274.59	42407.02
274.66	42348.63
274.73	42298.20
274.80	42266.28
274.86	42241.73
274.93	42224.91
275.00	42210.90
275.07	42185.54
275.14	42157.46
275.20	42118.34
275.27	42079.93
275.34	42030.03
275.41	41997.04
275.48	41977.76
275.54	41976.09
275.61	41964.29
275.68	41950.62
275.75	41925.41
275.81	41882.51
275.88	41836.17
275.95	41798.92
276.02	41765.99
276.09	41733.27
276.15	41706.40
276.22	41684.83
276.29	41666.53
276.36	41638.07
276.42	41608.86
276.49	41570.13
276.56	41514.09
276.63	41448.33
276.70	41398.06
276.76	41362.33
276.83	41342.54
276.90	41342.10
276.97	41348.08
277.03	41349.55
277.10	41341.27
277.17	41333.78
277.24	41316.36
277.30	41299.55
277.37	41270.60
277.44	41245.86
277.51	41211.49
277.58	41175.77
277.64	41138.28
277.71	41107.98
277.78	41071.64
277.85	41022.31
277.91	40970.00
277.98	40923.61
278.05	40879.31
278.12	40838.51
278.18	40808.80
278.25	40792.13
278.32	40773.95
278.39	40766.02
278.45	40762.87
278.52	40764.31
278.59	40741.45
278.66	40709.06
278.72	40682.07
278.79	40643.19
278.86	40611.86
278.93	40603.33
278.99	40600.85
279.06	40578.77
279.13	40563.09
279.20	40545.71
279.26	40523.30
279.33	40501.84
279.40	40478.84
279.47	40449.01
279.53	40415.68
279.60	40376.90
279.67	40336.69
279.74	40294.80
279.80	40264.23
279.87	40231.59
279.94	40203.71
280.01	40173.55
280.07	40150.51
280.14	40117.38
280.21	40078.00
280.28	40039.93
280.34	40001.90
280.41	39958.31
280.48	39912.53
280.55	39874.63
280.61	39845.76
280.68	39818.72
280.75	39791.91
280.82	39767.17
280.88	39736.06
280.95	39683.32
281.02	39631.44
281.08	39573.62
281.15	39513.65
281.22	39456.85
281.29	39396.64
281.35	39326.45
281.42	39270.79
281.49	39207.69
281.56	39142.41
281.62	39101.36
281.69	39070.27
281.76	39045.24
281.82	39028.80
281.89	39009.42
281.96	38982.86
282.03	38954.34
282.09	38907.93
282.16	38872.48
282.23	38837.09
282.30	38793.76
282.36	38753.59
282.43	38729.36
282.50	38709.27
282.56	38673.59
282.63	38655.43
282.70	38634.10
282.77	38614.79
282.83	38587.06
282.90	38576.67
282.97	38555.95
283.03	38536.78
283.10	38520.44
283.17	38508.47
283.24	38489.41
283.30	38455.99
283.37	38423.60
283.44	38383.82
283.50	38330.85
283.57	38286.11
283.64	38240.38
283.71	38182.72
283.77	38129.86
283.84	38102.40
283.91	38072.17
283.97	38057.70
284.04	38064.61
284.11	38057.55
284.18	38040.28
284.24	38024.16
284.31	38014.18
284.38	38000.61
284.44	37994.45
284.51	37983.99
284.58	37980.61
284.64	37970.12
284.71	37953.47
284.78	37928.71
284.85	37904.71
284.91	37882.01
284.98	37856.64
285.05	37814.61
285.11	37784.92
285.18	37749.52
285.25	37717.79
285.31	37696.35
285.38	37694.14
285.45	37693.47
285.52	37693.41
285.58	37675.93
285.65	37651.00
285.72	37621.08
285.78	37588.71
285.85	37563.35
285.92	37547.34
285.98	37531.25
286.05	37520.99
286.12	37510.69
286.18	37493.98
286.25	37476.98
286.32	37455.59
286.39	37430.89
286.45	37399.32
286.52	37366.16
286.59	37333.92
286.65	37308.09
286.72	37297.89
286.79	37295.85
286.85	37304.26
286.92	37308.49
286.99	37310.12
287.05	37290.51
287.12	37273.63
287.19	37251.86
287.25	37237.69
287.32	37229.30
287.39	37227.01
287.45	37218.91
287.52	37209.37
287.59	37197.70
287.65	37184.04
287.72	37160.96
287.79	37131.61
287.86	37102.07
287.92	37065.73
287.99	37033.41
288.06	37025.68
288.12	37009.08
288.19	36993.93
288.26	36980.46
288.32	36957.70
288.39	36931.04
288.46	36921.69
288.52	36917.95
288.59	36921.65
288.66	36930.29
288.72	36927.76
288.79	36921.77
288.86	36905.42
288.92	36878.44
288.99	36852.61
289.06	36830.74
289.12	36805.42
289.19	36796.00
289.26	36785.88
289.32	36776.02
289.39	36765.81
289.45	36762.15
289.52	36742.71
289.59	36738.46
289.65	36733.67
289.72	36719.41
289.79	36705.88
289.85	36697.74
289.92	36684.43
289.99	36668.61
290.05	36655.77
290.12	36634.73
290.19	36617.63
290.25	36593.88
290.32	36568.48
290.39	36559.66
290.45	36557.59
290.52	36554.38
290.59	36554.01
290.65	36557.42
290.72	36543.81
290.79	36527.86
290.85	36516.40
290.92	36513.04
290.98	36502.50
291.05	36496.74
291.12	36491.82
291.18	36484.86
291.25	36469.84
291.32	36461.15
291.38	36442.59
291.45	36425.31
291.52	36402.40
291.58	36385.84
291.65	36367.58
291.72	36357.43
291.78	36346.30
291.85	36332.80
291.91	36310.66
291.98	36302.88
292.05	36285.39
292.11	36273.82
292.18	36266.76
292.25	36266.69
292.31	36248.17
292.38	36245.26
292.45	36241.55
292.51	36232.59
292.58	36217.14
292.64	36212.81
292.71	36199.46
292.78	36185.86
292.84	36167.53
292.91	36153.66
292.98	36132.57
293.04	36121.53
293.11	36104.66
293.17	36092.35
293.24	36086.66
293.31	36078.41
293.37	36070.64
293.44	36056.11
293.51	36050.16
293.57	36030.40
293.64	36017.85
293.70	36005.14
293.77	35993.76
293.84	35975.09
293.90	35961.69
293.97	35953.80
294.04	35947.68
294.10	35937.74
294.17	35932.22
294.23	35924.57
294.30	35902.46
294.37	35873.75
294.43	35862.18
294.50	35842.29
294.56	35826.27
294.63	35810.81
294.70	35800.99
294.76	35791.54
294.83	35777.07
294.90	35771.35
294.96	35770.36
295.03	35757.80
295.09	35749.34
295.16	35753.25
295.23	35747.31
295.29	35740.89
295.36	35732.83
295.42	35708.71
295.49	35681.78
295.56	35666.59
295.62	35647.66
295.69	35629.76
295.75	35625.55
295.82	35619.27
295.89	35591.49
295.95	35569.18
296.02	35547.08
296.08	35512.33
296.15	35483.47
296.22	35463.94
296.28	35444.18
296.35	35430.70
296.41	35418.17
296.48	35411.07
296.55	35409.49
296.61	35398.79
296.68	35395.41
296.74	35391.65
296.81	35380.37
296.88	35362.26
296.94	35347.61
297.01	35324.73
297.07	35300.43
297.14	35279.64
297.20	35264.87
297.27	35258.56
297.34	35255.94
297.40	35267.37
297.47	35258.08
297.53	35239.21
297.60	35223.94
297.67	35198.92
297.73	35171.04
297.80	35148.72
297.86	35126.09
297.93	35101.01
298.00	35088.13
298.06	35067.76
298.13	35058.79
298.19	35046.28
298.26	35033.40
298.32	35025.96
298.39	35010.42
298.46	34990.83
298.52	34972.29
298.59	34950.66
298.65	34921.03
298.72	34900.47
298.78	34879.11
298.85	34865.66
298.92	34844.67
298.98	34821.76
299.05	34794.10
299.11	34767.31
299.18	34738.25
299.24	34709.97
299.31	34669.89
299.38	34647.78
299.44	34620.46
299.51	34601.72
299.57	34583.90
299.64	34585.11
299.70	34575.28
299.77	34557.19
299.84	34531.72
299.90	34497.77
299.97	34453.67
300.03	34414.99
300.10	34398.39
300.16	34379.73
300.23	34368.16
300.30	34354.77
300.36	34333.15
300.43	34310.04
300.49	34281.41
300.56	34250.52
300.62	34230.59
300.69	34213.00
300.75	34183.64
300.82	34158.82
300.89	34136.11
300.95	34105.44
301.02	34061.91
301.08	34028.92
301.15	33996.72
301.21	33967.80
301.28	33938.27
301.34	33917.99
301.41	33883.95
301.48	33850.04
301.54	33819.65
301.61	33795.72
301.67	33760.14
301.74	33739.16
301.80	33708.15
301.87	33670.14
301.93	33618.46
302.00	33578.10
302.06	33528.06
302.13	33483.29
302.20	33447.26
302.26	33412.08
302.33	33387.40
302.39	33351.02
302.46	33316.59
302.52	33268.89
302.59	33228.61
302.65	33174.77
302.72	33134.46
302.78	33095.97
302.85	33070.53
302.91	33043.55
302.98	33017.18
303.05	32986.07
303.11	32953.52
303.18	32906.02
303.24	32862.85
303.31	32812.72
303.37	32769.19
303.44	32730.12
303.50	32691.87
303.57	32640.12
303.63	32602.54
303.70	32558.29
303.76	32506.62
303.83	32460.09
303.89	32421.37
303.96	32367.63
304.03	32315.86
304.09	32267.95
304.16	32212.95
304.22	32148.38
304.29	32099.14
304.35	32044.88
304.42	31999.24
304.48	31953.83
304.55	31908.60
304.61	31856.47
304.68	31812.08
304.74	31756.05
304.81	31708.99
304.87	31653.85
304.94	31609.24
305.00	31558.94
305.07	31505.49
305.13	31444.73
305.20	31393.99
305.26	31336.49
305.33	31285.03
305.39	31233.36
305.46	31173.81
305.52	31125.11
305.59	31072.16
305.66	31013.64
305.72	30959.06
305.79	30914.92
305.85	30858.33
305.92	30770.41
305.98	30656.92
306.05	30522.35
306.11	30362.47
306.18	30196.19
306.24	30062.53
306.31	29988.77
306.37	29977.51
306.44	30017.38
306.50	30077.98
306.57	30139.78
306.63	30165.52
306.70	30137.87
306.76	30078.66
306.83	30017.89
306.89	29943.46
306.96	29871.77
307.02	29808.96
307.09	29758.16
307.15	29696.23
307.22	29649.13
307.28	29594.99
307.35	29539.12
307.41	29471.43
307.48	29401.47
307.54	29328.01
307.61	29261.82
307.67	29190.93
307.74	29129.12
307.80	29074.48
307.87	29009.78
307.93	28946.26
308.00	28893.88
308.06	28842.57
308.13	28780.93
308.19	28727.90
308.26	28674.30
308.32	28613.01
308.38	28547.37
308.45	28483.57
308.51	28428.20
308.58	28364.96
308.64	28306.52
308.71	28250.76
308.77	28197.58
308.84	28125.72
308.90	28067.47
308.97	28006.07
309.03	27946.20
309.10	27884.53
309.16	27829.16
309.23	27757.50
309.29	27692.40
309.36	27605.36
309.42	27529.46
309.49	27458.87
309.55	27392.01
309.62	27321.38
309.68	27277.36
309.75	27213.46
309.81	27136.18
309.88	27077.23
309.94	27015.39
310.00	26941.71
310.07	26875.10
310.13	26828.02
310.20	26757.62
310.26	26696.57
310.33	26633.70
310.39	26579.08
310.46	26512.56
310.52	26460.76
310.59	26402.28
310.65	26345.88
310.72	26282.61
310.78	26225.68
310.85	26155.54
310.91	26091.70
310.97	26027.72
311.04	25968.21
311.10	25898.54
311.17	25842.12
311.23	25779.09
311.30	25722.68
311.36	25668.29
311.43	25623.94
311.49	25565.17
311.56	25509.83
311.62	25452.43
311.69	25395.67
311.75	25345.02
311.81	25285.76
311.88	25224.98
311.94	25163.70
312.01	25106.31
312.07	25036.86
312.14	24995.39
312.20	24951.47
312.27	24905.19
312.33	24844.91
312.40	24781.21
312.46	24708.68
312.52	24640.57
312.59	24574.34
312.65	24510.05
312.72	24445.87
312.78	24387.53
312.85	24327.24
312.91	24264.39
312.98	24210.10
313.04	24164.80
313.10	24109.96
313.17	24055.53
313.23	24004.71
313.30	23951.61
313.36	23888.27
313.43	23829.46
313.49	23775.31
313.56	23712.64
313.62	23650.36
313.68	23592.01
313.75	23539.54
313.81	23486.36
313.88	23434.03
313.94	23384.63
314.01	23339.69
314.07	23285.39
314.13	23226.76
314.20	23173.44
314.26	23117.80
314.33	23060.50
314.39	23004.69
314.46	22944.87
314.52	22901.06
314.58	22847.16
314.65	22791.11
314.71	22734.78
314.78	22688.51
314.84	22621.78
314.91	22564.38
314.97	22512.10
315.03	22460.26
315.10	22403.08
315.16	22347.47
315.23	22297.64
315.29	22253.15
315.36	22199.66
315.42	22149.19
315.48	22104.86
315.55	22054.27
315.61	21990.05
315.68	21945.89
315.74	21889.73
315.81	21831.48
315.87	21769.73
315.93	21727.40
316.00	21690.54
316.06	21654.81
316.13	21630.70
316.19	21580.25
316.25	21486.77
316.32	21344.91
316.38	21175.13
316.45	20954.82
316.51	20730.20
316.58	20500.36
316.64	20261.64
316.70	20026.41
316.77	19786.92
316.83	19539.41
316.90	19291.07
316.96	19044.58
317.02	18792.98
317.09	18550.92
317.15	18313.21
317.22	18066.10
317.28	17821.81
317.34	17577.06
317.41	17327.97
317.47	17083.78
317.54	16838.31
317.60	16595.65
317.66	16351.37
317.73	16103.81
317.79	15859.16
317.86	15616.32
317.92	15368.62
317.98	15116.53
318.05	14866.60
318.11	14607.40
318.18	14362.79
318.24	14111.31
318.30	13863.41
318.37	13613.27
318.43	13361.52
318.50	13096.95
318.56	12832.31
318.62	12569.65
318.69	12301.49
318.75	12035.60
318.82	11763.10
318.88	11496.11
318.94	11223.16
319.01	10950.62
319.07	10679.90
319.13	10405.12
319.20	10128.71
319.26	9844.49
319.33	9561.19
319.39	9263.93
319.45	8986.34
319.52	8700.97
319.58	8419.10
319.65	8139.34
319.71	7861.28
319.77	7574.93
319.84	7299.76
319.90	7026.57
319.96	6751.68
320.03	6483.44
320.09	6224.85
320.16	5955.82
320.22	5703.39
320.28	5455.24
320.35	5215.05
320.41	4975.53
320.47	4753.24
320.54	4529.26
320.60	4317.86
320.67	4115.81
320.73	3920.74
320.79	3730.31
320.86	3552.45
320.92	3377.36
320.98	3212.39
321.05	3054.42
321.11	2902.33
321.18	2757.80
321.24	2626.89
321.30	2495.72
321.37	2375.67
321.43	2272.14
321.49	2169.84
321.56	2070.62
321.62	1984.52
321.68	1897.78
321.75	1814.92
321.81	1740.32
321.88	1669.90
321.94	1605.60
322.00	1546.54
322.07	1482.36
322.13	1421.70
322.19	1362.86
322.26	1301.60
322.32	1246.50
322.38	1199.19
322.45	1156.41
322.51	1111.87
322.58	1074.26
322.64	1028.61
322.70	987.18
322.77	939.29
322.83	902.83
322.89	858.78
322.96	819.29
323.02	778.82
323.08	740.46
323.15	700.50
323.21	665.05
323.27	631.46
323.34	597.52
323.40	564.63
323.46	530.63
323.53	492.70
323.59	414.06
323.65	310.33
323.72	194.55
323.78	84.73
323.85	-15.10
323.91	-66.21
323.97	-85.02
324.04	-86.52
