180.21	3428.34
180.28	-124.90
180.36	633.67
180.44	-44.02
180.51	-9.66
180.59	18.42
180.66	50.54
180.74	51.77
180.81	53.16
180.89	57.51
180.97	59.99
181.04	60.31
181.12	61.91
181.19	66.17
181.27	69.20
181.34	89.22
181.42	97.79
181.50	105.36
181.57	115.96
181.65	120.60
181.72	114.74
181.80	111.68
181.87	116.90
181.95	125.01
182.03	135.13
182.10	150.11
182.18	166.42
182.25	190.01
182.33	211.26
182.40	237.35
182.48	254.30
182.55	286.76
182.63	306.79
182.71	324.07
182.78	341.88
182.86	350.12
182.93	333.17
183.01	315.65
183.08	293.69
183.16	281.51
183.23	278.17
183.31	305.01
183.39	337.48
183.46	388.42
183.54	432.08
183.61	489.22
183.69	545.97
183.76	613.13
183.84	670.71
183.91	732.23
183.99	794.26
184.06	841.89
184.14	896.53
184.22	935.97
184.29	941.95
184.37	938.53
184.44	908.70
184.52	817.03
184.59	715.17
184.67	644.26
184.74	578.76
184.82	565.92
184.89	617.00
184.97	712.37
185.04	815.88
185.12	924.54
185.20	1026.91
185.27	1133.61
185.35	1226.25
185.42	1295.83
185.50	1375.19
185.57	1431.53
185.65	1487.52
185.72	1558.77
185.80	1636.50
185.87	1702.17
185.95	1790.34
186.02	1846.10
186.10	1847.64
186.17	1805.16
186.25	1674.39
186.33	1475.42
186.40	1304.22
186.48	1202.41
186.55	1183.46
186.63	1265.07
186.70	1436.09
186.78	1601.19
186.85	1749.40
186.93	1872.58
187.00	2007.22
187.08	2117.41
187.15	2249.00
187.23	2382.09
187.30	2500.89
187.38	2622.15
187.45	2759.15
187.53	2858.01
187.60	2949.10
187.68	3070.67
187.75	3147.83
187.83	3185.80
187.90	3222.47
187.98	3215.11
188.05	3092.92
188.13	2860.42
188.21	2599.71
188.28	2379.75
188.36	2212.04
188.43	2179.74
188.51	2313.80
188.58	2528.05
188.66	2721.77
188.73	2922.75
188.81	3105.98
188.88	3268.34
188.96	3403.74
189.03	3549.42
189.11	3689.54
189.18	3796.87
189.26	3900.66
189.33	4016.63
189.41	4108.02
189.48	4190.79
189.56	4300.56
189.63	4382.81
189.71	4437.34
189.78	4499.17
189.86	4521.16
189.93	4486.73
190.01	4412.12
190.08	4252.91
190.16	3970.31
190.23	3672.50
190.31	3461.23
190.38	3341.77
190.46	3353.96
190.53	3515.60
190.61	3751.31
190.68	3956.22
190.76	4154.71
190.83	4322.56
190.91	4488.78
190.98	4626.10
191.06	4778.01
191.13	4908.11
191.21	5024.47
191.28	5129.88
191.35	5241.96
191.43	5315.31
191.50	5383.35
191.58	5460.37
191.65	5503.16
191.73	5531.14
191.80	5558.70
191.88	5561.31
191.95	5549.76
192.03	5548.88
192.10	5530.50
192.18	5492.27
192.25	5403.73
192.33	5234.03
192.40	5039.75
192.48	4889.27
192.55	4806.13
192.63	4818.52
192.70	4951.09
192.78	5141.23
192.85	5332.21
192.93	5500.27
193.00	5640.38
193.08	5771.18
193.15	5876.44
193.22	5958.65
193.30	6023.41
193.37	6084.86
193.45	6119.22
193.52	6162.40
193.60	6208.49
193.67	6257.88
193.75	6307.93
193.82	6357.93
193.90	6397.71
193.97	6442.34
194.05	6485.84
194.12	6523.70
194.20	6576.52
194.27	6625.47
194.34	6652.98
194.42	6664.19
194.49	6669.91
194.57	6642.94
194.64	6563.98
194.72	6471.93
194.79	6383.87
194.87	6301.74
194.94	6245.60
195.02	6254.49
195.09	6303.57
195.17	6380.41
195.24	6484.49
195.31	6600.06
195.39	6724.30
195.46	6833.87
195.54	6935.86
195.61	7017.80
195.69	7077.87
195.76	7115.39
195.84	7160.02
195.91	7180.77
195.99	7191.19
196.06	7203.46
196.13	7212.09
196.21	7201.91
196.28	7184.32
196.36	7155.51
196.43	7107.40
196.51	7058.67
196.58	7021.89
196.66	7016.86
196.73	7049.05
196.80	7112.48
196.88	7190.72
196.95	7284.45
197.03	7365.14
197.10	7415.28
197.18	7454.17
197.25	7481.69
197.33	7502.70
197.40	7528.42
197.47	7551.31
197.55	7575.52
197.62	7599.38
197.70	7610.15
197.77	7610.29
197.85	7604.39
197.92	7573.00
197.99	7509.29
198.07	7427.74
198.14	7355.97
198.22	7331.38
198.29	7362.06
198.37	7457.76
198.44	7595.77
198.51	7735.03
198.59	7846.90
198.66	7941.90
198.74	8012.56
198.81	8063.36
198.89	8101.97
198.96	8136.73
199.03	8150.08
199.11	8161.18
199.18	8159.94
199.26	8158.67
199.33	8151.66
199.41	8135.14
199.48	8067.04
199.55	7981.92
199.63	7883.81
199.70	7807.22
199.78	7775.07
199.85	7829.42
199.93	7947.43
200.00	8103.95
200.07	8258.54
200.15	8398.17
200.22	8503.22
200.30	8575.33
200.37	8640.09
200.44	8694.05
200.52	8738.36
200.59	8780.24
200.67	8803.80
200.74	8796.40
200.81	8779.66
200.89	8751.57
200.96	8730.76
201.04	8696.38
201.11	8652.17
201.19	8596.89
201.26	8549.77
201.33	8513.88
201.41	8539.47
201.48	8620.54
201.56	8744.86
201.63	8895.07
201.70	9033.74
201.78	9149.37
201.85	9249.38
201.93	9328.37
202.00	9384.73
202.07	9436.67
202.15	9474.77
202.22	9503.69
202.30	9526.60
202.37	9541.94
202.44	9553.52
202.52	9553.40
202.59	9546.22
202.67	9534.87
202.74	9530.88
202.81	9507.81
202.89	9480.87
202.96	9480.79
203.04	9522.66
203.11	9590.19
203.18	9704.89
203.26	9850.07
203.33	9979.67
203.41	10080.13
203.48	10165.17
203.55	10219.86
203.63	10274.73
203.70	10332.81
203.77	10381.97
203.85	10422.19
203.92	10464.10
204.00	10512.35
204.07	10552.58
204.14	10596.04
204.22	10634.80
204.29	10666.35
204.37	10672.33
204.44	10675.11
204.51	10685.87
204.59	10702.07
204.66	10733.05
204.73	10797.41
204.81	10882.37
204.88	10986.47
204.96	11102.07
205.03	11217.72
205.10	11308.27
205.18	11391.25
205.25	11457.64
205.32	11518.96
205.40	11577.19
205.47	11646.24
205.55	11710.31
205.62	11769.49
205.69	11830.60
205.77	11887.65
205.84	11936.50
205.91	11989.46
205.99	12043.23
206.06	12083.14
206.14	12125.47
206.21	12172.28
206.28	12211.65
206.36	12259.32
206.43	12316.71
206.50	12396.71
206.58	12485.64
206.65	12585.62
206.72	12685.31
206.80	12791.72
206.87	12886.68
206.95	12984.17
207.02	13080.61
207.09	13178.21
207.17	13271.35
207.24	13361.20
207.31	13443.87
207.39	13519.93
207.46	13592.46
207.53	13659.62
207.61	13736.04
207.68	13806.08
207.75	13884.03
207.83	13962.83
207.90	14040.23
207.98	14095.39
208.05	14163.18
208.12	14231.68
208.20	14312.87
208.27	14406.98
208.34	14517.84
208.42	14617.15
208.49	14715.86
208.56	14799.95
208.64	14892.25
208.71	14980.83
208.78	15071.29
208.86	15176.42
208.93	15280.36
209.00	15378.00
209.08	15475.30
209.15	15578.92
209.22	15671.80
209.30	15774.27
209.37	15871.45
209.44	15973.81
209.52	16079.44
209.59	16174.10
209.67	16265.16
209.74	16360.95
209.81	16464.58
209.89	16559.27
209.96	16664.12
210.03	16774.23
210.11	16875.21
210.18	16966.25
210.25	17078.41
210.33	17190.96
210.40	17296.29
210.47	17412.44
210.55	17538.85
210.62	17642.08
210.69	17738.48
210.77	17847.87
210.84	17952.47
210.91	18067.55
210.99	18185.08
211.06	18311.51
211.13	18436.10
211.21	18559.57
211.28	18668.96
211.35	18784.45
211.42	18898.48
211.50	19004.42
211.57	19117.63
211.64	19231.30
211.72	19347.37
211.79	19462.26
211.86	19579.02
211.94	19701.60
212.01	19825.04
212.08	19947.58
212.16	20066.46
212.23	20199.37
212.30	20322.16
212.38	20445.95
212.45	20574.47
212.52	20708.71
212.60	20827.03
212.67	20956.78
212.74	21081.67
212.82	21203.83
212.89	21327.02
212.96	21454.93
213.03	21583.57
213.11	21722.48
213.18	21863.78
213.25	22009.45
213.33	22156.70
213.40	22296.94
213.47	22425.27
213.55	22543.36
213.62	22652.04
213.69	22769.68
213.77	22889.77
213.84	23018.16
213.91	23160.21
213.98	23304.38
214.06	23442.21
214.13	23585.89
214.20	23731.71
214.28	23888.03
214.35	24039.90
214.42	24184.25
214.50	24324.53
214.57	24462.27
214.64	24579.52
214.72	24699.84
214.79	24826.28
214.86	24953.72
214.93	25082.50
215.01	25232.12
215.08	25370.74
215.15	25506.77
215.23	25631.90
215.30	25762.67
215.37	25886.44
215.44	26042.17
215.52	26203.33
215.59	26368.33
215.66	26518.39
215.74	26666.57
215.81	26800.25
215.88	26937.40
215.95	27064.88
216.03	27204.38
216.10	27340.91
216.17	27490.65
216.25	27630.94
216.32	27791.41
216.39	27947.37
216.46	28099.23
216.54	28227.63
216.61	28361.63
216.68	28492.97
216.76	28626.15
216.83	28770.35
216.90	28935.72
216.97	29104.20
217.05	29271.34
217.12	29426.42
217.19	29550.61
217.27	29646.64
217.34	29737.62
217.41	29832.06
217.48	29939.90
217.56	30073.09
217.63	30229.89
217.70	30397.31
217.78	30558.19
217.85	30714.69
217.92	30880.42
217.99	31043.48
218.07	31181.47
218.14	31317.29
218.21	31469.13
218.28	31610.14
218.36	31749.88
218.43	31898.53
218.50	32055.02
218.57	32189.69
218.65	32310.02
218.72	32434.73
218.79	32570.20
218.87	32696.64
218.94	32829.87
219.01	32980.02
219.08	33112.18
219.16	33227.82
219.23	33351.48
219.30	33471.96
219.37	33591.08
219.45	33721.42
219.52	33876.07
219.59	34005.85
219.66	34129.87
219.74	34261.78
219.81	34411.01
219.88	34548.39
219.95	34693.79
220.03	34854.01
220.10	34996.83
220.17	35121.24
220.24	35239.45
220.32	35366.66
220.39	35487.61
220.46	35602.65
220.53	35722.35
220.61	35844.95
220.68	35972.65
220.75	36100.86
220.82	36244.20
220.90	36368.49
220.97	36470.44
221.04	36557.48
221.11	36646.52
221.19	36740.43
221.26	36848.22
221.33	36979.76
221.40	37121.75
221.48	37263.12
221.55	37386.30
221.62	37518.65
221.69	37653.12
221.77	37780.78
221.84	37900.27
221.91	38025.45
221.98	38136.73
222.06	38252.07
222.13	38382.26
222.20	38498.14
222.27	38608.52
222.35	38721.58
222.42	38826.99
222.49	38905.88
222.56	38994.41
222.63	39083.74
222.71	39180.68
222.78	39292.87
222.85	39411.01
222.92	39530.75
223.00	39639.43
223.07	39734.49
223.14	39811.06
223.21	39899.74
223.29	39994.74
223.36	40123.28
223.43	40258.77
223.50	40390.60
223.57	40521.78
223.65	40654.70
223.72	40764.87
223.79	40868.47
223.86	40969.24
223.94	41066.40
224.01	41147.64
224.08	41213.78
224.15	41279.54
224.22	41346.16
224.30	41401.97
224.37	41472.08
224.44	41564.06
224.51	41660.48
224.59	41757.21
224.66	41868.07
224.73	41970.86
224.80	42076.50
224.87	42175.03
224.95	42279.21
225.02	42374.45
225.09	42468.51
225.16	42555.99
225.23	42645.20
225.31	42732.70
225.38	42821.78
225.45	42914.27
225.52	43003.16
225.60	43083.24
225.67	43139.75
225.74	43192.89
225.81	43236.78
225.88	43290.68
225.96	43376.78
226.03	43501.84
226.10	43629.92
226.17	43765.84
226.24	43891.12
226.32	43983.16
226.39	44053.99
226.46	44113.65
226.53	44170.26
226.60	44224.77
226.68	44287.70
226.75	44350.56
226.82	44423.49
226.89	44498.01
226.96	44565.88
227.04	44616.47
227.11	44670.76
227.18	44719.16
227.25	44752.73
227.32	44811.27
227.40	44882.67
227.47	44943.81
227.54	45011.08
227.61	45088.56
227.68	45157.00
227.76	45234.85
227.83	45315.24
227.90	45389.58
227.97	45454.82
228.04	45508.95
228.11	45551.26
228.19	45598.25
228.26	45652.18
228.33	45727.41
228.40	45795.10
228.47	45864.42
228.55	45934.64
228.62	46004.37
228.69	46056.67
228.76	46115.37
228.83	46171.09
228.90	46226.67
228.98	46282.44
229.05	46348.34
229.12	46429.97
229.19	46508.98
229.26	46587.12
229.34	46647.58
229.41	46702.26
229.48	46743.87
229.55	46790.02
229.62	46837.05
229.69	46888.87
229.77	46929.08
229.84	46962.02
229.91	46995.60
229.98	47017.01
230.05	47046.50
230.12	47093.71
230.20	47167.96
230.27	47229.00
230.34	47299.27
230.41	47377.53
230.48	47443.27
230.55	47483.21
230.63	47533.49
230.70	47590.05
230.77	47615.47
230.84	47641.26
230.91	47668.99
230.98	47710.12
231.06	47750.04
231.13	47810.20
231.20	47889.33
231.27	47963.03
231.34	48017.92
231.41	48069.91
231.49	48123.77
231.56	48171.95
231.63	48227.53
231.70	48283.28
231.77	48319.01
231.84	48337.57
231.92	48343.34
231.99	48351.61
232.06	48375.43
232.13	48409.42
232.20	48459.73
232.27	48520.04
232.34	48568.28
232.42	48590.05
232.49	48622.63
232.56	48665.30
232.63	48720.77
232.70	48776.20
232.77	48846.02
232.85	48908.17
232.92	48949.96
232.99	48968.24
233.06	48994.14
233.13	49012.77
233.20	49017.76
233.27	49029.27
233.35	49037.10
233.42	49037.30
233.49	49042.99
233.56	49073.87
233.63	49098.25
233.70	49117.67
233.77	49144.79
233.85	49181.72
233.92	49214.29
233.99	49248.89
234.06	49297.97
234.13	49351.52
234.20	49396.90
234.27	49421.84
234.35	49446.11
234.42	49458.53
234.49	49459.91
234.56	49464.07
234.63	49469.16
234.70	49468.34
234.77	49463.59
234.84	49447.00
234.92	49420.63
234.99	49416.69
235.06	49432.57
235.13	49456.18
235.20	49494.60
235.27	49543.75
235.34	49573.00
235.41	49610.18
235.49	49638.67
235.56	49667.98
235.63	49678.54
235.70	49691.84
235.77	49674.62
235.84	49664.07
235.91	49647.25
235.98	49635.31
236.06	49628.15
236.13	49631.98
236.20	49636.63
236.27	49630.17
236.34	49644.46
236.41	49659.18
236.48	49658.30
236.55	49654.70
236.63	49656.39
236.70	49645.50
236.77	49630.64
236.84	49630.40
236.91	49630.17
236.98	49631.99
237.05	49636.22
237.12	49629.65
237.19	49617.05
237.27	49611.20
237.34	49616.78
237.41	49608.62
237.48	49601.97
237.55	49600.89
237.62	49586.87
237.69	49579.32
237.76	49593.97
237.83	49608.14
237.91	49619.88
237.98	49640.52
238.05	49648.09
238.12	49640.71
238.19	49633.25
238.26	49637.49
238.33	49630.23
238.40	49604.27
238.47	49577.37
238.54	49565.60
238.62	49539.33
238.69	49508.68
238.76	49493.66
238.83	49482.01
238.90	49485.36
238.97	49493.12
239.04	49516.23
239.11	49534.13
239.18	49560.22
239.25	49557.07
239.33	49542.12
239.40	49518.47
239.47	49488.95
239.54	49444.69
239.61	49395.27
239.68	49348.35
239.75	49317.07
239.82	49294.88
239.89	49280.91
239.96	49278.67
240.03	49283.50
240.11	49291.31
240.18	49310.64
240.25	49314.00
240.32	49315.79
240.39	49326.87
240.46	49330.09
240.53	49339.86
240.60	49376.60
240.67	49406.55
240.74	49422.84
240.81	49436.80
240.88	49430.32
240.96	49404.70
241.03	49382.08
241.10	49359.12
241.17	49338.12
241.24	49316.16
241.31	49299.73
241.38	49288.94
241.45	49287.61
241.52	49289.59
241.59	49298.31
241.66	49304.80
241.73	49314.18
241.80	49320.50
241.88	49313.41
241.95	49292.17
242.02	49257.94
242.09	49205.26
242.16	49143.55
242.23	49120.39
242.30	49111.88
242.37	49112.19
242.44	49134.40
242.51	49139.58
242.58	49121.21
242.65	49112.34
242.72	49114.57
242.79	49103.54
242.87	49125.65
242.94	49128.31
243.01	49118.79
243.08	49107.84
243.15	49105.16
243.22	49092.98
243.29	49106.97
243.36	49120.10
243.43	49137.87
243.50	49154.92
243.57	49174.58
243.64	49180.63
243.71	49197.72
243.78	49209.19
243.85	49201.09
243.92	49184.35
243.99	49169.52
244.07	49144.62
244.14	49115.06
244.21	49112.79
244.28	49131.99
244.35	49147.66
244.42	49176.70
244.49	49200.57
244.56	49215.12
244.63	49215.50
244.70	49220.47
244.77	49216.74
244.84	49216.38
244.91	49214.46
244.98	49209.52
245.05	49214.47
245.12	49233.94
245.19	49263.07
245.26	49292.45
245.33	49328.90
245.40	49362.02
245.47	49376.25
245.55	49386.14
245.62	49396.17
245.69	49406.60
245.76	49420.14
245.83	49440.17
245.90	49455.35
245.97	49459.90
246.04	49466.09
246.11	49465.54
246.18	49459.45
246.25	49454.92
246.32	49456.89
246.39	49462.52
246.46	49469.64
246.53	49481.56
246.60	49493.86
246.67	49515.50
246.74	49537.37
246.81	49567.59
246.88	49599.85
246.95	49623.85
247.02	49640.71
247.09	49649.42
247.16	49642.82
247.23	49619.27
247.30	49592.56
247.37	49563.96
247.44	49550.30
247.51	49542.92
247.58	49552.73
247.66	49590.98
247.73	49646.77
247.80	49690.05
247.87	49741.90
247.94	49799.50
248.01	49849.71
248.08	49890.32
248.15	49927.42
248.22	49954.00
248.29	49982.82
248.36	50004.84
248.43	50028.40
248.50	50053.06
248.57	50081.47
248.64	50099.38
248.71	50130.41
248.78	50158.10
248.85	50176.67
248.92	50193.76
248.99	50200.53
249.06	50189.04
249.13	50161.75
249.20	50150.80
249.27	50130.42
249.34	50128.59
249.41	50135.21
249.48	50155.12
249.55	50168.56
249.62	50191.65
249.69	50204.18
249.76	50232.68
249.83	50270.34
249.90	50305.84
249.97	50338.15
250.04	50392.10
250.11	50436.74
250.18	50474.83
250.25	50511.91
250.32	50542.90
250.39	50560.38
250.46	50574.34
250.53	50589.98
250.60	50603.87
250.67	50633.36
250.74	50662.52
250.81	50660.70
250.88	50650.56
250.95	50653.58
251.02	50640.42
251.09	50619.29
251.16	50642.42
251.23	50683.53
251.30	50716.08
251.37	50748.61
251.44	50783.77
251.51	50816.12
251.58	50837.58
251.65	50864.79
251.72	50896.56
251.79	50922.04
251.86	50914.37
251.93	50883.48
252.00	50836.54
252.07	50785.50
252.14	50757.91
252.21	50756.87
252.28	50778.08
252.35	50817.06
252.42	50883.82
252.49	50927.91
252.56	50964.72
252.63	51006.84
252.70	51031.93
252.77	51032.06
252.84	51040.48
252.91	51037.73
252.98	51017.64
253.05	51003.30
253.12	51002.99
253.19	51010.02
253.25	51034.81
253.32	51066.13
253.39	51108.22
253.46	51135.00
253.53	51154.97
253.60	51140.60
253.67	51138.15
253.74	51149.22
253.81	51172.68
253.88	51190.20
253.95	51225.43
254.02	51249.98
254.09	51253.00
254.16	51243.98
254.23	51229.61
254.30	51217.11
254.37	51219.39
254.44	51230.33
254.51	51254.17
254.58	51273.31
254.65	51293.67
254.72	51297.73
254.79	51273.10
254.86	51245.68
254.93	51221.86
255.00	51214.56
255.07	51210.50
255.14	51228.74
255.21	51223.59
255.28	51211.54
255.34	51183.67
255.41	51182.41
255.48	51186.31
255.55	51204.70
255.62	51242.12
255.69	51282.84
255.76	51307.70
255.83	51330.53
255.90	51351.04
255.97	51368.54
256.04	51366.80
256.11	51362.54
256.18	51353.13
256.25	51337.83
256.32	51311.34
256.39	51294.05
256.46	51268.07
256.53	51236.51
256.60	51208.88
256.67	51195.75
256.74	51185.78
256.80	51179.65
256.87	51173.16
256.94	51168.36
257.01	51154.87
257.08	51153.89
257.15	51152.56
257.22	51158.95
257.29	51149.92
257.36	51146.42
257.43	51130.14
257.50	51114.07
257.57	51088.34
257.64	51084.12
257.71	51067.10
257.78	51052.02
257.85	51035.29
257.92	51030.25
257.98	51026.51
258.05	51031.03
258.12	51032.16
258.19	51020.21
258.26	50986.31
258.33	50934.35
258.40	50888.76
258.47	50851.00
258.54	50837.49
258.61	50855.48
258.68	50885.71
258.75	50911.63
258.82	50931.38
258.89	50918.84
258.95	50885.02
259.02	50844.18
259.09	50796.62
259.16	50737.60
259.23	50686.87
259.30	50646.13
259.37	50621.68
259.44	50601.07
259.51	50597.07
259.58	50609.86
259.65	50602.43
259.72	50586.36
259.79	50558.11
259.85	50519.70
259.92	50477.18
259.99	50465.53
260.06	50458.42
260.13	50444.42
260.20	50434.71
260.27	50407.07
260.34	50353.35
260.41	50292.81
260.48	50252.98
260.55	50220.29
260.62	50189.00
260.68	50154.27
260.75	50132.11
260.82	50114.03
260.89	50097.55
260.96	50081.86
261.03	50079.60
261.10	50062.37
261.17	50045.99
261.24	50012.71
261.31	49983.46
261.38	49946.11
261.44	49909.09
261.51	49857.27
261.58	49815.63
261.65	49780.38
261.72	49733.14
261.79	49687.49
261.86	49644.63
261.93	49608.34
262.00	49576.05
262.07	49546.61
262.13	49520.85
262.20	49492.00
262.27	49460.80
262.34	49425.52
262.41	49397.67
262.48	49357.83
262.55	49320.28
262.62	49270.48
262.69	49207.02
262.76	49155.04
262.82	49097.41
262.89	49048.45
262.96	48997.79
263.03	48965.79
263.10	48924.21
263.17	48887.58
263.24	48832.58
263.31	48804.97
263.38	48771.37
263.44	48749.12
263.51	48723.86
263.58	48712.06
263.65	48679.19
263.72	48635.85
263.79	48569.92
263.86	48505.89
263.93	48443.86
264.00	48392.91
264.06	48355.08
264.13	48330.79
264.20	48317.36
264.27	48289.06
264.34	48256.04
264.41	48219.40
264.48	48183.60
264.55	48143.85
264.61	48112.99
264.68	48080.39
264.75	48041.50
264.82	47978.11
264.89	47905.66
264.96	47838.28
265.03	47764.15
265.10	47704.70
265.16	47674.91
265.23	47652.42
265.30	47633.72
265.37	47612.62
265.44	47581.22
265.51	47553.06
265.58	47522.39
265.65	47477.42
265.71	47427.50
265.78	47385.79
265.85	47324.20
265.92	47259.47
265.99	47200.29
266.06	47160.11
266.13	47102.93
266.20	47060.00
266.26	47035.28
266.33	47002.44
266.40	46948.08
266.47	46888.79
266.54	46811.67
266.61	46730.52
266.68	46658.08
266.74	46595.01
266.81	46553.63
266.88	46524.67
266.95	46472.67
267.02	46435.71
267.09	46399.09
267.16	46347.92
267.22	46301.64
267.29	46277.41
267.36	46249.67
267.43	46226.43
267.50	46197.90
267.57	46154.26
267.64	46109.92
267.70	46065.91
267.77	46007.96
267.84	45960.63
267.91	45915.92
267.98	45863.13
268.05	45803.10
268.11	45741.99
268.18	45679.36
268.25	45619.46
268.32	45567.01
268.39	45509.51
268.46	45474.54
268.53	45458.17
268.59	45443.72
268.66	45422.32
268.73	45407.21
268.80	45375.95
268.87	45318.18
268.94	45272.51
269.00	45238.40
269.07	45188.23
269.14	45147.98
269.21	45116.96
269.28	45078.62
269.35	45025.79
269.41	44987.58
269.48	44941.55
269.55	44881.55
269.62	44815.66
269.69	44759.42
269.76	44694.46
269.82	44627.15
269.89	44585.84
269.96	44563.22
270.03	44536.97
270.10	44518.97
270.17	44498.29
270.23	44469.93
270.30	44426.61
270.37	44394.38
270.44	44363.17
270.51	44331.48
270.58	44298.07
270.64	44268.39
270.71	44226.07
270.78	44185.98
270.85	44146.39
270.92	44101.47
270.99	44054.73
271.05	44008.12
271.12	43955.66
271.19	43904.27
271.26	43853.66
271.33	43809.27
271.39	43772.31
271.46	43711.76
271.53	43675.70
271.60	43646.88
271.67	43617.79
271.74	43587.15
271.80	43586.52
271.87	43575.73
271.94	43543.93
272.01	43503.38
272.08	43464.61
272.14	43414.12
272.21	43374.60
272.28	43355.91
272.35	43335.85
272.42	43305.49
272.48	43291.18
272.55	43262.58
272.62	43242.29
272.69	43235.31
272.76	43240.19
272.83	43222.90
272.89	43203.47
272.96	43165.26
273.03	43118.83
273.10	43064.79
273.17	43019.90
273.23	42971.08
273.30	42933.65
273.37	42895.63
273.44	42870.94
273.51	42855.60
273.57	42850.45
273.64	42842.18
273.71	42840.77
273.78	42828.32
273.85	42807.04
273.91	42776.96
273.98	42755.50
274.05	42722.66
274.12	42688.25
274.19	42661.95
274.25	42631.29
274.32	42593.87
274.39	42555.90
274.46	42508.51
274.53	42450.95
274.59	42385.15
274.66	42331.74
274.73	42288.14
274.80	42251.55
274.86	42217.48
274.93	42211.30
275.00	42193.55
275.07	42166.04
275.14	42139.35
275.20	42100.79
275.27	42061.10
275.34	42012.20
275.41	41976.95
275.48	41958.02
275.54	41959.60
275.61	41936.58
275.68	41926.74
275.75	41898.79
275.81	41850.58
275.88	41805.23
275.95	41775.04
276.02	41733.14
276.09	41699.57
276.15	41674.34
276.22	41646.73
276.29	41624.59
276.36	41599.79
276.42	41576.40
276.49	41537.47
276.56	41484.84
276.63	41415.81
276.70	41362.73
276.76	41330.01
276.83	41317.08
276.90	41315.53
276.97	41329.12
277.03	41340.16
277.10	41330.28
277.17	41322.50
277.24	41306.59
277.30	41286.41
277.37	41256.02
277.44	41229.85
277.51	41192.08
277.58	41154.47
277.64	41115.07
277.71	41082.04
277.78	41043.92
277.85	40996.86
277.91	40949.71
277.98	40906.06
278.05	40857.51
278.12	40815.02
278.18	40784.57
278.25	40763.33
278.32	40747.51
278.39	40742.57
278.45	40736.92
278.52	40733.78
278.59	40714.53
278.66	40684.91
278.72	40656.32
278.79	40623.79
278.86	40589.27
278.93	40583.04
278.99	40571.36
279.06	40549.30
279.13	40533.53
279.20	40525.32
279.26	40498.24
279.33	40483.50
279.40	40459.90
279.47	40425.85
279.53	40385.58
279.60	40350.25
279.67	40307.91
279.74	40275.16
279.80	40249.63
279.87	40224.94
279.94	40196.41
280.01	40168.89
280.07	40141.08
280.14	40105.14
280.21	40064.28
280.28	40023.75
280.34	39978.64
280.41	39931.00
280.48	39886.80
280.55	39852.76
280.61	39823.31
280.68	39803.57
280.75	39782.92
280.82	39759.96
280.88	39727.37
280.95	39680.93
281.02	39622.07
281.08	39561.15
281.15	39495.89
281.22	39435.77
281.29	39364.64
281.35	39296.04
281.42	39237.82
281.49	39174.15
281.56	39114.20
281.62	39080.54
281.69	39053.17
281.76	39024.61
281.82	39015.68
281.89	39001.18
281.96	38972.14
282.03	38943.27
282.09	38905.26
282.16	38861.34
282.23	38817.82
282.30	38780.21
282.36	38741.90
282.43	38716.28
282.50	38700.33
282.56	38670.12
282.63	38645.32
282.70	38622.27
282.77	38593.91
282.83	38567.41
282.90	38549.68
282.97	38533.19
283.03	38516.29
283.10	38506.85
283.17	38492.84
283.24	38468.29
283.30	38434.62
283.37	38405.62
283.44	38364.64
283.50	38311.91
283.57	38269.18
283.64	38217.08
283.71	38156.59
283.77	38113.30
283.84	38084.32
283.91	38059.19
283.97	38054.71
284.04	38057.32
284.11	38041.18
284.18	38030.85
284.24	38020.38
284.31	38006.62
284.38	37995.02
284.44	37990.05
284.51	37976.68
284.58	37966.60
284.64	37955.73
284.71	37936.63
284.78	37912.04
284.85	37887.51
284.91	37870.27
284.98	37847.98
285.05	37812.78
285.11	37786.75
285.18	37759.86
285.25	37724.55
285.31	37697.75
285.38	37687.44
285.45	37677.31
285.52	37672.84
285.58	37651.22
285.65	37627.80
285.72	37601.03
285.78	37579.05
285.85	37551.04
285.92	37540.46
285.98	37527.78
286.05	37510.09
286.12	37489.90
286.18	37474.86
286.25	37458.64
286.32	37428.86
286.39	37407.55
286.45	37379.04
286.52	37345.27
286.59	37308.52
286.65	37297.65
286.72	37291.98
286.79	37292.39
286.85	37299.21
286.92	37306.21
286.99	37297.38
287.05	37279.00
287.12	37266.81
287.19	37248.57
287.25	37238.37
287.32	37229.06
287.39	37224.28
287.45	37210.92
287.52	37194.84
287.59	37183.75
287.65	37175.24
287.72	37158.85
287.79	37133.39
287.86	37111.95
287.92	37074.50
287.99	37035.84
288.06	37018.41
288.12	37000.98
288.19	36983.82
288.26	36965.59
288.32	36950.07
288.39	36925.54
288.46	36915.04
288.52	36909.00
288.59	36921.29
288.66	36928.56
288.72	36930.43
288.79	36924.51
288.86	36910.24
288.92	36879.58
288.99	36851.46
289.06	36828.34
289.12	36805.92
289.19	36791.07
289.26	36782.45
289.32	36770.88
289.39	36756.41
289.45	36751.55
289.52	36733.64
289.59	36727.31
289.65	36730.90
289.72	36716.98
289.79	36711.46
289.85	36711.76
289.92	36697.21
289.99	36680.35
290.05	36674.98
290.12	36643.28
290.19	36615.72
290.25	36586.17
290.32	36557.60
290.39	36543.67
290.45	36546.83
290.52	36551.03
290.59	36552.12
290.65	36551.65
290.72	36539.91
290.79	36520.62
290.85	36502.02
290.92	36500.22
290.98	36495.28
291.05	36490.36
291.12	36483.22
291.18	36479.55
291.25	36463.85
291.32	36449.41
291.38	36428.20
291.45	36409.30
291.52	36390.92
291.58	36373.02
291.65	36357.37
291.72	36347.17
291.78	36342.87
291.85	36322.36
291.91	36304.48
291.98	36300.78
292.05	36287.72
292.11	36272.74
292.18	36275.45
292.25	36272.94
292.31	36249.11
292.38	36243.47
292.45	36238.79
292.51	36222.79
292.58	36212.57
292.64	36209.57
292.71	36197.69
292.78	36188.34
292.84	36170.39
292.91	36156.48
292.98	36140.00
293.04	36125.95
293.11	36109.19
293.17	36100.76
293.24	36088.03
293.31	36081.35
293.37	36070.56
293.44	36053.40
293.51	36038.60
293.57	36022.09
293.64	36004.40
293.70	35991.39
293.77	35978.04
293.84	35959.21
293.90	35947.20
293.97	35938.65
294.04	35933.38
294.10	35920.34
294.17	35914.89
294.23	35907.77
294.30	35887.34
294.37	35865.01
294.43	35857.52
294.50	35846.10
294.56	35829.70
294.63	35808.80
294.70	35799.67
294.76	35787.52
294.83	35775.13
294.90	35767.86
294.96	35769.17
295.03	35754.22
295.09	35756.42
295.16	35760.35
295.23	35745.33
295.29	35739.42
295.36	35728.40
295.42	35690.54
295.49	35658.56
295.56	35654.24
295.62	35635.00
295.69	35616.75
295.75	35615.89
295.82	35614.10
295.89	35588.17
295.95	35563.27
296.02	35540.60
296.08	35508.85
296.15	35465.85
296.22	35446.36
296.28	35437.12
296.35	35430.11
296.41	35418.22
296.48	35415.89
296.55	35413.61
296.61	35397.78
296.68	35386.40
296.74	35380.82
296.81	35374.35
296.88	35354.86
296.94	35337.83
297.01	35322.37
297.07	35300.00
297.14	35286.62
297.20	35277.49
297.27	35273.47
297.34	35275.20
297.40	35275.72
297.47	35259.31
297.53	35238.96
297.60	35219.40
297.67	35194.91
297.73	35176.85
297.80	35157.02
297.86	35127.77
297.93	35105.47
298.00	35081.35
298.06	35058.17
298.13	35051.59
298.19	35043.98
298.26	35035.17
298.32	35037.55
298.39	35028.94
298.46	35003.90
298.52	34989.18
298.59	34963.46
298.65	34922.07
298.72	34897.46
298.78	34886.69
298.85	34863.38
298.92	34837.18
298.98	34821.47
299.05	34796.19
299.11	34765.07
299.18	34735.12
299.24	34710.16
299.31	34674.66
299.38	34641.21
299.44	34609.42
299.51	34596.00
299.57	34583.81
299.64	34577.41
299.70	34574.07
299.77	34554.53
299.84	34530.94
299.90	34494.59
299.97	34450.73
300.03	34423.60
300.10	34405.18
300.16	34382.21
300.23	34369.55
300.30	34362.12
300.36	34328.65
300.43	34307.28
300.49	34273.97
300.56	34250.13
300.62	34222.60
300.69	34207.11
300.75	34175.58
300.82	34160.28
300.89	34132.35
300.95	34105.78
301.02	34060.45
301.08	34023.36
301.15	33985.48
301.21	33953.46
301.28	33921.24
301.34	33905.27
301.41	33880.90
301.48	33852.98
301.54	33819.37
301.61	33796.14
301.67	33761.56
301.74	33737.52
301.80	33700.08
301.87	33664.92
301.93	33616.15
302.00	33572.23
302.06	33523.66
302.13	33477.55
302.20	33447.22
302.26	33416.19
302.33	33396.04
302.39	33358.21
302.46	33325.23
302.52	33275.69
302.59	33230.09
302.65	33172.73
302.72	33132.43
302.78	33101.79
302.85	33072.67
302.91	33038.27
302.98	33010.22
303.05	32974.68
303.11	32936.28
303.18	32889.07
303.24	32853.76
303.31	32809.44
303.37	32773.20
303.44	32736.68
303.50	32702.80
303.57	32652.82
303.63	32601.69
303.70	32558.15
303.76	32502.87
303.83	32455.97
303.89	32411.41
303.96	32371.08
304.03	32316.27
304.09	32263.97
304.16	32206.50
304.22	32150.41
304.29	32097.42
304.35	32048.01
304.42	32014.81
304.48	31968.66
304.55	31925.13
304.61	31873.35
304.68	31823.43
304.74	31764.64
304.81	31720.02
304.87	31659.10
304.94	31610.43
305.00	31564.97
305.07	31504.83
305.13	31441.50
305.20	31387.93
305.26	31333.35
305.33	31277.25
305.39	31227.42
305.46	31172.76
305.52	31123.81
305.59	31071.64
305.66	31015.24
305.72	30963.77
305.79	30912.45
305.85	30856.39
305.92	30772.03
305.98	30656.37
306.05	30515.60
306.11	30361.24
306.18	30198.36
306.24	30061.46
306.31	29987.81
306.37	29979.63
306.44	30018.02
306.50	30077.14
306.57	30132.85
306.63	30160.96
306.70	30131.85
306.76	30074.81
306.83	30013.02
306.89	29947.92
306.96	29874.42
307.02	29815.10
307.09	29764.71
307.15	29709.36
307.22	29655.06
307.28	29596.60
307.35	29538.50
307.41	29466.98
307.48	29390.31
307.54	29318.98
307.61	29252.94
307.67	29186.75
307.74	29123.81
307.80	29073.37
307.87	29014.62
307.93	28955.32
308.00	28902.11
308.06	28850.78
308.13	28778.99
308.19	28722.12
308.26	28662.17
308.32	28599.39
308.38	28539.57
308.45	28483.57
308.51	28430.57
308.58	28374.05
308.64	28314.72
308.71	28255.10
308.77	28203.77
308.84	28135.72
308.90	28075.62
308.97	28017.18
309.03	27959.43
309.10	27895.49
309.16	27828.18
309.23	27756.22
309.29	27685.51
309.36	27595.63
309.42	27518.01
309.49	27446.09
309.55	27387.13
309.62	27321.93
309.68	27280.69
309.75	27217.10
309.81	27154.76
309.88	27090.54
309.94	27027.13
310.00	26956.56
310.07	26890.76
310.13	26837.67
310.20	26769.72
310.26	26705.82
310.33	26633.50
310.39	26579.27
310.46	26510.84
310.52	26451.51
310.59	26387.78
310.65	26331.34
310.72	26266.37
310.78	26206.59
310.85	26140.02
310.91	26080.80
310.97	26024.23
311.04	25970.74
311.10	25905.65
311.17	25845.40
311.23	25785.04
311.30	25724.48
311.36	25660.80
311.43	25612.42
311.49	25561.36
311.56	25510.07
311.62	25453.55
311.69	25399.92
311.75	25345.81
311.81	25286.86
311.88	25219.14
311.94	25162.62
312.01	25110.51
312.07	25047.63
312.14	24997.95
312.20	24955.23
312.27	24907.15
312.33	24839.92
312.40	24775.55
312.46	24711.76
312.52	24644.01
312.59	24578.72
312.65	24520.41
312.72	24452.24
312.78	24387.82
312.85	24328.62
312.91	24257.35
312.98	24199.06
313.04	24155.27
313.10	24105.93
313.17	24048.73
313.23	24004.54
313.30	23952.84
313.36	23893.26
313.43	23832.37
313.49	23780.78
313.56	23715.78
313.62	23647.89
313.68	23592.45
313.75	23539.09
313.81	23483.31
313.88	23432.99
313.94	23393.99
314.01	23343.98
314.07	23288.32
314.13	23234.39
314.20	23183.77
314.26	23122.99
314.33	23064.31
314.39	23010.37
314.46	22944.76
314.52	22895.10
314.58	22837.65
314.65	22786.00
314.71	22728.14
314.78	22680.24
314.84	22614.45
314.91	22562.54
314.97	22507.56
315.03	22457.61
315.10	22403.96
315.16	22347.90
315.23	22295.02
315.29	22245.21
315.36	22191.47
315.42	22147.52
315.48	22100.51
315.55	22053.79
315.61	21994.80
315.68	21950.37
315.74	21888.49
315.81	21832.04
315.87	21771.27
315.93	21729.42
316.00	21691.88
316.06	21661.06
316.13	21637.65
316.19	21587.25
316.25	21493.91
316.32	21356.02
316.38	21183.41
316.45	20966.09
316.51	20739.59
316.58	20508.79
316.64	20266.91
316.70	20029.87
316.77	19789.14
316.83	19543.81
316.90	19291.57
316.96	19045.01
317.02	18792.24
317.09	18546.84
317.15	18300.92
317.22	18061.03
317.28	17813.49
317.34	17573.19
317.41	17326.06
317.47	17086.69
317.54	16842.62
317.60	16601.34
317.66	16355.61
317.73	16109.71
317.79	15862.96
317.86	15618.96
317.92	15373.80
317.98	15121.33
318.05	14871.99
318.11	14619.51
318.18	14372.43
318.24	14117.69
318.30	13866.17
318.37	13615.97
318.43	13357.90
318.50	13090.94
318.56	12827.33
318.62	12566.18
318.69	12297.94
318.75	12031.06
318.82	11758.58
318.88	11487.13
318.94	11216.28
319.01	10947.50
319.07	10678.99
319.13	10408.54
319.20	10135.77
319.26	9853.28
319.33	9562.79
319.39	9267.96
319.45	8986.61
319.52	8704.09
319.58	8419.67
319.65	8139.48
319.71	7860.53
319.77	7574.92
319.84	7298.66
319.90	7027.09
319.96	6754.31
320.03	6485.85
320.09	6223.92
320.16	5957.62
320.22	5701.67
320.28	5454.73
320.35	5214.23
320.41	4978.82
320.47	4754.01
320.54	4532.84
320.60	4323.98
320.67	4121.10
320.73	3925.47
320.79	3733.94
320.86	3556.29
320.92	3378.46
320.98	3213.28
321.05	3054.72
321.11	2902.54
321.18	2757.22
321.24	2624.72
321.30	2493.21
321.37	2374.96
321.43	2270.66
321.49	2167.85
321.56	2071.93
321.62	1986.49
321.68	1899.29
321.75	1817.22
321.81	1741.26
321.88	1667.76
321.94	1602.56
322.00	1543.88
322.07	1480.42
322.13	1421.74
322.19	1363.73
322.26	1302.85
322.32	1246.17
322.38	1199.07
322.45	1156.72
322.51	1111.60
322.58	1074.68
322.64	1030.03
322.70	988.92
322.77	940.28
322.83	905.78
322.89	860.71
322.96	820.70
323.02	779.06
323.08	740.21
323.15	699.47
323.21	664.02
323.27	629.76
323.34	596.36
323.40	563.92
323.46	529.68
323.53	492.29
323.59	413.85
323.65	310.18
323.72	194.26
323.78	84.19
323.85	-15.75
323.91	-66.18
323.97	-85.31
324.04	-86.59
