180.21	3427.70
180.28	-124.65
180.36	634.00
180.44	-43.71
180.51	-9.62
180.59	18.04
180.66	49.61
180.74	50.66
180.81	52.48
180.89	57.04
180.97	59.64
181.04	60.27
181.12	61.79
181.19	65.72
181.27	68.90
181.34	88.47
181.42	97.35
181.50	105.36
181.57	115.97
181.65	120.80
181.72	114.93
181.80	111.22
181.87	116.11
181.95	124.41
182.03	134.62
182.10	150.42
182.18	167.50
182.25	191.25
182.33	211.55
182.40	237.52
182.48	253.36
182.55	285.38
182.63	306.17
182.71	324.89
182.78	342.79
182.86	352.21
182.93	335.72
183.01	317.47
183.08	295.10
183.16	282.23
183.23	277.58
183.31	304.16
183.39	336.96
183.46	388.15
183.54	433.40
183.61	491.73
183.69	548.47
183.76	614.95
183.84	672.11
183.91	733.75
183.99	794.93
184.06	842.91
184.14	898.68
184.22	937.66
184.29	942.48
184.37	940.54
184.44	910.76
184.52	817.54
184.59	716.48
184.67	645.37
184.74	579.58
184.82	565.41
184.89	616.46
184.97	710.53
185.04	813.02
185.12	920.78
185.20	1024.62
185.27	1134.10
185.35	1225.97
185.42	1294.30
185.50	1373.30
185.57	1428.48
185.65	1481.24
185.72	1553.28
185.80	1632.94
185.87	1699.90
185.95	1788.50
186.02	1846.31
186.10	1849.33
186.17	1807.71
186.25	1675.08
186.33	1474.93
186.40	1303.70
186.48	1199.99
186.55	1178.74
186.63	1261.46
186.70	1434.16
186.78	1597.26
186.85	1745.79
186.93	1868.65
187.00	2002.82
187.08	2112.63
187.15	2245.74
187.23	2380.17
187.30	2500.27
187.38	2619.95
187.45	2754.76
187.53	2855.20
187.60	2945.33
187.68	3066.72
187.75	3147.14
187.83	3187.84
187.90	3220.19
187.98	3212.00
188.05	3090.84
188.13	2857.53
188.21	2595.66
188.28	2377.26
188.36	2211.71
188.43	2179.40
188.51	2314.56
188.58	2529.48
188.66	2724.27
188.73	2925.16
188.81	3107.41
188.88	3268.86
188.96	3402.55
189.03	3548.06
189.11	3686.25
189.18	3795.41
189.26	3900.80
189.33	4021.63
189.41	4115.97
189.48	4201.53
189.56	4311.33
189.63	4392.08
189.71	4445.20
189.78	4504.13
189.86	4527.62
189.93	4495.12
190.01	4419.60
190.08	4257.79
190.16	3975.85
190.23	3673.53
190.31	3457.46
190.38	3336.88
190.46	3352.63
190.53	3512.16
190.61	3750.25
190.68	3958.18
190.76	4157.22
190.83	4323.63
190.91	4489.88
190.98	4625.52
191.06	4775.64
191.13	4906.20
191.21	5021.57
191.28	5127.64
191.35	5240.68
191.43	5316.11
191.50	5384.96
191.58	5462.92
191.65	5506.35
191.73	5531.90
191.80	5559.57
191.88	5562.24
191.95	5547.66
192.03	5545.92
192.10	5531.14
192.18	5490.42
192.25	5403.43
192.33	5237.20
192.40	5044.43
192.48	4891.73
192.55	4808.26
192.63	4819.96
192.70	4949.04
192.78	5138.04
192.85	5329.53
192.93	5498.17
193.00	5637.38
193.08	5769.85
193.15	5877.58
193.22	5961.93
193.30	6025.58
193.37	6086.20
193.45	6117.82
193.52	6159.03
193.60	6204.89
193.67	6254.66
193.75	6306.03
193.82	6357.90
193.90	6395.65
193.97	6438.28
194.05	6483.08
194.12	6521.73
194.20	6572.24
194.27	6621.72
194.34	6650.04
194.42	6662.08
194.49	6668.78
194.57	6641.61
194.64	6564.28
194.72	6470.27
194.79	6380.60
194.87	6293.77
194.94	6240.15
195.02	6247.35
195.09	6297.23
195.17	6376.89
195.24	6484.03
195.31	6600.32
195.39	6724.44
195.46	6833.46
195.54	6933.44
195.61	7010.03
195.69	7068.84
195.76	7107.21
195.84	7150.48
195.91	7167.79
195.99	7180.31
196.06	7192.70
196.13	7201.44
196.21	7193.13
196.28	7179.21
196.36	7151.63
196.43	7104.73
196.51	7054.85
196.58	7020.31
196.66	7016.94
196.73	7050.75
196.80	7113.98
196.88	7196.73
196.95	7289.78
197.03	7368.91
197.10	7416.07
197.18	7451.90
197.25	7476.91
197.33	7498.03
197.40	7523.28
197.47	7547.29
197.55	7577.32
197.62	7601.00
197.70	7612.86
197.77	7611.62
197.85	7603.98
197.92	7565.10
197.99	7501.28
198.07	7419.70
198.14	7346.14
198.22	7323.79
198.29	7358.43
198.37	7451.60
198.44	7585.55
198.51	7726.09
198.59	7841.90
198.66	7940.09
198.74	8012.25
198.81	8066.40
198.89	8107.97
198.96	8140.40
199.03	8153.38
199.11	8165.89
199.18	8164.54
199.26	8159.75
199.33	8152.22
199.41	8132.12
199.48	8066.62
199.55	7977.70
199.63	7881.70
199.70	7807.31
199.78	7774.26
199.85	7826.91
199.93	7944.96
200.00	8103.76
200.07	8254.43
200.15	8393.75
200.22	8498.29
200.30	8571.86
200.37	8630.89
200.44	8686.38
200.52	8732.34
200.59	8773.18
200.67	8794.39
200.74	8792.75
200.81	8772.29
200.89	8746.13
200.96	8726.44
201.04	8697.99
201.11	8650.55
201.19	8596.55
201.26	8549.76
201.33	8511.76
201.41	8530.75
201.48	8614.91
201.56	8741.54
201.63	8895.60
201.70	9039.00
201.78	9158.69
201.85	9258.05
201.93	9338.44
202.00	9391.60
202.07	9439.88
202.15	9478.98
202.22	9504.25
202.30	9526.88
202.37	9542.99
202.44	9551.37
202.52	9551.27
202.59	9543.73
202.67	9528.24
202.74	9519.18
202.81	9501.24
202.89	9476.17
202.96	9476.99
203.04	9522.95
203.11	9592.83
203.18	9706.66
203.26	9851.46
203.33	9987.07
203.41	10087.98
203.48	10174.03
203.55	10231.74
203.63	10285.21
203.70	10336.84
203.77	10385.17
203.85	10423.56
203.92	10464.16
204.00	10513.97
204.07	10553.78
204.14	10597.03
204.22	10635.83
204.29	10671.85
204.37	10676.97
204.44	10683.73
204.51	10693.61
204.59	10708.42
204.66	10728.78
204.73	10792.11
204.81	10879.80
204.88	10982.25
204.96	11097.46
205.03	11214.81
205.10	11308.15
205.18	11383.21
205.25	11450.52
205.32	11515.30
205.40	11576.70
205.47	11639.67
205.55	11707.07
205.62	11768.83
205.69	11828.79
205.77	11882.37
205.84	11936.76
205.91	11990.16
205.99	12044.45
206.06	12089.64
206.14	12135.43
206.21	12184.74
206.28	12225.19
206.36	12270.84
206.43	12325.15
206.50	12404.30
206.58	12489.01
206.65	12587.89
206.72	12692.87
206.80	12797.10
206.87	12887.55
206.95	12980.03
207.02	13077.41
207.09	13169.43
207.17	13266.66
207.24	13361.65
207.31	13447.57
207.39	13522.38
207.46	13590.02
207.53	13649.90
207.61	13721.42
207.68	13789.89
207.75	13868.70
207.83	13952.80
207.90	14033.49
207.98	14089.90
208.05	14160.96
208.12	14227.09
208.20	14304.68
208.27	14396.01
208.34	14510.48
208.42	14607.70
208.49	14706.18
208.56	14794.25
208.64	14886.43
208.71	14971.67
208.78	15062.84
208.86	15170.03
208.93	15278.47
209.00	15377.85
209.08	15475.09
209.15	15581.43
209.22	15676.02
209.30	15773.14
209.37	15873.24
209.44	15982.59
209.52	16083.26
209.59	16176.48
209.67	16270.35
209.74	16362.36
209.81	16458.86
209.89	16559.19
209.96	16664.51
210.03	16764.03
210.11	16871.47
210.18	16971.09
210.25	17080.85
210.33	17195.94
210.40	17310.40
210.47	17423.13
210.55	17545.17
210.62	17654.36
210.69	17747.66
210.77	17852.78
210.84	17955.81
210.91	18066.78
210.99	18176.83
211.06	18304.28
211.13	18435.63
211.21	18560.42
211.28	18667.91
211.35	18787.88
211.42	18901.45
211.50	19006.19
211.57	19113.65
211.64	19227.43
211.72	19338.55
211.79	19451.01
211.86	19569.30
211.94	19696.31
212.01	19825.30
212.08	19952.06
212.16	20076.16
212.23	20203.98
212.30	20328.97
212.38	20450.00
212.45	20575.06
212.52	20710.49
212.60	20835.00
212.67	20958.42
212.74	21086.14
212.82	21207.43
212.89	21323.41
212.96	21440.52
213.03	21573.05
213.11	21708.46
213.18	21843.85
213.25	21993.62
213.33	22147.29
213.40	22286.45
213.47	22418.22
213.55	22545.57
213.62	22653.84
213.69	22767.37
213.77	22885.92
213.84	23006.23
213.91	23146.09
213.98	23286.19
214.06	23428.14
214.13	23578.80
214.20	23732.15
214.28	23884.95
214.35	24039.00
214.42	24181.57
214.50	24317.70
214.57	24453.27
214.64	24572.01
214.72	24688.05
214.79	24812.13
214.86	24936.48
214.93	25065.32
215.01	25213.71
215.08	25361.47
215.15	25498.14
215.23	25628.66
215.30	25760.17
215.37	25884.35
215.44	26031.09
215.52	26198.61
215.59	26365.89
215.66	26527.40
215.74	26683.33
215.81	26825.39
215.88	26959.77
215.95	27087.62
216.03	27211.67
216.10	27347.50
216.17	27487.82
216.25	27623.95
216.32	27780.34
216.39	27948.01
216.46	28100.21
216.54	28233.69
216.61	28372.60
216.68	28496.09
216.76	28625.11
216.83	28774.36
216.90	28940.77
216.97	29111.13
217.05	29278.51
217.12	29425.21
217.19	29535.38
217.27	29626.31
217.34	29708.30
217.41	29811.25
217.48	29923.33
217.56	30059.25
217.63	30220.47
217.70	30390.27
217.78	30553.40
217.85	30712.91
217.92	30876.99
217.99	31040.35
218.07	31183.28
218.14	31315.45
218.21	31460.98
218.28	31605.50
218.36	31749.31
218.43	31896.28
218.50	32050.91
218.57	32185.65
218.65	32310.86
218.72	32433.11
218.79	32572.16
218.87	32705.46
218.94	32850.19
219.01	32993.10
219.08	33128.00
219.16	33247.65
219.23	33366.90
219.30	33476.28
219.37	33596.30
219.45	33720.55
219.52	33865.19
219.59	33996.47
219.66	34123.95
219.74	34253.18
219.81	34407.61
219.88	34540.25
219.95	34686.14
220.03	34849.75
220.10	34993.70
220.17	35108.74
220.24	35234.22
220.32	35360.48
220.39	35474.50
220.46	35592.23
220.53	35719.93
220.61	35835.94
220.68	35965.14
220.75	36103.02
220.82	36242.14
220.90	36358.63
220.97	36463.14
221.04	36545.94
221.11	36629.09
221.19	36724.94
221.26	36839.47
221.33	36973.14
221.40	37111.64
221.48	37249.19
221.55	37376.35
221.62	37499.64
221.69	37626.51
221.77	37751.39
221.84	37866.35
221.91	37991.50
221.98	38118.21
222.06	38242.90
222.13	38373.72
222.20	38502.77
222.27	38613.94
222.35	38718.55
222.42	38820.85
222.49	38907.36
222.56	38985.84
222.63	39074.26
222.71	39174.94
222.78	39285.22
222.85	39405.46
222.92	39526.42
223.00	39629.45
223.07	39714.51
223.14	39785.20
223.21	39864.92
223.29	39962.09
223.36	40090.70
223.43	40227.75
223.50	40368.19
223.57	40498.43
223.65	40634.88
223.72	40747.79
223.79	40853.59
223.86	40958.85
223.94	41064.42
224.01	41149.31
224.08	41220.08
224.15	41291.04
224.22	41351.04
224.30	41395.67
224.37	41460.57
224.44	41548.55
224.51	41638.83
224.59	41742.27
224.66	41864.07
224.73	41971.20
224.80	42071.18
224.87	42183.02
224.95	42284.75
225.02	42384.25
225.09	42478.13
225.16	42570.80
225.23	42648.52
225.31	42737.63
225.38	42827.93
225.45	42925.62
225.52	43017.40
225.60	43103.66
225.67	43155.95
225.74	43195.42
225.81	43226.41
225.88	43277.84
225.96	43360.26
226.03	43484.40
226.10	43609.08
226.17	43737.37
226.24	43859.02
226.32	43950.10
226.39	44016.39
226.46	44078.99
226.53	44139.10
226.60	44198.76
226.68	44260.69
226.75	44333.34
226.82	44414.90
226.89	44494.93
226.96	44562.89
227.04	44614.16
227.11	44655.16
227.18	44693.12
227.25	44726.09
227.32	44776.50
227.40	44846.78
227.47	44925.60
227.54	45001.15
227.61	45072.24
227.68	45143.82
227.76	45223.04
227.83	45299.88
227.90	45370.75
227.97	45444.66
228.04	45502.46
228.11	45543.50
228.19	45577.13
228.26	45633.69
228.33	45700.83
228.40	45764.52
228.47	45835.88
228.55	45911.73
228.62	45981.79
228.69	46042.34
228.76	46103.35
228.83	46158.05
228.90	46217.54
228.98	46271.63
229.05	46339.80
229.12	46414.92
229.19	46491.89
229.26	46562.07
229.34	46616.92
229.41	46663.13
229.48	46709.90
229.55	46757.58
229.62	46816.26
229.69	46878.71
229.77	46928.86
229.84	46967.89
229.91	46996.19
229.98	47010.04
230.05	47029.29
230.12	47074.19
230.20	47138.65
230.27	47212.52
230.34	47293.54
230.41	47373.53
230.48	47431.72
230.55	47479.84
230.63	47523.78
230.70	47571.33
230.77	47598.68
230.84	47632.44
230.91	47661.32
230.98	47700.48
231.06	47734.34
231.13	47797.85
231.20	47868.28
231.27	47941.03
231.34	48001.63
231.41	48057.28
231.49	48105.23
231.56	48153.77
231.63	48199.98
231.70	48245.57
231.77	48279.18
231.84	48304.48
231.92	48313.65
231.99	48327.82
232.06	48356.19
232.13	48400.07
232.20	48452.85
232.27	48510.39
232.34	48554.73
232.42	48575.58
232.49	48600.52
232.56	48639.06
232.63	48693.39
232.70	48750.09
232.77	48818.45
232.85	48876.14
232.92	48922.45
232.99	48945.79
233.06	48977.21
233.13	49000.74
233.20	49015.72
233.27	49019.27
233.35	49021.25
233.42	49015.14
233.49	49018.69
233.56	49049.66
233.63	49075.21
233.70	49100.11
233.77	49130.84
233.85	49163.32
233.92	49191.48
233.99	49226.26
234.06	49275.70
234.13	49327.07
234.20	49379.52
234.27	49406.77
234.35	49433.45
234.42	49443.91
234.49	49448.76
234.56	49447.04
234.63	49441.78
234.70	49437.37
234.77	49430.21
234.84	49414.17
234.92	49391.91
234.99	49394.51
235.06	49409.56
235.13	49435.83
235.20	49474.98
235.27	49517.75
235.34	49548.82
235.41	49582.48
235.49	49611.00
235.56	49633.43
235.63	49645.04
235.70	49656.43
235.77	49642.90
235.84	49629.33
235.91	49605.74
235.98	49599.40
236.06	49597.63
236.13	49604.54
236.20	49613.07
236.27	49617.66
236.34	49624.74
236.41	49629.86
236.48	49632.84
236.55	49632.79
236.63	49632.27
236.70	49627.45
236.77	49619.06
236.84	49621.02
236.91	49620.83
236.98	49620.25
237.05	49624.49
237.12	49617.77
237.19	49599.48
237.27	49589.72
237.34	49591.85
237.41	49581.92
237.48	49571.10
237.55	49563.12
237.62	49548.98
237.69	49551.19
237.76	49557.83
237.83	49578.01
237.91	49592.28
237.98	49605.11
238.05	49605.79
238.12	49602.84
238.19	49596.07
238.26	49604.43
238.33	49603.77
238.40	49583.84
238.47	49560.20
238.54	49536.98
238.62	49501.85
238.69	49476.75
238.76	49460.95
238.83	49451.90
238.90	49463.89
238.97	49480.53
239.04	49495.24
239.11	49513.72
239.18	49535.75
239.25	49532.21
239.33	49514.87
239.40	49494.84
239.47	49466.13
239.54	49420.91
239.61	49368.50
239.68	49318.30
239.75	49283.11
239.82	49247.53
239.89	49224.71
239.96	49228.02
240.03	49240.93
240.11	49253.78
240.18	49278.64
240.25	49295.63
240.32	49299.00
240.39	49310.85
240.46	49314.03
240.53	49329.81
240.60	49351.58
240.67	49375.39
240.74	49385.69
240.81	49397.40
240.88	49386.01
240.96	49372.65
241.03	49352.19
241.10	49333.53
241.17	49313.35
241.24	49299.27
241.31	49285.10
241.38	49277.60
241.45	49275.57
241.52	49270.79
241.59	49270.77
241.66	49278.57
241.73	49290.26
241.80	49292.83
241.88	49280.82
241.95	49260.24
242.02	49217.47
242.09	49161.17
242.16	49106.55
242.23	49091.95
242.30	49084.09
242.37	49088.54
242.44	49104.47
242.51	49105.79
242.58	49087.50
242.65	49072.58
242.72	49079.98
242.79	49071.60
242.87	49085.24
242.94	49092.62
243.01	49085.15
243.08	49069.75
243.15	49063.59
243.22	49061.30
243.29	49077.95
243.36	49097.16
243.43	49113.02
243.50	49137.31
243.57	49156.23
243.64	49159.29
243.71	49175.96
243.78	49185.63
243.85	49175.26
243.92	49156.75
243.99	49140.38
244.07	49113.35
244.14	49078.35
244.21	49068.67
244.28	49083.30
244.35	49099.26
244.42	49123.70
244.49	49162.40
244.56	49189.40
244.63	49197.70
244.70	49198.00
244.77	49201.38
244.84	49199.37
244.91	49191.40
244.98	49180.98
245.05	49190.25
245.12	49207.26
245.19	49228.89
245.26	49255.55
245.33	49294.20
245.40	49323.71
245.47	49346.66
245.55	49368.88
245.62	49381.89
245.69	49391.40
245.76	49411.00
245.83	49428.29
245.90	49435.56
245.97	49444.20
246.04	49456.34
246.11	49458.83
246.18	49442.71
246.25	49437.98
246.32	49430.87
246.39	49432.99
246.46	49437.49
246.53	49463.05
246.60	49472.69
246.67	49501.67
246.74	49525.05
246.81	49549.88
246.88	49567.28
246.95	49587.10
247.02	49600.91
247.09	49610.06
247.16	49607.32
247.23	49591.13
247.30	49570.84
247.37	49543.89
247.44	49526.45
247.51	49512.54
247.58	49519.22
247.66	49557.25
247.73	49610.71
247.80	49651.42
247.87	49705.81
247.94	49768.30
248.01	49817.98
248.08	49859.66
248.15	49897.21
248.22	49921.93
248.29	49944.66
248.36	49961.83
248.43	49990.27
248.50	50010.97
248.57	50038.09
248.64	50058.90
248.71	50093.16
248.78	50117.56
248.85	50145.99
248.92	50173.95
248.99	50185.46
249.06	50173.14
249.13	50149.90
249.20	50137.85
249.27	50117.45
249.34	50109.44
249.41	50126.46
249.48	50143.61
249.55	50153.08
249.62	50163.37
249.69	50178.03
249.76	50199.85
249.83	50231.15
249.90	50270.67
249.97	50309.68
250.04	50363.14
250.11	50409.40
250.18	50457.08
250.25	50498.63
250.32	50526.84
250.39	50540.56
250.46	50552.65
250.53	50564.08
250.60	50574.57
250.67	50607.62
250.74	50641.12
250.81	50640.20
250.88	50630.61
250.95	50629.46
251.02	50613.95
251.09	50594.63
251.16	50619.04
251.23	50657.17
251.30	50694.28
251.37	50731.18
251.44	50768.00
251.51	50797.28
251.58	50816.76
251.65	50835.46
251.72	50860.89
251.79	50878.40
251.86	50873.31
251.93	50852.15
252.00	50807.73
252.07	50756.60
252.14	50731.17
252.21	50722.14
252.28	50731.39
252.35	50766.20
252.42	50833.86
252.49	50879.78
252.56	50923.64
252.63	50970.20
252.70	51000.93
252.77	51009.44
252.84	51015.81
252.91	51009.64
252.98	50986.78
253.05	50971.96
253.12	50968.55
253.19	50979.63
253.25	51011.15
253.32	51047.54
253.39	51088.45
253.46	51108.02
253.53	51121.13
253.60	51101.88
253.67	51099.14
253.74	51112.09
253.81	51141.42
253.88	51158.55
253.95	51197.67
254.02	51221.45
254.09	51220.44
254.16	51211.90
254.23	51202.88
254.30	51186.14
254.37	51186.93
254.44	51199.33
254.51	51216.83
254.58	51234.61
254.65	51256.86
254.72	51258.48
254.79	51234.15
254.86	51213.15
254.93	51186.12
255.00	51173.49
255.07	51179.95
255.14	51203.15
255.21	51197.24
255.28	51189.88
255.34	51168.35
255.41	51155.57
255.48	51157.42
255.55	51177.16
255.62	51215.13
255.69	51257.02
255.76	51289.15
255.83	51308.91
255.90	51332.19
255.97	51354.75
256.04	51355.86
256.11	51352.42
256.18	51344.82
256.25	51328.39
256.32	51297.60
256.39	51271.75
256.46	51238.50
256.53	51206.08
256.60	51177.68
256.67	51160.82
256.74	51152.44
256.80	51148.81
256.87	51138.92
256.94	51128.61
257.01	51116.56
257.08	51110.50
257.15	51105.01
257.22	51101.22
257.29	51093.15
257.36	51091.49
257.43	51086.69
257.50	51072.51
257.57	51055.53
257.64	51055.69
257.71	51036.62
257.78	51017.72
257.85	50998.79
257.92	51003.98
257.98	50995.63
258.05	50998.64
258.12	50994.46
258.19	50987.83
258.26	50949.58
258.33	50900.63
258.40	50859.43
258.47	50825.02
258.54	50813.55
258.61	50825.20
258.68	50849.00
258.75	50875.85
258.82	50893.02
258.89	50874.74
258.95	50844.31
259.02	50804.98
259.09	50755.87
259.16	50694.04
259.23	50648.96
259.30	50608.90
259.37	50587.43
259.44	50565.51
259.51	50562.45
259.58	50564.09
259.65	50557.18
259.72	50542.94
259.79	50507.35
259.85	50473.04
259.92	50438.16
259.99	50426.50
260.06	50416.76
260.13	50413.52
260.20	50402.51
260.27	50374.55
260.34	50319.75
260.41	50259.66
260.48	50214.60
260.55	50184.59
260.62	50158.97
260.68	50127.84
260.75	50103.92
260.82	50087.59
260.89	50065.61
260.96	50053.51
261.03	50053.17
261.10	50042.18
261.17	50022.53
261.24	49989.48
261.31	49953.43
261.38	49913.82
261.44	49874.35
261.51	49836.16
261.58	49806.35
261.65	49770.45
261.72	49735.65
261.79	49687.86
261.86	49634.01
261.93	49583.56
262.00	49548.75
262.07	49508.35
262.13	49483.30
262.20	49462.47
262.27	49434.00
262.34	49398.88
262.41	49367.55
262.48	49330.82
262.55	49287.27
262.62	49239.76
262.69	49185.50
262.76	49144.86
262.82	49091.63
262.89	49044.60
262.96	48996.25
263.03	48959.93
263.10	48915.61
263.17	48871.02
263.24	48821.91
263.31	48797.94
263.38	48767.05
263.44	48733.85
263.51	48710.82
263.58	48689.47
263.65	48647.73
263.72	48605.47
263.79	48543.02
263.86	48481.12
263.93	48423.77
264.00	48380.61
264.06	48341.07
264.13	48316.81
264.20	48302.36
264.27	48272.76
264.34	48235.60
264.41	48185.34
264.48	48149.92
264.55	48105.97
264.61	48077.14
264.68	48042.48
264.75	48017.61
264.82	47955.16
264.89	47882.04
264.96	47808.86
265.03	47733.66
265.10	47674.23
265.16	47642.79
265.23	47625.71
265.30	47611.35
265.37	47593.39
265.44	47555.89
265.51	47532.91
265.58	47506.97
265.65	47461.90
265.71	47418.36
265.78	47378.39
265.85	47305.97
265.92	47235.85
265.99	47182.15
266.06	47138.83
266.13	47083.50
266.20	47056.80
266.26	47030.86
266.33	46993.33
266.40	46940.21
266.47	46879.57
266.54	46789.55
266.61	46712.77
266.68	46641.71
266.74	46578.41
266.81	46538.37
266.88	46516.13
266.95	46463.07
267.02	46424.07
267.09	46382.22
267.16	46328.30
267.22	46279.38
267.29	46251.13
267.36	46225.24
267.43	46202.32
267.50	46172.86
267.57	46136.37
267.64	46089.32
267.70	46042.68
267.77	45989.58
267.84	45946.72
267.91	45899.88
267.98	45851.84
268.05	45791.07
268.11	45723.37
268.18	45658.72
268.25	45600.07
268.32	45547.84
268.39	45496.80
268.46	45464.43
268.53	45448.97
268.59	45433.59
268.66	45415.14
268.73	45389.40
268.80	45364.36
268.87	45307.27
268.94	45262.36
269.00	45224.68
269.07	45181.26
269.14	45133.45
269.21	45099.12
269.28	45054.92
269.35	45006.88
269.41	44966.45
269.48	44919.02
269.55	44860.24
269.62	44793.44
269.69	44733.85
269.76	44663.61
269.82	44604.78
269.89	44565.95
269.96	44551.30
270.03	44526.35
270.10	44512.17
270.17	44486.66
270.23	44458.32
270.30	44409.99
270.37	44373.21
270.44	44338.35
270.51	44309.36
270.58	44276.30
270.64	44249.58
270.71	44209.37
270.78	44172.23
270.85	44130.69
270.92	44082.43
270.99	44031.52
271.05	43987.81
271.12	43940.25
271.19	43892.35
271.26	43842.73
271.33	43794.85
271.39	43750.83
271.46	43693.69
271.53	43654.19
271.60	43629.48
271.67	43608.25
271.74	43581.97
271.80	43572.91
271.87	43560.94
271.94	43530.64
272.01	43481.25
272.08	43440.46
272.14	43394.25
272.21	43353.98
272.28	43327.59
272.35	43311.66
272.42	43278.92
272.48	43271.70
272.55	43249.09
272.62	43227.88
272.69	43220.25
272.76	43229.66
272.83	43206.22
272.89	43181.93
272.96	43151.28
273.03	43103.62
273.10	43048.31
273.17	43001.48
273.23	42957.21
273.30	42915.87
273.37	42874.80
273.44	42853.35
273.51	42835.53
273.57	42829.75
273.64	42819.43
273.71	42819.79
273.78	42808.98
273.85	42792.88
273.91	42761.63
273.98	42742.03
274.05	42711.01
274.12	42678.13
274.19	42656.61
274.25	42629.57
274.32	42592.01
274.39	42560.24
274.46	42508.50
274.53	42443.37
274.59	42381.78
274.66	42328.23
274.73	42274.86
274.80	42234.16
274.86	42201.96
274.93	42184.63
275.00	42163.77
275.07	42145.28
275.14	42125.83
275.20	42090.70
275.27	42050.90
275.34	42011.49
275.41	41972.68
275.48	41951.69
275.54	41940.60
275.61	41925.34
275.68	41909.83
275.75	41884.75
275.81	41843.89
275.88	41814.65
275.95	41786.05
276.02	41745.26
276.09	41708.66
276.15	41676.33
276.22	41649.70
276.29	41623.51
276.36	41592.96
276.42	41568.78
276.49	41534.39
276.56	41470.54
276.63	41400.35
276.70	41355.61
276.76	41324.81
276.83	41310.81
276.90	41311.15
276.97	41315.09
277.03	41319.63
277.10	41305.90
277.17	41292.15
277.24	41280.72
277.30	41271.95
277.37	41244.44
277.44	41216.75
277.51	41177.37
277.58	41138.12
277.64	41093.70
277.71	41056.59
277.78	41022.75
277.85	40972.87
277.91	40916.03
277.98	40873.25
278.05	40830.24
278.12	40794.71
278.18	40775.64
278.25	40767.62
278.32	40749.09
278.39	40747.87
278.45	40747.80
278.52	40744.51
278.59	40726.28
278.66	40697.95
278.72	40664.37
278.79	40623.30
278.86	40589.50
278.93	40570.57
278.99	40561.86
279.06	40545.22
279.13	40529.09
279.20	40515.41
279.26	40491.67
279.33	40472.60
279.40	40449.09
279.47	40415.40
279.53	40377.29
279.60	40344.71
279.67	40305.08
279.74	40264.95
279.80	40237.52
279.87	40209.23
279.94	40180.22
280.01	40153.34
280.07	40122.51
280.14	40088.77
280.21	40049.39
280.28	40009.62
280.34	39968.27
280.41	39929.01
280.48	39878.61
280.55	39843.93
280.61	39815.88
280.68	39796.66
280.75	39772.00
280.82	39752.95
280.88	39720.42
280.95	39669.10
281.02	39607.07
281.08	39544.19
281.15	39485.06
281.22	39420.66
281.29	39357.95
281.35	39292.23
281.42	39243.02
281.49	39180.05
281.56	39128.00
281.62	39096.01
281.69	39065.04
281.76	39033.89
281.82	39019.63
281.89	38997.38
281.96	38965.77
282.03	38937.10
282.09	38901.86
282.16	38864.36
282.23	38828.00
282.30	38784.70
282.36	38750.55
282.43	38718.36
282.50	38695.13
282.56	38654.10
282.63	38636.18
282.70	38607.88
282.77	38586.12
282.83	38562.00
282.90	38555.12
282.97	38536.40
283.03	38532.44
283.10	38521.60
283.17	38511.30
283.24	38489.99
283.30	38452.40
283.37	38407.19
283.44	38358.56
283.50	38296.07
283.57	38249.10
283.64	38203.40
283.71	38149.08
283.77	38110.21
283.84	38083.47
283.91	38052.56
283.97	38038.53
284.04	38039.56
284.11	38024.72
284.18	38013.79
284.24	38005.50
284.31	37995.96
284.38	37981.63
284.44	37978.25
284.51	37969.96
284.58	37965.31
284.64	37953.80
284.71	37943.01
284.78	37918.01
284.85	37894.16
284.91	37870.51
284.98	37846.25
285.05	37807.41
285.11	37777.89
285.18	37745.35
285.25	37717.32
285.31	37694.87
285.38	37686.75
285.45	37678.99
285.52	37667.68
285.58	37648.68
285.65	37626.28
285.72	37593.03
285.78	37569.40
285.85	37558.44
285.92	37545.30
285.98	37531.88
286.05	37523.70
286.12	37501.87
286.18	37474.12
286.25	37452.66
286.32	37425.02
286.39	37403.97
286.45	37383.57
286.52	37354.93
286.59	37319.51
286.65	37300.74
286.72	37291.66
286.79	37291.80
286.85	37298.08
286.92	37306.27
286.99	37307.53
287.05	37283.07
287.12	37266.05
287.19	37246.27
287.25	37232.53
287.32	37217.86
287.39	37216.47
287.45	37205.74
287.52	37188.48
287.59	37174.70
287.65	37166.95
287.72	37154.75
287.79	37122.30
287.86	37104.05
287.92	37071.62
287.99	37036.86
288.06	37018.30
288.12	37002.05
288.19	36985.09
288.26	36963.37
288.32	36944.77
288.39	36915.78
288.46	36907.94
288.52	36900.78
288.59	36909.80
288.66	36918.52
288.72	36924.25
288.79	36920.39
288.86	36905.27
288.92	36882.95
288.99	36847.01
289.06	36822.40
289.12	36798.42
289.19	36779.22
289.26	36768.15
289.32	36764.88
289.39	36753.23
289.45	36749.39
289.52	36737.22
289.59	36734.95
289.65	36730.75
289.72	36715.40
289.79	36701.87
289.85	36702.31
289.92	36682.86
289.99	36668.35
290.05	36659.54
290.12	36633.80
290.19	36608.53
290.25	36584.58
290.32	36557.30
290.39	36545.17
290.45	36538.39
290.52	36540.37
290.59	36539.31
290.65	36537.06
290.72	36517.93
290.79	36516.25
290.85	36505.39
290.92	36501.76
290.98	36500.05
291.05	36505.71
291.12	36492.79
291.18	36478.31
291.25	36461.25
291.32	36443.41
291.38	36419.04
291.45	36406.18
291.52	36386.80
291.58	36369.13
291.65	36360.05
291.72	36352.33
291.78	36338.55
291.85	36322.32
291.91	36307.77
291.98	36294.58
292.05	36277.19
292.11	36264.53
292.18	36263.80
292.25	36259.75
292.31	36240.79
292.38	36236.98
292.45	36228.95
292.51	36214.18
292.58	36197.71
292.64	36193.85
292.71	36183.13
292.78	36175.32
292.84	36162.55
292.91	36151.68
292.98	36133.46
293.04	36117.73
293.11	36098.84
293.17	36085.80
293.24	36076.18
293.31	36071.06
293.37	36062.29
293.44	36050.04
293.51	36041.94
293.57	36029.73
293.64	36013.40
293.70	36001.09
293.77	35984.85
293.84	35962.52
293.90	35949.49
293.97	35938.31
294.04	35928.21
294.10	35916.76
294.17	35908.60
294.23	35900.07
294.30	35885.83
294.37	35867.71
294.43	35860.83
294.50	35847.14
294.56	35828.27
294.63	35808.33
294.70	35788.72
294.76	35773.08
294.83	35764.79
294.90	35758.92
294.96	35758.33
295.03	35753.06
295.09	35747.06
295.16	35746.52
295.23	35731.46
295.29	35718.65
295.36	35709.35
295.42	35688.27
295.49	35655.70
295.56	35646.28
295.62	35628.28
295.69	35609.05
295.75	35600.66
295.82	35602.46
295.89	35580.88
295.95	35562.78
296.02	35537.31
296.08	35509.42
296.15	35468.53
296.22	35448.65
296.28	35428.69
296.35	35421.47
296.41	35409.60
296.48	35401.05
296.55	35396.67
296.61	35387.00
296.68	35377.35
296.74	35375.77
296.81	35377.48
296.88	35359.92
296.94	35343.68
297.01	35329.35
297.07	35300.84
297.14	35280.85
297.20	35272.73
297.27	35267.83
297.34	35269.54
297.40	35270.61
297.47	35254.82
297.53	35230.72
297.60	35211.50
297.67	35179.11
297.73	35160.66
297.80	35140.30
297.86	35118.65
297.93	35094.41
298.00	35078.23
298.06	35053.97
298.13	35046.97
298.19	35040.66
298.26	35039.05
298.32	35035.44
298.39	35027.53
298.46	35009.56
298.52	34985.69
298.59	34959.95
298.65	34927.51
298.72	34904.13
298.78	34879.99
298.85	34863.77
298.92	34847.67
298.98	34825.54
299.05	34800.90
299.11	34776.67
299.18	34746.50
299.24	34704.33
299.31	34667.06
299.38	34639.35
299.44	34609.45
299.51	34594.55
299.57	34587.26
299.64	34585.67
299.70	34575.93
299.77	34559.90
299.84	34532.31
299.90	34496.01
299.97	34456.42
300.03	34420.95
300.10	34407.38
300.16	34388.96
300.23	34378.96
300.30	34363.75
300.36	34342.68
300.43	34312.38
300.49	34285.98
300.56	34257.66
300.62	34234.11
300.69	34208.81
300.75	34180.18
300.82	34156.10
300.89	34122.89
300.95	34097.68
301.02	34063.60
301.08	34027.39
301.15	33996.82
301.21	33966.13
301.28	33933.97
301.34	33906.09
301.41	33876.24
301.48	33843.48
301.54	33818.80
301.61	33789.91
301.67	33764.61
301.74	33745.95
301.80	33710.05
301.87	33671.71
301.93	33625.21
302.00	33580.07
302.06	33526.76
302.13	33480.91
302.20	33451.09
302.26	33418.02
302.33	33389.32
302.39	33358.45
302.46	33323.64
302.52	33277.13
302.59	33238.60
302.65	33190.45
302.72	33150.35
302.78	33109.96
302.85	33077.93
302.91	33040.56
302.98	33006.51
303.05	32968.11
303.11	32938.19
303.18	32889.73
303.24	32853.18
303.31	32813.98
303.37	32780.73
303.44	32741.48
303.50	32701.82
303.57	32650.89
303.63	32597.91
303.70	32546.05
303.76	32491.88
303.83	32449.57
303.89	32406.18
303.96	32369.22
304.03	32320.17
304.09	32269.98
304.16	32212.28
304.22	32153.95
304.29	32103.17
304.35	32049.99
304.42	32009.36
304.48	31963.68
304.55	31921.55
304.61	31865.70
304.68	31819.37
304.74	31762.32
304.81	31714.80
304.87	31658.00
304.94	31604.56
305.00	31553.72
305.07	31499.71
305.13	31440.85
305.20	31384.72
305.26	31335.79
305.33	31278.65
305.39	31230.93
305.46	31175.37
305.52	31126.60
305.59	31071.61
305.66	31017.76
305.72	30965.77
305.79	30913.61
305.85	30858.43
305.92	30771.60
305.98	30659.08
306.05	30513.71
306.11	30364.60
306.18	30201.34
306.24	30067.92
306.31	29996.90
306.37	29989.75
306.44	30022.38
306.50	30085.62
306.57	30146.48
306.63	30169.33
306.70	30143.60
306.76	30089.65
306.83	30025.40
306.89	29949.92
306.96	29878.74
307.02	29814.17
307.09	29761.36
307.15	29702.11
307.22	29656.06
307.28	29598.21
307.35	29541.40
307.41	29468.27
307.48	29395.18
307.54	29323.17
307.61	29254.16
307.67	29188.87
307.74	29128.27
307.80	29074.98
307.87	29013.69
307.93	28954.74
308.00	28897.12
308.06	28843.06
308.13	28776.62
308.19	28718.17
308.26	28662.59
308.32	28606.21
308.38	28544.86
308.45	28481.88
308.51	28430.05
308.58	28370.89
308.64	28308.30
308.71	28253.60
308.77	28201.85
308.84	28134.41
308.90	28076.85
308.97	28017.51
309.03	27960.01
309.10	27900.08
309.16	27837.14
309.23	27764.41
309.29	27697.77
309.36	27603.68
309.42	27527.07
309.49	27455.03
309.55	27389.90
309.62	27326.18
309.68	27287.75
309.75	27225.06
309.81	27156.46
309.88	27094.84
309.94	27028.62
310.00	26955.67
310.07	26889.88
310.13	26836.66
310.20	26770.80
310.26	26707.10
310.33	26638.49
310.39	26584.82
310.46	26522.35
310.52	26462.18
310.59	26398.59
310.65	26344.19
310.72	26276.46
310.78	26212.72
310.85	26146.42
310.91	26087.99
310.97	26028.08
311.04	25971.75
311.10	25911.40
311.17	25852.80
311.23	25788.53
311.30	25725.00
311.36	25665.61
311.43	25611.25
311.49	25556.87
311.56	25500.11
311.62	25451.43
311.69	25394.76
311.75	25341.77
311.81	25280.94
311.88	25216.36
311.94	25154.59
312.01	25105.66
312.07	25048.58
312.14	25002.34
312.20	24963.72
312.27	24912.40
312.33	24843.35
312.40	24778.29
312.46	24713.21
312.52	24646.72
312.59	24584.64
312.65	24518.34
312.72	24447.36
312.78	24382.50
312.85	24323.16
312.91	24252.39
312.98	24199.29
313.04	24153.06
313.10	24103.23
313.17	24045.11
313.23	23996.26
313.30	23944.59
313.36	23884.34
313.43	23824.82
313.49	23770.22
313.56	23710.42
313.62	23649.45
313.68	23588.83
313.75	23538.43
313.81	23486.30
313.88	23434.68
313.94	23383.25
314.01	23338.35
314.07	23283.01
314.13	23229.30
314.20	23174.45
314.26	23122.34
314.33	23064.05
314.39	23005.30
314.46	22939.71
314.52	22891.89
314.58	22831.69
314.65	22779.48
314.71	22726.35
314.78	22677.89
314.84	22618.40
314.91	22567.77
314.97	22514.40
315.03	22463.13
315.10	22412.26
315.16	22350.86
315.23	22298.63
315.29	22252.26
315.36	22201.42
315.42	22153.04
315.48	22115.49
315.55	22066.18
315.61	22003.48
315.68	21951.61
315.74	21891.36
315.81	21824.36
315.87	21763.88
315.93	21728.00
316.00	21690.55
316.06	21658.54
316.13	21641.28
316.19	21590.61
316.25	21492.07
316.32	21354.34
316.38	21181.32
316.45	20961.81
316.51	20739.77
316.58	20513.79
316.64	20273.61
316.70	20038.01
316.77	19797.77
316.83	19547.50
316.90	19292.56
316.96	19045.94
317.02	18793.59
317.09	18547.90
317.15	18306.76
317.22	18062.52
317.28	17818.56
317.34	17576.83
317.41	17333.65
317.47	17089.60
317.54	16847.58
317.60	16602.44
317.66	16353.77
317.73	16103.64
317.79	15859.65
317.86	15616.30
317.92	15375.20
317.98	15129.99
318.05	14880.52
318.11	14625.21
318.18	14374.60
318.24	14121.62
318.30	13869.96
318.37	13619.84
318.43	13364.93
318.50	13099.44
318.56	12830.06
318.62	12568.20
318.69	12299.46
318.75	12032.53
318.82	11762.11
318.88	11497.56
318.94	11223.58
319.01	10954.47
319.07	10684.66
319.13	10412.77
319.20	10136.26
319.26	9850.73
319.33	9564.65
319.39	9271.54
319.45	8992.31
319.52	8708.30
319.58	8430.02
319.65	8146.26
319.71	7865.51
319.77	7578.47
319.84	7300.98
319.90	7028.00
319.96	6755.35
320.03	6487.27
320.09	6229.30
320.16	5964.29
320.22	5707.00
320.28	5457.51
320.35	5216.85
320.41	4976.85
320.47	4752.42
320.54	4528.91
320.60	4320.88
320.67	4119.84
320.73	3922.63
320.79	3730.74
320.86	3554.03
320.92	3378.55
320.98	3214.51
321.05	3056.48
321.11	2905.15
321.18	2761.93
321.24	2629.72
321.30	2496.61
321.37	2378.07
321.43	2273.25
321.49	2169.37
321.56	2070.90
321.62	1983.91
321.68	1897.82
321.75	1815.36
321.81	1740.75
321.88	1668.69
321.94	1605.15
322.00	1546.94
322.07	1483.21
322.13	1423.21
322.19	1365.08
322.26	1303.45
322.32	1247.10
322.38	1199.04
322.45	1157.25
322.51	1112.00
322.58	1074.35
322.64	1029.09
322.70	989.72
322.77	940.62
322.83	905.79
322.89	861.37
322.96	820.97
323.02	779.25
323.08	740.56
323.15	699.22
323.21	663.29
323.27	629.75
323.34	595.62
323.40	563.49
323.46	530.50
323.53	492.52
323.59	413.87
323.65	310.11
323.72	193.88
323.78	83.22
323.85	-15.89
323.91	-66.50
323.97	-85.11
324.04	-86.81
