180.21	3422.05
180.28	-125.05
180.36	631.24
180.44	-48.05
180.51	-17.30
180.59	5.98
180.66	33.01
180.74	31.56
180.81	31.43
180.89	33.75
180.97	35.03
181.04	33.27
181.12	32.13
181.19	33.31
181.27	34.09
181.34	50.47
181.42	57.45
181.50	64.82
181.57	75.27
181.65	80.65
181.72	75.47
181.80	71.54
181.87	72.57
181.95	74.38
182.03	76.30
182.10	81.66
182.18	88.13
182.25	98.48
182.33	106.52
182.40	121.29
182.48	125.54
182.55	145.74
182.63	159.69
182.71	172.22
182.78	187.11
182.86	203.80
182.93	199.95
183.01	193.49
183.08	181.44
183.16	171.92
183.23	160.84
183.31	172.39
183.39	187.63
183.46	218.09
183.54	241.42
183.61	280.63
183.69	313.49
183.76	360.90
183.84	400.56
183.91	442.82
183.99	494.27
184.06	535.34
184.14	579.16
184.22	629.79
184.29	660.13
184.37	671.96
184.44	680.97
184.52	637.06
184.59	551.19
184.67	479.34
184.74	410.21
184.82	369.54
184.89	382.37
184.97	448.83
185.04	534.14
185.12	623.18
185.20	718.22
185.27	809.47
185.35	905.74
185.42	969.74
185.50	1041.02
185.57	1096.45
185.65	1141.82
185.72	1192.80
185.80	1275.22
185.87	1337.25
185.95	1425.87
186.02	1535.96
186.10	1583.90
186.17	1584.86
186.25	1516.99
186.33	1324.31
186.40	1109.00
186.48	962.67
186.55	886.51
186.63	915.27
186.70	1070.28
186.78	1241.49
186.85	1390.51
186.93	1517.49
187.00	1633.16
187.08	1749.14
187.15	1863.84
187.23	1997.15
187.30	2124.80
187.38	2239.03
187.45	2366.94
187.53	2493.22
187.60	2576.96
187.68	2691.80
187.75	2816.52
187.83	2879.76
187.90	2949.26
187.98	3029.17
188.05	2993.83
188.13	2798.31
188.21	2513.45
188.28	2231.13
188.36	1975.88
188.43	1837.81
188.51	1902.13
188.58	2113.09
188.66	2320.12
188.73	2528.96
188.81	2732.75
188.88	2896.18
188.96	3053.13
189.03	3199.15
189.11	3350.37
189.18	3479.31
189.26	3592.62
189.33	3712.30
189.41	3830.30
189.48	3912.62
189.56	4019.30
189.63	4132.47
189.71	4187.85
189.78	4256.89
189.86	4335.59
189.93	4358.79
190.01	4334.67
190.08	4249.36
190.16	3992.91
190.23	3617.93
190.31	3299.57
190.38	3084.76
190.46	2999.90
190.53	3106.79
190.61	3361.24
190.68	3603.59
190.76	3821.78
190.83	4008.27
190.91	4177.03
190.98	4338.74
191.06	4484.27
191.13	4631.53
191.21	4760.02
191.28	4875.17
191.35	4992.15
191.43	5094.57
191.50	5163.10
191.58	5253.97
191.65	5329.71
191.73	5364.22
191.80	5412.49
191.88	5438.08
191.95	5427.84
192.03	5434.61
192.10	5455.42
192.18	5455.86
192.25	5414.89
192.33	5267.85
192.40	5023.67
192.48	4784.76
192.55	4604.35
192.63	4519.59
192.70	4596.19
192.78	4793.79
192.85	5014.51
192.93	5216.30
193.00	5389.97
193.08	5537.09
193.15	5672.74
193.22	5773.33
193.30	5860.41
193.37	5948.05
193.45	6007.87
193.52	6067.71
193.60	6135.78
193.67	6188.47
193.75	6241.88
193.82	6295.55
193.90	6321.40
193.97	6351.83
194.05	6391.12
194.12	6414.13
194.20	6456.51
194.27	6509.56
194.34	6547.83
194.42	6573.29
194.49	6604.34
194.57	6606.50
194.64	6549.11
194.72	6443.92
194.79	6338.31
194.87	6244.22
194.94	6184.15
195.02	6194.90
195.09	6273.76
195.17	6374.90
195.24	6478.76
195.31	6585.81
195.39	6686.22
195.46	6780.66
195.54	6869.55
195.61	6946.62
195.69	7004.12
195.76	7050.93
195.84	7096.60
195.91	7116.97
195.99	7124.37
196.06	7127.48
196.13	7137.32
196.21	7135.40
196.28	7144.86
196.36	7159.38
196.43	7163.89
196.51	7161.62
196.58	7161.35
196.66	7169.57
196.73	7189.21
196.80	7229.69
196.88	7278.15
196.95	7338.22
197.03	7394.36
197.10	7425.27
197.18	7437.80
197.25	7440.70
197.33	7441.84
197.40	7445.02
197.47	7453.08
197.55	7477.39
197.62	7507.76
197.70	7531.88
197.77	7557.61
197.85	7590.39
197.92	7608.62
197.99	7610.95
198.07	7595.94
198.14	7571.08
198.22	7565.84
198.29	7581.09
198.37	7627.36
198.44	7701.62
198.51	7783.61
198.59	7854.69
198.66	7923.68
198.74	7975.46
198.81	8013.97
198.89	8043.50
198.96	8065.21
199.03	8073.05
199.11	8084.34
199.18	8090.74
199.26	8099.58
199.33	8122.35
199.41	8147.09
199.48	8149.17
199.55	8135.28
199.63	8105.13
199.70	8077.10
199.78	8053.08
199.85	8066.96
199.93	8121.90
200.00	8213.74
200.07	8304.24
200.15	8397.05
200.22	8476.19
200.30	8534.34
200.37	8577.23
200.44	8602.48
200.52	8625.55
200.59	8648.14
200.67	8660.50
200.74	8667.92
200.81	8680.25
200.89	8689.59
200.96	8703.05
201.04	8721.21
201.11	8729.28
201.19	8722.87
201.26	8716.72
201.33	8708.38
201.41	8723.94
201.48	8770.55
201.56	8848.46
201.63	8945.71
201.70	9040.36
201.78	9119.40
201.85	9183.74
201.93	9237.42
202.00	9275.09
202.07	9308.74
202.15	9333.62
202.22	9355.31
202.30	9382.48
202.37	9411.49
202.44	9443.89
202.52	9481.57
202.59	9512.60
202.67	9538.64
202.74	9567.26
202.81	9581.42
202.89	9583.92
202.96	9602.38
203.04	9637.96
203.11	9681.49
203.18	9761.16
203.26	9857.81
203.33	9950.92
203.41	10024.57
203.48	10085.89
203.55	10110.56
203.63	10134.96
203.70	10165.03
203.77	10200.29
203.85	10239.69
203.92	10294.55
204.00	10362.01
204.07	10420.19
204.14	10479.27
204.22	10527.22
204.29	10579.60
204.37	10613.99
204.44	10649.13
204.51	10685.39
204.59	10732.81
204.66	10774.04
204.73	10832.03
204.81	10897.76
204.88	10972.69
204.96	11046.31
205.03	11118.20
205.10	11179.23
205.18	11233.45
205.25	11275.50
205.32	11326.16
205.40	11382.64
205.47	11439.72
205.55	11502.17
205.62	11572.10
205.69	11642.76
205.77	11714.48
205.84	11795.01
205.91	11874.03
205.99	11949.78
206.06	12012.69
206.14	12073.88
206.21	12139.39
206.28	12197.14
206.36	12259.48
206.43	12322.50
206.50	12397.28
206.58	12465.84
206.65	12541.10
206.72	12603.43
206.80	12669.21
206.87	12725.88
206.95	12786.85
207.02	12857.82
207.09	12941.75
207.17	13036.84
207.24	13139.71
207.31	13237.69
207.39	13326.89
207.46	13417.71
207.53	13498.94
207.61	13581.36
207.68	13662.49
207.75	13749.89
207.83	13834.64
207.90	13919.73
207.98	13991.34
208.05	14070.42
208.12	14145.74
208.20	14224.75
208.27	14301.24
208.34	14384.39
208.42	14450.93
208.49	14531.38
208.56	14602.86
208.64	14689.59
208.71	14773.68
208.78	14873.79
208.86	14976.15
208.93	15084.79
209.00	15190.88
209.08	15303.89
209.15	15419.39
209.22	15527.23
209.30	15634.42
209.37	15743.03
209.44	15848.10
209.52	15950.27
209.59	16043.22
209.67	16148.08
209.74	16242.14
209.81	16344.40
209.89	16440.15
209.96	16539.98
210.03	16624.59
210.11	16713.37
210.18	16786.17
210.25	16871.67
210.33	16955.90
210.40	17050.00
210.47	17165.76
210.55	17296.67
210.62	17423.04
210.69	17552.09
210.77	17690.03
210.84	17808.03
210.91	17935.94
210.99	18058.94
211.06	18182.04
211.13	18300.62
211.21	18423.95
211.28	18534.65
211.35	18653.71
211.42	18777.88
211.50	18898.95
211.57	19018.39
211.64	19131.30
211.72	19225.91
211.79	19313.33
211.86	19398.57
211.94	19502.45
212.01	19612.94
212.08	19747.14
212.16	19878.97
212.23	20026.52
212.30	20154.47
212.38	20287.29
212.45	20418.01
212.52	20559.78
212.60	20681.66
212.67	20819.06
212.74	20955.07
212.82	21087.29
212.89	21219.11
212.96	21351.11
213.03	21480.92
213.11	21616.68
213.18	21742.99
213.25	21877.77
213.33	22006.19
213.40	22116.74
213.47	22230.85
213.55	22350.92
213.62	22452.48
213.69	22569.93
213.77	22702.49
213.84	22839.65
213.91	22985.84
213.98	23147.04
214.06	23301.77
214.13	23457.68
214.20	23599.18
214.28	23751.35
214.35	23889.49
214.42	24029.12
214.50	24172.45
214.57	24312.04
214.64	24437.87
214.72	24580.20
214.79	24723.48
214.86	24857.78
214.93	25000.53
215.01	25150.61
215.08	25280.74
215.15	25413.59
215.23	25533.15
215.30	25650.68
215.37	25761.12
215.44	25897.66
215.52	26038.21
215.59	26191.94
215.66	26341.23
215.74	26491.44
215.81	26630.58
215.88	26778.90
215.95	26917.94
216.03	27068.49
216.10	27221.29
216.17	27377.19
216.25	27517.07
216.32	27675.05
216.39	27829.62
216.46	27979.40
216.54	28119.14
216.61	28273.74
216.68	28416.11
216.76	28554.55
216.83	28683.87
216.90	28814.45
216.97	28941.09
217.05	29066.61
217.12	29190.14
217.19	29324.87
217.27	29465.18
217.34	29600.67
217.41	29741.89
217.48	29887.02
217.56	30037.74
217.63	30191.44
217.70	30340.40
217.78	30493.50
217.85	30645.62
217.92	30791.04
217.99	30940.70
218.07	31084.14
218.14	31219.09
218.21	31362.97
218.28	31506.53
218.36	31642.44
218.43	31789.03
218.50	31941.06
218.57	32084.08
218.65	32224.75
218.72	32348.51
218.79	32471.65
218.87	32590.49
218.94	32704.13
219.01	32830.59
219.08	32971.14
219.16	33113.69
219.23	33258.89
219.30	33415.02
219.37	33559.39
219.45	33704.69
219.52	33849.45
219.59	33985.09
219.66	34109.43
219.74	34240.43
219.81	34382.13
219.88	34510.35
219.95	34646.34
220.03	34795.02
220.10	34936.80
220.17	35067.48
220.24	35209.15
220.32	35345.37
220.39	35460.20
220.46	35576.53
220.53	35688.06
220.61	35790.10
220.68	35897.69
220.75	36019.51
220.82	36147.24
220.90	36280.61
220.97	36415.46
221.04	36540.65
221.11	36662.20
221.19	36775.70
221.26	36893.47
221.33	37019.80
221.40	37156.83
221.48	37288.26
221.55	37417.12
221.62	37531.03
221.69	37646.12
221.77	37765.70
221.84	37889.05
221.91	38015.29
221.98	38143.66
222.06	38264.58
222.13	38379.60
222.20	38486.60
222.27	38594.88
222.35	38703.74
222.42	38818.64
222.49	38928.40
222.56	39041.59
222.63	39141.10
222.71	39244.59
222.78	39342.85
222.85	39444.42
222.92	39554.73
223.00	39668.92
223.07	39781.38
223.14	39886.36
223.21	39986.58
223.29	40083.68
223.36	40190.93
223.43	40296.53
223.50	40413.83
223.57	40537.90
223.65	40665.01
223.72	40779.66
223.79	40890.72
223.86	40990.77
223.94	41079.56
224.01	41155.00
224.08	41232.84
224.15	41315.72
224.22	41402.12
224.30	41494.12
224.37	41584.04
224.44	41688.19
224.51	41781.54
224.59	41865.28
224.66	41948.47
224.73	42043.68
224.80	42132.24
224.87	42228.83
224.95	42330.49
225.02	42440.84
225.09	42544.41
225.16	42636.96
225.23	42731.97
225.31	42832.49
225.38	42912.83
225.45	42995.98
225.52	43081.61
225.60	43160.93
225.67	43234.94
225.74	43315.10
225.81	43394.60
225.88	43473.41
225.96	43555.48
226.03	43627.31
226.10	43704.47
226.17	43776.95
226.24	43849.80
226.32	43929.17
226.39	44016.42
226.46	44089.48
226.53	44171.82
226.60	44264.25
226.68	44347.46
226.75	44435.20
226.82	44532.96
226.89	44620.05
226.96	44691.89
227.04	44748.45
227.11	44803.21
227.18	44857.47
227.25	44906.26
227.32	44960.82
227.40	45034.90
227.47	45108.37
227.54	45185.84
227.61	45267.49
227.68	45341.87
227.76	45412.22
227.83	45483.95
227.90	45550.05
227.97	45612.49
228.04	45678.39
228.11	45733.87
228.19	45784.57
228.26	45836.22
228.33	45893.52
228.40	45946.17
228.47	46003.95
228.55	46058.82
228.62	46116.10
228.69	46179.99
228.76	46244.70
228.83	46310.17
228.90	46381.47
228.98	46444.39
229.05	46502.76
229.12	46573.24
229.19	46637.74
229.26	46700.51
229.34	46758.30
229.41	46815.66
229.48	46859.67
229.55	46911.86
229.62	46969.60
229.69	47028.62
229.77	47083.79
229.84	47144.75
229.91	47196.78
229.98	47234.53
230.05	47271.71
230.12	47311.42
230.20	47357.60
230.27	47402.15
230.34	47455.81
230.41	47524.05
230.48	47584.92
230.55	47635.29
230.63	47694.76
230.70	47764.67
230.77	47816.23
230.84	47862.14
230.91	47904.96
230.98	47947.04
231.06	47976.36
231.13	48025.11
231.20	48094.94
231.27	48167.88
231.34	48228.34
231.41	48290.22
231.49	48332.69
231.56	48366.80
231.63	48400.30
231.70	48442.44
231.77	48484.75
231.84	48526.50
231.92	48558.28
231.99	48593.01
232.06	48629.60
232.13	48662.24
232.20	48705.59
232.27	48756.79
232.34	48803.92
232.42	48836.34
232.49	48863.91
232.56	48894.79
232.63	48926.60
232.70	48952.30
232.77	49005.19
232.85	49062.60
232.92	49107.35
232.99	49144.28
233.06	49178.24
233.13	49195.03
233.20	49212.80
233.27	49226.70
233.35	49242.03
233.42	49263.94
233.49	49284.99
233.56	49311.84
233.63	49342.79
233.70	49375.38
233.77	49413.35
233.85	49455.47
233.92	49492.90
233.99	49526.41
234.06	49559.41
234.13	49585.29
234.20	49609.06
234.27	49625.81
234.35	49640.74
234.42	49656.73
234.49	49676.50
234.56	49696.08
234.63	49712.31
234.70	49734.82
234.77	49752.33
234.84	49760.90
234.92	49761.17
234.99	49764.08
235.06	49771.91
235.13	49775.37
235.20	49786.99
235.27	49805.74
235.34	49822.72
235.41	49843.34
235.49	49858.65
235.56	49873.34
235.63	49885.88
235.70	49899.79
235.77	49904.44
235.84	49921.67
235.91	49921.19
235.98	49913.52
236.06	49905.23
236.13	49895.13
236.20	49874.25
236.27	49853.72
236.34	49842.58
236.41	49828.37
236.48	49813.44
236.55	49811.43
236.63	49814.34
236.70	49812.62
236.77	49819.79
236.84	49831.00
236.91	49839.29
236.98	49853.41
237.05	49868.04
237.12	49866.51
237.19	49863.37
237.27	49858.94
237.34	49857.13
237.41	49849.08
237.48	49838.36
237.55	49830.96
237.62	49820.96
237.69	49819.74
237.76	49818.66
237.83	49834.15
237.91	49844.63
237.98	49849.07
238.05	49838.06
238.12	49834.44
238.19	49825.46
238.26	49823.15
238.33	49827.23
238.40	49822.37
238.47	49808.63
238.54	49798.99
238.62	49780.69
238.69	49759.91
238.76	49748.73
238.83	49743.92
238.90	49742.41
238.97	49732.56
239.04	49730.76
239.11	49730.94
239.18	49741.04
239.25	49731.36
239.33	49719.88
239.40	49701.78
239.47	49672.21
239.54	49628.12
239.61	49592.96
239.68	49565.21
239.75	49545.60
239.82	49542.56
239.89	49543.98
239.96	49550.14
240.03	49555.27
240.11	49553.66
240.18	49542.82
240.25	49529.12
240.32	49505.99
240.39	49490.74
240.46	49475.43
240.53	49478.18
240.60	49483.14
240.67	49487.21
240.74	49483.88
240.81	49481.20
240.88	49466.77
240.96	49447.63
241.03	49440.75
241.10	49440.36
241.17	49432.74
241.24	49424.46
241.31	49427.97
241.38	49421.39
241.45	49406.87
241.52	49401.59
241.59	49396.69
241.66	49377.16
241.73	49362.55
241.80	49355.96
241.88	49342.85
241.95	49324.44
242.02	49310.83
242.09	49289.48
242.16	49265.32
242.23	49251.68
242.30	49235.51
242.37	49220.51
242.44	49222.39
242.51	49216.49
242.58	49206.37
242.65	49205.68
242.72	49210.87
242.79	49199.12
242.87	49195.03
242.94	49184.99
243.01	49176.48
243.08	49175.50
243.15	49174.92
243.22	49168.67
243.29	49174.86
243.36	49173.83
243.43	49171.59
243.50	49188.55
243.57	49215.84
243.64	49223.63
243.71	49237.18
243.78	49236.83
243.85	49220.88
243.92	49210.21
243.99	49191.71
244.07	49173.54
244.14	49156.65
244.21	49150.10
244.28	49131.31
244.35	49128.87
244.42	49128.56
244.49	49125.69
244.56	49122.37
244.63	49127.34
244.70	49131.55
244.77	49129.97
244.84	49139.21
244.91	49149.94
244.98	49169.07
245.05	49186.39
245.12	49202.70
245.19	49214.49
245.26	49220.04
245.33	49224.03
245.40	49240.93
245.47	49267.95
245.55	49287.66
245.62	49301.11
245.69	49297.45
245.76	49291.33
245.83	49288.63
245.90	49286.19
245.97	49290.66
246.04	49308.99
246.11	49322.63
246.18	49323.94
246.25	49334.79
246.32	49335.95
246.39	49327.05
246.46	49324.94
246.53	49331.26
246.60	49331.92
246.67	49347.13
246.74	49367.84
246.81	49388.60
246.88	49402.89
246.95	49423.75
247.02	49443.37
247.09	49464.41
247.16	49464.68
247.23	49464.18
247.30	49455.35
247.37	49445.02
247.44	49444.44
247.51	49458.20
247.58	49483.30
247.66	49518.69
247.73	49555.62
247.80	49580.39
247.87	49607.07
247.94	49635.13
248.01	49660.75
248.08	49683.16
248.15	49704.09
248.22	49725.45
248.29	49741.48
248.36	49756.01
248.43	49778.91
248.50	49798.33
248.57	49815.32
248.64	49820.66
248.71	49835.07
248.78	49844.37
248.85	49859.99
248.92	49877.46
248.99	49897.18
249.06	49909.34
249.13	49919.86
249.20	49936.09
249.27	49951.51
249.34	49961.20
249.41	49968.56
249.48	49956.92
249.55	49930.28
249.62	49924.63
249.69	49934.85
249.76	49961.89
249.83	50009.50
249.90	50066.45
249.97	50103.80
250.04	50142.06
250.11	50171.93
250.18	50200.37
250.25	50218.96
250.32	50232.43
250.39	50244.09
250.46	50247.30
250.53	50255.84
250.60	50271.85
250.67	50298.08
250.74	50316.75
250.81	50330.33
250.88	50346.51
250.95	50357.89
251.02	50373.21
251.09	50393.29
251.16	50420.22
251.23	50433.89
251.30	50453.90
251.37	50458.17
251.44	50459.42
251.51	50471.40
251.58	50483.79
251.65	50493.66
251.72	50500.68
251.79	50521.37
251.86	50525.49
251.93	50534.66
252.00	50539.82
252.07	50553.75
252.14	50561.21
252.21	50566.73
252.28	50572.81
252.35	50584.91
252.42	50607.83
252.49	50618.24
252.56	50629.16
252.63	50640.34
252.70	50649.77
252.77	50647.04
252.84	50651.08
252.91	50653.73
252.98	50661.59
253.05	50672.94
253.12	50673.34
253.19	50681.82
253.25	50700.39
253.32	50705.93
253.39	50717.69
253.46	50743.48
253.53	50762.30
253.60	50772.33
253.67	50787.08
253.74	50802.43
253.81	50815.22
253.88	50823.39
253.95	50834.48
254.02	50848.33
254.09	50850.66
254.16	50858.56
254.23	50864.24
254.30	50869.58
254.37	50879.85
254.44	50889.68
254.51	50896.62
254.58	50900.28
254.65	50904.97
254.72	50910.15
254.79	50901.52
254.86	50900.22
254.93	50899.38
255.00	50904.31
255.07	50898.14
255.14	50911.03
255.21	50905.35
255.28	50897.93
255.34	50879.48
255.41	50868.61
255.48	50850.65
255.55	50849.66
255.62	50854.41
255.69	50860.69
255.76	50857.81
255.83	50866.25
255.90	50864.09
255.97	50872.04
256.04	50871.19
256.11	50877.84
256.18	50873.82
256.25	50870.22
256.32	50864.17
256.39	50867.87
256.46	50868.10
256.53	50867.62
256.60	50865.30
256.67	50861.47
256.74	50858.54
256.80	50859.41
256.87	50858.65
256.94	50855.40
257.01	50851.59
257.08	50846.58
257.15	50826.01
257.22	50810.28
257.29	50785.12
257.36	50754.31
257.43	50736.44
257.50	50736.84
257.57	50725.99
257.64	50723.04
257.71	50718.87
257.78	50700.37
257.85	50668.04
257.92	50648.36
257.98	50637.30
258.05	50628.00
258.12	50609.47
258.19	50593.78
258.26	50575.99
258.33	50551.82
258.40	50539.16
258.47	50539.76
258.54	50539.14
258.61	50538.37
258.68	50535.63
258.75	50518.96
258.82	50502.09
258.89	50482.29
258.95	50466.34
259.02	50459.21
259.09	50449.28
259.16	50423.89
259.23	50396.56
259.30	50365.75
259.37	50335.44
259.44	50306.22
259.51	50294.09
259.58	50294.57
259.65	50275.96
259.72	50256.28
259.79	50230.63
259.85	50197.76
259.92	50156.71
259.99	50131.55
260.06	50106.88
260.13	50084.29
260.20	50052.09
260.27	50016.13
260.34	49979.92
260.41	49943.25
260.48	49911.39
260.55	49898.83
260.62	49892.10
260.68	49878.11
260.75	49850.72
260.82	49823.69
260.89	49794.00
260.96	49763.46
261.03	49736.38
261.10	49717.18
261.17	49697.43
261.24	49668.37
261.31	49639.73
261.38	49613.03
261.44	49585.58
261.51	49540.99
261.58	49500.83
261.65	49459.04
261.72	49412.93
261.79	49359.99
261.86	49330.04
261.93	49299.99
262.00	49277.86
262.07	49249.02
262.13	49224.31
262.20	49192.46
262.27	49150.04
262.34	49106.66
262.41	49072.39
262.48	49038.56
262.55	49009.50
262.62	48987.23
262.69	48948.23
262.76	48919.16
262.82	48884.90
262.89	48853.61
262.96	48819.26
263.03	48792.77
263.10	48758.64
263.17	48727.07
263.24	48689.52
263.31	48652.50
263.38	48613.08
263.44	48579.65
263.51	48530.17
263.58	48481.27
263.65	48435.74
263.72	48387.12
263.79	48341.82
263.86	48306.70
263.93	48263.69
264.00	48230.43
264.06	48200.95
264.13	48158.95
264.20	48131.70
264.27	48096.10
264.34	48052.02
264.41	48010.73
264.48	47966.32
264.55	47914.00
264.61	47873.48
264.68	47829.24
264.75	47784.73
264.82	47742.29
264.89	47697.41
264.96	47658.75
265.03	47620.64
265.10	47587.23
265.16	47551.94
265.23	47520.41
265.30	47493.97
265.37	47463.34
265.44	47422.70
265.51	47383.74
265.58	47344.37
265.65	47288.61
265.71	47240.22
265.78	47199.08
265.85	47153.98
265.92	47101.89
265.99	47058.41
266.06	47019.62
266.13	46964.45
266.20	46925.97
266.26	46894.55
266.33	46854.24
266.40	46805.91
266.47	46758.83
266.54	46694.93
266.61	46635.48
266.68	46579.90
266.74	46521.44
266.81	46478.27
266.88	46434.71
266.95	46377.96
267.02	46329.99
267.09	46284.62
267.16	46235.62
267.22	46198.47
267.29	46178.59
267.36	46140.17
267.43	46103.18
267.50	46070.11
267.57	46034.06
267.64	45991.50
267.70	45960.52
267.77	45924.17
267.84	45887.13
267.91	45841.09
267.98	45788.22
268.05	45734.91
268.11	45688.67
268.18	45633.92
268.25	45589.87
268.32	45549.23
268.39	45508.51
268.46	45465.52
268.53	45428.55
268.59	45386.30
268.66	45349.46
268.73	45309.40
268.80	45269.30
268.87	45222.86
268.94	45184.49
269.00	45140.40
269.07	45099.49
269.14	45067.38
269.21	45041.24
269.28	45001.79
269.35	44968.00
269.41	44936.03
269.48	44891.51
269.55	44836.97
269.62	44790.31
269.69	44743.29
269.76	44690.57
269.82	44650.85
269.89	44627.09
269.96	44603.86
270.03	44576.00
270.10	44549.40
270.17	44507.09
270.23	44461.27
270.30	44412.08
270.37	44373.71
270.44	44346.09
270.51	44320.47
270.58	44291.05
270.64	44269.31
270.71	44231.23
270.78	44193.23
270.85	44155.37
270.92	44123.61
270.99	44085.04
271.05	44051.11
271.12	44005.63
271.19	43964.69
271.26	43908.64
271.33	43865.99
271.39	43828.44
271.46	43785.74
271.53	43754.80
271.60	43740.06
271.67	43714.31
271.74	43685.60
271.80	43666.09
271.87	43648.14
271.94	43616.04
272.01	43580.23
272.08	43553.84
272.14	43518.46
272.21	43481.60
272.28	43461.47
272.35	43440.89
272.42	43410.66
272.48	43397.35
272.55	43369.02
272.62	43340.26
272.69	43322.67
272.76	43316.09
272.83	43290.29
272.89	43273.51
272.96	43243.43
273.03	43210.83
273.10	43166.85
273.17	43138.02
273.23	43106.72
273.30	43090.29
273.37	43063.84
273.44	43038.98
273.51	43018.04
273.57	42999.68
273.64	42975.81
273.71	42955.13
273.78	42930.83
273.85	42911.43
273.91	42895.93
273.98	42881.72
274.05	42865.68
274.12	42854.39
274.19	42832.16
274.25	42800.47
274.32	42766.21
274.39	42732.93
274.46	42692.00
274.53	42645.76
274.59	42602.16
274.66	42564.27
274.73	42544.05
274.80	42522.83
274.86	42503.43
274.93	42487.50
275.00	42458.52
275.07	42408.24
275.14	42372.98
275.20	42337.65
275.27	42307.14
275.34	42284.36
275.41	42273.33
275.48	42256.32
275.54	42240.36
275.61	42222.46
275.68	42209.35
275.75	42185.07
275.81	42155.52
275.88	42137.82
275.95	42112.72
276.02	42083.44
276.09	42062.03
276.15	42039.00
276.22	42012.78
276.29	41995.73
276.36	41969.87
276.42	41938.17
276.49	41911.65
276.56	41882.35
276.63	41849.57
276.70	41823.21
276.76	41810.25
276.83	41795.48
276.90	41780.62
276.97	41757.74
277.03	41741.81
277.10	41713.38
277.17	41697.15
277.24	41680.40
277.30	41670.30
277.37	41653.23
277.44	41639.67
277.51	41622.34
277.58	41599.20
277.64	41574.61
277.71	41555.51
277.78	41536.49
277.85	41507.67
277.91	41477.94
277.98	41455.93
278.05	41428.71
278.12	41408.64
278.18	41388.17
278.25	41369.39
278.32	41346.49
278.39	41329.03
278.45	41310.97
278.52	41296.80
278.59	41285.44
278.66	41266.94
278.72	41251.18
278.79	41230.94
278.86	41207.97
278.93	41193.31
278.99	41181.28
279.06	41157.96
279.13	41132.06
279.20	41115.62
279.26	41092.00
279.33	41073.78
279.40	41056.15
279.47	41038.30
279.53	41010.84
279.60	40985.69
279.67	40952.39
279.74	40922.68
279.80	40900.40
279.87	40886.08
279.94	40874.61
280.01	40863.08
280.07	40845.71
280.14	40823.08
280.21	40796.14
280.28	40763.02
280.34	40732.39
280.41	40710.85
280.48	40684.27
280.55	40661.29
280.61	40638.66
280.68	40620.84
280.75	40593.93
280.82	40567.34
280.88	40530.31
280.95	40480.86
281.02	40418.97
281.08	40344.93
281.15	40274.28
281.22	40206.84
281.29	40146.99
281.35	40094.34
281.42	40066.98
281.49	40030.91
281.56	40006.63
281.62	39981.56
281.69	39952.85
281.76	39917.88
281.82	39888.15
281.89	39850.09
281.96	39825.21
282.03	39797.96
282.09	39771.92
282.16	39753.35
282.23	39734.50
282.30	39703.85
282.36	39688.95
282.43	39675.95
282.50	39664.97
282.56	39641.90
282.63	39622.86
282.70	39601.14
282.77	39580.95
282.83	39548.17
282.90	39533.27
282.97	39512.96
283.03	39490.36
283.10	39461.38
283.17	39441.49
283.24	39416.65
283.30	39393.49
283.37	39361.44
283.44	39335.39
283.50	39310.91
283.57	39291.64
283.64	39268.99
283.71	39247.21
283.77	39217.29
283.84	39187.40
283.91	39145.32
283.97	39115.54
284.04	39104.94
284.11	39097.56
284.18	39101.60
284.24	39106.05
284.31	39114.56
284.38	39110.03
284.44	39098.93
284.51	39082.45
284.58	39071.24
284.64	39059.04
284.71	39052.91
284.78	39051.44
284.85	39048.02
284.91	39038.01
284.98	39017.98
285.05	38985.18
285.11	38965.39
285.18	38932.83
285.25	38914.94
285.31	38907.57
285.38	38915.51
285.45	38907.69
285.52	38909.44
285.58	38910.45
285.65	38894.24
285.72	38871.41
285.78	38861.06
285.85	38846.54
285.92	38818.76
285.98	38806.06
286.05	38793.42
286.12	38778.92
286.18	38768.77
286.25	38768.61
286.32	38764.98
286.39	38766.19
286.45	38761.89
286.52	38759.03
286.59	38748.68
286.65	38740.48
286.72	38737.99
286.79	38721.77
286.85	38706.61
286.92	38692.53
286.99	38685.55
287.05	38663.66
287.12	38668.09
287.19	38660.74
287.25	38662.17
287.32	38658.74
287.39	38660.31
287.45	38653.93
287.52	38656.48
287.59	38660.08
287.65	38659.24
287.72	38652.05
287.79	38639.58
287.86	38630.17
287.92	38615.91
287.99	38605.41
288.06	38601.62
288.12	38597.42
288.19	38593.38
288.26	38580.05
288.32	38574.75
288.39	38558.88
288.46	38555.63
288.52	38552.58
288.59	38554.39
288.66	38549.46
288.72	38555.14
288.79	38553.73
288.86	38549.90
288.92	38552.31
288.99	38544.18
289.06	38536.82
289.12	38532.09
289.19	38532.29
289.26	38534.45
289.32	38545.53
289.39	38559.54
289.45	38573.06
289.52	38573.04
289.59	38577.62
289.65	38582.41
289.72	38584.07
289.79	38589.37
289.85	38599.07
289.92	38604.97
289.99	38608.26
290.05	38605.18
290.12	38592.05
290.19	38587.64
290.25	38578.01
290.32	38573.84
290.39	38580.83
290.45	38588.18
290.52	38600.11
290.59	38614.62
290.65	38614.03
290.72	38607.21
290.79	38611.80
290.85	38609.94
290.92	38619.06
290.98	38636.61
291.05	38655.42
291.12	38667.72
291.18	38681.02
291.25	38683.14
291.32	38685.66
291.38	38681.77
291.45	38679.21
291.52	38674.27
291.58	38673.56
291.65	38678.19
291.72	38696.87
291.78	38718.22
291.85	38731.66
291.91	38745.15
291.98	38771.15
292.05	38772.19
292.11	38777.72
292.18	38789.19
292.25	38793.49
292.31	38780.65
292.38	38789.66
292.45	38792.29
292.51	38802.92
292.58	38812.29
292.64	38826.65
292.71	38838.53
292.78	38849.37
292.84	38845.99
292.91	38857.64
292.98	38867.79
293.04	38873.55
293.11	38880.60
293.17	38897.72
293.24	38911.15
293.31	38928.35
293.37	38940.28
293.44	38948.39
293.51	38967.92
293.57	38975.27
293.64	38972.69
293.70	38985.95
293.77	39004.32
293.84	39007.87
293.90	39012.41
293.97	39027.30
294.04	39042.49
294.10	39046.75
294.17	39050.70
294.23	39070.73
294.30	39082.26
294.37	39094.23
294.43	39115.27
294.50	39135.78
294.56	39148.62
294.63	39160.78
294.70	39165.18
294.76	39175.29
294.83	39188.41
294.90	39196.37
294.96	39217.40
295.03	39235.70
295.09	39249.74
295.16	39269.43
295.23	39287.76
295.29	39296.76
295.36	39306.86
295.42	39312.52
295.49	39312.02
295.56	39330.19
295.62	39354.43
295.69	39367.92
295.75	39388.47
295.82	39416.20
295.89	39421.48
295.95	39422.78
296.02	39430.68
296.08	39438.68
296.15	39437.09
296.22	39447.79
296.28	39460.65
296.35	39482.82
296.41	39501.34
296.48	39518.36
296.55	39543.96
296.61	39567.98
296.68	39591.57
296.74	39615.19
296.81	39645.60
296.88	39663.83
296.94	39679.62
297.01	39694.45
297.07	39704.29
297.14	39722.68
297.20	39736.88
297.27	39756.35
297.34	39778.94
297.40	39802.85
297.47	39823.53
297.53	39838.51
297.60	39856.25
297.67	39864.97
297.73	39879.23
297.80	39878.38
297.86	39887.27
297.93	39896.29
298.00	39910.14
298.06	39923.56
298.13	39949.44
298.19	39967.05
298.26	39978.17
298.32	40001.11
298.39	40012.53
298.46	40015.21
298.52	40030.88
298.59	40050.23
298.65	40060.26
298.72	40083.39
298.78	40115.06
298.85	40139.52
298.92	40152.43
298.98	40170.10
299.05	40176.98
299.11	40193.69
299.18	40206.75
299.24	40224.63
299.31	40232.45
299.38	40255.12
299.44	40261.93
299.51	40276.79
299.57	40287.74
299.64	40306.52
299.70	40314.83
299.77	40325.23
299.84	40331.83
299.90	40338.29
299.97	40334.49
300.03	40335.76
300.10	40349.45
300.16	40357.55
300.23	40371.30
300.30	40391.29
300.36	40405.83
300.43	40415.63
300.49	40434.56
300.56	40458.88
300.62	40483.13
300.69	40512.00
300.75	40528.78
300.82	40540.20
300.89	40546.82
300.95	40560.51
301.02	40557.02
301.08	40560.02
301.15	40567.12
301.21	40575.83
301.28	40572.85
301.34	40587.96
301.41	40590.89
301.48	40596.67
301.54	40590.18
301.61	40593.22
301.67	40590.23
301.74	40602.77
301.80	40605.25
301.87	40608.61
301.93	40604.10
302.00	40608.57
302.06	40593.10
302.13	40580.12
302.20	40579.32
302.26	40571.62
302.33	40564.78
302.39	40568.34
302.46	40572.14
302.52	40566.75
302.59	40576.15
302.65	40574.90
302.72	40574.31
302.78	40574.81
302.85	40583.16
302.91	40577.43
302.98	40571.71
303.05	40563.16
303.11	40562.10
303.18	40549.14
303.24	40544.84
303.31	40535.32
303.37	40531.39
303.44	40525.22
303.50	40516.99
303.57	40507.44
303.63	40501.71
303.70	40496.70
303.76	40482.46
303.83	40477.03
303.89	40467.33
303.96	40455.96
304.03	40439.99
304.09	40423.45
304.16	40403.17
304.22	40376.19
304.29	40359.75
304.35	40340.89
304.42	40326.65
304.48	40312.78
304.55	40303.65
304.61	40286.81
304.68	40276.24
304.74	40263.63
304.81	40248.12
304.87	40227.62
304.94	40211.32
305.00	40184.58
305.07	40154.73
305.13	40130.70
305.20	40108.90
305.26	40086.48
305.33	40071.59
305.39	40060.82
305.46	40036.09
305.52	40022.65
305.59	40008.05
305.66	39987.07
305.72	39955.72
305.79	39931.97
305.85	39901.44
305.92	39862.34
305.98	39800.89
306.05	39676.65
306.11	39451.20
306.18	39161.35
306.24	38901.42
306.31	38760.87
306.37	38774.96
306.44	38940.47
306.50	39188.13
306.57	39403.40
306.63	39528.03
306.70	39561.31
306.76	39538.81
306.83	39500.45
306.89	39459.12
306.96	39416.79
307.02	39374.26
307.09	39352.59
307.15	39319.38
307.22	39294.51
307.28	39263.04
307.35	39233.84
307.41	39187.75
307.48	39151.99
307.54	39116.10
307.61	39078.64
307.67	39030.98
307.74	38988.84
307.80	38949.90
307.87	38901.09
307.93	38860.92
308.00	38836.89
308.06	38810.86
308.13	38768.34
308.19	38734.24
308.26	38695.09
308.32	38657.51
308.38	38620.99
308.45	38591.05
308.51	38565.31
308.58	38526.51
308.64	38470.51
308.71	38427.69
308.77	38384.41
308.84	38333.47
308.90	38310.94
308.97	38299.27
309.03	38275.94
309.10	38245.83
309.16	38211.63
309.23	38159.97
309.29	38107.02
309.36	38043.87
309.42	37989.55
309.49	37936.72
309.55	37881.50
309.62	37823.82
309.68	37779.35
309.75	37727.69
309.81	37684.05
309.88	37649.32
309.94	37609.77
310.00	37561.49
310.07	37518.86
310.13	37481.01
310.20	37431.76
310.26	37388.35
310.33	37346.56
310.39	37309.38
310.46	37266.63
310.52	37226.96
310.59	37187.14
310.65	37154.01
310.72	37111.06
310.78	37061.88
310.85	37013.47
310.91	36977.22
310.97	36936.49
311.04	36895.88
311.10	36850.08
311.17	36809.71
311.23	36760.21
311.30	36712.61
311.36	36673.80
311.43	36649.37
311.49	36613.63
311.56	36572.82
311.62	36530.02
311.69	36485.38
311.75	36441.86
311.81	36391.03
311.88	36345.88
311.94	36306.62
312.01	36276.76
312.07	36238.01
312.14	36213.14
312.20	36183.71
312.27	36145.77
312.33	36091.26
312.40	36038.41
312.46	35980.13
312.52	35928.19
312.59	35880.14
312.65	35839.11
312.72	35793.35
312.78	35746.34
312.85	35699.44
312.91	35645.87
312.98	35590.09
313.04	35550.28
313.10	35506.68
313.17	35468.59
313.23	35437.20
313.30	35405.94
313.36	35348.80
313.43	35299.51
313.49	35248.16
313.56	35192.18
313.62	35137.13
313.68	35095.44
313.75	35063.10
313.81	35018.88
313.88	34971.31
313.94	34929.25
314.01	34892.63
314.07	34850.11
314.13	34810.75
314.20	34782.48
314.26	34741.58
314.33	34694.09
314.39	34644.89
314.46	34587.54
314.52	34533.40
314.58	34479.20
314.65	34426.29
314.71	34376.56
314.78	34344.16
314.84	34301.11
314.91	34264.61
314.97	34222.78
315.03	34182.29
315.10	34133.07
315.16	34078.95
315.23	34038.13
315.29	33998.91
315.36	33949.58
315.42	33902.38
315.48	33865.13
315.55	33814.39
315.61	33760.19
315.68	33725.98
315.74	33686.33
315.81	33647.32
315.87	33601.56
315.93	33575.64
316.00	33543.06
316.06	33512.73
316.13	33485.33
316.19	33450.59
316.25	33384.91
316.32	33294.72
316.38	33181.58
316.45	33033.64
316.51	32874.51
316.58	32706.31
316.64	32520.16
316.70	32332.83
316.77	32126.82
316.83	31910.24
316.90	31673.60
316.96	31430.68
317.02	31172.50
317.09	30907.38
317.15	30629.57
317.22	30339.28
317.28	30028.00
317.34	29698.38
317.41	29353.60
317.47	28995.15
317.54	28626.64
317.60	28234.77
317.66	27834.12
317.73	27421.23
317.79	26992.39
317.86	26546.95
317.92	26099.29
317.98	25622.76
318.05	25129.94
318.11	24626.64
318.18	24124.74
318.24	23607.26
318.30	23083.63
318.37	22556.59
318.43	22002.72
318.50	21430.46
318.56	20853.99
318.62	20279.73
318.69	19700.01
318.75	19131.74
318.82	18555.55
318.88	17984.98
318.94	17405.60
319.01	16825.90
319.07	16245.81
319.13	15670.48
319.20	15091.15
319.26	14523.01
319.33	13953.47
319.39	13383.82
319.45	12833.38
319.52	12293.66
319.58	11753.90
319.65	11227.56
319.71	10715.23
319.77	10203.35
319.84	9706.19
319.90	9223.24
319.96	8751.96
320.03	8292.87
320.09	7851.42
320.16	7415.49
320.22	7000.26
320.28	6602.27
320.35	6218.66
320.41	5850.60
320.47	5504.48
320.54	5168.53
320.60	4851.12
320.67	4551.64
320.73	4265.09
320.79	3990.94
320.86	3736.62
320.92	3493.60
320.98	3269.03
321.05	3055.69
321.11	2852.07
321.18	2663.65
321.24	2490.51
321.30	2323.09
321.37	2173.87
321.43	2043.69
321.49	1919.05
321.56	1802.94
321.62	1701.79
321.68	1603.34
321.75	1511.64
321.81	1430.90
321.88	1356.17
321.94	1291.90
322.00	1234.09
322.07	1175.73
322.13	1122.60
322.19	1071.95
322.26	1019.34
322.32	974.79
322.38	938.74
322.45	908.03
322.51	876.56
322.58	853.53
322.64	822.39
322.70	795.95
322.77	763.69
322.83	742.53
322.89	711.36
322.96	685.77
323.02	659.06
323.08	633.65
323.15	605.87
323.21	583.06
323.27	561.76
323.34	539.16
323.40	516.74
323.46	493.80
323.53	466.77
323.59	396.50
323.65	298.97
323.72	188.16
323.78	81.37
323.85	-17.30
323.91	-67.39
323.97	-85.49
324.04	-86.02
