180.21	3422.72
180.28	-126.27
180.36	632.00
180.44	-46.48
180.51	-14.60
180.59	9.74
180.66	37.67
180.74	35.85
180.81	35.54
180.89	38.09
180.97	39.32
181.04	37.64
181.12	37.13
181.19	38.53
181.27	39.96
181.34	57.25
181.42	65.08
181.50	73.08
181.57	84.31
181.65	89.02
181.72	82.81
181.80	77.97
181.87	78.91
181.95	80.97
182.03	84.19
182.10	91.28
182.18	98.98
182.25	111.12
182.33	120.91
182.40	137.43
182.48	143.37
182.55	165.43
182.63	181.08
182.71	194.56
182.78	210.78
182.86	228.62
182.93	224.48
183.01	215.13
183.08	200.83
183.16	188.52
183.23	175.01
183.31	186.43
183.39	203.23
183.46	235.95
183.54	261.24
183.61	304.23
183.69	340.53
183.76	391.41
183.84	434.01
183.91	480.33
183.99	536.13
184.06	578.91
184.14	625.60
184.22	679.81
184.29	711.70
184.37	720.11
184.44	727.89
184.52	680.59
184.59	587.75
184.67	508.45
184.74	435.65
184.82	391.80
184.89	401.68
184.97	468.72
185.04	558.67
185.12	650.67
185.20	749.01
185.27	846.04
185.35	947.09
185.42	1012.93
185.50	1085.08
185.57	1141.77
185.65	1184.65
185.72	1234.40
185.80	1316.47
185.87	1381.60
185.95	1471.35
186.02	1585.48
186.10	1635.07
186.17	1638.15
186.25	1566.88
186.33	1369.30
186.40	1146.47
186.48	994.10
186.55	912.57
186.63	938.87
186.70	1094.96
186.78	1269.67
186.85	1421.52
186.93	1550.36
187.00	1668.73
187.08	1785.16
187.15	1901.86
187.23	2037.08
187.30	2164.74
187.38	2280.06
187.45	2408.05
187.53	2532.83
187.60	2614.36
187.68	2731.60
187.75	2857.27
187.83	2921.38
187.90	2989.34
187.98	3070.21
188.05	3032.86
188.13	2834.26
188.21	2546.12
188.28	2262.14
188.36	2004.10
188.43	1861.33
188.51	1924.49
188.58	2138.17
188.66	2347.48
188.73	2557.89
188.81	2765.13
188.88	2929.21
188.96	3081.50
189.03	3223.91
189.11	3372.18
189.18	3497.06
189.26	3603.40
189.33	3720.75
189.41	3840.00
189.48	3921.58
189.56	4027.99
189.63	4147.10
189.71	4204.67
189.78	4271.77
189.86	4350.92
189.93	4375.72
190.01	4349.45
190.08	4266.85
190.16	4013.27
190.23	3636.30
190.31	3314.40
190.38	3096.10
190.46	3004.50
190.53	3107.34
190.61	3359.12
190.68	3596.70
190.76	3813.75
190.83	3999.31
190.91	4165.04
190.98	4325.29
191.06	4476.22
191.13	4621.62
191.21	4752.45
191.28	4866.73
191.35	4983.57
191.43	5085.91
191.50	5153.46
191.58	5238.35
191.65	5310.43
191.73	5340.34
191.80	5377.34
191.88	5398.54
191.95	5385.60
192.03	5387.21
192.10	5405.66
192.18	5401.48
192.25	5359.85
192.33	5215.64
192.40	4976.68
192.48	4742.30
192.55	4573.70
192.63	4493.86
192.70	4572.24
192.78	4771.74
192.85	4992.42
192.93	5190.60
193.00	5362.25
193.08	5503.63
193.15	5634.57
193.22	5727.87
193.30	5803.16
193.37	5875.51
193.45	5917.55
193.52	5959.91
193.60	6019.80
193.67	6069.45
193.75	6122.64
193.82	6184.48
193.90	6219.03
193.97	6258.45
194.05	6303.73
194.12	6337.96
194.20	6388.85
194.27	6446.05
194.34	6482.26
194.42	6508.25
194.49	6534.78
194.57	6534.06
194.64	6476.35
194.72	6370.20
194.79	6259.10
194.87	6149.90
194.94	6064.85
195.02	6048.83
195.09	6098.92
195.17	6182.53
195.24	6280.89
195.31	6401.16
195.39	6518.30
195.46	6637.90
195.54	6745.50
195.61	6844.05
195.69	6912.10
195.76	6964.23
195.84	7008.59
195.91	7032.23
195.99	7035.07
196.06	7034.11
196.13	7042.18
196.21	7036.00
196.28	7030.23
196.36	7023.29
196.43	6996.63
196.51	6955.23
196.58	6918.53
196.66	6899.62
196.73	6914.20
196.80	6967.16
196.88	7043.40
196.95	7136.28
197.03	7227.04
197.10	7287.00
197.18	7320.76
197.25	7341.18
197.33	7353.24
197.40	7363.38
197.47	7369.82
197.55	7394.75
197.62	7420.34
197.70	7438.58
197.77	7455.84
197.85	7474.47
197.92	7465.87
197.99	7428.85
198.07	7358.32
198.14	7273.12
198.22	7223.78
198.29	7227.40
198.37	7294.34
198.44	7418.07
198.51	7565.13
198.59	7695.53
198.66	7803.55
198.74	7879.90
198.81	7935.23
198.89	7968.79
198.96	7994.54
199.03	8000.27
199.11	8002.71
199.18	7998.36
199.26	7999.48
199.33	8005.98
199.41	8016.03
199.48	7989.49
199.55	7927.58
199.63	7841.98
199.70	7757.96
199.78	7690.14
199.85	7696.63
199.93	7784.76
200.00	7928.42
200.07	8081.72
200.15	8235.45
200.22	8356.93
200.30	8437.50
200.37	8495.13
200.44	8532.93
200.52	8562.13
200.59	8592.37
200.67	8611.12
200.74	8612.65
200.81	8609.43
200.89	8599.78
200.96	8594.90
201.04	8588.80
201.11	8565.44
201.19	8515.69
201.26	8465.79
201.33	8419.95
201.41	8413.56
201.48	8469.57
201.56	8585.64
201.63	8731.21
201.70	8870.41
201.78	8993.69
201.85	9091.61
201.93	9163.82
202.00	9214.82
202.07	9260.34
202.15	9286.91
202.22	9307.59
202.30	9336.63
202.37	9358.32
202.44	9379.58
202.52	9400.71
202.59	9411.60
202.67	9409.47
202.74	9418.87
202.81	9408.85
202.89	9380.46
202.96	9368.04
203.04	9395.73
203.11	9444.99
203.18	9543.15
203.26	9683.24
203.33	9821.93
203.41	9930.91
203.48	10015.87
203.55	10056.16
203.63	10085.26
203.70	10121.42
203.77	10158.08
203.85	10196.52
203.92	10248.49
204.00	10313.44
204.07	10367.00
204.14	10421.55
204.22	10464.11
204.29	10510.05
204.37	10533.30
204.44	10553.21
204.51	10574.37
204.59	10598.13
204.66	10616.51
204.73	10666.44
204.81	10736.06
204.88	10825.04
204.96	10924.97
205.03	11027.67
205.10	11107.26
205.18	11174.63
205.25	11221.58
205.32	11270.95
205.40	11322.13
205.47	11381.64
205.55	11445.55
205.62	11516.56
205.69	11592.43
205.77	11670.55
205.84	11746.83
205.91	11823.23
205.99	11891.96
206.06	11948.48
206.14	12009.06
206.21	12063.89
206.28	12107.76
206.36	12159.98
206.43	12209.32
206.50	12276.29
206.58	12357.94
206.65	12446.65
206.72	12527.78
206.80	12605.88
206.87	12668.66
206.95	12729.70
207.02	12798.11
207.09	12882.47
207.17	12983.75
207.24	13085.16
207.31	13186.72
207.39	13280.19
207.46	13367.40
207.53	13449.67
207.61	13536.18
207.68	13613.00
207.75	13704.77
207.83	13790.84
207.90	13870.55
207.98	13936.33
208.05	14011.15
208.12	14073.61
208.20	14146.48
208.27	14226.67
208.34	14310.09
208.42	14379.67
208.49	14460.92
208.56	14537.11
208.64	14622.39
208.71	14716.55
208.78	14820.38
208.86	14933.42
208.93	15046.81
209.00	15155.60
209.08	15263.30
209.15	15380.70
209.22	15488.42
209.30	15592.23
209.37	15701.47
209.44	15805.45
209.52	15906.19
209.59	15995.48
209.67	16096.11
209.74	16190.25
209.81	16292.77
209.89	16382.70
209.96	16477.58
210.03	16563.91
210.11	16646.44
210.18	16722.78
210.25	16803.30
210.33	16893.37
210.40	16990.42
210.47	17107.65
210.55	17232.25
210.62	17368.56
210.69	17498.54
210.77	17633.24
210.84	17753.21
210.91	17888.96
210.99	18011.76
211.06	18138.94
211.13	18261.69
211.21	18387.43
211.28	18493.44
211.35	18613.03
211.42	18735.14
211.50	18850.99
211.57	18967.15
211.64	19081.25
211.72	19174.70
211.79	19253.05
211.86	19332.65
211.94	19432.30
212.01	19535.22
212.08	19662.42
212.16	19802.90
212.23	19953.62
212.30	20084.80
212.38	20220.61
212.45	20359.76
212.52	20501.25
212.60	20629.92
212.67	20764.13
212.74	20901.44
212.82	21027.99
212.89	21156.17
212.96	21288.67
213.03	21421.98
213.11	21556.63
213.18	21687.71
213.25	21814.78
213.33	21941.30
213.40	22053.35
213.47	22164.59
213.55	22273.92
213.62	22382.27
213.69	22497.91
213.77	22627.99
213.84	22760.47
213.91	22916.37
213.98	23071.75
214.06	23225.80
214.13	23382.46
214.20	23531.32
214.28	23675.78
214.35	23820.79
214.42	23959.34
214.50	24097.59
214.57	24237.06
214.64	24369.18
214.72	24509.58
214.79	24653.92
214.86	24794.40
214.93	24937.94
215.01	25085.46
215.08	25210.85
215.15	25334.25
215.23	25445.09
215.30	25558.21
215.37	25663.42
215.44	25801.10
215.52	25946.06
215.59	26102.62
215.66	26259.34
215.74	26412.95
215.81	26552.07
215.88	26698.45
215.95	26841.14
216.03	26983.73
216.10	27137.17
216.17	27290.46
216.25	27442.56
216.32	27603.49
216.39	27755.54
216.46	27905.66
216.54	28047.94
216.61	28193.37
216.68	28324.87
216.76	28468.45
216.83	28599.31
216.90	28729.95
216.97	28846.06
217.05	28977.75
217.12	29105.37
217.19	29243.21
217.27	29383.12
217.34	29525.91
217.41	29663.42
217.48	29804.37
217.56	29950.14
217.63	30103.66
217.70	30255.41
217.78	30411.73
217.85	30561.65
217.92	30709.35
217.99	30855.17
218.07	31001.11
218.14	31136.94
218.21	31280.07
218.28	31419.70
218.36	31561.73
218.43	31702.88
218.50	31854.78
218.57	32000.36
218.65	32132.99
218.72	32256.08
218.79	32374.72
218.87	32485.41
218.94	32598.70
219.01	32730.41
219.08	32859.64
219.16	33008.43
219.23	33154.97
219.30	33308.13
219.37	33453.24
219.45	33612.19
219.52	33762.74
219.59	33901.89
219.66	34032.81
219.74	34169.00
219.81	34305.34
219.88	34431.39
219.95	34574.58
220.03	34714.45
220.10	34848.98
220.17	34985.20
220.24	35126.02
220.32	35253.52
220.39	35379.57
220.46	35499.81
220.53	35607.25
220.61	35704.23
220.68	35815.55
220.75	35928.57
220.82	36051.30
220.90	36179.76
220.97	36310.48
221.04	36430.01
221.11	36547.78
221.19	36667.45
221.26	36789.57
221.33	36919.64
221.40	37059.67
221.48	37193.22
221.55	37320.87
221.62	37440.75
221.69	37555.90
221.77	37671.80
221.84	37798.41
221.91	37917.96
221.98	38039.76
222.06	38162.03
222.13	38282.36
222.20	38392.75
222.27	38508.97
222.35	38620.69
222.42	38734.29
222.49	38837.48
222.56	38946.58
222.63	39048.47
222.71	39153.78
222.78	39260.69
222.85	39366.80
222.92	39481.21
223.00	39590.63
223.07	39700.87
223.14	39802.66
223.21	39913.27
223.29	40010.20
223.36	40117.48
223.43	40224.65
223.50	40337.32
223.57	40446.51
223.65	40574.09
223.72	40693.48
223.79	40805.77
223.86	40909.63
223.94	41009.23
224.01	41087.78
224.08	41169.12
224.15	41253.48
224.22	41342.05
224.30	41423.82
224.37	41514.88
224.44	41618.37
224.51	41707.68
224.59	41785.03
224.66	41869.79
224.73	41960.72
224.80	42047.20
224.87	42142.17
224.95	42252.27
225.02	42366.11
225.09	42462.56
225.16	42559.40
225.23	42663.15
225.31	42761.85
225.38	42843.24
225.45	42933.23
225.52	43020.75
225.60	43097.51
225.67	43173.53
225.74	43251.24
225.81	43331.82
225.88	43405.47
225.96	43482.98
226.03	43553.22
226.10	43636.23
226.17	43714.12
226.24	43785.16
226.32	43866.82
226.39	43955.30
226.46	44036.45
226.53	44116.14
226.60	44207.91
226.68	44298.08
226.75	44389.78
226.82	44477.33
226.89	44560.74
226.96	44637.30
227.04	44691.66
227.11	44743.05
227.18	44798.46
227.25	44852.89
227.32	44912.78
227.40	44989.25
227.47	45066.94
227.54	45151.62
227.61	45235.09
227.68	45315.57
227.76	45391.32
227.83	45465.17
227.90	45532.64
227.97	45594.92
228.04	45656.78
228.11	45711.32
228.19	45763.87
228.26	45822.81
228.33	45886.78
228.40	45935.96
228.47	45988.38
228.55	46045.29
228.62	46099.42
228.69	46157.86
228.76	46224.29
228.83	46289.77
228.90	46352.70
228.98	46411.85
229.05	46476.67
229.12	46551.69
229.19	46621.65
229.26	46686.10
229.34	46748.55
229.41	46801.20
229.48	46845.48
229.55	46901.41
229.62	46963.58
229.69	47026.11
229.77	47083.55
229.84	47140.20
229.91	47189.06
229.98	47235.82
230.05	47280.92
230.12	47326.69
230.20	47382.36
230.27	47431.10
230.34	47485.48
230.41	47546.90
230.48	47608.23
230.55	47663.15
230.63	47735.87
230.70	47803.19
230.77	47850.61
230.84	47894.46
230.91	47930.38
230.98	47959.93
231.06	47992.22
231.13	48043.29
231.20	48105.41
231.27	48176.11
231.34	48235.55
231.41	48298.18
231.49	48346.53
231.56	48402.24
231.63	48444.84
231.70	48490.32
231.77	48529.20
231.84	48571.92
231.92	48595.98
231.99	48627.55
232.06	48670.00
232.13	48704.83
232.20	48744.62
232.27	48796.20
232.34	48843.01
232.42	48874.44
232.49	48916.01
232.56	48950.70
232.63	48983.04
232.70	49018.60
232.77	49070.06
232.85	49115.27
232.92	49166.96
232.99	49209.00
233.06	49244.92
233.13	49268.65
233.20	49289.61
233.27	49299.63
233.35	49314.35
233.42	49329.47
233.49	49346.66
233.56	49377.54
233.63	49410.18
233.70	49438.24
233.77	49482.58
233.85	49519.52
233.92	49558.61
233.99	49595.74
234.06	49635.86
234.13	49658.32
234.20	49696.66
234.27	49718.73
234.35	49738.53
234.42	49754.81
234.49	49779.45
234.56	49792.03
234.63	49801.85
234.70	49819.09
234.77	49833.99
234.84	49845.87
234.92	49850.45
234.99	49861.81
235.06	49871.70
235.13	49878.08
235.20	49884.98
235.27	49908.17
235.34	49920.19
235.41	49944.36
235.49	49971.92
235.56	49991.39
235.63	50003.20
235.70	50022.77
235.77	50025.62
235.84	50028.96
235.91	50029.12
235.98	50023.54
236.06	50013.95
236.13	50004.79
236.20	50001.57
236.27	49981.02
236.34	49963.98
236.41	49944.25
236.48	49934.70
236.55	49920.29
236.63	49924.00
236.70	49932.98
236.77	49949.47
236.84	49968.10
236.91	49984.85
236.98	49996.12
237.05	50007.38
237.12	50007.20
237.19	49994.48
237.27	49993.46
237.34	50000.50
237.41	49996.84
237.48	49992.19
237.55	49988.54
237.62	49973.26
237.69	49965.11
237.76	49964.26
237.83	49979.85
237.91	49985.67
237.98	49989.74
238.05	49982.63
238.12	49977.30
238.19	49961.69
238.26	49970.57
238.33	49965.37
238.40	49962.94
238.47	49949.83
238.54	49944.79
238.62	49924.79
238.69	49914.42
238.76	49904.98
238.83	49901.59
238.90	49892.55
238.97	49880.16
239.04	49882.22
239.11	49883.91
239.18	49884.36
239.25	49879.41
239.33	49860.23
239.40	49841.10
239.47	49822.02
239.54	49791.79
239.61	49758.52
239.68	49734.81
239.75	49715.26
239.82	49700.61
239.89	49699.11
239.96	49703.44
240.03	49716.35
240.11	49715.67
240.18	49706.66
240.25	49698.01
240.32	49682.94
240.39	49668.46
240.46	49654.63
240.53	49652.19
240.60	49650.96
240.67	49649.53
240.74	49649.60
240.81	49651.78
240.88	49637.30
240.96	49622.24
241.03	49616.85
241.10	49608.99
241.17	49596.32
241.24	49595.50
241.31	49594.26
241.38	49585.87
241.45	49577.13
241.52	49571.85
241.59	49564.84
241.66	49550.70
241.73	49541.84
241.80	49530.74
241.88	49514.28
241.95	49488.49
242.02	49471.25
242.09	49442.04
242.16	49415.63
242.23	49400.06
242.30	49390.29
242.37	49379.80
242.44	49384.34
242.51	49379.50
242.58	49375.64
242.65	49381.49
242.72	49379.68
242.79	49368.65
242.87	49365.57
242.94	49352.64
243.01	49341.09
243.08	49343.75
243.15	49340.20
243.22	49337.37
243.29	49344.35
243.36	49338.04
243.43	49334.77
243.50	49353.76
243.57	49374.61
243.64	49381.29
243.71	49401.10
243.78	49397.41
243.85	49380.95
243.92	49369.50
243.99	49363.40
244.07	49351.00
244.14	49342.10
244.21	49340.29
244.28	49328.08
244.35	49309.21
244.42	49287.90
244.49	49282.23
244.56	49278.70
244.63	49278.25
244.70	49279.20
244.77	49288.72
244.84	49294.01
244.91	49302.51
244.98	49316.04
245.05	49343.19
245.12	49360.19
245.19	49374.59
245.26	49383.89
245.33	49392.11
245.40	49404.55
245.47	49434.19
245.55	49457.96
245.62	49466.94
245.69	49462.63
245.76	49458.26
245.83	49445.69
245.90	49433.81
245.97	49436.02
246.04	49452.50
246.11	49460.69
246.18	49464.87
246.25	49468.79
246.32	49459.99
246.39	49456.75
246.46	49460.12
246.53	49469.37
246.60	49480.59
246.67	49498.02
246.74	49510.40
246.81	49522.29
246.88	49525.46
246.95	49541.83
247.02	49569.14
247.09	49588.81
247.16	49596.85
247.23	49597.46
247.30	49589.80
247.37	49568.74
247.44	49570.60
247.51	49581.43
247.58	49608.72
247.66	49638.11
247.73	49680.01
247.80	49702.78
247.87	49721.93
247.94	49739.52
248.01	49763.69
248.08	49781.83
248.15	49804.80
248.22	49828.11
248.29	49858.30
248.36	49878.50
248.43	49899.21
248.50	49913.88
248.57	49928.51
248.64	49930.31
248.71	49942.74
248.78	49958.14
248.85	49968.11
248.92	49988.40
248.99	50005.81
249.06	50018.11
249.13	50019.53
249.20	50038.20
249.27	50049.58
249.34	50059.09
249.41	50060.07
249.48	50055.71
249.55	50035.15
249.62	50029.34
249.69	50032.24
249.76	50060.82
249.83	50101.00
249.90	50153.81
249.97	50188.96
250.04	50227.47
250.11	50247.83
250.18	50265.14
250.25	50278.10
250.32	50288.96
250.39	50305.19
250.46	50313.89
250.53	50331.42
250.60	50351.96
250.67	50382.88
250.74	50394.88
250.81	50402.84
250.88	50414.85
250.95	50427.94
251.02	50436.47
251.09	50451.93
251.16	50480.96
251.23	50497.39
251.30	50504.74
251.37	50512.85
251.44	50515.05
251.51	50523.53
251.58	50542.47
251.65	50560.59
251.72	50567.08
251.79	50588.19
251.86	50597.37
251.93	50592.53
252.00	50595.94
252.07	50607.00
252.14	50615.50
252.21	50616.48
252.28	50627.60
252.35	50642.31
252.42	50664.90
252.49	50673.55
252.56	50679.40
252.63	50685.33
252.70	50677.78
252.77	50665.85
252.84	50669.98
252.91	50680.24
252.98	50696.39
253.05	50711.35
253.12	50718.40
253.19	50725.14
253.25	50742.30
253.32	50747.43
253.39	50768.36
253.46	50793.98
253.53	50815.93
253.60	50820.09
253.67	50825.34
253.74	50834.62
253.81	50843.95
253.88	50847.30
253.95	50861.56
254.02	50878.28
254.09	50880.65
254.16	50884.22
254.23	50885.92
254.30	50885.97
254.37	50888.08
254.44	50902.05
254.51	50915.12
254.58	50923.72
254.65	50937.34
254.72	50942.52
254.79	50928.03
254.86	50924.24
254.93	50917.79
255.00	50913.03
255.07	50909.15
255.14	50920.26
255.21	50909.61
255.28	50902.57
255.34	50887.60
255.41	50879.63
255.48	50861.65
255.55	50858.37
255.62	50863.95
255.69	50871.17
255.76	50876.37
255.83	50882.90
255.90	50884.89
255.97	50893.67
256.04	50891.09
256.11	50889.50
256.18	50880.62
256.25	50874.75
256.32	50860.75
256.39	50859.28
256.46	50851.82
256.53	50852.21
256.60	50852.56
256.67	50847.60
256.74	50843.15
256.80	50844.51
256.87	50841.50
256.94	50832.03
257.01	50827.38
257.08	50821.55
257.15	50805.70
257.22	50796.04
257.29	50771.97
257.36	50752.44
257.43	50728.09
257.50	50712.04
257.57	50688.37
257.64	50689.10
257.71	50668.40
257.78	50650.21
257.85	50625.62
257.92	50613.77
257.98	50600.37
258.05	50601.74
258.12	50588.69
258.19	50576.34
258.26	50557.53
258.33	50533.88
258.40	50515.12
258.47	50510.69
258.54	50521.10
258.61	50520.92
258.68	50516.20
258.75	50501.91
258.82	50487.92
258.89	50460.86
258.95	50440.63
259.02	50421.96
259.09	50404.76
259.16	50379.18
259.23	50353.81
259.30	50322.75
259.37	50305.34
259.44	50286.39
259.51	50278.18
259.58	50273.15
259.65	50265.79
259.72	50237.70
259.79	50203.73
259.85	50170.34
259.92	50130.81
259.99	50103.35
260.06	50077.42
260.13	50055.57
260.20	50021.00
260.27	49980.28
260.34	49944.05
260.41	49913.48
260.48	49885.47
260.55	49872.30
260.62	49869.34
260.68	49850.37
260.75	49817.83
260.82	49795.04
260.89	49763.54
260.96	49729.47
261.03	49703.53
261.10	49683.98
261.17	49660.34
261.24	49627.03
261.31	49592.82
261.38	49565.23
261.44	49533.97
261.51	49494.42
261.58	49461.61
261.65	49424.00
261.72	49378.69
261.79	49335.39
261.86	49296.31
261.93	49266.82
262.00	49239.20
262.07	49206.73
262.13	49181.02
262.20	49149.30
262.27	49105.17
262.34	49072.72
262.41	49040.45
262.48	49005.14
262.55	48977.69
262.62	48949.62
262.69	48910.23
262.76	48876.32
262.82	48840.87
262.89	48808.27
262.96	48782.38
263.03	48750.75
263.10	48717.91
263.17	48689.00
263.24	48646.69
263.31	48607.18
263.38	48567.65
263.44	48537.87
263.51	48488.85
263.58	48444.55
263.65	48406.25
263.72	48365.20
263.79	48320.07
263.86	48287.37
263.93	48248.75
264.00	48204.77
264.06	48168.08
264.13	48128.52
264.20	48099.16
264.27	48066.23
264.34	48026.75
264.41	47992.05
264.48	47944.19
264.55	47889.07
264.61	47842.00
264.68	47794.23
264.75	47744.61
264.82	47696.74
264.89	47653.08
264.96	47616.27
265.03	47576.26
265.10	47539.25
265.16	47507.78
265.23	47483.73
265.30	47458.80
265.37	47432.91
265.44	47390.72
265.51	47352.80
265.58	47295.42
265.65	47233.71
265.71	47177.31
265.78	47134.03
265.85	47089.10
265.92	47049.29
265.99	47009.09
266.06	46980.46
266.13	46937.29
266.20	46898.38
266.26	46864.87
266.33	46827.97
266.40	46770.73
266.47	46722.67
266.54	46661.31
266.61	46599.79
266.68	46540.85
266.74	46489.49
266.81	46442.66
266.88	46398.24
266.95	46344.74
267.02	46298.26
267.09	46250.75
267.16	46203.10
267.22	46166.71
267.29	46140.01
267.36	46104.33
267.43	46068.78
267.50	46036.00
267.57	46001.98
267.64	45960.75
267.70	45925.19
267.77	45885.54
267.84	45846.90
267.91	45797.31
267.98	45743.02
268.05	45693.81
268.11	45650.84
268.18	45601.24
268.25	45554.35
268.32	45513.95
268.39	45471.85
268.46	45430.67
268.53	45394.69
268.59	45356.23
268.66	45327.30
268.73	45287.67
268.80	45249.53
268.87	45196.95
268.94	45155.40
269.00	45111.25
269.07	45074.92
269.14	45047.32
269.21	45021.53
269.28	44989.95
269.35	44945.38
269.41	44904.85
269.48	44848.20
269.55	44793.38
269.62	44740.22
269.69	44701.92
269.76	44654.69
269.82	44612.69
269.89	44585.77
269.96	44559.55
270.03	44525.21
270.10	44495.38
270.17	44458.49
270.23	44411.98
270.30	44370.86
270.37	44342.13
270.44	44306.87
270.51	44273.88
270.58	44243.93
270.64	44214.75
270.71	44169.62
270.78	44138.44
270.85	44107.12
270.92	44080.42
270.99	44045.51
271.05	44016.50
271.12	43981.24
271.19	43944.53
271.26	43894.07
271.33	43852.95
271.39	43819.40
271.46	43771.58
271.53	43735.44
271.60	43722.09
271.67	43693.51
271.74	43654.86
271.80	43630.22
271.87	43614.71
271.94	43578.05
272.01	43544.84
272.08	43521.09
272.14	43484.56
272.21	43442.97
272.28	43417.89
272.35	43399.04
272.42	43368.42
272.48	43356.65
272.55	43335.09
272.62	43306.17
272.69	43280.71
272.76	43271.37
272.83	43243.18
272.89	43219.00
272.96	43201.68
273.03	43178.05
273.10	43137.53
273.17	43106.89
273.23	43081.44
273.30	43053.42
273.37	43024.49
273.44	43002.02
273.51	42982.88
273.57	42961.09
273.64	42937.08
273.71	42920.55
273.78	42898.92
273.85	42881.46
273.91	42856.83
273.98	42839.26
274.05	42817.16
274.12	42802.86
274.19	42789.70
274.25	42776.78
274.32	42753.02
274.39	42720.52
274.46	42685.17
274.53	42634.83
274.59	42583.26
274.66	42543.91
274.73	42516.96
274.80	42488.69
274.86	42463.53
274.93	42447.62
275.00	42414.52
275.07	42376.77
275.14	42344.05
275.20	42316.03
275.27	42286.67
275.34	42266.32
275.41	42250.89
275.48	42239.10
275.54	42221.01
275.61	42204.70
275.68	42190.90
275.75	42163.11
275.81	42127.58
275.88	42104.36
275.95	42080.20
276.02	42047.59
276.09	42029.10
276.15	42002.19
276.22	41977.78
276.29	41959.85
276.36	41936.28
276.42	41906.44
276.49	41886.57
276.56	41854.98
276.63	41820.80
276.70	41795.96
276.76	41779.51
276.83	41769.20
276.90	41759.54
276.97	41743.08
277.03	41726.47
277.10	41704.68
277.17	41677.47
277.24	41657.38
277.30	41637.04
277.37	41620.92
277.44	41603.98
277.51	41591.83
277.58	41572.63
277.64	41552.56
277.71	41530.27
277.78	41512.56
277.85	41481.02
277.91	41452.14
277.98	41426.21
278.05	41404.94
278.12	41385.49
278.18	41371.19
278.25	41351.45
278.32	41331.04
278.39	41309.42
278.45	41286.07
278.52	41265.25
278.59	41251.83
278.66	41239.51
278.72	41224.64
278.79	41205.27
278.86	41185.45
278.93	41175.54
278.99	41156.18
279.06	41134.40
279.13	41110.89
279.20	41093.15
279.26	41066.14
279.33	41044.55
279.40	41023.02
279.47	41001.10
279.53	40975.81
279.60	40950.35
279.67	40924.22
279.74	40898.53
279.80	40879.09
279.87	40863.68
279.94	40848.91
280.01	40833.23
280.07	40811.93
280.14	40793.28
280.21	40761.15
280.28	40730.34
280.34	40705.36
280.41	40688.17
280.48	40657.95
280.55	40638.55
280.61	40619.77
280.68	40593.66
280.75	40563.49
280.82	40540.37
280.88	40505.55
280.95	40449.57
281.02	40396.48
281.08	40326.51
281.15	40251.60
281.22	40185.17
281.29	40131.24
281.35	40072.81
281.42	40039.32
281.49	40001.70
281.56	39973.87
281.62	39946.81
281.69	39918.79
281.76	39885.81
281.82	39862.14
281.89	39826.69
281.96	39797.03
282.03	39772.37
282.09	39744.55
282.16	39720.07
282.23	39698.94
282.30	39674.18
282.36	39657.09
282.43	39641.10
282.50	39627.50
282.56	39603.73
282.63	39585.43
282.70	39561.00
282.77	39546.89
282.83	39525.10
282.90	39511.99
282.97	39493.29
283.03	39468.35
283.10	39438.71
283.17	39412.59
283.24	39383.37
283.30	39356.87
283.37	39332.90
283.44	39305.73
283.50	39276.74
283.57	39264.89
283.64	39242.67
283.71	39216.04
283.77	39183.99
283.84	39150.65
283.91	39103.89
283.97	39069.83
284.04	39059.40
284.11	39060.79
284.18	39074.14
284.24	39083.44
284.31	39094.02
284.38	39091.63
284.44	39085.52
284.51	39062.26
284.58	39048.96
284.64	39036.99
284.71	39027.64
284.78	39011.39
284.85	39006.08
284.91	38998.62
284.98	38980.99
285.05	38955.14
285.11	38932.50
285.18	38910.46
285.25	38890.32
285.31	38883.09
285.38	38883.50
285.45	38889.80
285.52	38894.61
285.58	38890.60
285.65	38878.10
285.72	38859.39
285.78	38839.87
285.85	38820.75
285.92	38804.05
285.98	38794.65
286.05	38785.56
286.12	38778.33
286.18	38766.56
286.25	38761.92
286.32	38753.25
286.39	38752.59
286.45	38749.39
286.52	38742.81
286.59	38733.62
286.65	38727.94
286.72	38721.20
286.79	38704.35
286.85	38691.17
286.92	38674.55
286.99	38661.46
287.05	38635.99
287.12	38628.51
287.19	38626.55
287.25	38628.99
287.32	38626.56
287.39	38632.11
287.45	38629.54
287.52	38625.95
287.59	38625.24
287.65	38622.67
287.72	38619.20
287.79	38612.61
287.86	38601.58
287.92	38588.37
287.99	38579.72
288.06	38581.49
288.12	38573.02
288.19	38575.28
288.26	38566.46
288.32	38552.54
288.39	38535.99
288.46	38534.94
288.52	38530.08
288.59	38530.41
288.66	38536.43
288.72	38532.47
288.79	38536.41
288.86	38536.70
288.92	38535.38
288.99	38528.75
289.06	38526.44
289.12	38516.20
289.19	38507.74
289.26	38514.00
289.32	38523.42
289.39	38534.40
289.45	38549.96
289.52	38548.61
289.59	38552.69
289.65	38560.05
289.72	38565.38
289.79	38567.42
289.85	38582.05
289.92	38584.43
289.99	38589.67
290.05	38582.19
290.12	38576.29
290.19	38570.84
290.25	38570.57
290.32	38565.97
290.39	38574.75
290.45	38583.78
290.52	38588.86
290.59	38589.06
290.65	38584.70
290.72	38576.92
290.79	38568.99
290.85	38577.30
290.92	38599.49
290.98	38615.77
291.05	38630.23
291.12	38645.72
291.18	38653.68
291.25	38647.85
291.32	38644.56
291.38	38646.87
291.45	38647.20
291.52	38647.41
291.58	38647.52
291.65	38661.18
291.72	38678.64
291.78	38698.92
291.85	38717.09
291.91	38736.51
291.98	38757.70
292.05	38763.54
292.11	38767.15
292.18	38771.83
292.25	38773.64
292.31	38758.97
292.38	38765.37
292.45	38764.72
292.51	38772.91
292.58	38781.40
292.64	38801.69
292.71	38807.85
292.78	38821.56
292.84	38822.54
292.91	38835.22
292.98	38840.12
293.04	38850.78
293.11	38860.20
293.17	38874.70
293.24	38883.70
293.31	38900.53
293.37	38921.79
293.44	38932.95
293.51	38949.88
293.57	38956.66
293.64	38965.23
293.70	38975.17
293.77	38990.55
293.84	38993.39
293.90	38994.48
293.97	38994.83
294.04	38994.28
294.10	38996.86
294.17	39006.53
294.23	39029.30
294.30	39043.68
294.37	39061.65
294.43	39081.48
294.50	39098.69
294.56	39106.63
294.63	39117.12
294.70	39127.95
294.76	39140.39
294.83	39152.58
294.90	39170.61
294.96	39191.50
295.03	39207.86
295.09	39228.59
295.16	39248.05
295.23	39259.70
295.29	39275.70
295.36	39285.10
295.42	39283.88
295.49	39290.63
295.56	39313.83
295.62	39334.77
295.69	39351.50
295.75	39375.87
295.82	39392.55
295.89	39397.76
295.95	39396.32
296.02	39402.13
296.08	39402.57
296.15	39399.15
296.22	39408.58
296.28	39427.05
296.35	39454.66
296.41	39471.05
296.48	39502.91
296.55	39523.84
296.61	39544.76
296.68	39561.86
296.74	39589.72
296.81	39617.40
296.88	39644.57
296.94	39665.54
297.01	39685.60
297.07	39698.29
297.14	39709.64
297.20	39724.42
297.27	39740.35
297.34	39757.54
297.40	39782.18
297.47	39796.45
297.53	39810.65
297.60	39828.61
297.67	39838.28
297.73	39854.67
297.80	39869.80
297.86	39874.30
297.93	39880.64
298.00	39895.57
298.06	39900.21
298.13	39920.88
298.19	39941.36
298.26	39955.63
298.32	39975.95
298.39	39997.54
298.46	40005.83
298.52	40020.70
298.59	40037.26
298.65	40047.15
298.72	40067.55
298.78	40094.39
298.85	40118.72
298.92	40141.40
298.98	40158.55
299.05	40165.36
299.11	40178.04
299.18	40192.83
299.24	40203.97
299.31	40214.52
299.38	40233.87
299.44	40234.54
299.51	40240.44
299.57	40254.15
299.64	40268.83
299.70	40282.55
299.77	40307.00
299.84	40320.40
299.90	40314.88
299.97	40316.00
300.03	40313.41
300.10	40320.68
300.16	40334.81
300.23	40357.87
300.30	40375.26
300.36	40389.80
300.43	40402.61
300.49	40417.83
300.56	40441.01
300.62	40469.57
300.69	40496.47
300.75	40515.31
300.82	40525.49
300.89	40534.00
300.95	40541.07
301.02	40543.42
301.08	40546.10
301.15	40546.55
301.21	40550.68
301.28	40555.15
301.34	40563.07
301.41	40563.95
301.48	40570.77
301.54	40565.27
301.61	40563.26
301.67	40563.85
301.74	40571.54
301.80	40574.18
301.87	40578.82
301.93	40577.67
302.00	40574.26
302.06	40561.68
302.13	40547.90
302.20	40542.89
302.26	40540.13
302.33	40536.07
302.39	40535.98
302.46	40545.02
302.52	40546.73
302.59	40549.15
302.65	40559.43
302.72	40566.59
302.78	40567.67
302.85	40576.92
302.91	40569.77
302.98	40560.88
303.05	40550.58
303.11	40550.39
303.18	40539.50
303.24	40538.38
303.31	40525.65
303.37	40517.78
303.44	40506.11
303.50	40491.00
303.57	40477.16
303.63	40468.32
303.70	40459.71
303.76	40446.00
303.83	40436.95
303.89	40428.02
303.96	40420.91
304.03	40416.41
304.09	40404.97
304.16	40387.80
304.22	40368.59
304.29	40346.90
304.35	40320.11
304.42	40303.82
304.48	40293.10
304.55	40282.20
304.61	40267.55
304.68	40260.66
304.74	40249.37
304.81	40238.90
304.87	40212.12
304.94	40199.84
305.00	40177.73
305.07	40146.20
305.13	40107.42
305.20	40087.31
305.26	40067.99
305.33	40049.61
305.39	40035.04
305.46	40019.96
305.52	40008.11
305.59	39983.70
305.66	39962.12
305.72	39938.76
305.79	39915.66
305.85	39887.28
305.92	39848.89
305.98	39784.84
306.05	39655.95
306.11	39422.76
306.18	39123.08
306.24	38867.27
306.31	38727.89
306.37	38742.03
306.44	38912.88
306.50	39165.97
306.57	39383.48
306.63	39509.69
306.70	39538.89
306.76	39521.37
306.83	39485.67
306.89	39444.07
306.96	39409.06
307.02	39378.03
307.09	39352.25
307.15	39323.03
307.22	39300.06
307.28	39260.57
307.35	39223.25
307.41	39178.43
307.48	39136.54
307.54	39094.04
307.61	39063.14
307.67	39027.18
307.74	38985.64
307.80	38944.87
307.87	38905.43
307.93	38860.87
308.00	38826.90
308.06	38798.04
308.13	38763.51
308.19	38725.45
308.26	38691.22
308.32	38658.91
308.38	38629.04
308.45	38592.12
308.51	38563.13
308.58	38519.66
308.64	38463.89
308.71	38408.60
308.77	38367.07
308.84	38317.54
308.90	38286.84
308.97	38271.60
309.03	38260.45
309.10	38234.42
309.16	38204.37
309.23	38162.53
309.29	38113.15
309.36	38042.21
309.42	37982.96
309.49	37928.95
309.55	37873.11
309.62	37811.83
309.68	37771.92
309.75	37721.14
309.81	37672.79
309.88	37631.20
309.94	37590.50
310.00	37544.85
310.07	37503.95
310.13	37472.41
310.20	37426.90
310.26	37388.22
310.33	37346.10
310.39	37308.27
310.46	37259.34
310.52	37219.65
310.59	37176.25
310.65	37141.00
310.72	37098.42
310.78	37053.92
310.85	37010.53
310.91	36976.51
310.97	36935.72
311.04	36895.96
311.10	36855.47
311.17	36812.86
311.23	36767.79
311.30	36722.86
311.36	36681.41
311.43	36647.20
311.49	36604.94
311.56	36569.46
311.62	36523.85
311.69	36484.09
311.75	36437.94
311.81	36389.25
311.88	36331.40
311.94	36295.77
312.01	36266.53
312.07	36233.62
312.14	36209.12
312.20	36186.55
312.27	36153.48
312.33	36096.42
312.40	36039.47
312.46	35984.78
312.52	35934.22
312.59	35880.65
312.65	35835.80
312.72	35788.90
312.78	35740.94
312.85	35691.33
312.91	35637.66
312.98	35587.40
313.04	35543.20
313.10	35502.66
313.17	35459.15
313.23	35426.50
313.30	35389.41
313.36	35345.04
313.43	35295.62
313.49	35246.28
313.56	35183.40
313.62	35138.03
313.68	35097.10
313.75	35062.84
313.81	35026.31
313.88	34990.63
313.94	34943.25
314.01	34904.58
314.07	34865.65
314.13	34819.01
314.20	34781.18
314.26	34742.69
314.33	34697.05
314.39	34643.96
314.46	34585.60
314.52	34532.26
314.58	34474.63
314.65	34421.43
314.71	34371.51
314.78	34334.27
314.84	34290.49
314.91	34249.51
314.97	34204.74
315.03	34162.19
315.10	34127.16
315.16	34080.06
315.23	34040.23
315.29	34002.43
315.36	33964.87
315.42	33912.43
315.48	33869.40
315.55	33824.08
315.61	33764.37
315.68	33719.38
315.74	33685.23
315.81	33644.07
315.87	33596.46
315.93	33571.53
316.00	33537.31
316.06	33492.43
316.13	33474.44
316.19	33446.04
316.25	33386.31
316.32	33294.19
316.38	33189.29
316.45	33035.28
316.51	32869.33
316.58	32699.86
316.64	32517.60
316.70	32325.93
316.77	32124.16
316.83	31911.20
316.90	31674.12
316.96	31435.14
317.02	31180.30
317.09	30917.65
317.15	30635.36
317.22	30340.26
317.28	30030.01
317.34	29703.97
317.41	29362.46
317.47	29011.75
317.54	28651.25
317.60	28267.57
317.66	27870.20
317.73	27454.59
317.79	27026.44
317.86	26586.96
317.92	26140.01
317.98	25664.30
318.05	25177.82
318.11	24679.66
318.18	24173.32
318.24	23652.88
318.30	23126.83
318.37	22592.21
318.43	22039.67
318.50	21471.70
318.56	20899.00
318.62	20333.48
318.69	19761.24
318.75	19188.54
318.82	18611.32
318.88	18039.37
318.94	17456.84
319.01	16878.29
319.07	16303.41
319.13	15729.14
319.20	15149.61
319.26	14573.33
319.33	14003.72
319.39	13428.99
319.45	12880.17
319.52	12336.19
319.58	11805.39
319.65	11276.06
319.71	10764.15
319.77	10251.22
319.84	9752.87
319.90	9268.60
319.96	8798.15
320.03	8339.00
320.09	7894.17
320.16	7459.61
320.22	7042.96
320.28	6641.12
320.35	6256.09
320.41	5886.50
320.47	5538.53
320.54	5198.55
320.60	4878.56
320.67	4578.14
320.73	4291.60
320.79	4015.86
320.86	3761.57
320.92	3516.91
320.98	3288.47
321.05	3072.45
321.11	2869.20
321.18	2679.11
321.24	2505.90
321.30	2339.05
321.37	2189.17
321.43	2057.15
321.49	1930.92
321.56	1814.92
321.62	1712.95
321.68	1612.88
321.75	1520.84
321.81	1438.96
321.88	1363.03
321.94	1297.96
322.00	1240.56
322.07	1181.79
322.13	1128.58
322.19	1077.11
322.26	1024.59
322.32	980.09
322.38	942.71
322.45	911.93
322.51	880.03
322.58	855.60
322.64	824.33
322.70	797.76
322.77	764.37
322.83	743.85
322.89	713.36
322.96	687.82
323.02	662.59
323.08	637.91
323.15	609.45
323.21	587.26
323.27	566.08
323.34	542.22
323.40	520.60
323.46	497.73
323.53	469.66
323.59	399.53
323.65	302.27
323.72	190.64
323.78	83.60
323.85	-15.10
323.91	-66.30
323.97	-85.45
324.04	-86.10
