180.21	3429.41
180.28	-125.62
180.36	632.78
180.44	-47.68
180.51	-16.54
180.59	7.30
180.66	35.14
180.74	33.72
180.81	33.16
180.89	35.39
180.97	36.38
181.04	34.30
181.12	32.76
181.19	33.64
181.27	33.95
181.34	50.10
181.42	57.09
181.50	64.73
181.57	75.84
181.65	81.66
181.72	76.40
181.80	71.95
181.87	72.33
181.95	73.08
182.03	73.01
182.10	76.31
182.18	79.25
182.25	86.06
182.33	88.13
182.40	98.20
182.48	97.69
182.55	112.95
182.63	122.12
182.71	130.17
182.78	139.32
182.86	153.26
182.93	153.45
183.01	152.51
183.08	147.60
183.16	145.36
183.23	137.35
183.31	144.70
183.39	151.96
183.46	173.38
183.54	184.53
183.61	211.79
183.69	232.99
183.76	266.95
183.84	293.87
183.91	323.08
183.99	364.25
184.06	395.53
184.14	428.43
184.22	474.59
184.29	509.32
184.37	520.92
184.44	539.34
184.52	527.22
184.59	468.59
184.67	413.23
184.74	362.18
184.82	327.45
184.89	322.85
184.97	367.69
185.04	438.41
185.12	508.90
185.20	588.17
185.27	663.08
185.35	751.32
185.42	811.13
185.50	873.60
185.57	930.54
185.65	974.47
185.72	1013.29
185.80	1091.11
185.87	1148.65
185.95	1214.84
186.02	1329.24
186.10	1398.04
186.17	1421.80
186.25	1412.01
186.33	1269.87
186.40	1069.63
186.48	922.61
186.55	829.73
186.63	815.69
186.70	940.55
186.78	1105.82
186.85	1248.68
186.93	1374.72
187.00	1479.15
187.08	1594.96
187.15	1700.94
187.23	1826.44
187.30	1956.41
187.38	2067.23
187.45	2184.81
187.53	2321.98
187.60	2401.86
187.68	2503.15
187.75	2650.10
187.83	2723.87
187.90	2782.59
187.98	2895.29
188.05	2923.73
188.13	2781.00
188.21	2521.19
188.28	2251.78
188.36	1986.38
188.43	1793.68
188.51	1797.65
188.58	1991.20
188.66	2203.56
188.73	2407.08
188.81	2624.77
188.88	2787.99
188.96	2951.33
189.03	3090.70
189.11	3239.96
189.18	3375.25
189.26	3488.68
189.33	3605.78
189.41	3741.05
189.48	3825.84
189.56	3919.98
189.63	4053.55
189.71	4110.74
189.78	4165.13
189.86	4264.55
189.93	4312.91
190.01	4307.21
190.08	4282.39
190.16	4098.47
190.23	3726.33
190.31	3380.94
190.38	3134.98
190.46	2991.26
190.53	3039.87
190.61	3287.33
190.68	3546.63
190.76	3777.87
190.83	3978.38
190.91	4140.32
190.98	4312.19
191.06	4455.28
191.13	4601.27
191.21	4735.48
191.28	4848.34
191.35	4962.07
191.43	5080.65
191.50	5149.52
191.58	5237.09
191.65	5341.76
191.73	5383.58
191.80	5438.23
191.88	5491.26
191.95	5493.03
192.03	5492.68
192.10	5523.28
192.18	5541.85
192.25	5535.51
192.33	5435.00
192.40	5201.41
192.48	4939.52
192.55	4721.96
192.63	4576.93
192.70	4596.10
192.78	4775.16
192.85	5008.89
192.93	5218.75
193.00	5413.11
193.08	5566.08
193.15	5726.52
193.22	5840.66
193.30	5951.25
193.37	6061.89
193.45	6141.00
193.52	6209.32
193.60	6290.15
193.67	6342.98
193.75	6387.18
193.82	6450.02
193.90	6468.68
193.97	6483.13
194.05	6515.08
194.12	6530.18
194.20	6556.53
194.27	6605.36
194.34	6654.35
194.42	6685.28
194.49	6727.74
194.57	6753.80
194.64	6726.94
194.72	6634.16
194.79	6535.13
194.87	6448.99
194.94	6395.11
195.02	6407.49
195.09	6493.76
195.17	6616.00
195.24	6724.83
195.31	6822.23
195.39	6900.20
195.46	6980.84
195.54	7045.55
195.61	7109.40
195.69	7158.08
195.76	7203.56
195.84	7249.98
195.91	7282.68
195.99	7297.38
196.06	7308.70
196.13	7330.26
196.21	7333.81
196.28	7349.61
196.36	7383.93
196.43	7424.51
196.51	7460.08
196.58	7503.53
196.66	7540.97
196.73	7572.12
196.80	7596.82
196.88	7618.74
196.95	7644.02
197.03	7666.00
197.10	7669.67
197.18	7658.53
197.25	7646.71
197.33	7636.77
197.40	7634.69
197.47	7644.92
197.55	7680.50
197.62	7716.91
197.70	7750.88
197.77	7790.27
197.85	7829.17
197.92	7866.98
197.99	7909.31
198.07	7947.70
198.14	7978.73
198.22	8014.46
198.29	8038.44
198.37	8060.04
198.44	8082.92
198.51	8101.89
198.59	8118.87
198.66	8148.33
198.74	8175.97
198.81	8201.96
198.89	8223.75
198.96	8248.13
199.03	8267.34
199.11	8295.41
199.18	8318.68
199.26	8345.04
199.33	8374.74
199.41	8405.73
199.48	8426.52
199.55	8455.01
199.63	8479.36
199.70	8511.43
199.78	8535.14
199.85	8557.63
199.93	8575.61
200.00	8607.04
200.07	8625.89
200.15	8658.59
200.22	8696.63
200.30	8731.67
200.37	8763.62
200.44	8795.23
200.52	8815.44
200.59	8840.76
200.67	8865.66
200.74	8887.45
200.81	8908.89
200.89	8935.80
200.96	8966.97
201.04	8995.17
201.11	9030.27
201.19	9069.43
201.26	9109.29
201.33	9140.32
201.41	9181.32
201.48	9218.90
201.56	9253.77
201.63	9294.00
201.70	9333.20
201.78	9366.77
201.85	9406.75
201.93	9443.95
202.00	9477.83
202.07	9512.92
202.15	9545.35
202.22	9574.30
202.30	9607.21
202.37	9641.19
202.44	9677.85
202.52	9723.90
202.59	9769.88
202.67	9812.83
202.74	9856.58
202.81	9895.97
202.89	9933.71
202.96	9979.55
203.04	10030.50
203.11	10072.87
203.18	10125.14
203.26	10180.92
203.33	10225.19
203.41	10263.93
203.48	10312.17
203.55	10340.99
203.63	10369.90
203.70	10406.05
203.77	10448.50
203.85	10493.38
203.92	10549.23
204.00	10614.08
204.07	10673.28
204.14	10732.99
204.22	10785.43
204.29	10842.73
204.37	10890.09
204.44	10939.98
204.51	10996.73
204.59	11059.59
204.66	11116.61
204.73	11176.18
204.81	11232.06
204.88	11290.34
204.96	11341.78
205.03	11396.08
205.10	11444.98
205.18	11497.48
205.25	11544.48
205.32	11600.29
205.40	11653.19
205.47	11713.74
205.55	11774.57
205.62	11839.24
205.69	11907.43
205.77	11981.69
205.84	12061.13
205.91	12137.98
205.99	12213.60
206.06	12282.08
206.14	12353.28
206.21	12424.23
206.28	12494.23
206.36	12571.05
206.43	12645.08
206.50	12721.43
206.58	12790.34
206.65	12861.52
206.72	12925.58
206.80	12991.22
206.87	13050.86
206.95	13122.70
207.02	13199.27
207.09	13282.78
207.17	13371.61
207.24	13464.03
207.31	13550.41
207.39	13641.25
207.46	13726.48
207.53	13805.48
207.61	13890.21
207.68	13971.62
207.75	14056.13
207.83	14141.64
207.90	14227.40
207.98	14311.90
208.05	14403.01
208.12	14484.63
208.20	14571.80
208.27	14661.56
208.34	14748.18
208.42	14827.02
208.49	14914.73
208.56	14991.20
208.64	15081.87
208.71	15171.49
208.78	15262.16
208.86	15362.99
208.93	15471.34
209.00	15577.79
209.08	15678.26
209.15	15793.52
209.22	15898.43
209.30	16005.60
209.37	16104.97
209.44	16213.62
209.52	16316.74
209.59	16410.98
209.67	16515.48
209.74	16616.53
209.81	16728.96
209.89	16829.01
209.96	16939.58
210.03	17038.50
210.11	17142.74
210.18	17230.76
210.25	17334.17
210.33	17436.53
210.40	17539.44
210.47	17647.09
210.55	17773.48
210.62	17892.03
210.69	18006.84
210.77	18128.35
210.84	18253.36
210.91	18384.27
210.99	18505.97
211.06	18630.84
211.13	18755.68
211.21	18878.61
211.28	18988.65
211.35	19112.08
211.42	19240.36
211.50	19368.89
211.57	19495.95
211.64	19621.78
211.72	19736.67
211.79	19844.15
211.86	19949.10
211.94	20065.92
212.01	20184.75
212.08	20314.46
212.16	20448.79
212.23	20583.70
212.30	20718.34
212.38	20850.60
212.45	20987.64
212.52	21122.37
212.60	21252.66
212.67	21382.93
212.74	21513.98
212.82	21645.40
212.89	21778.30
212.96	21918.13
213.03	22049.83
213.11	22187.34
213.18	22316.25
213.25	22452.05
213.33	22583.72
213.40	22710.94
213.47	22838.67
213.55	22971.49
213.62	23099.02
213.69	23230.08
213.77	23372.59
213.84	23513.68
213.91	23663.98
213.98	23820.23
214.06	23972.06
214.13	24128.49
214.20	24275.39
214.28	24426.45
214.35	24565.99
214.42	24708.93
214.50	24847.10
214.57	24991.24
214.64	25123.45
214.72	25264.71
214.79	25408.45
214.86	25547.72
214.93	25695.29
215.01	25849.53
215.08	25996.53
215.15	26137.11
215.23	26272.71
215.30	26405.08
215.37	26535.67
215.44	26677.93
215.52	26833.09
215.59	26988.69
215.66	27137.06
215.74	27288.86
215.81	27432.68
215.88	27580.64
215.95	27723.27
216.03	27875.80
216.10	28022.58
216.17	28173.51
216.25	28316.37
216.32	28469.93
216.39	28621.14
216.46	28775.29
216.54	28923.20
216.61	29080.48
216.68	29229.12
216.76	29372.93
216.83	29512.46
216.90	29660.35
216.97	29804.01
217.05	29953.91
217.12	30102.78
217.19	30250.73
217.27	30390.56
217.34	30523.76
217.41	30652.03
217.48	30788.72
217.56	30931.19
217.63	31084.93
217.70	31234.34
217.78	31400.03
217.85	31557.22
217.92	31708.15
217.99	31852.94
218.07	32003.09
218.14	32146.31
218.21	32295.47
218.28	32447.98
218.36	32597.28
218.43	32747.69
218.50	32901.46
218.57	33050.16
218.65	33188.51
218.72	33323.87
218.79	33457.68
218.87	33585.47
218.94	33712.04
219.01	33847.93
219.08	33988.21
219.16	34131.08
219.23	34275.38
219.30	34422.84
219.37	34573.08
219.45	34720.27
219.52	34871.36
219.59	35004.23
219.66	35140.26
219.74	35271.04
219.81	35415.35
219.88	35545.82
219.95	35689.69
220.03	35834.27
220.10	35979.11
220.17	36112.65
220.24	36245.98
220.32	36379.76
220.39	36503.57
220.46	36621.71
220.53	36742.46
220.61	36864.04
220.68	36978.01
220.75	37103.43
220.82	37237.08
220.90	37370.04
220.97	37496.16
221.04	37623.01
221.11	37739.66
221.19	37858.84
221.26	37980.96
221.33	38118.33
221.40	38259.56
221.48	38394.38
221.55	38522.97
221.62	38638.40
221.69	38749.83
221.77	38868.65
221.84	38999.71
221.91	39116.38
221.98	39245.98
222.06	39370.53
222.13	39493.39
222.20	39599.72
222.27	39716.71
222.35	39827.43
222.42	39940.58
222.49	40048.60
222.56	40161.97
222.63	40272.89
222.71	40380.99
222.78	40487.22
222.85	40593.57
222.92	40705.79
223.00	40817.41
223.07	40925.10
223.14	41034.98
223.21	41140.43
223.29	41241.19
223.36	41348.53
223.43	41465.72
223.50	41577.68
223.57	41691.03
223.65	41813.53
223.72	41925.57
223.79	42033.91
223.86	42137.13
223.94	42229.94
224.01	42312.75
224.08	42396.14
224.15	42474.00
224.22	42564.49
224.30	42656.53
224.37	42748.76
224.44	42847.65
224.51	42942.09
224.59	43022.11
224.66	43104.97
224.73	43191.88
224.80	43280.48
224.87	43375.29
224.95	43483.19
225.02	43593.74
225.09	43698.78
225.16	43800.98
225.23	43899.49
225.31	43991.17
225.38	44068.94
225.45	44151.78
225.52	44233.93
225.60	44314.97
225.67	44392.27
225.74	44468.49
225.81	44544.54
225.88	44612.89
225.96	44684.40
226.03	44753.84
226.10	44840.48
226.17	44926.41
226.24	45008.73
226.32	45093.63
226.39	45179.03
226.46	45253.93
226.53	45323.70
226.60	45411.21
226.68	45494.40
226.75	45582.31
226.82	45669.84
226.89	45758.18
226.96	45831.88
227.04	45891.39
227.11	45942.78
227.18	45998.18
227.25	46042.50
227.32	46096.64
227.40	46166.98
227.47	46238.06
227.54	46317.70
227.61	46402.23
227.68	46482.57
227.76	46550.07
227.83	46624.86
227.90	46689.68
227.97	46747.74
228.04	46801.40
228.11	46859.02
228.19	46899.89
228.26	46949.28
228.33	47004.24
228.40	47051.63
228.47	47100.13
228.55	47163.86
228.62	47219.64
228.69	47281.01
228.76	47345.00
228.83	47414.56
228.90	47479.58
228.98	47546.46
229.05	47612.26
229.12	47683.14
229.19	47742.89
229.26	47794.90
229.34	47842.91
229.41	47887.85
229.48	47931.96
229.55	47985.40
229.62	48044.15
229.69	48106.31
229.77	48161.93
229.84	48217.29
229.91	48271.31
229.98	48317.53
230.05	48355.79
230.12	48398.28
230.20	48446.26
230.27	48483.58
230.34	48533.42
230.41	48587.53
230.48	48641.92
230.55	48694.23
230.63	48759.82
230.70	48827.54
230.77	48873.85
230.84	48922.15
230.91	48958.81
230.98	48992.58
231.06	49020.72
231.13	49078.77
231.20	49134.39
231.27	49200.08
231.34	49261.22
231.41	49320.16
231.49	49364.63
231.56	49411.18
231.63	49452.50
231.70	49489.57
231.77	49530.26
231.84	49565.25
231.92	49591.37
231.99	49618.79
232.06	49655.51
232.13	49684.17
232.20	49728.09
232.27	49775.82
232.34	49809.61
232.42	49836.57
232.49	49863.58
232.56	49883.77
232.63	49914.77
232.70	49956.24
232.77	50007.70
232.85	50061.81
232.92	50105.67
232.99	50142.90
233.06	50171.00
233.13	50189.78
233.20	50200.80
233.27	50212.15
233.35	50214.59
233.42	50225.95
233.49	50239.94
233.56	50263.40
233.63	50292.27
233.70	50329.72
233.77	50367.65
233.85	50399.14
233.92	50436.94
233.99	50470.98
234.06	50503.34
234.13	50525.15
234.20	50550.15
234.27	50570.11
234.35	50583.74
234.42	50591.39
234.49	50607.30
234.56	50622.91
234.63	50624.21
234.70	50638.54
234.77	50656.17
234.84	50672.29
234.92	50674.30
234.99	50681.40
235.06	50683.67
235.13	50682.08
235.20	50683.13
235.27	50697.60
235.34	50707.80
235.41	50728.31
235.49	50741.53
235.56	50756.55
235.63	50771.51
235.70	50792.03
235.77	50797.00
235.84	50800.77
235.91	50792.06
235.98	50772.14
236.06	50752.22
236.13	50731.06
236.20	50715.16
236.27	50697.01
236.34	50685.29
236.41	50665.24
236.48	50654.50
236.55	50651.84
236.63	50647.25
236.70	50641.06
236.77	50645.85
236.84	50662.73
236.91	50674.43
236.98	50680.51
237.05	50690.08
237.12	50689.76
237.19	50673.23
237.27	50659.36
237.34	50662.26
237.41	50655.95
237.48	50640.20
237.55	50627.01
237.62	50616.33
237.69	50604.24
237.76	50605.15
237.83	50622.33
237.91	50630.08
237.98	50624.76
238.05	50615.13
238.12	50599.92
238.19	50581.45
238.26	50582.07
238.33	50579.46
238.40	50571.00
238.47	50562.25
238.54	50559.20
238.62	50537.00
238.69	50519.17
238.76	50506.91
238.83	50492.96
238.90	50477.21
238.97	50467.08
239.04	50460.77
239.11	50453.77
239.18	50456.44
239.25	50452.10
239.33	50433.92
239.40	50415.15
239.47	50393.98
239.54	50366.72
239.61	50331.37
239.68	50301.08
239.75	50278.76
239.82	50270.23
239.89	50252.35
239.96	50252.23
240.03	50257.34
240.11	50256.11
240.18	50245.32
240.25	50237.79
240.32	50221.45
240.39	50207.62
240.46	50193.18
240.53	50193.28
240.60	50192.43
240.67	50190.36
240.74	50181.90
240.81	50178.52
240.88	50159.50
240.96	50144.26
241.03	50128.88
241.10	50128.10
241.17	50123.04
241.24	50117.88
241.31	50117.24
241.38	50112.26
241.45	50104.65
241.52	50095.78
241.59	50084.94
241.66	50065.71
241.73	50058.85
241.80	50038.86
241.88	50018.68
241.95	50001.49
242.02	49985.38
242.09	49957.98
242.16	49933.83
242.23	49919.47
242.30	49899.79
242.37	49889.24
242.44	49892.61
242.51	49891.74
242.58	49892.11
242.65	49893.92
242.72	49887.96
242.79	49869.17
242.87	49869.65
242.94	49857.93
243.01	49859.59
243.08	49862.88
243.15	49870.26
243.22	49868.80
243.29	49873.98
243.36	49874.91
243.43	49879.80
243.50	49895.60
243.57	49910.49
243.64	49920.41
243.71	49920.89
243.78	49918.97
243.85	49900.39
243.92	49886.83
243.99	49876.54
244.07	49872.58
244.14	49860.15
244.21	49859.25
244.28	49849.15
244.35	49837.91
244.42	49827.94
244.49	49826.57
244.56	49833.53
244.63	49846.12
244.70	49850.33
244.77	49856.65
244.84	49872.53
244.91	49874.64
244.98	49878.26
245.05	49898.17
245.12	49914.65
245.19	49930.03
245.26	49939.26
245.33	49958.11
245.40	49978.31
245.47	50010.20
245.55	50026.84
245.62	50049.76
245.69	50051.13
245.76	50057.00
245.83	50046.08
245.90	50040.86
245.97	50040.79
246.04	50064.48
246.11	50070.97
246.18	50081.47
246.25	50092.27
246.32	50092.05
246.39	50085.51
246.46	50092.93
246.53	50100.17
246.60	50116.94
246.67	50140.62
246.74	50163.01
246.81	50182.06
246.88	50207.04
246.95	50220.55
247.02	50241.50
247.09	50261.61
247.16	50262.89
247.23	50257.72
247.30	50252.76
247.37	50244.30
247.44	50247.18
247.51	50271.32
247.58	50301.70
247.66	50339.47
247.73	50382.58
247.80	50419.45
247.87	50442.59
247.94	50476.18
248.01	50511.46
248.08	50535.70
248.15	50557.17
248.22	50584.66
248.29	50602.20
248.36	50618.40
248.43	50641.86
248.50	50665.83
248.57	50687.19
248.64	50700.02
248.71	50714.08
248.78	50739.77
248.85	50751.88
248.92	50778.58
248.99	50804.63
249.06	50823.95
249.13	50832.36
249.20	50848.44
249.27	50865.31
249.34	50885.24
249.41	50898.75
249.48	50891.38
249.55	50882.44
249.62	50877.66
249.69	50877.78
249.76	50896.35
249.83	50936.26
249.90	50991.28
249.97	51031.63
250.04	51077.17
250.11	51113.67
250.18	51149.23
250.25	51168.84
250.32	51192.26
250.39	51210.32
250.46	51228.86
250.53	51250.85
250.60	51279.51
250.67	51304.47
250.74	51329.44
250.81	51339.79
250.88	51358.54
250.95	51375.26
251.02	51393.88
251.09	51413.58
251.16	51449.98
251.23	51468.99
251.30	51482.33
251.37	51493.98
251.44	51505.43
251.51	51514.26
251.58	51523.10
251.65	51540.84
251.72	51553.36
251.79	51568.83
251.86	51581.91
251.93	51598.41
252.00	51603.70
252.07	51614.92
252.14	51626.48
252.21	51635.89
252.28	51644.80
252.35	51662.67
252.42	51688.12
252.49	51701.39
252.56	51712.24
252.63	51718.21
252.70	51724.96
252.77	51724.56
252.84	51736.36
252.91	51749.87
252.98	51775.93
253.05	51796.49
253.12	51805.33
253.19	51807.00
253.25	51823.95
253.32	51825.47
253.39	51844.00
253.46	51869.13
253.53	51901.93
253.60	51917.86
253.67	51937.25
253.74	51946.00
253.81	51964.76
253.88	51969.56
253.95	51981.36
254.02	51998.86
254.09	52006.21
254.16	52017.98
254.23	52028.41
254.30	52035.07
254.37	52042.31
254.44	52064.24
254.51	52068.04
254.58	52067.72
254.65	52077.68
254.72	52084.68
254.79	52074.45
254.86	52079.68
254.93	52085.52
255.00	52083.87
255.07	52083.09
255.14	52098.55
255.21	52095.37
255.28	52095.03
255.34	52086.29
255.41	52079.63
255.48	52068.26
255.55	52065.82
255.62	52069.10
255.69	52078.28
255.76	52084.26
255.83	52093.34
255.90	52101.35
255.97	52119.69
256.04	52125.54
256.11	52130.77
256.18	52126.46
256.25	52117.03
256.32	52105.49
256.39	52105.99
256.46	52104.43
256.53	52098.63
256.60	52103.58
256.67	52098.42
256.74	52094.36
256.80	52095.94
256.87	52096.21
256.94	52095.01
257.01	52099.23
257.08	52097.89
257.15	52085.82
257.22	52082.83
257.29	52063.60
257.36	52041.85
257.43	52023.81
257.50	52018.18
257.57	52004.40
257.64	52012.32
257.71	52011.26
257.78	52003.21
257.85	51984.78
257.92	51970.87
257.98	51948.66
258.05	51929.16
258.12	51906.73
258.19	51885.60
258.26	51868.55
258.33	51841.81
258.40	51831.14
258.47	51832.53
258.54	51838.20
258.61	51841.31
258.68	51842.21
258.75	51833.30
258.82	51815.05
258.89	51782.55
258.95	51757.74
259.02	51749.66
259.09	51729.13
259.16	51713.69
259.23	51693.93
259.30	51662.78
259.37	51634.14
259.44	51614.85
259.51	51595.34
259.58	51588.77
259.65	51578.23
259.72	51555.27
259.79	51525.36
259.85	51495.05
259.92	51462.29
259.99	51435.50
260.06	51413.71
260.13	51384.95
260.20	51353.01
260.27	51322.11
260.34	51287.01
260.41	51257.98
260.48	51237.67
260.55	51217.23
260.62	51205.71
260.68	51188.46
260.75	51159.19
260.82	51138.74
260.89	51121.92
260.96	51094.58
261.03	51071.26
261.10	51044.52
261.17	51011.96
261.24	50978.32
261.31	50944.79
261.38	50915.51
261.44	50884.49
261.51	50846.28
261.58	50810.61
261.65	50776.00
261.72	50739.83
261.79	50698.18
261.86	50667.38
261.93	50637.46
262.00	50609.85
262.07	50576.41
262.13	50548.98
262.20	50519.61
262.27	50469.84
262.34	50430.27
262.41	50390.82
262.48	50360.37
262.55	50325.97
262.62	50305.55
262.69	50265.77
262.76	50236.57
262.82	50203.83
262.89	50178.64
262.96	50147.97
263.03	50123.52
263.10	50088.10
263.17	50054.33
263.24	50009.11
263.31	49971.22
263.38	49928.55
263.44	49896.98
263.51	49841.65
263.58	49795.46
263.65	49757.55
263.72	49716.64
263.79	49670.61
263.86	49641.33
263.93	49611.28
264.00	49562.48
264.06	49526.23
264.13	49487.07
264.20	49446.65
264.27	49402.57
264.34	49364.29
264.41	49318.18
264.48	49276.89
264.55	49234.23
264.61	49188.15
264.68	49148.34
264.75	49114.77
264.82	49059.64
264.89	49019.15
264.96	48978.40
265.03	48930.12
265.10	48882.23
265.16	48850.52
265.23	48810.74
265.30	48781.99
265.37	48755.88
265.44	48718.12
265.51	48677.49
265.58	48627.17
265.65	48570.46
265.71	48512.44
265.78	48471.60
265.85	48429.54
265.92	48394.11
265.99	48359.74
266.06	48330.10
266.13	48282.09
266.20	48244.23
266.26	48202.82
266.33	48156.16
266.40	48104.53
266.47	48051.52
266.54	47983.41
266.61	47923.36
266.68	47859.63
266.74	47799.86
266.81	47753.40
266.88	47709.52
266.95	47657.30
267.02	47617.46
267.09	47575.93
267.16	47531.62
267.22	47491.93
267.29	47459.26
267.36	47415.68
267.43	47371.63
267.50	47326.96
267.57	47293.05
267.64	47254.49
267.70	47220.24
267.77	47186.46
267.84	47151.50
267.91	47096.30
267.98	47042.05
268.05	46993.86
268.11	46948.38
268.18	46897.79
268.25	46854.57
268.32	46816.92
268.39	46778.03
268.46	46733.38
268.53	46695.00
268.59	46657.46
268.66	46618.30
268.73	46574.61
268.80	46532.09
268.87	46484.12
268.94	46439.91
269.00	46396.34
269.07	46357.78
269.14	46328.44
269.21	46299.43
269.28	46261.12
269.35	46216.41
269.41	46179.34
269.48	46128.23
269.55	46072.88
269.62	46025.64
269.69	45987.43
269.76	45933.78
269.82	45892.10
269.89	45867.33
269.96	45845.35
270.03	45810.32
270.10	45779.20
270.17	45738.16
270.23	45693.68
270.30	45646.64
270.37	45616.17
270.44	45591.03
270.51	45559.04
270.58	45519.93
270.64	45494.53
270.71	45453.94
270.78	45415.50
270.85	45383.90
270.92	45352.30
270.99	45305.77
271.05	45271.67
271.12	45232.78
271.19	45195.59
271.26	45149.93
271.33	45117.10
271.39	45080.21
271.46	45036.48
271.53	45000.55
271.60	44978.16
271.67	44944.43
271.74	44910.23
271.80	44881.58
271.87	44857.86
271.94	44825.64
272.01	44791.66
272.08	44763.49
272.14	44727.31
272.21	44694.39
272.28	44672.73
272.35	44660.50
272.42	44630.27
272.48	44619.28
272.55	44593.94
272.62	44563.22
272.69	44532.92
272.76	44525.12
272.83	44493.88
272.89	44462.97
272.96	44434.52
273.03	44400.82
273.10	44358.72
273.17	44327.98
273.23	44295.17
273.30	44275.08
273.37	44258.08
273.44	44233.84
273.51	44215.34
273.57	44203.38
273.64	44176.20
273.71	44152.16
273.78	44132.12
273.85	44110.91
273.91	44086.49
273.98	44069.39
274.05	44048.61
274.12	44031.78
274.19	44011.15
274.25	43989.68
274.32	43961.26
274.39	43925.66
274.46	43880.74
274.53	43827.66
274.59	43780.27
274.66	43749.63
274.73	43724.78
274.80	43703.21
274.86	43682.68
274.93	43658.94
275.00	43617.62
275.07	43570.98
275.14	43542.16
275.20	43513.61
275.27	43493.31
275.34	43474.72
275.41	43468.46
275.48	43446.88
275.54	43428.18
275.61	43403.20
275.68	43380.14
275.75	43350.15
275.81	43319.20
275.88	43293.55
275.95	43275.11
276.02	43252.35
276.09	43227.40
276.15	43199.29
276.22	43175.15
276.29	43150.36
276.36	43120.85
276.42	43090.43
276.49	43069.38
276.56	43044.69
276.63	43012.33
276.70	42989.80
276.76	42976.00
276.83	42963.89
276.90	42946.81
276.97	42930.38
277.03	42914.84
277.10	42892.79
277.17	42868.33
277.24	42855.72
277.30	42840.41
277.37	42817.92
277.44	42798.72
277.51	42771.50
277.58	42735.19
277.64	42707.28
277.71	42692.88
277.78	42672.85
277.85	42652.19
277.91	42627.23
277.98	42605.62
278.05	42569.71
278.12	42550.76
278.18	42533.55
278.25	42516.48
278.32	42488.15
278.39	42476.08
278.45	42452.83
278.52	42434.20
278.59	42422.74
278.66	42408.73
278.72	42397.64
278.79	42381.48
278.86	42357.28
278.93	42339.40
278.99	42318.93
279.06	42289.39
279.13	42259.65
279.20	42243.91
279.26	42218.63
279.33	42203.45
279.40	42186.38
279.47	42166.30
279.53	42129.14
279.60	42098.39
279.67	42072.58
279.74	42037.44
279.80	42015.13
279.87	42007.87
279.94	41999.51
280.01	41983.50
280.07	41966.96
280.14	41948.48
280.21	41922.69
280.28	41894.86
280.34	41868.55
280.41	41849.52
280.48	41823.87
280.55	41797.84
280.61	41772.03
280.68	41747.81
280.75	41713.14
280.82	41671.83
280.88	41636.21
280.95	41588.39
281.02	41526.32
281.08	41460.41
281.15	41397.93
281.22	41334.40
281.29	41273.82
281.35	41218.31
281.42	41185.13
281.49	41152.82
281.56	41120.53
281.62	41094.79
281.69	41066.49
281.76	41032.01
281.82	40997.92
281.89	40960.22
281.96	40930.56
282.03	40904.57
282.09	40880.26
282.16	40866.70
282.23	40845.36
282.30	40812.67
282.36	40790.10
282.43	40769.08
282.50	40749.16
282.56	40728.08
282.63	40711.88
282.70	40692.53
282.77	40676.72
282.83	40646.74
282.90	40629.92
282.97	40608.81
283.03	40577.52
283.10	40537.71
283.17	40515.26
283.24	40491.25
283.30	40465.91
283.37	40445.04
283.44	40422.92
283.50	40389.72
283.57	40362.25
283.64	40332.12
283.71	40298.13
283.77	40259.26
283.84	40226.70
283.91	40188.57
283.97	40168.42
284.04	40177.35
284.11	40193.72
284.18	40207.80
284.24	40225.56
284.31	40227.62
284.38	40211.77
284.44	40191.61
284.51	40170.44
284.58	40147.81
284.64	40133.71
284.71	40124.65
284.78	40117.81
284.85	40109.64
284.91	40094.79
284.98	40082.23
285.05	40049.32
285.11	40027.50
285.18	40007.26
285.25	39992.57
285.31	39979.18
285.38	39982.47
285.45	39982.13
285.52	39980.18
285.58	39974.71
285.65	39965.64
285.72	39942.87
285.78	39921.59
285.85	39904.70
285.92	39884.07
285.98	39865.99
286.05	39860.56
286.12	39852.79
286.18	39837.24
286.25	39834.81
286.32	39833.01
286.39	39830.83
286.45	39826.95
286.52	39825.27
286.59	39813.13
286.65	39799.94
286.72	39793.51
286.79	39780.28
286.85	39763.22
286.92	39752.37
286.99	39742.56
287.05	39717.23
287.12	39707.48
287.19	39701.04
287.25	39696.40
287.32	39690.28
287.39	39699.07
287.45	39698.35
287.52	39703.46
287.59	39700.49
287.65	39699.88
287.72	39687.99
287.79	39674.92
287.86	39659.75
287.92	39651.98
287.99	39638.38
288.06	39641.04
288.12	39632.98
288.19	39629.27
288.26	39613.71
288.32	39602.78
288.39	39589.18
288.46	39584.59
288.52	39577.35
288.59	39584.08
288.66	39596.00
288.72	39601.51
288.79	39608.13
288.86	39613.03
288.92	39612.83
288.99	39595.96
289.06	39586.29
289.12	39585.16
289.19	39585.19
289.26	39587.34
289.32	39604.13
289.39	39607.99
289.45	39617.54
289.52	39614.00
289.59	39615.03
289.65	39615.58
289.72	39613.48
289.79	39610.82
289.85	39618.50
289.92	39623.54
289.99	39626.06
290.05	39625.95
290.12	39620.21
290.19	39621.80
290.25	39623.22
290.32	39626.49
290.39	39641.15
290.45	39645.96
290.52	39648.41
290.59	39652.84
290.65	39645.07
290.72	39642.96
290.79	39647.64
290.85	39653.40
290.92	39663.42
290.98	39675.86
291.05	39681.92
291.12	39689.34
291.18	39692.55
291.25	39690.43
291.32	39694.93
291.38	39696.18
291.45	39694.48
291.52	39690.47
291.58	39690.82
291.65	39693.83
291.72	39709.67
291.78	39731.56
291.85	39753.26
291.91	39769.03
291.98	39798.29
292.05	39800.85
292.11	39806.68
292.18	39816.93
292.25	39821.48
292.31	39810.98
292.38	39819.74
292.45	39821.38
292.51	39828.57
292.58	39841.33
292.64	39850.73
292.71	39856.08
292.78	39863.84
292.84	39862.83
292.91	39865.95
292.98	39875.13
293.04	39885.87
293.11	39893.40
293.17	39904.46
293.24	39914.92
293.31	39925.78
293.37	39936.85
293.44	39948.05
293.51	39969.13
293.57	39978.34
293.64	39986.90
293.70	40001.32
293.77	40016.99
293.84	40023.89
293.90	40030.75
293.97	40038.62
294.04	40048.80
294.10	40060.97
294.17	40068.56
294.23	40092.10
294.30	40103.65
294.37	40113.77
294.43	40123.88
294.50	40126.60
294.56	40128.08
294.63	40139.07
294.70	40149.06
294.76	40161.22
294.83	40184.31
294.90	40199.34
294.96	40217.44
295.03	40233.44
295.09	40252.35
295.16	40266.59
295.23	40273.30
295.29	40286.05
295.36	40294.85
295.42	40294.38
295.49	40305.17
295.56	40329.92
295.62	40348.05
295.69	40356.95
295.75	40377.56
295.82	40389.97
295.89	40394.15
295.95	40397.82
296.02	40416.98
296.08	40421.47
296.15	40425.95
296.22	40438.39
296.28	40457.32
296.35	40475.78
296.41	40494.53
296.48	40518.66
296.55	40540.27
296.61	40552.56
296.68	40567.26
296.74	40590.90
296.81	40616.68
296.88	40634.32
296.94	40657.59
297.01	40675.99
297.07	40688.37
297.14	40694.56
297.20	40710.88
297.27	40726.90
297.34	40746.58
297.40	40765.78
297.47	40785.00
297.53	40799.71
297.60	40821.14
297.67	40833.04
297.73	40846.91
297.80	40856.39
297.86	40866.94
297.93	40868.26
298.00	40880.60
298.06	40889.54
298.13	40911.98
298.19	40930.70
298.26	40949.26
298.32	40961.42
298.39	40978.85
298.46	40986.47
298.52	40996.22
298.59	41008.38
298.65	41026.14
298.72	41046.23
298.78	41061.70
298.85	41078.18
298.92	41097.58
298.98	41111.53
299.05	41125.39
299.11	41140.63
299.18	41159.28
299.24	41167.01
299.31	41172.26
299.38	41175.68
299.44	41178.86
299.51	41184.96
299.57	41193.10
299.64	41207.24
299.70	41220.72
299.77	41234.99
299.84	41243.27
299.90	41246.48
299.97	41248.89
300.03	41255.04
300.10	41267.54
300.16	41277.78
300.23	41294.07
300.30	41310.06
300.36	41314.70
300.43	41328.19
300.49	41342.97
300.56	41358.81
300.62	41375.01
300.69	41400.43
300.75	41403.42
300.82	41413.78
300.89	41432.37
300.95	41443.11
301.02	41441.20
301.08	41453.41
301.15	41451.25
301.21	41443.70
301.28	41438.52
301.34	41446.88
301.41	41444.77
301.48	41447.40
301.54	41442.26
301.61	41439.44
301.67	41436.78
301.74	41439.72
301.80	41446.00
301.87	41446.23
301.93	41445.65
302.00	41440.42
302.06	41427.48
302.13	41407.13
302.20	41403.81
302.26	41402.18
302.33	41392.54
302.39	41391.85
302.46	41398.07
302.52	41386.48
302.59	41376.13
302.65	41374.50
302.72	41368.66
302.78	41363.45
302.85	41365.01
302.91	41363.34
302.98	41357.53
303.05	41344.74
303.11	41335.16
303.18	41322.48
303.24	41315.46
303.31	41298.03
303.37	41288.60
303.44	41277.53
303.50	41263.94
303.57	41240.68
303.63	41227.61
303.70	41216.66
303.76	41196.32
303.83	41188.65
303.89	41181.31
303.96	41170.05
304.03	41155.23
304.09	41142.53
304.16	41111.37
304.22	41082.00
304.29	41062.82
304.35	41036.56
304.42	41012.13
304.48	40997.54
304.55	40982.47
304.61	40964.43
304.68	40950.55
304.74	40935.57
304.81	40919.20
304.87	40889.51
304.94	40860.24
305.00	40832.37
305.07	40804.96
305.13	40769.36
305.20	40743.45
305.26	40718.59
305.33	40695.99
305.39	40666.66
305.46	40637.47
305.52	40617.50
305.59	40588.80
305.66	40557.80
305.72	40529.70
305.79	40500.90
305.85	40460.44
305.92	40410.59
305.98	40298.53
306.05	40083.41
306.11	39792.94
306.18	39513.17
306.24	39325.90
306.31	39292.67
306.37	39407.12
306.44	39630.97
306.50	39855.17
306.57	39998.73
306.63	40042.71
306.70	40038.54
306.76	40007.10
306.83	39960.68
306.89	39906.95
306.96	39863.58
307.02	39819.72
307.09	39782.18
307.15	39744.63
307.22	39711.78
307.28	39673.08
307.35	39631.43
307.41	39578.80
307.48	39536.46
307.54	39486.55
307.61	39438.22
307.67	39382.16
307.74	39338.30
307.80	39285.46
307.87	39242.88
307.93	39201.69
308.00	39167.39
308.06	39123.13
308.13	39075.14
308.19	39023.78
308.26	38969.21
308.32	38926.10
308.38	38889.29
308.45	38852.87
308.51	38816.15
308.58	38764.22
308.64	38699.59
308.71	38639.39
308.77	38586.70
308.84	38535.94
308.90	38504.62
308.97	38480.46
309.03	38450.13
309.10	38406.26
309.16	38353.79
309.23	38292.98
309.29	38230.47
309.36	38154.05
309.42	38084.33
309.49	38019.94
309.55	37954.99
309.62	37884.52
309.68	37830.53
309.75	37777.04
309.81	37715.87
309.88	37665.92
309.94	37612.01
310.00	37553.26
310.07	37492.44
310.13	37445.49
310.20	37382.26
310.26	37332.88
310.33	37276.67
310.39	37231.71
310.46	37179.90
310.52	37132.88
310.59	37082.50
310.65	37037.84
310.72	36977.25
310.78	36912.51
310.85	36845.49
310.91	36787.39
310.97	36730.71
311.04	36679.85
311.10	36623.25
311.17	36577.07
311.23	36523.07
311.30	36461.41
311.36	36410.89
311.43	36369.57
311.49	36314.48
311.56	36255.58
311.62	36201.01
311.69	36138.08
311.75	36077.68
311.81	36014.79
311.88	35948.20
311.94	35893.20
312.01	35844.56
312.07	35791.26
312.14	35745.69
312.20	35705.24
312.27	35652.65
312.33	35583.36
312.40	35513.04
312.46	35443.62
312.52	35378.13
312.59	35313.61
312.65	35254.05
312.72	35192.98
312.78	35128.86
312.85	35058.79
312.91	34980.01
312.98	34912.63
313.04	34851.69
313.10	34793.13
313.17	34733.68
313.23	34692.31
313.30	34635.35
313.36	34569.41
313.43	34502.36
313.49	34436.00
313.56	34358.79
313.62	34287.07
313.68	34224.79
313.75	34168.33
313.81	34116.25
313.88	34057.54
313.94	34004.32
314.01	33947.85
314.07	33889.52
314.13	33826.82
314.20	33768.71
314.26	33703.15
314.33	33635.83
314.39	33563.81
314.46	33478.70
314.52	33409.64
314.58	33339.85
314.65	33273.35
314.71	33209.48
314.78	33155.55
314.84	33092.81
314.91	33028.82
314.97	32967.10
315.03	32903.44
315.10	32844.59
315.16	32773.45
315.23	32712.45
315.29	32645.44
315.36	32579.18
315.42	32512.77
315.48	32449.34
315.55	32387.74
315.61	32314.18
315.68	32250.10
315.74	32191.68
315.81	32123.29
315.87	32048.61
315.93	31995.58
316.00	31955.78
316.06	31911.76
316.13	31886.68
316.19	31837.31
316.25	31741.78
316.32	31568.89
316.38	31348.59
316.45	31071.90
316.51	30757.35
316.58	30419.30
316.64	30064.72
316.70	29701.41
316.77	29309.74
316.83	28908.36
316.90	28486.74
316.96	28057.98
317.02	27603.93
317.09	27149.67
317.15	26675.10
317.22	26185.54
317.28	25678.98
317.34	25160.13
317.41	24628.40
317.47	24093.40
317.54	23545.17
317.60	22994.36
317.66	22433.04
317.73	21862.66
317.79	21288.43
317.86	20721.18
317.92	20141.44
317.98	19551.34
318.05	18955.78
318.11	18357.33
318.18	17764.14
318.24	17172.37
318.30	16586.56
318.37	16003.27
318.43	15415.18
318.50	14820.46
318.56	14233.63
318.62	13667.62
318.69	13103.05
318.75	12553.44
318.82	12012.56
318.88	11489.40
318.94	10962.35
319.01	10456.29
319.07	9962.84
319.13	9479.20
319.20	9003.64
319.26	8542.08
319.33	8095.39
319.39	7657.64
319.45	7248.83
319.52	6854.97
319.58	6474.79
319.65	6108.98
319.71	5763.40
319.77	5423.70
319.84	5106.41
319.90	4807.43
319.96	4517.91
320.03	4244.90
320.09	3993.65
320.16	3745.49
320.22	3519.99
320.28	3310.20
320.35	3114.52
320.41	2930.79
320.47	2767.00
320.54	2605.98
320.60	2464.64
320.67	2335.18
320.73	2213.46
320.79	2099.81
320.86	2002.10
320.92	1908.34
320.98	1824.42
321.05	1747.62
321.11	1673.37
321.18	1606.20
321.24	1546.19
321.30	1485.16
321.37	1433.87
321.43	1395.16
321.49	1353.72
321.56	1315.94
321.62	1286.38
321.68	1252.05
321.75	1219.18
321.81	1191.04
321.88	1163.37
321.94	1138.91
322.00	1118.02
322.07	1089.97
322.13	1062.86
322.19	1034.80
322.26	1000.43
322.32	969.95
322.38	945.13
322.45	923.67
322.51	896.89
322.58	878.32
322.64	850.11
322.70	825.01
322.77	792.82
322.83	772.49
322.89	741.58
322.96	714.76
323.02	687.33
323.08	660.73
323.15	631.02
323.21	606.13
323.27	582.31
323.34	557.11
323.40	532.55
323.46	508.00
323.53	477.18
323.59	403.32
323.65	303.17
323.72	190.28
323.78	80.63
323.85	-18.35
323.91	-67.55
323.97	-86.36
324.04	-85.95
