180.21	3412.23
180.28	-123.82
180.36	627.70
180.44	-51.44
180.51	-22.60
180.59	-0.92
180.66	24.33
180.74	23.29
180.81	23.03
180.89	25.00
180.97	26.06
181.04	24.22
181.12	23.43
181.19	24.69
181.27	25.80
181.34	41.06
181.42	47.67
181.50	54.32
181.57	64.29
181.65	69.03
181.72	63.61
181.80	59.56
181.87	60.59
181.95	62.04
182.03	64.19
182.10	70.24
182.18	76.29
182.25	86.70
182.33	94.29
182.40	108.26
182.48	112.34
182.55	131.73
182.63	144.95
182.71	157.32
182.78	170.94
182.86	186.56
182.93	183.27
183.01	176.39
183.08	164.41
183.16	156.49
183.23	145.40
183.31	156.66
183.39	171.14
183.46	201.07
183.54	222.83
183.61	262.26
183.69	295.00
183.76	341.65
183.84	379.88
183.91	421.78
183.99	471.70
184.06	511.05
184.14	554.54
184.22	605.78
184.29	636.99
184.37	648.57
184.44	657.62
184.52	617.01
184.59	533.12
184.67	460.77
184.74	393.92
184.82	354.12
184.89	363.91
184.97	428.09
185.04	513.53
185.12	601.28
185.20	694.69
185.27	784.90
185.35	880.64
185.42	944.74
185.50	1013.69
185.57	1071.07
185.65	1118.39
185.72	1169.30
185.80	1251.48
185.87	1317.23
185.95	1403.87
186.02	1512.83
186.10	1564.15
186.17	1567.47
186.25	1501.78
186.33	1314.12
186.40	1100.31
186.48	952.35
186.55	874.17
186.63	898.31
186.70	1049.49
186.78	1219.72
186.85	1368.05
186.93	1494.87
187.00	1612.46
187.08	1728.91
187.15	1845.04
187.23	1980.51
187.30	2110.26
187.38	2225.47
187.45	2354.15
187.53	2481.28
187.60	2562.59
187.68	2676.57
187.75	2802.69
187.83	2867.91
187.90	2936.74
187.98	3019.99
188.05	2987.99
188.13	2794.75
188.21	2509.78
188.28	2225.62
188.36	1969.99
188.43	1827.11
188.51	1886.40
188.58	2099.22
188.66	2312.79
188.73	2523.98
188.81	2733.58
188.88	2901.03
188.96	3055.76
189.03	3199.16
189.11	3351.40
189.18	3480.41
189.26	3594.44
189.33	3718.44
189.41	3839.48
189.48	3920.75
189.56	4026.57
189.63	4137.97
189.71	4190.45
189.78	4257.68
189.86	4340.14
189.93	4365.85
190.01	4346.43
190.08	4265.83
190.16	4012.62
190.23	3633.52
190.31	3309.86
190.38	3090.98
190.46	3003.25
190.53	3111.55
190.61	3371.10
190.68	3618.76
190.76	3842.23
190.83	4028.55
190.91	4193.31
190.98	4354.29
191.06	4502.12
191.13	4644.60
191.21	4775.10
191.28	4890.94
191.35	5007.70
191.43	5112.49
191.50	5188.03
191.58	5280.64
191.65	5366.83
191.73	5408.23
191.80	5460.45
191.88	5492.16
191.95	5489.92
192.03	5494.99
192.10	5515.24
192.18	5513.99
192.25	5474.45
192.33	5329.71
192.40	5079.38
192.48	4830.89
192.55	4642.15
192.63	4548.38
192.70	4615.56
192.78	4815.61
192.85	5042.51
192.93	5247.52
193.00	5426.01
193.08	5579.09
193.15	5723.09
193.22	5832.77
193.30	5935.09
193.37	6038.85
193.45	6110.12
193.52	6179.56
193.60	6252.77
193.67	6306.17
193.75	6349.40
193.82	6399.25
193.90	6416.26
193.97	6437.57
194.05	6464.45
194.12	6486.48
194.20	6521.11
194.27	6570.62
194.34	6612.04
194.42	6642.83
194.49	6671.47
194.57	6676.41
194.64	6621.83
194.72	6521.09
194.79	6426.14
194.87	6350.05
194.94	6310.66
195.02	6340.32
195.09	6432.41
195.17	6542.51
195.24	6643.20
195.31	6738.33
195.39	6821.95
195.46	6899.09
195.54	6967.15
195.61	7030.06
195.69	7079.52
195.76	7124.48
195.84	7166.67
195.91	7192.77
195.99	7208.30
196.06	7223.26
196.13	7240.69
196.21	7250.76
196.28	7270.87
196.36	7300.36
196.43	7323.30
196.51	7349.98
196.58	7378.86
196.66	7400.33
196.73	7421.92
196.80	7450.50
196.88	7475.67
196.95	7503.78
197.03	7533.34
197.10	7542.31
197.18	7535.08
197.25	7527.26
197.33	7524.97
197.40	7531.39
197.47	7547.62
197.55	7586.84
197.62	7629.52
197.70	7662.19
197.77	7696.67
197.85	7734.77
197.92	7762.92
197.99	7787.92
198.07	7810.45
198.14	7823.16
198.22	7843.99
198.29	7866.69
198.37	7888.54
198.44	7922.09
198.51	7959.95
198.59	7990.78
198.66	8031.11
198.74	8070.86
198.81	8101.49
198.89	8122.27
198.96	8146.86
199.03	8167.01
199.11	8191.88
199.18	8214.42
199.26	8240.63
199.33	8270.78
199.41	8297.13
199.48	8308.33
199.55	8323.40
199.63	8329.02
199.70	8341.06
199.78	8348.84
199.85	8369.33
199.93	8396.07
200.00	8442.45
200.07	8479.21
200.15	8524.09
200.22	8568.54
200.30	8605.99
200.37	8644.46
200.44	8677.57
200.52	8706.29
200.59	8739.17
200.67	8766.60
200.74	8784.68
200.81	8803.32
200.89	8822.87
200.96	8845.61
201.04	8865.29
201.11	8889.60
201.19	8913.96
201.26	8936.60
201.33	8954.18
201.41	8983.49
201.48	9016.34
201.56	9058.00
201.63	9113.74
201.70	9164.14
201.78	9213.87
201.85	9265.28
201.93	9311.39
202.00	9345.32
202.07	9384.05
202.15	9419.87
202.22	9449.37
202.30	9479.22
202.37	9512.84
202.44	9547.63
202.52	9586.69
202.59	9625.65
202.67	9661.84
202.74	9700.69
202.81	9731.45
202.89	9753.25
202.96	9786.54
203.04	9830.72
203.11	9873.04
203.18	9930.66
203.26	9997.58
203.33	10051.40
203.41	10098.86
203.48	10146.21
203.55	10180.93
203.63	10216.84
203.70	10261.14
203.77	10305.94
203.85	10351.66
203.92	10403.37
204.00	10461.09
204.07	10515.02
204.14	10568.04
204.22	10615.84
204.29	10667.09
204.37	10709.24
204.44	10753.98
204.51	10801.79
204.59	10851.59
204.66	10896.79
204.73	10950.14
204.81	11005.58
204.88	11067.94
204.96	11133.26
205.03	11198.59
205.10	11259.75
205.18	11318.05
205.25	11370.95
205.32	11424.07
205.40	11480.56
205.47	11538.70
205.55	11599.68
205.62	11661.82
205.69	11729.73
205.77	11794.23
205.84	11866.67
205.91	11936.78
205.99	12006.45
206.06	12072.80
206.14	12138.14
206.21	12207.16
206.28	12270.50
206.36	12341.01
206.43	12402.01
206.50	12477.14
206.58	12542.10
206.65	12613.45
206.72	12679.71
206.80	12753.15
206.87	12823.51
206.95	12899.16
207.02	12978.03
207.09	13060.04
207.17	13146.48
207.24	13229.84
207.31	13308.93
207.39	13391.44
207.46	13475.32
207.53	13555.93
207.61	13637.04
207.68	13718.39
207.75	13800.92
207.83	13882.73
207.90	13964.69
207.98	14040.86
208.05	14128.96
208.12	14209.18
208.20	14291.31
208.27	14380.18
208.34	14470.74
208.42	14549.34
208.49	14638.41
208.56	14720.64
208.64	14804.99
208.71	14893.73
208.78	14982.57
208.86	15079.07
208.93	15179.65
209.00	15279.88
209.08	15383.84
209.15	15491.50
209.22	15591.12
209.30	15693.74
209.37	15790.46
209.44	15888.47
209.52	15987.58
209.59	16082.27
209.67	16180.38
209.74	16276.77
209.81	16375.91
209.89	16474.85
209.96	16583.59
210.03	16687.14
210.11	16793.43
210.18	16890.14
210.25	16991.12
210.33	17089.36
210.40	17188.60
210.47	17297.69
210.55	17416.54
210.62	17530.18
210.69	17635.65
210.77	17757.15
210.84	17872.39
210.91	17996.46
210.99	18113.68
211.06	18238.57
211.13	18348.98
211.21	18468.24
211.28	18574.39
211.35	18692.38
211.42	18820.30
211.50	18943.03
211.57	19062.27
211.64	19184.54
211.72	19296.03
211.79	19397.91
211.86	19508.20
211.94	19628.43
212.01	19743.13
212.08	19866.49
212.16	19989.41
212.23	20117.55
212.30	20238.28
212.38	20359.42
212.45	20497.02
212.52	20632.56
212.60	20759.17
212.67	20888.97
212.74	21023.86
212.82	21145.68
212.89	21273.23
212.96	21402.86
213.03	21527.84
213.11	21661.58
213.18	21792.20
213.25	21920.89
213.33	22053.93
213.40	22180.74
213.47	22308.16
213.55	22436.67
213.62	22562.32
213.69	22692.22
213.77	22823.85
213.84	22959.27
213.91	23101.39
213.98	23249.49
214.06	23392.02
214.13	23545.09
214.20	23686.14
214.28	23835.26
214.35	23975.27
214.42	24111.77
214.50	24244.37
214.57	24379.26
214.64	24505.28
214.72	24639.98
214.79	24777.71
214.86	24918.64
214.93	25060.05
215.01	25199.82
215.08	25337.37
215.15	25479.59
215.23	25609.04
215.30	25746.38
215.37	25881.64
215.44	26024.03
215.52	26169.64
215.59	26322.37
215.66	26461.90
215.74	26605.78
215.81	26739.36
215.88	26875.71
215.95	27007.53
216.03	27149.64
216.10	27293.45
216.17	27440.91
216.25	27585.04
216.32	27737.94
216.39	27885.91
216.46	28037.53
216.54	28187.29
216.61	28340.25
216.68	28481.34
216.76	28623.29
216.83	28753.14
216.90	28891.79
216.97	29026.79
217.05	29174.67
217.12	29320.79
217.19	29467.12
217.27	29604.59
217.34	29741.54
217.41	29868.12
217.48	29989.64
217.56	30123.51
217.63	30266.97
217.70	30404.71
217.78	30549.05
217.85	30706.33
217.92	30854.90
217.99	30998.27
218.07	31142.32
218.14	31283.37
218.21	31426.98
218.28	31569.36
218.36	31710.09
218.43	31852.26
218.50	32003.30
218.57	32144.47
218.65	32285.11
218.72	32423.90
218.79	32558.24
218.87	32683.25
218.94	32811.23
219.01	32947.42
219.08	33077.07
219.16	33215.45
219.23	33357.02
219.30	33500.03
219.37	33637.32
219.45	33778.39
219.52	33921.09
219.59	34049.12
219.66	34173.75
219.74	34307.98
219.81	34454.58
219.88	34587.93
219.95	34732.74
220.03	34875.36
220.10	35005.47
220.17	35122.37
220.24	35249.12
220.32	35375.61
220.39	35498.55
220.46	35621.93
220.53	35760.35
220.61	35888.94
220.68	36012.12
220.75	36137.80
220.82	36271.17
220.90	36390.98
220.97	36511.50
221.04	36631.39
221.11	36744.80
221.19	36851.71
221.26	36969.68
221.33	37090.23
221.40	37219.25
221.48	37355.62
221.55	37488.25
221.62	37600.00
221.69	37711.13
221.77	37826.81
221.84	37943.07
221.91	38053.79
221.98	38177.09
222.06	38302.91
222.13	38425.01
222.20	38534.89
222.27	38652.62
222.35	38764.53
222.42	38873.88
222.49	38978.43
222.56	39086.47
222.63	39195.53
222.71	39301.49
222.78	39407.65
222.85	39508.51
222.92	39620.57
223.00	39722.86
223.07	39832.49
223.14	39936.63
223.21	40046.26
223.29	40150.44
223.36	40256.58
223.43	40364.88
223.50	40476.21
223.57	40592.77
223.65	40709.49
223.72	40822.69
223.79	40929.15
223.86	41025.87
223.94	41116.18
224.01	41193.29
224.08	41278.87
224.15	41358.04
224.22	41452.20
224.30	41540.31
224.37	41642.74
224.44	41739.69
224.51	41839.92
224.59	41919.12
224.66	42005.27
224.73	42091.27
224.80	42179.13
224.87	42269.36
224.95	42375.05
225.02	42481.48
225.09	42577.79
225.16	42680.84
225.23	42777.74
225.31	42870.54
225.38	42952.27
225.45	43038.73
225.52	43117.95
225.60	43196.53
225.67	43268.70
225.74	43339.92
225.81	43416.42
225.88	43488.59
225.96	43567.29
226.03	43642.67
226.10	43726.98
226.17	43808.60
226.24	43886.23
226.32	43966.45
226.39	44053.92
226.46	44123.61
226.53	44192.62
226.60	44281.98
226.68	44365.64
226.75	44451.82
226.82	44550.71
226.89	44638.30
226.96	44708.42
227.04	44762.10
227.11	44811.60
227.18	44862.51
227.25	44914.47
227.32	44967.69
227.40	45035.84
227.47	45109.77
227.54	45188.45
227.61	45266.58
227.68	45349.71
227.76	45429.29
227.83	45502.92
227.90	45567.30
227.97	45630.93
228.04	45691.73
228.11	45745.34
228.19	45795.25
228.26	45847.03
228.33	45897.31
228.40	45944.40
228.47	45997.44
228.55	46054.86
228.62	46117.25
228.69	46182.49
228.76	46246.73
228.83	46313.90
228.90	46371.92
228.98	46428.69
229.05	46490.93
229.12	46566.91
229.19	46632.97
229.26	46699.97
229.34	46752.95
229.41	46803.87
229.48	46839.87
229.55	46879.44
229.62	46933.42
229.69	46995.27
229.77	47052.77
229.84	47108.37
229.91	47167.62
229.98	47217.48
230.05	47257.41
230.12	47297.06
230.20	47342.76
230.27	47386.70
230.34	47433.25
230.41	47493.54
230.48	47556.93
230.55	47618.14
230.63	47679.75
230.70	47744.13
230.77	47794.21
230.84	47834.13
230.91	47866.81
230.98	47908.01
231.06	47939.32
231.13	47984.74
231.20	48046.82
231.27	48109.83
231.34	48172.91
231.41	48237.58
231.49	48290.42
231.56	48331.66
231.63	48376.03
231.70	48414.42
231.77	48453.43
231.84	48490.05
231.92	48519.24
231.99	48549.36
232.06	48572.05
232.13	48599.05
232.20	48635.43
232.27	48686.82
232.34	48729.06
232.42	48768.93
232.49	48801.19
232.56	48835.46
232.63	48869.33
232.70	48902.99
232.77	48946.21
232.85	48997.64
232.92	49043.69
232.99	49072.25
233.06	49106.45
233.13	49132.59
233.20	49149.35
233.27	49155.44
233.35	49170.55
233.42	49179.14
233.49	49201.11
233.56	49220.34
233.63	49249.18
233.70	49279.46
233.77	49321.20
233.85	49349.76
233.92	49393.78
233.99	49431.66
234.06	49468.77
234.13	49497.29
234.20	49531.15
234.27	49544.24
234.35	49557.48
234.42	49570.41
234.49	49587.40
234.56	49599.32
234.63	49619.50
234.70	49641.63
234.77	49660.72
234.84	49674.34
234.92	49677.68
234.99	49684.54
235.06	49687.01
235.13	49683.06
235.20	49690.72
235.27	49712.08
235.34	49727.55
235.41	49750.05
235.49	49772.11
235.56	49788.78
235.63	49803.16
235.70	49814.04
235.77	49819.61
235.84	49827.52
235.91	49824.35
235.98	49815.32
236.06	49804.50
236.13	49795.54
236.20	49776.73
236.27	49750.90
236.34	49731.37
236.41	49716.64
236.48	49706.19
236.55	49706.24
236.63	49709.23
236.70	49697.93
236.77	49702.68
236.84	49714.54
236.91	49720.96
236.98	49723.90
237.05	49750.26
237.12	49749.50
237.19	49738.81
237.27	49736.85
237.34	49743.09
237.41	49733.49
237.48	49724.98
237.55	49710.72
237.62	49699.74
237.69	49697.82
237.76	49692.48
237.83	49703.69
237.91	49715.89
237.98	49719.68
238.05	49709.14
238.12	49711.15
238.19	49697.56
238.26	49702.84
238.33	49697.15
238.40	49687.87
238.47	49669.57
238.54	49661.84
238.62	49641.47
238.69	49629.84
238.76	49621.91
238.83	49618.99
238.90	49615.30
238.97	49608.56
239.04	49602.22
239.11	49603.17
239.18	49600.73
239.25	49592.24
239.33	49570.86
239.40	49553.99
239.47	49532.03
239.54	49501.79
239.61	49474.55
239.68	49445.34
239.75	49422.70
239.82	49407.12
239.89	49400.01
239.96	49402.47
240.03	49411.71
240.11	49411.36
240.18	49399.73
240.25	49388.68
240.32	49367.51
240.39	49360.13
240.46	49345.95
240.53	49347.55
240.60	49341.78
240.67	49338.26
240.74	49327.24
240.81	49324.74
240.88	49309.19
240.96	49302.94
241.03	49297.12
241.10	49291.88
241.17	49283.09
241.24	49281.09
241.31	49279.11
241.38	49269.32
241.45	49252.60
241.52	49246.77
241.59	49232.89
241.66	49217.42
241.73	49206.98
241.80	49200.87
241.88	49178.08
241.95	49162.98
242.02	49143.99
242.09	49122.82
242.16	49101.71
242.23	49094.23
242.30	49081.93
242.37	49070.62
242.44	49073.43
242.51	49067.31
242.58	49062.13
242.65	49057.87
242.72	49051.51
242.79	49034.51
242.87	49027.28
242.94	49011.11
243.01	49009.30
243.08	49018.79
243.15	49020.75
243.22	49027.36
243.29	49040.39
243.36	49035.58
243.43	49033.78
243.50	49054.42
243.57	49072.36
243.64	49083.84
243.71	49100.20
243.78	49103.79
243.85	49091.31
243.92	49077.73
243.99	49066.04
244.07	49054.23
244.14	49036.48
244.21	49022.45
244.28	49006.70
244.35	48994.02
244.42	48982.39
244.49	48983.10
244.56	48985.71
244.63	48994.52
244.70	48990.81
244.77	48989.10
244.84	48992.96
244.91	49003.80
244.98	49013.55
245.05	49038.95
245.12	49061.59
245.19	49083.81
245.26	49092.16
245.33	49103.52
245.40	49122.31
245.47	49148.78
245.55	49163.67
245.62	49175.48
245.69	49179.73
245.76	49176.96
245.83	49174.95
245.90	49164.26
245.97	49164.87
246.04	49174.25
246.11	49183.49
246.18	49185.04
246.25	49193.77
246.32	49193.62
246.39	49189.13
246.46	49185.51
246.53	49194.79
246.60	49207.34
246.67	49227.86
246.74	49244.25
246.81	49268.63
246.88	49280.86
246.95	49299.48
247.02	49323.93
247.09	49345.26
247.16	49348.11
247.23	49344.55
247.30	49338.21
247.37	49321.45
247.44	49327.86
247.51	49340.09
247.58	49370.31
247.66	49399.27
247.73	49442.06
247.80	49464.78
247.87	49493.12
247.94	49515.65
248.01	49549.41
248.08	49570.60
248.15	49592.25
248.22	49611.79
248.29	49635.99
248.36	49649.33
248.43	49671.10
248.50	49694.00
248.57	49712.14
248.64	49713.20
248.71	49728.73
248.78	49742.85
248.85	49756.50
248.92	49780.69
248.99	49806.14
249.06	49817.43
249.13	49827.97
249.20	49843.83
249.27	49856.66
249.34	49872.01
249.41	49874.73
249.48	49858.30
249.55	49844.09
249.62	49836.71
249.69	49839.89
249.76	49871.27
249.83	49923.08
249.90	49974.17
249.97	50015.41
250.04	50053.32
250.11	50084.59
250.18	50108.19
250.25	50124.09
250.32	50138.92
250.39	50157.08
250.46	50172.66
250.53	50190.93
250.60	50212.09
250.67	50238.10
250.74	50257.73
250.81	50266.96
250.88	50280.78
250.95	50294.51
251.02	50308.39
251.09	50321.74
251.16	50344.61
251.23	50356.77
251.30	50368.04
251.37	50377.53
251.44	50385.32
251.51	50395.73
251.58	50413.22
251.65	50428.23
251.72	50437.76
251.79	50459.10
251.86	50471.69
251.93	50489.33
252.00	50503.14
252.07	50513.97
252.14	50523.17
252.21	50522.66
252.28	50523.14
252.35	50526.19
252.42	50551.04
252.49	50563.63
252.56	50576.53
252.63	50583.79
252.70	50593.25
252.77	50582.40
252.84	50585.89
252.91	50596.59
252.98	50611.51
253.05	50627.22
253.12	50636.23
253.19	50642.50
253.25	50652.03
253.32	50653.47
253.39	50672.24
253.46	50701.74
253.53	50721.83
253.60	50731.32
253.67	50746.18
253.74	50753.39
253.81	50761.09
253.88	50762.35
253.95	50777.22
254.02	50789.62
254.09	50799.33
254.16	50807.20
254.23	50818.93
254.30	50826.66
254.37	50837.61
254.44	50844.65
254.51	50852.61
254.58	50859.26
254.65	50867.42
254.72	50868.73
254.79	50865.30
254.86	50870.18
254.93	50871.84
255.00	50872.44
255.07	50875.82
255.14	50883.79
255.21	50877.98
255.28	50871.19
255.34	50852.77
255.41	50838.43
255.48	50825.37
255.55	50820.52
255.62	50831.99
255.69	50845.71
255.76	50846.29
255.83	50849.47
255.90	50853.24
255.97	50854.55
256.04	50852.50
256.11	50864.63
256.18	50864.84
256.25	50860.25
256.32	50848.44
256.39	50854.64
256.46	50854.14
256.53	50848.27
256.60	50846.88
256.67	50844.14
256.74	50835.73
256.80	50831.62
256.87	50837.48
256.94	50834.93
257.01	50834.82
257.08	50833.78
257.15	50819.72
257.22	50810.50
257.29	50789.53
257.36	50766.97
257.43	50744.43
257.50	50734.62
257.57	50719.41
257.64	50725.37
257.71	50722.04
257.78	50709.31
257.85	50688.14
257.92	50669.96
257.98	50648.62
258.05	50631.07
258.12	50612.10
258.19	50598.49
258.26	50574.29
258.33	50547.89
258.40	50536.70
258.47	50531.63
258.54	50529.90
258.61	50532.06
258.68	50530.66
258.75	50517.16
258.82	50504.30
258.89	50474.20
258.95	50455.74
259.02	50441.99
259.09	50426.66
259.16	50406.83
259.23	50391.13
259.30	50359.84
259.37	50327.00
259.44	50304.78
259.51	50281.23
259.58	50271.28
259.65	50257.23
259.72	50247.12
259.79	50220.01
259.85	50199.69
259.92	50163.71
259.99	50140.77
260.06	50112.69
260.13	50083.77
260.20	50047.31
260.27	50013.81
260.34	49970.31
260.41	49936.03
260.48	49911.53
260.55	49899.37
260.62	49886.21
260.68	49875.67
260.75	49851.86
260.82	49831.19
260.89	49801.58
260.96	49771.14
261.03	49744.53
261.10	49715.26
261.17	49692.02
261.24	49660.54
261.31	49633.95
261.38	49602.24
261.44	49575.06
261.51	49535.22
261.58	49499.06
261.65	49457.22
261.72	49414.79
261.79	49373.02
261.86	49335.90
261.93	49314.66
262.00	49289.74
262.07	49264.41
262.13	49235.09
262.20	49206.13
262.27	49159.59
262.34	49124.89
262.41	49098.76
262.48	49066.64
262.55	49031.12
262.62	49003.31
262.69	48965.95
262.76	48924.74
262.82	48890.74
262.89	48862.23
262.96	48828.21
263.03	48797.00
263.10	48767.11
263.17	48743.02
263.24	48700.99
263.31	48670.80
263.38	48634.46
263.44	48598.77
263.51	48547.90
263.58	48506.44
263.65	48461.47
263.72	48414.61
263.79	48363.95
263.86	48323.73
263.93	48284.90
264.00	48245.40
264.06	48213.56
264.13	48180.44
264.20	48147.51
264.27	48098.21
264.34	48054.65
264.41	48012.22
264.48	47972.27
264.55	47925.71
264.61	47894.43
264.68	47854.01
264.75	47815.63
264.82	47765.84
264.89	47729.85
264.96	47697.42
265.03	47659.09
265.10	47618.81
265.16	47588.91
265.23	47553.76
265.30	47523.31
265.37	47489.05
265.44	47440.36
265.51	47398.72
265.58	47350.61
265.65	47286.91
265.71	47237.86
265.78	47201.86
265.85	47155.09
265.92	47109.05
265.99	47068.09
266.06	47027.06
266.13	46978.88
266.20	46948.56
266.26	46916.17
266.33	46880.79
266.40	46836.70
266.47	46788.78
266.54	46721.25
266.61	46656.63
266.68	46597.94
266.74	46546.12
266.81	46499.47
266.88	46456.00
266.95	46403.38
267.02	46358.07
267.09	46306.05
267.16	46258.24
267.22	46212.40
267.29	46183.43
267.36	46144.44
267.43	46106.30
267.50	46075.50
267.57	46045.88
267.64	46012.26
267.70	45976.25
267.77	45942.72
267.84	45908.86
267.91	45867.81
267.98	45815.14
268.05	45768.41
268.11	45724.63
268.18	45669.43
268.25	45619.08
268.32	45575.34
268.39	45533.48
268.46	45488.39
268.53	45447.35
268.59	45407.69
268.66	45371.29
268.73	45335.79
268.80	45297.29
268.87	45247.44
268.94	45205.24
269.00	45160.95
269.07	45121.11
269.14	45090.83
269.21	45071.96
269.28	45039.16
269.35	45003.59
269.41	44962.87
269.48	44910.94
269.55	44854.20
269.62	44797.07
269.69	44749.09
269.76	44701.36
269.82	44659.08
269.89	44636.49
269.96	44615.18
270.03	44585.24
270.10	44552.58
270.17	44512.10
270.23	44464.12
270.30	44418.78
270.37	44388.18
270.44	44357.95
270.51	44331.31
270.58	44301.72
270.64	44276.46
270.71	44240.27
270.78	44210.19
270.85	44174.83
270.92	44139.87
270.99	44102.38
271.05	44072.09
271.12	44031.05
271.19	43997.70
271.26	43956.12
271.33	43914.54
271.39	43870.10
271.46	43821.97
271.53	43782.73
271.60	43761.81
271.67	43736.93
271.74	43710.38
271.80	43693.44
271.87	43673.28
271.94	43642.54
272.01	43610.70
272.08	43583.01
272.14	43554.00
272.21	43520.67
272.28	43492.14
272.35	43473.24
272.42	43447.58
272.48	43424.92
272.55	43396.46
272.62	43369.98
272.69	43343.55
272.76	43327.99
272.83	43305.09
272.89	43283.05
272.96	43250.28
273.03	43223.13
273.10	43184.65
273.17	43155.41
273.23	43128.00
273.30	43114.81
273.37	43086.40
273.44	43069.04
273.51	43048.69
273.57	43036.34
273.64	43009.39
273.71	42995.77
273.78	42965.64
273.85	42944.64
273.91	42919.92
273.98	42900.57
274.05	42875.28
274.12	42862.99
274.19	42841.38
274.25	42820.43
274.32	42795.76
274.39	42761.69
274.46	42718.93
274.53	42672.34
274.59	42622.92
274.66	42583.84
274.73	42564.56
274.80	42541.29
274.86	42520.31
274.93	42504.32
275.00	42474.15
275.07	42429.67
275.14	42400.39
275.20	42371.31
275.27	42343.68
275.34	42320.82
275.41	42311.71
275.48	42297.07
275.54	42288.53
275.61	42267.41
275.68	42256.73
275.75	42228.86
275.81	42199.14
275.88	42166.71
275.95	42139.74
276.02	42106.43
276.09	42080.77
276.15	42051.16
276.22	42025.55
276.29	42006.46
276.36	41984.07
276.42	41965.46
276.49	41948.07
276.56	41921.21
276.63	41895.67
276.70	41870.69
276.76	41852.53
276.83	41831.41
276.90	41818.52
276.97	41794.97
277.03	41782.81
277.10	41757.49
277.17	41740.46
277.24	41719.29
277.30	41706.07
277.37	41680.91
277.44	41664.19
277.51	41644.30
277.58	41624.68
277.64	41605.59
277.71	41595.27
277.78	41577.69
277.85	41550.77
277.91	41521.94
277.98	41496.48
278.05	41463.04
278.12	41442.01
278.18	41425.01
278.25	41408.42
278.32	41388.36
278.39	41377.48
278.45	41358.13
278.52	41338.63
278.59	41324.09
278.66	41307.40
278.72	41287.48
278.79	41268.76
278.86	41248.58
278.93	41232.43
278.99	41216.87
279.06	41197.60
279.13	41167.64
279.20	41156.01
279.26	41132.99
279.33	41105.20
279.40	41078.08
279.47	41057.66
279.53	41021.48
279.60	40993.51
279.67	40966.69
279.74	40940.97
279.80	40921.67
279.87	40916.82
279.94	40900.74
280.01	40891.61
280.07	40879.33
280.14	40866.43
280.21	40840.23
280.28	40819.00
280.34	40789.40
280.41	40763.14
280.48	40728.94
280.55	40700.52
280.61	40673.55
280.68	40660.89
280.75	40629.32
280.82	40600.92
280.88	40568.35
280.95	40517.05
281.02	40448.67
281.08	40381.31
281.15	40314.15
281.22	40242.59
281.29	40186.06
281.35	40134.54
281.42	40102.68
281.49	40074.01
281.56	40046.10
281.62	40023.27
281.69	40000.21
281.76	39970.15
281.82	39935.01
281.89	39908.61
281.96	39879.93
282.03	39851.04
282.09	39824.67
282.16	39802.99
282.23	39772.09
282.30	39744.63
282.36	39725.14
282.43	39708.33
282.50	39694.08
282.56	39673.59
282.63	39650.47
282.70	39628.11
282.77	39617.95
282.83	39588.70
282.90	39574.24
282.97	39563.01
283.03	39539.21
283.10	39503.39
283.17	39487.13
283.24	39462.37
283.30	39431.88
283.37	39405.35
283.44	39378.96
283.50	39344.40
283.57	39329.50
283.64	39311.95
283.71	39287.89
283.77	39253.72
283.84	39227.51
283.91	39175.51
283.97	39139.32
284.04	39134.83
284.11	39134.82
284.18	39137.06
284.24	39156.55
284.31	39165.65
284.38	39157.24
284.44	39144.61
284.51	39129.26
284.58	39112.59
284.64	39102.97
284.71	39095.11
284.78	39092.79
284.85	39087.33
284.91	39076.69
284.98	39059.15
285.05	39027.71
285.11	39003.21
285.18	38979.52
285.25	38964.51
285.31	38959.22
285.38	38963.86
285.45	38961.78
285.52	38963.46
285.58	38956.35
285.65	38939.19
285.72	38913.66
285.78	38899.71
285.85	38883.47
285.92	38865.04
285.98	38853.32
286.05	38844.56
286.12	38835.25
286.18	38821.15
286.25	38820.00
286.32	38811.17
286.39	38814.41
286.45	38805.22
286.52	38796.36
286.59	38782.81
286.65	38780.79
286.72	38775.91
286.79	38769.83
286.85	38765.32
286.92	38754.64
286.99	38747.63
287.05	38720.23
287.12	38715.26
287.19	38706.96
287.25	38704.01
287.32	38690.61
287.39	38695.13
287.45	38685.01
287.52	38684.99
287.59	38682.93
287.65	38682.66
287.72	38676.11
287.79	38668.84
287.86	38654.77
287.92	38645.70
287.99	38636.10
288.06	38636.95
288.12	38631.03
288.19	38628.38
288.26	38619.45
288.32	38617.17
288.39	38606.96
288.46	38605.99
288.52	38606.81
288.59	38612.13
288.66	38610.30
288.72	38606.69
288.79	38608.51
288.86	38608.13
288.92	38603.53
288.99	38598.72
289.06	38597.98
289.12	38589.89
289.19	38590.24
289.26	38594.62
289.32	38597.28
289.39	38604.30
289.45	38612.63
289.52	38605.80
289.59	38609.10
289.65	38615.06
289.72	38623.61
289.79	38638.34
289.85	38656.48
289.92	38661.73
289.99	38671.54
290.05	38666.87
290.12	38650.23
290.19	38647.36
290.25	38636.10
290.32	38634.45
290.39	38645.06
290.45	38655.59
290.52	38653.61
290.59	38669.41
290.65	38664.30
290.72	38651.94
290.79	38650.50
290.85	38658.97
290.92	38669.75
290.98	38684.66
291.05	38703.07
291.12	38713.17
291.18	38722.49
291.25	38718.57
291.32	38719.87
291.38	38722.11
291.45	38725.69
291.52	38723.66
291.58	38727.24
291.65	38736.87
291.72	38753.12
291.78	38775.15
291.85	38790.88
291.91	38805.38
291.98	38827.65
292.05	38829.99
292.11	38831.21
292.18	38840.18
292.25	38847.16
292.31	38838.49
292.38	38843.82
292.45	38849.82
292.51	38859.98
292.58	38869.81
292.64	38885.70
292.71	38892.61
292.78	38902.94
292.84	38901.42
292.91	38910.58
292.98	38913.85
293.04	38920.59
293.11	38925.61
293.17	38938.70
293.24	38948.04
293.31	38959.86
293.37	38980.85
293.44	38996.19
293.51	39011.49
293.57	39021.69
293.64	39030.69
293.70	39044.76
293.77	39057.39
293.84	39066.94
293.90	39072.23
293.97	39086.37
294.04	39090.57
294.10	39093.99
294.17	39105.74
294.23	39125.61
294.30	39129.60
294.37	39140.75
294.43	39162.81
294.50	39168.20
294.56	39181.23
294.63	39193.83
294.70	39199.94
294.76	39206.34
294.83	39224.59
294.90	39236.77
294.96	39256.75
295.03	39282.01
295.09	39300.69
295.16	39321.08
295.23	39328.16
295.29	39336.83
295.36	39342.66
295.42	39348.68
295.49	39354.30
295.56	39372.92
295.62	39391.92
295.69	39406.19
295.75	39426.89
295.82	39444.52
295.89	39457.23
295.95	39464.94
296.02	39479.63
296.08	39481.41
296.15	39486.93
296.22	39496.14
296.28	39517.66
296.35	39536.99
296.41	39563.94
296.48	39589.78
296.55	39614.11
296.61	39625.92
296.68	39648.94
296.74	39669.25
296.81	39691.03
296.88	39708.83
296.94	39730.91
297.01	39750.57
297.07	39766.34
297.14	39777.03
297.20	39794.20
297.27	39807.09
297.34	39819.24
297.40	39832.90
297.47	39845.82
297.53	39856.24
297.60	39876.86
297.67	39892.59
297.73	39913.98
297.80	39931.28
297.86	39945.12
297.93	39951.83
298.00	39961.12
298.06	39969.52
298.13	39998.97
298.19	40021.57
298.26	40045.82
298.32	40073.65
298.39	40088.35
298.46	40085.03
298.52	40102.21
298.59	40112.69
298.65	40116.48
298.72	40141.05
298.78	40170.45
298.85	40183.74
298.92	40199.49
298.98	40217.33
299.05	40225.37
299.11	40234.36
299.18	40249.52
299.24	40265.51
299.31	40269.42
299.38	40283.30
299.44	40289.39
299.51	40307.84
299.57	40314.72
299.64	40337.10
299.70	40348.39
299.77	40366.56
299.84	40369.06
299.90	40375.59
299.97	40373.24
300.03	40382.43
300.10	40392.53
300.16	40412.51
300.23	40434.89
300.30	40457.05
300.36	40469.41
300.43	40488.93
300.49	40494.89
300.56	40516.39
300.62	40539.42
300.69	40563.50
300.75	40576.02
300.82	40596.56
300.89	40595.54
300.95	40601.47
301.02	40596.71
301.08	40599.82
301.15	40599.59
301.21	40609.70
301.28	40613.51
301.34	40626.34
301.41	40625.77
301.48	40625.09
301.54	40616.13
301.61	40616.50
301.67	40614.41
301.74	40620.15
301.80	40622.04
301.87	40636.58
301.93	40633.62
302.00	40634.83
302.06	40633.61
302.13	40629.96
302.20	40628.55
302.26	40628.57
302.33	40629.58
302.39	40624.40
302.46	40626.94
302.52	40619.18
302.59	40620.49
302.65	40616.94
302.72	40627.89
302.78	40628.94
302.85	40632.78
302.91	40630.56
302.98	40627.71
303.05	40610.60
303.11	40606.14
303.18	40601.27
303.24	40600.38
303.31	40584.64
303.37	40574.79
303.44	40570.87
303.50	40552.99
303.57	40533.97
303.63	40533.63
303.70	40529.89
303.76	40509.03
303.83	40506.29
303.89	40496.54
303.96	40480.59
304.03	40466.59
304.09	40459.79
304.16	40445.52
304.22	40420.69
304.29	40403.80
304.35	40389.63
304.42	40375.67
304.48	40355.35
304.55	40353.21
304.61	40340.08
304.68	40327.78
304.74	40316.61
304.81	40308.00
304.87	40278.79
304.94	40261.97
305.00	40232.05
305.07	40194.89
305.13	40161.40
305.20	40140.69
305.26	40121.48
305.33	40106.19
305.39	40093.48
305.46	40073.30
305.52	40054.59
305.59	40032.12
305.66	40006.68
305.72	39977.89
305.79	39952.38
305.85	39928.89
305.92	39893.38
305.98	39840.47
306.05	39713.27
306.11	39485.46
306.18	39187.39
306.24	38931.96
306.31	38788.73
306.37	38799.35
306.44	38969.26
306.50	39221.43
306.57	39433.65
306.63	39556.29
306.70	39590.58
306.76	39571.91
306.83	39530.17
306.89	39490.83
306.96	39453.11
307.02	39425.92
307.09	39397.16
307.15	39368.62
307.22	39341.42
307.28	39304.38
307.35	39261.37
307.41	39217.49
307.48	39175.19
307.54	39133.20
307.61	39096.70
307.67	39053.55
307.74	39014.58
307.80	38975.44
307.87	38939.80
307.93	38903.65
308.00	38877.29
308.06	38845.70
308.13	38815.10
308.19	38772.48
308.26	38732.85
308.32	38703.17
308.38	38675.02
308.45	38645.46
308.51	38621.87
308.58	38581.66
308.64	38521.07
308.71	38467.80
308.77	38414.66
308.84	38360.75
308.90	38335.38
308.97	38322.44
309.03	38302.80
309.10	38275.38
309.16	38248.29
309.23	38207.90
309.29	38158.28
309.36	38092.21
309.42	38032.89
309.49	37976.07
309.55	37915.16
309.62	37853.27
309.68	37809.99
309.75	37760.17
309.81	37709.84
309.88	37669.97
309.94	37626.81
310.00	37580.10
310.07	37543.58
310.13	37506.89
310.20	37454.96
310.26	37418.90
310.33	37376.98
310.39	37339.61
310.46	37302.15
310.52	37270.62
310.59	37227.30
310.65	37195.97
310.72	37154.79
310.78	37106.54
310.85	37052.76
310.91	37012.81
310.97	36965.59
311.04	36923.38
311.10	36875.74
311.17	36839.13
311.23	36795.84
311.30	36755.71
311.36	36719.26
311.43	36696.37
311.49	36654.69
311.56	36611.16
311.62	36562.93
311.69	36508.84
311.75	36459.43
311.81	36413.39
311.88	36364.88
311.94	36334.79
312.01	36315.79
312.07	36278.13
312.14	36250.98
312.20	36226.38
312.27	36182.11
312.33	36121.95
312.40	36063.53
312.46	36004.51
312.52	35952.41
312.59	35909.24
312.65	35861.78
312.72	35820.79
312.78	35779.77
312.85	35729.85
312.91	35674.54
312.98	35621.75
313.04	35576.02
313.10	35530.50
313.17	35490.56
313.23	35457.89
313.30	35430.27
313.36	35388.10
313.43	35337.76
313.49	35289.83
313.56	35233.72
313.62	35173.09
313.68	35120.29
313.75	35083.39
313.81	35042.72
313.88	34995.05
313.94	34961.85
314.01	34929.96
314.07	34891.29
314.13	34848.99
314.20	34812.45
314.26	34764.07
314.33	34714.01
314.39	34662.55
314.46	34603.04
314.52	34550.38
314.58	34502.28
314.65	34450.17
314.71	34405.13
314.78	34369.88
314.84	34325.91
314.91	34283.38
314.97	34246.31
315.03	34200.46
315.10	34160.27
315.16	34116.94
315.23	34075.72
315.29	34033.64
315.36	33988.00
315.42	33937.60
315.48	33897.92
315.55	33848.08
315.61	33794.75
315.68	33757.83
315.74	33718.86
315.81	33674.86
315.87	33635.29
315.93	33602.35
316.00	33567.07
316.06	33529.27
316.13	33504.70
316.19	33467.83
316.25	33403.83
316.32	33313.94
316.38	33203.40
316.45	33050.99
316.51	32884.42
316.58	32710.01
316.64	32522.38
316.70	32331.13
316.77	32129.98
316.83	31915.62
316.90	31682.45
316.96	31440.21
317.02	31178.49
317.09	30912.75
317.15	30630.26
317.22	30337.42
317.28	30026.08
317.34	29700.59
317.41	29354.14
317.47	29001.33
317.54	28630.30
317.60	28241.72
317.66	27843.30
317.73	27426.00
317.79	26994.23
317.86	26554.95
317.92	26106.49
317.98	25628.48
318.05	25140.19
318.11	24639.11
318.18	24131.89
318.24	23608.90
318.30	23079.99
318.37	22546.85
318.43	21993.69
318.50	21426.24
318.56	20851.96
318.62	20284.97
318.69	19708.04
318.75	19135.57
318.82	18558.72
318.88	17980.84
318.94	17398.39
319.01	16810.53
319.07	16231.77
319.13	15655.61
319.20	15082.42
319.26	14506.61
319.33	13944.51
319.39	13372.11
319.45	12819.13
319.52	12275.80
319.58	11742.28
319.65	11213.49
319.71	10702.94
319.77	10191.11
319.84	9693.24
319.90	9211.53
319.96	8738.65
320.03	8277.24
320.09	7835.90
320.16	7402.19
320.22	6985.78
320.28	6586.16
320.35	6203.24
320.41	5836.53
320.47	5490.67
320.54	5152.29
320.60	4835.76
320.67	4538.18
320.73	4251.04
320.79	3974.98
320.86	3722.69
320.92	3479.04
320.98	3251.07
321.05	3038.18
321.11	2838.41
321.18	2650.57
321.24	2479.54
321.30	2315.43
321.37	2166.13
321.43	2036.04
321.49	1910.35
321.56	1794.15
321.62	1691.70
321.68	1593.73
321.75	1500.82
321.81	1420.20
321.88	1346.34
321.94	1281.82
322.00	1223.94
322.07	1166.42
322.13	1114.18
322.19	1063.39
322.26	1013.35
322.32	969.21
322.38	932.78
322.45	901.61
322.51	870.48
322.58	845.15
322.64	814.56
322.70	787.56
322.77	756.12
322.83	735.30
322.89	706.25
322.96	681.59
323.02	655.54
323.08	629.99
323.15	602.08
323.21	579.17
323.27	556.77
323.34	534.32
323.40	512.68
323.46	490.24
323.53	462.42
323.59	391.90
323.65	294.19
323.72	184.20
323.78	78.13
323.85	-18.93
323.91	-67.75
323.97	-85.09
324.04	-85.14
