180.21	3411.92
180.28	-123.49
180.36	628.27
180.44	-50.93
180.51	-22.19
180.59	-0.83
180.66	24.01
180.74	22.25
180.81	22.48
180.89	25.01
180.97	26.13
181.04	24.84
181.12	24.46
181.19	25.48
181.27	26.09
181.34	41.28
181.42	47.76
181.50	53.93
181.57	63.91
181.65	68.20
181.72	63.25
181.80	59.19
181.87	60.77
181.95	62.35
182.03	64.29
182.10	69.97
182.18	75.85
182.25	85.82
182.33	93.02
182.40	107.43
182.48	111.47
182.55	131.03
182.63	144.71
182.71	157.01
182.78	170.97
182.86	186.88
182.93	183.63
183.01	176.55
183.08	165.26
183.16	156.53
183.23	146.07
183.31	156.93
183.39	172.03
183.46	201.05
183.54	223.36
183.61	261.67
183.69	294.05
183.76	340.19
183.84	379.08
183.91	421.96
183.99	472.50
184.06	513.38
184.14	556.91
184.22	608.21
184.29	638.70
184.37	650.00
184.44	657.91
184.52	616.27
184.59	532.51
184.67	460.37
184.74	394.61
184.82	356.06
184.89	366.31
184.97	430.28
185.04	515.63
185.12	602.27
185.20	694.94
185.27	785.59
185.35	881.58
185.42	946.05
185.50	1015.96
185.57	1073.69
185.65	1120.40
185.72	1170.66
185.80	1253.08
185.87	1317.70
185.95	1404.62
186.02	1515.08
186.10	1566.26
186.17	1567.77
186.25	1500.89
186.33	1311.13
186.40	1096.08
186.48	948.80
186.55	872.45
186.63	898.06
186.70	1049.26
186.78	1222.09
186.85	1370.88
186.93	1497.81
187.00	1616.05
187.08	1735.50
187.15	1850.97
187.23	1987.03
187.30	2115.13
187.38	2229.94
187.45	2357.03
187.53	2481.42
187.60	2562.88
187.68	2680.36
187.75	2805.61
187.83	2871.01
187.90	2942.27
187.98	3024.07
188.05	2989.96
188.13	2796.06
188.21	2510.51
188.28	2225.55
188.36	1969.53
188.43	1827.26
188.51	1888.94
188.58	2098.55
188.66	2310.57
188.73	2521.23
188.81	2728.18
188.88	2892.00
188.96	3051.25
189.03	3195.06
189.11	3345.76
189.18	3474.77
189.26	3591.08
189.33	3713.10
189.41	3838.00
189.48	3920.96
189.56	4027.25
189.63	4139.50
189.71	4191.94
189.78	4256.08
189.86	4337.04
189.93	4364.57
190.01	4344.20
190.08	4264.33
190.16	4010.97
190.23	3634.28
190.31	3311.34
190.38	3092.94
190.46	3006.24
190.53	3114.27
190.61	3374.52
190.68	3621.70
190.76	3844.91
190.83	4033.41
190.91	4200.63
190.98	4360.95
191.06	4506.69
191.13	4650.11
191.21	4778.41
191.28	4894.10
191.35	5008.57
191.43	5113.58
191.50	5186.29
191.58	5278.86
191.65	5361.67
191.73	5405.96
191.80	5457.65
191.88	5491.21
191.95	5486.01
192.03	5492.50
192.10	5513.30
192.18	5517.13
192.25	5478.39
192.33	5335.31
192.40	5085.58
192.48	4837.89
192.55	4647.19
192.63	4552.60
192.70	4620.79
192.78	4818.15
192.85	5041.77
192.93	5246.35
193.00	5425.60
193.08	5576.22
193.15	5723.09
193.22	5834.89
193.30	5936.57
193.37	6035.48
193.45	6105.79
193.52	6171.73
193.60	6242.84
193.67	6291.94
193.75	6341.00
193.82	6393.96
193.90	6414.30
193.97	6437.92
194.05	6466.63
194.12	6483.46
194.20	6517.64
194.27	6566.92
194.34	6607.28
194.42	6640.82
194.49	6675.81
194.57	6684.53
194.64	6632.83
194.72	6532.21
194.79	6436.27
194.87	6356.79
194.94	6312.07
195.02	6340.05
195.09	6432.54
195.17	6542.34
195.24	6643.29
195.31	6738.05
195.39	6817.03
195.46	6894.45
195.54	6962.60
195.61	7028.77
195.69	7083.14
195.76	7133.36
195.84	7178.34
195.91	7204.66
195.99	7218.22
196.06	7228.74
196.13	7242.79
196.21	7249.29
196.28	7264.61
196.36	7293.70
196.43	7320.91
196.51	7348.08
196.58	7377.12
196.66	7406.00
196.73	7429.50
196.80	7458.38
196.88	7488.09
196.95	7520.12
197.03	7546.16
197.10	7553.03
197.18	7542.84
197.25	7530.62
197.33	7522.59
197.40	7530.76
197.47	7547.10
197.55	7585.70
197.62	7628.31
197.70	7662.26
197.77	7693.17
197.85	7730.72
197.92	7762.81
197.99	7787.07
198.07	7812.29
198.14	7827.16
198.22	7847.18
198.29	7865.54
198.37	7891.87
198.44	7925.58
198.51	7963.06
198.59	7992.37
198.66	8028.65
198.74	8066.60
198.81	8092.95
198.89	8118.22
198.96	8147.15
199.03	8167.67
199.11	8191.34
199.18	8214.71
199.26	8236.46
199.33	8259.82
199.41	8288.12
199.48	8299.49
199.55	8313.35
199.63	8320.50
199.70	8334.20
199.78	8342.49
199.85	8364.31
199.93	8391.37
200.00	8435.58
200.07	8476.74
200.15	8522.56
200.22	8566.58
200.30	8604.84
200.37	8645.57
200.44	8674.91
200.52	8705.08
200.59	8738.40
200.67	8769.54
200.74	8785.16
200.81	8806.72
200.89	8825.13
200.96	8843.89
201.04	8859.84
201.11	8884.95
201.19	8907.99
201.26	8934.19
201.33	8955.29
201.41	8987.08
201.48	9021.77
201.56	9067.00
201.63	9120.43
201.70	9168.12
201.78	9216.35
201.85	9266.36
201.93	9309.42
202.00	9341.10
202.07	9379.66
202.15	9413.22
202.22	9443.07
202.30	9479.00
202.37	9516.34
202.44	9554.66
202.52	9592.54
202.59	9634.32
202.67	9665.66
202.74	9701.70
202.81	9728.46
202.89	9753.71
202.96	9782.85
203.04	9826.28
203.11	9867.62
203.18	9925.52
203.26	9990.91
203.33	10049.97
203.41	10097.06
203.48	10147.48
203.55	10183.93
203.63	10224.62
203.70	10267.32
203.77	10313.41
203.85	10360.94
203.92	10411.78
204.00	10465.84
204.07	10515.57
204.14	10566.13
204.22	10609.21
204.29	10665.30
204.37	10706.29
204.44	10750.38
204.51	10800.45
204.59	10857.11
204.66	10899.56
204.73	10960.08
204.81	11017.87
204.88	11081.76
204.96	11141.74
205.03	11204.85
205.10	11257.28
205.18	11316.15
205.25	11363.96
205.32	11420.41
205.40	11478.58
205.47	11540.76
205.55	11595.47
205.62	11659.82
205.69	11724.89
205.77	11789.63
205.84	11857.66
205.91	11935.87
205.99	12007.00
206.06	12070.26
206.14	12136.77
206.21	12207.37
206.28	12271.67
206.36	12343.44
206.43	12413.19
206.50	12487.86
206.58	12552.81
206.65	12620.94
206.72	12686.78
206.80	12759.54
206.87	12826.85
206.95	12904.45
207.02	12985.78
207.09	13065.86
207.17	13150.05
207.24	13235.22
207.31	13317.44
207.39	13398.36
207.46	13482.60
207.53	13560.37
207.61	13643.29
207.68	13722.84
207.75	13811.54
207.83	13892.91
207.90	13972.51
207.98	14046.24
208.05	14133.39
208.12	14207.80
208.20	14290.10
208.27	14375.56
208.34	14468.49
208.42	14547.01
208.49	14635.47
208.56	14712.38
208.64	14801.59
208.71	14884.77
208.78	14973.17
208.86	15072.89
208.93	15178.99
209.00	15278.78
209.08	15383.90
209.15	15493.09
209.22	15587.48
209.30	15691.81
209.37	15791.37
209.44	15894.12
209.52	15996.03
209.59	16093.76
209.67	16190.78
209.74	16286.50
209.81	16383.97
209.89	16475.99
209.96	16580.64
210.03	16682.78
210.11	16787.90
210.18	16886.95
210.25	16993.90
210.33	17092.41
210.40	17190.10
210.47	17296.57
210.55	17412.55
210.62	17526.53
210.69	17633.25
210.77	17755.22
210.84	17872.08
210.91	17998.69
210.99	18115.81
211.06	18243.05
211.13	18362.97
211.21	18479.69
211.28	18584.37
211.35	18702.32
211.42	18824.23
211.50	18943.77
211.57	19067.14
211.64	19186.81
211.72	19295.69
211.79	19403.33
211.86	19512.46
211.94	19632.68
212.01	19749.13
212.08	19873.20
212.16	19999.35
212.23	20124.16
212.30	20242.50
212.38	20368.81
212.45	20501.63
212.52	20636.72
212.60	20763.31
212.67	20900.05
212.74	21032.20
212.82	21157.14
212.89	21282.28
212.96	21407.69
213.03	21528.93
213.11	21660.44
213.18	21789.75
213.25	21917.31
213.33	22049.06
213.40	22175.80
213.47	22297.27
213.55	22428.20
213.62	22551.50
213.69	22682.36
213.77	22820.05
213.84	22954.28
213.91	23093.33
213.98	23242.60
214.06	23393.44
214.13	23541.74
214.20	23690.85
214.28	23837.78
214.35	23975.26
214.42	24111.13
214.50	24239.06
214.57	24368.36
214.64	24497.41
214.72	24635.09
214.79	24770.25
214.86	24911.85
214.93	25057.94
215.01	25201.14
215.08	25336.07
215.15	25470.52
215.23	25598.40
215.30	25731.32
215.37	25858.20
215.44	26005.76
215.52	26152.89
215.59	26301.56
215.66	26445.94
215.74	26593.56
215.81	26731.04
215.88	26871.70
215.95	27007.34
216.03	27147.16
216.10	27292.70
216.17	27437.23
216.25	27581.18
216.32	27736.31
216.39	27891.15
216.46	28039.36
216.54	28180.04
216.61	28331.56
216.68	28475.07
216.76	28612.31
216.83	28748.07
216.90	28896.15
216.97	29037.56
217.05	29181.01
217.12	29321.96
217.19	29465.03
217.27	29597.27
217.34	29727.09
217.41	29855.03
217.48	29976.19
217.56	30110.66
217.63	30258.15
217.70	30408.36
217.78	30564.71
217.85	30727.56
217.92	30879.41
217.99	31026.22
218.07	31163.41
218.14	31294.55
218.21	31437.01
218.28	31578.63
218.36	31715.90
218.43	31860.27
218.50	32016.89
218.57	32154.92
218.65	32287.99
218.72	32420.46
218.79	32548.78
218.87	32667.61
218.94	32799.12
219.01	32940.50
219.08	33073.77
219.16	33216.11
219.23	33359.71
219.30	33504.04
219.37	33641.07
219.45	33785.99
219.52	33926.98
219.59	34066.00
219.66	34190.93
219.74	34320.27
219.81	34460.47
219.88	34592.99
219.95	34727.61
220.03	34868.66
220.10	35005.61
220.17	35137.08
220.24	35271.36
220.32	35405.76
220.39	35529.46
220.46	35651.97
220.53	35767.93
220.61	35882.98
220.68	35991.33
220.75	36118.50
220.82	36251.74
220.90	36376.95
220.97	36498.27
221.04	36621.04
221.11	36732.19
221.19	36844.44
221.26	36964.79
221.33	37090.20
221.40	37220.91
221.48	37348.54
221.55	37471.30
221.62	37593.01
221.69	37706.81
221.77	37825.10
221.84	37949.81
221.91	38064.73
221.98	38180.06
222.06	38303.21
222.13	38421.83
222.20	38533.80
222.27	38652.38
222.35	38765.44
222.42	38877.15
222.49	38986.43
222.56	39101.01
222.63	39201.89
222.71	39306.93
222.78	39412.01
222.85	39512.92
222.92	39623.29
223.00	39736.04
223.07	39848.20
223.14	39954.67
223.21	40056.40
223.29	40147.93
223.36	40254.22
223.43	40359.04
223.50	40463.63
223.57	40577.53
223.65	40698.57
223.72	40810.87
223.79	40913.76
223.86	41017.83
223.94	41108.90
224.01	41192.89
224.08	41272.47
224.15	41362.51
224.22	41453.06
224.30	41543.53
224.37	41632.64
224.44	41731.62
224.51	41822.36
224.59	41899.40
224.66	41985.91
224.73	42073.99
224.80	42164.94
224.87	42262.15
224.95	42371.48
225.02	42478.94
225.09	42580.16
225.16	42671.06
225.23	42764.41
225.31	42857.66
225.38	42937.04
225.45	43022.90
225.52	43109.09
225.60	43188.56
225.67	43270.26
225.74	43355.97
225.81	43432.95
225.88	43509.33
225.96	43583.40
226.03	43648.31
226.10	43718.47
226.17	43796.92
226.24	43879.79
226.32	43959.86
226.39	44045.29
226.46	44123.91
226.53	44201.02
226.60	44278.93
226.68	44365.05
226.75	44447.85
226.82	44538.15
226.89	44618.40
226.96	44689.03
227.04	44744.18
227.11	44797.66
227.18	44855.87
227.25	44904.67
227.32	44961.87
227.40	45033.95
227.47	45107.21
227.54	45181.59
227.61	45270.97
227.68	45351.31
227.76	45428.39
227.83	45506.60
227.90	45571.96
227.97	45634.25
228.04	45697.07
228.11	45750.54
228.19	45799.41
228.26	45850.52
228.33	45893.33
228.40	45943.21
228.47	45996.89
228.55	46054.58
228.62	46116.05
228.69	46183.86
228.76	46244.24
228.83	46299.79
228.90	46356.53
228.98	46414.41
229.05	46476.06
229.12	46553.63
229.19	46622.32
229.26	46688.42
229.34	46742.76
229.41	46792.33
229.48	46826.16
229.55	46880.37
229.62	46937.86
229.69	47001.63
229.77	47063.39
229.84	47120.94
229.91	47176.23
229.98	47216.57
230.05	47253.39
230.12	47288.95
230.20	47334.86
230.27	47378.73
230.34	47435.21
230.41	47495.98
230.48	47559.54
230.55	47619.39
230.63	47677.66
230.70	47742.18
230.77	47790.79
230.84	47832.81
230.91	47866.31
230.98	47904.79
231.06	47932.46
231.13	47985.09
231.20	48051.42
231.27	48112.16
231.34	48170.06
231.41	48228.56
231.49	48269.28
231.56	48306.48
231.63	48360.27
231.70	48405.41
231.77	48448.67
231.84	48492.30
231.92	48529.06
231.99	48557.48
232.06	48587.56
232.13	48615.98
232.20	48655.86
232.27	48696.98
232.34	48735.43
232.42	48769.36
232.49	48801.43
232.56	48829.67
232.63	48862.35
232.70	48900.33
232.77	48945.06
232.85	48992.48
232.92	49039.93
232.99	49082.94
233.06	49114.16
233.13	49139.90
233.20	49160.90
233.27	49167.74
233.35	49172.98
233.42	49186.88
233.49	49200.78
233.56	49227.39
233.63	49262.83
233.70	49297.05
233.77	49334.63
233.85	49375.90
233.92	49415.83
233.99	49451.76
234.06	49482.74
234.13	49511.01
234.20	49536.33
234.27	49549.27
234.35	49559.24
234.42	49575.46
234.49	49583.46
234.56	49597.26
234.63	49613.93
234.70	49633.57
234.77	49645.97
234.84	49665.17
234.92	49670.97
234.99	49676.85
235.06	49684.78
235.13	49692.00
235.20	49696.37
235.27	49714.60
235.34	49730.01
235.41	49745.08
235.49	49758.56
235.56	49776.93
235.63	49785.09
235.70	49795.11
235.77	49806.68
235.84	49813.65
235.91	49807.09
235.98	49806.90
236.06	49801.58
236.13	49789.88
236.20	49784.70
236.27	49763.05
236.34	49741.84
236.41	49727.82
236.48	49711.75
236.55	49705.30
236.63	49708.30
236.70	49697.30
236.77	49694.35
236.84	49708.68
236.91	49710.21
236.98	49716.61
237.05	49736.63
237.12	49739.56
237.19	49732.34
237.27	49727.52
237.34	49730.32
237.41	49730.48
237.48	49722.22
237.55	49712.56
237.62	49701.19
237.69	49695.75
237.76	49687.53
237.83	49695.94
237.91	49699.09
237.98	49706.98
238.05	49703.38
238.12	49703.25
238.19	49696.06
238.26	49697.54
238.33	49687.11
238.40	49681.28
238.47	49668.98
238.54	49661.65
238.62	49644.31
238.69	49636.83
238.76	49631.34
238.83	49623.52
238.90	49610.66
238.97	49600.44
239.04	49591.23
239.11	49577.60
239.18	49574.62
239.25	49569.65
239.33	49552.26
239.40	49540.79
239.47	49528.26
239.54	49492.99
239.61	49459.58
239.68	49430.65
239.75	49404.91
239.82	49386.75
239.89	49381.31
239.96	49388.00
240.03	49395.96
240.11	49399.38
240.18	49392.36
240.25	49382.80
240.32	49365.54
240.39	49352.93
240.46	49336.58
240.53	49338.12
240.60	49344.22
240.67	49341.96
240.74	49340.41
240.81	49337.31
240.88	49325.17
240.96	49309.44
241.03	49295.24
241.10	49292.05
241.17	49287.86
241.24	49283.61
241.31	49281.80
241.38	49278.38
241.45	49260.17
241.52	49251.42
241.59	49233.30
241.66	49217.44
241.73	49208.28
241.80	49206.40
241.88	49191.07
241.95	49170.67
242.02	49148.95
242.09	49120.91
242.16	49090.67
242.23	49079.17
242.30	49071.95
242.37	49060.61
242.44	49065.70
242.51	49064.62
242.58	49060.71
242.65	49062.25
242.72	49068.83
242.79	49056.41
242.87	49053.87
242.94	49037.03
243.01	49029.52
243.08	49026.66
243.15	49027.86
243.22	49017.49
243.29	49018.35
243.36	49015.68
243.43	49016.67
243.50	49033.63
243.57	49058.38
243.64	49070.84
243.71	49083.09
243.78	49084.44
243.85	49068.49
243.92	49062.87
243.99	49054.03
244.07	49042.87
244.14	49035.67
244.21	49027.19
244.28	49008.39
244.35	48995.30
244.42	48985.43
244.49	48976.03
244.56	48978.62
244.63	48983.38
244.70	48981.59
244.77	48974.86
244.84	48975.62
244.91	48983.93
244.98	48997.50
245.05	49022.16
245.12	49047.46
245.19	49071.10
245.26	49084.85
245.33	49095.48
245.40	49120.91
245.47	49151.15
245.55	49171.02
245.62	49186.28
245.69	49191.85
245.76	49191.48
245.83	49184.08
245.90	49175.64
245.97	49168.76
246.04	49180.90
246.11	49184.78
246.18	49188.66
246.25	49186.87
246.32	49188.15
246.39	49180.32
246.46	49182.03
246.53	49188.78
246.60	49208.47
246.67	49227.66
246.74	49250.11
246.81	49267.94
246.88	49282.91
246.95	49300.38
247.02	49318.52
247.09	49338.26
247.16	49352.86
247.23	49347.19
247.30	49339.86
247.37	49332.41
247.44	49330.72
247.51	49331.26
247.58	49364.20
247.66	49395.39
247.73	49432.96
247.80	49462.96
247.87	49481.93
247.94	49502.82
248.01	49530.33
248.08	49549.78
248.15	49567.71
248.22	49602.80
248.29	49623.80
248.36	49641.11
248.43	49667.40
248.50	49690.95
248.57	49706.33
248.64	49725.37
248.71	49746.86
248.78	49759.21
248.85	49765.32
248.92	49784.89
248.99	49798.83
249.06	49807.59
249.13	49818.88
249.20	49839.06
249.27	49851.99
249.34	49859.56
249.41	49858.39
249.48	49846.79
249.55	49834.20
249.62	49833.63
249.69	49841.61
249.76	49874.91
249.83	49920.80
249.90	49972.63
249.97	50005.86
250.04	50044.03
250.11	50074.72
250.18	50099.31
250.25	50113.51
250.32	50127.21
250.39	50142.41
250.46	50149.74
250.53	50170.03
250.60	50190.52
250.67	50219.41
250.74	50241.48
250.81	50256.72
250.88	50263.90
250.95	50281.51
251.02	50293.74
251.09	50312.13
251.16	50336.24
251.23	50360.11
251.30	50366.20
251.37	50371.14
251.44	50378.64
251.51	50395.87
251.58	50405.48
251.65	50430.45
251.72	50450.56
251.79	50466.99
251.86	50470.05
251.93	50482.36
252.00	50483.06
252.07	50492.00
252.14	50502.06
252.21	50509.50
252.28	50518.11
252.35	50527.23
252.42	50547.81
252.49	50556.07
252.56	50564.24
252.63	50572.52
252.70	50582.79
252.77	50580.00
252.84	50588.76
252.91	50601.58
252.98	50615.00
253.05	50632.63
253.12	50632.13
253.19	50631.38
253.25	50646.10
253.32	50652.88
253.39	50674.15
253.46	50707.26
253.53	50733.31
253.60	50745.26
253.67	50751.92
253.74	50751.48
253.81	50765.74
253.88	50772.46
253.95	50776.63
254.02	50792.93
254.09	50803.16
254.16	50808.18
254.23	50818.83
254.30	50830.21
254.37	50845.97
254.44	50856.24
254.51	50855.56
254.58	50863.90
254.65	50865.55
254.72	50859.05
254.79	50848.13
254.86	50849.85
254.93	50840.87
255.00	50847.51
255.07	50848.32
255.14	50861.02
255.21	50863.97
255.28	50865.19
255.34	50846.84
255.41	50839.49
255.48	50824.16
255.55	50810.54
255.62	50808.82
255.69	50818.20
255.76	50813.02
255.83	50819.38
255.90	50830.22
255.97	50841.22
256.04	50837.94
256.11	50849.56
256.18	50844.44
256.25	50844.79
256.32	50837.44
256.39	50845.52
256.46	50842.29
256.53	50846.03
256.60	50839.20
256.67	50833.22
256.74	50824.67
256.80	50825.81
256.87	50816.12
256.94	50811.38
257.01	50808.69
257.08	50808.99
257.15	50793.51
257.22	50795.60
257.29	50777.80
257.36	50757.88
257.43	50730.98
257.50	50722.66
257.57	50702.93
257.64	50706.25
257.71	50698.00
257.78	50695.88
257.85	50680.74
257.92	50670.78
257.98	50649.43
258.05	50644.44
258.12	50621.59
258.19	50601.54
258.26	50574.48
258.33	50550.96
258.40	50530.00
258.47	50525.23
258.54	50523.63
258.61	50525.73
258.68	50521.45
258.75	50507.98
258.82	50495.57
258.89	50468.41
258.95	50440.88
259.02	50428.54
259.09	50413.34
259.16	50390.11
259.23	50372.79
259.30	50349.23
259.37	50318.33
259.44	50292.43
259.51	50279.70
259.58	50274.09
259.65	50262.16
259.72	50244.90
259.79	50218.71
259.85	50180.09
259.92	50137.73
259.99	50116.07
260.06	50095.26
260.13	50074.71
260.20	50043.13
260.27	50013.11
260.34	49969.67
260.41	49933.59
260.48	49905.37
260.55	49892.86
260.62	49877.18
260.68	49862.53
260.75	49836.19
260.82	49811.12
260.89	49787.89
260.96	49764.99
261.03	49739.44
261.10	49718.11
261.17	49689.85
261.24	49659.71
261.31	49627.32
261.38	49600.59
261.44	49571.07
261.51	49539.80
261.58	49503.01
261.65	49459.88
261.72	49416.82
261.79	49370.60
261.86	49335.20
261.93	49303.01
262.00	49279.09
262.07	49243.85
262.13	49217.41
262.20	49183.98
262.27	49142.11
262.34	49110.88
262.41	49081.57
262.48	49047.22
262.55	49018.94
262.62	48993.36
262.69	48946.26
262.76	48914.66
262.82	48883.69
262.89	48851.08
262.96	48820.46
263.03	48800.71
263.10	48770.79
263.17	48735.34
263.24	48693.25
263.31	48657.30
263.38	48615.63
263.44	48579.86
263.51	48533.89
263.58	48489.82
263.65	48444.81
263.72	48401.09
263.79	48354.74
263.86	48320.71
263.93	48287.36
264.00	48249.53
264.06	48217.87
264.13	48180.40
264.20	48147.14
264.27	48099.23
264.34	48050.44
264.41	48002.98
264.48	47961.01
264.55	47914.00
264.61	47875.84
264.68	47838.90
264.75	47799.28
264.82	47749.95
264.89	47707.64
264.96	47673.01
265.03	47630.77
265.10	47594.26
265.16	47563.96
265.23	47532.58
265.30	47503.36
265.37	47476.24
265.44	47436.23
265.51	47393.13
265.58	47337.57
265.65	47276.22
265.71	47221.74
265.78	47174.52
265.85	47134.89
265.92	47101.43
265.99	47062.23
266.06	47030.76
266.13	46989.72
266.20	46953.35
266.26	46919.11
266.33	46882.49
266.40	46830.92
266.47	46784.10
266.54	46716.22
266.61	46653.01
266.68	46593.27
266.74	46539.20
266.81	46485.77
266.88	46446.06
266.95	46398.55
267.02	46357.91
267.09	46315.59
267.16	46272.66
267.22	46224.80
267.29	46180.22
267.36	46138.66
267.43	46099.16
267.50	46065.33
267.57	46037.75
267.64	46014.77
267.70	45977.10
267.77	45937.72
267.84	45897.11
267.91	45844.83
267.98	45781.35
268.05	45732.90
268.11	45690.39
268.18	45640.64
268.25	45598.47
268.32	45563.84
268.39	45531.37
268.46	45490.47
268.53	45451.39
268.59	45416.90
268.66	45387.42
268.73	45342.39
268.80	45303.95
268.87	45255.00
268.94	45206.09
269.00	45152.30
269.07	45111.39
269.14	45082.03
269.21	45061.43
269.28	45028.23
269.35	44994.52
269.41	44965.47
269.48	44905.02
269.55	44842.36
269.62	44793.99
269.69	44751.22
269.76	44695.36
269.82	44663.89
269.89	44644.31
269.96	44618.70
270.03	44585.03
270.10	44554.77
270.17	44509.28
270.23	44464.38
270.30	44423.70
270.37	44394.99
270.44	44362.41
270.51	44334.57
270.58	44302.75
270.64	44272.27
270.71	44227.42
270.78	44198.20
270.85	44170.12
270.92	44133.85
270.99	44096.98
271.05	44067.31
271.12	44022.61
271.19	43984.29
271.26	43940.74
271.33	43904.70
271.39	43866.60
271.46	43826.84
271.53	43789.17
271.60	43769.56
271.67	43741.96
271.74	43712.32
271.80	43690.21
271.87	43666.57
271.94	43635.74
272.01	43598.41
272.08	43573.08
272.14	43536.91
272.21	43504.45
272.28	43481.38
272.35	43464.97
272.42	43440.98
272.48	43428.23
272.55	43402.28
272.62	43375.09
272.69	43350.90
272.76	43331.81
272.83	43304.08
272.89	43274.06
272.96	43243.40
273.03	43209.83
273.10	43168.60
273.17	43142.50
273.23	43124.52
273.30	43098.04
273.37	43083.77
273.44	43072.12
273.51	43045.86
273.57	43020.53
273.64	43001.23
273.71	42975.60
273.78	42946.71
273.85	42932.80
273.91	42917.71
273.98	42901.89
274.05	42882.15
274.12	42874.45
274.19	42853.65
274.25	42832.96
274.32	42809.43
274.39	42775.70
274.46	42725.11
274.53	42679.62
274.59	42627.76
274.66	42592.11
274.73	42574.39
274.80	42558.04
274.86	42541.58
274.93	42528.84
275.00	42494.90
275.07	42452.46
275.14	42421.43
275.20	42384.25
275.27	42355.47
275.34	42337.68
275.41	42324.55
275.48	42304.44
275.54	42289.16
275.61	42269.01
275.68	42247.71
275.75	42216.76
275.81	42186.20
275.88	42154.26
275.95	42125.89
276.02	42100.67
276.09	42075.80
276.15	42048.24
276.22	42031.23
276.29	42021.89
276.36	41993.22
276.42	41970.13
276.49	41949.36
276.56	41922.51
276.63	41885.67
276.70	41865.11
276.76	41848.21
276.83	41836.96
276.90	41822.16
276.97	41806.09
277.03	41786.94
277.10	41763.01
277.17	41741.76
277.24	41723.18
277.30	41703.91
277.37	41681.63
277.44	41666.52
277.51	41650.06
277.58	41622.10
277.64	41602.09
277.71	41587.26
277.78	41559.85
277.85	41525.91
277.91	41508.46
277.98	41484.86
278.05	41462.68
278.12	41450.70
278.18	41433.43
278.25	41406.44
278.32	41384.77
278.39	41359.53
278.45	41331.12
278.52	41316.02
278.59	41305.45
278.66	41288.37
278.72	41280.69
278.79	41268.89
278.86	41248.88
278.93	41239.16
278.99	41222.57
279.06	41199.52
279.13	41171.45
279.20	41147.90
279.26	41118.84
279.33	41095.61
279.40	41073.49
279.47	41057.88
279.53	41035.91
279.60	41003.52
279.67	40977.65
279.74	40950.26
279.80	40925.36
279.87	40908.70
279.94	40901.56
280.01	40888.93
280.07	40871.88
280.14	40860.83
280.21	40838.68
280.28	40812.16
280.34	40790.53
280.41	40765.23
280.48	40727.46
280.55	40696.81
280.61	40672.77
280.68	40652.68
280.75	40627.48
280.82	40599.39
280.88	40569.28
280.95	40518.60
281.02	40455.24
281.08	40384.36
281.15	40314.71
281.22	40251.14
281.29	40192.17
281.35	40136.80
281.42	40101.41
281.49	40073.18
281.56	40037.16
281.62	40012.43
281.69	39985.35
281.76	39955.75
281.82	39928.31
281.89	39903.62
281.96	39879.60
282.03	39860.68
282.09	39838.59
282.16	39813.93
282.23	39789.20
282.30	39762.11
282.36	39734.81
282.43	39708.66
282.50	39694.19
282.56	39665.33
282.63	39642.13
282.70	39616.02
282.77	39605.52
282.83	39576.71
282.90	39567.91
282.97	39547.75
283.03	39531.12
283.10	39503.91
283.17	39482.82
283.24	39455.08
283.30	39428.61
283.37	39404.56
283.44	39379.07
283.50	39356.68
283.57	39339.55
283.64	39324.88
283.71	39295.44
283.77	39252.92
283.84	39219.95
283.91	39174.44
283.97	39138.12
284.04	39132.36
284.11	39137.47
284.18	39140.65
284.24	39152.54
284.31	39161.10
284.38	39151.98
284.44	39144.45
284.51	39126.35
284.58	39111.31
284.64	39102.03
284.71	39099.21
284.78	39088.70
284.85	39082.11
284.91	39076.53
284.98	39053.61
285.05	39021.58
285.11	39001.35
285.18	38981.34
285.25	38965.63
285.31	38959.91
285.38	38959.93
285.45	38959.91
285.52	38959.92
285.58	38949.54
285.65	38938.63
285.72	38925.26
285.78	38907.85
285.85	38888.96
285.92	38875.35
285.98	38860.50
286.05	38843.34
286.12	38838.28
286.18	38827.26
286.25	38817.86
286.32	38811.26
286.39	38813.93
286.45	38800.69
286.52	38797.12
286.59	38792.88
286.65	38793.51
286.72	38789.19
286.79	38780.90
286.85	38766.43
286.92	38751.96
286.99	38736.12
287.05	38710.09
287.12	38707.60
287.19	38702.29
287.25	38703.98
287.32	38701.46
287.39	38709.35
287.45	38707.84
287.52	38710.13
287.59	38706.15
287.65	38699.91
287.72	38684.57
287.79	38671.41
287.86	38660.41
287.92	38648.33
287.99	38639.96
288.06	38641.35
288.12	38633.71
288.19	38624.94
288.26	38614.34
288.32	38605.34
288.39	38595.36
288.46	38598.11
288.52	38600.48
288.59	38600.17
288.66	38607.77
288.72	38611.36
288.79	38606.60
288.86	38608.28
288.92	38608.37
288.99	38603.27
289.06	38602.09
289.12	38601.97
289.19	38604.52
289.26	38610.26
289.32	38610.57
289.39	38614.49
289.45	38621.56
289.52	38616.42
289.59	38618.51
289.65	38626.24
289.72	38624.61
289.79	38635.60
289.85	38644.70
289.92	38653.97
289.99	38661.48
290.05	38669.10
290.12	38649.84
290.19	38642.51
290.25	38633.05
290.32	38627.79
290.39	38629.94
290.45	38644.99
290.52	38653.69
290.59	38660.73
290.65	38659.04
290.72	38653.04
290.79	38650.12
290.85	38660.85
290.92	38674.33
290.98	38686.38
291.05	38706.39
291.12	38716.50
291.18	38719.36
291.25	38719.43
291.32	38723.59
291.38	38719.33
291.45	38720.52
291.52	38717.13
291.58	38719.10
291.65	38719.39
291.72	38732.59
291.78	38753.30
291.85	38777.01
291.91	38795.90
291.98	38829.98
292.05	38842.10
292.11	38846.78
292.18	38858.10
292.25	38860.00
292.31	38842.55
292.38	38846.11
292.45	38848.50
292.51	38850.74
292.58	38859.95
292.64	38877.27
292.71	38887.40
292.78	38900.73
292.84	38905.55
292.91	38915.14
292.98	38922.99
293.04	38927.31
293.11	38931.24
293.17	38935.31
293.24	38945.66
293.31	38961.72
293.37	38977.85
293.44	38987.61
293.51	39006.63
293.57	39013.95
293.64	39020.74
293.70	39031.73
293.77	39053.78
293.84	39063.23
293.90	39072.13
293.97	39076.80
294.04	39088.48
294.10	39093.77
294.17	39104.85
294.23	39122.63
294.30	39139.11
294.37	39148.79
294.43	39162.81
294.50	39174.96
294.56	39183.08
294.63	39192.49
294.70	39207.33
294.76	39214.46
294.83	39224.54
294.90	39243.54
294.96	39264.60
295.03	39278.00
295.09	39298.51
295.16	39320.12
295.23	39330.32
295.29	39338.16
295.36	39345.37
295.42	39351.20
295.49	39351.50
295.56	39370.21
295.62	39391.37
295.69	39407.11
295.75	39430.35
295.82	39454.22
295.89	39461.80
295.95	39464.05
296.02	39478.37
296.08	39477.16
296.15	39482.63
296.22	39495.51
296.28	39518.43
296.35	39535.20
296.41	39562.97
296.48	39584.31
296.55	39607.47
296.61	39620.21
296.68	39641.41
296.74	39660.93
296.81	39684.84
296.88	39701.38
296.94	39726.20
297.01	39745.77
297.07	39760.15
297.14	39776.43
297.20	39795.84
297.27	39814.61
297.34	39835.10
297.40	39851.03
297.47	39867.10
297.53	39881.48
297.60	39892.83
297.67	39900.11
297.73	39922.39
297.80	39933.76
297.86	39944.93
297.93	39959.01
298.00	39976.41
298.06	39987.31
298.13	40012.29
298.19	40028.29
298.26	40041.49
298.32	40058.05
298.39	40069.59
298.46	40071.91
298.52	40089.68
298.59	40107.33
298.65	40115.73
298.72	40136.51
298.78	40161.02
298.85	40175.91
298.92	40192.27
298.98	40217.20
299.05	40227.29
299.11	40240.08
299.18	40255.56
299.24	40261.40
299.31	40264.08
299.38	40280.22
299.44	40282.96
299.51	40290.31
299.57	40309.02
299.64	40324.04
299.70	40339.70
299.77	40356.84
299.84	40369.08
299.90	40374.99
299.97	40378.65
300.03	40383.53
300.10	40401.86
300.16	40420.55
300.23	40443.96
300.30	40469.55
300.36	40481.41
300.43	40491.20
300.49	40500.37
300.56	40508.35
300.62	40527.88
300.69	40548.69
300.75	40565.17
300.82	40582.96
300.89	40595.22
300.95	40607.16
301.02	40608.13
301.08	40607.56
301.15	40609.61
301.21	40614.68
301.28	40608.41
301.34	40618.06
301.41	40621.63
301.48	40622.94
301.54	40620.97
301.61	40621.44
301.67	40616.27
301.74	40622.53
301.80	40625.49
301.87	40631.36
301.93	40629.90
302.00	40637.46
302.06	40634.65
302.13	40633.61
302.20	40634.36
302.26	40637.06
302.33	40637.63
302.39	40634.14
302.46	40633.63
302.52	40626.25
302.59	40632.36
302.65	40629.77
302.72	40635.59
302.78	40636.73
302.85	40640.39
302.91	40629.91
302.98	40623.53
303.05	40608.48
303.11	40606.67
303.18	40598.53
303.24	40595.41
303.31	40587.01
303.37	40584.14
303.44	40571.34
303.50	40556.95
303.57	40540.33
303.63	40529.50
303.70	40526.66
303.76	40507.61
303.83	40501.00
303.89	40494.65
303.96	40483.21
304.03	40463.76
304.09	40460.60
304.16	40440.68
304.22	40418.85
304.29	40401.33
304.35	40381.02
304.42	40363.11
304.48	40351.51
304.55	40343.39
304.61	40332.70
304.68	40329.62
304.74	40322.19
304.81	40314.33
304.87	40295.66
304.94	40273.34
305.00	40243.36
305.07	40210.19
305.13	40181.94
305.20	40154.94
305.26	40134.83
305.33	40120.68
305.39	40099.64
305.46	40068.37
305.52	40053.96
305.59	40035.72
305.66	40006.06
305.72	39985.76
305.79	39965.30
305.85	39934.85
305.92	39900.92
305.98	39845.90
306.05	39716.71
306.11	39489.31
306.18	39193.54
306.24	38939.00
306.31	38804.71
306.37	38815.92
306.44	38983.53
306.50	39231.61
306.57	39442.04
306.63	39560.84
306.70	39594.28
306.76	39574.87
306.83	39540.27
306.89	39495.53
306.96	39451.45
307.02	39415.07
307.09	39391.10
307.15	39357.75
307.22	39333.92
307.28	39304.00
307.35	39267.70
307.41	39222.66
307.48	39187.09
307.54	39147.62
307.61	39108.63
307.67	39065.77
307.74	39025.55
307.80	38982.37
307.87	38945.73
307.93	38909.51
308.00	38884.54
308.06	38847.48
308.13	38808.95
308.19	38762.76
308.26	38724.55
308.32	38688.89
308.38	38664.61
308.45	38642.48
308.51	38620.79
308.58	38572.23
308.64	38521.06
308.71	38470.93
308.77	38417.00
308.84	38366.98
308.90	38345.30
308.97	38325.84
309.03	38309.96
309.10	38284.06
309.16	38249.61
309.23	38203.50
309.29	38152.69
309.36	38081.58
309.42	38019.57
309.49	37967.96
309.55	37913.38
309.62	37850.35
309.68	37804.16
309.75	37759.51
309.81	37710.78
309.88	37675.89
309.94	37635.42
310.00	37591.62
310.07	37548.78
310.13	37508.90
310.20	37459.48
310.26	37424.42
310.33	37380.18
310.39	37342.13
310.46	37302.00
310.52	37261.79
310.59	37222.36
310.65	37194.06
310.72	37154.26
310.78	37105.34
310.85	37055.62
310.91	37012.48
310.97	36964.42
311.04	36920.17
311.10	36878.00
311.17	36840.32
311.23	36785.98
311.30	36741.87
311.36	36699.61
311.43	36663.13
311.49	36620.78
311.56	36587.16
311.62	36546.94
311.69	36504.96
311.75	36465.58
311.81	36420.79
311.88	36372.07
311.94	36335.35
312.01	36308.04
312.07	36274.69
312.14	36246.42
312.20	36230.76
312.27	36192.33
312.33	36139.91
312.40	36084.71
312.46	36031.18
312.52	35973.91
312.59	35926.02
312.65	35879.69
312.72	35828.42
312.78	35775.76
312.85	35725.31
312.91	35667.01
312.98	35613.30
313.04	35576.88
313.10	35539.65
313.17	35498.81
313.23	35468.60
313.30	35441.01
313.36	35392.59
313.43	35341.97
313.49	35290.73
313.56	35232.86
313.62	35173.71
313.68	35130.15
313.75	35095.58
313.81	35059.39
313.88	35021.21
313.94	34979.39
314.01	34934.88
314.07	34888.14
314.13	34836.19
314.20	34792.29
314.26	34751.70
314.33	34707.95
314.39	34665.56
314.46	34612.21
314.52	34563.91
314.58	34509.24
314.65	34462.16
314.71	34409.23
314.78	34372.91
314.84	34329.13
314.91	34288.72
314.97	34245.09
315.03	34204.72
315.10	34161.79
315.16	34117.61
315.23	34073.60
315.29	34030.84
315.36	33987.78
315.42	33944.66
315.48	33896.69
315.55	33858.30
315.61	33804.76
315.68	33760.96
315.74	33722.00
315.81	33682.11
315.87	33633.88
315.93	33604.16
316.00	33567.48
316.06	33528.81
316.13	33506.31
316.19	33470.97
316.25	33406.32
316.32	33316.60
316.38	33200.60
316.45	33049.84
316.51	32886.86
316.58	32714.08
316.64	32533.71
316.70	32344.34
316.77	32139.37
316.83	31918.32
316.90	31685.23
316.96	31440.80
317.02	31187.64
317.09	30919.62
317.15	30638.90
317.22	30344.01
317.28	30034.23
317.34	29699.93
317.41	29361.45
317.47	29012.66
317.54	28643.01
317.60	28251.41
317.66	27852.72
317.73	27426.96
317.79	26991.96
317.86	26554.54
317.92	26107.63
317.98	25630.34
318.05	25141.87
318.11	24638.10
318.18	24125.64
318.24	23600.21
318.30	23073.30
318.37	22542.82
318.43	21989.89
318.50	21423.37
318.56	20848.91
318.62	20281.42
318.69	19704.85
318.75	19135.68
318.82	18559.47
318.88	17986.21
318.94	17403.94
319.01	16818.06
319.07	16237.01
319.13	15659.71
319.20	15085.44
319.26	14506.30
319.33	13942.64
319.39	13372.99
319.45	12820.33
319.52	12275.06
319.58	11741.80
319.65	11213.57
319.71	10697.93
319.77	10188.31
319.84	9693.65
319.90	9214.35
319.96	8742.20
320.03	8285.82
320.09	7841.18
320.16	7405.08
320.22	6984.70
320.28	6585.62
320.35	6201.61
320.41	5834.21
320.47	5486.32
320.54	5152.77
320.60	4836.13
320.67	4539.21
320.73	4255.33
320.79	3982.84
320.86	3729.19
320.92	3484.99
320.98	3255.03
321.05	3041.33
321.11	2838.58
321.18	2650.83
321.24	2479.21
321.30	2314.09
321.37	2164.38
321.43	2033.61
321.49	1907.54
321.56	1792.14
321.62	1690.70
321.68	1592.38
321.75	1500.82
321.81	1421.16
321.88	1346.01
321.94	1282.40
322.00	1225.01
322.07	1167.43
322.13	1114.92
322.19	1065.35
322.26	1014.19
322.32	970.61
322.38	933.36
322.45	901.24
322.51	870.21
322.58	845.74
322.64	814.94
322.70	789.12
322.77	757.92
322.83	736.26
322.89	705.53
322.96	680.14
323.02	652.90
323.08	626.91
323.15	599.65
323.21	577.44
323.27	555.16
323.34	533.72
323.40	512.09
323.46	489.34
323.53	461.84
323.59	391.86
323.65	293.96
323.72	184.54
323.78	78.32
323.85	-18.78
323.91	-67.64
323.97	-84.51
324.04	-85.24
