180.21	3427.84
180.28	-125.35
180.36	633.78
180.44	-44.30
180.51	-10.02
180.59	17.52
180.66	49.21
180.74	50.26
180.81	52.13
180.89	56.58
180.97	59.67
181.04	60.29
181.12	61.59
181.19	65.67
181.27	68.68
181.34	88.16
181.42	96.39
181.50	104.08
181.57	114.63
181.65	119.23
181.72	113.78
181.80	110.67
181.87	115.93
181.95	123.91
182.03	134.65
182.10	149.17
182.18	165.86
182.25	189.72
182.33	210.77
182.40	236.74
182.48	253.23
182.55	285.46
182.63	305.65
182.71	323.92
182.78	341.37
182.86	350.82
182.93	334.45
183.01	316.86
183.08	294.21
183.16	281.10
183.23	276.52
183.31	303.14
183.39	335.76
183.46	387.18
183.54	432.59
183.61	491.01
183.69	547.02
183.76	614.03
183.84	671.15
183.91	732.57
183.99	794.50
184.06	842.60
184.14	897.32
184.22	936.89
184.29	942.29
184.37	938.45
184.44	909.15
184.52	816.17
184.59	713.64
184.67	641.33
184.74	576.51
184.82	563.63
184.89	615.97
184.97	712.10
185.04	816.64
185.12	924.66
185.20	1028.85
185.27	1136.49
185.35	1228.01
185.42	1296.85
185.50	1376.03
185.57	1429.39
185.65	1484.84
185.72	1556.60
185.80	1634.11
185.87	1701.31
185.95	1791.57
186.02	1845.15
186.10	1847.10
186.17	1806.19
186.25	1672.99
186.33	1471.82
186.40	1303.21
186.48	1200.91
186.55	1180.86
186.63	1263.57
186.70	1436.72
186.78	1601.84
186.85	1750.01
186.93	1873.03
187.00	2008.78
187.08	2117.39
187.15	2251.33
187.23	2386.74
187.30	2504.79
187.38	2622.73
187.45	2758.64
187.53	2855.92
187.60	2944.12
187.68	3065.57
187.75	3146.54
187.83	3186.87
187.90	3222.40
187.98	3216.78
188.05	3095.35
188.13	2862.82
188.21	2601.32
188.28	2380.51
188.36	2213.70
188.43	2183.97
188.51	2319.99
188.58	2532.92
188.66	2728.64
188.73	2929.08
188.81	3110.48
188.88	3272.67
188.96	3409.12
189.03	3555.62
189.11	3692.93
189.18	3801.65
189.26	3905.07
189.33	4024.42
189.41	4117.74
189.48	4202.82
189.56	4312.21
189.63	4392.52
189.71	4445.11
189.78	4504.46
189.86	4526.68
189.93	4492.04
190.01	4415.79
190.08	4256.97
190.16	3974.66
190.23	3677.14
190.31	3467.15
190.38	3351.71
190.46	3364.63
190.53	3527.37
190.61	3766.54
190.68	3975.37
190.76	4173.61
190.83	4341.94
190.91	4507.32
190.98	4644.83
191.06	4789.82
191.13	4918.62
191.21	5032.33
191.28	5137.72
191.35	5246.52
191.43	5328.42
191.50	5399.29
191.58	5479.05
191.65	5524.91
191.73	5552.82
191.80	5580.34
191.88	5582.31
191.95	5572.04
192.03	5565.95
192.10	5550.96
192.18	5505.52
192.25	5417.02
192.33	5246.11
192.40	5054.70
192.48	4899.67
192.55	4818.82
192.63	4829.48
192.70	4962.03
192.78	5152.37
192.85	5345.35
192.93	5515.39
193.00	5659.34
193.08	5789.74
193.15	5896.50
193.22	5983.23
193.30	6048.02
193.37	6108.51
193.45	6145.06
193.52	6190.65
193.60	6237.44
193.67	6286.74
193.75	6336.01
193.82	6382.23
193.90	6417.43
193.97	6459.52
194.05	6502.23
194.12	6541.17
194.20	6591.83
194.27	6641.42
194.34	6668.30
194.42	6681.00
194.49	6687.01
194.57	6663.96
194.64	6586.82
194.72	6494.38
194.79	6410.51
194.87	6334.36
194.94	6285.36
195.02	6299.81
195.09	6356.09
195.17	6434.72
195.24	6535.55
195.31	6647.45
195.39	6763.09
195.46	6868.17
195.54	6964.42
195.61	7040.34
195.69	7099.04
195.76	7139.96
195.84	7182.84
195.91	7202.76
195.99	7213.03
196.06	7225.48
196.13	7237.04
196.21	7230.54
196.28	7219.62
196.36	7198.43
196.43	7158.63
196.51	7116.36
196.58	7087.50
196.66	7083.15
196.73	7116.14
196.80	7179.23
196.88	7249.97
196.95	7333.42
197.03	7406.10
197.10	7449.44
197.18	7475.22
197.25	7499.42
197.33	7519.69
197.40	7548.16
197.47	7572.65
197.55	7605.47
197.62	7633.02
197.70	7648.73
197.77	7648.06
197.85	7647.20
197.92	7619.32
197.99	7564.39
198.07	7492.31
198.14	7430.35
198.22	7412.86
198.29	7441.95
198.37	7526.26
198.44	7650.67
198.51	7778.58
198.59	7878.66
198.66	7968.96
198.74	8037.02
198.81	8089.99
198.89	8129.36
198.96	8165.24
199.03	8182.21
199.11	8195.57
199.18	8195.30
199.26	8196.29
199.33	8191.48
199.41	8176.83
199.48	8119.83
199.55	8040.84
199.63	7952.97
199.70	7887.13
199.78	7858.19
199.85	7910.46
199.93	8017.58
200.00	8164.66
200.07	8304.47
200.15	8435.40
200.22	8530.85
200.30	8602.73
200.37	8662.19
200.44	8715.62
200.52	8758.50
200.59	8796.98
200.67	8819.99
200.74	8817.55
200.81	8802.56
200.89	8782.41
200.96	8769.32
201.04	8742.30
201.11	8703.06
201.19	8657.82
201.26	8616.72
201.33	8587.82
201.41	8611.93
201.48	8691.45
201.56	8805.46
201.63	8946.07
201.70	9073.27
201.78	9180.64
201.85	9274.07
201.93	9349.35
202.00	9398.87
202.07	9452.82
202.15	9497.42
202.22	9524.52
202.30	9551.33
202.37	9570.87
202.44	9580.26
202.52	9581.40
202.59	9580.25
202.67	9567.81
202.74	9566.32
202.81	9551.23
202.89	9533.77
202.96	9537.37
203.04	9581.89
203.11	9644.95
203.18	9751.41
203.26	9883.68
203.33	10005.72
203.41	10102.60
203.48	10188.62
203.55	10247.39
203.63	10302.77
203.70	10360.47
203.77	10411.49
203.85	10448.62
203.92	10488.16
204.00	10533.68
204.07	10573.12
204.14	10613.45
204.22	10647.83
204.29	10679.22
204.37	10690.71
204.44	10696.85
204.51	10708.96
204.59	10732.28
204.66	10765.71
204.73	10829.92
204.81	10917.38
204.88	11017.83
204.96	11134.12
205.03	11243.73
205.10	11328.80
205.18	11404.52
205.25	11471.11
205.32	11529.25
205.40	11587.52
205.47	11650.13
205.55	11713.32
205.62	11776.44
205.69	11840.15
205.77	11897.89
205.84	11956.79
205.91	12012.46
205.99	12065.05
206.06	12104.89
206.14	12153.71
206.21	12202.31
206.28	12241.33
206.36	12288.66
206.43	12345.49
206.50	12420.21
206.58	12503.16
206.65	12602.56
206.72	12705.62
206.80	12813.48
206.87	12909.16
206.95	13005.12
207.02	13101.72
207.09	13195.83
207.17	13285.16
207.24	13372.08
207.31	13454.94
207.39	13530.01
207.46	13596.06
207.53	13661.06
207.61	13735.68
207.68	13802.10
207.75	13879.20
207.83	13962.16
207.90	14040.10
207.98	14099.87
208.05	14173.97
208.12	14242.50
208.20	14318.73
208.27	14413.27
208.34	14517.13
208.42	14614.92
208.49	14712.34
208.56	14803.70
208.64	14898.58
208.71	14995.35
208.78	15086.52
208.86	15189.33
208.93	15295.55
209.00	15390.57
209.08	15483.92
209.15	15585.97
209.22	15687.49
209.30	15785.49
209.37	15882.44
209.44	15986.83
209.52	16088.47
209.59	16175.76
209.67	16270.08
209.74	16363.23
209.81	16464.99
209.89	16564.75
209.96	16671.67
210.03	16775.86
210.11	16883.21
210.18	16977.15
210.25	17090.94
210.33	17204.84
210.40	17312.08
210.47	17427.90
210.55	17547.77
210.62	17650.37
210.69	17744.39
210.77	17850.84
210.84	17952.76
210.91	18068.77
210.99	18181.46
211.06	18308.60
211.13	18434.68
211.21	18557.26
211.28	18662.24
211.35	18777.24
211.42	18892.64
211.50	19002.68
211.57	19112.87
211.64	19227.39
211.72	19345.65
211.79	19456.92
211.86	19576.83
211.94	19705.96
212.01	19838.72
212.08	19965.20
212.16	20087.05
212.23	20213.09
212.30	20334.76
212.38	20450.29
212.45	20578.83
212.52	20709.19
212.60	20832.27
212.67	20960.39
212.74	21091.78
212.82	21209.03
212.89	21328.93
212.96	21452.09
213.03	21584.01
213.11	21715.74
213.18	21852.29
213.25	21998.54
213.33	22145.43
213.40	22278.14
213.47	22408.31
213.55	22535.48
213.62	22658.73
213.69	22774.52
213.77	22898.25
213.84	23024.95
213.91	23166.43
213.98	23301.45
214.06	23445.26
214.13	23588.34
214.20	23743.46
214.28	23892.51
214.35	24038.85
214.42	24182.21
214.50	24326.68
214.57	24451.79
214.64	24575.78
214.72	24698.31
214.79	24824.48
214.86	24941.44
214.93	25074.96
215.01	25216.27
215.08	25356.82
215.15	25490.72
215.23	25625.78
215.30	25764.53
215.37	25894.44
215.44	26044.32
215.52	26205.86
215.59	26369.70
215.66	26522.92
215.74	26671.38
215.81	26810.67
215.88	26945.97
215.95	27075.66
216.03	27203.51
216.10	27340.71
216.17	27487.70
216.25	27630.78
216.32	27790.25
216.39	27950.95
216.46	28101.99
216.54	28233.24
216.61	28367.69
216.68	28490.57
216.76	28623.60
216.83	28769.27
216.90	28934.38
216.97	29105.21
217.05	29272.08
217.12	29422.50
217.19	29544.25
217.27	29635.45
217.34	29719.81
217.41	29815.40
217.48	29921.02
217.56	30048.92
217.63	30212.19
217.70	30376.80
217.78	30541.52
217.85	30705.76
217.92	30876.00
217.99	31035.86
218.07	31178.36
218.14	31308.27
218.21	31444.95
218.28	31585.48
218.36	31726.25
218.43	31873.04
218.50	32033.09
218.57	32173.02
218.65	32293.42
218.72	32417.63
218.79	32551.67
218.87	32683.25
218.94	32823.17
219.01	32967.40
219.08	33104.87
219.16	33230.60
219.23	33344.90
219.30	33459.17
219.37	33579.27
219.45	33705.24
219.52	33848.60
219.59	33984.65
219.66	34110.50
219.74	34244.88
219.81	34397.81
219.88	34533.58
219.95	34678.20
220.03	34841.88
220.10	34983.94
220.17	35098.37
220.24	35217.00
220.32	35344.82
220.39	35458.92
220.46	35581.27
220.53	35710.58
220.61	35833.81
220.68	35955.54
220.75	36087.45
220.82	36224.67
220.90	36337.13
220.97	36436.75
221.04	36523.57
221.11	36609.98
221.19	36698.21
221.26	36803.98
221.33	36934.18
221.40	37077.76
221.48	37220.72
221.55	37346.69
221.62	37478.12
221.69	37609.69
221.77	37726.97
221.84	37838.29
221.91	37965.29
221.98	38083.00
222.06	38203.11
222.13	38336.72
222.20	38463.77
222.27	38573.17
222.35	38683.57
222.42	38787.61
222.49	38870.95
222.56	38952.39
222.63	39044.44
222.71	39144.36
222.78	39257.42
222.85	39371.97
222.92	39489.08
223.00	39596.21
223.07	39686.22
223.14	39758.48
223.21	39846.12
223.29	39947.68
223.36	40061.71
223.43	40191.27
223.50	40319.85
223.57	40447.66
223.65	40580.99
223.72	40700.23
223.79	40809.17
223.86	40917.52
223.94	41016.50
224.01	41096.58
224.08	41158.27
224.15	41221.83
224.22	41281.47
224.30	41339.18
224.37	41409.50
224.44	41506.22
224.51	41604.42
224.59	41713.48
224.66	41829.76
224.73	41937.33
224.80	42043.58
224.87	42150.15
224.95	42251.03
225.02	42346.82
225.09	42433.53
225.16	42516.87
225.23	42601.13
225.31	42688.52
225.38	42777.35
225.45	42869.22
225.52	42956.95
225.60	43031.06
225.67	43083.23
225.74	43131.92
225.81	43176.76
225.88	43230.89
225.96	43321.78
226.03	43441.82
226.10	43560.76
226.17	43686.31
226.24	43810.25
226.32	43897.40
226.39	43967.27
226.46	44028.27
226.53	44086.62
226.60	44137.57
226.68	44198.16
226.75	44262.77
226.82	44337.30
226.89	44413.71
226.96	44481.71
227.04	44526.72
227.11	44567.06
227.18	44613.43
227.25	44649.28
227.32	44705.69
227.40	44788.05
227.47	44870.61
227.54	44941.22
227.61	45013.23
227.68	45087.47
227.76	45159.21
227.83	45232.19
227.90	45302.01
227.97	45370.15
228.04	45429.21
228.11	45468.41
228.19	45508.12
228.26	45565.48
228.33	45633.80
228.40	45692.62
228.47	45765.97
228.55	45838.32
228.62	45905.52
228.69	45964.47
228.76	46023.55
228.83	46077.56
228.90	46135.03
228.98	46194.73
229.05	46255.25
229.12	46329.04
229.19	46405.42
229.26	46480.34
229.34	46528.40
229.41	46579.14
229.48	46620.64
229.55	46663.14
229.62	46706.41
229.69	46768.59
229.77	46814.56
229.84	46851.62
229.91	46887.57
229.98	46911.11
230.05	46938.00
230.12	46982.03
230.20	47050.03
230.27	47117.19
230.34	47193.63
230.41	47269.22
230.48	47331.13
230.55	47378.26
230.63	47423.05
230.70	47472.74
230.77	47499.10
230.84	47531.62
230.91	47564.74
230.98	47607.16
231.06	47641.67
231.13	47701.53
231.20	47773.70
231.27	47839.61
231.34	47889.07
231.41	47945.52
231.49	47994.49
231.56	48041.97
231.63	48093.72
231.70	48147.17
231.77	48187.38
231.84	48211.37
231.92	48219.70
231.99	48230.17
232.06	48253.84
232.13	48285.22
232.20	48339.94
232.27	48395.66
232.34	48445.71
232.42	48468.56
232.49	48492.01
232.56	48522.43
232.63	48570.25
232.70	48621.95
232.77	48695.39
232.85	48761.35
232.92	48803.37
232.99	48824.56
233.06	48852.48
233.13	48866.08
233.20	48870.72
233.27	48886.69
233.35	48903.15
233.42	48898.15
233.49	48904.34
233.56	48929.09
233.63	48948.02
233.70	48967.35
233.77	49001.44
233.85	49038.52
233.92	49066.14
233.99	49095.85
234.06	49135.64
234.13	49181.52
234.20	49224.03
234.27	49258.57
234.35	49289.36
234.42	49302.56
234.49	49304.53
234.56	49307.70
234.63	49307.34
234.70	49300.71
234.77	49295.60
234.84	49280.50
234.92	49257.47
234.99	49261.76
235.06	49277.99
235.13	49305.16
235.20	49342.49
235.27	49393.04
235.34	49417.61
235.41	49449.97
235.49	49476.60
235.56	49499.49
235.63	49500.44
235.70	49504.86
235.77	49493.27
235.84	49482.22
235.91	49469.69
235.98	49465.27
236.06	49465.32
236.13	49462.83
236.20	49462.44
236.27	49452.72
236.34	49461.57
236.41	49472.11
236.48	49480.48
236.55	49484.67
236.63	49484.89
236.70	49475.69
236.77	49462.12
236.84	49472.43
236.91	49466.07
236.98	49469.79
237.05	49473.39
237.12	49465.27
237.19	49435.74
237.27	49430.41
237.34	49426.15
237.41	49416.85
237.48	49409.59
237.55	49398.29
237.62	49389.14
237.69	49395.36
237.76	49403.11
237.83	49420.46
237.91	49444.59
237.98	49454.60
238.05	49448.71
238.12	49440.92
238.19	49436.05
238.26	49438.88
238.33	49438.44
238.40	49419.02
238.47	49395.99
238.54	49372.06
238.62	49337.30
238.69	49303.82
238.76	49285.90
238.83	49279.12
238.90	49291.51
238.97	49310.46
239.04	49330.40
239.11	49350.38
239.18	49373.15
239.25	49367.52
239.33	49339.22
239.40	49315.99
239.47	49285.75
239.54	49231.79
239.61	49182.47
239.68	49139.53
239.75	49107.36
239.82	49081.78
239.89	49063.24
239.96	49060.69
240.03	49066.81
240.11	49074.46
240.18	49090.87
240.25	49101.03
240.32	49105.26
240.39	49117.46
240.46	49124.28
240.53	49141.98
240.60	49180.00
240.67	49209.05
240.74	49223.04
240.81	49235.50
240.88	49229.15
240.96	49203.17
241.03	49177.91
241.10	49154.78
241.17	49128.97
241.24	49105.79
241.31	49091.06
241.38	49075.14
241.45	49072.18
241.52	49075.45
241.59	49077.19
241.66	49088.91
241.73	49100.07
241.80	49106.65
241.88	49099.67
241.95	49079.70
242.02	49046.57
242.09	48995.87
242.16	48939.09
242.23	48911.71
242.30	48902.04
242.37	48893.94
242.44	48913.06
242.51	48918.92
242.58	48906.02
242.65	48895.37
242.72	48899.74
242.79	48883.56
242.87	48896.06
242.94	48898.55
243.01	48889.96
243.08	48879.48
243.15	48876.00
243.22	48868.67
243.29	48882.62
243.36	48900.13
243.43	48912.65
243.50	48939.37
243.57	48961.71
243.64	48967.62
243.71	48984.15
243.78	48997.18
243.85	48994.75
243.92	48975.66
243.99	48958.31
244.07	48929.44
244.14	48897.97
244.21	48882.06
244.28	48897.07
244.35	48916.47
244.42	48950.47
244.49	48978.24
244.56	49004.77
244.63	49007.46
244.70	49000.62
244.77	48995.03
244.84	48991.81
244.91	48980.89
244.98	48971.35
245.05	48983.05
245.12	49002.46
245.19	49036.76
245.26	49064.69
245.33	49105.97
245.40	49138.65
245.47	49154.64
245.55	49165.23
245.62	49178.34
245.69	49187.83
245.76	49204.95
245.83	49224.14
245.90	49236.00
245.97	49242.37
246.04	49255.19
246.11	49259.07
246.18	49250.57
246.25	49240.37
246.32	49236.70
246.39	49226.27
246.46	49230.49
246.53	49241.92
246.60	49263.23
246.67	49296.92
246.74	49333.79
246.81	49360.08
246.88	49388.42
246.95	49403.02
247.02	49409.39
247.09	49410.14
247.16	49405.38
247.23	49388.00
247.30	49369.97
247.37	49344.49
247.44	49334.04
247.51	49319.72
247.58	49321.43
247.66	49351.43
247.73	49408.16
247.80	49455.17
247.87	49505.91
247.94	49569.59
248.01	49625.46
248.08	49665.64
248.15	49693.81
248.22	49725.43
248.29	49755.17
248.36	49772.40
248.43	49795.50
248.50	49829.11
248.57	49859.68
248.64	49874.85
248.71	49901.98
248.78	49928.37
248.85	49944.90
248.92	49965.55
248.99	49982.51
249.06	49975.53
249.13	49948.93
249.20	49938.59
249.27	49914.48
249.34	49905.35
249.41	49920.83
249.48	49945.89
249.55	49954.47
249.62	49982.63
249.69	49998.57
249.76	50019.42
249.83	50051.26
249.90	50089.67
249.97	50119.51
250.04	50168.85
250.11	50221.01
250.18	50264.34
250.25	50310.05
250.32	50347.65
250.39	50372.70
250.46	50382.10
250.53	50394.08
250.60	50398.05
250.67	50412.16
250.74	50428.54
250.81	50428.96
250.88	50425.54
250.95	50433.70
251.02	50424.55
251.09	50415.17
251.16	50442.98
251.23	50474.93
251.30	50508.88
251.37	50551.55
251.44	50584.56
251.51	50612.79
251.58	50634.24
251.65	50655.40
251.72	50677.23
251.79	50691.37
251.86	50680.57
251.93	50656.80
252.00	50614.75
252.07	50561.90
252.14	50539.42
252.21	50535.20
252.28	50553.07
252.35	50590.35
252.42	50660.89
252.49	50704.74
252.56	50741.02
252.63	50778.92
252.70	50802.62
252.77	50805.51
252.84	50817.80
252.91	50815.62
252.98	50793.00
253.05	50776.71
253.12	50775.12
253.19	50784.52
253.25	50816.05
253.32	50850.41
253.39	50891.14
253.46	50913.17
253.53	50923.24
253.60	50905.86
253.67	50900.37
253.74	50913.07
253.81	50938.94
253.88	50961.95
253.95	51000.87
254.02	51033.44
254.09	51044.49
254.16	51042.76
254.23	51031.58
254.30	51014.03
254.37	51006.26
254.44	51010.96
254.51	51028.97
254.58	51050.59
254.65	51077.27
254.72	51085.16
254.79	51065.86
254.86	51039.57
254.93	51013.84
255.00	50996.07
255.07	51002.42
255.14	51016.02
255.21	51010.34
255.28	50992.96
255.34	50973.14
255.41	50959.23
255.48	50957.83
255.55	50976.54
255.62	51020.91
255.69	51059.35
255.76	51090.17
255.83	51121.22
255.90	51141.69
255.97	51158.68
256.04	51161.22
256.11	51160.24
256.18	51150.52
256.25	51138.20
256.32	51115.71
256.39	51093.09
256.46	51064.93
256.53	51036.71
256.60	51010.08
256.67	50984.29
256.74	50973.81
256.80	50969.63
256.87	50952.84
256.94	50939.91
257.01	50939.23
257.08	50938.94
257.15	50927.21
257.22	50930.97
257.29	50925.95
257.36	50914.27
257.43	50906.69
257.50	50903.93
257.57	50885.49
257.64	50885.17
257.71	50869.61
257.78	50854.02
257.85	50828.15
257.92	50825.62
257.98	50822.39
258.05	50828.00
258.12	50823.34
258.19	50813.45
258.26	50781.40
258.33	50729.91
258.40	50690.50
258.47	50651.48
258.54	50643.50
258.61	50656.13
258.68	50678.90
258.75	50696.60
258.82	50714.25
258.89	50697.57
258.95	50660.65
259.02	50629.76
259.09	50581.30
259.16	50524.73
259.23	50473.58
259.30	50438.63
259.37	50406.74
259.44	50393.35
259.51	50393.11
259.58	50403.67
259.65	50397.63
259.72	50385.32
259.79	50352.42
259.85	50317.71
259.92	50283.66
259.99	50271.79
260.06	50266.04
260.13	50253.44
260.20	50238.94
260.27	50206.14
260.34	50150.79
260.41	50089.02
260.48	50046.35
260.55	50008.32
260.62	49976.27
260.68	49950.25
260.75	49923.32
260.82	49909.66
260.89	49892.35
260.96	49881.30
261.03	49878.45
261.10	49870.61
261.17	49852.90
261.24	49824.55
261.31	49799.36
261.38	49757.57
261.44	49711.33
261.51	49665.34
261.58	49629.44
261.65	49589.60
261.72	49551.44
261.79	49513.16
261.86	49465.99
261.93	49426.62
262.00	49393.27
262.07	49360.46
262.13	49329.14
262.20	49306.39
262.27	49268.85
262.34	49235.19
262.41	49199.77
262.48	49164.92
262.55	49126.34
262.62	49084.37
262.69	49024.44
262.76	48975.51
262.82	48932.89
262.89	48886.90
262.96	48838.48
263.03	48806.73
263.10	48771.65
263.17	48714.97
263.24	48661.54
263.31	48634.28
263.38	48592.17
263.44	48554.98
263.51	48532.09
263.58	48511.21
263.65	48470.10
263.72	48434.73
263.79	48380.50
263.86	48322.61
263.93	48265.56
264.00	48221.12
264.06	48186.91
264.13	48159.58
264.20	48143.02
264.27	48118.99
264.34	48089.72
264.41	48043.93
264.48	48006.49
264.55	47969.80
264.61	47941.39
264.68	47899.57
264.75	47865.75
264.82	47804.04
264.89	47725.53
264.96	47638.42
265.03	47567.38
265.10	47505.03
265.16	47474.14
265.23	47457.11
265.30	47456.68
265.37	47442.13
265.44	47414.38
265.51	47391.88
265.58	47364.35
265.65	47313.92
265.71	47263.01
265.78	47217.43
265.85	47149.56
265.92	47082.70
265.99	47026.44
266.06	46978.83
266.13	46921.32
266.20	46884.29
266.26	46862.39
266.33	46828.87
266.40	46780.40
266.47	46724.93
266.54	46642.73
266.61	46558.36
266.68	46488.24
266.74	46428.97
266.81	46390.12
266.88	46363.06
266.95	46316.70
267.02	46277.96
267.09	46236.33
267.16	46182.69
267.22	46138.96
267.29	46113.45
267.36	46084.62
267.43	46060.95
267.50	46030.05
267.57	45990.08
267.64	45938.24
267.70	45884.59
267.77	45831.85
267.84	45790.98
267.91	45742.80
267.98	45691.95
268.05	45633.45
268.11	45568.57
268.18	45501.83
268.25	45448.58
268.32	45403.30
268.39	45360.46
268.46	45325.01
268.53	45314.61
268.59	45292.13
268.66	45268.69
268.73	45241.30
268.80	45216.52
268.87	45155.43
268.94	45115.13
269.00	45080.15
269.07	45036.66
269.14	44986.03
269.21	44948.66
269.28	44909.52
269.35	44860.51
269.41	44819.11
269.48	44774.91
269.55	44725.79
269.62	44659.01
269.69	44592.44
269.76	44524.55
269.82	44463.00
269.89	44420.37
269.96	44393.33
270.03	44374.57
270.10	44360.78
270.17	44339.60
270.23	44314.78
270.30	44280.02
270.37	44242.69
270.44	44214.50
270.51	44189.95
270.58	44151.08
270.64	44120.04
270.71	44085.13
270.78	44049.15
270.85	44002.91
270.92	43957.46
270.99	43903.93
271.05	43860.31
271.12	43807.85
271.19	43764.25
271.26	43712.13
271.33	43672.32
271.39	43624.74
271.46	43562.44
271.53	43515.76
271.60	43495.69
271.67	43473.74
271.74	43449.57
271.80	43444.65
271.87	43438.90
271.94	43402.01
272.01	43356.21
272.08	43313.86
272.14	43267.49
272.21	43224.52
272.28	43206.01
272.35	43185.62
272.42	43164.95
272.48	43154.84
272.55	43132.08
272.62	43113.32
272.69	43106.27
272.76	43104.26
272.83	43080.55
272.89	43058.43
272.96	43025.02
273.03	42979.59
273.10	42927.30
273.17	42890.99
273.23	42847.26
273.30	42804.85
273.37	42766.90
273.44	42742.80
273.51	42719.15
273.57	42710.58
273.64	42697.79
273.71	42693.64
273.78	42678.43
273.85	42662.86
273.91	42628.65
273.98	42611.04
274.05	42579.73
274.12	42548.92
274.19	42523.69
274.25	42499.34
274.32	42462.20
274.39	42426.03
274.46	42375.75
274.53	42317.43
274.59	42255.66
274.66	42198.14
274.73	42159.98
274.80	42126.62
274.86	42097.96
274.93	42083.98
275.00	42066.93
275.07	42036.93
275.14	42009.64
275.20	41971.61
275.27	41933.35
275.34	41892.41
275.41	41857.23
275.48	41848.25
275.54	41837.71
275.61	41819.97
275.68	41804.42
275.75	41777.02
275.81	41722.93
275.88	41689.25
275.95	41661.23
276.02	41616.83
276.09	41577.92
276.15	41552.26
276.22	41520.37
276.29	41499.01
276.36	41474.58
276.42	41457.86
276.49	41423.80
276.56	41375.30
276.63	41303.10
276.70	41258.34
276.76	41218.59
276.83	41200.27
276.90	41191.83
276.97	41202.27
277.03	41204.51
277.10	41198.47
277.17	41188.22
277.24	41181.72
277.30	41160.68
277.37	41132.59
277.44	41101.74
277.51	41066.67
277.58	41018.82
277.64	40979.34
277.71	40947.87
277.78	40908.34
277.85	40858.78
277.91	40817.70
277.98	40780.82
278.05	40735.98
278.12	40703.17
278.18	40677.69
278.25	40654.45
278.32	40632.15
278.39	40627.10
278.45	40623.18
278.52	40616.85
278.59	40601.12
278.66	40574.75
278.72	40546.54
278.79	40513.79
278.86	40474.99
278.93	40464.72
278.99	40451.96
279.06	40433.87
279.13	40416.72
279.20	40412.36
279.26	40387.65
279.33	40377.33
279.40	40352.91
279.47	40319.65
279.53	40283.59
279.60	40243.51
279.67	40203.18
279.74	40166.97
279.80	40136.54
279.87	40109.67
279.94	40081.98
280.01	40052.55
280.07	40022.66
280.14	39995.42
280.21	39961.04
280.28	39925.87
280.34	39882.40
280.41	39845.10
280.48	39788.35
280.55	39744.07
280.61	39712.70
280.68	39692.50
280.75	39669.65
280.82	39650.74
280.88	39622.20
280.95	39566.82
281.02	39505.93
281.08	39438.01
281.15	39374.06
281.22	39308.60
281.29	39248.96
281.35	39184.38
281.42	39129.59
281.49	39072.10
281.56	39021.58
281.62	38982.67
281.69	38951.73
281.76	38926.57
281.82	38911.30
281.89	38893.00
281.96	38866.34
282.03	38832.13
282.09	38790.71
282.16	38754.71
282.23	38714.67
282.30	38679.60
282.36	38645.30
282.43	38622.39
282.50	38600.63
282.56	38561.76
282.63	38540.05
282.70	38516.23
282.77	38491.82
282.83	38466.69
282.90	38466.64
282.97	38447.36
283.03	38435.24
283.10	38424.84
283.17	38411.90
283.24	38378.20
283.30	38344.60
283.37	38316.05
283.44	38275.45
283.50	38222.86
283.57	38182.17
283.64	38133.58
283.71	38070.82
283.77	38023.01
283.84	37997.09
283.91	37970.68
283.97	37965.64
284.04	37969.71
284.11	37956.57
284.18	37939.34
284.24	37927.58
284.31	37913.89
284.38	37900.45
284.44	37890.69
284.51	37882.21
284.58	37875.22
284.64	37858.82
284.71	37842.62
284.78	37821.38
284.85	37799.40
284.91	37773.14
284.98	37749.87
285.05	37707.87
285.11	37679.49
285.18	37649.39
285.25	37619.88
285.31	37601.30
285.38	37594.78
285.45	37591.99
285.52	37586.43
285.58	37571.58
285.65	37546.40
285.72	37523.07
285.78	37493.57
285.85	37469.56
285.92	37452.17
285.98	37435.00
286.05	37420.59
286.12	37403.46
286.18	37381.59
286.25	37362.75
286.32	37341.40
286.39	37322.87
286.45	37298.75
286.52	37269.72
286.59	37239.88
286.65	37223.25
286.72	37213.28
286.79	37218.55
286.85	37230.42
286.92	37235.87
286.99	37228.74
287.05	37206.64
287.12	37188.17
287.19	37165.81
287.25	37152.78
287.32	37144.50
287.39	37144.09
287.45	37132.78
287.52	37121.56
287.59	37116.01
287.65	37101.38
287.72	37076.99
287.79	37043.52
287.86	37008.89
287.92	36965.83
287.99	36933.70
288.06	36923.47
288.12	36908.18
288.19	36898.47
288.26	36880.86
288.32	36864.46
288.39	36838.64
288.46	36828.92
288.52	36820.59
288.59	36826.86
288.66	36835.52
288.72	36833.28
288.79	36833.21
288.86	36815.54
288.92	36791.66
288.99	36757.03
289.06	36736.43
289.12	36710.92
289.19	36697.75
289.26	36689.48
289.32	36691.77
289.39	36681.12
289.45	36675.64
289.52	36664.71
289.59	36660.54
289.65	36648.11
289.72	36638.02
289.79	36625.74
289.85	36620.06
289.92	36600.99
289.99	36588.12
290.05	36576.59
290.12	36553.92
290.19	36535.53
290.25	36511.42
290.32	36486.65
290.39	36474.43
290.45	36476.48
290.52	36474.72
290.59	36476.53
290.65	36471.88
290.72	36454.54
290.79	36439.11
290.85	36424.97
290.92	36424.57
290.98	36422.59
291.05	36423.81
291.12	36414.92
291.18	36407.47
291.25	36388.47
291.32	36375.75
291.38	36353.02
291.45	36332.97
291.52	36316.17
291.58	36298.05
291.65	36281.68
291.72	36268.26
291.78	36265.32
291.85	36248.49
291.91	36237.04
291.98	36232.04
292.05	36221.58
292.11	36205.99
292.18	36199.52
292.25	36191.23
292.31	36167.26
292.38	36159.20
292.45	36150.61
292.51	36144.99
292.58	36130.40
292.64	36128.65
292.71	36121.55
292.78	36106.49
292.84	36083.20
292.91	36071.82
292.98	36050.91
293.04	36037.76
293.11	36023.29
293.17	36015.73
293.24	36012.42
293.31	36006.96
293.37	35993.42
293.44	35980.78
293.51	35966.07
293.57	35945.35
293.64	35932.05
293.70	35925.17
293.77	35918.33
293.84	35908.13
293.90	35894.83
293.97	35886.43
294.04	35877.39
294.10	35858.13
294.17	35848.72
294.23	35839.99
294.30	35821.72
294.37	35802.49
294.43	35802.55
294.50	35784.38
294.56	35774.01
294.63	35762.71
294.70	35746.76
294.76	35729.94
294.83	35719.12
294.90	35706.51
294.96	35696.70
295.03	35687.19
295.09	35680.13
295.16	35686.22
295.23	35670.06
295.29	35661.77
295.36	35647.07
295.42	35624.11
295.49	35592.53
295.56	35588.97
295.62	35575.33
295.69	35560.71
295.75	35554.34
295.82	35546.67
295.89	35524.57
295.95	35495.98
296.02	35473.41
296.08	35441.67
296.15	35407.46
296.22	35385.80
296.28	35370.74
296.35	35364.44
296.41	35353.32
296.48	35352.84
296.55	35349.87
296.61	35341.86
296.68	35333.04
296.74	35328.83
296.81	35319.01
296.88	35302.78
296.94	35284.11
297.01	35260.22
297.07	35231.49
297.14	35210.11
297.20	35195.97
297.27	35195.65
297.34	35201.77
297.40	35212.73
297.47	35200.48
297.53	35181.22
297.60	35160.27
297.67	35127.80
297.73	35100.99
297.80	35085.99
297.86	35062.97
297.93	35037.22
298.00	35022.24
298.06	35005.75
298.13	34999.09
298.19	34990.76
298.26	34984.52
298.32	34983.43
298.39	34970.42
298.46	34944.14
298.52	34923.27
298.59	34901.16
298.65	34863.54
298.72	34844.01
298.78	34824.68
298.85	34812.10
298.92	34794.53
298.98	34778.63
299.05	34750.10
299.11	34725.00
299.18	34685.41
299.24	34650.84
299.31	34612.17
299.38	34582.12
299.44	34552.11
299.51	34544.19
299.57	34533.02
299.64	34532.43
299.70	34526.57
299.77	34510.50
299.84	34478.70
299.90	34438.62
299.97	34396.45
300.03	34361.55
300.10	34343.65
300.16	34330.91
300.23	34323.16
300.30	34310.47
300.36	34290.72
300.43	34270.04
300.49	34240.78
300.56	34215.44
300.62	34190.11
300.69	34163.54
300.75	34132.12
300.82	34109.52
300.89	34082.64
300.95	34058.97
301.02	34021.35
301.08	33981.98
301.15	33944.83
301.21	33907.12
301.28	33876.51
301.34	33856.81
301.41	33835.92
301.48	33806.91
301.54	33784.29
301.61	33757.82
301.67	33725.54
301.74	33698.00
301.80	33664.89
301.87	33622.83
301.93	33572.36
302.00	33529.17
302.06	33474.68
302.13	33426.12
302.20	33393.76
302.26	33361.12
302.33	33339.14
302.39	33313.93
302.46	33283.54
302.52	33237.90
302.59	33200.61
302.65	33145.41
302.72	33098.04
302.78	33057.14
302.85	33025.22
302.91	32986.95
302.98	32954.30
303.05	32920.08
303.11	32893.99
303.18	32851.91
303.24	32815.05
303.31	32772.71
303.37	32738.27
303.44	32696.09
303.50	32654.19
303.57	32602.47
303.63	32555.52
303.70	32503.98
303.76	32443.71
303.83	32402.72
303.89	32357.66
303.96	32311.65
304.03	32265.07
304.09	32219.56
304.16	32162.52
304.22	32110.02
304.29	32060.75
304.35	32006.62
304.42	31963.65
304.48	31918.67
304.55	31871.63
304.61	31817.57
304.68	31772.82
304.74	31717.40
304.81	31664.10
304.87	31608.70
304.94	31563.51
305.00	31515.82
305.07	31466.67
305.13	31407.17
305.20	31354.45
305.26	31298.96
305.33	31238.54
305.39	31184.05
305.46	31132.53
305.52	31080.26
305.59	31027.84
305.66	30974.82
305.72	30922.44
305.79	30868.92
305.85	30807.34
305.92	30723.07
305.98	30608.50
306.05	30468.77
306.11	30316.04
306.18	30155.82
306.24	30022.67
306.31	29949.28
306.37	29939.11
306.44	29978.12
306.50	30040.73
306.57	30094.93
306.63	30126.00
306.70	30100.05
306.76	30044.19
306.83	29978.25
306.89	29908.40
306.96	29836.36
307.02	29770.20
307.09	29718.14
307.15	29665.44
307.22	29616.41
307.28	29552.44
307.35	29499.31
307.41	29432.12
307.48	29357.24
307.54	29284.72
307.61	29220.68
307.67	29154.80
307.74	29088.94
307.80	29036.55
307.87	28972.06
307.93	28914.92
308.00	28861.92
308.06	28807.91
308.13	28743.43
308.19	28687.71
308.26	28627.92
308.32	28568.52
308.38	28509.32
308.45	28445.35
308.51	28391.52
308.58	28331.17
308.64	28271.68
308.71	28215.23
308.77	28167.80
308.84	28103.90
308.90	28048.57
308.97	27987.96
309.03	27928.09
309.10	27862.72
309.16	27796.91
309.23	27723.07
309.29	27649.20
309.36	27563.81
309.42	27485.30
309.49	27420.07
309.55	27355.46
309.62	27292.35
309.68	27244.40
309.75	27184.32
309.81	27112.28
309.88	27052.40
309.94	26985.70
310.00	26916.72
310.07	26853.79
310.13	26800.18
310.20	26734.37
310.26	26678.71
310.33	26610.76
310.39	26551.81
310.46	26488.49
310.52	26429.09
310.59	26362.73
310.65	26308.52
310.72	26243.87
310.78	26180.93
310.85	26113.69
310.91	26057.45
310.97	25998.26
311.04	25942.07
311.10	25876.88
311.17	25822.57
311.23	25761.20
311.30	25697.91
311.36	25639.32
311.43	25593.57
311.49	25534.96
311.56	25478.75
311.62	25422.92
311.69	25368.20
311.75	25317.28
311.81	25256.51
311.88	25189.00
311.94	25130.15
312.01	25076.88
312.07	25011.63
312.14	24963.37
312.20	24920.93
312.27	24873.63
312.33	24806.84
312.40	24742.02
312.46	24675.67
312.52	24614.50
312.59	24547.73
312.65	24487.29
312.72	24422.31
312.78	24362.93
312.85	24299.60
312.91	24233.21
312.98	24178.83
313.04	24136.94
313.10	24085.75
313.17	24029.54
313.23	23986.44
313.30	23933.63
313.36	23865.45
313.43	23801.75
313.49	23741.87
313.56	23677.39
313.62	23613.56
313.68	23555.93
313.75	23507.42
313.81	23461.23
313.88	23405.52
313.94	23360.93
314.01	23316.60
314.07	23265.63
314.13	23209.83
314.20	23160.80
314.26	23105.87
314.33	23051.12
314.39	22993.75
314.46	22928.90
314.52	22880.23
314.58	22821.93
314.65	22766.78
314.71	22706.48
314.78	22658.29
314.84	22598.08
314.91	22544.52
314.97	22487.14
315.03	22435.20
315.10	22379.10
315.16	22315.50
315.23	22261.49
315.29	22216.52
315.36	22169.29
315.42	22123.05
315.48	22079.28
315.55	22032.13
315.61	21969.86
315.68	21919.67
315.74	21866.83
315.81	21813.91
315.87	21749.44
315.93	21709.14
316.00	21675.53
316.06	21640.95
316.13	21610.27
316.19	21561.07
316.25	21465.92
316.32	21323.47
316.38	21146.10
316.45	20931.00
316.51	20700.82
316.58	20469.88
316.64	20231.09
316.70	20000.47
316.77	19758.51
316.83	19518.27
316.90	19268.22
316.96	19021.51
317.02	18772.09
317.09	18532.35
317.15	18292.74
317.22	18049.41
317.28	17807.10
317.34	17562.70
317.41	17319.93
317.47	17076.10
317.54	16837.67
317.60	16594.68
317.66	16348.37
317.73	16097.37
317.79	15853.52
317.86	15608.70
317.92	15363.34
317.98	15111.21
318.05	14858.74
318.11	14606.66
318.18	14357.88
318.24	14108.12
318.30	13860.78
318.37	13619.17
318.43	13358.59
318.50	13095.28
318.56	12824.51
318.62	12563.61
318.69	12290.95
318.75	12028.31
318.82	11756.92
318.88	11496.10
318.94	11220.92
319.01	10949.15
319.07	10676.99
319.13	10403.19
319.20	10124.35
319.26	9840.10
319.33	9558.83
319.39	9265.72
319.45	8984.22
319.52	8701.07
319.58	8421.00
319.65	8135.98
319.71	7857.70
319.77	7575.61
319.84	7297.98
319.90	7025.77
319.96	6754.22
320.03	6486.03
320.09	6225.48
320.16	5959.82
320.22	5703.67
320.28	5454.92
320.35	5214.21
320.41	4978.33
320.47	4755.31
320.54	4532.74
320.60	4323.51
320.67	4122.29
320.73	3923.17
320.79	3732.37
320.86	3558.50
320.92	3382.51
320.98	3216.62
321.05	3060.89
321.11	2908.19
321.18	2763.15
321.24	2631.19
321.30	2500.94
321.37	2382.18
321.43	2278.11
321.49	2175.71
321.56	2078.48
321.62	1992.84
321.68	1906.81
321.75	1824.89
321.81	1748.47
321.88	1676.59
321.94	1610.13
322.00	1550.70
322.07	1486.86
322.13	1427.36
322.19	1367.26
322.26	1307.36
322.32	1251.20
322.38	1202.75
322.45	1159.67
322.51	1115.91
322.58	1078.15
322.64	1031.82
322.70	990.21
322.77	941.82
322.83	906.04
322.89	860.06
322.96	820.69
323.02	780.49
323.08	741.26
323.15	700.38
323.21	665.36
323.27	631.54
323.34	597.57
323.40	565.85
323.46	531.91
323.53	493.56
323.59	414.21
323.65	309.75
323.72	193.45
323.78	83.37
323.85	-16.01
323.91	-66.34
323.97	-85.90
324.04	-85.91
