180.21	3405.09
180.28	-121.89
180.36	625.94
180.44	-52.80
180.51	-25.14
180.59	-4.33
180.66	19.82
180.74	18.76
180.81	18.80
180.89	20.88
180.97	21.74
181.04	20.38
181.12	19.75
181.19	20.74
181.27	21.79
181.34	36.46
181.42	42.67
181.50	49.13
181.57	58.94
181.65	62.96
181.72	58.10
181.80	54.07
181.87	55.61
181.95	57.38
182.03	59.94
182.10	65.27
182.18	71.40
182.25	81.24
182.33	89.36
182.40	103.71
182.48	108.74
182.55	128.83
182.63	142.94
182.71	155.76
182.78	170.39
182.86	186.06
182.93	182.54
183.01	174.87
183.08	162.25
183.16	152.05
183.23	141.25
183.31	152.37
183.39	167.12
183.46	197.26
183.54	220.70
183.61	260.10
183.69	292.85
183.76	339.92
183.84	379.81
183.91	422.88
183.99	474.43
184.06	515.87
184.14	560.89
184.22	612.69
184.29	643.93
184.37	654.69
184.44	663.95
184.52	622.13
184.59	535.90
184.67	461.97
184.74	393.78
184.82	351.25
184.89	360.89
184.97	425.34
185.04	511.55
185.12	600.11
185.20	695.91
185.27	787.82
185.35	884.10
185.42	949.53
185.50	1019.64
185.57	1077.00
185.65	1123.07
185.72	1175.38
185.80	1257.73
185.87	1324.71
185.95	1412.75
186.02	1525.07
186.10	1576.86
186.17	1579.27
186.25	1511.70
186.33	1320.78
186.40	1101.27
186.48	949.76
186.55	870.89
186.63	896.68
186.70	1048.23
186.78	1222.04
186.85	1371.66
186.93	1500.37
187.00	1615.73
187.08	1734.42
187.15	1851.84
187.23	1988.80
187.30	2118.35
187.38	2235.60
187.45	2363.05
187.53	2489.58
187.60	2572.55
187.68	2688.04
187.75	2814.18
187.83	2878.53
187.90	2947.83
187.98	3027.37
188.05	2995.11
188.13	2802.49
188.21	2518.47
188.28	2232.97
188.36	1978.50
188.43	1832.37
188.51	1889.28
188.58	2098.99
188.66	2310.01
188.73	2520.76
188.81	2730.47
188.88	2899.07
188.96	3057.43
189.03	3203.20
189.11	3354.65
189.18	3486.19
189.26	3601.03
189.33	3722.11
189.41	3844.59
189.48	3929.27
189.56	4033.27
189.63	4144.40
189.71	4199.23
189.78	4266.83
189.86	4347.52
189.93	4375.61
190.01	4359.16
190.08	4279.15
190.16	4026.75
190.23	3648.45
190.31	3322.06
190.38	3097.80
190.46	3010.20
190.53	3114.81
190.61	3374.36
190.68	3625.77
190.76	3850.29
190.83	4039.02
190.91	4207.40
190.98	4368.29
191.06	4513.33
191.13	4656.40
191.21	4783.86
191.28	4896.76
191.35	5014.02
191.43	5118.56
191.50	5192.85
191.58	5286.52
191.65	5370.66
191.73	5411.54
191.80	5462.00
191.88	5495.38
191.95	5492.92
192.03	5499.78
192.10	5523.32
192.18	5529.46
192.25	5494.51
192.33	5352.85
192.40	5105.92
192.48	4851.85
192.55	4659.11
192.63	4559.19
192.70	4620.90
192.78	4817.68
192.85	5045.15
192.93	5250.20
193.00	5431.65
193.08	5584.48
193.15	5731.10
193.22	5847.22
193.30	5953.13
193.37	6057.48
193.45	6135.51
193.52	6206.99
193.60	6279.10
193.67	6329.70
193.75	6376.51
193.82	6425.57
193.90	6439.09
193.97	6459.17
194.05	6487.61
194.12	6504.21
194.20	6536.33
194.27	6587.88
194.34	6629.22
194.42	6660.53
194.49	6692.96
194.57	6699.78
194.64	6649.04
194.72	6549.98
194.79	6451.20
194.87	6372.22
194.94	6336.43
195.02	6366.19
195.09	6458.85
195.17	6574.34
195.24	6678.90
195.31	6769.11
195.39	6849.17
195.46	6923.77
195.54	6986.58
195.61	7046.06
195.69	7096.56
195.76	7140.55
195.84	7184.53
195.91	7216.76
195.99	7233.04
196.06	7245.90
196.13	7264.54
196.21	7273.76
196.28	7292.84
196.36	7327.65
196.43	7361.85
196.51	7394.16
196.58	7428.13
196.66	7457.17
196.73	7480.28
196.80	7503.33
196.88	7525.82
196.95	7550.33
197.03	7572.09
197.10	7571.39
197.18	7560.07
197.25	7548.54
197.33	7540.79
197.40	7547.41
197.47	7568.43
197.55	7609.91
197.62	7650.35
197.70	7689.04
197.77	7720.76
197.85	7764.25
197.92	7795.97
197.99	7829.21
198.07	7859.69
198.14	7883.28
198.22	7905.55
198.29	7926.26
198.37	7945.62
198.44	7969.12
198.51	7997.57
198.59	8018.68
198.66	8050.26
198.74	8082.10
198.81	8109.24
198.89	8132.96
198.96	8160.12
199.03	8183.17
199.11	8216.35
199.18	8242.48
199.26	8267.84
199.33	8297.35
199.41	8325.70
199.48	8336.81
199.55	8356.50
199.63	8370.47
199.70	8389.62
199.78	8403.11
199.85	8423.64
199.93	8442.45
200.00	8472.83
200.07	8497.93
200.15	8533.74
200.22	8575.44
200.30	8612.60
200.37	8650.24
200.44	8687.59
200.52	8719.81
200.59	8747.52
200.67	8777.22
200.74	8797.23
200.81	8820.15
200.89	8841.48
200.96	8869.03
201.04	8891.84
201.11	8926.75
201.19	8956.70
201.26	8990.55
201.33	9015.45
201.41	9047.24
201.48	9080.08
201.56	9113.21
201.63	9155.60
201.70	9194.82
201.78	9239.34
201.85	9282.76
201.93	9324.95
202.00	9356.03
202.07	9398.05
202.15	9435.02
202.22	9464.87
202.30	9498.22
202.37	9534.07
202.44	9566.64
202.52	9602.21
202.59	9640.96
202.67	9677.01
202.74	9719.47
202.81	9755.96
202.89	9789.17
202.96	9828.79
203.04	9875.81
203.11	9912.62
203.18	9964.90
203.26	10018.00
203.33	10064.39
203.41	10107.36
203.48	10156.76
203.55	10191.82
203.63	10236.15
203.70	10281.60
203.77	10329.96
203.85	10379.28
203.92	10430.66
204.00	10482.08
204.07	10533.72
204.14	10582.87
204.22	10626.15
204.29	10676.74
204.37	10719.97
204.44	10767.04
204.51	10820.30
204.59	10878.54
204.66	10930.32
204.73	10988.39
204.81	11044.78
204.88	11101.33
204.96	11161.31
205.03	11222.20
205.10	11278.92
205.18	11336.20
205.25	11388.15
205.32	11443.38
205.40	11501.18
205.47	11562.84
205.55	11621.86
205.62	11684.01
205.69	11744.46
205.77	11809.08
205.84	11875.28
205.91	11944.39
205.99	12018.98
206.06	12084.10
206.14	12149.08
206.21	12218.82
206.28	12286.35
206.36	12355.78
206.43	12426.32
206.50	12501.73
206.58	12569.03
206.65	12636.34
206.72	12703.68
206.80	12776.03
206.87	12846.15
206.95	12925.27
207.02	13003.60
207.09	13076.01
207.17	13158.55
207.24	13240.69
207.31	13318.49
207.39	13400.93
207.46	13484.31
207.53	13561.12
207.61	13643.88
207.68	13722.50
207.75	13810.72
207.83	13895.97
207.90	13976.57
207.98	14052.62
208.05	14140.93
208.12	14220.79
208.20	14309.82
208.27	14398.85
208.34	14492.13
208.42	14575.01
208.49	14664.38
208.56	14742.77
208.64	14835.97
208.71	14922.46
208.78	15012.20
208.86	15106.28
208.93	15208.42
209.00	15301.84
209.08	15399.83
209.15	15502.98
209.22	15601.53
209.30	15699.84
209.37	15798.05
209.44	15903.26
209.52	16005.90
209.59	16099.37
209.67	16199.10
209.74	16298.91
209.81	16396.73
209.89	16489.98
209.96	16596.26
210.03	16703.01
210.11	16807.38
210.18	16908.27
210.25	17015.72
210.33	17120.61
210.40	17218.17
210.47	17328.06
210.55	17447.40
210.62	17555.68
210.69	17662.76
210.77	17782.99
210.84	17895.23
210.91	18007.77
210.99	18126.17
211.06	18246.69
211.13	18361.52
211.21	18474.24
211.28	18583.88
211.35	18706.02
211.42	18827.18
211.50	18950.73
211.57	19075.32
211.64	19198.60
211.72	19314.48
211.79	19429.93
211.86	19540.55
211.94	19668.12
212.01	19790.29
212.08	19911.51
212.16	20030.51
212.23	20151.14
212.30	20265.89
212.38	20386.94
212.45	20517.35
212.52	20651.85
212.60	20779.13
212.67	20908.12
212.74	21040.66
212.82	21166.21
212.89	21290.30
212.96	21421.59
213.03	21555.43
213.11	21682.14
213.18	21805.94
213.25	21937.65
213.33	22070.18
213.40	22193.65
213.47	22319.50
213.55	22453.61
213.62	22581.74
213.69	22711.14
213.77	22846.10
213.84	22979.67
213.91	23120.12
213.98	23266.65
214.06	23410.45
214.13	23558.30
214.20	23705.87
214.28	23849.91
214.35	23988.19
214.42	24127.07
214.50	24255.64
214.57	24387.88
214.64	24516.50
214.72	24651.86
214.79	24787.32
214.86	24926.32
214.93	25068.38
215.01	25211.10
215.08	25350.46
215.15	25495.36
215.23	25637.92
215.30	25775.37
215.37	25913.74
215.44	26056.04
215.52	26198.68
215.59	26344.22
215.66	26490.93
215.74	26636.04
215.81	26768.64
215.88	26911.19
215.95	27034.43
216.03	27166.52
216.10	27304.77
216.17	27451.54
216.25	27592.57
216.32	27756.22
216.39	27913.45
216.46	28063.33
216.54	28210.59
216.61	28363.21
216.68	28499.60
216.76	28631.19
216.83	28766.71
216.90	28910.31
216.97	29042.20
217.05	29190.99
217.12	29341.29
217.19	29483.36
217.27	29619.05
217.34	29753.70
217.41	29878.74
217.48	30005.89
217.56	30139.15
217.63	30281.01
217.70	30425.17
217.78	30581.69
217.85	30739.46
217.92	30891.70
217.99	31038.77
218.07	31184.10
218.14	31317.18
218.21	31454.22
218.28	31596.77
218.36	31735.78
218.43	31876.54
218.50	32025.37
218.57	32167.27
218.65	32306.73
218.72	32443.33
218.79	32574.63
218.87	32701.12
218.94	32833.18
219.01	32963.73
219.08	33095.72
219.16	33233.27
219.23	33377.19
219.30	33517.34
219.37	33657.05
219.45	33801.47
219.52	33946.58
219.59	34077.61
219.66	34206.99
219.74	34339.42
219.81	34474.89
219.88	34605.57
219.95	34743.57
220.03	34889.07
220.10	35026.46
220.17	35155.87
220.24	35290.59
220.32	35424.47
220.39	35541.29
220.46	35660.51
220.53	35784.11
220.61	35898.28
220.68	36019.85
220.75	36148.20
220.82	36282.77
220.90	36412.70
220.97	36540.67
221.04	36655.07
221.11	36765.37
221.19	36878.05
221.26	36990.90
221.33	37107.39
221.40	37233.93
221.48	37362.29
221.55	37482.12
221.62	37598.07
221.69	37712.30
221.77	37828.45
221.84	37952.28
221.91	38073.29
221.98	38192.19
222.06	38316.61
222.13	38437.61
222.20	38545.72
222.27	38657.35
222.35	38776.93
222.42	38890.68
222.49	39003.21
222.56	39121.95
222.63	39232.11
222.71	39337.21
222.78	39441.13
222.85	39544.17
222.92	39647.59
223.00	39758.08
223.07	39865.53
223.14	39971.71
223.21	40074.11
223.29	40173.16
223.36	40273.77
223.43	40383.76
223.50	40492.19
223.57	40604.21
223.65	40729.84
223.72	40846.46
223.79	40952.73
223.86	41055.29
223.94	41148.75
224.01	41232.21
224.08	41309.23
224.15	41391.18
224.22	41483.62
224.30	41571.01
224.37	41656.61
224.44	41761.26
224.51	41854.52
224.59	41934.22
224.66	42018.18
224.73	42101.89
224.80	42187.79
224.87	42281.79
224.95	42384.25
225.02	42493.75
225.09	42595.82
225.16	42691.12
225.23	42782.02
225.31	42872.83
225.38	42950.90
225.45	43037.83
225.52	43116.86
225.60	43199.01
225.67	43284.74
225.74	43366.29
225.81	43441.38
225.88	43523.64
225.96	43598.73
226.03	43666.55
226.10	43744.54
226.17	43823.78
226.24	43897.86
226.32	43981.78
226.39	44064.64
226.46	44142.55
226.53	44215.13
226.60	44297.57
226.68	44378.93
226.75	44462.73
226.82	44550.36
226.89	44641.36
226.96	44717.98
227.04	44773.90
227.11	44824.73
227.18	44879.60
227.25	44927.83
227.32	44980.18
227.40	45045.93
227.47	45119.12
227.54	45193.08
227.61	45275.86
227.68	45349.29
227.76	45431.54
227.83	45510.32
227.90	45582.48
227.97	45644.02
228.04	45713.88
228.11	45765.33
228.19	45812.84
228.26	45853.92
228.33	45898.89
228.40	45945.10
228.47	45996.45
228.55	46048.11
228.62	46110.84
228.69	46183.75
228.76	46244.06
228.83	46309.90
228.90	46379.71
228.98	46443.63
229.05	46507.45
229.12	46584.02
229.19	46654.26
229.26	46714.60
229.34	46770.55
229.41	46815.58
229.48	46854.40
229.55	46897.15
229.62	46949.75
229.69	47006.95
229.77	47067.20
229.84	47128.76
229.91	47184.39
229.98	47228.58
230.05	47267.26
230.12	47304.86
230.20	47342.50
230.27	47385.11
230.34	47440.01
230.41	47500.11
230.48	47561.75
230.55	47622.88
230.63	47681.78
230.70	47746.23
230.77	47797.47
230.84	47835.06
230.91	47870.04
230.98	47907.82
231.06	47937.61
231.13	47985.88
231.20	48048.23
231.27	48111.03
231.34	48171.50
231.41	48232.86
231.49	48279.84
231.56	48323.82
231.63	48366.45
231.70	48405.60
231.77	48438.10
231.84	48478.54
231.92	48511.24
231.99	48544.26
232.06	48583.23
232.13	48622.31
232.20	48667.37
232.27	48714.86
232.34	48756.28
232.42	48790.33
232.49	48819.91
232.56	48843.30
232.63	48875.02
232.70	48913.73
232.77	48957.76
232.85	49002.53
232.92	49045.06
232.99	49077.67
233.06	49108.37
233.13	49136.02
233.20	49156.76
233.27	49162.11
233.35	49173.78
233.42	49185.06
233.49	49195.05
233.56	49221.92
233.63	49262.17
233.70	49301.27
233.77	49345.72
233.85	49379.48
233.92	49420.55
233.99	49453.22
234.06	49479.54
234.13	49503.75
234.20	49539.17
234.27	49550.17
234.35	49568.90
234.42	49589.11
234.49	49600.28
234.56	49614.74
234.63	49625.85
234.70	49636.91
234.77	49650.17
234.84	49667.85
234.92	49672.71
234.99	49687.35
235.06	49698.94
235.13	49700.80
235.20	49700.45
235.27	49712.65
235.34	49719.82
235.41	49732.73
235.49	49752.57
235.56	49769.87
235.63	49786.10
235.70	49802.90
235.77	49810.32
235.84	49814.36
235.91	49817.38
235.98	49810.94
236.06	49799.35
236.13	49786.81
236.20	49773.95
236.27	49747.69
236.34	49726.16
236.41	49707.10
236.48	49695.80
236.55	49687.16
236.63	49687.21
236.70	49676.69
236.77	49682.50
236.84	49694.30
236.91	49698.10
236.98	49706.26
237.05	49726.08
237.12	49732.55
237.19	49722.61
237.27	49720.90
237.34	49724.98
237.41	49722.65
237.48	49715.47
237.55	49706.89
237.62	49698.89
237.69	49693.02
237.76	49689.73
237.83	49698.07
237.91	49711.88
237.98	49715.73
238.05	49712.51
238.12	49707.97
238.19	49697.55
238.26	49698.51
238.33	49688.39
238.40	49671.95
238.47	49655.63
238.54	49647.25
238.62	49618.83
238.69	49606.25
238.76	49599.94
238.83	49596.53
238.90	49588.30
238.97	49580.25
239.04	49577.75
239.11	49574.40
239.18	49577.71
239.25	49565.30
239.33	49552.01
239.40	49541.10
239.47	49519.55
239.54	49481.84
239.61	49456.25
239.68	49431.71
239.75	49410.12
239.82	49403.71
239.89	49398.63
239.96	49399.36
240.03	49404.35
240.11	49407.01
240.18	49392.92
240.25	49381.31
240.32	49363.16
240.39	49351.16
240.46	49329.93
240.53	49328.67
240.60	49327.93
240.67	49320.73
240.74	49310.62
240.81	49302.80
240.88	49292.75
240.96	49283.60
241.03	49276.35
241.10	49277.39
241.17	49270.34
241.24	49268.09
241.31	49265.12
241.38	49257.71
241.45	49239.19
241.52	49233.75
241.59	49209.14
241.66	49187.23
241.73	49176.98
241.80	49169.77
241.88	49153.69
241.95	49143.57
242.02	49129.43
242.09	49109.86
242.16	49086.78
242.23	49077.74
242.30	49064.19
242.37	49050.25
242.44	49050.47
242.51	49048.69
242.58	49040.57
242.65	49042.07
242.72	49047.10
242.79	49042.62
242.87	49039.14
242.94	49028.24
243.01	49016.31
243.08	49015.45
243.15	49006.11
243.22	49001.13
243.29	49011.88
243.36	49017.69
243.43	49022.01
243.50	49041.64
243.57	49063.30
243.64	49066.61
243.71	49074.87
243.78	49073.47
243.85	49056.90
243.92	49043.67
243.99	49037.23
244.07	49027.96
244.14	49014.10
244.21	49005.34
244.28	48993.35
244.35	48981.52
244.42	48969.11
244.49	48969.33
244.56	48973.33
244.63	48978.90
244.70	48973.67
244.77	48968.84
244.84	48966.38
244.91	48973.50
244.98	48988.20
245.05	49010.60
245.12	49037.42
245.19	49059.59
245.26	49069.48
245.33	49073.29
245.40	49094.85
245.47	49123.64
245.55	49140.82
245.62	49153.82
245.69	49159.60
245.76	49159.57
245.83	49153.35
245.90	49154.82
245.97	49157.56
246.04	49170.82
246.11	49171.97
246.18	49175.12
246.25	49174.54
246.32	49177.04
246.39	49176.91
246.46	49181.99
246.53	49194.41
246.60	49205.43
246.67	49215.42
246.74	49228.82
246.81	49251.19
246.88	49266.33
246.95	49293.03
247.02	49319.84
247.09	49343.77
247.16	49353.33
247.23	49353.86
247.30	49336.08
247.37	49322.61
247.44	49318.81
247.51	49328.83
247.58	49348.58
247.66	49387.26
247.73	49435.38
247.80	49472.22
247.87	49494.04
247.94	49523.10
248.01	49553.72
248.08	49571.43
248.15	49588.23
248.22	49617.05
248.29	49633.47
248.36	49647.87
248.43	49667.70
248.50	49685.17
248.57	49696.22
248.64	49711.69
248.71	49728.60
248.78	49743.35
248.85	49755.07
248.92	49773.04
248.99	49785.59
249.06	49798.82
249.13	49807.10
249.20	49828.44
249.27	49841.01
249.34	49851.29
249.41	49851.41
249.48	49841.28
249.55	49828.61
249.62	49833.97
249.69	49849.61
249.76	49876.57
249.83	49922.14
249.90	49970.01
249.97	50004.92
250.04	50032.79
250.11	50063.01
250.18	50089.97
250.25	50107.52
250.32	50119.55
250.39	50142.33
250.46	50154.98
250.53	50170.13
250.60	50195.13
250.67	50225.96
250.74	50246.09
250.81	50256.42
250.88	50271.63
250.95	50277.39
251.02	50285.61
251.09	50302.80
251.16	50330.74
251.23	50348.60
251.30	50366.57
251.37	50378.78
251.44	50383.52
251.51	50393.10
251.58	50409.44
251.65	50423.26
251.72	50433.82
251.79	50450.76
251.86	50462.13
251.93	50474.01
252.00	50477.44
252.07	50490.26
252.14	50502.66
252.21	50510.54
252.28	50510.84
252.35	50527.49
252.42	50547.74
252.49	50557.83
252.56	50564.03
252.63	50575.44
252.70	50579.02
252.77	50576.65
252.84	50577.55
252.91	50590.23
252.98	50606.55
253.05	50619.76
253.12	50626.90
253.19	50636.43
253.25	50652.20
253.32	50650.89
253.39	50669.91
253.46	50695.96
253.53	50723.10
253.60	50726.59
253.67	50741.15
253.74	50752.99
253.81	50765.31
253.88	50773.99
253.95	50788.07
254.02	50807.28
254.09	50817.99
254.16	50825.47
254.23	50827.05
254.30	50834.54
254.37	50843.44
254.44	50850.15
254.51	50855.45
254.58	50862.00
254.65	50868.80
254.72	50865.19
254.79	50857.76
254.86	50860.46
254.93	50857.55
255.00	50862.97
255.07	50865.58
255.14	50873.83
255.21	50870.44
255.28	50871.71
255.34	50851.64
255.41	50841.84
255.48	50830.34
255.55	50823.62
255.62	50823.84
255.69	50835.55
255.76	50842.95
255.83	50849.17
255.90	50856.90
255.97	50868.91
256.04	50860.85
256.11	50861.41
256.18	50858.84
256.25	50849.31
256.32	50831.44
256.39	50845.43
256.46	50841.46
256.53	50842.00
256.60	50845.99
256.67	50844.12
256.74	50830.88
256.80	50831.74
256.87	50831.55
256.94	50825.85
257.01	50831.02
257.08	50833.87
257.15	50819.39
257.22	50806.07
257.29	50786.88
257.36	50766.60
257.43	50743.74
257.50	50735.22
257.57	50720.48
257.64	50725.40
257.71	50713.16
257.78	50709.55
257.85	50691.63
257.92	50685.63
257.98	50664.69
258.05	50655.11
258.12	50628.98
258.19	50607.19
258.26	50569.64
258.33	50537.93
258.40	50522.55
258.47	50519.73
258.54	50524.47
258.61	50539.84
258.68	50544.00
258.75	50528.74
258.82	50513.97
258.89	50497.09
258.95	50471.02
259.02	50462.33
259.09	50449.83
259.16	50428.11
259.23	50395.23
259.30	50364.98
259.37	50327.59
259.44	50309.68
259.51	50298.18
259.58	50300.12
259.65	50287.70
259.72	50275.69
259.79	50239.32
259.85	50204.08
259.92	50156.50
259.99	50129.63
260.06	50104.14
260.13	50083.25
260.20	50055.51
260.27	50026.30
260.34	49985.73
260.41	49947.56
260.48	49921.48
260.55	49906.51
260.62	49894.91
260.68	49877.34
260.75	49854.17
260.82	49829.21
260.89	49799.14
260.96	49775.01
261.03	49757.55
261.10	49731.99
261.17	49706.62
261.24	49673.29
261.31	49640.95
261.38	49615.52
261.44	49590.65
261.51	49554.12
261.58	49516.60
261.65	49475.49
261.72	49427.42
261.79	49379.58
261.86	49340.25
261.93	49314.52
262.00	49284.32
262.07	49254.75
262.13	49230.23
262.20	49200.89
262.27	49160.42
262.34	49132.40
262.41	49106.10
262.48	49069.13
262.55	49041.15
262.62	49008.42
262.69	48970.80
262.76	48929.83
262.82	48898.70
262.89	48861.40
262.96	48832.01
263.03	48802.49
263.10	48774.80
263.17	48741.95
263.24	48705.56
263.31	48673.27
263.38	48629.79
263.44	48596.55
263.51	48552.87
263.58	48507.93
263.65	48461.09
263.72	48419.20
263.79	48370.20
263.86	48326.44
263.93	48290.59
264.00	48252.41
264.06	48219.44
264.13	48182.17
264.20	48152.03
264.27	48104.65
264.34	48064.46
264.41	48019.95
264.48	47971.25
264.55	47925.83
264.61	47890.65
264.68	47847.67
264.75	47800.79
264.82	47753.56
264.89	47709.34
264.96	47669.57
265.03	47630.51
265.10	47597.61
265.16	47565.82
265.23	47537.13
265.30	47511.58
265.37	47479.37
265.44	47439.28
265.51	47404.67
265.58	47357.54
265.65	47296.18
265.71	47239.17
265.78	47201.74
265.85	47150.72
265.92	47103.15
265.99	47063.26
266.06	47031.45
266.13	46980.67
266.20	46949.04
266.26	46917.75
266.33	46882.42
266.40	46835.79
266.47	46790.56
266.54	46724.72
266.61	46663.15
266.68	46604.52
266.74	46544.25
266.81	46491.79
266.88	46442.20
266.95	46390.23
267.02	46348.85
267.09	46309.04
267.16	46260.44
267.22	46225.27
267.29	46190.07
267.36	46143.34
267.43	46102.27
267.50	46076.99
267.57	46044.38
267.64	46012.03
267.70	45980.85
267.77	45950.66
267.84	45907.92
267.91	45866.30
267.98	45812.64
268.05	45759.88
268.11	45708.17
268.18	45654.54
268.25	45608.42
268.32	45569.01
268.39	45534.66
268.46	45497.07
268.53	45461.87
268.59	45425.00
268.66	45390.71
268.73	45349.23
268.80	45310.72
268.87	45259.27
268.94	45208.93
269.00	45162.18
269.07	45125.35
269.14	45092.13
269.21	45069.61
269.28	45038.21
269.35	45000.60
269.41	44961.64
269.48	44910.46
269.55	44850.84
269.62	44798.81
269.69	44756.57
269.76	44700.54
269.82	44657.53
269.89	44634.79
269.96	44615.47
270.03	44587.46
270.10	44562.79
270.17	44525.14
270.23	44481.79
270.30	44434.88
270.37	44396.89
270.44	44365.35
270.51	44329.40
270.58	44300.05
270.64	44277.66
270.71	44239.43
270.78	44202.29
270.85	44176.63
270.92	44142.89
270.99	44101.53
271.05	44069.21
271.12	44032.20
271.19	43994.48
271.26	43951.68
271.33	43912.15
271.39	43872.92
271.46	43828.23
271.53	43794.64
271.60	43770.46
271.67	43745.10
271.74	43717.45
271.80	43696.15
271.87	43680.86
271.94	43647.28
272.01	43612.37
272.08	43581.60
272.14	43549.88
272.21	43509.62
272.28	43490.34
272.35	43468.40
272.42	43445.94
272.48	43430.15
272.55	43403.75
272.62	43378.83
272.69	43354.39
272.76	43339.98
272.83	43310.38
272.89	43281.65
272.96	43246.08
273.03	43213.65
273.10	43172.84
273.17	43142.94
273.23	43115.80
273.30	43100.02
273.37	43077.86
273.44	43060.00
273.51	43044.94
273.57	43031.69
273.64	43003.31
273.71	42981.77
273.78	42954.11
273.85	42935.15
273.91	42916.15
273.98	42902.60
274.05	42887.81
274.12	42878.08
274.19	42859.47
274.25	42835.01
274.32	42800.96
274.39	42767.01
274.46	42722.30
274.53	42672.27
274.59	42621.42
274.66	42591.45
274.73	42572.56
274.80	42553.65
274.86	42530.41
274.93	42516.09
275.00	42487.98
275.07	42443.48
275.14	42412.23
275.20	42381.04
275.27	42356.32
275.34	42329.56
275.41	42315.89
275.48	42295.89
275.54	42284.22
275.61	42263.67
275.68	42245.33
275.75	42217.55
275.81	42187.08
275.88	42163.58
275.95	42135.69
276.02	42109.12
276.09	42085.43
276.15	42062.34
276.22	42037.89
276.29	42019.95
276.36	41997.87
276.42	41974.42
276.49	41953.86
276.56	41922.48
276.63	41891.68
276.70	41862.47
276.76	41847.20
276.83	41828.14
276.90	41816.26
276.97	41801.34
277.03	41790.05
277.10	41759.49
277.17	41742.09
277.24	41730.86
277.30	41713.24
277.37	41691.29
277.44	41679.47
277.51	41661.30
277.58	41626.34
277.64	41598.76
277.71	41583.63
277.78	41563.94
277.85	41530.71
277.91	41506.88
277.98	41487.08
278.05	41455.02
278.12	41431.23
278.18	41412.10
278.25	41395.30
278.32	41373.74
278.39	41358.22
278.45	41341.53
278.52	41326.84
278.59	41313.30
278.66	41300.18
278.72	41280.73
278.79	41264.42
278.86	41246.01
278.93	41231.19
278.99	41208.14
279.06	41187.10
279.13	41158.88
279.20	41138.65
279.26	41116.33
279.33	41103.76
279.40	41088.52
279.47	41070.01
279.53	41046.38
279.60	41015.95
279.67	40985.89
279.74	40961.92
279.80	40945.34
279.87	40933.99
279.94	40923.21
280.01	40908.51
280.07	40888.00
280.14	40865.18
280.21	40834.33
280.28	40804.35
280.34	40778.86
280.41	40754.60
280.48	40730.56
280.55	40712.31
280.61	40694.33
280.68	40671.94
280.75	40643.39
280.82	40612.28
280.88	40572.32
280.95	40516.57
281.02	40451.04
281.08	40381.99
281.15	40313.00
281.22	40249.37
281.29	40197.42
281.35	40150.20
281.42	40115.12
281.49	40077.45
281.56	40049.15
281.62	40025.37
281.69	39997.87
281.76	39966.00
281.82	39935.75
281.89	39902.93
281.96	39873.91
282.03	39849.09
282.09	39823.69
282.16	39796.65
282.23	39767.83
282.30	39739.88
282.36	39722.06
282.43	39701.40
282.50	39696.50
282.56	39677.49
282.63	39656.48
282.70	39632.39
282.77	39624.97
282.83	39596.90
282.90	39579.94
282.97	39558.97
283.03	39536.70
283.10	39505.14
283.17	39484.11
283.24	39457.54
283.30	39432.05
283.37	39411.74
283.44	39390.80
283.50	39362.54
283.57	39346.95
283.64	39326.17
283.71	39296.28
283.77	39259.25
283.84	39224.15
283.91	39177.91
283.97	39145.37
284.04	39129.98
284.11	39126.27
284.18	39135.06
284.24	39148.22
284.31	39158.94
284.38	39161.13
284.44	39156.34
284.51	39135.90
284.58	39128.11
284.64	39117.35
284.71	39104.39
284.78	39092.57
284.85	39088.93
284.91	39072.10
284.98	39050.70
285.05	39029.36
285.11	39008.43
285.18	38986.04
285.25	38974.06
285.31	38968.69
285.38	38967.11
285.45	38970.24
285.52	38976.45
285.58	38968.16
285.65	38960.89
285.72	38937.91
285.78	38920.49
285.85	38898.38
285.92	38882.14
285.98	38860.30
286.05	38852.35
286.12	38838.57
286.18	38827.87
286.25	38826.95
286.32	38822.25
286.39	38819.10
286.45	38811.93
286.52	38801.10
286.59	38785.25
286.65	38773.97
286.72	38772.76
286.79	38767.94
286.85	38762.95
286.92	38751.45
286.99	38746.05
287.05	38722.10
287.12	38714.64
287.19	38708.56
287.25	38705.66
287.32	38704.73
287.39	38710.43
287.45	38708.42
287.52	38711.38
287.59	38712.90
287.65	38705.94
287.72	38692.80
287.79	38682.05
287.86	38666.04
287.92	38656.12
287.99	38649.57
288.06	38645.28
288.12	38633.69
288.19	38627.74
288.26	38610.65
288.32	38604.40
288.39	38601.60
288.46	38604.61
288.52	38603.99
288.59	38610.10
288.66	38614.45
288.72	38616.79
288.79	38617.12
288.86	38624.22
288.92	38628.80
288.99	38616.20
289.06	38606.36
289.12	38600.36
289.19	38598.02
289.26	38595.81
289.32	38604.14
289.39	38609.56
289.45	38618.73
289.52	38611.78
289.59	38616.82
289.65	38625.90
289.72	38634.13
289.79	38643.17
289.85	38659.95
289.92	38664.94
289.99	38664.23
290.05	38665.15
290.12	38653.77
290.19	38643.99
290.25	38643.66
290.32	38637.38
290.39	38643.59
290.45	38654.60
290.52	38656.46
290.59	38662.23
290.65	38666.44
290.72	38660.19
290.79	38655.52
290.85	38664.33
290.92	38673.73
290.98	38686.90
291.05	38701.23
291.12	38712.75
291.18	38727.52
291.25	38730.46
291.32	38729.14
291.38	38728.77
291.45	38727.68
291.52	38719.75
291.58	38715.88
291.65	38725.47
291.72	38742.69
291.78	38764.24
291.85	38779.19
291.91	38803.50
291.98	38824.96
292.05	38829.18
292.11	38835.77
292.18	38851.13
292.25	38852.35
292.31	38845.62
292.38	38853.10
292.45	38860.84
292.51	38867.89
292.58	38876.99
292.64	38894.35
292.71	38899.28
292.78	38902.03
292.84	38900.02
292.91	38905.21
292.98	38910.30
293.04	38919.35
293.11	38926.80
293.17	38947.19
293.24	38956.45
293.31	38973.18
293.37	38993.15
293.44	39006.79
293.51	39019.52
293.57	39034.00
293.64	39037.54
293.70	39047.42
293.77	39071.28
293.84	39082.97
293.90	39091.73
293.97	39099.89
294.04	39108.82
294.10	39108.90
294.17	39111.16
294.23	39121.65
294.30	39133.78
294.37	39143.25
294.43	39160.53
294.50	39173.34
294.56	39190.14
294.63	39205.00
294.70	39216.98
294.76	39223.38
294.83	39237.27
294.90	39255.20
294.96	39277.89
295.03	39295.82
295.09	39325.90
295.16	39347.20
295.23	39351.99
295.29	39354.20
295.36	39360.13
295.42	39354.36
295.49	39357.69
295.56	39376.61
295.62	39397.77
295.69	39416.14
295.75	39434.19
295.82	39453.73
295.89	39466.16
295.95	39471.89
296.02	39480.79
296.08	39493.71
296.15	39498.04
296.22	39507.29
296.28	39525.45
296.35	39552.60
296.41	39573.21
296.48	39597.31
296.55	39618.05
296.61	39635.06
296.68	39644.50
296.74	39663.74
296.81	39689.08
296.88	39712.39
296.94	39732.66
297.01	39758.74
297.07	39774.18
297.14	39783.07
297.20	39792.21
297.27	39809.49
297.34	39819.43
297.40	39838.09
297.47	39856.94
297.53	39877.52
297.60	39902.58
297.67	39916.76
297.73	39930.04
297.80	39942.81
297.86	39952.50
297.93	39956.72
298.00	39973.34
298.06	39989.24
298.13	40016.31
298.19	40036.85
298.26	40058.65
298.32	40079.44
298.39	40096.63
298.46	40098.44
298.52	40106.38
298.59	40114.99
298.65	40125.32
298.72	40140.52
298.78	40160.23
298.85	40181.53
298.92	40193.68
298.98	40206.22
299.05	40215.22
299.11	40232.00
299.18	40245.67
299.24	40258.79
299.31	40270.26
299.38	40283.35
299.44	40284.15
299.51	40297.84
299.57	40312.09
299.64	40329.10
299.70	40344.26
299.77	40363.40
299.84	40372.75
299.90	40374.85
299.97	40380.28
300.03	40388.83
300.10	40408.40
300.16	40428.01
300.23	40455.10
300.30	40471.69
300.36	40482.16
300.43	40490.59
300.49	40495.30
300.56	40509.22
300.62	40529.09
300.69	40546.35
300.75	40560.72
300.82	40578.75
300.89	40586.95
300.95	40594.08
301.02	40599.45
301.08	40602.97
301.15	40609.36
301.21	40618.97
301.28	40624.96
301.34	40640.54
301.41	40643.50
301.48	40639.50
301.54	40630.62
301.61	40629.57
301.67	40622.37
301.74	40629.10
301.80	40635.19
301.87	40641.46
301.93	40639.36
302.00	40646.99
302.06	40646.10
302.13	40639.17
302.20	40643.00
302.26	40642.09
302.33	40635.39
302.39	40628.12
302.46	40635.73
302.52	40627.88
302.59	40635.01
302.65	40635.07
302.72	40641.80
302.78	40639.85
302.85	40645.21
302.91	40637.11
302.98	40632.17
303.05	40619.88
303.11	40608.79
303.18	40600.09
303.24	40601.03
303.31	40593.36
303.37	40582.85
303.44	40576.11
303.50	40566.72
303.57	40547.25
303.63	40535.99
303.70	40527.93
303.76	40518.11
303.83	40505.22
303.89	40499.14
303.96	40488.01
304.03	40480.55
304.09	40468.75
304.16	40450.69
304.22	40431.99
304.29	40415.64
304.35	40394.59
304.42	40379.24
304.48	40368.02
304.55	40350.80
304.61	40333.86
304.68	40322.84
304.74	40301.88
304.81	40294.02
304.87	40270.54
304.94	40252.33
305.00	40230.05
305.07	40208.71
305.13	40174.10
305.20	40152.55
305.26	40133.55
305.33	40115.17
305.39	40097.88
305.46	40076.65
305.52	40065.07
305.59	40049.14
305.66	40022.25
305.72	39999.65
305.79	39976.10
305.85	39943.88
305.92	39902.95
305.98	39846.30
306.05	39714.55
306.11	39486.39
306.18	39198.08
306.24	38942.00
306.31	38801.50
306.37	38816.61
306.44	38992.97
306.50	39238.12
306.57	39460.78
306.63	39587.33
306.70	39620.90
306.76	39591.64
306.83	39548.35
306.89	39497.25
306.96	39454.72
307.02	39415.78
307.09	39388.54
307.15	39363.58
307.22	39344.01
307.28	39309.64
307.35	39278.89
307.41	39230.11
307.48	39187.87
307.54	39147.26
307.61	39110.42
307.67	39067.36
307.74	39036.03
307.80	39001.75
307.87	38959.85
307.93	38920.00
308.00	38889.90
308.06	38854.77
308.13	38815.88
308.19	38780.00
308.26	38743.05
308.32	38702.27
308.38	38668.01
308.45	38637.67
308.51	38605.91
308.58	38564.50
308.64	38512.89
308.71	38463.71
308.77	38414.69
308.84	38366.58
308.90	38338.89
308.97	38321.54
309.03	38303.63
309.10	38275.33
309.16	38241.88
309.23	38196.04
309.29	38150.27
309.36	38086.09
309.42	38024.71
309.49	37968.85
309.55	37913.58
309.62	37854.90
309.68	37810.58
309.75	37766.38
309.81	37720.38
309.88	37679.50
309.94	37635.18
310.00	37587.61
310.07	37547.13
310.13	37513.11
310.20	37475.39
310.26	37437.40
310.33	37400.26
310.39	37360.78
310.46	37314.67
310.52	37272.26
310.59	37232.56
310.65	37197.59
310.72	37157.59
310.78	37114.26
310.85	37064.14
310.91	37023.91
310.97	36981.03
311.04	36935.35
311.10	36884.10
311.17	36846.42
311.23	36799.93
311.30	36750.40
311.36	36713.59
311.43	36691.56
311.49	36651.24
311.56	36603.75
311.62	36562.75
311.69	36511.52
311.75	36464.76
311.81	36417.84
311.88	36380.46
311.94	36343.48
312.01	36320.15
312.07	36279.96
312.14	36248.85
312.20	36223.06
312.27	36186.12
312.33	36133.18
312.40	36082.99
312.46	36030.37
312.52	35975.23
312.59	35924.57
312.65	35879.85
312.72	35829.32
312.78	35783.28
312.85	35728.97
312.91	35676.57
312.98	35628.46
313.04	35590.74
313.10	35546.21
313.17	35508.76
313.23	35473.40
313.30	35434.24
313.36	35387.21
313.43	35340.60
313.49	35294.19
313.56	35241.33
313.62	35189.07
313.68	35144.15
313.75	35101.33
313.81	35052.27
313.88	35005.98
313.94	34963.90
314.01	34918.53
314.07	34880.06
314.13	34841.40
314.20	34810.70
314.26	34768.60
314.33	34723.08
314.39	34674.08
314.46	34618.80
314.52	34562.45
314.58	34510.28
314.65	34462.60
314.71	34414.70
314.78	34372.36
314.84	34330.27
314.91	34288.42
314.97	34247.10
315.03	34203.18
315.10	34169.20
315.16	34122.39
315.23	34077.81
315.29	34034.71
315.36	33989.36
315.42	33943.11
315.48	33894.91
315.55	33851.09
315.61	33797.54
315.68	33760.09
315.74	33716.34
315.81	33679.75
315.87	33634.03
315.93	33601.90
316.00	33567.20
316.06	33529.43
316.13	33505.77
316.19	33474.62
316.25	33417.10
316.32	33321.49
316.38	33210.13
316.45	33054.52
316.51	32884.37
316.58	32706.70
316.64	32526.00
316.70	32343.40
316.77	32143.36
316.83	31926.31
316.90	31691.89
316.96	31448.00
317.02	31182.60
317.09	30915.82
317.15	30634.95
317.22	30342.31
317.28	30024.91
317.34	29691.96
317.41	29350.89
317.47	28999.76
317.54	28631.76
317.60	28250.58
317.66	27852.95
317.73	27432.05
317.79	26998.06
317.86	26556.09
317.92	26102.71
317.98	25626.14
318.05	25130.55
318.11	24631.22
318.18	24119.96
318.24	23594.64
318.30	23068.75
318.37	22536.95
318.43	21981.94
318.50	21414.65
318.56	20841.91
318.62	20271.43
318.69	19697.64
318.75	19125.83
318.82	18546.00
318.88	17974.03
318.94	17389.63
319.01	16807.88
319.07	16227.65
319.13	15654.10
319.20	15075.32
319.26	14500.06
319.33	13930.52
319.39	13361.39
319.45	12808.18
319.52	12266.15
319.58	11732.04
319.65	11204.48
319.71	10690.27
319.77	10179.84
319.84	9681.92
319.90	9201.30
319.96	8730.44
320.03	8273.90
320.09	7832.98
320.16	7400.00
320.22	6982.24
320.28	6582.20
320.35	6198.24
320.41	5830.93
320.47	5481.30
320.54	5146.37
320.60	4832.84
320.67	4533.45
320.73	4246.96
320.79	3976.80
320.86	3723.12
320.92	3477.43
320.98	3249.50
321.05	3034.89
321.11	2832.41
321.18	2644.00
321.24	2472.76
321.30	2308.15
321.37	2159.69
321.43	2029.45
321.49	1904.62
321.56	1788.86
321.62	1687.09
321.68	1588.59
321.75	1497.55
321.81	1417.17
321.88	1342.54
321.94	1277.29
322.00	1220.25
322.07	1161.52
322.13	1109.13
322.19	1059.20
322.26	1009.06
322.32	965.08
322.38	929.15
322.45	898.13
322.51	866.94
322.58	842.64
322.64	811.86
322.70	785.91
322.77	753.76
322.83	731.64
322.89	701.95
322.96	677.92
323.02	651.24
323.08	625.78
323.15	598.09
323.21	575.31
323.27	553.02
323.34	530.74
323.40	509.50
323.46	486.93
323.53	459.06
323.59	387.92
323.65	290.50
323.72	181.26
323.78	76.48
323.85	-19.73
323.91	-67.64
323.97	-84.47
324.04	-85.15
