180.21	3406.31
180.28	-122.12
180.36	626.29
180.44	-52.33
180.51	-24.56
180.59	-4.11
180.66	19.78
180.74	18.52
180.81	18.49
180.89	20.71
180.97	21.49
181.04	20.19
181.12	19.87
181.19	20.68
181.27	21.37
181.34	36.12
181.42	42.37
181.50	48.86
181.57	58.74
181.65	63.12
181.72	58.22
181.80	54.37
181.87	55.89
181.95	57.90
182.03	60.52
182.10	66.38
182.18	72.53
182.25	82.69
182.33	90.24
182.40	104.57
182.48	109.74
182.55	129.39
182.63	142.76
182.71	154.86
182.78	168.77
182.86	183.69
182.93	180.27
183.01	172.89
183.08	161.22
183.16	151.87
183.23	141.67
183.31	152.58
183.39	167.88
183.46	197.69
183.54	220.66
183.61	259.64
183.69	293.22
183.76	339.81
183.84	379.22
183.91	423.19
183.99	474.57
184.06	516.02
184.14	559.71
184.22	611.16
184.29	641.97
184.37	653.42
184.44	661.55
184.52	621.41
184.59	535.98
184.67	461.76
184.74	393.41
184.82	352.05
184.89	360.22
184.97	424.18
185.04	510.94
185.12	600.83
185.20	695.21
185.27	786.85
185.35	884.69
185.42	949.68
185.50	1018.44
185.57	1076.94
185.65	1123.61
185.72	1174.22
185.80	1257.68
185.87	1324.92
185.95	1410.62
186.02	1523.73
186.10	1574.68
186.17	1576.37
186.25	1508.95
186.33	1320.13
186.40	1101.67
186.48	951.66
186.55	872.30
186.63	896.40
186.70	1046.11
186.78	1218.03
186.85	1368.96
186.93	1496.96
187.00	1615.77
187.08	1736.05
187.15	1853.47
187.23	1986.95
187.30	2118.67
187.38	2234.79
187.45	2363.65
187.53	2490.94
187.60	2575.59
187.68	2690.66
187.75	2816.97
187.83	2880.04
187.90	2947.86
187.98	3029.49
188.05	2995.74
188.13	2800.52
188.21	2516.25
188.28	2230.47
188.36	1973.12
188.43	1828.07
188.51	1886.04
188.58	2095.97
188.66	2309.50
188.73	2523.29
188.81	2732.73
188.88	2901.47
188.96	3060.77
189.03	3205.99
189.11	3355.36
189.18	3485.99
189.26	3599.58
189.33	3720.79
189.41	3842.86
189.48	3926.97
189.56	4028.14
189.63	4139.32
189.71	4194.17
189.78	4259.64
189.86	4340.95
189.93	4370.81
190.01	4352.36
190.08	4272.65
190.16	4022.22
190.23	3642.14
190.31	3317.87
190.38	3096.51
190.46	3008.66
190.53	3114.62
190.61	3374.29
190.68	3624.80
190.76	3850.02
190.83	4038.11
190.91	4205.72
190.98	4368.83
191.06	4513.57
191.13	4657.85
191.21	4786.03
191.28	4899.38
191.35	5015.78
191.43	5121.51
191.50	5194.28
191.58	5288.16
191.65	5374.24
191.73	5416.61
191.80	5466.68
191.88	5503.50
191.95	5501.61
192.03	5507.91
192.10	5529.88
192.18	5535.65
192.25	5496.90
192.33	5348.95
192.40	5098.01
192.48	4845.82
192.55	4651.24
192.63	4552.75
192.70	4620.43
192.78	4816.33
192.85	5042.34
192.93	5250.52
193.00	5430.96
193.08	5584.85
193.15	5737.70
193.22	5853.46
193.30	5957.69
193.37	6062.94
193.45	6138.82
193.52	6202.45
193.60	6273.45
193.67	6325.16
193.75	6372.10
193.82	6422.15
193.90	6442.95
193.97	6464.11
194.05	6490.44
194.12	6504.53
194.20	6536.70
194.27	6585.04
194.34	6628.15
194.42	6661.66
194.49	6697.06
194.57	6704.08
194.64	6652.63
194.72	6554.22
194.79	6455.73
194.87	6379.25
194.94	6339.63
195.02	6372.65
195.09	6464.58
195.17	6577.49
195.24	6675.73
195.31	6766.98
195.39	6846.83
195.46	6920.11
195.54	6987.99
195.61	7052.56
195.69	7103.64
195.76	7146.32
195.84	7191.27
195.91	7218.93
195.99	7233.93
196.06	7252.02
196.13	7273.48
196.21	7281.65
196.28	7300.95
196.36	7332.83
196.43	7361.22
196.51	7389.10
196.58	7425.15
196.66	7453.33
196.73	7476.71
196.80	7502.14
196.88	7525.05
196.95	7549.64
197.03	7571.70
197.10	7573.01
197.18	7558.34
197.25	7545.24
197.33	7537.44
197.40	7540.77
197.47	7561.32
197.55	7602.21
197.62	7644.67
197.70	7681.47
197.77	7717.88
197.85	7754.51
197.92	7790.10
197.99	7821.44
198.07	7848.35
198.14	7875.11
198.22	7907.31
198.29	7927.27
198.37	7948.84
198.44	7977.00
198.51	7999.27
198.59	8017.90
198.66	8049.20
198.74	8082.34
198.81	8109.84
198.89	8135.36
198.96	8164.64
199.03	8187.97
199.11	8218.40
199.18	8245.38
199.26	8269.13
199.33	8295.02
199.41	8325.38
199.48	8338.92
199.55	8356.73
199.63	8371.03
199.70	8394.31
199.78	8408.20
199.85	8428.92
199.93	8448.58
200.00	8484.65
200.07	8510.97
200.15	8546.62
200.22	8586.25
200.30	8626.37
200.37	8665.36
200.44	8698.84
200.52	8726.77
200.59	8758.97
200.67	8785.86
200.74	8805.65
200.81	8825.81
200.89	8849.98
200.96	8873.69
201.04	8896.28
201.11	8922.46
201.19	8950.45
201.26	8979.17
201.33	9001.54
201.41	9037.25
201.48	9074.94
201.56	9113.20
201.63	9159.20
201.70	9204.52
201.78	9241.79
201.85	9285.28
201.93	9323.54
202.00	9355.14
202.07	9394.65
202.15	9435.75
202.22	9464.16
202.30	9500.52
202.37	9536.89
202.44	9570.24
202.52	9605.53
202.59	9646.66
202.67	9681.53
202.74	9721.57
202.81	9756.02
202.89	9791.92
202.96	9830.04
203.04	9875.33
203.11	9913.85
203.18	9965.45
203.26	10015.48
203.33	10064.17
203.41	10106.90
203.48	10156.44
203.55	10191.91
203.63	10235.86
203.70	10282.51
203.77	10330.38
203.85	10377.35
203.92	10430.62
204.00	10483.58
204.07	10532.75
204.14	10585.48
204.22	10632.43
204.29	10685.76
204.37	10729.77
204.44	10774.10
204.51	10826.48
204.59	10884.28
204.66	10933.08
204.73	10991.43
204.81	11049.56
204.88	11109.40
204.96	11166.31
205.03	11227.01
205.10	11279.73
205.18	11338.40
205.25	11388.57
205.32	11445.50
205.40	11503.07
205.47	11565.38
205.55	11621.49
205.62	11684.96
205.69	11745.58
205.77	11810.27
205.84	11881.93
205.91	11954.42
205.99	12023.64
206.06	12089.20
206.14	12152.11
206.21	12214.73
206.28	12280.40
206.36	12352.98
206.43	12424.17
206.50	12501.28
206.58	12568.81
206.65	12637.62
206.72	12700.77
206.80	12774.72
206.87	12843.39
206.95	12918.13
207.02	12997.80
207.09	13077.99
207.17	13158.95
207.24	13244.19
207.31	13329.07
207.39	13408.64
207.46	13487.23
207.53	13561.38
207.61	13639.91
207.68	13717.19
207.75	13806.72
207.83	13896.07
207.90	13982.13
207.98	14059.90
208.05	14147.35
208.12	14222.47
208.20	14303.28
208.27	14391.94
208.34	14482.24
208.42	14565.95
208.49	14658.39
208.56	14745.07
208.64	14831.98
208.71	14924.79
208.78	15016.19
208.86	15112.00
208.93	15211.88
209.00	15311.87
209.08	15406.99
209.15	15507.46
209.22	15604.62
209.30	15703.76
209.37	15802.35
209.44	15905.66
209.52	16004.89
209.59	16100.46
209.67	16200.66
209.74	16294.39
209.81	16392.73
209.89	16492.79
209.96	16598.52
210.03	16702.88
210.11	16811.46
210.18	16911.18
210.25	17013.73
210.33	17116.71
210.40	17216.82
210.47	17320.34
210.55	17439.31
210.62	17552.12
210.69	17658.69
210.77	17773.11
210.84	17887.62
210.91	18002.15
210.99	18119.07
211.06	18242.25
211.13	18355.75
211.21	18474.48
211.28	18583.39
211.35	18702.53
211.42	18820.91
211.50	18945.08
211.57	19064.64
211.64	19189.32
211.72	19299.72
211.79	19413.09
211.86	19527.68
211.94	19654.22
212.01	19775.94
212.08	19901.87
212.16	20020.91
212.23	20142.71
212.30	20258.31
212.38	20376.48
212.45	20507.67
212.52	20644.17
212.60	20771.53
212.67	20905.10
212.74	21038.02
212.82	21167.82
212.89	21295.01
212.96	21425.68
213.03	21545.59
213.11	21675.84
213.18	21797.48
213.25	21926.57
213.33	22056.67
213.40	22186.92
213.47	22315.68
213.55	22447.77
213.62	22578.26
213.69	22711.10
213.77	22847.85
213.84	22982.35
213.91	23128.54
213.98	23269.51
214.06	23412.66
214.13	23559.58
214.20	23702.22
214.28	23843.81
214.35	23986.15
214.42	24122.48
214.50	24251.33
214.57	24387.20
214.64	24518.86
214.72	24648.27
214.79	24785.08
214.86	24931.94
214.93	25064.05
215.01	25210.36
215.08	25355.20
215.15	25498.34
215.23	25629.98
215.30	25775.12
215.37	25905.95
215.44	26049.85
215.52	26197.36
215.59	26348.37
215.66	26488.29
215.74	26627.10
215.81	26760.19
215.88	26895.42
215.95	27023.29
216.03	27166.82
216.10	27312.98
216.17	27460.40
216.25	27607.68
216.32	27762.35
216.39	27910.97
216.46	28060.12
216.54	28203.43
216.61	28351.11
216.68	28495.64
216.76	28638.17
216.83	28776.04
216.90	28923.85
216.97	29064.65
217.05	29213.29
217.12	29357.54
217.19	29498.35
217.27	29629.45
217.34	29755.16
217.41	29875.30
217.48	29997.49
217.56	30132.82
217.63	30280.13
217.70	30428.77
217.78	30583.16
217.85	30737.96
217.92	30885.45
217.99	31028.66
218.07	31170.47
218.14	31307.54
218.21	31452.11
218.28	31597.34
218.36	31739.29
218.43	31883.81
218.50	32035.52
218.57	32178.02
218.65	32318.67
218.72	32447.98
218.79	32579.83
218.87	32706.61
218.94	32841.06
219.01	32970.45
219.08	33107.03
219.16	33249.59
219.23	33394.05
219.30	33530.07
219.37	33671.97
219.45	33815.25
219.52	33952.96
219.59	34081.63
219.66	34209.04
219.74	34338.08
219.81	34477.72
219.88	34606.59
219.95	34743.65
220.03	34884.15
220.10	35016.52
220.17	35145.46
220.24	35282.92
220.32	35413.61
220.39	35539.65
220.46	35666.40
220.53	35785.27
220.61	35899.61
220.68	36018.47
220.75	36139.47
220.82	36265.88
220.90	36394.70
220.97	36519.20
221.04	36640.25
221.11	36761.60
221.19	36879.47
221.26	36991.51
221.33	37114.21
221.40	37243.97
221.48	37370.04
221.55	37491.25
221.62	37603.34
221.69	37718.03
221.77	37832.14
221.84	37949.78
221.91	38068.31
221.98	38201.32
222.06	38323.98
222.13	38441.80
222.20	38555.07
222.27	38668.39
222.35	38777.63
222.42	38898.22
222.49	39006.87
222.56	39123.11
222.63	39233.75
222.71	39340.36
222.78	39439.71
222.85	39546.80
222.92	39652.32
223.00	39765.08
223.07	39883.06
223.14	39986.60
223.21	40094.09
223.29	40195.44
223.36	40297.37
223.43	40395.50
223.50	40502.70
223.57	40605.52
223.65	40721.16
223.72	40830.48
223.79	40938.19
223.86	41041.32
223.94	41134.32
224.01	41212.90
224.08	41297.19
224.15	41383.23
224.22	41478.17
224.30	41569.53
224.37	41664.83
224.44	41768.87
224.51	41859.69
224.59	41933.68
224.66	42023.82
224.73	42114.05
224.80	42192.64
224.87	42286.34
224.95	42394.62
225.02	42499.74
225.09	42596.13
225.16	42691.21
225.23	42786.03
225.31	42873.47
225.38	42949.35
225.45	43027.89
225.52	43106.42
225.60	43185.30
225.67	43268.00
225.74	43352.67
225.81	43438.34
225.88	43524.01
225.96	43601.35
226.03	43670.27
226.10	43748.18
226.17	43830.66
226.24	43911.65
226.32	43992.55
226.39	44078.24
226.46	44152.67
226.53	44222.01
226.60	44300.14
226.68	44378.41
226.75	44462.25
226.82	44549.34
226.89	44630.73
226.96	44700.14
227.04	44758.80
227.11	44807.81
227.18	44863.08
227.25	44920.27
227.32	44974.11
227.40	45039.43
227.47	45118.15
227.54	45196.17
227.61	45274.13
227.68	45352.70
227.76	45435.95
227.83	45501.89
227.90	45566.77
227.97	45630.41
228.04	45696.42
228.11	45747.08
228.19	45797.30
228.26	45846.64
228.33	45894.20
228.40	45938.36
228.47	45994.49
228.55	46053.81
228.62	46120.28
228.69	46184.81
228.76	46247.95
228.83	46315.04
228.90	46377.90
228.98	46430.31
229.05	46493.99
229.12	46567.13
229.19	46631.35
229.26	46689.94
229.34	46742.79
229.41	46792.40
229.48	46833.67
229.55	46873.98
229.62	46929.86
229.69	46996.78
229.77	47057.31
229.84	47125.55
229.91	47179.50
229.98	47223.44
230.05	47262.27
230.12	47299.15
230.20	47340.09
230.27	47393.54
230.34	47454.90
230.41	47518.05
230.48	47580.82
230.55	47630.27
230.63	47687.51
230.70	47745.03
230.77	47785.23
230.84	47828.50
230.91	47869.63
230.98	47903.07
231.06	47933.75
231.13	47983.48
231.20	48037.77
231.27	48094.24
231.34	48154.26
231.41	48214.19
231.49	48264.11
231.56	48311.14
231.63	48357.36
231.70	48401.41
231.77	48448.82
231.84	48486.45
231.92	48514.83
231.99	48546.57
232.06	48578.12
232.13	48607.22
232.20	48650.47
232.27	48699.86
232.34	48747.59
232.42	48780.90
232.49	48805.67
232.56	48833.13
232.63	48864.38
232.70	48888.35
232.77	48938.41
232.85	48994.94
232.92	49039.05
232.99	49076.86
233.06	49114.66
233.13	49140.13
233.20	49154.76
233.27	49165.90
233.35	49173.40
233.42	49192.14
233.49	49204.14
233.56	49230.60
233.63	49268.55
233.70	49312.34
233.77	49349.91
233.85	49386.92
233.92	49422.98
233.99	49450.54
234.06	49476.44
234.13	49498.24
234.20	49524.91
234.27	49544.11
234.35	49564.83
234.42	49580.34
234.49	49588.98
234.56	49604.85
234.63	49618.22
234.70	49635.17
234.77	49654.21
234.84	49674.03
234.92	49677.86
234.99	49684.67
235.06	49691.47
235.13	49692.64
235.20	49702.43
235.27	49714.83
235.34	49715.35
235.41	49726.79
235.49	49740.80
235.56	49755.58
235.63	49770.80
235.70	49793.66
235.77	49799.44
235.84	49807.02
235.91	49801.47
235.98	49796.60
236.06	49779.65
236.13	49766.57
236.20	49751.53
236.27	49729.88
236.34	49707.01
236.41	49693.44
236.48	49685.09
236.55	49681.19
236.63	49688.67
236.70	49681.62
236.77	49683.98
236.84	49698.10
236.91	49706.93
236.98	49711.39
237.05	49734.64
237.12	49739.54
237.19	49731.29
237.27	49722.85
237.34	49723.40
237.41	49720.39
237.48	49715.36
237.55	49699.26
237.62	49686.00
237.69	49676.03
237.76	49667.91
237.83	49679.80
237.91	49689.01
237.98	49700.21
238.05	49694.48
238.12	49693.90
238.19	49681.68
238.26	49686.70
238.33	49674.22
238.40	49668.99
238.47	49656.21
238.54	49644.63
238.62	49621.22
238.69	49613.70
238.76	49602.42
238.83	49592.43
238.90	49586.52
238.97	49577.72
239.04	49567.87
239.11	49571.79
239.18	49577.98
239.25	49576.10
239.33	49560.45
239.40	49546.66
239.47	49518.92
239.54	49479.90
239.61	49445.89
239.68	49419.17
239.75	49394.49
239.82	49382.91
239.89	49377.11
239.96	49378.53
240.03	49388.22
240.11	49387.53
240.18	49379.10
240.25	49372.47
240.32	49357.88
240.39	49342.88
240.46	49332.45
240.53	49330.54
240.60	49323.70
240.67	49319.67
240.74	49309.35
240.81	49298.31
240.88	49282.81
240.96	49278.33
241.03	49267.83
241.10	49265.72
241.17	49264.46
241.24	49265.18
241.31	49261.19
241.38	49254.71
241.45	49234.37
241.52	49222.71
241.59	49206.75
241.66	49186.22
241.73	49176.20
241.80	49178.73
241.88	49164.80
241.95	49145.58
242.02	49127.93
242.09	49101.31
242.16	49077.15
242.23	49067.85
242.30	49057.68
242.37	49053.58
242.44	49063.63
242.51	49049.59
242.58	49044.69
242.65	49041.57
242.72	49033.52
242.79	49010.77
242.87	49015.62
242.94	49002.50
243.01	49000.94
243.08	49005.03
243.15	49007.86
243.22	49004.91
243.29	49009.57
243.36	49006.15
243.43	49006.50
243.50	49023.50
243.57	49042.68
243.64	49057.54
243.71	49076.12
243.78	49076.52
243.85	49060.13
243.92	49044.32
243.99	49029.21
244.07	49012.16
244.14	49002.06
244.21	49000.76
244.28	48993.26
244.35	48983.66
244.42	48970.44
244.49	48959.41
244.56	48954.23
244.63	48957.49
244.70	48948.92
244.77	48946.40
244.84	48953.21
244.91	48964.44
244.98	48975.17
245.05	49004.14
245.12	49033.23
245.19	49054.28
245.26	49055.56
245.33	49071.08
245.40	49093.89
245.47	49111.88
245.55	49127.28
245.62	49147.62
245.69	49153.10
245.76	49151.07
245.83	49150.76
245.90	49149.89
245.97	49154.09
246.04	49160.03
246.11	49163.21
246.18	49166.19
246.25	49166.89
246.32	49162.36
246.39	49167.66
246.46	49173.96
246.53	49185.33
246.60	49203.75
246.67	49222.55
246.74	49237.83
246.81	49254.02
246.88	49275.80
246.95	49292.86
247.02	49312.99
247.09	49330.47
247.16	49334.28
247.23	49322.50
247.30	49316.65
247.37	49309.54
247.44	49309.33
247.51	49323.30
247.58	49350.78
247.66	49386.81
247.73	49427.25
247.80	49453.31
247.87	49478.71
247.94	49506.87
248.01	49530.48
248.08	49546.61
248.15	49566.67
248.22	49590.38
248.29	49607.38
248.36	49623.69
248.43	49646.69
248.50	49667.46
248.57	49683.52
248.64	49695.46
248.71	49707.46
248.78	49722.69
248.85	49736.23
248.92	49760.77
248.99	49775.52
249.06	49786.78
249.13	49800.00
249.20	49823.14
249.27	49834.90
249.34	49853.91
249.41	49860.64
249.48	49853.87
249.55	49834.53
249.62	49834.31
249.69	49840.00
249.76	49865.18
249.83	49911.39
249.90	49968.49
249.97	50005.86
250.04	50044.17
250.11	50079.54
250.18	50096.98
250.25	50108.82
250.32	50121.94
250.39	50139.94
250.46	50153.83
250.53	50172.30
250.60	50194.23
250.67	50212.81
250.74	50225.12
250.81	50230.12
250.88	50242.95
250.95	50253.16
251.02	50275.67
251.09	50297.14
251.16	50330.38
251.23	50353.91
251.30	50371.58
251.37	50377.80
251.44	50388.96
251.51	50397.32
251.58	50412.39
251.65	50426.70
251.72	50438.26
251.79	50445.05
251.86	50456.12
251.93	50464.02
252.00	50474.27
252.07	50487.55
252.14	50505.63
252.21	50508.35
252.28	50510.81
252.35	50519.90
252.42	50541.08
252.49	50551.63
252.56	50563.03
252.63	50570.14
252.70	50573.55
252.77	50569.66
252.84	50573.34
252.91	50585.10
252.98	50605.13
253.05	50616.38
253.12	50613.11
253.19	50613.90
253.25	50619.76
253.32	50623.97
253.39	50647.52
253.46	50681.65
253.53	50709.56
253.60	50723.90
253.67	50732.20
253.74	50741.46
253.81	50751.45
253.88	50763.27
253.95	50778.72
254.02	50800.35
254.09	50804.86
254.16	50815.57
254.23	50819.74
254.30	50824.34
254.37	50829.73
254.44	50843.02
254.51	50850.78
254.58	50855.92
254.65	50861.51
254.72	50861.09
254.79	50848.58
254.86	50846.28
254.93	50845.23
255.00	50847.72
255.07	50848.78
255.14	50863.69
255.21	50860.75
255.28	50856.43
255.34	50838.55
255.41	50828.40
255.48	50820.62
255.55	50815.68
255.62	50821.61
255.69	50831.32
255.76	50839.52
255.83	50838.69
255.90	50839.97
255.97	50850.33
256.04	50847.72
256.11	50848.88
256.18	50850.41
256.25	50855.37
256.32	50841.50
256.39	50850.49
256.46	50849.50
256.53	50845.27
256.60	50836.34
256.67	50832.50
256.74	50824.84
256.80	50824.90
256.87	50821.49
256.94	50819.70
257.01	50820.32
257.08	50816.45
257.15	50798.56
257.22	50790.53
257.29	50770.39
257.36	50743.75
257.43	50724.10
257.50	50715.17
257.57	50702.33
257.64	50708.53
257.71	50711.20
257.78	50709.69
257.85	50693.65
257.92	50680.88
257.98	50656.72
258.05	50639.38
258.12	50611.86
258.19	50592.96
258.26	50569.52
258.33	50553.52
258.40	50537.94
258.47	50531.11
258.54	50526.80
258.61	50527.79
258.68	50519.89
258.75	50509.31
258.82	50497.01
258.89	50472.20
258.95	50453.85
259.02	50438.10
259.09	50415.52
259.16	50392.44
259.23	50372.62
259.30	50341.08
259.37	50313.23
259.44	50294.65
259.51	50284.48
259.58	50280.79
259.65	50261.29
259.72	50242.00
259.79	50208.85
259.85	50175.12
259.92	50140.05
259.99	50122.28
260.06	50101.28
260.13	50084.73
260.20	50057.78
260.27	50018.30
260.34	49975.96
260.41	49942.41
260.48	49919.52
260.55	49904.13
260.62	49895.66
260.68	49886.49
260.75	49861.32
260.82	49831.49
260.89	49801.83
260.96	49774.56
261.03	49751.25
261.10	49726.67
261.17	49704.31
261.24	49670.97
261.31	49640.40
261.38	49604.35
261.44	49575.47
261.51	49531.97
261.58	49496.31
261.65	49454.73
261.72	49411.54
261.79	49371.82
261.86	49339.59
261.93	49315.47
262.00	49287.08
262.07	49256.38
262.13	49225.46
262.20	49196.22
262.27	49146.46
262.34	49117.97
262.41	49090.93
262.48	49048.58
262.55	49018.34
262.62	48987.54
262.69	48943.17
262.76	48905.41
262.82	48880.95
262.89	48850.69
262.96	48826.97
263.03	48807.74
263.10	48776.02
263.17	48742.24
263.24	48695.03
263.31	48658.52
263.38	48617.00
263.44	48589.50
263.51	48547.28
263.58	48513.14
263.65	48472.11
263.72	48426.98
263.79	48373.79
263.86	48331.87
263.93	48292.07
264.00	48246.92
264.06	48213.46
264.13	48179.03
264.20	48148.26
264.27	48099.17
264.34	48062.88
264.41	48011.03
264.48	47966.28
264.55	47922.04
264.61	47886.35
264.68	47842.09
264.75	47810.87
264.82	47759.78
264.89	47709.61
264.96	47670.65
265.03	47627.32
265.10	47586.59
265.16	47561.73
265.23	47530.05
265.30	47501.27
265.37	47471.89
265.44	47429.55
265.51	47386.36
265.58	47340.31
265.65	47281.05
265.71	47226.40
265.78	47185.94
265.85	47140.25
265.92	47096.35
265.99	47058.75
266.06	47027.76
266.13	46982.63
266.20	46950.14
266.26	46914.18
266.33	46871.71
266.40	46817.19
266.47	46766.58
266.54	46700.56
266.61	46643.82
266.68	46588.73
266.74	46537.05
266.81	46490.08
266.88	46449.12
266.95	46390.76
267.02	46351.35
267.09	46317.89
267.16	46269.02
267.22	46228.64
267.29	46202.42
267.36	46155.33
267.43	46110.53
267.50	46074.00
267.57	46036.06
267.64	46001.66
267.70	45970.83
267.77	45928.93
267.84	45893.79
267.91	45845.49
267.98	45790.10
268.05	45746.27
268.11	45699.91
268.18	45644.19
268.25	45596.69
268.32	45556.70
268.39	45518.01
268.46	45483.88
268.53	45452.30
268.59	45416.74
268.66	45382.72
268.73	45336.51
268.80	45290.41
268.87	45242.40
268.94	45193.85
269.00	45148.47
269.07	45109.81
269.14	45085.13
269.21	45065.02
269.28	45044.79
269.35	45012.89
269.41	44977.98
269.48	44917.70
269.55	44850.45
269.62	44793.81
269.69	44744.41
269.76	44689.22
269.82	44656.01
269.89	44634.04
269.96	44610.06
270.03	44577.08
270.10	44554.32
270.17	44516.76
270.23	44478.56
270.30	44436.10
270.37	44406.08
270.44	44368.30
270.51	44329.08
270.58	44291.04
270.64	44259.05
270.71	44222.13
270.78	44192.39
270.85	44162.43
270.92	44134.39
270.99	44098.53
271.05	44064.96
271.12	44022.57
271.19	43995.27
271.26	43947.16
271.33	43908.45
271.39	43874.15
271.46	43832.58
271.53	43792.26
271.60	43776.62
271.67	43749.87
271.74	43716.07
271.80	43694.72
271.87	43671.94
271.94	43639.09
272.01	43610.65
272.08	43582.74
272.14	43542.67
272.21	43506.77
272.28	43483.06
272.35	43459.31
272.42	43431.37
272.48	43419.21
272.55	43395.15
272.62	43366.12
272.69	43342.27
272.76	43334.12
272.83	43308.72
272.89	43280.27
272.96	43251.39
273.03	43219.23
273.10	43175.84
273.17	43145.68
273.23	43120.21
273.30	43097.74
273.37	43078.74
273.44	43056.66
273.51	43035.49
273.57	43018.12
273.64	42987.97
273.71	42963.92
273.78	42939.80
273.85	42919.58
273.91	42899.02
273.98	42891.36
274.05	42875.53
274.12	42865.43
274.19	42847.52
274.25	42828.44
274.32	42799.66
274.39	42759.44
274.46	42719.23
274.53	42677.61
274.59	42634.39
274.66	42600.82
274.73	42583.90
274.80	42557.10
274.86	42532.47
274.93	42516.31
275.00	42481.94
275.07	42437.17
275.14	42403.27
275.20	42375.80
275.27	42343.43
275.34	42317.79
275.41	42302.61
275.48	42286.49
275.54	42268.40
275.61	42250.62
275.68	42237.24
275.75	42216.63
275.81	42187.53
275.88	42160.46
275.95	42133.00
276.02	42100.99
276.09	42076.36
276.15	42052.58
276.22	42027.89
276.29	42008.03
276.36	41987.14
276.42	41961.85
276.49	41938.73
276.56	41914.15
276.63	41885.59
276.70	41869.67
276.76	41853.99
276.83	41842.52
276.90	41824.54
276.97	41805.36
277.03	41781.43
277.10	41754.39
277.17	41730.66
277.24	41714.68
277.30	41698.34
277.37	41676.81
277.44	41662.17
277.51	41649.86
277.58	41621.66
277.64	41597.06
277.71	41582.04
277.78	41561.79
277.85	41531.26
277.91	41515.76
277.98	41498.85
278.05	41472.40
278.12	41455.67
278.18	41433.68
278.25	41411.87
278.32	41387.82
278.39	41374.40
278.45	41348.83
278.52	41333.79
278.59	41313.68
278.66	41292.77
278.72	41273.18
278.79	41251.55
278.86	41227.44
278.93	41218.47
278.99	41210.29
279.06	41190.29
279.13	41176.13
279.20	41159.58
279.26	41134.87
279.33	41111.10
279.40	41090.42
279.47	41062.50
279.53	41034.92
279.60	41007.63
279.67	40974.06
279.74	40944.97
279.80	40927.88
279.87	40920.02
279.94	40908.34
280.01	40906.68
280.07	40892.97
280.14	40872.04
280.21	40838.72
280.28	40810.68
280.34	40781.08
280.41	40761.78
280.48	40743.68
280.55	40719.41
280.61	40695.14
280.68	40668.38
280.75	40632.59
280.82	40592.35
280.88	40564.29
280.95	40513.72
281.02	40453.95
281.08	40390.68
281.15	40320.12
281.22	40252.70
281.29	40199.40
281.35	40147.13
281.42	40105.76
281.49	40075.74
281.56	40043.78
281.62	40014.24
281.69	39985.94
281.76	39962.22
281.82	39931.02
281.89	39901.24
281.96	39873.31
282.03	39852.52
282.09	39825.16
282.16	39801.59
282.23	39771.35
282.30	39740.89
282.36	39715.41
282.43	39692.94
282.50	39685.58
282.56	39675.91
282.63	39660.93
282.70	39641.56
282.77	39625.41
282.83	39596.24
282.90	39569.67
282.97	39544.75
283.03	39524.55
283.10	39499.95
283.17	39482.92
283.24	39465.28
283.30	39448.94
283.37	39422.96
283.44	39394.37
283.50	39365.67
283.57	39347.02
283.64	39320.06
283.71	39290.62
283.77	39258.39
283.84	39222.31
283.91	39174.31
283.97	39141.68
284.04	39133.35
284.11	39134.50
284.18	39145.02
284.24	39162.07
284.31	39172.77
284.38	39169.79
284.44	39154.83
284.51	39136.31
284.58	39122.67
284.64	39111.99
284.71	39100.55
284.78	39094.34
284.85	39088.05
284.91	39072.45
284.98	39055.67
285.05	39026.48
285.11	39006.10
285.18	38979.70
285.25	38963.46
285.31	38954.44
285.38	38956.72
285.45	38960.56
285.52	38965.16
285.58	38963.24
285.65	38954.36
285.72	38937.95
285.78	38915.29
285.85	38900.11
285.92	38885.91
285.98	38866.38
286.05	38848.71
286.12	38840.79
286.18	38827.66
286.25	38817.52
286.32	38815.20
286.39	38817.50
286.45	38810.17
286.52	38805.90
286.59	38796.17
286.65	38780.75
286.72	38781.03
286.79	38774.38
286.85	38760.28
286.92	38750.14
286.99	38749.92
287.05	38724.28
287.12	38711.40
287.19	38705.21
287.25	38702.37
287.32	38699.01
287.39	38707.10
287.45	38711.01
287.52	38708.05
287.59	38703.33
287.65	38693.08
287.72	38677.19
287.79	38664.95
287.86	38653.40
287.92	38644.98
287.99	38640.16
288.06	38644.51
288.12	38637.65
288.19	38638.57
288.26	38630.01
288.32	38624.79
288.39	38614.73
288.46	38608.81
288.52	38602.88
288.59	38604.22
288.66	38606.08
288.72	38606.77
288.79	38617.37
288.86	38619.18
288.92	38620.87
288.99	38608.27
289.06	38603.72
289.12	38594.67
289.19	38588.41
289.26	38587.30
289.32	38596.76
289.39	38599.62
289.45	38604.14
289.52	38606.52
289.59	38607.97
289.65	38615.68
289.72	38623.67
289.79	38630.26
289.85	38639.20
289.92	38644.86
289.99	38647.63
290.05	38645.00
290.12	38642.38
290.19	38641.31
290.25	38640.39
290.32	38638.59
290.39	38651.22
290.45	38656.07
290.52	38661.06
290.59	38667.01
290.65	38667.45
290.72	38662.70
290.79	38660.92
290.85	38671.31
290.92	38685.67
290.98	38695.99
291.05	38702.93
291.12	38715.34
291.18	38722.35
291.25	38723.34
291.32	38726.95
291.38	38730.81
291.45	38731.36
291.52	38728.31
291.58	38727.63
291.65	38739.52
291.72	38755.90
291.78	38777.87
291.85	38792.27
291.91	38810.07
291.98	38833.77
292.05	38839.10
292.11	38845.82
292.18	38860.29
292.25	38864.60
292.31	38851.83
292.38	38858.12
292.45	38860.43
292.51	38865.70
292.58	38870.01
292.64	38880.17
292.71	38886.85
292.78	38900.34
292.84	38904.86
292.91	38919.11
292.98	38930.32
293.04	38941.42
293.11	38942.12
293.17	38947.52
293.24	38956.39
293.31	38968.81
293.37	38981.07
293.44	38993.61
293.51	39009.56
293.57	39019.51
293.64	39025.61
293.70	39039.01
293.77	39057.42
293.84	39072.11
293.90	39081.06
293.97	39091.02
294.04	39099.94
294.10	39100.14
294.17	39109.99
294.23	39125.19
294.30	39131.68
294.37	39140.88
294.43	39165.41
294.50	39172.97
294.56	39185.67
294.63	39203.11
294.70	39217.56
294.76	39224.23
294.83	39245.39
294.90	39260.83
294.96	39284.57
295.03	39298.80
295.09	39322.25
295.16	39332.97
295.23	39347.21
295.29	39353.68
295.36	39362.84
295.42	39356.33
295.49	39361.37
295.56	39374.80
295.62	39399.85
295.69	39420.41
295.75	39449.97
295.82	39476.68
295.89	39491.14
295.95	39496.28
296.02	39505.57
296.08	39506.20
296.15	39506.48
296.22	39519.78
296.28	39538.95
296.35	39557.34
296.41	39580.53
296.48	39605.17
296.55	39620.05
296.61	39625.02
296.68	39641.49
296.74	39666.54
296.81	39688.27
296.88	39705.83
296.94	39730.15
297.01	39752.99
297.07	39762.49
297.14	39776.82
297.20	39792.42
297.27	39807.76
297.34	39824.74
297.40	39842.39
297.47	39852.12
297.53	39870.09
297.60	39890.89
297.67	39901.02
297.73	39920.12
297.80	39936.04
297.86	39948.06
297.93	39957.91
298.00	39976.42
298.06	39990.28
298.13	40017.16
298.19	40038.04
298.26	40056.27
298.32	40081.54
298.39	40100.72
298.46	40105.80
298.52	40116.02
298.59	40124.60
298.65	40126.85
298.72	40142.82
298.78	40160.21
298.85	40176.45
298.92	40198.49
298.98	40212.59
299.05	40221.98
299.11	40240.48
299.18	40254.32
299.24	40263.16
299.31	40271.42
299.38	40286.45
299.44	40291.21
299.51	40302.25
299.57	40316.27
299.64	40336.05
299.70	40347.98
299.77	40363.21
299.84	40373.82
299.90	40374.54
299.97	40376.95
300.03	40383.24
300.10	40399.72
300.16	40417.88
300.23	40443.78
300.30	40463.46
300.36	40473.60
300.43	40485.70
300.49	40493.42
300.56	40508.35
300.62	40530.61
300.69	40554.61
300.75	40570.78
300.82	40584.44
300.89	40591.45
300.95	40603.50
301.02	40605.64
301.08	40608.59
301.15	40618.37
301.21	40628.31
301.28	40625.85
301.34	40638.38
301.41	40640.38
301.48	40636.98
301.54	40632.44
301.61	40634.12
301.67	40629.30
301.74	40640.11
301.80	40649.02
301.87	40653.29
301.93	40649.36
302.00	40653.85
302.06	40648.58
302.13	40641.06
302.20	40640.92
302.26	40642.27
302.33	40639.66
302.39	40636.22
302.46	40639.08
302.52	40632.01
302.59	40633.43
302.65	40632.65
302.72	40632.96
302.78	40629.43
302.85	40638.79
302.91	40637.30
302.98	40634.06
303.05	40628.92
303.11	40629.21
303.18	40618.02
303.24	40606.57
303.31	40590.05
303.37	40579.79
303.44	40568.53
303.50	40558.73
303.57	40548.71
303.63	40544.71
303.70	40532.24
303.76	40519.11
303.83	40505.03
303.89	40493.00
303.96	40480.72
304.03	40470.20
304.09	40459.49
304.16	40444.83
304.22	40430.63
304.29	40418.49
304.35	40396.22
304.42	40380.05
304.48	40365.94
304.55	40349.99
304.61	40331.05
304.68	40328.41
304.74	40317.14
304.81	40307.53
304.87	40283.69
304.94	40265.61
305.00	40237.38
305.07	40205.00
305.13	40174.06
305.20	40155.64
305.26	40137.29
305.33	40122.83
305.39	40116.15
305.46	40087.30
305.52	40064.66
305.59	40042.07
305.66	40012.99
305.72	39982.13
305.79	39961.64
305.85	39939.75
305.92	39901.07
305.98	39849.06
306.05	39718.54
306.11	39495.56
306.18	39199.65
306.24	38946.16
306.31	38806.04
306.37	38824.40
306.44	38994.92
306.50	39251.07
306.57	39467.51
306.63	39582.21
306.70	39606.25
306.76	39583.97
306.83	39538.84
306.89	39493.01
306.96	39458.37
307.02	39426.10
307.09	39395.47
307.15	39361.86
307.22	39336.20
307.28	39299.23
307.35	39261.39
307.41	39213.27
307.48	39177.12
307.54	39147.51
307.61	39114.60
307.67	39072.24
307.74	39035.63
307.80	38995.36
307.87	38949.26
307.93	38908.66
308.00	38881.27
308.06	38853.06
308.13	38820.22
308.19	38783.76
308.26	38745.22
308.32	38712.81
308.38	38685.77
308.45	38658.79
308.51	38631.66
308.58	38593.51
308.64	38540.54
308.71	38487.35
308.77	38434.49
308.84	38374.09
308.90	38346.43
308.97	38332.19
309.03	38314.48
309.10	38289.66
309.16	38260.17
309.23	38215.30
309.29	38160.10
309.36	38093.66
309.42	38028.30
309.49	37974.85
309.55	37913.56
309.62	37855.64
309.68	37809.01
309.75	37765.48
309.81	37723.97
309.88	37691.36
309.94	37655.18
310.00	37610.73
310.07	37566.63
310.13	37526.45
310.20	37481.15
310.26	37439.04
310.33	37393.81
310.39	37358.51
310.46	37315.66
310.52	37274.44
310.59	37234.95
310.65	37202.81
310.72	37153.91
310.78	37104.42
310.85	37052.49
310.91	37007.17
310.97	36965.79
311.04	36930.56
311.10	36884.08
311.17	36842.48
311.23	36799.72
311.30	36757.11
311.36	36718.15
311.43	36693.39
311.49	36659.67
311.56	36615.11
311.62	36560.67
311.69	36508.39
311.75	36459.91
311.81	36405.69
311.88	36361.51
311.94	36330.92
312.01	36307.16
312.07	36271.69
312.14	36245.50
312.20	36223.32
312.27	36192.60
312.33	36140.46
312.40	36084.97
312.46	36029.91
312.52	35975.32
312.59	35925.02
312.65	35883.70
312.72	35842.47
312.78	35796.46
312.85	35739.96
312.91	35678.69
312.98	35618.82
313.04	35573.46
313.10	35534.49
313.17	35498.18
313.23	35469.72
313.30	35440.18
313.36	35392.31
313.43	35342.93
313.49	35298.06
313.56	35242.77
313.62	35189.38
313.68	35141.74
313.75	35098.55
313.81	35058.55
313.88	35010.03
313.94	34961.73
314.01	34930.78
314.07	34895.88
314.13	34848.46
314.20	34816.02
314.26	34775.33
314.33	34728.21
314.39	34678.59
314.46	34624.15
314.52	34570.33
314.58	34516.82
314.65	34463.76
314.71	34414.82
314.78	34376.84
314.84	34338.09
314.91	34303.22
314.97	34262.39
315.03	34226.97
315.10	34181.87
315.16	34131.52
315.23	34085.90
315.29	34042.43
315.36	33990.97
315.42	33948.54
315.48	33905.13
315.55	33861.69
315.61	33805.70
315.68	33764.22
315.74	33718.20
315.81	33678.83
315.87	33629.84
315.93	33603.74
316.00	33570.49
316.06	33533.65
316.13	33505.17
316.19	33475.38
316.25	33412.42
316.32	33315.76
316.38	33201.58
316.45	33053.88
316.51	32886.22
316.58	32710.74
316.64	32528.57
316.70	32347.25
316.77	32140.91
316.83	31925.19
316.90	31690.33
316.96	31447.67
317.02	31185.48
317.09	30923.04
317.15	30643.02
317.22	30352.31
317.28	30037.56
317.34	29697.05
317.41	29349.10
317.47	28992.42
317.54	28619.72
317.60	28236.38
317.66	27846.10
317.73	27430.22
317.79	26999.09
317.86	26557.72
317.92	26102.13
317.98	25625.47
318.05	25131.87
318.11	24630.68
318.18	24122.26
318.24	23605.89
318.30	23082.08
318.37	22548.34
318.43	21997.89
318.50	21432.61
318.56	20857.37
318.62	20285.72
318.69	19707.19
318.75	19130.23
318.82	18547.65
318.88	17969.54
318.94	17381.75
319.01	16802.96
319.07	16225.81
319.13	15649.24
319.20	15073.81
319.26	14502.12
319.33	13933.67
319.39	13364.52
319.45	12815.02
319.52	12271.22
319.58	11736.30
319.65	11210.98
319.71	10695.42
319.77	10182.90
319.84	9685.18
319.90	9202.85
319.96	8729.82
320.03	8272.26
320.09	7832.43
320.16	7400.73
320.22	6985.92
320.28	6586.26
320.35	6201.00
320.41	5833.63
320.47	5485.91
320.54	5148.09
320.60	4833.59
320.67	4535.62
320.73	4248.33
320.79	3974.06
320.86	3720.67
320.92	3474.37
320.98	3247.29
321.05	3034.01
321.11	2833.96
321.18	2646.56
321.24	2477.08
321.30	2312.15
321.37	2163.35
321.43	2031.95
321.49	1907.47
321.56	1791.11
321.62	1688.92
321.68	1589.90
321.75	1497.40
321.81	1416.56
321.88	1341.15
321.94	1275.32
322.00	1217.97
322.07	1160.18
322.13	1107.51
322.19	1057.59
322.26	1007.89
322.32	964.06
322.38	928.26
322.45	897.19
322.51	866.48
322.58	842.12
322.64	811.19
322.70	785.00
322.77	753.15
322.83	731.34
322.89	701.27
322.96	677.38
323.02	650.82
323.08	625.92
323.15	598.71
323.21	576.92
323.27	554.30
323.34	532.05
323.40	509.76
323.46	487.29
323.53	459.14
323.59	388.54
323.65	291.19
323.72	182.18
323.78	76.72
323.85	-19.69
323.91	-67.55
323.97	-84.92
324.04	-84.98
