180.21	3429.52
180.28	-126.07
180.36	632.64
180.44	-47.83
180.51	-16.61
180.59	7.20
180.66	35.00
180.74	33.24
180.81	32.89
180.89	35.34
180.97	36.46
181.04	34.42
181.12	32.76
181.19	33.33
181.27	33.72
181.34	49.84
181.42	56.70
181.50	64.16
181.57	75.33
181.65	80.66
181.72	75.18
181.80	70.74
181.87	71.63
181.95	72.15
182.03	72.62
182.10	76.20
182.18	79.19
182.25	86.14
182.33	88.85
182.40	98.98
182.48	98.11
182.55	113.38
182.63	122.06
182.71	130.35
182.78	139.14
182.86	153.98
182.93	154.40
183.01	154.24
183.08	149.17
183.16	146.80
183.23	137.38
183.31	144.80
183.39	152.02
183.46	173.29
183.54	184.61
183.61	212.42
183.69	234.04
183.76	267.42
183.84	294.08
183.91	323.11
183.99	365.62
184.06	397.67
184.14	431.37
184.22	477.43
184.29	511.73
184.37	521.83
184.44	538.88
184.52	526.18
184.59	467.04
184.67	412.19
184.74	360.77
184.82	326.34
184.89	321.94
184.97	367.20
185.04	437.82
185.12	508.86
185.20	588.60
185.27	664.99
185.35	753.34
185.42	812.60
185.50	875.46
185.57	931.01
185.65	972.98
185.72	1011.89
185.80	1091.82
185.87	1150.15
185.95	1217.61
186.02	1334.55
186.10	1403.50
186.17	1426.50
186.25	1415.57
186.33	1273.37
186.40	1070.80
186.48	923.08
186.55	829.73
186.63	816.50
186.70	941.45
186.78	1107.07
186.85	1251.58
186.93	1377.79
187.00	1481.81
187.08	1596.04
187.15	1703.08
187.23	1827.73
187.30	1958.52
187.38	2069.09
187.45	2188.14
187.53	2324.40
187.60	2405.16
187.68	2507.04
187.75	2654.93
187.83	2726.32
187.90	2784.91
187.98	2896.34
188.05	2922.90
188.13	2777.43
188.21	2521.50
188.28	2252.98
188.36	1987.61
188.43	1794.54
188.51	1799.87
188.58	1990.55
188.66	2199.63
188.73	2401.73
188.81	2618.77
188.88	2781.09
188.96	2946.02
189.03	3086.36
189.11	3236.18
189.18	3371.72
189.26	3486.32
189.33	3601.68
189.41	3737.99
189.48	3822.59
189.56	3918.32
189.63	4052.90
189.71	4111.29
189.78	4168.21
189.86	4268.63
189.93	4317.11
190.01	4311.89
190.08	4287.94
190.16	4099.38
190.23	3726.94
190.31	3380.17
190.38	3130.78
190.46	2989.46
190.53	3038.33
190.61	3285.20
190.68	3544.56
190.76	3775.69
190.83	3971.61
190.91	4132.44
190.98	4305.98
191.06	4449.82
191.13	4599.16
191.21	4734.80
191.28	4852.04
191.35	4965.56
191.43	5082.61
191.50	5150.19
191.58	5239.07
191.65	5341.84
191.73	5386.58
191.80	5442.97
191.88	5498.11
191.95	5498.15
192.03	5497.43
192.10	5522.67
192.18	5537.62
192.25	5529.96
192.33	5432.14
192.40	5202.41
192.48	4942.47
192.55	4730.74
192.63	4585.97
192.70	4599.47
192.78	4777.30
192.85	5011.14
192.93	5217.48
193.00	5410.08
193.08	5567.48
193.15	5722.79
193.22	5833.62
193.30	5942.73
193.37	6054.12
193.45	6132.84
193.52	6204.08
193.60	6291.16
193.67	6347.90
193.75	6391.96
193.82	6454.12
193.90	6472.41
193.97	6489.61
194.05	6517.54
194.12	6532.43
194.20	6557.25
194.27	6607.93
194.34	6648.64
194.42	6683.00
194.49	6723.18
194.57	6749.35
194.64	6717.23
194.72	6623.25
194.79	6520.36
194.87	6435.94
194.94	6383.73
195.02	6398.45
195.09	6491.92
195.17	6617.15
195.24	6726.07
195.31	6820.04
195.39	6900.71
195.46	6976.93
195.54	7040.18
195.61	7101.48
195.69	7152.83
195.76	7199.44
195.84	7244.63
195.91	7277.30
195.99	7293.21
196.06	7305.26
196.13	7320.48
196.21	7326.48
196.28	7344.62
196.36	7380.79
196.43	7417.09
196.51	7457.20
196.58	7499.85
196.66	7537.10
196.73	7564.52
196.80	7592.93
196.88	7617.07
196.95	7643.79
197.03	7667.81
197.10	7676.66
197.18	7664.67
197.25	7648.58
197.33	7636.53
197.40	7632.14
197.47	7639.15
197.55	7674.89
197.62	7713.25
197.70	7748.46
197.77	7782.43
197.85	7824.02
197.92	7857.31
197.99	7895.92
198.07	7930.37
198.14	7965.90
198.22	8001.26
198.29	8032.29
198.37	8056.24
198.44	8080.23
198.51	8099.94
198.59	8117.81
198.66	8145.97
198.74	8172.73
198.81	8201.88
198.89	8222.62
198.96	8249.26
199.03	8266.75
199.11	8295.39
199.18	8317.92
199.26	8342.21
199.33	8367.12
199.41	8400.53
199.48	8422.22
199.55	8452.30
199.63	8475.15
199.70	8504.19
199.78	8527.21
199.85	8550.01
199.93	8567.39
200.00	8600.88
200.07	8625.35
200.15	8654.41
200.22	8689.65
200.30	8726.03
200.37	8765.80
200.44	8792.42
200.52	8816.24
200.59	8845.76
200.67	8865.64
200.74	8876.08
200.81	8898.90
200.89	8923.43
200.96	8950.88
201.04	8980.38
201.11	9023.53
201.19	9068.63
201.26	9111.31
201.33	9142.09
201.41	9185.31
201.48	9219.35
201.56	9246.77
201.63	9286.99
201.70	9327.29
201.78	9359.35
201.85	9395.23
201.93	9432.57
202.00	9460.85
202.07	9492.74
202.15	9524.55
202.22	9553.07
202.30	9591.05
202.37	9623.88
202.44	9665.45
202.52	9712.18
202.59	9764.37
202.67	9804.21
202.74	9857.59
202.81	9900.25
202.89	9941.79
202.96	9986.24
203.04	10038.03
203.11	10077.63
203.18	10124.97
203.26	10175.00
203.33	10215.48
203.41	10253.08
203.48	10298.35
203.55	10328.98
203.63	10356.05
203.70	10394.29
203.77	10438.63
203.85	10480.70
203.92	10530.81
204.00	10596.49
204.07	10656.59
204.14	10712.63
204.22	10764.94
204.29	10826.56
204.37	10876.61
204.44	10926.65
204.51	10984.87
204.59	11050.63
204.66	11106.87
204.73	11165.55
204.81	11221.19
204.88	11279.29
204.96	11331.80
205.03	11383.36
205.10	11431.69
205.18	11487.16
205.25	11533.03
205.32	11588.34
205.40	11644.91
205.47	11705.64
205.55	11758.65
205.62	11824.43
205.69	11890.83
205.77	11967.36
205.84	12046.30
205.91	12129.93
205.99	12205.28
206.06	12276.43
206.14	12342.88
206.21	12413.95
206.28	12481.68
206.36	12558.72
206.43	12629.20
206.50	12705.63
206.58	12775.52
206.65	12848.53
206.72	12911.13
206.80	12974.71
206.87	13033.29
206.95	13098.00
207.02	13168.11
207.09	13245.46
207.17	13335.26
207.24	13430.13
207.31	13522.58
207.39	13614.04
207.46	13706.65
207.53	13789.79
207.61	13877.54
207.68	13958.80
207.75	14047.19
207.83	14135.14
207.90	14223.49
207.98	14301.63
208.05	14398.40
208.12	14483.33
208.20	14571.24
208.27	14658.43
208.34	14751.16
208.42	14827.02
208.49	14908.88
208.56	14982.51
208.64	15064.40
208.71	15145.09
208.78	15234.42
208.86	15336.21
208.93	15442.82
209.00	15551.20
209.08	15660.88
209.15	15776.06
209.22	15888.24
209.30	15994.52
209.37	16100.44
209.44	16207.56
209.52	16315.18
209.59	16405.58
209.67	16514.71
209.74	16618.79
209.81	16732.40
209.89	16829.06
209.96	16939.63
210.03	17035.65
210.11	17136.60
210.18	17224.64
210.25	17320.79
210.33	17417.96
210.40	17519.31
210.47	17630.95
210.55	17752.39
210.62	17875.61
210.69	17992.19
210.77	18121.00
210.84	18241.84
210.91	18372.71
210.99	18495.32
211.06	18625.22
211.13	18747.63
211.21	18867.49
211.28	18981.26
211.35	19106.58
211.42	19234.58
211.50	19360.51
211.57	19487.60
211.64	19611.18
211.72	19725.60
211.79	19831.46
211.86	19941.83
211.94	20062.07
212.01	20178.26
212.08	20303.96
212.16	20432.74
212.23	20565.59
212.30	20698.22
212.38	20831.68
212.45	20970.28
212.52	21109.86
212.60	21236.31
212.67	21363.10
212.74	21496.13
212.82	21623.00
212.89	21755.21
212.96	21897.03
213.03	22035.11
213.11	22177.86
213.18	22309.74
213.25	22449.52
213.33	22584.43
213.40	22711.47
213.47	22828.58
213.55	22962.91
213.62	23084.27
213.69	23213.34
213.77	23349.42
213.84	23495.01
213.91	23649.91
213.98	23804.15
214.06	23952.28
214.13	24103.31
214.20	24250.95
214.28	24392.97
214.35	24535.68
214.42	24679.87
214.50	24827.06
214.57	24967.84
214.64	25103.47
214.72	25245.65
214.79	25386.94
214.86	25528.25
214.93	25671.52
215.01	25822.17
215.08	25964.05
215.15	26111.65
215.23	26247.55
215.30	26386.92
215.37	26515.33
215.44	26658.80
215.52	26803.48
215.59	26954.55
215.66	27105.90
215.74	27260.69
215.81	27406.21
215.88	27558.56
215.95	27700.58
216.03	27849.98
216.10	27996.98
216.17	28150.04
216.25	28295.51
216.32	28454.97
216.39	28604.64
216.46	28765.69
216.54	28918.80
216.61	29074.75
216.68	29220.55
216.76	29368.68
216.83	29507.36
216.90	29649.22
216.97	29786.90
217.05	29938.78
217.12	30082.78
217.19	30227.72
217.27	30367.75
217.34	30507.07
217.41	30636.41
217.48	30774.32
217.56	30920.80
217.63	31076.00
217.70	31231.46
217.78	31394.17
217.85	31555.42
217.92	31707.22
217.99	31857.44
218.07	32003.39
218.14	32135.83
218.21	32283.42
218.28	32428.58
218.36	32573.62
218.43	32723.49
218.50	32881.53
218.57	33024.02
218.65	33168.53
218.72	33297.45
218.79	33419.81
218.87	33545.79
218.94	33677.18
219.01	33808.21
219.08	33946.75
219.16	34099.93
219.23	34253.73
219.30	34397.60
219.37	34543.93
219.45	34701.27
219.52	34847.30
219.59	34981.81
219.66	35120.08
219.74	35254.51
219.81	35394.29
219.88	35526.87
219.95	35672.04
220.03	35816.95
220.10	35958.23
220.17	36090.61
220.24	36227.94
220.32	36352.95
220.39	36475.65
220.46	36602.22
220.53	36725.58
220.61	36847.27
220.68	36974.34
220.75	37105.02
220.82	37234.23
220.90	37367.12
220.97	37496.95
221.04	37615.48
221.11	37729.21
221.19	37852.73
221.26	37965.19
221.33	38089.97
221.40	38228.99
221.48	38363.62
221.55	38481.50
221.62	38601.23
221.69	38721.33
221.77	38837.16
221.84	38968.37
221.91	39100.40
221.98	39231.63
222.06	39357.59
222.13	39482.51
222.20	39585.19
222.27	39696.99
222.35	39808.73
222.42	39921.26
222.49	40026.91
222.56	40147.13
222.63	40254.44
222.71	40365.86
222.78	40473.18
222.85	40585.06
222.92	40696.08
223.00	40808.09
223.07	40917.69
223.14	41026.81
223.21	41136.43
223.29	41234.12
223.36	41346.46
223.43	41461.12
223.50	41573.37
223.57	41687.68
223.65	41816.20
223.72	41924.65
223.79	42029.15
223.86	42123.81
223.94	42208.10
224.01	42286.34
224.08	42372.64
224.15	42456.88
224.22	42554.78
224.30	42650.80
224.37	42749.60
224.44	42852.30
224.51	42943.06
224.59	43027.51
224.66	43117.60
224.73	43204.50
224.80	43296.35
224.87	43394.99
224.95	43499.81
225.02	43609.75
225.09	43712.08
225.16	43802.56
225.23	43900.80
225.31	43990.71
225.38	44065.47
225.45	44146.22
225.52	44232.59
225.60	44316.78
225.67	44398.84
225.74	44483.60
225.81	44564.98
225.88	44641.15
225.96	44716.31
226.03	44782.05
226.10	44855.96
226.17	44932.74
226.24	45009.51
226.32	45087.87
226.39	45176.91
226.46	45257.19
226.53	45333.47
226.60	45420.30
226.68	45508.68
226.75	45598.94
226.82	45687.33
226.89	45776.59
226.96	45852.60
227.04	45902.66
227.11	45953.78
227.18	46008.88
227.25	46056.13
227.32	46105.26
227.40	46180.82
227.47	46253.30
227.54	46335.83
227.61	46418.69
227.68	46497.49
227.76	46576.21
227.83	46643.62
227.90	46705.87
227.97	46763.29
228.04	46826.41
228.11	46872.98
228.19	46921.88
228.26	46968.64
228.33	47027.44
228.40	47073.41
228.47	47129.39
228.55	47191.60
228.62	47254.42
228.69	47311.31
228.76	47380.88
228.83	47439.22
228.90	47497.86
228.98	47561.19
229.05	47625.83
229.12	47690.10
229.19	47762.10
229.26	47824.83
229.34	47870.57
229.41	47919.68
229.48	47965.27
229.55	48009.01
229.62	48069.29
229.69	48140.12
229.77	48202.96
229.84	48259.86
229.91	48316.71
229.98	48350.75
230.05	48381.74
230.12	48415.87
230.20	48464.38
230.27	48502.35
230.34	48559.93
230.41	48618.38
230.48	48679.66
230.55	48732.85
230.63	48800.35
230.70	48867.05
230.77	48917.05
230.84	48958.87
230.91	48990.04
230.98	49024.56
231.06	49050.63
231.13	49099.46
231.20	49161.92
231.27	49232.70
231.34	49292.52
231.41	49358.95
231.49	49414.43
231.56	49457.63
231.63	49495.32
231.70	49531.87
231.77	49568.44
231.84	49598.12
231.92	49626.08
231.99	49658.58
232.06	49695.89
232.13	49723.47
232.20	49763.93
232.27	49805.89
232.34	49846.78
232.42	49869.25
232.49	49898.85
232.56	49929.97
232.63	49973.29
232.70	50010.57
232.77	50070.65
232.85	50127.68
232.92	50168.87
232.99	50197.02
233.06	50225.70
233.13	50237.72
233.20	50242.23
233.27	50246.10
233.35	50251.11
233.42	50256.94
233.49	50276.77
233.56	50311.09
233.63	50356.16
233.70	50396.05
233.77	50438.36
233.85	50466.86
233.92	50499.30
233.99	50525.47
234.06	50552.49
234.13	50578.21
234.20	50609.89
234.27	50626.06
234.35	50642.08
234.42	50652.36
234.49	50662.65
234.56	50678.96
234.63	50686.19
234.70	50697.17
234.77	50712.21
234.84	50728.33
234.92	50727.15
234.99	50737.26
235.06	50741.60
235.13	50747.02
235.20	50753.49
235.27	50775.03
235.34	50782.85
235.41	50804.45
235.49	50819.28
235.56	50823.27
235.63	50826.93
235.70	50843.81
235.77	50841.67
235.84	50847.41
235.91	50852.62
235.98	50842.25
236.06	50827.43
236.13	50816.78
236.20	50798.06
236.27	50769.42
236.34	50750.66
236.41	50734.46
236.48	50714.33
236.55	50705.44
236.63	50701.73
236.70	50701.78
236.77	50706.63
236.84	50723.27
236.91	50730.47
236.98	50737.63
237.05	50744.04
237.12	50729.80
237.19	50717.78
237.27	50708.50
237.34	50713.80
237.41	50711.73
237.48	50711.42
237.55	50702.15
237.62	50692.67
237.69	50683.06
237.76	50678.51
237.83	50682.65
237.91	50680.66
237.98	50686.59
238.05	50677.56
238.12	50667.83
238.19	50656.19
238.26	50661.94
238.33	50653.20
238.40	50645.27
238.47	50633.41
238.54	50627.72
238.62	50609.50
238.69	50594.89
238.76	50582.34
238.83	50570.97
238.90	50558.82
238.97	50544.07
239.04	50533.52
239.11	50530.42
239.18	50524.57
239.25	50517.76
239.33	50502.59
239.40	50482.37
239.47	50460.64
239.54	50434.78
239.61	50400.19
239.68	50365.77
239.75	50349.34
239.82	50336.48
239.89	50326.72
239.96	50327.19
240.03	50340.49
240.11	50337.82
240.18	50326.75
240.25	50318.04
240.32	50305.93
240.39	50290.65
240.46	50274.20
240.53	50270.80
240.60	50265.02
240.67	50262.33
240.74	50252.55
240.81	50247.73
240.88	50233.59
240.96	50221.11
241.03	50203.74
241.10	50198.21
241.17	50192.79
241.24	50195.43
241.31	50199.78
241.38	50195.17
241.45	50181.73
241.52	50167.74
241.59	50145.96
241.66	50126.07
241.73	50116.92
241.80	50106.74
241.88	50093.53
241.95	50074.43
242.02	50050.55
242.09	50024.47
242.16	50005.43
242.23	49995.53
242.30	49990.48
242.37	49988.91
242.44	49999.60
242.51	49991.11
242.58	49985.71
242.65	49976.63
242.72	49970.82
242.79	49946.94
242.87	49948.83
242.94	49940.46
243.01	49937.96
243.08	49945.24
243.15	49954.10
243.22	49952.42
243.29	49960.33
243.36	49969.54
243.43	49972.70
243.50	49986.69
243.57	50003.25
243.64	50008.07
243.71	50008.08
243.78	50003.21
243.85	49995.13
243.92	49986.94
243.99	49982.03
244.07	49977.67
244.14	49962.99
244.21	49941.99
244.28	49930.11
244.35	49921.27
244.42	49914.53
244.49	49918.09
244.56	49930.94
244.63	49937.03
244.70	49936.01
244.77	49939.16
244.84	49945.95
244.91	49952.51
244.98	49963.25
245.05	49983.12
245.12	50007.83
245.19	50020.72
245.26	50034.13
245.33	50050.27
245.40	50068.34
245.47	50086.00
245.55	50114.20
245.62	50128.93
245.69	50132.41
245.76	50135.59
245.83	50132.45
245.90	50124.97
245.97	50128.48
246.04	50140.56
246.11	50149.81
246.18	50159.58
246.25	50167.00
246.32	50166.68
246.39	50162.10
246.46	50164.28
246.53	50171.18
246.60	50181.12
246.67	50200.27
246.74	50226.29
246.81	50249.74
246.88	50271.90
246.95	50290.54
247.02	50313.33
247.09	50336.63
247.16	50337.61
247.23	50333.38
247.30	50328.61
247.37	50326.25
247.44	50334.11
247.51	50355.02
247.58	50388.21
247.66	50430.14
247.73	50470.43
247.80	50492.82
247.87	50522.93
247.94	50549.65
248.01	50578.27
248.08	50607.31
248.15	50633.28
248.22	50655.41
248.29	50676.36
248.36	50694.50
248.43	50712.96
248.50	50738.88
248.57	50758.03
248.64	50767.21
248.71	50784.79
248.78	50801.61
248.85	50816.04
248.92	50842.81
248.99	50871.26
249.06	50891.73
249.13	50900.58
249.20	50914.14
249.27	50926.98
249.34	50941.05
249.41	50951.20
249.48	50951.69
249.55	50943.40
249.62	50946.97
249.69	50956.23
249.76	50979.08
249.83	51024.89
249.90	51084.73
249.97	51128.22
250.04	51168.51
250.11	51204.80
250.18	51228.17
250.25	51240.58
250.32	51258.02
250.39	51279.91
250.46	51290.26
250.53	51313.87
250.60	51334.94
250.67	51365.22
250.74	51384.35
250.81	51404.59
250.88	51424.03
250.95	51447.88
251.02	51460.34
251.09	51483.72
251.16	51508.15
251.23	51526.51
251.30	51541.05
251.37	51552.04
251.44	51560.55
251.51	51578.28
251.58	51596.02
251.65	51611.61
251.72	51625.21
251.79	51641.97
251.86	51653.68
251.93	51665.34
252.00	51679.14
252.07	51691.73
252.14	51707.96
252.21	51713.28
252.28	51721.41
252.35	51727.51
252.42	51751.81
252.49	51760.39
252.56	51772.98
252.63	51776.36
252.70	51787.92
252.77	51791.84
252.84	51800.35
252.91	51815.56
252.98	51839.75
253.05	51860.31
253.12	51867.05
253.19	51876.04
253.25	51888.71
253.32	51892.54
253.39	51912.16
253.46	51941.36
253.53	51969.04
253.60	51980.67
253.67	51993.40
253.74	52009.09
253.81	52022.33
253.88	52030.94
253.95	52053.68
254.02	52076.41
254.09	52083.24
254.16	52088.26
254.23	52094.24
254.30	52096.36
254.37	52106.94
254.44	52118.00
254.51	52127.45
254.58	52135.59
254.65	52141.85
254.72	52141.78
254.79	52135.43
254.86	52141.95
254.93	52145.83
255.00	52155.84
255.07	52161.30
255.14	52171.64
255.21	52172.53
255.28	52165.29
255.34	52141.61
255.41	52133.07
255.48	52126.52
255.55	52117.09
255.62	52124.09
255.69	52136.84
255.76	52139.57
255.83	52139.85
255.90	52150.01
255.97	52165.42
256.04	52166.34
256.11	52173.22
256.18	52175.38
256.25	52171.26
256.32	52157.44
256.39	52170.94
256.46	52169.66
256.53	52169.64
256.60	52168.25
256.67	52174.73
256.74	52172.09
256.80	52177.36
256.87	52182.93
256.94	52179.67
257.01	52169.26
257.08	52161.59
257.15	52141.57
257.22	52125.35
257.29	52103.10
257.36	52083.33
257.43	52063.33
257.50	52067.00
257.57	52058.70
257.64	52067.20
257.71	52064.35
257.78	52063.57
257.85	52035.65
257.92	52017.05
257.98	51990.03
258.05	51978.77
258.12	51950.61
258.19	51938.03
258.26	51921.73
258.33	51910.24
258.40	51890.52
258.47	51888.18
258.54	51888.75
258.61	51890.39
258.68	51891.96
258.75	51889.39
258.82	51876.74
258.89	51853.60
258.95	51827.84
259.02	51808.72
259.09	51789.37
259.16	51766.67
259.23	51746.38
259.30	51719.18
259.37	51696.96
259.44	51679.66
259.51	51668.84
259.58	51656.37
259.65	51643.82
259.72	51617.69
259.79	51583.09
259.85	51543.71
259.92	51504.59
259.99	51478.95
260.06	51457.48
260.13	51435.10
260.20	51406.97
260.27	51374.47
260.34	51336.06
260.41	51294.45
260.48	51261.05
260.55	51245.28
260.62	51244.41
260.68	51229.60
260.75	51210.07
260.82	51197.74
260.89	51167.48
260.96	51127.11
261.03	51108.36
261.10	51088.29
261.17	51056.33
261.24	51028.25
261.31	51002.08
261.38	50971.95
261.44	50937.88
261.51	50898.48
261.58	50863.07
261.65	50819.78
261.72	50773.23
261.79	50734.07
261.86	50708.90
261.93	50678.64
262.00	50658.64
262.07	50627.97
262.13	50598.88
262.20	50560.78
262.27	50518.13
262.34	50477.57
262.41	50448.97
262.48	50410.41
262.55	50380.38
262.62	50356.56
262.69	50315.03
262.76	50277.24
262.82	50244.09
262.89	50211.72
262.96	50178.68
263.03	50155.09
263.10	50126.99
263.17	50098.23
263.24	50063.99
263.31	50029.30
263.38	49989.39
263.44	49953.66
263.51	49908.15
263.58	49854.50
263.65	49813.78
263.72	49774.42
263.79	49727.50
263.86	49689.75
263.93	49657.94
264.00	49613.60
264.06	49576.73
264.13	49538.71
264.20	49504.74
264.27	49461.44
264.34	49416.64
264.41	49373.78
264.48	49338.02
264.55	49289.98
264.61	49243.59
264.68	49200.70
264.75	49156.34
264.82	49093.75
264.89	49047.70
264.96	49009.93
265.03	48966.04
265.10	48925.93
265.16	48888.77
265.23	48853.93
265.30	48826.98
265.37	48798.99
265.44	48763.32
265.51	48726.76
265.58	48679.27
265.65	48620.62
265.71	48566.34
265.78	48523.93
265.85	48484.60
265.92	48445.65
265.99	48402.40
266.06	48372.96
266.13	48318.38
266.20	48271.29
266.26	48230.47
266.33	48196.75
266.40	48144.62
266.47	48097.24
266.54	48038.87
266.61	47975.25
266.68	47913.48
266.74	47854.01
266.81	47802.94
266.88	47756.04
266.95	47702.74
267.02	47648.53
267.09	47603.54
267.16	47558.81
267.22	47515.54
267.29	47483.20
267.36	47450.54
267.43	47414.82
267.50	47374.82
267.57	47338.43
267.64	47303.01
267.70	47269.90
267.77	47225.02
267.84	47190.69
267.91	47149.98
267.98	47098.41
268.05	47042.94
268.11	46996.88
268.18	46939.40
268.25	46890.10
268.32	46844.84
268.39	46806.82
268.46	46765.65
268.53	46729.45
268.59	46685.13
268.66	46652.48
268.73	46613.66
268.80	46575.78
268.87	46531.90
268.94	46491.52
269.00	46446.79
269.07	46399.39
269.14	46370.10
269.21	46332.83
269.28	46306.21
269.35	46266.39
269.41	46228.47
269.48	46171.37
269.55	46115.30
269.62	46053.78
269.69	46012.00
269.76	45960.30
269.82	45919.46
269.89	45896.44
269.96	45876.26
270.03	45839.95
270.10	45811.13
270.17	45764.56
270.23	45720.74
270.30	45670.04
270.37	45638.62
270.44	45607.02
270.51	45582.79
270.58	45545.16
270.64	45514.79
270.71	45468.96
270.78	45429.29
270.85	45389.03
270.92	45361.19
270.99	45331.59
271.05	45298.36
271.12	45260.06
271.19	45226.42
271.26	45181.74
271.33	45142.96
271.39	45108.44
271.46	45063.47
271.53	45029.42
271.60	45007.57
271.67	44973.17
271.74	44938.80
271.80	44919.32
271.87	44895.38
271.94	44860.38
272.01	44828.22
272.08	44793.06
272.14	44755.45
272.21	44720.73
272.28	44690.95
272.35	44665.65
272.42	44642.63
272.48	44625.53
272.55	44601.02
272.62	44579.08
272.69	44560.41
272.76	44549.48
272.83	44518.53
272.89	44489.58
272.96	44457.29
273.03	44420.10
273.10	44383.25
273.17	44355.98
273.23	44326.00
273.30	44300.31
273.37	44276.53
273.44	44251.77
273.51	44230.69
273.57	44216.38
273.64	44196.34
273.71	44178.09
273.78	44147.95
273.85	44133.92
273.91	44112.92
273.98	44100.07
274.05	44079.37
274.12	44071.89
274.19	44049.51
274.25	44026.89
274.32	43994.35
274.39	43960.57
274.46	43908.90
274.53	43853.18
274.59	43797.74
274.66	43755.38
274.73	43734.55
274.80	43717.06
274.86	43696.37
274.93	43679.58
275.00	43651.81
275.07	43609.69
275.14	43576.19
275.20	43550.36
275.27	43530.07
275.34	43510.34
275.41	43487.34
275.48	43469.94
275.54	43454.93
275.61	43428.45
275.68	43403.38
275.75	43375.57
275.81	43343.26
275.88	43311.07
275.95	43287.74
276.02	43264.69
276.09	43244.65
276.15	43218.07
276.22	43196.51
276.29	43174.06
276.36	43146.52
276.42	43116.30
276.49	43096.48
276.56	43067.65
276.63	43040.98
276.70	43025.50
276.76	43006.29
276.83	42986.86
276.90	42964.03
276.97	42936.28
277.03	42906.88
277.10	42890.16
277.17	42871.31
277.24	42864.50
277.30	42851.12
277.37	42832.92
277.44	42815.63
277.51	42791.39
277.58	42759.98
277.64	42736.71
277.71	42720.75
277.78	42692.17
277.85	42668.04
277.91	42640.96
277.98	42612.62
278.05	42581.48
278.12	42560.34
278.18	42536.87
278.25	42515.90
278.32	42498.63
278.39	42482.44
278.45	42469.95
278.52	42455.38
278.59	42443.60
278.66	42426.68
278.72	42412.14
278.79	42391.72
278.86	42376.58
278.93	42361.94
278.99	42341.34
279.06	42314.63
279.13	42283.89
279.20	42259.84
279.26	42237.62
279.33	42220.78
279.40	42197.22
279.47	42177.76
279.53	42152.69
279.60	42118.83
279.67	42084.59
279.74	42060.49
279.80	42040.68
279.87	42023.62
279.94	42011.93
280.01	42004.18
280.07	41988.75
280.14	41967.19
280.21	41939.48
280.28	41910.32
280.34	41879.52
280.41	41852.06
280.48	41827.50
280.55	41801.71
280.61	41784.68
280.68	41759.42
280.75	41733.23
280.82	41697.87
280.88	41666.38
280.95	41614.30
281.02	41563.04
281.08	41498.10
281.15	41427.88
281.22	41351.96
281.29	41289.05
281.35	41229.62
281.42	41185.24
281.49	41151.35
281.56	41125.05
281.62	41102.46
281.69	41070.31
281.76	41039.27
281.82	41005.70
281.89	40970.30
281.96	40933.93
282.03	40914.93
282.09	40889.04
282.16	40870.38
282.23	40853.30
282.30	40835.16
282.36	40807.43
282.43	40784.33
282.50	40770.98
282.56	40741.93
282.63	40711.48
282.70	40691.57
282.77	40683.24
282.83	40658.86
282.90	40648.22
282.97	40633.36
283.03	40604.56
283.10	40570.49
283.17	40543.71
283.24	40515.87
283.30	40484.15
283.37	40456.66
283.44	40430.27
283.50	40399.70
283.57	40370.62
283.64	40343.45
283.71	40307.62
283.77	40263.37
283.84	40232.38
283.91	40199.18
283.97	40181.24
284.04	40188.83
284.11	40202.97
284.18	40211.22
284.24	40226.69
284.31	40234.89
284.38	40230.80
284.44	40216.97
284.51	40195.25
284.58	40176.24
284.64	40158.85
284.71	40145.77
284.78	40132.95
284.85	40121.55
284.91	40102.75
284.98	40083.91
285.05	40051.74
285.11	40032.74
285.18	40016.47
285.25	40003.53
285.31	39996.17
285.38	39999.63
285.45	39995.96
285.52	39993.33
285.58	39984.10
285.65	39966.32
285.72	39941.12
285.78	39917.13
285.85	39895.63
285.92	39880.35
285.98	39862.38
286.05	39855.50
286.12	39856.12
286.18	39851.29
286.25	39848.78
286.32	39853.02
286.39	39856.70
286.45	39840.84
286.52	39827.96
286.59	39814.70
286.65	39802.72
286.72	39796.16
286.79	39789.07
286.85	39780.31
286.92	39766.89
286.99	39751.73
287.05	39722.63
287.12	39721.47
287.19	39716.65
287.25	39718.69
287.32	39719.66
287.39	39725.48
287.45	39720.38
287.52	39723.01
287.59	39715.24
287.65	39708.63
287.72	39701.83
287.79	39684.40
287.86	39659.97
287.92	39649.11
287.99	39638.50
288.06	39640.85
288.12	39639.73
288.19	39645.33
288.26	39635.10
288.32	39627.59
288.39	39610.38
288.46	39604.88
288.52	39598.10
288.59	39606.33
288.66	39611.70
288.72	39616.30
288.79	39618.83
288.86	39621.09
288.92	39614.20
288.99	39605.02
289.06	39596.19
289.12	39592.21
289.19	39593.21
289.26	39600.82
289.32	39616.33
289.39	39628.98
289.45	39638.58
289.52	39627.82
289.59	39621.60
289.65	39616.32
289.72	39615.74
289.79	39618.39
289.85	39633.55
289.92	39639.68
289.99	39644.68
290.05	39645.18
290.12	39641.21
290.19	39642.80
290.25	39642.03
290.32	39642.68
290.39	39644.06
290.45	39644.41
290.52	39647.24
290.59	39652.48
290.65	39648.30
290.72	39640.19
290.79	39640.49
290.85	39648.77
290.92	39662.46
290.98	39675.43
291.05	39694.75
291.12	39705.50
291.18	39706.59
291.25	39706.82
291.32	39709.45
291.38	39708.65
291.45	39710.93
291.52	39705.78
291.58	39697.86
291.65	39707.64
291.72	39716.65
291.78	39735.29
291.85	39748.20
291.91	39769.80
291.98	39787.34
292.05	39794.53
292.11	39800.15
292.18	39821.08
292.25	39825.77
292.31	39817.71
292.38	39827.84
292.45	39830.71
292.51	39829.68
292.58	39835.53
292.64	39849.58
292.71	39854.35
292.78	39862.88
292.84	39864.73
292.91	39875.97
292.98	39883.39
293.04	39891.38
293.11	39897.87
293.17	39912.16
293.24	39921.21
293.31	39932.54
293.37	39949.13
293.44	39961.42
293.51	39980.27
293.57	39992.88
293.64	40002.01
293.70	40014.43
293.77	40026.03
293.84	40034.91
293.90	40042.06
293.97	40050.89
294.04	40060.92
294.10	40070.52
294.17	40077.02
294.23	40087.63
294.30	40093.36
294.37	40100.18
294.43	40110.22
294.50	40112.16
294.56	40123.74
294.63	40135.27
294.70	40150.39
294.76	40164.35
294.83	40191.93
294.90	40212.49
294.96	40236.37
295.03	40248.90
295.09	40271.09
295.16	40283.63
295.23	40291.06
295.29	40294.13
295.36	40299.06
295.42	40302.06
295.49	40314.05
295.56	40339.52
295.62	40365.01
295.69	40383.46
295.75	40397.88
295.82	40412.53
295.89	40410.81
295.95	40411.13
296.02	40422.56
296.08	40425.04
296.15	40424.76
296.22	40436.82
296.28	40455.23
296.35	40473.73
296.41	40496.41
296.48	40515.20
296.55	40533.50
296.61	40550.78
296.68	40565.60
296.74	40592.58
296.81	40623.72
296.88	40648.40
296.94	40668.22
297.01	40691.73
297.07	40702.85
297.14	40714.13
297.20	40721.36
297.27	40732.79
297.34	40744.16
297.40	40764.20
297.47	40772.08
297.53	40794.93
297.60	40812.74
297.67	40825.71
297.73	40839.38
297.80	40848.44
297.86	40850.83
297.93	40857.88
298.00	40870.96
298.06	40879.53
298.13	40904.53
298.19	40922.16
298.26	40939.46
298.32	40959.13
298.39	40977.46
298.46	40988.90
298.52	41005.40
298.59	41020.72
298.65	41029.97
298.72	41043.37
298.78	41062.47
298.85	41074.87
298.92	41091.06
298.98	41105.98
299.05	41115.24
299.11	41128.71
299.18	41139.84
299.24	41153.79
299.31	41157.28
299.38	41171.68
299.44	41171.39
299.51	41192.11
299.57	41199.65
299.64	41219.02
299.70	41229.83
299.77	41244.10
299.84	41243.61
299.90	41246.01
299.97	41244.71
300.03	41247.38
300.10	41264.28
300.16	41276.77
300.23	41292.75
300.30	41306.88
300.36	41318.15
300.43	41331.08
300.49	41349.95
300.56	41367.03
300.62	41392.57
300.69	41409.08
300.75	41408.25
300.82	41415.20
300.89	41421.07
300.95	41426.33
301.02	41428.55
301.08	41442.68
301.15	41439.41
301.21	41443.54
301.28	41442.77
301.34	41457.87
301.41	41460.19
301.48	41464.65
301.54	41458.07
301.61	41459.38
301.67	41446.23
301.74	41445.57
301.80	41446.57
301.87	41451.86
301.93	41443.83
302.00	41441.54
302.06	41433.15
302.13	41418.99
302.20	41408.50
302.26	41402.49
302.33	41399.83
302.39	41394.57
302.46	41395.08
302.52	41387.89
302.59	41387.89
302.65	41380.68
302.72	41378.18
302.78	41375.33
302.85	41377.53
302.91	41365.71
302.98	41355.02
303.05	41342.21
303.11	41337.53
303.18	41322.83
303.24	41315.18
303.31	41305.74
303.37	41300.42
303.44	41288.96
303.50	41278.58
303.57	41259.05
303.63	41243.12
303.70	41224.02
303.76	41200.97
303.83	41188.77
303.89	41181.98
303.96	41170.87
304.03	41151.60
304.09	41131.19
304.16	41107.67
304.22	41081.08
304.29	41062.26
304.35	41044.24
304.42	41034.47
304.48	41015.97
304.55	40995.01
304.61	40973.47
304.68	40954.67
304.74	40934.25
304.81	40914.32
304.87	40887.49
304.94	40861.36
305.00	40834.21
305.07	40796.46
305.13	40761.63
305.20	40734.92
305.26	40706.96
305.33	40680.73
305.39	40662.83
305.46	40630.05
305.52	40610.63
305.59	40590.15
305.66	40558.31
305.72	40520.93
305.79	40498.37
305.85	40457.91
305.92	40399.88
305.98	40297.40
306.05	40086.38
306.11	39788.79
306.18	39507.40
306.24	39322.89
306.31	39280.63
306.37	39403.41
306.44	39634.87
306.50	39861.40
306.57	40008.37
306.63	40053.07
306.70	40043.84
306.76	40002.98
306.83	39955.60
306.89	39897.13
306.96	39855.98
307.02	39809.53
307.09	39772.29
307.15	39735.28
307.22	39711.30
307.28	39669.28
307.35	39633.13
307.41	39587.61
307.48	39542.36
307.54	39488.48
307.61	39440.36
307.67	39383.56
307.74	39334.78
307.80	39289.31
307.87	39239.49
307.93	39202.04
308.00	39164.06
308.06	39126.37
308.13	39080.55
308.19	39032.07
308.26	38979.74
308.32	38939.50
308.38	38896.89
308.45	38852.38
308.51	38819.48
308.58	38764.67
308.64	38695.09
308.71	38634.02
308.77	38579.37
308.84	38520.91
308.90	38492.04
308.97	38473.00
309.03	38445.88
309.10	38406.71
309.16	38360.78
309.23	38300.99
309.29	38236.01
309.36	38159.61
309.42	38092.31
309.49	38023.99
309.55	37952.79
309.62	37880.57
309.68	37822.44
309.75	37761.53
309.81	37704.44
309.88	37658.93
309.94	37604.83
310.00	37549.59
310.07	37492.78
310.13	37447.17
310.20	37385.70
310.26	37334.59
310.33	37282.40
310.39	37231.76
310.46	37171.33
310.52	37114.49
310.59	37059.70
310.65	37010.28
310.72	36952.60
310.78	36895.48
310.85	36837.15
310.91	36785.24
310.97	36729.75
311.04	36683.91
311.10	36628.50
311.17	36577.67
311.23	36520.79
311.30	36464.36
311.36	36406.22
311.43	36359.75
311.49	36302.25
311.56	36241.92
311.62	36178.80
311.69	36117.16
311.75	36062.35
311.81	35997.90
311.88	35939.08
311.94	35886.91
312.01	35849.02
312.07	35792.62
312.14	35754.36
312.20	35712.15
312.27	35658.71
312.33	35583.43
312.40	35516.59
312.46	35444.57
312.52	35375.38
312.59	35312.11
312.65	35252.75
312.72	35189.05
312.78	35124.97
312.85	35058.93
312.91	34991.72
312.98	34918.56
313.04	34855.57
313.10	34802.69
313.17	34746.79
313.23	34692.47
313.30	34644.45
313.36	34580.13
313.43	34508.38
313.49	34444.08
313.56	34368.25
313.62	34294.00
313.68	34233.01
313.75	34175.73
313.81	34114.32
313.88	34057.09
313.94	34003.33
314.01	33942.43
314.07	33884.23
314.13	33823.41
314.20	33761.70
314.26	33697.54
314.33	33633.08
314.39	33562.76
314.46	33488.17
314.52	33423.89
314.58	33353.78
314.65	33291.04
314.71	33227.63
314.78	33171.71
314.84	33106.46
314.91	33048.71
314.97	32981.78
315.03	32914.78
315.10	32843.45
315.16	32772.31
315.23	32702.57
315.29	32635.00
315.36	32569.24
315.42	32508.39
315.48	32443.91
315.55	32380.53
315.61	32308.41
315.68	32251.86
315.74	32187.89
315.81	32123.29
315.87	32054.13
315.93	32003.23
316.00	31952.93
316.06	31910.23
316.13	31886.98
316.19	31833.36
316.25	31731.40
316.32	31565.51
316.38	31349.21
316.45	31066.32
316.51	30759.72
316.58	30423.11
316.64	30071.67
316.70	29710.17
316.77	29324.85
316.83	28913.14
316.90	28492.08
316.96	28050.75
317.02	27595.94
317.09	27133.35
317.15	26660.15
317.22	26171.73
317.28	25675.51
317.34	25158.76
317.41	24631.12
317.47	24100.32
317.54	23563.43
317.60	23012.01
317.66	22450.79
317.73	21879.65
317.79	21302.98
317.86	20721.09
317.92	20140.48
317.98	19549.39
318.05	18953.40
318.11	18356.67
318.18	17770.37
318.24	17175.05
318.30	16585.90
318.37	16003.53
318.43	15415.40
318.50	14821.34
318.56	14239.46
318.62	13669.25
318.69	13105.26
318.75	12555.69
318.82	12011.11
318.88	11482.79
318.94	10959.75
319.01	10449.05
319.07	9956.16
319.13	9474.44
319.20	9002.50
319.26	8539.34
319.33	8094.46
319.39	7654.09
319.45	7243.71
319.52	6850.24
319.58	6472.08
319.65	6106.50
319.71	5758.45
319.77	5422.34
319.84	5102.09
319.90	4804.93
319.96	4517.67
320.03	4249.28
320.09	3994.48
320.16	3748.14
320.22	3519.88
320.28	3310.70
320.35	3113.93
320.41	2929.95
320.47	2766.11
320.54	2607.31
320.60	2465.28
320.67	2334.87
320.73	2214.05
320.79	2099.86
320.86	2001.65
320.92	1907.08
320.98	1822.30
321.05	1745.17
321.11	1671.51
321.18	1603.71
321.24	1544.13
321.30	1485.18
321.37	1434.39
321.43	1395.96
321.49	1355.76
321.56	1319.60
321.62	1289.30
321.68	1254.68
321.75	1221.56
321.81	1193.08
321.88	1162.93
321.94	1139.55
322.00	1119.93
322.07	1090.73
322.13	1063.37
322.19	1034.08
322.26	999.10
322.32	967.81
322.38	943.26
322.45	922.09
322.51	897.46
322.58	878.73
322.64	851.06
322.70	827.46
322.77	794.73
322.83	772.79
322.89	740.51
322.96	714.00
323.02	684.60
323.08	657.83
323.15	628.80
323.21	604.17
323.27	580.07
323.34	556.44
323.40	532.49
323.46	507.83
323.53	478.60
323.59	404.13
323.65	303.12
323.72	190.29
323.78	81.31
323.85	-18.20
323.91	-67.63
323.97	-86.15
324.04	-86.74
