180.21	3428.75
180.28	-125.72
180.36	633.98
180.44	-44.03
180.51	-9.85
180.59	17.71
180.66	49.69
180.74	50.81
180.81	52.43
180.89	57.25
180.97	59.96
181.04	60.44
181.12	61.84
181.19	65.82
181.27	68.46
181.34	88.50
181.42	96.54
181.50	104.35
181.57	114.89
181.65	119.94
181.72	113.86
181.80	110.78
181.87	115.57
181.95	123.69
182.03	133.69
182.10	148.49
182.18	165.26
182.25	189.30
182.33	209.65
182.40	235.90
182.48	252.23
182.55	283.54
182.63	303.85
182.71	322.05
182.78	339.34
182.86	348.52
182.93	332.19
183.01	314.09
183.08	292.58
183.16	280.10
183.23	275.94
183.31	302.83
183.39	336.13
183.46	387.00
183.54	431.96
183.61	489.66
183.69	545.77
183.76	611.62
183.84	668.13
183.91	728.25
183.99	789.17
184.06	837.36
184.14	893.01
184.22	932.39
184.29	937.96
184.37	935.22
184.44	905.12
184.52	810.75
184.59	709.15
184.67	638.09
184.74	573.61
184.82	561.37
184.89	614.85
184.97	710.40
185.04	814.00
185.12	921.41
185.20	1023.96
185.27	1131.00
185.35	1221.38
185.42	1289.09
185.50	1367.29
185.57	1421.84
185.65	1475.78
185.72	1546.98
185.80	1625.43
185.87	1692.68
185.95	1780.79
186.02	1835.31
186.10	1838.48
186.17	1796.03
186.25	1662.90
186.33	1465.11
186.40	1296.64
186.48	1195.09
186.55	1176.14
186.63	1260.26
186.70	1432.91
186.78	1598.76
186.85	1746.70
186.93	1869.05
187.00	2001.70
187.08	2108.49
187.15	2239.84
187.23	2372.10
187.30	2491.80
187.38	2614.97
187.45	2751.84
187.53	2850.29
187.60	2941.83
187.68	3062.47
187.75	3141.07
187.83	3179.96
187.90	3215.32
187.98	3208.03
188.05	3087.18
188.13	2854.37
188.21	2594.96
188.28	2376.20
188.36	2212.37
188.43	2183.53
188.51	2320.76
188.58	2535.11
188.66	2731.26
188.73	2931.04
188.81	3113.95
188.88	3273.84
188.96	3408.76
189.03	3553.84
189.11	3692.15
189.18	3799.22
189.26	3907.80
189.33	4029.62
189.41	4124.28
189.48	4211.08
189.56	4318.46
189.63	4395.64
189.71	4447.26
189.78	4502.97
189.86	4521.81
189.93	4490.31
190.01	4415.66
190.08	4253.60
190.16	3971.91
190.23	3675.75
190.31	3466.27
190.38	3349.93
190.46	3367.97
190.53	3533.64
190.61	3774.66
190.68	3985.03
190.76	4184.98
190.83	4356.16
190.91	4519.43
190.98	4656.26
191.06	4800.86
191.13	4925.96
191.21	5035.15
191.28	5144.76
191.35	5255.56
191.43	5331.83
191.50	5407.88
191.58	5492.39
191.65	5542.04
191.73	5571.38
191.80	5605.97
191.88	5611.92
191.95	5601.33
192.03	5601.65
192.10	5587.97
192.18	5551.82
192.25	5462.34
192.33	5291.23
192.40	5092.40
192.48	4936.03
192.55	4844.84
192.63	4853.88
192.70	4986.54
192.78	5175.09
192.85	5369.32
192.93	5541.74
193.00	5684.86
193.08	5818.73
193.15	5932.72
193.22	6026.27
193.30	6101.62
193.37	6177.42
193.45	6223.19
193.52	6273.60
193.60	6323.30
193.67	6371.99
193.75	6415.65
193.82	6457.58
193.90	6488.99
193.97	6524.21
194.05	6560.67
194.12	6594.84
194.20	6642.30
194.27	6689.02
194.34	6714.33
194.42	6725.57
194.49	6733.98
194.57	6709.22
194.64	6637.19
194.72	6558.00
194.79	6485.80
194.87	6418.27
194.94	6392.34
195.02	6422.55
195.09	6485.40
195.17	6570.33
195.24	6672.31
195.31	6771.87
195.39	6873.26
195.46	6962.89
195.54	7045.79
195.61	7113.75
195.69	7163.56
195.76	7199.70
195.84	7241.38
195.91	7261.18
195.99	7274.82
196.06	7293.48
196.13	7308.90
196.21	7313.19
196.28	7314.20
196.36	7311.09
196.43	7294.16
196.51	7281.29
196.58	7271.36
196.66	7282.12
196.73	7308.25
196.80	7355.53
196.88	7406.67
196.95	7466.92
197.03	7515.03
197.10	7542.08
197.18	7557.14
197.25	7567.29
197.33	7581.47
197.40	7607.68
197.47	7635.69
197.55	7674.58
197.62	7707.80
197.70	7729.27
197.77	7739.49
197.85	7752.08
197.92	7739.84
197.99	7718.03
198.07	7686.28
198.14	7656.43
198.22	7653.91
198.29	7684.79
198.37	7745.26
198.44	7828.90
198.51	7914.62
198.59	7985.15
198.66	8048.61
198.74	8102.87
198.81	8146.26
198.89	8183.43
198.96	8215.51
199.03	8236.21
199.11	8255.53
199.18	8264.76
199.26	8272.39
199.33	8279.13
199.41	8278.48
199.48	8247.19
199.55	8205.06
199.63	8156.45
199.70	8122.82
199.78	8108.24
199.85	8150.88
199.93	8224.48
200.00	8330.15
200.07	8425.75
200.15	8520.40
200.22	8591.84
200.30	8648.48
200.37	8696.86
200.44	8743.85
200.52	8785.00
200.59	8823.74
200.67	8851.03
200.74	8855.46
200.81	8856.32
200.89	8850.54
200.96	8852.23
201.04	8845.92
201.11	8837.89
201.19	8822.24
201.26	8809.48
201.33	8795.99
201.41	8816.79
201.48	8878.36
201.56	8961.74
201.63	9065.19
201.70	9160.69
201.78	9249.98
201.85	9320.38
201.93	9381.89
202.00	9428.75
202.07	9477.06
202.15	9514.59
202.22	9546.12
202.30	9574.15
202.37	9594.36
202.44	9611.96
202.52	9630.06
202.59	9641.54
202.67	9647.23
202.74	9663.63
202.81	9672.25
202.89	9673.21
202.96	9693.16
203.04	9742.23
203.11	9797.19
203.18	9879.57
203.26	9982.64
203.33	10074.66
203.41	10145.51
203.48	10215.66
203.55	10263.23
203.63	10309.95
203.70	10362.95
203.77	10413.39
203.85	10456.12
203.92	10499.78
204.00	10552.98
204.07	10599.35
204.14	10646.96
204.22	10687.80
204.29	10732.68
204.37	10757.94
204.44	10777.04
204.51	10801.88
204.59	10834.70
204.66	10869.02
204.73	10927.81
204.81	11003.17
204.88	11087.50
204.96	11180.17
205.03	11270.91
205.10	11342.39
205.18	11410.98
205.25	11473.48
205.32	11529.65
205.40	11589.48
205.47	11653.01
205.55	11716.72
205.62	11776.47
205.69	11840.51
205.77	11895.94
205.84	11952.23
205.91	12007.85
205.99	12064.59
206.06	12110.09
206.14	12163.75
206.21	12219.79
206.28	12269.82
206.36	12331.27
206.43	12391.58
206.50	12467.99
206.58	12544.25
206.65	12631.83
206.72	12716.05
206.80	12814.65
206.87	12903.54
206.95	12995.89
207.02	13089.64
207.09	13183.25
207.17	13279.37
207.24	13367.80
207.31	13449.61
207.39	13524.46
207.46	13595.04
207.53	13655.69
207.61	13726.39
207.68	13794.41
207.75	13870.09
207.83	13950.29
207.90	14032.05
207.98	14100.25
208.05	14185.92
208.12	14260.67
208.20	14340.09
208.27	14428.27
208.34	14530.85
208.42	14621.76
208.49	14720.62
208.56	14806.62
208.64	14896.84
208.71	14986.45
208.78	15071.92
208.86	15170.06
208.93	15275.74
209.00	15373.11
209.08	15465.33
209.15	15567.22
209.22	15667.39
209.30	15763.13
209.37	15862.42
209.44	15972.51
209.52	16076.93
209.59	16164.96
209.67	16258.45
209.74	16354.04
209.81	16458.42
209.89	16563.47
209.96	16669.88
210.03	16775.77
210.11	16879.98
210.18	16971.27
210.25	17077.55
210.33	17192.46
210.40	17303.05
210.47	17419.12
210.55	17533.93
210.62	17633.96
210.69	17730.23
210.77	17839.28
210.84	17943.63
210.91	18060.62
210.99	18178.12
211.06	18299.05
211.13	18421.06
211.21	18541.22
211.28	18650.40
211.35	18766.18
211.42	18881.54
211.50	18987.75
211.57	19099.01
211.64	19216.88
211.72	19328.44
211.79	19443.43
211.86	19564.72
211.94	19698.21
212.01	19817.88
212.08	19944.54
212.16	20062.06
212.23	20187.50
212.30	20301.76
212.38	20424.70
212.45	20554.08
212.52	20691.19
212.60	20811.33
212.67	20938.17
212.74	21065.61
212.82	21186.33
212.89	21301.41
212.96	21423.75
213.03	21556.06
213.11	21693.91
213.18	21831.84
213.25	21982.41
213.33	22132.84
213.40	22268.11
213.47	22394.61
213.55	22518.65
213.62	22636.65
213.69	22758.10
213.77	22880.33
213.84	23007.79
213.91	23144.37
213.98	23278.74
214.06	23415.44
214.13	23560.58
214.20	23713.48
214.28	23867.35
214.35	24020.89
214.42	24162.75
214.50	24298.75
214.57	24423.27
214.64	24542.65
214.72	24663.72
214.79	24791.51
214.86	24917.28
214.93	25048.29
215.01	25196.07
215.08	25329.95
215.15	25464.76
215.23	25592.81
215.30	25730.14
215.37	25858.68
215.44	26010.76
215.52	26176.34
215.59	26339.28
215.66	26493.40
215.74	26638.91
215.81	26782.17
215.88	26917.01
215.95	27046.16
216.03	27177.62
216.10	27318.94
216.17	27458.61
216.25	27595.03
216.32	27754.21
216.39	27915.99
216.46	28061.18
216.54	28193.60
216.61	28329.07
216.68	28452.84
216.76	28583.57
216.83	28727.46
216.90	28892.81
216.97	29064.30
217.05	29233.48
217.12	29381.19
217.19	29503.14
217.27	29592.83
217.34	29682.48
217.41	29779.15
217.48	29889.21
217.56	30023.34
217.63	30183.19
217.70	30342.45
217.78	30503.31
217.85	30663.09
217.92	30823.80
217.99	30995.99
218.07	31147.62
218.14	31291.32
218.21	31440.15
218.28	31583.30
218.36	31719.49
218.43	31859.72
218.50	32009.23
218.57	32139.25
218.65	32265.90
218.72	32381.79
218.79	32512.94
218.87	32640.39
218.94	32783.32
219.01	32931.31
219.08	33065.60
219.16	33191.25
219.23	33310.66
219.30	33425.09
219.37	33542.62
219.45	33673.15
219.52	33817.28
219.59	33950.45
219.66	34076.77
219.74	34208.66
219.81	34366.27
219.88	34508.39
219.95	34648.34
220.03	34805.25
220.10	34942.82
220.17	35053.44
220.24	35167.60
220.32	35297.04
220.39	35417.80
220.46	35539.75
220.53	35670.47
220.61	35801.76
220.68	35934.90
220.75	36067.16
220.82	36210.07
220.90	36320.80
220.97	36410.41
221.04	36495.01
221.11	36578.21
221.19	36664.04
221.26	36776.88
221.33	36913.58
221.40	37052.46
221.48	37194.66
221.55	37331.36
221.62	37458.56
221.69	37580.37
221.77	37696.82
221.84	37814.60
221.91	37932.24
221.98	38053.95
222.06	38174.29
222.13	38307.15
222.20	38422.37
222.27	38525.61
222.35	38637.30
222.42	38746.70
222.49	38831.36
222.56	38918.61
222.63	39012.37
222.71	39106.99
222.78	39213.72
222.85	39336.11
222.92	39455.22
223.00	39563.73
223.07	39658.30
223.14	39734.28
223.21	39816.37
223.29	39914.74
223.36	40035.85
223.43	40158.95
223.50	40288.98
223.57	40416.71
223.65	40545.89
223.72	40657.73
223.79	40762.66
223.86	40867.52
223.94	40969.50
224.01	41047.42
224.08	41114.92
224.15	41185.80
224.22	41248.34
224.30	41299.51
224.37	41374.59
224.44	41460.56
224.51	41555.06
224.59	41657.51
224.66	41769.41
224.73	41876.33
224.80	41984.82
224.87	42088.02
224.95	42187.31
225.02	42282.68
225.09	42372.93
225.16	42453.04
225.23	42535.58
225.31	42623.20
225.38	42710.63
225.45	42797.97
225.52	42897.71
225.60	42977.95
225.67	43029.90
225.74	43074.79
225.81	43115.51
225.88	43161.39
225.96	43249.01
226.03	43371.41
226.10	43497.61
226.17	43628.54
226.24	43750.07
226.32	43838.66
226.39	43907.86
226.46	43970.59
226.53	44029.64
226.60	44084.28
226.68	44138.83
226.75	44202.75
226.82	44276.15
226.89	44351.02
226.96	44423.14
227.04	44475.19
227.11	44525.23
227.18	44571.75
227.25	44598.06
227.32	44646.04
227.40	44725.94
227.47	44797.54
227.54	44860.46
227.61	44940.05
227.68	45011.49
227.76	45075.52
227.83	45147.99
227.90	45223.05
227.97	45293.19
228.04	45352.02
228.11	45398.03
228.19	45436.66
228.26	45491.89
228.33	45555.72
228.40	45621.59
228.47	45692.03
228.55	45766.15
228.62	45833.82
228.69	45893.76
228.76	45951.11
228.83	46010.62
228.90	46069.36
228.98	46125.16
229.05	46185.98
229.12	46261.42
229.19	46330.03
229.26	46401.37
229.34	46452.75
229.41	46502.97
229.48	46541.99
229.55	46583.64
229.62	46628.89
229.69	46687.00
229.77	46722.99
229.84	46755.60
229.91	46791.94
229.98	46818.52
230.05	46844.16
230.12	46904.31
230.20	46974.74
230.27	47043.69
230.34	47117.36
230.41	47195.40
230.48	47253.91
230.55	47304.53
230.63	47346.89
230.70	47387.83
230.77	47411.14
230.84	47436.73
230.91	47459.06
230.98	47495.11
231.06	47532.59
231.13	47596.43
231.20	47665.44
231.27	47739.18
231.34	47797.35
231.41	47854.77
231.49	47904.03
231.56	47956.19
231.63	48006.18
231.70	48059.48
231.77	48093.90
231.84	48113.79
231.92	48120.25
231.99	48128.64
232.06	48149.09
232.13	48185.47
232.20	48242.03
232.27	48295.75
232.34	48340.49
232.42	48369.03
232.49	48398.85
232.56	48427.32
232.63	48480.60
232.70	48528.68
232.77	48586.59
232.85	48645.65
232.92	48689.86
232.99	48711.07
233.06	48739.10
233.13	48761.74
233.20	48768.91
233.27	48781.50
233.35	48791.72
233.42	48796.89
233.49	48802.32
233.56	48827.91
233.63	48849.12
233.70	48865.74
233.77	48894.24
233.85	48930.04
233.92	48963.67
233.99	48991.57
234.06	49035.59
234.13	49077.54
234.20	49123.09
234.27	49148.59
234.35	49184.94
234.42	49200.06
234.49	49205.18
234.56	49207.78
234.63	49202.39
234.70	49188.87
234.77	49178.67
234.84	49163.64
234.92	49134.65
234.99	49129.52
235.06	49141.35
235.13	49162.52
235.20	49194.74
235.27	49243.41
235.34	49279.72
235.41	49314.06
235.49	49348.56
235.56	49379.05
235.63	49386.81
235.70	49390.71
235.77	49378.19
235.84	49361.43
235.91	49342.54
235.98	49337.02
236.06	49343.29
236.13	49347.81
236.20	49351.02
236.27	49346.64
236.34	49355.83
236.41	49359.54
236.48	49359.45
236.55	49360.87
236.63	49364.98
236.70	49353.37
236.77	49343.87
236.84	49347.23
236.91	49343.28
236.98	49330.32
237.05	49328.06
237.12	49317.26
237.19	49298.57
237.27	49295.89
237.34	49307.30
237.41	49303.55
237.48	49290.53
237.55	49276.94
237.62	49264.91
237.69	49261.60
237.76	49263.67
237.83	49279.44
237.91	49300.88
237.98	49311.52
238.05	49309.53
238.12	49305.43
238.19	49296.65
238.26	49294.28
238.33	49282.58
238.40	49257.79
238.47	49241.78
238.54	49229.24
238.62	49205.78
238.69	49182.85
238.76	49168.75
238.83	49148.93
238.90	49157.82
238.97	49169.35
239.04	49190.73
239.11	49212.56
239.18	49238.42
239.25	49234.00
239.33	49214.00
239.40	49183.83
239.47	49152.59
239.54	49101.42
239.61	49050.09
239.68	49002.58
239.75	48970.92
239.82	48946.45
239.89	48932.70
239.96	48931.87
240.03	48934.30
240.11	48944.14
240.18	48960.43
240.25	48973.02
240.32	48979.81
240.39	48998.61
240.46	49008.15
240.53	49020.44
240.60	49044.01
240.67	49069.75
240.74	49081.90
240.81	49094.17
240.88	49088.23
240.96	49070.28
241.03	49043.69
241.10	49022.90
241.17	48997.59
241.24	48981.21
241.31	48964.26
241.38	48952.34
241.45	48949.94
241.52	48943.97
241.59	48943.24
241.66	48955.92
241.73	48962.02
241.80	48965.42
241.88	48959.69
241.95	48938.44
242.02	48897.12
242.09	48848.15
242.16	48792.02
242.23	48775.81
242.30	48768.74
242.37	48770.69
242.44	48791.62
242.51	48795.25
242.58	48770.31
242.65	48750.12
242.72	48755.79
242.79	48744.44
242.87	48761.40
242.94	48772.39
243.01	48771.71
243.08	48763.06
243.15	48761.10
243.22	48748.90
243.29	48755.94
243.36	48768.19
243.43	48774.70
243.50	48795.11
243.57	48815.74
243.64	48826.86
243.71	48849.57
243.78	48858.82
243.85	48849.89
243.92	48834.81
243.99	48819.75
244.07	48794.06
244.14	48771.46
244.21	48760.35
244.28	48771.88
244.35	48794.44
244.42	48819.19
244.49	48846.02
244.56	48868.88
244.63	48878.44
244.70	48869.52
244.77	48864.68
244.84	48859.39
244.91	48848.29
244.98	48839.67
245.05	48850.27
245.12	48876.31
245.19	48909.30
245.26	48949.52
245.33	48989.12
245.40	49026.17
245.47	49043.09
245.55	49059.39
245.62	49069.44
245.69	49075.66
245.76	49092.76
245.83	49105.62
245.90	49111.88
245.97	49112.50
246.04	49129.61
246.11	49121.47
246.18	49118.82
246.25	49115.17
246.32	49113.52
246.39	49104.13
246.46	49111.84
246.53	49127.56
246.60	49140.95
246.67	49176.08
246.74	49207.54
246.81	49235.55
246.88	49257.56
246.95	49277.41
247.02	49285.79
247.09	49289.96
247.16	49283.99
247.23	49268.81
247.30	49251.54
247.37	49231.29
247.44	49220.24
247.51	49207.54
247.58	49211.92
247.66	49249.86
247.73	49303.79
247.80	49351.62
247.87	49412.14
247.94	49479.43
248.01	49523.45
248.08	49556.85
248.15	49588.22
248.22	49614.26
248.29	49640.03
248.36	49664.27
248.43	49687.09
248.50	49714.67
248.57	49743.03
248.64	49755.71
248.71	49785.68
248.78	49817.31
248.85	49837.44
248.92	49858.76
248.99	49873.64
249.06	49868.61
249.13	49852.73
249.20	49843.91
249.27	49823.59
249.34	49820.05
249.41	49832.20
249.48	49844.93
249.55	49857.74
249.62	49872.79
249.69	49884.19
249.76	49901.24
249.83	49929.29
249.90	49965.07
249.97	50007.69
250.04	50056.12
250.11	50106.47
250.18	50157.52
250.25	50197.04
250.32	50224.10
250.39	50253.28
250.46	50265.79
250.53	50274.79
250.60	50287.12
250.67	50316.80
250.74	50337.71
250.81	50333.14
250.88	50330.89
250.95	50335.22
251.02	50324.29
251.09	50315.94
251.16	50347.67
251.23	50380.35
251.30	50417.66
251.37	50458.75
251.44	50490.79
251.51	50523.59
251.58	50550.82
251.65	50570.22
251.72	50591.75
251.79	50615.44
251.86	50599.50
251.93	50574.89
252.00	50527.62
252.07	50476.73
252.14	50449.39
252.21	50452.78
252.28	50471.47
252.35	50516.28
252.42	50591.31
252.49	50633.68
252.56	50672.91
252.63	50717.29
252.70	50747.52
252.77	50743.02
252.84	50750.34
252.91	50744.32
252.98	50719.05
253.05	50699.12
253.12	50702.78
253.19	50712.56
253.25	50743.72
253.32	50772.29
253.39	50814.20
253.46	50833.84
253.53	50845.77
253.60	50828.67
253.67	50829.43
253.74	50842.98
253.81	50872.33
253.88	50890.57
253.95	50931.68
254.02	50957.70
254.09	50958.56
254.16	50948.80
254.23	50942.52
254.30	50923.37
254.37	50926.94
254.44	50943.37
254.51	50970.23
254.58	50989.78
254.65	51018.37
254.72	51018.86
254.79	50993.77
254.86	50971.61
254.93	50950.56
255.00	50939.32
255.07	50941.03
255.14	50956.81
255.21	50942.61
255.28	50922.85
255.34	50892.51
255.41	50879.66
255.48	50882.30
255.55	50907.34
255.62	50951.82
255.69	50998.54
255.76	51032.32
255.83	51057.23
255.90	51077.26
255.97	51090.96
256.04	51087.34
256.11	51089.20
256.18	51083.85
256.25	51069.49
256.32	51045.69
256.39	51026.61
256.46	50992.84
256.53	50957.42
256.60	50929.50
256.67	50912.02
256.74	50900.37
256.80	50897.64
256.87	50893.01
256.94	50884.24
257.01	50876.23
257.08	50873.51
257.15	50862.75
257.22	50856.18
257.29	50845.27
257.36	50843.80
257.43	50836.42
257.50	50836.35
257.57	50822.88
257.64	50827.81
257.71	50811.13
257.78	50800.60
257.85	50782.56
257.92	50781.89
257.98	50778.13
258.05	50784.59
258.12	50776.82
258.19	50754.87
258.26	50716.24
258.33	50662.39
258.40	50619.49
258.47	50581.22
258.54	50573.63
258.61	50590.86
258.68	50612.49
258.75	50632.82
258.82	50650.19
258.89	50644.32
258.95	50607.08
259.02	50574.95
259.09	50523.95
259.16	50465.34
259.23	50404.87
259.30	50367.35
259.37	50339.33
259.44	50329.73
259.51	50324.53
259.58	50335.94
259.65	50329.06
259.72	50318.24
259.79	50277.44
259.85	50243.49
259.92	50214.02
259.99	50207.68
260.06	50196.91
260.13	50189.98
260.20	50180.34
260.27	50145.22
260.34	50087.90
260.41	50025.88
260.48	49981.14
260.55	49952.81
260.62	49924.78
260.68	49893.01
260.75	49872.68
260.82	49860.51
260.89	49835.08
260.96	49820.49
261.03	49821.73
261.10	49816.11
261.17	49801.94
261.24	49779.07
261.31	49750.37
261.38	49706.71
261.44	49656.54
261.51	49607.89
261.58	49562.40
261.65	49524.33
261.72	49488.34
261.79	49444.27
261.86	49397.79
261.93	49362.68
262.00	49329.34
262.07	49298.77
262.13	49278.14
262.20	49258.64
262.27	49225.74
262.34	49196.61
262.41	49160.90
262.48	49117.29
262.55	49071.52
262.62	49021.42
262.69	48953.90
262.76	48907.58
262.82	48862.85
262.89	48820.35
262.96	48780.17
263.03	48748.93
263.10	48706.54
263.17	48653.62
263.24	48598.54
263.31	48570.07
263.38	48533.82
263.44	48511.97
263.51	48495.43
263.58	48471.15
263.65	48424.21
263.72	48381.40
263.79	48312.01
263.86	48253.39
263.93	48197.18
264.00	48154.35
264.06	48123.59
264.13	48106.41
264.20	48093.08
264.27	48065.44
264.34	48032.24
264.41	47990.06
264.48	47953.14
264.55	47909.46
264.61	47883.01
264.68	47848.41
264.75	47811.61
264.82	47745.14
264.89	47668.44
264.96	47599.54
265.03	47533.91
265.10	47480.48
265.16	47452.11
265.23	47436.57
265.30	47419.51
265.37	47391.77
265.44	47359.67
265.51	47332.34
265.58	47299.36
265.65	47247.88
265.71	47207.62
265.78	47166.03
265.85	47101.18
265.92	47038.41
265.99	46984.12
266.06	46938.39
266.13	46878.06
266.20	46839.74
266.26	46819.44
266.33	46793.12
266.40	46738.65
266.47	46686.23
266.54	46602.02
266.61	46512.47
266.68	46437.70
266.74	46381.01
266.81	46337.82
266.88	46317.49
266.95	46270.60
267.02	46233.69
267.09	46184.93
267.16	46127.93
267.22	46078.40
267.29	46053.82
267.36	46021.34
267.43	46003.09
267.50	45977.24
267.57	45941.81
267.64	45894.78
267.70	45853.63
267.77	45800.24
267.84	45756.01
267.91	45709.38
267.98	45660.54
268.05	45596.45
268.11	45536.22
268.18	45481.17
268.25	45423.12
268.32	45371.51
268.39	45321.85
268.46	45282.64
268.53	45254.51
268.59	45237.07
268.66	45215.75
268.73	45191.71
268.80	45158.16
268.87	45105.61
268.94	45062.39
269.00	45023.58
269.07	44978.55
269.14	44944.53
269.21	44915.97
269.28	44874.18
269.35	44829.58
269.41	44793.41
269.48	44741.39
269.55	44673.67
269.62	44603.60
269.69	44538.60
269.76	44467.16
269.82	44407.69
269.89	44373.15
269.96	44357.35
270.03	44335.65
270.10	44319.94
270.17	44295.62
270.23	44267.14
270.30	44223.75
270.37	44192.34
270.44	44163.80
270.51	44139.64
270.58	44105.83
270.64	44080.19
270.71	44038.29
270.78	43997.58
270.85	43949.16
270.92	43901.74
270.99	43847.86
271.05	43805.08
271.12	43753.50
271.19	43710.05
271.26	43662.85
271.33	43620.39
271.39	43578.57
271.46	43525.20
271.53	43485.62
271.60	43457.30
271.67	43436.16
271.74	43408.67
271.80	43400.50
271.87	43388.50
271.94	43360.17
272.01	43311.94
272.08	43269.15
272.14	43221.67
272.21	43177.36
272.28	43154.15
272.35	43130.08
272.42	43108.05
272.48	43097.61
272.55	43080.91
272.62	43059.41
272.69	43055.12
272.76	43051.26
272.83	43032.65
272.89	43007.55
272.96	42972.89
273.03	42926.85
273.10	42878.10
273.17	42837.48
273.23	42792.56
273.30	42750.64
273.37	42715.72
273.44	42690.18
273.51	42664.62
273.57	42650.65
273.64	42642.83
273.71	42641.24
273.78	42626.14
273.85	42610.48
273.91	42584.85
273.98	42564.76
274.05	42530.00
274.12	42502.29
274.19	42477.33
274.25	42456.50
274.32	42419.54
274.39	42383.30
274.46	42331.60
274.53	42274.32
274.59	42206.37
274.66	42154.30
274.73	42108.53
274.80	42073.89
274.86	42038.82
274.93	42027.96
275.00	42014.47
275.07	41987.42
275.14	41956.84
275.20	41923.92
275.27	41883.98
275.34	41830.55
275.41	41799.07
275.48	41782.25
275.54	41776.62
275.61	41758.08
275.68	41745.52
275.75	41721.99
275.81	41681.85
275.88	41641.09
275.95	41608.54
276.02	41570.64
276.09	41535.53
276.15	41507.74
276.22	41478.58
276.29	41456.28
276.36	41428.97
276.42	41402.45
276.49	41366.05
276.56	41309.44
276.63	41245.59
276.70	41199.13
276.76	41164.89
276.83	41146.24
276.90	41149.86
276.97	41154.11
277.03	41153.71
277.10	41142.75
277.17	41128.02
277.24	41111.53
277.30	41096.62
277.37	41074.57
277.44	41052.23
277.51	41023.45
277.58	40988.98
277.64	40948.92
277.71	40916.07
277.78	40879.48
277.85	40835.19
277.91	40789.22
277.98	40749.32
278.05	40701.83
278.12	40661.68
278.18	40630.83
278.25	40604.49
278.32	40584.14
278.39	40573.11
278.45	40566.13
278.52	40563.69
278.59	40550.74
278.66	40519.20
278.72	40494.67
278.79	40468.12
278.86	40436.04
278.93	40420.12
278.99	40411.88
279.06	40395.35
279.13	40373.88
279.20	40357.80
279.26	40340.87
279.33	40324.62
279.40	40299.56
279.47	40262.28
279.53	40227.55
279.60	40187.17
279.67	40154.42
279.74	40117.37
279.80	40095.96
279.87	40067.87
279.94	40037.79
280.01	39996.97
280.07	39972.61
280.14	39940.04
280.21	39903.60
280.28	39866.31
280.34	39830.56
280.41	39783.07
280.48	39736.58
280.55	39705.55
280.61	39686.57
280.68	39668.53
280.75	39644.45
280.82	39621.10
280.88	39587.06
280.95	39529.64
281.02	39473.87
281.08	39418.14
281.15	39361.19
281.22	39302.11
281.29	39243.24
281.35	39176.01
281.42	39120.10
281.49	39060.24
281.56	38997.94
281.62	38958.08
281.69	38923.83
281.76	38896.20
281.82	38876.74
281.89	38856.82
281.96	38826.27
282.03	38790.94
282.09	38749.55
282.16	38710.34
282.23	38671.20
282.30	38634.85
282.36	38605.86
282.43	38579.77
282.50	38557.04
282.56	38525.44
282.63	38502.01
282.70	38476.63
282.77	38458.29
282.83	38428.85
282.90	38410.43
282.97	38386.69
283.03	38372.09
283.10	38360.25
283.17	38351.55
283.24	38333.76
283.30	38309.23
283.37	38273.51
283.44	38224.43
283.50	38168.96
283.57	38125.16
283.64	38073.80
283.71	38022.76
283.77	37981.05
283.84	37957.54
283.91	37929.04
283.97	37914.46
284.04	37912.21
284.11	37897.06
284.18	37883.79
284.24	37873.57
284.31	37866.94
284.38	37856.86
284.44	37849.43
284.51	37832.28
284.58	37826.21
284.64	37809.32
284.71	37792.08
284.78	37772.58
284.85	37757.01
284.91	37734.92
284.98	37716.70
285.05	37683.10
285.11	37657.16
285.18	37624.73
285.25	37591.42
285.31	37570.12
285.38	37560.24
285.45	37550.55
285.52	37541.36
285.58	37524.25
285.65	37497.61
285.72	37463.87
285.78	37437.32
285.85	37419.62
285.92	37405.98
285.98	37392.43
286.05	37386.57
286.12	37378.13
286.18	37354.29
286.25	37339.12
286.32	37312.04
286.39	37285.18
286.45	37248.70
286.52	37218.56
286.59	37180.27
286.65	37163.29
286.72	37157.72
286.79	37162.96
286.85	37168.93
286.92	37176.25
286.99	37171.05
287.05	37148.64
287.12	37136.45
287.19	37125.69
287.25	37119.45
287.32	37110.73
287.39	37111.49
287.45	37096.60
287.52	37080.52
287.59	37059.70
287.65	37045.82
287.72	37019.00
287.79	36990.67
287.86	36960.55
287.92	36928.27
287.99	36905.95
288.06	36897.45
288.12	36874.66
288.19	36863.61
288.26	36847.79
288.32	36824.36
288.39	36803.41
288.46	36802.31
288.52	36793.71
288.59	36802.88
288.66	36808.02
288.72	36806.32
288.79	36797.78
288.86	36785.41
288.92	36756.02
288.99	36728.70
289.06	36708.30
289.12	36687.93
289.19	36669.50
289.26	36664.39
289.32	36656.23
289.39	36643.84
289.45	36637.92
289.52	36628.68
289.59	36621.37
289.65	36618.17
289.72	36602.85
289.79	36588.17
289.85	36582.43
289.92	36570.59
289.99	36557.16
290.05	36551.39
290.12	36533.60
290.19	36511.79
290.25	36481.29
290.32	36454.83
290.39	36437.78
290.45	36432.69
290.52	36428.58
290.59	36429.25
290.65	36419.52
290.72	36406.49
290.79	36391.39
290.85	36381.42
290.92	36377.22
290.98	36378.80
291.05	36378.02
291.12	36372.73
291.18	36366.04
291.25	36357.34
291.32	36342.69
291.38	36319.11
291.45	36302.95
291.52	36278.43
291.58	36251.48
291.65	36236.04
291.72	36231.29
291.78	36222.10
291.85	36212.07
291.91	36202.46
291.98	36195.99
292.05	36175.37
292.11	36158.02
292.18	36146.87
292.25	36138.36
292.31	36123.10
292.38	36122.30
292.45	36119.61
292.51	36113.64
292.58	36101.04
292.64	36097.52
292.71	36084.96
292.78	36072.35
292.84	36051.24
292.91	36042.63
292.98	36023.90
293.04	36013.97
293.11	36001.30
293.17	35995.88
293.24	35993.14
293.31	35984.79
293.37	35973.31
293.44	35954.21
293.51	35941.87
293.57	35913.54
293.64	35894.58
293.70	35881.16
293.77	35867.11
293.84	35854.14
293.90	35847.70
293.97	35839.59
294.04	35836.38
294.10	35824.75
294.17	35807.25
294.23	35794.40
294.30	35780.55
294.37	35752.26
294.43	35747.54
294.50	35735.81
294.56	35720.12
294.63	35703.40
294.70	35692.60
294.76	35682.37
294.83	35669.75
294.90	35667.29
294.96	35660.41
295.03	35652.69
295.09	35646.68
295.16	35652.75
295.23	35640.01
295.29	35629.71
295.36	35612.79
295.42	35585.41
295.49	35556.29
295.56	35545.00
295.62	35534.99
295.69	35521.15
295.75	35514.12
295.82	35511.93
295.89	35493.76
295.95	35466.18
296.02	35450.55
296.08	35422.11
296.15	35382.79
296.22	35355.04
296.28	35340.78
296.35	35325.59
296.41	35320.33
296.48	35320.48
296.55	35318.18
296.61	35310.06
296.68	35302.55
296.74	35292.35
296.81	35286.33
296.88	35274.05
296.94	35255.40
297.01	35237.46
297.07	35216.80
297.14	35193.89
297.20	35180.89
297.27	35178.60
297.34	35184.54
297.40	35185.31
297.47	35176.64
297.53	35156.04
297.60	35135.76
297.67	35102.43
297.73	35076.37
297.80	35054.16
297.86	35034.45
297.93	35007.53
298.00	34986.36
298.06	34967.06
298.13	34963.83
298.19	34957.69
298.26	34953.44
298.32	34954.77
298.39	34946.12
298.46	34916.29
298.52	34890.83
298.59	34864.19
298.65	34831.58
298.72	34805.29
298.78	34792.10
298.85	34774.31
298.92	34752.70
298.98	34733.09
299.05	34704.88
299.11	34679.38
299.18	34647.26
299.24	34615.32
299.31	34575.96
299.38	34551.80
299.44	34513.87
299.51	34506.81
299.57	34500.71
299.64	34500.15
299.70	34488.72
299.77	34476.74
299.84	34446.32
299.90	34411.55
299.97	34369.25
300.03	34342.67
300.10	34327.39
300.16	34304.65
300.23	34290.59
300.30	34277.98
300.36	34253.61
300.43	34229.25
300.49	34196.66
300.56	34165.04
300.62	34145.30
300.69	34127.33
300.75	34096.49
300.82	34076.61
300.89	34055.55
300.95	34030.33
301.02	33985.69
301.08	33949.27
301.15	33917.62
301.21	33886.07
301.28	33851.82
301.34	33831.79
301.41	33806.60
301.48	33780.52
301.54	33751.02
301.61	33726.54
301.67	33697.46
301.74	33678.97
301.80	33640.14
301.87	33601.42
301.93	33553.84
302.00	33510.08
302.06	33452.76
302.13	33410.73
302.20	33378.97
302.26	33343.34
302.33	33319.75
302.39	33289.95
302.46	33253.77
302.52	33207.39
302.59	33172.62
302.65	33118.25
302.72	33077.31
302.78	33048.58
302.85	33019.90
302.91	32979.64
302.98	32951.80
303.05	32914.97
303.11	32876.66
303.18	32827.74
303.24	32793.28
303.31	32748.58
303.37	32708.22
303.44	32669.55
303.50	32626.39
303.57	32571.18
303.63	32522.29
303.70	32478.78
303.76	32428.37
303.83	32388.93
303.89	32348.64
303.96	32310.30
304.03	32258.83
304.09	32204.97
304.16	32146.70
304.22	32089.20
304.29	32034.32
304.35	31985.14
304.42	31944.45
304.48	31902.65
304.55	31856.54
304.61	31801.60
304.68	31751.68
304.74	31695.29
304.81	31650.05
304.87	31594.19
304.94	31554.00
305.00	31511.10
305.07	31456.58
305.13	31391.25
305.20	31338.08
305.26	31279.54
305.33	31221.19
305.39	31171.28
305.46	31115.74
305.52	31061.99
305.59	31007.69
305.66	30949.76
305.72	30889.21
305.79	30840.05
305.85	30788.61
305.92	30704.36
305.98	30590.37
306.05	30454.83
306.11	30303.06
306.18	30133.37
306.24	29997.15
306.31	29925.13
306.37	29919.60
306.44	29958.84
306.50	30018.53
306.57	30076.56
306.63	30110.83
306.70	30083.53
306.76	30027.50
306.83	29967.30
306.89	29893.27
306.96	29811.10
307.02	29748.51
307.09	29699.71
307.15	29647.63
307.22	29602.23
307.28	29549.32
307.35	29496.55
307.41	29417.43
307.48	29341.96
307.54	29268.59
307.61	29200.19
307.67	29130.88
307.74	29075.14
307.80	29018.78
307.87	28959.96
307.93	28903.90
308.00	28847.93
308.06	28791.77
308.13	28733.73
308.19	28676.92
308.26	28611.12
308.32	28553.04
308.38	28493.59
308.45	28429.29
308.51	28370.61
308.58	28315.22
308.64	28253.18
308.71	28195.45
308.77	28143.94
308.84	28078.95
308.90	28021.95
308.97	27963.14
309.03	27907.08
309.10	27841.76
309.16	27783.07
309.23	27709.08
309.29	27638.19
309.36	27546.80
309.42	27464.39
309.49	27390.88
309.55	27330.17
309.62	27264.25
309.68	27220.14
309.75	27167.79
309.81	27100.46
309.88	27042.54
309.94	26979.74
310.00	26908.50
310.07	26841.63
310.13	26791.37
310.20	26719.89
310.26	26657.59
310.33	26590.54
310.39	26532.41
310.46	26464.19
310.52	26408.14
310.59	26348.19
310.65	26292.61
310.72	26232.87
310.78	26177.47
310.85	26106.39
310.91	26046.85
310.97	25989.06
311.04	25930.01
311.10	25860.94
311.17	25807.67
311.23	25742.01
311.30	25682.37
311.36	25620.45
311.43	25572.92
311.49	25516.80
311.56	25468.98
311.62	25411.34
311.69	25362.38
311.75	25307.41
311.81	25249.43
311.88	25177.88
311.94	25118.06
312.01	25063.56
312.07	24998.11
312.14	24946.80
312.20	24904.86
312.27	24859.08
312.33	24798.15
312.40	24743.03
312.46	24676.99
312.52	24620.18
312.59	24553.07
312.65	24487.01
312.72	24415.89
312.78	24354.49
312.85	24289.34
312.91	24223.44
312.98	24163.26
313.04	24120.71
313.10	24073.61
313.17	24016.07
313.23	23968.03
313.30	23913.59
313.36	23844.74
313.43	23777.89
313.49	23726.55
313.56	23665.35
313.62	23606.02
313.68	23548.06
313.75	23497.21
313.81	23439.35
313.88	23381.43
313.94	23335.61
314.01	23296.23
314.07	23240.64
314.13	23188.63
314.20	23146.38
314.26	23087.85
314.33	23025.45
314.39	22978.13
314.46	22913.20
314.52	22860.88
314.58	22811.66
314.65	22759.16
314.71	22701.10
314.78	22653.58
314.84	22597.80
314.91	22540.05
314.97	22486.96
315.03	22435.23
315.10	22388.49
315.16	22321.07
315.23	22269.78
315.29	22228.55
315.36	22180.67
315.42	22124.34
315.48	22078.36
315.55	22029.49
315.61	21965.10
315.68	21912.23
315.74	21855.82
315.81	21801.12
315.87	21738.94
315.93	21694.83
316.00	21657.25
316.06	21621.19
316.13	21594.92
316.19	21547.52
316.25	21452.74
316.32	21313.08
316.38	21144.40
316.45	20924.22
316.51	20694.81
316.58	20465.96
316.64	20227.89
316.70	19992.32
316.77	19757.34
316.83	19513.26
316.90	19265.57
316.96	19020.18
317.02	18769.89
317.09	18527.45
317.15	18286.42
317.22	18040.94
317.28	17794.64
317.34	17553.06
317.41	17308.42
317.47	17067.07
317.54	16826.04
317.60	16582.61
317.66	16333.93
317.73	16084.25
317.79	15839.64
317.86	15596.34
317.92	15354.30
317.98	15108.39
318.05	14858.77
318.11	14605.49
318.18	14361.09
318.24	14110.20
318.30	13859.26
318.37	13610.60
318.43	13352.44
318.50	13083.66
318.56	12815.06
318.62	12555.19
318.69	12288.61
318.75	12021.49
318.82	11750.74
318.88	11486.29
318.94	11212.89
319.01	10937.42
319.07	10669.33
319.13	10397.31
319.20	10119.29
319.26	9836.83
319.33	9555.78
319.39	9263.76
319.45	8983.82
319.52	8704.80
319.58	8424.19
319.65	8141.47
319.71	7860.53
319.77	7575.66
319.84	7295.84
319.90	7024.32
319.96	6755.25
320.03	6488.00
320.09	6227.32
320.16	5961.53
320.22	5702.23
320.28	5450.66
320.35	5210.28
320.41	4976.07
320.47	4753.50
320.54	4529.55
320.60	4320.59
320.67	4118.72
320.73	3920.49
320.79	3729.76
320.86	3553.98
320.92	3380.01
320.98	3214.08
321.05	3057.45
321.11	2905.64
321.18	2762.73
321.24	2629.48
321.30	2500.29
321.37	2379.66
321.43	2274.73
321.49	2171.74
321.56	2075.41
321.62	1990.09
321.68	1904.12
321.75	1820.84
321.81	1745.62
321.88	1672.78
321.94	1606.93
322.00	1548.09
322.07	1485.72
322.13	1426.34
322.19	1367.92
322.26	1306.65
322.32	1251.31
322.38	1203.10
322.45	1159.96
322.51	1115.85
322.58	1077.84
322.64	1032.76
322.70	990.84
322.77	942.41
322.83	905.71
322.89	860.66
322.96	819.72
323.02	778.87
323.08	740.14
323.15	700.42
323.21	664.38
323.27	630.38
323.34	596.70
323.40	565.24
323.46	531.54
323.53	494.02
323.59	414.88
323.65	311.07
323.72	194.01
323.78	82.98
323.85	-16.43
323.91	-66.85
323.97	-85.80
324.04	-86.86
