180.21	3423.02
180.28	-125.84
180.36	631.91
180.44	-46.73
180.51	-15.00
180.59	9.29
180.66	36.93
180.74	35.36
180.81	35.30
180.89	37.77
180.97	39.09
181.04	37.86
181.12	37.42
181.19	38.69
181.27	39.88
181.34	57.38
181.42	64.88
181.50	72.42
181.57	83.33
181.65	88.45
181.72	82.34
181.80	77.94
181.87	79.09
181.95	81.42
182.03	83.97
182.10	90.47
182.18	98.35
182.25	110.74
182.33	120.38
182.40	138.03
182.48	144.21
182.55	166.44
182.63	181.83
182.71	195.85
182.78	211.74
182.86	229.74
182.93	224.97
183.01	215.71
183.08	201.33
183.16	189.39
183.23	176.25
183.31	188.08
183.39	204.56
183.46	237.39
183.54	263.30
183.61	306.19
183.69	341.93
183.76	393.90
183.84	436.53
183.91	482.43
183.99	538.03
184.06	582.07
184.14	629.57
184.22	684.33
184.29	716.14
184.37	724.94
184.44	731.75
184.52	683.51
184.59	589.79
184.67	509.91
184.74	437.42
184.82	393.57
184.89	404.20
184.97	473.02
185.04	562.47
185.12	654.04
185.20	751.66
185.27	845.84
185.35	944.75
185.42	1011.84
185.50	1084.69
185.57	1143.03
185.65	1188.65
185.72	1240.33
185.80	1322.81
185.87	1388.40
185.95	1478.12
186.02	1591.78
186.10	1641.40
186.17	1642.98
186.25	1570.56
186.33	1371.29
186.40	1147.55
186.48	994.94
186.55	914.74
186.63	940.99
186.70	1097.54
186.78	1273.14
186.85	1425.30
186.93	1553.84
187.00	1672.61
187.08	1791.61
187.15	1907.39
187.23	2039.11
187.30	2164.82
187.38	2280.59
187.45	2406.36
187.53	2533.20
187.60	2616.84
187.68	2734.76
187.75	2861.39
187.83	2925.40
187.90	2992.67
187.98	3072.93
188.05	3038.38
188.13	2838.00
188.21	2550.84
188.28	2264.32
188.36	2006.25
188.43	1861.81
188.51	1923.34
188.58	2133.37
188.66	2344.04
188.73	2553.04
188.81	2759.57
188.88	2923.08
188.96	3080.18
189.03	3221.50
189.11	3370.70
189.18	3496.44
189.26	3607.22
189.33	3722.76
189.41	3842.51
189.48	3926.22
189.56	4029.18
189.63	4144.21
189.71	4202.57
189.78	4271.36
189.86	4350.65
189.93	4378.41
190.01	4354.46
190.08	4270.12
190.16	4013.95
190.23	3635.59
190.31	3313.57
190.38	3094.57
190.46	3006.79
190.53	3110.68
190.61	3365.10
190.68	3603.76
190.76	3822.38
190.83	4007.53
190.91	4173.58
190.98	4332.05
191.06	4481.03
191.13	4626.87
191.21	4753.52
191.28	4870.19
191.35	4988.95
191.43	5090.55
191.50	5157.49
191.58	5245.27
191.65	5319.62
191.73	5349.18
191.80	5391.32
191.88	5413.49
191.95	5400.60
192.03	5399.74
192.10	5414.90
192.18	5409.76
192.25	5366.17
192.33	5224.34
192.40	4985.75
192.48	4752.40
192.55	4578.31
192.63	4498.00
192.70	4574.84
192.78	4773.47
192.85	4997.94
192.93	5200.97
193.00	5374.46
193.08	5513.74
193.15	5644.45
193.22	5735.08
193.30	5811.70
193.37	5884.72
193.45	5932.79
193.52	5977.53
193.60	6037.49
193.67	6088.09
193.75	6139.15
193.82	6199.86
193.90	6234.65
193.97	6269.74
194.05	6311.90
194.12	6349.60
194.20	6397.75
194.27	6453.49
194.34	6496.85
194.42	6523.73
194.49	6549.19
194.57	6550.17
194.64	6489.88
194.72	6383.01
194.79	6272.85
194.87	6166.72
194.94	6082.44
195.02	6070.86
195.09	6124.59
195.17	6210.30
195.24	6307.25
195.31	6423.64
195.39	6540.33
195.46	6653.05
195.54	6756.94
195.61	6852.68
195.69	6919.54
195.76	6970.15
195.84	7017.61
195.91	7043.58
195.99	7050.86
196.06	7057.31
196.13	7068.34
196.21	7061.80
196.28	7060.05
196.36	7052.99
196.43	7024.36
196.51	6986.09
196.58	6954.37
196.66	6937.01
196.73	6951.24
196.80	7004.53
196.88	7075.39
196.95	7165.84
197.03	7251.36
197.10	7308.94
197.18	7339.78
197.25	7356.57
197.33	7367.56
197.40	7376.34
197.47	7381.27
197.55	7405.39
197.62	7430.98
197.70	7447.78
197.77	7465.86
197.85	7489.43
197.92	7486.39
197.99	7456.77
198.07	7391.76
198.14	7313.62
198.22	7266.44
198.29	7268.49
198.37	7333.70
198.44	7455.17
198.51	7595.19
198.59	7718.10
198.66	7821.54
198.74	7891.18
198.81	7939.87
198.89	7972.50
198.96	8000.61
199.03	8010.62
199.11	8020.68
199.18	8021.71
199.26	8022.54
199.33	8030.42
199.41	8039.83
199.48	8014.57
199.55	7958.94
199.63	7880.72
199.70	7803.94
199.78	7743.32
199.85	7753.31
199.93	7836.06
200.00	7976.32
200.07	8119.10
200.15	8262.40
200.22	8376.62
200.30	8454.02
200.37	8506.16
200.44	8544.99
200.52	8576.08
200.59	8605.89
200.67	8625.28
200.74	8632.55
200.81	8629.99
200.89	8618.58
200.96	8611.79
201.04	8602.88
201.11	8577.98
201.19	8532.00
201.26	8491.84
201.33	8453.48
201.41	8453.23
201.48	8507.16
201.56	8621.62
201.63	8761.52
201.70	8898.34
201.78	9017.79
201.85	9117.36
201.93	9191.02
202.00	9237.03
202.07	9279.76
202.15	9307.69
202.22	9328.22
202.30	9353.09
202.37	9378.60
202.44	9400.18
202.52	9419.40
202.59	9426.31
202.67	9427.37
202.74	9437.16
202.81	9432.07
202.89	9407.76
202.96	9402.80
203.04	9428.24
203.11	9476.79
203.18	9570.47
203.26	9705.23
203.33	9839.74
203.41	9947.44
203.48	10028.00
203.55	10066.49
203.63	10100.68
203.70	10136.29
203.77	10175.60
203.85	10215.13
203.92	10266.76
204.00	10331.10
204.07	10385.37
204.14	10438.59
204.22	10485.31
204.29	10533.10
204.37	10551.25
204.44	10570.19
204.51	10589.89
204.59	10613.48
204.66	10633.11
204.73	10681.55
204.81	10748.67
204.88	10834.80
204.96	10931.85
205.03	11036.55
205.10	11121.62
205.18	11192.99
205.25	11243.89
205.32	11293.42
205.40	11342.72
205.47	11401.14
205.55	11467.60
205.62	11535.82
205.69	11609.69
205.77	11685.17
205.84	11762.44
205.91	11833.71
205.99	11905.75
206.06	11963.11
206.14	12020.39
206.21	12080.06
206.28	12121.55
206.36	12169.80
206.43	12224.36
206.50	12290.38
206.58	12365.19
206.65	12455.14
206.72	12536.74
206.80	12615.77
206.87	12681.14
206.95	12744.90
207.02	12817.61
207.09	12901.55
207.17	12995.37
207.24	13097.68
207.31	13193.45
207.39	13286.00
207.46	13373.57
207.53	13456.00
207.61	13542.94
207.68	13624.68
207.75	13714.92
207.83	13802.37
207.90	13886.74
207.98	13952.76
208.05	14027.17
208.12	14092.93
208.20	14168.88
208.27	14247.27
208.34	14333.70
208.42	14404.38
208.49	14484.27
208.56	14557.29
208.64	14640.29
208.71	14733.04
208.78	14833.81
208.86	14940.74
208.93	15052.38
209.00	15160.61
209.08	15265.28
209.15	15380.04
209.22	15492.34
209.30	15602.52
209.37	15707.76
209.44	15813.55
209.52	15914.18
209.59	16002.67
209.67	16102.05
209.74	16199.36
209.81	16296.70
209.89	16388.82
209.96	16485.11
210.03	16568.77
210.11	16655.47
210.18	16736.60
210.25	16825.98
210.33	16917.75
210.40	17018.62
210.47	17133.57
210.55	17264.25
210.62	17390.73
210.69	17514.66
210.77	17644.57
210.84	17768.06
210.91	17893.40
210.99	18014.63
211.06	18139.15
211.13	18258.33
211.21	18377.99
211.28	18489.54
211.35	18612.87
211.42	18739.89
211.50	18864.06
211.57	18981.59
211.64	19091.02
211.72	19183.90
211.79	19266.60
211.86	19350.61
211.94	19454.10
212.01	19564.67
212.08	19693.74
212.16	19828.55
212.23	19965.76
212.30	20098.07
212.38	20230.72
212.45	20368.92
212.52	20509.08
212.60	20642.25
212.67	20776.79
212.74	20909.83
212.82	21037.88
212.89	21168.96
212.96	21300.14
213.03	21427.36
213.11	21569.74
213.18	21697.82
213.25	21826.48
213.33	21951.37
213.40	22067.19
213.47	22170.42
213.55	22283.55
213.62	22397.57
213.69	22517.93
213.77	22647.49
213.84	22785.67
213.91	22938.78
213.98	23086.82
214.06	23240.60
214.13	23400.99
214.20	23550.14
214.28	23695.81
214.35	23839.61
214.42	23978.55
214.50	24110.84
214.57	24246.40
214.64	24378.12
214.72	24514.06
214.79	24653.34
214.86	24796.92
214.93	24937.45
215.01	25080.20
215.08	25214.36
215.15	25345.39
215.23	25459.81
215.30	25584.87
215.37	25697.79
215.44	25834.20
215.52	25978.38
215.59	26132.41
215.66	26280.30
215.74	26434.30
215.81	26573.10
215.88	26724.07
215.95	26865.18
216.03	27010.56
216.10	27160.05
216.17	27313.73
216.25	27456.95
216.32	27611.94
216.39	27767.48
216.46	27919.64
216.54	28065.47
216.61	28217.03
216.68	28356.06
216.76	28491.09
216.83	28616.16
216.90	28743.56
216.97	28865.85
217.05	28999.64
217.12	29126.53
217.19	29266.44
217.27	29407.19
217.34	29540.93
217.41	29671.04
217.48	29816.56
217.56	29959.75
217.63	30112.00
217.70	30260.94
217.78	30422.08
217.85	30576.53
217.92	30725.86
217.99	30868.63
218.07	31015.41
218.14	31149.03
218.21	31292.07
218.28	31441.42
218.36	31585.78
218.43	31731.92
218.50	31891.10
218.57	32035.22
218.65	32168.64
218.72	32292.23
218.79	32412.69
218.87	32516.49
218.94	32627.55
219.01	32753.63
219.08	32891.35
219.16	33032.29
219.23	33183.54
219.30	33332.20
219.37	33479.28
219.45	33627.29
219.52	33775.04
219.59	33911.18
219.66	34038.86
219.74	34168.57
219.81	34307.30
219.88	34434.36
219.95	34572.67
220.03	34724.42
220.10	34864.63
220.17	34999.90
220.24	35138.64
220.32	35271.46
220.39	35390.15
220.46	35502.32
220.53	35608.81
220.61	35719.48
220.68	35825.31
220.75	35945.72
220.82	36075.49
220.90	36205.04
220.97	36326.20
221.04	36450.91
221.11	36565.09
221.19	36676.34
221.26	36795.40
221.33	36925.99
221.40	37065.80
221.48	37201.97
221.55	37339.51
221.62	37462.10
221.69	37578.62
221.77	37691.60
221.84	37814.79
221.91	37928.83
221.98	38049.01
222.06	38169.84
222.13	38293.29
222.20	38402.98
222.27	38515.55
222.35	38625.99
222.42	38736.47
222.49	38838.56
222.56	38948.51
222.63	39060.43
222.71	39168.09
222.78	39272.90
222.85	39381.76
222.92	39487.99
223.00	39596.23
223.07	39711.63
223.14	39818.19
223.21	39922.38
223.29	40024.99
223.36	40136.53
223.43	40244.61
223.50	40360.76
223.57	40477.98
223.65	40602.96
223.72	40712.24
223.79	40818.74
223.86	40920.18
223.94	41018.19
224.01	41100.96
224.08	41180.09
224.15	41260.04
224.22	41355.72
224.30	41437.06
224.37	41528.03
224.44	41630.07
224.51	41726.37
224.59	41798.41
224.66	41888.64
224.73	41975.06
224.80	42062.99
224.87	42151.36
224.95	42264.09
225.02	42370.21
225.09	42471.49
225.16	42567.06
225.23	42672.42
225.31	42765.93
225.38	42852.06
225.45	42940.92
225.52	43029.32
225.60	43112.75
225.67	43189.72
225.74	43264.21
225.81	43339.15
225.88	43420.47
225.96	43495.17
226.03	43568.08
226.10	43649.98
226.17	43731.76
226.24	43810.01
226.32	43886.79
226.39	43972.21
226.46	44044.44
226.53	44124.44
226.60	44215.81
226.68	44311.12
226.75	44408.97
226.82	44511.07
226.89	44599.77
226.96	44671.73
227.04	44727.94
227.11	44774.69
227.18	44824.10
227.25	44871.80
227.32	44923.71
227.40	44991.03
227.47	45065.41
227.54	45152.16
227.61	45234.62
227.68	45312.17
227.76	45390.05
227.83	45464.64
227.90	45527.43
227.97	45594.80
228.04	45656.24
228.11	45713.84
228.19	45763.18
228.26	45820.85
228.33	45882.77
228.40	45941.82
228.47	46000.33
228.55	46065.35
228.62	46122.71
228.69	46182.45
228.76	46242.17
228.83	46300.51
228.90	46358.51
228.98	46419.00
229.05	46483.24
229.12	46564.45
229.19	46639.89
229.26	46711.24
229.34	46771.72
229.41	46821.52
229.48	46856.59
229.55	46904.75
229.62	46959.06
229.69	47021.23
229.77	47086.54
229.84	47149.81
229.91	47209.74
229.98	47257.50
230.05	47300.89
230.12	47333.73
230.20	47381.73
230.27	47423.37
230.34	47479.09
230.41	47539.16
230.48	47609.59
230.55	47670.10
230.63	47735.14
230.70	47796.17
230.77	47850.51
230.84	47894.00
230.91	47928.68
230.98	47963.69
231.06	47997.60
231.13	48043.69
231.20	48099.65
231.27	48160.60
231.34	48223.70
231.41	48287.09
231.49	48337.94
231.56	48394.43
231.63	48447.48
231.70	48495.62
231.77	48539.54
231.84	48578.66
231.92	48607.11
231.99	48639.82
232.06	48670.89
232.13	48703.84
232.20	48747.35
232.27	48793.00
232.34	48839.73
232.42	48875.57
232.49	48910.20
232.56	48944.54
232.63	48980.50
232.70	49012.81
232.77	49073.76
232.85	49121.45
232.92	49168.53
232.99	49213.17
233.06	49254.93
233.13	49270.00
233.20	49292.59
233.27	49303.03
233.35	49316.86
233.42	49326.41
233.49	49348.68
233.56	49375.90
233.63	49413.81
233.70	49449.46
233.77	49491.48
233.85	49530.47
233.92	49574.96
233.99	49609.78
234.06	49638.78
234.13	49669.57
234.20	49697.38
234.27	49719.17
234.35	49736.39
234.42	49759.34
234.49	49780.38
234.56	49799.87
234.63	49805.57
234.70	49825.08
234.77	49839.13
234.84	49846.94
234.92	49850.66
234.99	49861.30
235.06	49865.32
235.13	49867.77
235.20	49882.44
235.27	49905.39
235.34	49919.85
235.41	49944.93
235.49	49968.39
235.56	49984.45
235.63	49993.65
235.70	50008.53
235.77	50016.04
235.84	50023.90
235.91	50019.94
235.98	50018.92
236.06	50016.39
236.13	50010.28
236.20	50002.38
236.27	49983.99
236.34	49964.31
236.41	49952.64
236.48	49943.18
236.55	49934.93
236.63	49945.98
236.70	49957.87
236.77	49965.24
236.84	49976.24
236.91	49993.44
236.98	49998.33
237.05	49998.19
237.12	49999.29
237.19	49991.50
237.27	49986.56
237.34	49984.34
237.41	49985.19
237.48	49975.68
237.55	49972.31
237.62	49964.97
237.69	49963.41
237.76	49961.97
237.83	49976.72
237.91	49984.69
237.98	49990.92
238.05	49994.10
238.12	49997.52
238.19	49989.64
238.26	49990.99
238.33	49982.15
238.40	49974.50
238.47	49956.41
238.54	49943.69
238.62	49930.49
238.69	49920.24
238.76	49910.00
238.83	49909.23
238.90	49911.49
238.97	49900.02
239.04	49893.25
239.11	49890.64
239.18	49888.24
239.25	49881.31
239.33	49865.30
239.40	49852.46
239.47	49830.78
239.54	49801.39
239.61	49769.62
239.68	49737.52
239.75	49716.95
239.82	49704.78
239.89	49698.94
239.96	49700.30
240.03	49719.46
240.11	49716.90
240.18	49712.70
240.25	49708.71
240.32	49692.43
240.39	49673.16
240.46	49660.10
240.53	49656.73
240.60	49651.42
240.67	49647.28
240.74	49642.68
240.81	49641.58
240.88	49631.74
240.96	49621.25
241.03	49620.15
241.10	49618.75
241.17	49614.02
241.24	49609.89
241.31	49608.76
241.38	49595.05
241.45	49588.94
241.52	49582.78
241.59	49567.15
241.66	49548.85
241.73	49540.03
241.80	49523.29
241.88	49503.72
241.95	49487.57
242.02	49468.59
242.09	49443.74
242.16	49422.71
242.23	49413.41
242.30	49403.43
242.37	49397.08
242.44	49402.18
242.51	49393.41
242.58	49385.46
242.65	49383.57
242.72	49383.50
242.79	49373.09
242.87	49372.00
242.94	49357.58
243.01	49347.41
243.08	49345.31
243.15	49337.40
243.22	49331.74
243.29	49338.98
243.36	49347.05
243.43	49344.56
243.50	49366.01
243.57	49387.22
243.64	49398.85
243.71	49399.00
243.78	49400.81
243.85	49382.37
243.92	49367.36
243.99	49352.53
244.07	49344.86
244.14	49335.89
244.21	49334.74
244.28	49326.85
244.35	49316.03
244.42	49308.44
244.49	49296.54
244.56	49286.18
244.63	49285.36
244.70	49286.86
244.77	49287.79
244.84	49297.77
244.91	49309.61
244.98	49322.17
245.05	49338.97
245.12	49351.67
245.19	49368.28
245.26	49376.78
245.33	49387.64
245.40	49408.79
245.47	49435.02
245.55	49452.00
245.62	49467.67
245.69	49467.35
245.76	49462.07
245.83	49457.56
245.90	49449.67
245.97	49438.88
246.04	49456.04
246.11	49464.85
246.18	49462.55
246.25	49472.34
246.32	49480.78
246.39	49467.67
246.46	49469.75
246.53	49479.76
246.60	49483.71
246.67	49509.54
246.74	49529.64
246.81	49542.67
246.88	49559.05
246.95	49574.89
247.02	49584.51
247.09	49603.89
247.16	49605.64
247.23	49600.54
247.30	49591.93
247.37	49578.23
247.44	49576.52
247.51	49591.68
247.58	49617.20
247.66	49645.30
247.73	49682.85
247.80	49707.22
247.87	49722.92
247.94	49744.64
248.01	49782.94
248.08	49806.92
248.15	49833.20
248.22	49858.13
248.29	49877.90
248.36	49882.52
248.43	49898.46
248.50	49913.93
248.57	49929.36
248.64	49939.02
248.71	49951.85
248.78	49968.18
248.85	49972.81
248.92	49991.21
248.99	50005.24
249.06	50019.69
249.13	50029.42
249.20	50051.06
249.27	50061.47
249.34	50080.23
249.41	50087.84
249.48	50074.06
249.55	50052.60
249.62	50051.31
249.69	50050.45
249.76	50071.32
249.83	50110.46
249.90	50160.07
249.97	50198.10
250.04	50228.59
250.11	50259.57
250.18	50284.29
250.25	50308.95
250.32	50319.67
250.39	50336.88
250.46	50343.55
250.53	50361.77
250.60	50379.49
250.67	50406.16
250.74	50429.55
250.81	50435.58
250.88	50441.16
250.95	50445.02
251.02	50451.87
251.09	50460.69
251.16	50488.51
251.23	50503.41
251.30	50514.40
251.37	50521.36
251.44	50530.38
251.51	50539.87
251.58	50559.38
251.65	50576.02
251.72	50594.36
251.79	50613.97
251.86	50624.70
251.93	50628.87
252.00	50632.65
252.07	50635.56
252.14	50647.00
252.21	50649.97
252.28	50660.20
252.35	50674.61
252.42	50695.55
252.49	50697.99
252.56	50701.30
252.63	50704.22
252.70	50698.38
252.77	50693.76
252.84	50696.53
252.91	50711.37
252.98	50729.15
253.05	50751.37
253.12	50763.04
253.19	50776.34
253.25	50789.65
253.32	50787.34
253.39	50801.59
253.46	50818.89
253.53	50826.79
253.60	50824.24
253.67	50830.02
253.74	50835.57
253.81	50849.31
253.88	50863.08
253.95	50884.04
254.02	50899.10
254.09	50913.25
254.16	50915.69
254.23	50921.73
254.30	50926.65
254.37	50945.01
254.44	50953.99
254.51	50958.93
254.58	50957.90
254.65	50962.37
254.72	50957.26
254.79	50942.87
254.86	50943.53
254.93	50940.24
255.00	50937.93
255.07	50942.60
255.14	50951.12
255.21	50944.48
255.28	50938.77
255.34	50927.88
255.41	50913.77
255.48	50897.14
255.55	50884.12
255.62	50883.02
255.69	50881.56
255.76	50875.48
255.83	50883.39
255.90	50894.78
255.97	50913.19
256.04	50916.74
256.11	50921.46
256.18	50918.23
256.25	50912.18
256.32	50895.46
256.39	50896.01
256.46	50897.62
256.53	50894.00
256.60	50892.02
256.67	50889.19
256.74	50881.30
256.80	50878.83
256.87	50877.47
256.94	50877.18
257.01	50872.30
257.08	50870.41
257.15	50855.05
257.22	50843.06
257.29	50815.50
257.36	50794.25
257.43	50772.22
257.50	50755.85
257.57	50733.77
257.64	50730.12
257.71	50705.54
257.78	50686.98
257.85	50667.38
257.92	50660.89
257.98	50649.95
258.05	50649.11
258.12	50628.16
258.19	50611.85
258.26	50581.66
258.33	50556.08
258.40	50543.85
258.47	50545.57
258.54	50549.18
258.61	50549.85
258.68	50543.22
258.75	50528.55
258.82	50513.60
258.89	50488.79
258.95	50472.44
259.02	50461.70
259.09	50441.86
259.16	50422.90
259.23	50396.34
259.30	50367.04
259.37	50341.03
259.44	50325.30
259.51	50306.44
259.58	50301.66
259.65	50286.16
259.72	50263.89
259.79	50229.84
259.85	50196.09
259.92	50155.65
259.99	50123.84
260.06	50097.22
260.13	50079.92
260.20	50047.32
260.27	50020.59
260.34	49991.44
260.41	49958.75
260.48	49924.88
260.55	49911.01
260.62	49894.04
260.68	49871.31
260.75	49843.74
260.82	49824.87
260.89	49799.30
260.96	49774.08
261.03	49754.74
261.10	49731.93
261.17	49701.99
261.24	49663.80
261.31	49629.84
261.38	49601.74
261.44	49573.04
261.51	49534.58
261.58	49498.15
261.65	49454.53
261.72	49405.42
261.79	49358.72
261.86	49326.74
261.93	49308.79
262.00	49287.12
262.07	49256.92
262.13	49228.46
262.20	49196.49
262.27	49149.39
262.34	49117.15
262.41	49090.88
262.48	49053.82
262.55	49019.19
262.62	48992.42
262.69	48950.09
262.76	48911.50
262.82	48878.06
262.89	48845.09
262.96	48815.73
263.03	48788.11
263.10	48760.45
263.17	48737.73
263.24	48702.24
263.31	48661.74
263.38	48622.36
263.44	48587.64
263.51	48539.74
263.58	48495.02
263.65	48453.67
263.72	48402.52
263.79	48356.07
263.86	48314.20
263.93	48277.67
264.00	48229.47
264.06	48200.60
264.13	48155.70
264.20	48123.60
264.27	48086.51
264.34	48055.52
264.41	48007.08
264.48	47967.79
264.55	47918.62
264.61	47866.51
264.68	47823.43
264.75	47782.17
264.82	47730.56
264.89	47686.74
264.96	47651.58
265.03	47610.43
265.10	47576.14
265.16	47546.57
265.23	47509.25
265.30	47482.08
265.37	47450.16
265.44	47406.68
265.51	47368.79
265.58	47324.13
265.65	47262.85
265.71	47203.59
265.78	47168.81
265.85	47124.38
265.92	47085.04
265.99	47053.09
266.06	47021.64
266.13	46969.84
266.20	46935.08
266.26	46902.43
266.33	46856.13
266.40	46814.31
266.47	46761.93
266.54	46692.60
266.61	46625.29
266.68	46568.53
266.74	46503.50
266.81	46458.02
266.88	46412.38
266.95	46370.63
267.02	46329.98
267.09	46289.28
267.16	46247.83
267.22	46213.77
267.29	46171.48
267.36	46128.35
267.43	46088.57
267.50	46049.95
267.57	46018.89
267.64	45985.29
267.70	45954.97
267.77	45918.02
267.84	45880.09
267.91	45828.58
267.98	45781.58
268.05	45731.14
268.11	45684.97
268.18	45633.69
268.25	45586.04
268.32	45541.44
268.39	45497.06
268.46	45455.11
268.53	45419.13
268.59	45380.09
268.66	45349.49
268.73	45311.94
268.80	45272.10
268.87	45222.14
268.94	45182.66
269.00	45132.09
269.07	45099.24
269.14	45075.23
269.21	45053.42
269.28	45016.17
269.35	44975.00
269.41	44931.11
269.48	44878.41
269.55	44816.28
269.62	44766.96
269.69	44732.62
269.76	44679.19
269.82	44639.16
269.89	44618.23
269.96	44596.76
270.03	44561.01
270.10	44540.11
270.17	44492.81
270.23	44448.21
270.30	44396.49
270.37	44364.27
270.44	44331.82
270.51	44306.44
270.58	44278.29
270.64	44256.13
270.71	44220.49
270.78	44183.28
270.85	44150.83
270.92	44112.51
270.99	44073.96
271.05	44036.54
271.12	43994.08
271.19	43958.39
271.26	43915.57
271.33	43876.33
271.39	43843.31
271.46	43800.47
271.53	43766.97
271.60	43751.63
271.67	43729.06
271.74	43693.74
271.80	43669.13
271.87	43645.89
271.94	43606.89
272.01	43569.13
272.08	43539.67
272.14	43503.67
272.21	43468.73
272.28	43443.19
272.35	43422.79
272.42	43401.22
272.48	43392.42
272.55	43370.99
272.62	43341.85
272.69	43323.99
272.76	43313.35
272.83	43291.40
272.89	43264.32
272.96	43241.69
273.03	43202.27
273.10	43159.29
273.17	43128.83
273.23	43103.60
273.30	43082.26
273.37	43061.93
273.44	43037.91
273.51	43008.11
273.57	42982.31
273.64	42953.95
273.71	42936.55
273.78	42911.87
273.85	42900.50
273.91	42881.59
273.98	42868.23
274.05	42847.84
274.12	42842.71
274.19	42821.70
274.25	42801.12
274.32	42779.82
274.39	42749.86
274.46	42706.40
274.53	42661.31
274.59	42611.73
274.66	42569.09
274.73	42542.50
274.80	42514.09
274.86	42490.26
274.93	42477.84
275.00	42449.88
275.07	42406.25
275.14	42373.23
275.20	42342.77
275.27	42309.92
275.34	42287.59
275.41	42276.28
275.48	42262.02
275.54	42245.43
275.61	42227.35
275.68	42207.18
275.75	42179.39
275.81	42148.21
275.88	42124.86
275.95	42103.23
276.02	42074.68
276.09	42048.55
276.15	42027.95
276.22	42002.79
276.29	41979.68
276.36	41951.13
276.42	41929.01
276.49	41901.81
276.56	41872.92
276.63	41844.93
276.70	41830.71
276.76	41810.65
276.83	41798.06
276.90	41785.92
276.97	41769.13
277.03	41745.76
277.10	41722.88
277.17	41702.96
277.24	41686.28
277.30	41673.93
277.37	41658.57
277.44	41642.02
277.51	41623.46
277.58	41593.89
277.64	41567.21
277.71	41548.15
277.78	41528.75
277.85	41499.61
277.91	41474.81
277.98	41451.42
278.05	41420.83
278.12	41394.76
278.18	41375.60
278.25	41356.97
278.32	41338.03
278.39	41323.43
278.45	41311.24
278.52	41295.13
278.59	41281.16
278.66	41261.82
278.72	41247.94
278.79	41224.40
278.86	41204.38
278.93	41192.76
278.99	41177.28
279.06	41154.66
279.13	41131.03
279.20	41111.42
279.26	41083.92
279.33	41067.48
279.40	41044.63
279.47	41028.98
279.53	41003.65
279.60	40975.75
279.67	40940.92
279.74	40912.09
279.80	40891.04
279.87	40878.52
279.94	40869.96
280.01	40856.40
280.07	40842.00
280.14	40818.39
280.21	40785.11
280.28	40757.76
280.34	40733.91
280.41	40711.80
280.48	40683.04
280.55	40665.94
280.61	40636.34
280.68	40610.57
280.75	40584.44
280.82	40556.74
280.88	40522.44
280.95	40477.46
281.02	40420.22
281.08	40343.20
281.15	40272.18
281.22	40203.82
281.29	40147.93
281.35	40090.62
281.42	40059.84
281.49	40032.37
281.56	39998.15
281.62	39969.22
281.69	39946.97
281.76	39910.00
281.82	39875.97
281.89	39849.32
281.96	39821.16
282.03	39795.45
282.09	39774.74
282.16	39755.59
282.23	39729.59
282.30	39701.93
282.36	39683.30
282.43	39662.73
282.50	39648.71
282.56	39625.90
282.63	39607.13
282.70	39580.14
282.77	39570.74
282.83	39541.62
282.90	39527.78
282.97	39515.30
283.03	39489.24
283.10	39458.04
283.17	39439.65
283.24	39413.84
283.30	39379.54
283.37	39360.14
283.44	39339.84
283.50	39314.82
283.57	39299.98
283.64	39283.44
283.71	39252.67
283.77	39211.42
283.84	39176.71
283.91	39131.23
283.97	39093.09
284.04	39088.29
284.11	39091.30
284.18	39099.67
284.24	39109.62
284.31	39117.36
284.38	39117.62
284.44	39105.72
284.51	39085.63
284.58	39072.43
284.64	39069.65
284.71	39057.49
284.78	39048.30
284.85	39039.50
284.91	39026.69
284.98	39005.44
285.05	38971.08
285.11	38949.13
285.18	38930.66
285.25	38913.61
285.31	38909.51
285.38	38914.80
285.45	38916.79
285.52	38918.33
285.58	38911.68
285.65	38893.95
285.72	38875.20
285.78	38854.59
285.85	38830.96
285.92	38816.06
285.98	38800.51
286.05	38783.70
286.12	38777.59
286.18	38772.90
286.25	38769.31
286.32	38764.09
286.39	38772.11
286.45	38766.09
286.52	38756.89
286.59	38747.70
286.65	38740.27
286.72	38733.75
286.79	38727.33
286.85	38713.52
286.92	38697.51
286.99	38688.28
287.05	38665.51
287.12	38657.83
287.19	38653.58
287.25	38652.21
287.32	38647.98
287.39	38645.69
287.45	38642.57
287.52	38639.44
287.59	38645.47
287.65	38645.25
287.72	38640.85
287.79	38623.98
287.86	38611.46
287.92	38591.44
287.99	38578.60
288.06	38576.53
288.12	38572.01
288.19	38569.90
288.26	38564.55
288.32	38557.28
288.39	38549.05
288.46	38548.14
288.52	38549.61
288.59	38549.76
288.66	38549.14
288.72	38547.17
288.79	38545.25
288.86	38543.08
288.92	38548.99
288.99	38544.17
289.06	38541.66
289.12	38539.89
289.19	38539.06
289.26	38536.75
289.32	38547.06
289.39	38547.98
289.45	38557.71
289.52	38554.48
289.59	38560.37
289.65	38569.09
289.72	38577.61
289.79	38583.04
289.85	38598.76
289.92	38601.18
289.99	38604.49
290.05	38605.94
290.12	38594.19
290.19	38588.43
290.25	38582.39
290.32	38574.12
290.39	38580.86
290.45	38589.09
290.52	38593.92
290.59	38603.05
290.65	38603.35
290.72	38595.84
290.79	38592.95
290.85	38598.91
290.92	38610.94
290.98	38623.46
291.05	38633.43
291.12	38649.07
291.18	38657.70
291.25	38662.09
291.32	38664.21
291.38	38665.53
291.45	38663.55
291.52	38661.08
291.58	38656.72
291.65	38663.89
291.72	38684.54
291.78	38710.10
291.85	38725.46
291.91	38742.78
291.98	38770.65
292.05	38777.81
292.11	38783.92
292.18	38795.04
292.25	38798.40
292.31	38783.21
292.38	38787.44
292.45	38787.52
292.51	38794.42
292.58	38800.46
292.64	38814.19
292.71	38817.19
292.78	38828.66
292.84	38828.34
292.91	38838.87
292.98	38852.43
293.04	38866.94
293.11	38873.63
293.17	38889.05
293.24	38901.74
293.31	38909.16
293.37	38921.07
293.44	38931.85
293.51	38952.57
293.57	38965.78
293.64	38974.18
293.70	38986.47
293.77	38999.90
293.84	39003.82
293.90	39002.79
293.97	39011.40
294.04	39016.80
294.10	39023.19
294.17	39026.30
294.23	39050.94
294.30	39062.08
294.37	39072.85
294.43	39094.24
294.50	39107.54
294.56	39113.30
294.63	39125.65
294.70	39137.87
294.76	39145.39
294.83	39161.72
294.90	39181.73
294.96	39207.63
295.03	39236.40
295.09	39259.87
295.16	39283.77
295.23	39291.98
295.29	39298.01
295.36	39297.43
295.42	39296.22
295.49	39297.02
295.56	39319.60
295.62	39339.66
295.69	39362.48
295.75	39389.89
295.82	39414.76
295.89	39419.00
295.95	39422.98
296.02	39430.20
296.08	39429.50
296.15	39419.55
296.22	39432.78
296.28	39447.44
296.35	39469.01
296.41	39489.98
296.48	39516.29
296.55	39539.49
296.61	39560.59
296.68	39578.45
296.74	39602.84
296.81	39635.93
296.88	39649.60
296.94	39674.36
297.01	39694.99
297.07	39707.88
297.14	39719.62
297.20	39739.69
297.27	39753.77
297.34	39767.59
297.40	39794.62
297.47	39808.49
297.53	39822.93
297.60	39835.59
297.67	39847.24
297.73	39851.69
297.80	39865.54
297.86	39874.40
297.93	39882.82
298.00	39897.65
298.06	39913.03
298.13	39937.55
298.19	39957.28
298.26	39977.59
298.32	39994.68
298.39	40006.74
298.46	40012.30
298.52	40029.70
298.59	40047.89
298.65	40064.83
298.72	40091.22
298.78	40116.33
298.85	40137.64
298.92	40155.63
298.98	40176.64
299.05	40185.16
299.11	40197.10
299.18	40206.24
299.24	40215.45
299.31	40218.39
299.38	40233.80
299.44	40242.19
299.51	40253.98
299.57	40263.86
299.64	40281.56
299.70	40294.50
299.77	40305.36
299.84	40316.04
299.90	40320.58
299.97	40312.15
300.03	40309.65
300.10	40325.10
300.16	40339.49
300.23	40358.21
300.30	40385.78
300.36	40405.75
300.43	40424.74
300.49	40436.27
300.56	40458.23
300.62	40480.97
300.69	40501.25
300.75	40507.56
300.82	40524.06
300.89	40531.57
300.95	40543.84
301.02	40543.08
301.08	40551.44
301.15	40554.31
301.21	40561.19
301.28	40557.33
301.34	40566.97
301.41	40568.74
301.48	40566.70
301.54	40567.87
301.61	40571.74
301.67	40577.65
301.74	40586.31
301.80	40597.18
301.87	40593.94
301.93	40589.63
302.00	40588.27
302.06	40576.39
302.13	40566.71
302.20	40569.20
302.26	40568.09
302.33	40565.94
302.39	40564.34
302.46	40570.25
302.52	40565.61
302.59	40564.91
302.65	40567.55
302.72	40581.43
302.78	40577.67
302.85	40579.69
302.91	40581.24
302.98	40580.31
303.05	40566.14
303.11	40566.83
303.18	40558.52
303.24	40554.12
303.31	40534.92
303.37	40529.44
303.44	40514.38
303.50	40508.39
303.57	40496.70
303.63	40491.50
303.70	40481.55
303.76	40470.02
303.83	40466.61
303.89	40455.64
303.96	40443.46
304.03	40432.36
304.09	40423.68
304.16	40401.68
304.22	40378.77
304.29	40361.25
304.35	40336.56
304.42	40323.08
304.48	40306.60
304.55	40295.78
304.61	40282.84
304.68	40280.17
304.74	40266.56
304.81	40258.82
304.87	40235.60
304.94	40215.54
305.00	40186.76
305.07	40158.08
305.13	40124.16
305.20	40106.05
305.26	40087.98
305.33	40076.86
305.39	40061.05
305.46	40037.32
305.52	40020.79
305.59	40003.65
305.66	39975.88
305.72	39950.73
305.79	39927.16
305.85	39898.99
305.92	39858.34
305.98	39800.99
306.05	39671.67
306.11	39450.00
306.18	39159.46
306.24	38908.92
306.31	38764.50
306.37	38780.04
306.44	38945.64
306.50	39192.08
306.57	39403.39
306.63	39525.59
306.70	39551.62
306.76	39521.57
306.83	39476.28
306.89	39424.42
306.96	39381.52
307.02	39345.54
307.09	39326.38
307.15	39307.41
307.22	39293.85
307.28	39265.69
307.35	39233.17
307.41	39187.77
307.48	39142.24
307.54	39101.43
307.61	39069.59
307.67	39029.30
307.74	38986.00
307.80	38947.90
307.87	38905.66
307.93	38866.04
308.00	38834.39
308.06	38806.75
308.13	38768.62
308.19	38733.12
308.26	38692.39
308.32	38662.48
308.38	38635.15
308.45	38603.08
308.51	38581.59
308.58	38536.54
308.64	38482.73
308.71	38428.75
308.77	38388.12
308.84	38324.22
308.90	38306.18
308.97	38292.68
309.03	38274.15
309.10	38240.14
309.16	38211.69
309.23	38163.63
309.29	38113.93
309.36	38051.41
309.42	37999.20
309.49	37948.81
309.55	37890.13
309.62	37821.31
309.68	37776.97
309.75	37727.02
309.81	37674.07
309.88	37632.88
309.94	37592.11
310.00	37545.68
310.07	37498.31
310.13	37468.19
310.20	37424.31
310.26	37388.38
310.33	37347.45
310.39	37311.23
310.46	37267.72
310.52	37223.09
310.59	37186.40
310.65	37156.73
310.72	37113.01
310.78	37060.92
310.85	37015.76
310.91	36970.04
310.97	36922.07
311.04	36883.03
311.10	36841.51
311.17	36807.93
311.23	36762.72
311.30	36720.58
311.36	36684.99
311.43	36657.54
311.49	36616.57
311.56	36574.20
311.62	36529.85
311.69	36478.88
311.75	36432.71
311.81	36381.87
311.88	36337.70
311.94	36302.14
312.01	36278.94
312.07	36244.80
312.14	36217.89
312.20	36193.94
312.27	36151.38
312.33	36101.14
312.40	36043.31
312.46	35985.45
312.52	35930.17
312.59	35882.36
312.65	35832.52
312.72	35789.71
312.78	35750.29
312.85	35698.61
312.91	35643.41
312.98	35592.19
313.04	35544.35
313.10	35497.07
313.17	35459.36
313.23	35428.27
313.30	35392.52
313.36	35349.79
313.43	35297.19
313.49	35249.70
313.56	35192.94
313.62	35139.81
313.68	35094.43
313.75	35059.71
313.81	35017.14
313.88	34974.73
313.94	34932.40
314.01	34889.96
314.07	34851.73
314.13	34811.89
314.20	34775.84
314.26	34733.64
314.33	34693.45
314.39	34642.37
314.46	34584.18
314.52	34534.98
314.58	34484.39
314.65	34430.16
314.71	34381.79
314.78	34344.37
314.84	34298.74
314.91	34256.34
314.97	34221.52
315.03	34180.41
315.10	34142.48
315.16	34097.89
315.23	34058.93
315.29	34016.88
315.36	33975.67
315.42	33930.89
315.48	33886.01
315.55	33837.29
315.61	33773.79
315.68	33732.71
315.74	33688.65
315.81	33648.32
315.87	33605.74
315.93	33582.16
316.00	33550.47
316.06	33515.24
316.13	33489.26
316.19	33455.37
316.25	33397.09
316.32	33301.98
316.38	33187.98
316.45	33043.46
316.51	32878.10
316.58	32702.57
316.64	32524.31
316.70	32339.16
316.77	32139.24
316.83	31930.56
316.90	31697.21
316.96	31452.97
317.02	31193.06
317.09	30922.00
317.15	30637.99
317.22	30347.99
317.28	30033.40
317.34	29703.98
317.41	29363.45
317.47	29012.98
317.54	28643.78
317.60	28265.06
317.66	27869.69
317.73	27455.19
317.79	27022.42
317.86	26584.22
317.92	26126.41
317.98	25649.40
318.05	25163.68
318.11	24666.36
318.18	24160.97
318.24	23646.84
318.30	23126.60
318.37	22590.76
318.43	22044.28
318.50	21477.86
318.56	20908.93
318.62	20338.90
318.69	19764.31
318.75	19190.39
318.82	18616.53
318.88	18042.87
318.94	17463.00
319.01	16883.42
319.07	16308.13
319.13	15731.71
319.20	15153.19
319.26	14575.70
319.33	14008.74
319.39	13435.55
319.45	12882.10
319.52	12341.42
319.58	11809.72
319.65	11280.67
319.71	10765.34
319.77	10254.30
319.84	9753.56
319.90	9270.59
319.96	8798.89
320.03	8338.21
320.09	7896.87
320.16	7460.13
320.22	7042.64
320.28	6642.30
320.35	6260.69
320.41	5890.29
320.47	5543.00
320.54	5203.85
320.60	4885.19
320.67	4583.61
320.73	4295.36
320.79	4017.55
320.86	3762.54
320.92	3516.24
320.98	3288.05
321.05	3071.39
321.11	2869.57
321.18	2681.35
321.24	2507.95
321.30	2340.06
321.37	2189.69
321.43	2058.48
321.49	1931.69
321.56	1816.09
321.62	1713.39
321.68	1613.30
321.75	1520.69
321.81	1439.00
321.88	1363.61
321.94	1297.82
322.00	1242.29
322.07	1183.23
322.13	1128.71
322.19	1076.69
322.26	1024.22
322.32	977.55
322.38	941.86
322.45	911.08
322.51	879.91
322.58	855.57
322.64	824.05
322.70	797.44
322.77	764.00
322.83	742.96
322.89	713.89
322.96	689.50
323.02	662.96
323.08	638.68
323.15	610.28
323.21	587.34
323.27	564.80
323.34	542.12
323.40	519.71
323.46	496.76
323.53	469.20
323.59	399.99
323.65	302.34
323.72	191.09
323.78	83.83
323.85	-15.30
323.91	-66.28
323.97	-85.36
324.04	-85.43
