180.21	3425.42
180.28	-125.37
180.36	631.13
180.44	-49.00
180.51	-18.77
180.59	4.22
180.66	30.62
180.74	29.06
180.81	28.37
180.89	30.65
180.97	31.95
181.04	30.05
181.12	28.88
181.19	29.10
181.27	29.48
181.34	44.37
181.42	50.82
181.50	57.84
181.57	68.97
181.65	74.58
181.72	69.40
181.80	65.21
181.87	66.00
181.95	66.57
182.03	66.12
182.10	69.59
182.18	72.70
182.25	79.49
182.33	81.67
182.40	91.59
182.48	91.14
182.55	105.44
182.63	113.78
182.71	121.15
182.78	129.58
182.86	143.52
182.93	143.69
183.01	143.24
183.08	139.25
183.16	137.67
183.23	128.77
183.31	136.59
183.39	143.72
183.46	163.76
183.54	174.23
183.61	200.76
183.69	221.20
183.76	253.33
183.84	280.02
183.91	308.71
183.99	349.18
184.06	380.12
184.14	411.93
184.22	455.79
184.29	489.23
184.37	500.83
184.44	518.43
184.52	507.71
184.59	451.65
184.67	398.28
184.74	348.07
184.82	314.05
184.89	309.97
184.97	354.21
185.04	423.27
185.12	492.90
185.20	570.93
185.27	645.59
185.35	731.19
185.42	790.39
185.50	852.46
185.57	908.34
185.65	950.79
185.72	989.82
185.80	1067.02
185.87	1124.58
185.95	1190.45
186.02	1304.66
186.10	1373.11
186.17	1397.12
186.25	1388.54
186.33	1250.34
186.40	1051.39
186.48	906.23
186.55	813.01
186.63	797.85
186.70	919.13
186.78	1082.67
186.85	1224.55
186.93	1350.18
187.00	1453.70
187.08	1567.36
187.15	1673.23
187.23	1797.00
187.30	1926.20
187.38	2035.37
187.45	2153.23
187.53	2286.32
187.60	2367.01
187.68	2467.66
187.75	2613.62
187.83	2685.22
187.90	2742.12
187.98	2851.64
188.05	2880.03
188.13	2739.36
188.21	2487.05
188.28	2223.59
188.36	1961.63
188.43	1769.21
188.51	1769.96
188.58	1958.08
188.66	2166.73
188.73	2367.70
188.81	2582.32
188.88	2745.49
188.96	2908.20
189.03	3046.03
189.11	3192.46
189.18	3326.85
189.26	3437.97
189.33	3550.29
189.41	3683.45
189.48	3767.10
189.56	3859.12
189.63	3989.60
189.71	4049.14
189.78	4105.96
189.86	4205.50
189.93	4258.02
190.01	4258.04
190.08	4235.82
190.16	4054.33
190.23	3690.56
190.31	3345.94
190.38	3097.81
190.46	2954.71
190.53	3000.91
190.61	3237.20
190.68	3491.48
190.76	3717.87
190.83	3911.20
190.91	4070.51
190.98	4245.91
191.06	4392.36
191.13	4542.54
191.21	4678.32
191.28	4794.28
191.35	4907.79
191.43	5024.11
191.50	5093.38
191.58	5180.66
191.65	5278.91
191.73	5318.66
191.80	5370.29
191.88	5419.57
191.95	5420.85
192.03	5422.44
192.10	5448.86
192.18	5461.82
192.25	5452.31
192.33	5351.97
192.40	5121.72
192.48	4867.02
192.55	4659.42
192.63	4521.46
192.70	4540.24
192.78	4717.71
192.85	4949.10
192.93	5153.96
193.00	5345.51
193.08	5499.61
193.15	5656.29
193.22	5768.02
193.30	5874.18
193.37	5974.36
193.45	6045.30
193.52	6106.93
193.60	6180.57
193.67	6231.48
193.75	6278.97
193.82	6340.39
193.90	6360.31
193.97	6380.75
194.05	6414.40
194.12	6437.03
194.20	6466.78
194.27	6520.93
194.34	6566.68
194.42	6601.33
194.49	6637.70
194.57	6664.85
194.64	6636.48
194.72	6548.42
194.79	6449.73
194.87	6363.50
194.94	6299.83
195.02	6296.23
195.09	6365.19
195.17	6472.25
195.24	6574.40
195.31	6673.07
195.39	6761.87
195.46	6851.89
195.54	6928.03
195.61	6994.57
195.69	7047.93
195.76	7096.78
195.84	7145.06
195.91	7176.23
195.99	7199.81
196.06	7218.51
196.13	7244.11
196.21	7254.45
196.28	7274.76
196.36	7302.40
196.43	7323.21
196.51	7333.03
196.58	7348.62
196.66	7364.61
196.73	7377.54
196.80	7405.68
196.88	7441.04
196.95	7484.25
197.03	7522.31
197.10	7544.93
197.18	7545.61
197.25	7542.22
197.33	7536.34
197.40	7541.68
197.47	7556.98
197.55	7597.72
197.62	7638.71
197.70	7674.27
197.77	7712.80
197.85	7749.77
197.92	7775.14
197.99	7796.37
198.07	7804.88
198.14	7797.43
198.22	7800.21
198.29	7809.20
198.37	7835.47
198.44	7881.95
198.51	7932.88
198.59	7980.69
198.66	8033.62
198.74	8075.13
198.81	8111.95
198.89	8144.13
198.96	8181.07
199.03	8210.98
199.11	8243.66
199.18	8268.61
199.26	8292.33
199.33	8312.91
199.41	8333.27
199.48	8342.36
199.55	8343.01
199.63	8331.55
199.70	8329.80
199.78	8322.62
199.85	8330.84
199.93	8361.70
200.00	8423.28
200.07	8476.63
200.15	8539.93
200.22	8602.34
200.30	8653.25
200.37	8698.42
200.44	8740.01
200.52	8779.49
200.59	8819.20
200.67	8847.79
200.74	8865.28
200.81	8881.10
200.89	8888.35
200.96	8901.52
201.04	8919.99
201.11	8943.49
201.19	8953.98
201.26	8967.27
201.33	8974.26
201.41	8995.50
201.48	9025.63
201.56	9079.72
201.63	9149.16
201.70	9212.49
201.78	9275.90
201.85	9339.37
201.93	9394.08
202.00	9436.37
202.07	9485.61
202.15	9523.17
202.22	9558.15
202.30	9598.16
202.37	9634.49
202.44	9668.88
202.52	9706.36
202.59	9736.84
202.67	9759.03
202.74	9790.58
202.81	9817.42
202.89	9835.88
202.96	9862.74
203.04	9901.55
203.11	9940.56
203.18	9999.91
203.26	10068.56
203.33	10137.12
203.41	10198.16
203.48	10260.58
203.55	10307.71
203.63	10363.33
203.70	10415.69
203.77	10469.79
203.85	10525.86
203.92	10570.86
204.00	10622.59
204.07	10671.76
204.14	10724.12
204.22	10763.25
204.29	10820.03
204.37	10858.83
204.44	10899.75
204.51	10941.90
204.59	10993.42
204.66	11031.36
204.73	11084.33
204.81	11144.56
204.88	11211.55
204.96	11281.46
205.03	11357.25
205.10	11429.56
205.18	11494.19
205.25	11557.71
205.32	11619.82
205.40	11686.10
205.47	11747.09
205.55	11812.16
205.62	11872.71
205.69	11935.00
205.77	11997.60
205.84	12071.35
205.91	12143.41
205.99	12217.77
206.06	12285.77
206.14	12354.54
206.21	12421.66
206.28	12482.81
206.36	12549.45
206.43	12614.88
206.50	12687.19
206.58	12756.66
206.65	12834.67
206.72	12911.68
206.80	12998.82
206.87	13082.62
206.95	13170.58
207.02	13260.01
207.09	13344.21
207.17	13431.46
207.24	13512.77
207.31	13598.34
207.39	13677.60
207.46	13762.01
207.53	13837.87
207.61	13918.08
207.68	13992.09
207.75	14079.80
207.83	14161.31
207.90	14243.16
207.98	14326.57
208.05	14413.31
208.12	14493.09
208.20	14579.54
208.27	14675.60
208.34	14773.71
208.42	14865.75
208.49	14968.03
208.56	15057.66
208.64	15153.25
208.71	15248.06
208.78	15345.47
208.86	15438.96
208.93	15545.17
209.00	15642.66
209.08	15739.79
209.15	15845.79
209.22	15952.68
209.30	16055.03
209.37	16160.32
209.44	16267.89
209.52	16369.50
209.59	16461.83
209.67	16568.92
209.74	16671.36
209.81	16774.66
209.89	16881.22
209.96	16996.46
210.03	17106.23
210.11	17217.63
210.18	17327.29
210.25	17442.55
210.33	17553.95
210.40	17661.68
210.47	17776.34
210.55	17895.57
210.62	18004.49
210.69	18116.29
210.77	18233.68
210.84	18350.73
210.91	18479.37
210.99	18598.73
211.06	18722.91
211.13	18844.19
211.21	18967.55
211.28	19075.56
211.35	19201.33
211.42	19326.23
211.50	19451.00
211.57	19573.88
211.64	19702.44
211.72	19823.23
211.79	19948.79
211.86	20075.32
211.94	20208.63
212.01	20335.35
212.08	20467.25
212.16	20588.94
212.23	20715.52
212.30	20839.71
212.38	20966.72
212.45	21100.22
212.52	21239.76
212.60	21369.31
212.67	21502.22
212.74	21637.11
212.82	21767.42
212.89	21898.31
212.96	22029.30
213.03	22160.38
213.11	22300.71
213.18	22429.94
213.25	22567.14
213.33	22701.95
213.40	22834.92
213.47	22968.38
213.55	23112.49
213.62	23251.62
213.69	23402.09
213.77	23548.24
213.84	23682.76
213.91	23828.60
213.98	23969.60
214.06	24108.38
214.13	24259.76
214.20	24411.72
214.28	24562.38
214.35	24707.63
214.42	24855.68
214.50	24988.08
214.57	25126.65
214.64	25256.40
214.72	25396.70
214.79	25537.80
214.86	25684.65
214.93	25825.81
215.01	25978.99
215.08	26117.38
215.15	26259.84
215.23	26404.74
215.30	26559.06
215.37	26699.82
215.44	26863.60
215.52	27017.80
215.59	27167.25
215.66	27309.30
215.74	27455.31
215.81	27588.25
215.88	27735.64
215.95	27874.63
216.03	28020.95
216.10	28169.90
216.17	28323.97
216.25	28467.47
216.32	28623.26
216.39	28780.41
216.46	28937.85
216.54	29086.09
216.61	29243.54
216.68	29390.88
216.76	29532.30
216.83	29677.41
216.90	29831.11
216.97	29982.05
217.05	30141.36
217.12	30300.96
217.19	30450.48
217.27	30594.82
217.34	30728.88
217.41	30857.25
217.48	30989.50
217.56	31119.86
217.63	31267.76
217.70	31416.57
217.78	31571.23
217.85	31728.51
217.92	31886.78
217.99	32029.90
218.07	32175.52
218.14	32318.63
218.21	32461.82
218.28	32604.30
218.36	32749.89
218.43	32898.74
218.50	33054.43
218.57	33201.24
218.65	33348.60
218.72	33487.78
218.79	33629.48
218.87	33765.41
218.94	33905.71
219.01	34042.13
219.08	34183.63
219.16	34321.81
219.23	34465.23
219.30	34604.22
219.37	34747.23
219.45	34891.07
219.52	35039.46
219.59	35174.74
219.66	35305.37
219.74	35443.13
219.81	35591.05
219.88	35718.63
219.95	35854.51
220.03	36003.85
220.10	36138.12
220.17	36261.11
220.24	36400.16
220.32	36537.09
220.39	36659.28
220.46	36784.23
220.53	36909.25
220.61	37027.85
220.68	37147.85
220.75	37278.46
220.82	37409.74
220.90	37538.74
220.97	37669.05
221.04	37792.37
221.11	37900.55
221.19	38021.79
221.26	38143.04
221.33	38263.60
221.40	38392.75
221.48	38522.57
221.55	38640.66
221.62	38756.00
221.69	38870.90
221.77	38987.03
221.84	39115.81
221.91	39233.84
221.98	39359.56
222.06	39482.24
222.13	39601.25
222.20	39707.32
222.27	39830.27
222.35	39942.51
222.42	40061.36
222.49	40175.80
222.56	40294.02
222.63	40401.78
222.71	40504.48
222.78	40610.13
222.85	40711.87
222.92	40822.67
223.00	40925.34
223.07	41039.98
223.14	41143.11
223.21	41249.98
223.29	41346.43
223.36	41457.86
223.43	41560.41
223.50	41662.38
223.57	41765.10
223.65	41880.37
223.72	41986.03
223.79	42090.78
223.86	42199.22
223.94	42294.72
224.01	42374.07
224.08	42456.02
224.15	42540.27
224.22	42622.36
224.30	42709.96
224.37	42801.44
224.44	42896.28
224.51	42982.31
224.59	43058.58
224.66	43143.94
224.73	43230.38
224.80	43323.07
224.87	43423.70
224.95	43530.86
225.02	43633.84
225.09	43734.61
225.16	43822.50
225.23	43915.14
225.31	43997.28
225.38	44073.42
225.45	44149.47
225.52	44233.49
225.60	44306.98
225.67	44384.04
225.74	44459.68
225.81	44532.95
225.88	44600.84
225.96	44667.56
226.03	44734.06
226.10	44810.45
226.17	44890.58
226.24	44963.17
226.32	45040.17
226.39	45123.01
226.46	45185.72
226.53	45251.82
226.60	45340.00
226.68	45426.49
226.75	45510.72
226.82	45608.18
226.89	45694.16
226.96	45759.67
227.04	45807.27
227.11	45851.33
227.18	45894.68
227.25	45932.80
227.32	45974.17
227.40	46036.95
227.47	46109.18
227.54	46187.40
227.61	46263.25
227.68	46338.78
227.76	46412.77
227.83	46483.62
227.90	46546.37
227.97	46608.61
228.04	46667.74
228.11	46715.31
228.19	46757.62
228.26	46796.79
228.33	46839.36
228.40	46879.66
228.47	46929.65
228.55	46981.09
228.62	47035.06
228.69	47096.87
228.76	47157.26
228.83	47212.18
228.90	47264.71
228.98	47319.84
229.05	47381.59
229.12	47453.94
229.19	47512.42
229.26	47573.18
229.34	47622.66
229.41	47663.29
229.48	47686.66
229.55	47732.43
229.62	47782.14
229.69	47841.81
229.77	47896.86
229.84	47960.36
229.91	48007.01
229.98	48044.08
230.05	48077.52
230.12	48108.96
230.20	48152.68
230.27	48198.99
230.34	48254.89
230.41	48310.52
230.48	48369.61
230.55	48416.28
230.63	48464.42
230.70	48517.93
230.77	48553.74
230.84	48592.46
230.91	48619.67
230.98	48653.85
231.06	48680.11
231.13	48727.77
231.20	48769.73
231.27	48822.37
231.34	48877.51
231.41	48930.46
231.49	48975.16
231.56	49020.61
231.63	49061.99
231.70	49095.66
231.77	49119.46
231.84	49139.39
231.92	49160.06
231.99	49181.38
232.06	49209.06
232.13	49238.73
232.20	49282.62
232.27	49316.74
232.34	49350.07
232.42	49372.99
232.49	49401.23
232.56	49418.13
232.63	49454.34
232.70	49487.60
232.77	49532.99
232.85	49574.55
232.92	49617.77
232.99	49644.86
233.06	49670.63
233.13	49678.46
233.20	49684.66
233.27	49680.24
233.35	49684.51
233.42	49696.05
233.49	49713.34
233.56	49732.05
233.63	49766.32
233.70	49796.17
233.77	49832.45
233.85	49856.10
233.92	49896.27
233.99	49919.09
234.06	49941.06
234.13	49949.21
234.20	49974.06
234.27	49976.73
234.35	49988.10
234.42	49997.66
234.49	50011.11
234.56	50023.10
234.63	50026.58
234.70	50029.39
234.77	50032.27
234.84	50037.30
234.92	50033.95
234.99	50046.38
235.06	50051.58
235.13	50052.04
235.20	50054.93
235.27	50069.59
235.34	50074.31
235.41	50083.80
235.49	50092.71
235.56	50093.96
235.63	50091.13
235.70	50095.95
235.77	50094.55
235.84	50091.00
235.91	50088.79
235.98	50072.36
236.06	50056.09
236.13	50039.57
236.20	50028.39
236.27	49997.73
236.34	49983.09
236.41	49960.58
236.48	49944.35
236.55	49927.40
236.63	49918.27
236.70	49910.93
236.77	49909.76
236.84	49916.60
236.91	49918.79
236.98	49924.58
237.05	49926.36
237.12	49917.12
237.19	49902.07
237.27	49894.02
237.34	49893.46
237.41	49886.26
237.48	49872.78
237.55	49854.82
237.62	49835.69
237.69	49823.41
237.76	49816.40
237.83	49825.47
237.91	49834.70
237.98	49839.31
238.05	49828.83
238.12	49815.12
238.19	49797.29
238.26	49786.40
238.33	49771.45
238.40	49759.56
238.47	49743.26
238.54	49732.37
238.62	49714.89
238.69	49699.55
238.76	49683.03
238.83	49668.47
238.90	49655.03
238.97	49639.61
239.04	49629.26
239.11	49625.80
239.18	49624.63
239.25	49610.17
239.33	49586.47
239.40	49562.33
239.47	49531.79
239.54	49495.16
239.61	49461.66
239.68	49429.78
239.75	49411.55
239.82	49400.82
239.89	49390.36
239.96	49384.02
240.03	49391.15
240.11	49379.21
240.18	49364.05
240.25	49351.12
240.32	49338.76
240.39	49325.89
240.46	49319.42
240.53	49318.81
240.60	49315.44
240.67	49310.56
240.74	49298.98
240.81	49286.55
240.88	49271.82
240.96	49256.20
241.03	49244.46
241.10	49237.69
241.17	49236.84
241.24	49231.66
241.31	49229.34
241.38	49224.54
241.45	49211.01
241.52	49195.11
241.59	49181.29
241.66	49167.57
241.73	49155.79
241.80	49148.04
241.88	49135.08
241.95	49117.91
242.02	49103.28
242.09	49083.11
242.16	49063.71
242.23	49053.25
242.30	49036.85
242.37	49020.44
242.44	49017.49
242.51	49007.11
242.58	48999.78
242.65	49003.63
242.72	49007.04
242.79	48995.26
242.87	48997.76
242.94	48989.44
243.01	48990.93
243.08	48996.02
243.15	48998.14
243.22	48999.16
243.29	49011.06
243.36	49015.07
243.43	49024.30
243.50	49041.65
243.57	49061.10
243.64	49065.96
243.71	49065.29
243.78	49053.99
243.85	49033.52
243.92	49017.01
243.99	49009.02
244.07	48996.67
244.14	48988.03
244.21	48991.81
244.28	48989.62
244.35	48982.28
244.42	48980.25
244.49	48984.41
244.56	48990.37
244.63	48998.86
244.70	48998.62
244.77	49003.71
244.84	49010.55
244.91	49020.86
244.98	49038.94
245.05	49069.33
245.12	49092.93
245.19	49117.17
245.26	49128.06
245.33	49137.00
245.40	49156.55
245.47	49191.15
245.55	49215.84
245.62	49240.28
245.69	49245.80
245.76	49246.85
245.83	49238.48
245.90	49233.56
245.97	49237.90
246.04	49259.44
246.11	49277.89
246.18	49287.02
246.25	49298.44
246.32	49299.56
246.39	49304.05
246.46	49301.97
246.53	49317.57
246.60	49336.13
246.67	49366.87
246.74	49385.06
246.81	49415.58
246.88	49433.24
246.95	49456.26
247.02	49482.00
247.09	49511.08
247.16	49522.98
247.23	49526.80
247.30	49517.19
247.37	49511.03
247.44	49519.50
247.51	49535.97
247.58	49577.44
247.66	49622.47
247.73	49665.75
247.80	49696.36
247.87	49727.37
247.94	49753.50
248.01	49788.35
248.08	49822.91
248.15	49857.63
248.22	49890.05
248.29	49920.39
248.36	49946.89
248.43	49965.89
248.50	49984.68
248.57	50005.00
248.64	50013.13
248.71	50026.02
248.78	50041.18
248.85	50062.69
248.92	50090.83
248.99	50125.05
249.06	50155.21
249.13	50176.26
249.20	50196.32
249.27	50210.08
249.34	50226.66
249.41	50237.90
249.48	50239.89
249.55	50230.95
249.62	50240.78
249.69	50254.82
249.76	50283.06
249.83	50333.01
249.90	50394.16
249.97	50441.71
250.04	50483.36
250.11	50524.90
250.18	50560.52
250.25	50580.47
250.32	50598.45
250.39	50633.20
250.46	50645.66
250.53	50665.80
250.60	50698.15
250.67	50730.42
250.74	50748.08
250.81	50768.89
250.88	50791.10
250.95	50809.02
251.02	50833.82
251.09	50861.35
251.16	50897.22
251.23	50922.35
251.30	50943.80
251.37	50957.94
251.44	50964.18
251.51	50981.97
251.58	51006.02
251.65	51027.87
251.72	51045.16
251.79	51073.17
251.86	51092.46
251.93	51107.72
252.00	51122.48
252.07	51137.19
252.14	51149.78
252.21	51150.24
252.28	51156.54
252.35	51174.60
252.42	51204.46
252.49	51224.40
252.56	51242.31
252.63	51254.66
252.70	51264.76
252.77	51272.41
252.84	51287.11
252.91	51305.96
252.98	51326.47
253.05	51344.41
253.12	51355.12
253.19	51364.57
253.25	51385.69
253.32	51397.94
253.39	51425.15
253.46	51459.33
253.53	51488.49
253.60	51504.69
253.67	51532.25
253.74	51548.18
253.81	51561.24
253.88	51572.60
253.95	51587.76
254.02	51600.99
254.09	51618.31
254.16	51630.59
254.23	51644.08
254.30	51656.51
254.37	51674.81
254.44	51690.01
254.51	51697.36
254.58	51706.65
254.65	51721.99
254.72	51725.25
254.79	51721.47
254.86	51732.48
254.93	51734.92
255.00	51736.32
255.07	51737.67
255.14	51745.84
255.21	51740.28
255.28	51743.29
255.34	51732.61
255.41	51735.16
255.48	51726.59
255.55	51729.57
255.62	51741.21
255.69	51758.61
255.76	51764.22
255.83	51778.51
255.90	51792.33
255.97	51801.30
256.04	51806.67
256.11	51814.35
256.18	51811.15
256.25	51810.82
256.32	51797.81
256.39	51799.61
256.46	51796.16
256.53	51796.29
256.60	51796.12
256.67	51809.36
256.74	51814.72
256.80	51822.81
256.87	51834.36
256.94	51836.49
257.01	51836.05
257.08	51831.31
257.15	51815.63
257.22	51804.56
257.29	51789.25
257.36	51770.23
257.43	51760.14
257.50	51766.17
257.57	51753.96
257.64	51758.21
257.71	51746.51
257.78	51731.09
257.85	51705.97
257.92	51699.94
257.98	51681.00
258.05	51680.15
258.12	51664.52
258.19	51659.48
258.26	51641.26
258.33	51626.63
258.40	51613.10
258.47	51615.46
258.54	51611.74
258.61	51610.76
258.68	51608.09
258.75	51596.62
258.82	51587.42
258.89	51568.16
258.95	51550.89
259.02	51541.31
259.09	51530.40
259.16	51508.51
259.23	51482.40
259.30	51457.78
259.37	51432.40
259.44	51414.81
259.51	51403.58
259.58	51403.15
259.65	51394.24
259.72	51378.22
259.79	51343.24
259.85	51309.55
259.92	51269.73
259.99	51237.61
260.06	51217.19
260.13	51198.71
260.20	51169.82
260.27	51149.06
260.34	51120.81
260.41	51092.19
260.48	51072.95
260.55	51064.53
260.62	51049.34
260.68	51031.71
260.75	51005.50
260.82	50982.56
260.89	50955.92
260.96	50935.03
261.03	50921.84
261.10	50895.12
261.17	50871.56
261.24	50837.58
261.31	50804.51
261.38	50771.50
261.44	50745.36
261.51	50702.69
261.58	50668.27
261.65	50625.90
261.72	50588.33
261.79	50548.61
261.86	50520.50
261.93	50494.48
262.00	50473.00
262.07	50440.45
262.13	50416.68
262.20	50392.21
262.27	50349.45
262.34	50317.41
262.41	50284.79
262.48	50244.01
262.55	50212.70
262.62	50186.47
262.69	50149.37
262.76	50118.01
262.82	50090.53
262.89	50055.53
262.96	50026.25
263.03	49996.65
263.10	49962.93
263.17	49922.97
263.24	49884.68
263.31	49850.92
263.38	49813.04
263.44	49776.71
263.51	49738.15
263.58	49689.96
263.65	49648.89
263.72	49606.03
263.79	49563.39
263.86	49521.01
263.93	49485.98
264.00	49447.05
264.06	49411.55
264.13	49378.75
264.20	49348.43
264.27	49306.84
264.34	49260.98
264.41	49220.57
264.48	49172.04
264.55	49131.35
264.61	49092.52
264.68	49057.71
264.75	49019.47
264.82	48975.62
264.89	48934.36
264.96	48894.86
265.03	48847.43
265.10	48807.23
265.16	48770.72
265.23	48732.11
265.30	48706.72
265.37	48677.31
265.44	48634.53
265.51	48599.78
265.58	48548.79
265.65	48485.88
265.71	48431.17
265.78	48388.16
265.85	48341.86
265.92	48304.17
265.99	48266.02
266.06	48230.70
266.13	48178.35
266.20	48136.40
266.26	48097.39
266.33	48059.47
266.40	48017.20
266.47	47971.13
266.54	47907.79
266.61	47844.69
266.68	47784.48
266.74	47720.48
266.81	47666.95
266.88	47619.61
266.95	47572.16
267.02	47527.92
267.09	47486.80
267.16	47448.06
267.22	47410.63
267.29	47374.23
267.36	47333.15
267.43	47291.16
267.50	47254.15
267.57	47226.36
267.64	47193.75
267.70	47157.35
267.77	47124.99
267.84	47088.80
267.91	47039.56
267.98	46984.61
268.05	46937.74
268.11	46889.87
268.18	46833.70
268.25	46780.42
268.32	46735.22
268.39	46692.50
268.46	46651.47
268.53	46617.28
268.59	46583.14
268.66	46558.26
268.73	46518.57
268.80	46472.91
268.87	46421.83
268.94	46378.21
269.00	46326.13
269.07	46288.28
269.14	46258.44
269.21	46234.25
269.28	46195.13
269.35	46149.72
269.41	46106.30
269.48	46053.80
269.55	45993.16
269.62	45946.22
269.69	45913.04
269.76	45866.54
269.82	45820.93
269.89	45797.76
269.96	45772.49
270.03	45734.74
270.10	45702.83
270.17	45663.80
270.23	45619.66
270.30	45573.99
270.37	45541.79
270.44	45508.05
270.51	45484.81
270.58	45449.24
270.64	45421.10
270.71	45385.17
270.78	45351.61
270.85	45314.27
270.92	45285.28
270.99	45242.76
271.05	45205.80
271.12	45159.68
271.19	45123.79
271.26	45074.19
271.33	45040.84
271.39	45005.06
271.46	44964.61
271.53	44926.60
271.60	44910.89
271.67	44877.11
271.74	44844.30
271.80	44823.79
271.87	44799.66
271.94	44766.33
272.01	44735.88
272.08	44708.47
272.14	44675.88
272.21	44646.75
272.28	44622.76
272.35	44605.52
272.42	44574.86
272.48	44557.75
272.55	44533.30
272.62	44498.17
272.69	44473.50
272.76	44461.08
272.83	44430.45
272.89	44399.12
272.96	44369.49
273.03	44336.03
273.10	44296.40
273.17	44265.12
273.23	44237.58
273.30	44215.48
273.37	44189.76
273.44	44165.07
273.51	44146.41
273.57	44130.76
273.64	44110.22
273.71	44091.06
273.78	44065.66
273.85	44045.82
273.91	44018.39
273.98	43993.74
274.05	43970.51
274.12	43956.61
274.19	43937.91
274.25	43916.04
274.32	43896.16
274.39	43862.10
274.46	43820.88
274.53	43768.82
274.59	43723.67
274.66	43682.96
274.73	43667.81
274.80	43644.11
274.86	43625.44
274.93	43605.11
275.00	43575.13
275.07	43523.91
275.14	43498.97
275.20	43471.81
275.27	43452.20
275.34	43432.63
275.41	43422.10
275.48	43401.28
275.54	43382.31
275.61	43354.11
275.68	43334.77
275.75	43302.33
275.81	43269.37
275.88	43242.67
275.95	43219.99
276.02	43186.80
276.09	43166.64
276.15	43140.68
276.22	43113.87
276.29	43093.17
276.36	43071.92
276.42	43047.27
276.49	43020.52
276.56	42995.43
276.63	42962.46
276.70	42936.92
276.76	42915.03
276.83	42896.27
276.90	42879.22
276.97	42858.43
277.03	42843.17
277.10	42823.61
277.17	42805.86
277.24	42790.81
277.30	42785.46
277.37	42765.57
277.44	42746.73
277.51	42729.80
277.58	42695.78
277.64	42663.98
277.71	42643.62
277.78	42621.97
277.85	42597.04
277.91	42574.14
277.98	42552.07
278.05	42525.54
278.12	42507.61
278.18	42485.77
278.25	42465.60
278.32	42442.81
278.39	42420.45
278.45	42400.22
278.52	42382.02
278.59	42370.22
278.66	42350.71
278.72	42337.51
278.79	42318.99
278.86	42297.26
278.93	42284.68
278.99	42267.75
279.06	42245.44
279.13	42221.46
279.20	42203.57
279.26	42178.23
279.33	42157.77
279.40	42131.77
279.47	42103.51
279.53	42075.34
279.60	42046.32
279.67	42019.35
279.74	41997.95
279.80	41980.44
279.87	41973.33
279.94	41956.61
280.01	41946.82
280.07	41927.65
280.14	41905.73
280.21	41870.66
280.28	41846.42
280.34	41816.76
280.41	41800.41
280.48	41775.58
280.55	41757.23
280.61	41733.43
280.68	41713.21
280.75	41675.28
280.82	41641.26
280.88	41604.16
280.95	41556.67
281.02	41490.51
281.08	41424.39
281.15	41355.33
281.22	41283.01
281.29	41225.47
281.35	41176.83
281.42	41143.42
281.49	41106.12
281.56	41071.72
281.62	41039.53
281.69	41010.30
281.76	40972.75
281.82	40940.38
281.89	40909.26
281.96	40883.81
282.03	40854.71
282.09	40830.25
282.16	40812.61
282.23	40793.56
282.30	40765.23
282.36	40746.21
282.43	40722.16
282.50	40709.63
282.56	40680.76
282.63	40656.01
282.70	40628.58
282.77	40614.28
282.83	40588.57
282.90	40574.51
282.97	40558.52
283.03	40536.71
283.10	40511.71
283.17	40484.15
283.24	40462.09
283.30	40432.93
283.37	40407.86
283.44	40377.93
283.50	40352.81
283.57	40331.68
283.64	40305.51
283.71	40271.25
283.77	40229.32
283.84	40192.51
283.91	40147.90
283.97	40128.68
284.04	40131.65
284.11	40149.39
284.18	40158.41
284.24	40176.97
284.31	40182.36
284.38	40170.65
284.44	40149.00
284.51	40127.01
284.58	40102.57
284.64	40089.91
284.71	40087.89
284.78	40077.36
284.85	40068.17
284.91	40056.08
284.98	40032.81
285.05	39997.93
285.11	39986.18
285.18	39965.31
285.25	39956.90
285.31	39950.03
285.38	39944.41
285.45	39929.75
285.52	39930.96
285.58	39925.06
285.65	39910.11
285.72	39891.47
285.78	39874.02
285.85	39862.68
285.92	39844.09
285.98	39821.37
286.05	39812.31
286.12	39806.12
286.18	39790.35
286.25	39780.27
286.32	39780.60
286.39	39778.38
286.45	39773.92
286.52	39764.96
286.59	39755.30
286.65	39748.89
286.72	39742.56
286.79	39733.41
286.85	39725.99
286.92	39711.54
286.99	39704.16
287.05	39685.72
287.12	39676.78
287.19	39670.62
287.25	39669.72
287.32	39662.62
287.39	39668.66
287.45	39665.69
287.52	39663.96
287.59	39665.63
287.65	39663.82
287.72	39651.13
287.79	39637.37
287.86	39622.43
287.92	39606.87
287.99	39593.40
288.06	39590.13
288.12	39586.26
288.19	39582.51
288.26	39571.14
288.32	39563.71
288.39	39553.48
288.46	39552.06
288.52	39550.00
288.59	39556.97
288.66	39563.15
288.72	39563.92
288.79	39565.97
288.86	39566.76
288.92	39562.22
288.99	39547.91
289.06	39545.43
289.12	39538.63
289.19	39542.76
289.26	39546.50
289.32	39558.42
289.39	39560.70
289.45	39571.71
289.52	39561.96
289.59	39562.03
289.65	39563.04
289.72	39567.57
289.79	39572.08
289.85	39581.92
289.92	39587.77
289.99	39597.04
290.05	39603.43
290.12	39590.66
290.19	39593.98
290.25	39591.22
290.32	39583.57
290.39	39579.23
290.45	39587.14
290.52	39583.39
290.59	39587.68
290.65	39589.09
290.72	39587.10
290.79	39589.11
290.85	39602.13
290.92	39611.71
290.98	39628.40
291.05	39645.26
291.12	39651.85
291.18	39658.53
291.25	39666.21
291.32	39661.19
291.38	39655.75
291.45	39653.34
291.52	39644.67
291.58	39640.12
291.65	39653.63
291.72	39675.17
291.78	39701.71
291.85	39713.99
291.91	39730.84
291.98	39753.61
292.05	39760.39
292.11	39763.41
292.18	39782.04
292.25	39785.61
292.31	39775.40
292.38	39778.92
292.45	39786.17
292.51	39793.12
292.58	39802.41
292.64	39813.02
292.71	39814.46
292.78	39822.45
292.84	39822.89
292.91	39834.51
292.98	39843.85
293.04	39857.35
293.11	39859.10
293.17	39874.74
293.24	39879.34
293.31	39885.89
293.37	39899.88
293.44	39917.97
293.51	39925.29
293.57	39935.31
293.64	39946.29
293.70	39961.54
293.77	39971.82
293.84	39984.87
293.90	39989.17
293.97	39998.70
294.04	40005.55
294.10	40011.22
294.17	40022.16
294.23	40050.11
294.30	40061.68
294.37	40075.83
294.43	40096.28
294.50	40103.91
294.56	40104.40
294.63	40112.64
294.70	40123.39
294.76	40131.68
294.83	40146.94
294.90	40166.97
294.96	40189.83
295.03	40199.14
295.09	40217.03
295.16	40230.67
295.23	40231.49
295.29	40239.02
295.36	40247.20
295.42	40251.77
295.49	40264.59
295.56	40290.04
295.62	40312.18
295.69	40328.61
295.75	40339.58
295.82	40353.25
295.89	40355.44
295.95	40353.96
296.02	40366.07
296.08	40373.85
296.15	40375.48
296.22	40396.30
296.28	40417.08
296.35	40437.75
296.41	40456.92
296.48	40479.64
296.55	40498.97
296.61	40512.41
296.68	40527.23
296.74	40552.59
296.81	40580.30
296.88	40593.32
296.94	40610.70
297.01	40624.51
297.07	40633.01
297.14	40640.98
297.20	40656.21
297.27	40676.79
297.34	40699.71
297.40	40721.54
297.47	40738.51
297.53	40752.05
297.60	40768.73
297.67	40776.77
297.73	40791.21
297.80	40799.90
297.86	40804.61
297.93	40808.90
298.00	40824.94
298.06	40838.75
298.13	40863.99
298.19	40891.52
298.26	40914.30
298.32	40933.10
298.39	40948.25
298.46	40952.40
298.52	40960.77
298.59	40971.49
298.65	40980.97
298.72	40998.89
298.78	41017.76
298.85	41033.19
298.92	41044.08
298.98	41061.35
299.05	41068.58
299.11	41080.72
299.18	41094.86
299.24	41104.45
299.31	41106.51
299.38	41123.77
299.44	41130.88
299.51	41145.79
299.57	41161.88
299.64	41178.51
299.70	41182.12
299.77	41193.61
299.84	41193.42
299.90	41194.09
299.97	41195.38
300.03	41206.02
300.10	41218.26
300.16	41243.28
300.23	41265.99
300.30	41281.06
300.36	41285.11
300.43	41298.76
300.49	41301.33
300.56	41311.41
300.62	41332.19
300.69	41356.12
300.75	41364.42
300.82	41375.86
300.89	41379.49
300.95	41386.25
301.02	41379.47
301.08	41379.33
301.15	41378.80
301.21	41388.77
301.28	41388.85
301.34	41395.68
301.41	41396.37
301.48	41396.74
301.54	41384.92
301.61	41379.43
301.67	41378.70
301.74	41392.42
301.80	41399.55
301.87	41405.94
301.93	41401.90
302.00	41395.56
302.06	41379.41
302.13	41365.31
302.20	41362.38
302.26	41363.88
302.33	41362.98
302.39	41357.95
302.46	41355.72
302.52	41344.06
302.59	41330.99
302.65	41328.87
302.72	41329.60
302.78	41324.33
302.85	41321.19
302.91	41318.49
302.98	41307.31
303.05	41291.21
303.11	41287.61
303.18	41280.73
303.24	41273.34
303.31	41265.12
303.37	41255.25
303.44	41236.21
303.50	41221.01
303.57	41199.96
303.63	41183.60
303.70	41173.08
303.76	41154.74
303.83	41141.75
303.89	41130.08
303.96	41116.84
304.03	41097.57
304.09	41087.99
304.16	41063.75
304.22	41044.16
304.29	41027.27
304.35	41006.33
304.42	40983.30
304.48	40969.08
304.55	40949.80
304.61	40920.20
304.68	40898.47
304.74	40879.02
304.81	40858.20
304.87	40828.03
304.94	40809.40
305.00	40788.65
305.07	40758.05
305.13	40717.12
305.20	40689.22
305.26	40659.11
305.33	40631.55
305.39	40605.95
305.46	40577.17
305.52	40559.51
305.59	40536.18
305.66	40503.38
305.72	40477.41
305.79	40454.39
305.85	40415.26
305.92	40359.80
305.98	40251.40
306.05	40034.08
306.11	39741.32
306.18	39450.55
306.24	39267.10
306.31	39230.53
306.37	39354.37
306.44	39582.37
306.50	39815.69
306.57	39959.82
306.63	40010.77
306.70	39996.16
306.76	39961.57
306.83	39917.10
306.89	39861.15
306.96	39809.08
307.02	39765.48
307.09	39727.82
307.15	39687.17
307.22	39654.50
307.28	39619.09
307.35	39579.79
307.41	39528.32
307.48	39480.25
307.54	39432.81
307.61	39378.15
307.67	39321.78
307.74	39271.00
307.80	39226.97
307.87	39183.61
307.93	39144.67
308.00	39106.24
308.06	39068.76
308.13	39018.97
308.19	38963.87
308.26	38913.91
308.32	38874.04
308.38	38830.42
308.45	38786.67
308.51	38749.91
308.58	38699.37
308.64	38636.21
308.71	38579.49
308.77	38532.64
308.84	38474.52
308.90	38443.40
308.97	38418.57
309.03	38386.20
309.10	38341.18
309.16	38298.02
309.23	38235.41
309.29	38169.32
309.36	38100.31
309.42	38032.45
309.49	37964.94
309.55	37899.10
309.62	37835.00
309.68	37775.69
309.75	37715.80
309.81	37662.13
309.88	37610.91
309.94	37554.38
310.00	37493.07
310.07	37436.07
310.13	37384.70
310.20	37323.96
310.26	37275.15
310.33	37219.87
310.39	37175.72
310.46	37122.15
310.52	37072.07
310.59	37015.85
310.65	36970.89
310.72	36915.87
310.78	36856.11
310.85	36795.14
310.91	36740.21
310.97	36681.14
311.04	36622.95
311.10	36561.37
311.17	36510.25
311.23	36455.13
311.30	36397.22
311.36	36344.30
311.43	36299.41
311.49	36239.14
311.56	36177.53
311.62	36121.52
311.69	36058.51
311.75	35996.39
311.81	35934.07
311.88	35875.95
311.94	35820.71
312.01	35779.64
312.07	35730.84
312.14	35694.36
312.20	35652.55
312.27	35602.75
312.33	35533.64
312.40	35469.14
312.46	35397.03
312.52	35329.59
312.59	35266.49
312.65	35201.93
312.72	35134.00
312.78	35066.86
312.85	34996.98
312.91	34924.30
312.98	34854.92
313.04	34802.31
313.10	34744.76
313.17	34691.88
313.23	34637.56
313.30	34587.01
313.36	34512.59
313.43	34443.63
313.49	34375.45
313.56	34301.50
313.62	34229.79
313.68	34166.76
313.75	34113.48
313.81	34047.70
313.88	33987.02
313.94	33930.27
314.01	33875.92
314.07	33814.44
314.13	33752.13
314.20	33699.11
314.26	33633.87
314.33	33568.57
314.39	33500.21
314.46	33431.38
314.52	33363.70
314.58	33298.11
314.65	33230.18
314.71	33168.32
314.78	33109.58
314.84	33040.50
314.91	32975.97
314.97	32913.90
315.03	32847.71
315.10	32784.62
315.16	32716.23
315.23	32650.11
315.29	32587.98
315.36	32525.61
315.42	32459.83
315.48	32398.24
315.55	32335.32
315.61	32260.35
315.68	32195.65
315.74	32133.18
315.81	32068.02
315.87	31991.18
315.93	31942.91
316.00	31899.51
316.06	31858.15
316.13	31828.73
316.19	31785.06
316.25	31677.65
316.32	31512.44
316.38	31294.99
316.45	31015.13
316.51	30700.22
316.58	30364.75
316.64	30009.43
316.70	29643.16
316.77	29255.26
316.83	28850.96
316.90	28429.16
316.96	27993.26
317.02	27541.74
317.09	27080.86
317.15	26608.30
317.22	26119.96
317.28	25615.05
317.34	25094.08
317.41	24572.79
317.47	24037.44
317.54	23494.92
317.60	22949.00
317.66	22394.56
317.73	21819.29
317.79	21247.72
317.86	20676.78
317.92	20094.51
317.98	19498.94
318.05	18907.66
318.11	18312.27
318.18	17717.92
318.24	17126.75
318.30	16544.49
318.37	15963.62
318.43	15377.21
318.50	14789.31
318.56	14205.97
318.62	13635.03
318.69	13071.53
318.75	12519.57
318.82	11977.36
318.88	11450.47
318.94	10930.04
319.01	10419.73
319.07	9930.28
319.13	9448.11
319.20	8975.53
319.26	8516.87
319.33	8073.85
319.39	7636.26
319.45	7225.65
319.52	6833.97
319.58	6453.49
319.65	6088.58
319.71	5742.95
319.77	5409.11
319.84	5091.84
319.90	4794.46
319.96	4509.32
320.03	4238.95
320.09	3987.31
320.16	3742.42
320.22	3516.18
320.28	3305.62
320.35	3110.74
320.41	2928.21
320.47	2763.14
320.54	2604.82
320.60	2462.80
320.67	2331.92
320.73	2209.52
320.79	2096.28
320.86	1998.55
320.92	1903.91
320.98	1822.08
321.05	1745.20
321.11	1672.92
321.18	1605.04
321.24	1546.56
321.30	1485.65
321.37	1435.79
321.43	1396.36
321.49	1356.26
321.56	1320.62
321.62	1290.49
321.68	1255.92
321.75	1222.76
321.81	1194.83
321.88	1164.70
321.94	1140.31
322.00	1118.56
322.07	1089.64
322.13	1061.84
322.19	1032.91
322.26	998.78
322.32	968.90
322.38	943.70
322.45	921.40
322.51	897.31
322.58	877.47
322.64	849.60
322.70	825.50
322.77	794.64
322.83	773.50
322.89	743.53
322.96	716.96
323.02	689.35
323.08	661.16
323.15	629.86
323.21	604.93
323.27	580.28
323.34	555.01
323.40	531.85
323.46	507.38
323.53	476.33
323.59	402.51
323.65	302.03
323.72	188.86
323.78	80.20
323.85	-18.47
323.91	-67.75
323.97	-86.31
324.04	-86.34
