180.21	3425.69
180.28	-125.74
180.36	631.26
180.44	-49.07
180.51	-18.54
180.59	4.43
180.66	31.06
180.74	29.19
180.81	28.63
180.89	30.86
180.97	31.82
181.04	30.28
181.12	29.02
181.19	29.85
181.27	29.82
181.34	45.38
181.42	51.47
181.50	58.68
181.57	69.33
181.65	75.03
181.72	70.00
181.80	65.39
181.87	66.26
181.95	66.75
182.03	66.39
182.10	69.10
182.18	72.58
182.25	79.41
182.33	81.54
182.40	91.27
182.48	90.77
182.55	105.10
182.63	113.44
182.71	120.98
182.78	130.25
182.86	144.02
182.93	144.43
183.01	144.16
183.08	139.82
183.16	137.51
183.23	128.99
183.31	136.65
183.39	143.30
183.46	164.05
183.54	173.75
183.61	200.29
183.69	219.62
183.76	251.96
183.84	277.86
183.91	306.43
183.99	347.41
184.06	379.01
184.14	410.74
184.22	454.77
184.29	489.51
184.37	500.07
184.44	517.34
184.52	506.49
184.59	450.25
184.67	397.00
184.74	348.08
184.82	314.52
184.89	310.40
184.97	354.17
185.04	422.83
185.12	491.78
185.20	569.84
185.27	643.30
185.35	728.36
185.42	786.41
185.50	847.76
185.57	902.22
185.65	944.63
185.72	983.13
185.80	1060.76
185.87	1117.71
185.95	1184.37
186.02	1298.80
186.10	1368.28
186.17	1392.86
186.25	1385.76
186.33	1247.95
186.40	1050.17
186.48	904.96
186.55	813.37
186.63	796.99
186.70	918.35
186.78	1081.25
186.85	1224.41
186.93	1349.27
187.00	1453.23
187.08	1568.00
187.15	1673.56
187.23	1797.29
187.30	1925.28
187.38	2034.30
187.45	2150.19
187.53	2285.28
187.60	2365.12
187.68	2464.36
187.75	2609.87
187.83	2681.79
187.90	2738.34
187.98	2847.81
188.05	2876.45
188.13	2736.17
188.21	2484.33
188.28	2220.26
188.36	1958.41
188.43	1767.68
188.51	1769.49
188.58	1956.53
188.66	2164.04
188.73	2365.67
188.81	2580.12
188.88	2742.76
188.96	2907.81
189.03	3046.50
189.11	3193.82
189.18	3327.59
189.26	3439.17
189.33	3550.06
189.41	3684.69
189.48	3767.14
189.56	3861.49
189.63	3995.67
189.71	4055.09
189.78	4112.11
189.86	4212.09
189.93	4261.68
190.01	4257.12
190.08	4234.53
190.16	4050.48
190.23	3685.82
190.31	3342.51
190.38	3096.45
190.46	2954.86
190.53	3000.52
190.61	3240.95
190.68	3495.89
190.76	3722.12
190.83	3918.39
190.91	4076.74
190.98	4246.54
191.06	4390.59
191.13	4539.21
191.21	4669.21
191.28	4784.65
191.35	4897.23
191.43	5014.35
191.50	5083.48
191.58	5174.49
191.65	5275.72
191.73	5317.71
191.80	5368.56
191.88	5421.09
191.95	5418.62
192.03	5418.99
192.10	5447.92
192.18	5461.47
192.25	5450.26
192.33	5351.89
192.40	5123.31
192.48	4864.93
192.55	4658.59
192.63	4520.06
192.70	4540.20
192.78	4716.85
192.85	4949.24
192.93	5155.55
193.00	5346.18
193.08	5499.34
193.15	5659.25
193.22	5768.69
193.30	5872.90
193.37	5972.67
193.45	6042.22
193.52	6099.69
193.60	6176.32
193.67	6228.29
193.75	6274.31
193.82	6337.99
193.90	6360.23
193.97	6383.91
194.05	6417.91
194.12	6441.77
194.20	6470.29
194.27	6524.91
194.34	6572.19
194.42	6610.46
194.49	6649.71
194.57	6676.94
194.64	6646.29
194.72	6551.24
194.79	6447.80
194.87	6357.23
194.94	6295.32
195.02	6291.25
195.09	6365.61
195.17	6473.30
195.24	6572.08
195.31	6669.44
195.39	6758.99
195.46	6848.44
195.54	6921.63
195.61	6995.71
195.69	7051.05
195.76	7100.63
195.84	7142.79
195.91	7175.67
195.99	7194.41
196.06	7210.71
196.13	7233.38
196.21	7246.97
196.28	7266.29
196.36	7294.80
196.43	7315.76
196.51	7327.91
196.58	7339.48
196.66	7353.73
196.73	7369.24
196.80	7397.93
196.88	7437.41
196.95	7483.79
197.03	7526.35
197.10	7548.03
197.18	7545.38
197.25	7535.46
197.33	7532.50
197.40	7536.69
197.47	7551.86
197.55	7592.68
197.62	7636.46
197.70	7671.05
197.77	7703.39
197.85	7739.47
197.92	7766.96
197.99	7785.58
198.07	7793.36
198.14	7788.77
198.22	7795.55
198.29	7808.13
198.37	7838.62
198.44	7884.71
198.51	7942.29
198.59	7989.40
198.66	8036.21
198.74	8079.60
198.81	8118.49
198.89	8147.62
198.96	8179.81
199.03	8207.61
199.11	8243.68
199.18	8266.38
199.26	8287.47
199.33	8310.76
199.41	8338.51
199.48	8338.18
199.55	8336.74
199.63	8328.43
199.70	8328.98
199.78	8318.64
199.85	8330.76
199.93	8362.64
200.00	8424.82
200.07	8477.38
200.15	8543.54
200.22	8599.90
200.30	8649.55
200.37	8689.52
200.44	8728.16
200.52	8764.20
200.59	8808.31
200.67	8841.69
200.74	8863.92
200.81	8878.03
200.89	8887.79
200.96	8896.68
201.04	8911.50
201.11	8931.66
201.19	8948.06
201.26	8962.86
201.33	8973.12
201.41	8993.89
201.48	9026.69
201.56	9079.37
201.63	9145.55
201.70	9211.76
201.78	9274.02
201.85	9337.70
201.93	9386.91
202.00	9431.01
202.07	9478.35
202.15	9523.77
202.22	9556.13
202.30	9597.51
202.37	9633.32
202.44	9666.61
202.52	9698.69
202.59	9730.70
202.67	9754.31
202.74	9785.22
202.81	9812.84
202.89	9833.99
202.96	9860.23
203.04	9902.46
203.11	9943.02
203.18	10002.29
203.26	10070.63
203.33	10137.93
203.41	10196.22
203.48	10260.37
203.55	10307.71
203.63	10358.37
203.70	10414.93
203.77	10465.65
203.85	10514.57
203.92	10560.81
204.00	10618.68
204.07	10669.05
204.14	10722.46
204.22	10766.17
204.29	10819.15
204.37	10857.56
204.44	10897.54
204.51	10941.24
204.59	10996.15
204.66	11040.52
204.73	11091.22
204.81	11149.55
204.88	11218.04
204.96	11285.35
205.03	11360.45
205.10	11431.69
205.18	11501.41
205.25	11563.38
205.32	11630.20
205.40	11696.06
205.47	11758.00
205.55	11812.42
205.62	11870.99
205.69	11932.10
205.77	11995.38
205.84	12067.90
205.91	12145.30
205.99	12223.52
206.06	12282.66
206.14	12347.86
206.21	12416.26
206.28	12472.98
206.36	12538.43
206.43	12609.45
206.50	12682.35
206.58	12750.23
206.65	12833.16
206.72	12909.39
206.80	12994.21
206.87	13075.92
206.95	13164.75
207.02	13255.34
207.09	13343.86
207.17	13428.29
207.24	13516.46
207.31	13600.57
207.39	13677.05
207.46	13757.61
207.53	13831.50
207.61	13912.10
207.68	13986.64
207.75	14073.87
207.83	14157.85
207.90	14249.07
207.98	14325.85
208.05	14414.18
208.12	14495.30
208.20	14582.61
208.27	14675.29
208.34	14775.36
208.42	14868.23
208.49	14962.31
208.56	15051.12
208.64	15145.06
208.71	15235.85
208.78	15331.51
208.86	15435.88
208.93	15545.05
209.00	15644.15
209.08	15741.80
209.15	15844.80
209.22	15946.68
209.30	16047.75
209.37	16153.52
209.44	16264.51
209.52	16370.84
209.59	16468.46
209.67	16570.62
209.74	16667.56
209.81	16774.86
209.89	16876.42
209.96	16987.92
210.03	17100.06
210.11	17220.53
210.18	17326.95
210.25	17438.70
210.33	17552.51
210.40	17658.94
210.47	17767.29
210.55	17885.84
210.62	18002.29
210.69	18112.62
210.77	18231.20
210.84	18347.13
210.91	18473.81
210.99	18596.13
211.06	18723.06
211.13	18843.48
211.21	18968.75
211.28	19081.79
211.35	19201.57
211.42	19325.36
211.50	19447.21
211.57	19571.30
211.64	19696.55
211.72	19823.01
211.79	19943.86
211.86	20072.62
211.94	20207.08
212.01	20330.61
212.08	20461.00
212.16	20585.33
212.23	20712.81
212.30	20836.89
212.38	20966.41
212.45	21099.65
212.52	21235.53
212.60	21361.51
212.67	21489.00
212.74	21626.42
212.82	21753.48
212.89	21881.78
212.96	22020.39
213.03	22153.53
213.11	22287.96
213.18	22420.86
213.25	22564.89
213.33	22706.87
213.40	22840.79
213.47	22972.53
213.55	23114.78
213.62	23250.64
213.69	23382.98
213.77	23522.91
213.84	23666.99
213.91	23812.11
213.98	23957.58
214.06	24105.38
214.13	24262.75
214.20	24411.81
214.28	24561.98
214.35	24708.36
214.42	24848.85
214.50	24984.02
214.57	25119.04
214.64	25254.21
214.72	25394.34
214.79	25539.74
214.86	25680.55
214.93	25823.61
215.01	25970.85
215.08	26114.64
215.15	26260.50
215.23	26406.55
215.30	26561.54
215.37	26705.05
215.44	26857.04
215.52	27008.08
215.59	27158.45
215.66	27302.73
215.74	27450.38
215.81	27586.41
215.88	27737.28
215.95	27876.91
216.03	28022.25
216.10	28170.69
216.17	28325.66
216.25	28473.35
216.32	28633.30
216.39	28788.29
216.46	28939.96
216.54	29087.47
216.61	29231.60
216.68	29378.08
216.76	29522.95
216.83	29668.02
216.90	29824.77
216.97	29978.95
217.05	30136.72
217.12	30289.82
217.19	30438.42
217.27	30575.82
217.34	30709.11
217.41	30837.60
217.48	30970.30
217.56	31110.80
217.63	31260.79
217.70	31413.85
217.78	31572.75
217.85	31729.13
217.92	31879.92
217.99	32030.29
218.07	32177.09
218.14	32323.12
218.21	32471.07
218.28	32619.98
218.36	32765.45
218.43	32913.88
218.50	33063.65
218.57	33211.40
218.65	33351.05
218.72	33491.99
218.79	33635.61
218.87	33766.64
218.94	33901.63
219.01	34043.69
219.08	34174.16
219.16	34313.79
219.23	34455.09
219.30	34598.81
219.37	34736.24
219.45	34885.84
219.52	35032.89
219.59	35169.52
219.66	35301.63
219.74	35445.11
219.81	35588.16
219.88	35712.92
219.95	35859.55
220.03	35999.85
220.10	36130.51
220.17	36259.63
220.24	36399.32
220.32	36525.47
220.39	36650.54
220.46	36774.67
220.53	36901.57
220.61	37022.47
220.68	37144.95
220.75	37269.63
220.82	37409.86
220.90	37540.68
220.97	37663.66
221.04	37786.91
221.11	37908.64
221.19	38026.33
221.26	38142.51
221.33	38269.76
221.40	38406.47
221.48	38536.16
221.55	38655.78
221.62	38770.72
221.69	38891.82
221.77	39007.18
221.84	39127.84
221.91	39245.15
221.98	39370.63
222.06	39490.67
222.13	39604.52
222.20	39714.60
222.27	39824.87
222.35	39934.51
222.42	40044.64
222.49	40153.40
222.56	40266.85
222.63	40381.62
222.71	40489.97
222.78	40591.76
222.85	40695.56
222.92	40809.43
223.00	40925.92
223.07	41040.61
223.14	41153.99
223.21	41261.19
223.29	41359.56
223.36	41459.17
223.43	41553.74
223.50	41653.95
223.57	41765.80
223.65	41885.77
223.72	41992.22
223.79	42102.61
223.86	42202.26
223.94	42291.70
224.01	42366.96
224.08	42447.23
224.15	42530.33
224.22	42616.09
224.30	42703.84
224.37	42793.56
224.44	42892.16
224.51	42981.74
224.59	43068.03
224.66	43155.68
224.73	43239.16
224.80	43324.84
224.87	43415.61
224.95	43515.53
225.02	43615.76
225.09	43714.33
225.16	43803.78
225.23	43900.71
225.31	43988.21
225.38	44065.50
225.45	44153.30
225.52	44240.57
225.60	44312.41
225.67	44386.37
225.74	44464.67
225.81	44532.66
225.88	44595.58
225.96	44667.27
226.03	44740.81
226.10	44810.56
226.17	44888.18
226.24	44968.08
226.32	45045.27
226.39	45119.80
226.46	45191.92
226.53	45265.16
226.60	45344.50
226.68	45431.13
226.75	45517.17
226.82	45607.92
226.89	45691.92
226.96	45759.65
227.04	45808.12
227.11	45851.04
227.18	45888.63
227.25	45925.03
227.32	45973.29
227.40	46039.49
227.47	46116.98
227.54	46193.09
227.61	46273.66
227.68	46354.05
227.76	46427.06
227.83	46489.10
227.90	46559.71
227.97	46618.35
228.04	46674.20
228.11	46721.82
228.19	46767.32
228.26	46810.15
228.33	46859.85
228.40	46897.68
228.47	46946.44
228.55	46995.06
228.62	47047.66
228.69	47102.17
228.76	47162.67
228.83	47217.10
228.90	47278.48
228.98	47335.26
229.05	47392.84
229.12	47466.92
229.19	47534.47
229.26	47587.34
229.34	47634.19
229.41	47674.81
229.48	47699.99
229.55	47743.35
229.62	47796.06
229.69	47856.74
229.77	47911.24
229.84	47970.35
229.91	48011.46
229.98	48044.62
230.05	48073.35
230.12	48105.41
230.20	48143.59
230.27	48182.66
230.34	48231.89
230.41	48281.40
230.48	48337.52
230.55	48381.71
230.63	48436.68
230.70	48498.66
230.77	48546.52
230.84	48584.51
230.91	48617.44
230.98	48649.76
231.06	48677.16
231.13	48720.51
231.20	48770.83
231.27	48825.78
231.34	48878.23
231.41	48930.44
231.49	48976.41
231.56	49021.28
231.63	49062.20
231.70	49095.92
231.77	49127.38
231.84	49151.48
231.92	49167.85
231.99	49195.06
232.06	49226.10
232.13	49250.41
232.20	49287.52
232.27	49326.59
232.34	49354.31
232.42	49379.33
232.49	49405.13
232.56	49431.27
232.63	49462.64
232.70	49491.59
232.77	49534.47
232.85	49578.60
232.92	49613.50
232.99	49643.44
233.06	49668.40
233.13	49682.97
233.20	49690.59
233.27	49691.17
233.35	49694.33
233.42	49700.11
233.49	49704.60
233.56	49723.38
233.63	49752.13
233.70	49783.01
233.77	49817.61
233.85	49851.39
233.92	49886.99
233.99	49912.11
234.06	49935.48
234.13	49960.88
234.20	49981.01
234.27	49992.58
234.35	49997.64
234.42	50003.69
234.49	50013.44
234.56	50025.84
234.63	50026.33
234.70	50040.04
234.77	50050.90
234.84	50048.39
234.92	50045.76
234.99	50053.39
235.06	50060.33
235.13	50056.22
235.20	50063.52
235.27	50071.62
235.34	50070.01
235.41	50071.82
235.49	50077.90
235.56	50083.51
235.63	50091.70
235.70	50101.93
235.77	50106.66
235.84	50114.36
235.91	50110.20
235.98	50098.24
236.06	50090.45
236.13	50068.75
236.20	50043.84
236.27	50018.07
236.34	49990.93
236.41	49966.27
236.48	49950.03
236.55	49938.11
236.63	49929.26
236.70	49922.04
236.77	49918.00
236.84	49925.26
236.91	49928.87
236.98	49924.51
237.05	49923.44
237.12	49910.28
237.19	49894.73
237.27	49884.99
237.34	49889.89
237.41	49887.20
237.48	49876.52
237.55	49854.68
237.62	49834.14
237.69	49820.61
237.76	49809.65
237.83	49818.21
237.91	49829.45
237.98	49830.53
238.05	49818.11
238.12	49807.94
238.19	49793.54
238.26	49790.81
238.33	49778.96
238.40	49766.17
238.47	49755.55
238.54	49742.68
238.62	49720.77
238.69	49705.44
238.76	49688.91
238.83	49674.94
238.90	49661.76
238.97	49646.17
239.04	49635.69
239.11	49631.55
239.18	49626.08
239.25	49610.28
239.33	49585.56
239.40	49564.22
239.47	49543.29
239.54	49506.32
239.61	49472.50
239.68	49443.11
239.75	49426.04
239.82	49410.00
239.89	49396.12
239.96	49397.45
240.03	49396.41
240.11	49389.40
240.18	49371.80
240.25	49360.56
240.32	49341.48
240.39	49331.88
240.46	49317.98
240.53	49318.45
240.60	49318.66
240.67	49317.24
240.74	49314.62
240.81	49299.73
240.88	49283.04
240.96	49272.01
241.03	49265.20
241.10	49255.81
241.17	49253.16
241.24	49252.50
241.31	49251.64
241.38	49234.22
241.45	49217.01
241.52	49205.10
241.59	49185.39
241.66	49167.99
241.73	49165.58
241.80	49155.69
241.88	49136.87
241.95	49122.13
242.02	49099.58
242.09	49069.49
242.16	49052.03
242.23	49044.48
242.30	49030.26
242.37	49018.87
242.44	49019.07
242.51	49014.89
242.58	49011.42
242.65	49013.78
242.72	49015.30
242.79	49003.81
242.87	49001.76
242.94	48993.94
243.01	48990.41
243.08	48993.10
243.15	48992.29
243.22	48995.76
243.29	49005.27
243.36	49015.35
243.43	49023.75
243.50	49046.37
243.57	49062.31
243.64	49069.16
243.71	49066.28
243.78	49062.59
243.85	49049.36
243.92	49039.07
243.99	49035.55
244.07	49029.08
244.14	49017.86
244.21	49013.27
244.28	49002.95
244.35	48992.98
244.42	48994.60
244.49	48995.47
244.56	49001.03
244.63	49010.90
244.70	49008.74
244.77	49003.52
244.84	49016.10
244.91	49035.68
244.98	49049.90
245.05	49078.77
245.12	49109.09
245.19	49129.16
245.26	49134.73
245.33	49155.15
245.40	49176.33
245.47	49203.74
245.55	49226.89
245.62	49243.93
245.69	49244.42
245.76	49250.26
245.83	49252.98
245.90	49245.62
245.97	49255.73
246.04	49281.16
246.11	49290.44
246.18	49294.40
246.25	49307.86
246.32	49313.73
246.39	49313.29
246.46	49324.82
246.53	49348.27
246.60	49370.14
246.67	49391.10
246.74	49408.47
246.81	49429.01
246.88	49440.08
246.95	49461.32
247.02	49488.78
247.09	49517.46
247.16	49532.76
247.23	49543.29
247.30	49548.60
247.37	49545.33
247.44	49555.96
247.51	49576.66
247.58	49602.84
247.66	49631.60
247.73	49680.73
247.80	49714.59
247.87	49743.15
247.94	49781.96
248.01	49826.13
248.08	49845.91
248.15	49871.25
248.22	49903.16
248.29	49922.69
248.36	49936.10
248.43	49965.66
248.50	49990.49
248.57	50006.91
248.64	50022.98
248.71	50043.27
248.78	50060.58
248.85	50080.42
248.92	50113.31
248.99	50147.02
249.06	50174.54
249.13	50196.43
249.20	50214.69
249.27	50224.30
249.34	50232.69
249.41	50239.78
249.48	50235.07
249.55	50233.85
249.62	50248.07
249.69	50268.10
249.76	50303.24
249.83	50348.22
249.90	50405.01
249.97	50446.73
250.04	50488.80
250.11	50525.91
250.18	50566.61
250.25	50586.90
250.32	50611.01
250.39	50642.24
250.46	50661.68
250.53	50686.62
250.60	50720.30
250.67	50748.53
250.74	50765.15
250.81	50778.23
250.88	50797.48
250.95	50812.75
251.02	50831.30
251.09	50857.73
251.16	50898.65
251.23	50922.71
251.30	50947.86
251.37	50966.52
251.44	50982.25
251.51	50996.73
251.58	51015.37
251.65	51034.18
251.72	51055.70
251.79	51078.24
251.86	51098.10
251.93	51118.91
252.00	51133.39
252.07	51143.91
252.14	51157.94
252.21	51167.52
252.28	51179.27
252.35	51197.16
252.42	51229.78
252.49	51250.49
252.56	51264.44
252.63	51270.37
252.70	51280.13
252.77	51282.86
252.84	51292.85
252.91	51309.72
252.98	51332.52
253.05	51354.69
253.12	51371.42
253.19	51388.82
253.25	51408.69
253.32	51419.96
253.39	51441.76
253.46	51472.13
253.53	51494.20
253.60	51513.62
253.67	51536.65
253.74	51551.93
253.81	51567.08
253.88	51576.96
253.95	51590.11
254.02	51610.46
254.09	51631.12
254.16	51645.03
254.23	51663.91
254.30	51671.02
254.37	51684.77
254.44	51693.17
254.51	51706.49
254.58	51712.80
254.65	51727.91
254.72	51735.33
254.79	51733.81
254.86	51737.78
254.93	51741.43
255.00	51754.22
255.07	51760.12
255.14	51772.37
255.21	51775.23
255.28	51776.92
255.34	51763.41
255.41	51757.88
255.48	51749.16
255.55	51742.18
255.62	51750.89
255.69	51762.25
255.76	51768.22
255.83	51781.52
255.90	51800.14
255.97	51818.15
256.04	51820.47
256.11	51832.38
256.18	51838.52
256.25	51829.38
256.32	51814.71
256.39	51823.31
256.46	51820.42
256.53	51817.11
256.60	51820.69
256.67	51825.84
256.74	51824.27
256.80	51826.11
256.87	51832.16
256.94	51838.68
257.01	51840.06
257.08	51839.01
257.15	51831.21
257.22	51822.72
257.29	51797.40
257.36	51782.31
257.43	51769.74
257.50	51771.81
257.57	51760.58
257.64	51774.63
257.71	51771.03
257.78	51764.21
257.85	51746.45
257.92	51740.24
257.98	51719.71
258.05	51708.53
258.12	51691.65
258.19	51669.22
258.26	51649.75
258.33	51634.26
258.40	51620.30
258.47	51618.89
258.54	51627.81
258.61	51632.70
258.68	51634.86
258.75	51629.27
258.82	51615.91
258.89	51591.68
258.95	51571.06
259.02	51554.42
259.09	51537.56
259.16	51521.11
259.23	51501.90
259.30	51476.28
259.37	51453.07
259.44	51438.90
259.51	51427.38
259.58	51425.51
259.65	51416.04
259.72	51397.69
259.79	51363.27
259.85	51328.04
259.92	51289.08
259.99	51259.91
260.06	51235.46
260.13	51217.28
260.20	51187.52
260.27	51154.56
260.34	51122.28
260.41	51095.23
260.48	51070.61
260.55	51060.43
260.62	51054.58
260.68	51040.78
260.75	51017.48
260.82	50999.12
260.89	50977.85
260.96	50953.84
261.03	50932.74
261.10	50911.81
261.17	50886.06
261.24	50851.56
261.31	50818.10
261.38	50788.42
261.44	50756.84
261.51	50719.15
261.58	50681.65
261.65	50643.23
261.72	50599.81
261.79	50558.19
261.86	50523.39
261.93	50504.88
262.00	50483.19
262.07	50453.79
262.13	50429.32
262.20	50399.75
262.27	50350.00
262.34	50315.24
262.41	50287.54
262.48	50249.53
262.55	50218.45
262.62	50194.09
262.69	50153.17
262.76	50115.69
262.82	50085.67
262.89	50060.34
262.96	50032.34
263.03	50011.58
263.10	49987.01
263.17	49959.14
263.24	49925.61
263.31	49888.50
263.38	49845.41
263.44	49806.95
263.51	49757.64
263.58	49698.51
263.65	49652.18
263.72	49606.59
263.79	49567.52
263.86	49534.50
263.93	49507.85
264.00	49470.78
264.06	49440.86
264.13	49400.95
264.20	49363.48
264.27	49317.19
264.34	49279.62
264.41	49232.66
264.48	49185.39
264.55	49139.85
264.61	49099.63
264.68	49059.94
264.75	49021.30
264.82	48975.97
264.89	48934.94
264.96	48901.86
265.03	48855.89
265.10	48818.86
265.16	48785.15
265.23	48751.12
265.30	48716.00
265.37	48683.11
265.44	48637.46
265.51	48596.77
265.58	48550.15
265.65	48490.99
265.71	48439.08
265.78	48406.03
265.85	48366.04
265.92	48326.15
265.99	48291.57
266.06	48254.02
266.13	48202.07
266.20	48158.93
266.26	48121.92
266.33	48075.49
266.40	48035.16
266.47	47984.77
266.54	47922.52
266.61	47856.09
266.68	47802.90
266.74	47741.11
266.81	47690.06
266.88	47648.36
266.95	47595.89
267.02	47545.26
267.09	47501.22
267.16	47456.92
267.22	47409.03
267.29	47379.37
267.36	47344.58
267.43	47308.20
267.50	47271.39
267.57	47240.67
267.64	47206.20
267.70	47173.96
267.77	47138.45
267.84	47098.59
267.91	47051.69
267.98	46999.27
268.05	46945.04
268.11	46892.81
268.18	46838.03
268.25	46788.37
268.32	46740.30
268.39	46701.20
268.46	46657.44
268.53	46620.13
268.59	46584.15
268.66	46554.71
268.73	46517.47
268.80	46483.46
268.87	46443.52
268.94	46397.70
269.00	46347.96
269.07	46300.94
269.14	46263.19
269.21	46228.21
269.28	46192.41
269.35	46155.09
269.41	46119.99
269.48	46068.31
269.55	46013.63
269.62	45967.05
269.69	45924.03
269.76	45866.50
269.82	45825.65
269.89	45804.79
269.96	45780.97
270.03	45747.04
270.10	45729.70
270.17	45695.05
270.23	45648.81
270.30	45603.96
270.37	45570.74
270.44	45532.46
270.51	45491.42
270.58	45456.25
270.64	45428.66
270.71	45387.90
270.78	45351.92
270.85	45323.81
270.92	45288.31
270.99	45247.40
271.05	45216.43
271.12	45175.53
271.19	45138.51
271.26	45098.70
271.33	45062.96
271.39	45022.65
271.46	44979.09
271.53	44941.26
271.60	44913.23
271.67	44875.72
271.74	44843.74
271.80	44817.31
271.87	44797.36
271.94	44766.06
272.01	44734.12
272.08	44705.78
272.14	44674.99
272.21	44641.95
272.28	44619.53
272.35	44599.33
272.42	44570.46
272.48	44553.96
272.55	44530.04
272.62	44504.76
272.69	44481.77
272.76	44468.87
272.83	44439.81
272.89	44411.55
272.96	44375.76
273.03	44341.74
273.10	44300.87
273.17	44274.15
273.23	44246.20
273.30	44227.27
273.37	44206.30
273.44	44185.01
273.51	44160.09
273.57	44148.47
273.64	44123.08
273.71	44102.53
273.78	44078.98
273.85	44063.13
273.91	44033.99
273.98	44018.97
274.05	44000.48
274.12	43987.41
274.19	43968.07
274.25	43938.85
274.32	43913.01
274.39	43876.88
274.46	43830.45
274.53	43780.62
274.59	43737.70
274.66	43700.37
274.73	43682.28
274.80	43663.62
274.86	43642.05
274.93	43622.16
275.00	43587.31
275.07	43538.31
275.14	43503.03
275.20	43477.67
275.27	43454.78
275.34	43433.09
275.41	43419.86
275.48	43408.31
275.54	43386.37
275.61	43358.88
275.68	43337.11
275.75	43307.29
275.81	43270.96
275.88	43244.05
275.95	43220.38
276.02	43190.61
276.09	43163.25
276.15	43138.32
276.22	43108.21
276.29	43092.10
276.36	43068.63
276.42	43045.82
276.49	43017.73
276.56	42993.71
276.63	42961.17
276.70	42941.96
276.76	42925.47
276.83	42910.42
276.90	42897.35
276.97	42874.51
277.03	42852.71
277.10	42827.68
277.17	42813.28
277.24	42795.73
277.30	42785.39
277.37	42767.17
277.44	42749.59
277.51	42726.91
277.58	42697.69
277.64	42671.58
277.71	42656.04
277.78	42636.53
277.85	42611.92
277.91	42589.20
277.98	42561.96
278.05	42531.71
278.12	42516.91
278.18	42498.40
278.25	42477.76
278.32	42454.38
278.39	42432.89
278.45	42408.85
278.52	42387.66
278.59	42374.41
278.66	42360.72
278.72	42349.05
278.79	42331.51
278.86	42307.68
278.93	42293.61
278.99	42278.66
279.06	42251.19
279.13	42224.43
279.20	42210.07
279.26	42184.59
279.33	42162.89
279.40	42140.51
279.47	42117.62
279.53	42090.55
279.60	42061.96
279.67	42034.82
279.74	42010.78
279.80	41989.42
279.87	41968.46
279.94	41954.57
280.01	41939.63
280.07	41927.32
280.14	41911.32
280.21	41890.09
280.28	41857.09
280.34	41829.22
280.41	41800.62
280.48	41763.42
280.55	41733.79
280.61	41713.83
280.68	41693.22
280.75	41665.03
280.82	41640.55
280.88	41614.35
280.95	41563.49
281.02	41503.79
281.08	41432.02
281.15	41357.88
281.22	41283.19
281.29	41226.66
281.35	41166.31
281.42	41135.50
281.49	41105.21
281.56	41072.20
281.62	41045.52
281.69	41022.89
281.76	40988.72
281.82	40956.46
281.89	40924.90
281.96	40894.38
282.03	40865.31
282.09	40835.06
282.16	40811.86
282.23	40793.98
282.30	40767.81
282.36	40745.82
282.43	40728.30
282.50	40714.21
282.56	40687.67
282.63	40670.13
282.70	40648.71
282.77	40634.53
282.83	40607.51
282.90	40585.15
282.97	40557.43
283.03	40528.84
283.10	40494.43
283.17	40471.31
283.24	40454.98
283.30	40427.92
283.37	40405.48
283.44	40382.92
283.50	40350.99
283.57	40330.58
283.64	40306.73
283.71	40270.96
283.77	40226.71
283.84	40190.57
283.91	40141.16
283.97	40118.70
284.04	40129.73
284.11	40139.19
284.18	40153.38
284.24	40165.67
284.31	40171.33
284.38	40155.40
284.44	40141.98
284.51	40121.91
284.58	40103.19
284.64	40090.46
284.71	40083.01
284.78	40073.61
284.85	40063.13
284.91	40058.47
284.98	40038.69
285.05	40004.38
285.11	39988.59
285.18	39969.21
285.25	39951.79
285.31	39943.67
285.38	39956.32
285.45	39954.96
285.52	39957.65
285.58	39948.22
285.65	39930.84
285.72	39902.47
285.78	39873.91
285.85	39854.21
285.92	39843.67
285.98	39827.54
286.05	39816.55
286.12	39813.26
286.18	39806.30
286.25	39798.32
286.32	39795.30
286.39	39794.30
286.45	39787.68
286.52	39774.10
286.59	39754.99
286.65	39752.58
286.72	39742.14
286.79	39736.90
286.85	39727.27
286.92	39719.38
286.99	39711.29
287.05	39693.98
287.12	39687.31
287.19	39682.92
287.25	39681.17
287.32	39671.67
287.39	39676.43
287.45	39664.94
287.52	39664.06
287.59	39663.10
287.65	39654.27
287.72	39643.35
287.79	39635.83
287.86	39622.77
287.92	39607.52
287.99	39597.61
288.06	39590.36
288.12	39576.72
288.19	39571.30
288.26	39564.83
288.32	39553.59
288.39	39546.37
288.46	39552.02
288.52	39547.28
288.59	39552.23
288.66	39562.37
288.72	39566.60
288.79	39572.91
288.86	39579.54
288.92	39575.73
288.99	39565.52
289.06	39563.36
289.12	39551.98
289.19	39551.18
289.26	39556.89
289.32	39566.65
289.39	39564.71
289.45	39572.40
289.52	39565.56
289.59	39562.29
289.65	39563.58
289.72	39570.74
289.79	39575.69
289.85	39587.69
289.92	39596.36
289.99	39599.16
290.05	39598.21
290.12	39583.89
290.19	39580.70
290.25	39575.72
290.32	39571.88
290.39	39576.66
290.45	39589.59
290.52	39591.69
290.59	39597.81
290.65	39602.02
290.72	39596.02
290.79	39595.00
290.85	39600.73
290.92	39620.56
290.98	39635.78
291.05	39648.52
291.12	39659.45
291.18	39664.28
291.25	39658.47
291.32	39657.21
291.38	39660.97
291.45	39662.03
291.52	39661.84
291.58	39658.80
291.65	39670.65
291.72	39685.48
291.78	39704.70
291.85	39718.28
291.91	39731.57
291.98	39751.20
292.05	39756.80
292.11	39764.50
292.18	39781.38
292.25	39787.65
292.31	39774.10
292.38	39774.75
292.45	39770.17
292.51	39777.69
292.58	39788.97
292.64	39803.84
292.71	39811.76
292.78	39823.19
292.84	39819.74
292.91	39825.19
292.98	39832.37
293.04	39848.62
293.11	39854.45
293.17	39864.59
293.24	39870.38
293.31	39882.11
293.37	39888.47
293.44	39902.82
293.51	39920.72
293.57	39933.86
293.64	39938.85
293.70	39952.86
293.77	39970.79
293.84	39981.83
293.90	39992.18
293.97	40001.31
294.04	40010.07
294.10	40015.08
294.17	40024.12
294.23	40035.76
294.30	40049.46
294.37	40065.30
294.43	40078.42
294.50	40082.91
294.56	40098.79
294.63	40112.16
294.70	40120.00
294.76	40133.14
294.83	40152.97
294.90	40165.41
294.96	40178.29
295.03	40192.02
295.09	40207.05
295.16	40224.11
295.23	40226.52
295.29	40240.76
295.36	40248.69
295.42	40254.19
295.49	40256.91
295.56	40283.29
295.62	40295.99
295.69	40308.96
295.75	40324.78
295.82	40344.28
295.89	40351.05
295.95	40363.11
296.02	40376.88
296.08	40386.61
296.15	40392.77
296.22	40405.59
296.28	40422.82
296.35	40443.69
296.41	40462.91
296.48	40484.97
296.55	40505.76
296.61	40519.76
296.68	40535.00
296.74	40552.80
296.81	40577.86
296.88	40598.37
296.94	40614.82
297.01	40630.67
297.07	40642.58
297.14	40648.17
297.20	40658.39
297.27	40677.89
297.34	40697.27
297.40	40717.50
297.47	40735.78
297.53	40751.60
297.60	40770.81
297.67	40777.45
297.73	40791.85
297.80	40800.57
297.86	40807.03
297.93	40817.10
298.00	40834.98
298.06	40848.31
298.13	40874.10
298.19	40895.33
298.26	40911.27
298.32	40931.45
298.39	40945.73
298.46	40947.88
298.52	40962.50
298.59	40968.32
298.65	40979.58
298.72	40993.54
298.78	41013.90
298.85	41032.15
298.92	41048.11
298.98	41058.45
299.05	41067.30
299.11	41084.97
299.18	41088.66
299.24	41097.74
299.31	41102.13
299.38	41118.46
299.44	41116.52
299.51	41133.30
299.57	41147.78
299.64	41168.57
299.70	41175.55
299.77	41187.82
299.84	41197.64
299.90	41199.54
299.97	41199.39
300.03	41209.85
300.10	41226.26
300.16	41234.39
300.23	41250.66
300.30	41268.95
300.36	41278.66
300.43	41292.62
300.49	41301.25
300.56	41317.12
300.62	41333.29
300.69	41347.99
300.75	41355.31
300.82	41375.07
300.89	41379.39
300.95	41388.43
301.02	41389.64
301.08	41385.84
301.15	41377.17
301.21	41380.61
301.28	41381.23
301.34	41388.90
301.41	41395.27
301.48	41394.46
301.54	41390.14
301.61	41386.25
301.67	41387.33
301.74	41396.68
301.80	41405.26
301.87	41411.10
301.93	41406.77
302.00	41404.71
302.06	41391.36
302.13	41379.02
302.20	41373.32
302.26	41369.98
302.33	41359.84
302.39	41352.07
302.46	41348.07
302.52	41338.74
302.59	41336.11
302.65	41329.48
302.72	41325.77
302.78	41320.74
302.85	41321.58
302.91	41307.24
302.98	41307.35
303.05	41298.85
303.11	41297.20
303.18	41279.76
303.24	41277.81
303.31	41258.45
303.37	41248.91
303.44	41238.52
303.50	41225.69
303.57	41199.61
303.63	41183.24
303.70	41165.32
303.76	41139.03
303.83	41124.48
303.89	41115.80
303.96	41101.57
304.03	41085.53
304.09	41072.66
304.16	41051.62
304.22	41026.63
304.29	41010.19
304.35	40988.66
304.42	40970.16
304.48	40958.47
304.55	40945.93
304.61	40925.56
304.68	40912.35
304.74	40896.53
304.81	40877.95
304.87	40848.44
304.94	40819.92
305.00	40786.18
305.07	40750.89
305.13	40710.54
305.20	40682.84
305.26	40656.64
305.33	40636.53
305.39	40613.07
305.46	40582.74
305.52	40555.25
305.59	40532.21
305.66	40500.04
305.72	40466.38
305.79	40440.96
305.85	40411.04
305.92	40360.64
305.98	40251.47
306.05	40040.15
306.11	39742.61
306.18	39454.36
306.24	39268.32
306.31	39231.56
306.37	39345.24
306.44	39580.95
306.50	39814.69
306.57	39954.45
306.63	40009.51
306.70	40008.41
306.76	39972.45
306.83	39927.46
306.89	39869.37
306.96	39816.42
307.02	39770.51
307.09	39727.71
307.15	39683.92
307.22	39657.03
307.28	39617.17
307.35	39576.31
307.41	39529.47
307.48	39481.58
307.54	39431.73
307.61	39382.23
307.67	39323.11
307.74	39274.96
307.80	39233.67
307.87	39190.18
307.93	39146.04
308.00	39108.27
308.06	39072.43
308.13	39026.54
308.19	38977.16
308.26	38931.05
308.32	38891.50
308.38	38842.20
308.45	38794.96
308.51	38755.78
308.58	38700.31
308.64	38633.45
308.71	38572.55
308.77	38519.19
308.84	38460.38
308.90	38432.21
308.97	38408.60
309.03	38387.13
309.10	38348.86
309.16	38306.02
309.23	38241.79
309.29	38177.91
309.36	38092.42
309.42	38016.11
309.49	37946.17
309.55	37887.26
309.62	37824.72
309.68	37778.58
309.75	37725.18
309.81	37671.49
309.88	37610.14
309.94	37553.53
310.00	37492.71
310.07	37436.22
310.13	37388.36
310.20	37335.58
310.26	37286.77
310.33	37230.61
310.39	37182.77
310.46	37123.82
310.52	37066.32
310.59	37012.23
310.65	36967.16
310.72	36912.43
310.78	36853.56
310.85	36799.24
310.91	36742.04
310.97	36682.77
311.04	36623.45
311.10	36565.23
311.17	36516.99
311.23	36459.95
311.30	36399.91
311.36	36347.22
311.43	36306.80
311.49	36246.45
311.56	36186.37
311.62	36133.98
311.69	36070.60
311.75	36009.93
311.81	35943.43
311.88	35884.18
311.94	35828.28
312.01	35787.94
312.07	35730.63
312.14	35693.11
312.20	35644.13
312.27	35592.00
312.33	35523.14
312.40	35455.41
312.46	35387.13
312.52	35327.94
312.59	35262.44
312.65	35198.01
312.72	35132.78
312.78	35061.92
312.85	34987.63
312.91	34914.59
312.98	34846.77
313.04	34791.58
313.10	34733.85
313.17	34680.52
313.23	34633.06
313.30	34582.99
313.36	34519.66
313.43	34450.97
313.49	34385.36
313.56	34307.22
313.62	34236.91
313.68	34166.99
313.75	34114.02
313.81	34050.85
313.88	33992.53
313.94	33931.46
314.01	33878.00
314.07	33826.21
314.13	33770.51
314.20	33710.81
314.26	33650.83
314.33	33582.32
314.39	33503.94
314.46	33425.25
314.52	33357.99
314.58	33287.37
314.65	33224.27
314.71	33157.42
314.78	33101.40
314.84	33041.33
314.91	32984.21
314.97	32917.16
315.03	32856.61
315.10	32795.56
315.16	32728.11
315.23	32661.26
315.29	32596.20
315.36	32527.99
315.42	32458.45
315.48	32390.96
315.55	32323.56
315.61	32252.21
315.68	32192.17
315.74	32133.72
315.81	32071.16
315.87	32000.61
315.93	31947.31
316.00	31902.35
316.06	31855.71
316.13	31827.67
316.19	31778.92
316.25	31680.68
316.32	31519.69
316.38	31306.71
316.45	31023.26
316.51	30708.73
316.58	30375.11
316.64	30013.75
316.70	29646.58
316.77	29257.35
316.83	28845.83
316.90	28420.98
316.96	27987.49
317.02	27529.35
317.09	27069.61
317.15	26602.19
317.22	26114.78
317.28	25610.16
317.34	25095.22
317.41	24572.57
317.47	24040.51
317.54	23498.63
317.60	22949.25
317.66	22390.28
317.73	21817.88
317.79	21242.66
317.86	20666.07
317.92	20084.43
317.98	19494.73
318.05	18900.76
318.11	18303.77
318.18	17716.43
318.24	17127.07
318.30	16543.33
318.37	15961.09
318.43	15375.36
318.50	14783.90
318.56	14198.16
318.62	13627.86
318.69	13064.55
318.75	12515.51
318.82	11972.11
318.88	11449.55
318.94	10927.11
319.01	10416.78
319.07	9924.99
319.13	9444.65
319.20	8972.86
319.26	8515.55
319.33	8075.15
319.39	7635.68
319.45	7226.30
319.52	6832.19
319.58	6451.59
319.65	6085.04
319.71	5741.82
319.77	5406.43
319.84	5089.79
319.90	4793.26
319.96	4509.96
320.03	4238.75
320.09	3985.46
320.16	3739.83
320.22	3512.26
320.28	3301.62
320.35	3107.54
320.41	2926.01
320.47	2761.21
320.54	2604.33
320.60	2463.18
320.67	2332.87
320.73	2209.67
320.79	2097.20
320.86	1998.89
320.92	1904.17
320.98	1821.37
321.05	1745.43
321.11	1672.15
321.18	1604.02
321.24	1545.54
321.30	1484.94
321.37	1435.17
321.43	1395.41
321.49	1354.73
321.56	1316.75
321.62	1287.36
321.68	1251.93
321.75	1219.55
321.81	1191.47
321.88	1163.87
321.94	1138.82
322.00	1117.33
322.07	1089.81
322.13	1062.31
322.19	1031.97
322.26	998.35
322.32	969.18
322.38	943.97
322.45	923.49
322.51	898.66
322.58	879.86
322.64	851.32
322.70	826.64
322.77	794.57
322.83	773.02
322.89	741.43
322.96	715.13
323.02	687.40
323.08	659.67
323.15	630.36
323.21	606.19
323.27	582.25
323.34	557.54
323.40	533.80
323.46	508.86
323.53	477.58
323.59	402.86
323.65	301.82
323.72	188.34
323.78	79.72
323.85	-18.90
323.91	-67.87
323.97	-85.93
324.04	-86.39
