180.21	3395.92
180.28	-120.56
180.36	623.43
180.44	-54.52
180.51	-28.32
180.59	-9.31
180.66	13.18
180.74	12.83
180.81	13.00
180.89	15.10
180.97	16.29
181.04	14.91
181.12	14.03
181.19	14.90
181.27	15.75
181.34	29.19
181.42	35.23
181.50	41.41
181.57	50.42
181.65	54.93
181.72	50.34
181.80	47.10
181.87	48.55
181.95	50.19
182.03	52.47
182.10	58.33
182.18	64.77
182.25	74.86
182.33	83.69
182.40	98.54
182.48	104.63
182.55	124.23
182.63	138.81
182.71	152.53
182.78	168.13
182.86	184.21
182.93	181.03
183.01	172.74
183.08	159.24
183.16	147.30
183.23	135.90
183.31	146.38
183.39	162.60
183.46	192.79
183.54	218.00
183.61	258.31
183.69	293.38
183.76	341.04
183.84	383.19
183.91	427.95
183.99	481.35
184.06	524.24
184.14	569.62
184.22	623.42
184.29	656.09
184.37	667.37
184.44	676.40
184.52	636.03
184.59	546.63
184.67	467.68
184.74	396.60
184.82	351.26
184.89	357.23
184.97	421.46
185.04	510.28
185.12	600.13
185.20	697.77
185.27	791.67
185.35	890.46
185.42	958.35
185.50	1030.58
185.57	1090.75
185.65	1138.68
185.72	1191.44
185.80	1274.68
185.87	1340.37
185.95	1426.23
186.02	1539.41
186.10	1592.26
186.17	1594.07
186.25	1528.28
186.33	1336.85
186.40	1113.36
186.48	956.64
186.55	874.08
186.63	894.87
186.70	1042.99
186.78	1217.04
186.85	1370.18
186.93	1500.89
187.00	1620.71
187.08	1743.71
187.15	1862.90
187.23	1998.07
187.30	2128.94
187.38	2245.23
187.45	2373.42
187.53	2501.80
187.60	2586.74
187.68	2700.24
187.75	2827.79
187.83	2893.57
187.90	2962.25
187.98	3046.32
188.05	3017.00
188.13	2824.54
188.21	2538.75
188.28	2247.41
188.36	1983.69
188.43	1833.68
188.51	1886.47
188.58	2095.05
188.66	2311.13
188.73	2525.68
188.81	2734.97
188.88	2906.38
188.96	3066.32
189.03	3211.52
189.11	3362.08
189.18	3494.91
189.26	3608.94
189.33	3730.12
189.41	3854.62
189.48	3937.39
189.56	4038.28
189.63	4149.33
189.71	4203.41
189.78	4267.87
189.86	4350.22
189.93	4382.19
190.01	4365.39
190.08	4289.13
190.16	4041.48
190.23	3664.13
190.31	3334.68
190.38	3110.44
190.46	3015.60
190.53	3115.26
190.61	3371.27
190.68	3623.84
190.76	3847.12
190.83	4037.17
190.91	4206.30
190.98	4371.51
191.06	4518.42
191.13	4662.73
191.21	4792.71
191.28	4906.91
191.35	5022.38
191.43	5127.74
191.50	5204.29
191.58	5295.36
191.65	5379.79
191.73	5425.08
191.80	5477.55
191.88	5512.90
191.95	5509.80
192.03	5517.72
192.10	5536.90
192.18	5540.09
192.25	5502.00
192.33	5361.11
192.40	5110.17
192.48	4855.57
192.55	4658.95
192.63	4555.56
192.70	4618.84
192.78	4815.94
192.85	5045.15
192.93	5253.49
193.00	5437.43
193.08	5591.93
193.15	5742.23
193.22	5860.54
193.30	5965.86
193.37	6069.63
193.45	6146.00
193.52	6215.97
193.60	6287.40
193.67	6339.86
193.75	6385.92
193.82	6435.65
193.90	6454.60
193.97	6475.42
194.05	6504.23
194.12	6520.69
194.20	6551.92
194.27	6595.85
194.34	6635.45
194.42	6664.70
194.49	6698.80
194.57	6709.65
194.64	6661.57
194.72	6561.36
194.79	6462.67
194.87	6386.60
194.94	6346.21
195.02	6376.47
195.09	6471.80
195.17	6587.86
195.24	6689.13
195.31	6779.84
195.39	6857.48
195.46	6930.39
195.54	6993.83
195.61	7054.68
195.69	7100.88
195.76	7146.49
195.84	7191.22
195.91	7219.10
195.99	7237.98
196.06	7258.56
196.13	7276.22
196.21	7286.09
196.28	7306.07
196.36	7336.78
196.43	7368.04
196.51	7403.55
196.58	7440.53
196.66	7472.19
196.73	7495.50
196.80	7520.25
196.88	7539.24
196.95	7560.64
197.03	7577.16
197.10	7578.35
197.18	7563.96
197.25	7550.39
197.33	7545.38
197.40	7554.63
197.47	7574.38
197.55	7615.95
197.62	7657.57
197.70	7692.29
197.77	7727.53
197.85	7768.71
197.92	7799.86
197.99	7834.98
198.07	7865.69
198.14	7890.59
198.22	7915.09
198.29	7941.09
198.37	7961.68
198.44	7985.08
198.51	8006.45
198.59	8027.74
198.66	8054.86
198.74	8086.54
198.81	8115.72
198.89	8142.39
198.96	8170.39
199.03	8195.31
199.11	8226.09
199.18	8253.60
199.26	8280.45
199.33	8307.54
199.41	8333.29
199.48	8349.03
199.55	8367.53
199.63	8381.63
199.70	8406.58
199.78	8423.22
199.85	8438.43
199.93	8455.83
200.00	8491.11
200.07	8511.64
200.15	8546.03
200.22	8587.07
200.30	8623.79
200.37	8653.72
200.44	8688.54
200.52	8722.64
200.59	8756.46
200.67	8784.14
200.74	8808.26
200.81	8829.14
200.89	8847.61
200.96	8869.68
201.04	8898.94
201.11	8930.04
201.19	8967.89
201.26	9000.71
201.33	9029.05
201.41	9059.46
201.48	9096.30
201.56	9126.62
201.63	9172.20
201.70	9211.71
201.78	9247.79
201.85	9286.65
201.93	9329.37
202.00	9359.03
202.07	9397.04
202.15	9440.16
202.22	9476.39
202.30	9513.69
202.37	9549.99
202.44	9587.34
202.52	9621.64
202.59	9658.05
202.67	9687.79
202.74	9726.51
202.81	9761.13
202.89	9793.93
202.96	9834.72
203.04	9886.85
203.11	9928.90
203.18	9978.22
203.26	10031.90
203.33	10078.22
203.41	10115.43
203.48	10166.63
203.55	10206.10
203.63	10250.76
203.70	10297.63
203.77	10344.92
203.85	10390.66
203.92	10441.64
204.00	10492.91
204.07	10542.62
204.14	10594.43
204.22	10637.86
204.29	10683.79
204.37	10728.71
204.44	10774.77
204.51	10826.23
204.59	10882.25
204.66	10938.88
204.73	10994.37
204.81	11051.04
204.88	11109.92
204.96	11167.60
205.03	11227.52
205.10	11287.51
205.18	11345.50
205.25	11400.33
205.32	11462.28
205.40	11521.72
205.47	11577.85
205.55	11635.79
205.62	11699.47
205.69	11761.68
205.77	11824.45
205.84	11894.52
205.91	11966.86
205.99	12035.64
206.06	12098.19
206.14	12163.01
206.21	12229.73
206.28	12289.10
206.36	12354.50
206.43	12423.56
206.50	12496.44
206.58	12563.17
206.65	12639.95
206.72	12710.61
206.80	12784.74
206.87	12856.63
206.95	12937.35
207.02	13014.35
207.09	13094.21
207.17	13177.19
207.24	13258.48
207.31	13337.67
207.39	13416.50
207.46	13500.10
207.53	13578.91
207.61	13658.44
207.68	13738.95
207.75	13826.65
207.83	13907.19
207.90	13986.88
207.98	14068.49
208.05	14152.54
208.12	14233.13
208.20	14319.64
208.27	14407.49
208.34	14495.99
208.42	14580.60
208.49	14668.88
208.56	14751.69
208.64	14841.41
208.71	14932.95
208.78	15028.69
208.86	15128.98
208.93	15230.43
209.00	15324.92
209.08	15419.60
209.15	15515.31
209.22	15604.22
209.30	15701.45
209.37	15805.28
209.44	15913.13
209.52	16014.51
209.59	16112.55
209.67	16214.20
209.74	16306.33
209.81	16404.01
209.89	16500.68
209.96	16611.57
210.03	16715.59
210.11	16825.64
210.18	16927.74
210.25	17037.09
210.33	17134.54
210.40	17238.37
210.47	17347.49
210.55	17464.00
210.62	17574.94
210.69	17680.56
210.77	17793.27
210.84	17906.64
210.91	18022.76
210.99	18136.43
211.06	18265.52
211.13	18378.47
211.21	18495.86
211.28	18604.89
211.35	18724.13
211.42	18844.69
211.50	18970.88
211.57	19087.49
211.64	19209.31
211.72	19326.53
211.79	19442.86
211.86	19555.26
211.94	19681.52
212.01	19801.96
212.08	19926.93
212.16	20043.39
212.23	20168.88
212.30	20291.19
212.38	20413.46
212.45	20544.85
212.52	20677.47
212.60	20809.56
212.67	20938.65
212.74	21071.81
212.82	21195.70
212.89	21322.75
212.96	21444.86
213.03	21564.46
213.11	21691.39
213.18	21818.60
213.25	21943.67
213.33	22071.82
213.40	22205.70
213.47	22332.84
213.55	22466.89
213.62	22604.99
213.69	22739.52
213.77	22873.04
213.84	23011.08
213.91	23150.22
213.98	23292.15
214.06	23437.09
214.13	23584.30
214.20	23730.29
214.28	23874.24
214.35	24015.34
214.42	24155.23
214.50	24290.44
214.57	24423.31
214.64	24550.37
214.72	24682.87
214.79	24819.08
214.86	24955.11
214.93	25097.60
215.01	25245.43
215.08	25383.50
215.15	25523.06
215.23	25659.28
215.30	25796.89
215.37	25935.24
215.44	26084.30
215.52	26227.42
215.59	26380.26
215.66	26519.09
215.74	26654.65
215.81	26786.92
215.88	26932.68
215.95	27066.00
216.03	27204.67
216.10	27346.76
216.17	27492.93
216.25	27631.79
216.32	27779.65
216.39	27934.36
216.46	28089.41
216.54	28237.69
216.61	28384.15
216.68	28519.86
216.76	28658.28
216.83	28792.91
216.90	28930.80
216.97	29081.44
217.05	29237.74
217.12	29381.43
217.19	29526.61
217.27	29667.43
217.34	29792.00
217.41	29914.87
217.48	30035.08
217.56	30159.22
217.63	30298.43
217.70	30442.42
217.78	30594.04
217.85	30750.72
217.92	30909.09
217.99	31056.91
218.07	31197.34
218.14	31341.61
218.21	31491.52
218.28	31632.71
218.36	31772.76
218.43	31920.98
218.50	32063.34
218.57	32205.24
218.65	32344.53
218.72	32480.71
218.79	32613.90
218.87	32748.01
218.94	32881.99
219.01	33017.30
219.08	33151.91
219.16	33293.40
219.23	33433.59
219.30	33572.16
219.37	33711.82
219.45	33850.33
219.52	33989.11
219.59	34118.06
219.66	34243.56
219.74	34370.97
219.81	34516.13
219.88	34643.42
219.95	34785.95
220.03	34922.59
220.10	35061.41
220.17	35191.40
220.24	35326.71
220.32	35453.71
220.39	35581.19
220.46	35702.42
220.53	35822.42
220.61	35947.33
220.68	36067.95
220.75	36188.36
220.82	36322.99
220.90	36442.94
220.97	36565.89
221.04	36683.17
221.11	36802.82
221.19	36914.55
221.26	37032.69
221.33	37156.44
221.40	37289.74
221.48	37418.00
221.55	37537.66
221.62	37650.10
221.69	37758.85
221.77	37873.04
221.84	37996.34
221.91	38115.81
221.98	38241.19
222.06	38363.08
222.13	38480.01
222.20	38584.84
222.27	38699.59
222.35	38812.59
222.42	38927.74
222.49	39037.57
222.56	39155.66
222.63	39269.34
222.71	39381.19
222.78	39485.31
222.85	39590.63
222.92	39701.74
223.00	39802.12
223.07	39912.41
223.14	40017.86
223.21	40119.62
223.29	40212.51
223.36	40320.27
223.43	40420.74
223.50	40524.77
223.57	40636.60
223.65	40760.50
223.72	40875.25
223.79	40984.97
223.86	41085.36
223.94	41183.19
224.01	41259.01
224.08	41336.07
224.15	41419.99
224.22	41512.52
224.30	41594.19
224.37	41691.29
224.44	41797.18
224.51	41888.70
224.59	41969.02
224.66	42057.12
224.73	42140.68
224.80	42220.26
224.87	42315.38
224.95	42421.91
225.02	42529.58
225.09	42630.19
225.16	42727.05
225.23	42820.98
225.31	42915.18
225.38	42999.79
225.45	43085.97
225.52	43170.84
225.60	43249.14
225.67	43320.18
225.74	43391.75
225.81	43472.43
225.88	43556.10
225.96	43638.90
226.03	43714.72
226.10	43796.54
226.17	43867.72
226.24	43937.04
226.32	44012.96
226.39	44098.92
226.46	44169.85
226.53	44245.22
226.60	44328.19
226.68	44411.13
226.75	44496.53
226.82	44592.13
226.89	44684.42
226.96	44758.98
227.04	44814.94
227.11	44865.51
227.18	44913.80
227.25	44962.79
227.32	45012.51
227.40	45083.93
227.47	45153.60
227.54	45234.59
227.61	45313.16
227.68	45396.55
227.76	45473.82
227.83	45548.20
227.90	45618.35
227.97	45681.95
228.04	45748.28
228.11	45800.92
228.19	45852.32
228.26	45896.77
228.33	45946.42
228.40	45989.98
228.47	46047.28
228.55	46108.49
228.62	46170.19
228.69	46238.31
228.76	46305.21
228.83	46365.55
228.90	46424.12
228.98	46481.13
229.05	46542.25
229.12	46609.48
229.19	46674.73
229.26	46738.13
229.34	46791.77
229.41	46839.38
229.48	46875.62
229.55	46917.20
229.62	46971.29
229.69	47035.15
229.77	47094.38
229.84	47161.67
229.91	47220.11
229.98	47262.84
230.05	47304.68
230.12	47342.87
230.20	47386.44
230.27	47431.98
230.34	47489.27
230.41	47547.89
230.48	47609.51
230.55	47664.97
230.63	47723.41
230.70	47781.49
230.77	47832.69
230.84	47880.60
230.91	47914.74
230.98	47951.27
231.06	47985.41
231.13	48033.18
231.20	48090.24
231.27	48155.77
231.34	48222.25
231.41	48284.39
231.49	48328.34
231.56	48369.02
231.63	48416.88
231.70	48452.99
231.77	48492.85
231.84	48532.18
231.92	48559.62
231.99	48590.87
232.06	48620.22
232.13	48650.89
232.20	48694.83
232.27	48745.78
232.34	48784.53
232.42	48818.60
232.49	48849.13
232.56	48874.20
232.63	48904.56
232.70	48931.85
232.77	48980.18
232.85	49024.80
232.92	49071.14
232.99	49105.10
233.06	49138.08
233.13	49162.79
233.20	49182.33
233.27	49195.93
233.35	49211.17
233.42	49228.13
233.49	49244.74
233.56	49270.28
233.63	49300.35
233.70	49335.41
233.77	49373.91
233.85	49408.54
233.92	49449.99
233.99	49485.65
234.06	49521.20
234.13	49544.43
234.20	49573.07
234.27	49587.93
234.35	49607.30
234.42	49618.15
234.49	49631.34
234.56	49640.23
234.63	49656.47
234.70	49671.44
234.77	49679.56
234.84	49695.99
234.92	49707.74
234.99	49716.25
235.06	49725.03
235.13	49733.24
235.20	49742.69
235.27	49757.71
235.34	49764.59
235.41	49768.78
235.49	49785.69
235.56	49802.40
235.63	49813.70
235.70	49823.49
235.77	49833.67
235.84	49836.39
235.91	49825.58
235.98	49819.10
236.06	49809.90
236.13	49799.59
236.20	49790.66
236.27	49773.20
236.34	49756.39
236.41	49736.85
236.48	49723.96
236.55	49714.89
236.63	49715.58
236.70	49701.60
236.77	49706.79
236.84	49714.51
236.91	49725.87
236.98	49736.16
237.05	49759.10
237.12	49760.15
237.19	49755.38
237.27	49751.55
237.34	49747.95
237.41	49744.68
237.48	49739.70
237.55	49729.77
237.62	49716.24
237.69	49711.75
237.76	49707.92
237.83	49718.08
237.91	49728.54
237.98	49736.95
238.05	49733.38
238.12	49728.50
238.19	49717.89
238.26	49716.31
238.33	49703.82
238.40	49692.04
238.47	49671.70
238.54	49660.30
238.62	49638.64
238.69	49626.68
238.76	49622.24
238.83	49619.83
238.90	49614.72
238.97	49604.18
239.04	49601.71
239.11	49592.33
239.18	49595.88
239.25	49588.77
239.33	49575.32
239.40	49555.03
239.47	49529.84
239.54	49493.41
239.61	49462.57
239.68	49429.34
239.75	49411.65
239.82	49402.40
239.89	49395.40
239.96	49397.87
240.03	49409.74
240.11	49408.62
240.18	49398.33
240.25	49392.85
240.32	49374.31
240.39	49357.27
240.46	49338.34
240.53	49341.50
240.60	49340.47
240.67	49338.12
240.74	49336.14
240.81	49331.27
240.88	49314.09
240.96	49298.79
241.03	49290.94
241.10	49283.19
241.17	49276.98
241.24	49276.17
241.31	49275.61
241.38	49259.90
241.45	49241.37
241.52	49229.68
241.59	49215.53
241.66	49199.23
241.73	49194.17
241.80	49191.82
241.88	49181.88
241.95	49171.93
242.02	49145.48
242.09	49115.97
242.16	49095.39
242.23	49080.28
242.30	49062.67
242.37	49060.26
242.44	49073.26
242.51	49064.91
242.58	49062.92
242.65	49065.16
242.72	49060.01
242.79	49039.06
242.87	49040.99
242.94	49025.79
243.01	49019.79
243.08	49030.13
243.15	49043.31
243.22	49039.60
243.29	49044.74
243.36	49035.39
243.43	49026.55
243.50	49027.01
243.57	49047.74
243.64	49056.10
243.71	49069.21
243.78	49070.67
243.85	49066.29
243.92	49049.80
243.99	49048.74
244.07	49038.04
244.14	49029.93
244.21	49022.28
244.28	49013.81
244.35	48997.40
244.42	48986.90
244.49	48979.57
244.56	48978.98
244.63	48987.80
244.70	48980.51
244.77	48979.48
244.84	48982.27
244.91	48991.67
244.98	48996.90
245.05	49028.28
245.12	49052.84
245.19	49074.66
245.26	49080.10
245.33	49092.74
245.40	49114.52
245.47	49138.34
245.55	49155.17
245.62	49172.09
245.69	49171.44
245.76	49165.89
245.83	49164.81
245.90	49160.93
245.97	49162.33
246.04	49172.54
246.11	49179.12
246.18	49186.47
246.25	49197.06
246.32	49197.82
246.39	49200.06
246.46	49198.43
246.53	49198.71
246.60	49205.13
246.67	49229.19
246.74	49251.75
246.81	49271.09
246.88	49289.44
246.95	49308.01
247.02	49326.76
247.09	49340.12
247.16	49348.72
247.23	49346.79
247.30	49338.90
247.37	49321.48
247.44	49331.99
247.51	49343.63
247.58	49373.48
247.66	49409.74
247.73	49457.95
247.80	49479.85
247.87	49507.07
247.94	49529.25
248.01	49559.88
248.08	49577.42
248.15	49598.33
248.22	49624.64
248.29	49650.05
248.36	49664.24
248.43	49680.51
248.50	49700.93
248.57	49714.91
248.64	49717.25
248.71	49729.27
248.78	49748.11
248.85	49762.58
248.92	49784.42
248.99	49807.95
249.06	49818.43
249.13	49830.05
249.20	49855.98
249.27	49868.97
249.34	49885.59
249.41	49891.57
249.48	49881.03
249.55	49860.08
249.62	49854.84
249.69	49861.19
249.76	49891.28
249.83	49931.68
249.90	49974.40
249.97	50014.92
250.04	50054.17
250.11	50093.76
250.18	50129.39
250.25	50152.80
250.32	50167.88
250.39	50177.15
250.46	50178.62
250.53	50192.72
250.60	50212.37
250.67	50237.85
250.74	50258.64
250.81	50273.86
250.88	50283.21
250.95	50296.22
251.02	50308.89
251.09	50329.54
251.16	50358.83
251.23	50376.96
251.30	50390.80
251.37	50402.99
251.44	50405.47
251.51	50415.20
251.58	50434.05
251.65	50448.56
251.72	50459.64
251.79	50481.20
251.86	50487.25
251.93	50497.07
252.00	50508.04
252.07	50519.43
252.14	50527.86
252.21	50532.97
252.28	50533.11
252.35	50543.65
252.42	50568.23
252.49	50582.34
252.56	50596.56
252.63	50603.08
252.70	50603.80
252.77	50598.64
252.84	50596.89
252.91	50602.10
252.98	50626.21
253.05	50647.67
253.12	50652.29
253.19	50663.34
253.25	50678.09
253.32	50681.47
253.39	50699.05
253.46	50724.13
253.53	50747.08
253.60	50759.23
253.67	50770.57
253.74	50774.83
253.81	50793.29
253.88	50798.99
253.95	50815.22
254.02	50834.51
254.09	50851.81
254.16	50852.15
254.23	50860.38
254.30	50866.37
254.37	50870.12
254.44	50878.57
254.51	50886.18
254.58	50893.50
254.65	50899.95
254.72	50902.98
254.79	50894.54
254.86	50901.20
254.93	50897.54
255.00	50895.82
255.07	50896.09
255.14	50906.54
255.21	50894.50
255.28	50890.37
255.34	50873.94
255.41	50866.45
255.48	50851.82
255.55	50848.36
255.62	50850.59
255.69	50865.01
255.76	50869.77
255.83	50878.94
255.90	50889.44
255.97	50904.81
256.04	50901.14
256.11	50898.69
256.18	50891.53
256.25	50879.70
256.32	50866.24
256.39	50866.21
256.46	50866.68
256.53	50866.65
256.60	50865.59
256.67	50864.33
256.74	50864.34
256.80	50859.84
256.87	50858.79
256.94	50859.82
257.01	50859.16
257.08	50857.24
257.15	50846.25
257.22	50833.64
257.29	50809.41
257.36	50783.79
257.43	50756.55
257.50	50751.92
257.57	50741.69
257.64	50744.76
257.71	50739.19
257.78	50734.25
257.85	50714.45
257.92	50701.94
257.98	50689.31
258.05	50676.16
258.12	50656.21
258.19	50636.08
258.26	50606.72
258.33	50571.41
258.40	50560.70
258.47	50554.33
258.54	50553.64
258.61	50562.33
258.68	50569.50
258.75	50554.88
258.82	50540.64
258.89	50514.69
258.95	50490.99
259.02	50476.71
259.09	50456.54
259.16	50436.16
259.23	50417.50
259.30	50387.64
259.37	50354.39
259.44	50338.79
259.51	50319.45
259.58	50310.18
259.65	50291.48
259.72	50273.93
259.79	50242.92
259.85	50218.86
259.92	50178.68
259.99	50158.32
260.06	50136.17
260.13	50108.38
260.20	50072.15
260.27	50039.54
260.34	49997.62
260.41	49958.41
260.48	49933.16
260.55	49916.66
260.62	49910.00
260.68	49900.65
260.75	49877.51
260.82	49856.55
260.89	49833.91
260.96	49804.26
261.03	49781.63
261.10	49760.85
261.17	49734.09
261.24	49700.16
261.31	49670.97
261.38	49639.53
261.44	49611.79
261.51	49575.35
261.58	49540.39
261.65	49500.16
261.72	49453.79
261.79	49407.76
261.86	49368.57
261.93	49341.26
262.00	49314.41
262.07	49284.22
262.13	49258.29
262.20	49229.80
262.27	49182.14
262.34	49147.91
262.41	49121.50
262.48	49092.60
262.55	49061.57
262.62	49032.39
262.69	48989.53
262.76	48956.57
262.82	48915.59
262.89	48883.93
262.96	48859.95
263.03	48833.41
263.10	48792.07
263.17	48756.21
263.24	48715.10
263.31	48674.02
263.38	48636.06
263.44	48608.16
263.51	48573.14
263.58	48529.41
263.65	48487.82
263.72	48438.14
263.79	48388.19
263.86	48341.57
263.93	48305.91
264.00	48270.44
264.06	48239.16
264.13	48205.19
264.20	48179.06
264.27	48141.38
264.34	48089.78
264.41	48046.99
264.48	48002.21
264.55	47957.38
264.61	47911.94
264.68	47876.57
264.75	47836.81
264.82	47787.63
264.89	47741.35
264.96	47705.90
265.03	47663.71
265.10	47625.18
265.16	47592.44
265.23	47561.21
265.30	47530.08
265.37	47500.26
265.44	47462.31
265.51	47424.06
265.58	47379.15
265.65	47317.48
265.71	47268.09
265.78	47221.52
265.85	47178.01
265.92	47129.13
265.99	47091.84
266.06	47053.26
266.13	47009.15
266.20	46969.04
266.26	46937.69
266.33	46899.49
266.40	46850.43
266.47	46800.93
266.54	46739.83
266.61	46676.67
266.68	46620.07
266.74	46567.05
266.81	46515.05
266.88	46466.56
266.95	46411.64
267.02	46366.50
267.09	46322.61
267.16	46285.14
267.22	46244.72
267.29	46216.15
267.36	46173.59
267.43	46135.53
267.50	46093.16
267.57	46065.19
267.64	46028.13
267.70	45999.09
267.77	45958.64
267.84	45929.05
267.91	45876.97
267.98	45823.83
268.05	45768.89
268.11	45721.39
268.18	45667.21
268.25	45627.40
268.32	45589.88
268.39	45552.03
268.46	45512.11
268.53	45471.22
268.59	45430.78
268.66	45397.62
268.73	45358.87
268.80	45321.71
268.87	45273.72
268.94	45225.53
269.00	45178.45
269.07	45140.39
269.14	45113.36
269.21	45092.92
269.28	45063.76
269.35	45025.28
269.41	44982.78
269.48	44926.15
269.55	44861.91
269.62	44806.78
269.69	44761.12
269.76	44713.10
269.82	44667.47
269.89	44649.01
269.96	44628.26
270.03	44595.89
270.10	44564.49
270.17	44530.32
270.23	44476.87
270.30	44434.89
270.37	44403.51
270.44	44377.31
270.51	44345.76
270.58	44320.35
270.64	44293.77
270.71	44256.19
270.78	44222.29
270.85	44192.34
270.92	44157.85
270.99	44124.92
271.05	44091.97
271.12	44049.11
271.19	44012.12
271.26	43970.45
271.33	43919.14
271.39	43877.19
271.46	43833.29
271.53	43796.94
271.60	43777.44
271.67	43757.03
271.74	43728.19
271.80	43704.54
271.87	43683.44
271.94	43650.51
272.01	43618.41
272.08	43594.19
272.14	43567.82
272.21	43535.68
272.28	43511.75
272.35	43488.07
272.42	43460.24
272.48	43439.34
272.55	43413.21
272.62	43388.97
272.69	43370.26
272.76	43353.73
272.83	43329.45
272.89	43301.91
272.96	43264.82
273.03	43230.87
273.10	43192.74
273.17	43161.86
273.23	43138.89
273.30	43125.05
273.37	43101.85
273.44	43086.02
273.51	43064.69
273.57	43046.86
273.64	43023.52
273.71	43001.07
273.78	42969.41
273.85	42952.53
273.91	42927.94
273.98	42913.78
274.05	42896.59
274.12	42887.94
274.19	42869.74
274.25	42852.62
274.32	42816.50
274.39	42781.65
274.46	42740.36
274.53	42692.65
274.59	42641.80
274.66	42614.32
274.73	42595.43
274.80	42566.46
274.86	42546.23
274.93	42536.04
275.00	42502.14
275.07	42461.63
275.14	42437.74
275.20	42405.09
275.27	42372.98
275.34	42347.19
275.41	42328.11
275.48	42311.17
275.54	42300.48
275.61	42279.92
275.68	42263.59
275.75	42242.70
275.81	42214.92
275.88	42189.16
275.95	42167.02
276.02	42141.29
276.09	42115.49
276.15	42085.30
276.22	42057.95
276.29	42038.75
276.36	42015.96
276.42	41990.27
276.49	41967.62
276.56	41938.05
276.63	41907.17
276.70	41883.16
276.76	41870.00
276.83	41855.20
276.90	41842.75
276.97	41823.32
277.03	41806.89
277.10	41779.09
277.17	41762.12
277.24	41746.86
277.30	41734.39
277.37	41713.14
277.44	41702.44
277.51	41683.08
277.58	41656.39
277.64	41628.84
277.71	41610.38
277.78	41585.09
277.85	41562.69
277.91	41538.73
277.98	41517.84
278.05	41491.03
278.12	41470.48
278.18	41442.06
278.25	41424.45
278.32	41405.09
278.39	41392.09
278.45	41373.42
278.52	41355.13
278.59	41329.54
278.66	41311.37
278.72	41291.20
278.79	41270.73
278.86	41259.00
278.93	41257.89
278.99	41243.78
279.06	41225.22
279.13	41198.82
279.20	41186.61
279.26	41162.85
279.33	41139.87
279.40	41115.29
279.47	41099.19
279.53	41067.96
279.60	41040.95
279.67	41008.39
279.74	40980.45
279.80	40964.50
279.87	40950.27
279.94	40935.58
280.01	40929.61
280.07	40917.22
280.14	40894.84
280.21	40866.11
280.28	40835.46
280.34	40803.88
280.41	40778.97
280.48	40750.96
280.55	40727.41
280.61	40709.38
280.68	40685.62
280.75	40660.20
280.82	40630.90
280.88	40601.24
280.95	40546.69
281.02	40488.57
281.08	40419.40
281.15	40351.25
281.22	40282.56
281.29	40228.63
281.35	40178.08
281.42	40140.95
281.49	40107.80
281.56	40075.35
281.62	40048.14
281.69	40020.39
281.76	39991.17
281.82	39961.10
281.89	39933.28
281.96	39905.03
282.03	39881.40
282.09	39858.65
282.16	39834.09
282.23	39809.31
282.30	39780.98
282.36	39756.23
282.43	39730.43
282.50	39719.41
282.56	39692.35
282.63	39673.60
282.70	39655.96
282.77	39647.50
282.83	39615.64
282.90	39601.79
282.97	39583.31
283.03	39557.43
283.10	39532.83
283.17	39517.30
283.24	39488.99
283.30	39458.19
283.37	39436.63
283.44	39402.78
283.50	39370.50
283.57	39353.44
283.64	39337.42
283.71	39308.52
283.77	39278.92
283.84	39249.73
283.91	39201.64
283.97	39162.10
284.04	39151.79
284.11	39149.45
284.18	39154.13
284.24	39176.84
284.31	39193.74
284.38	39194.98
284.44	39181.93
284.51	39165.63
284.58	39149.21
284.64	39137.20
284.71	39126.60
284.78	39121.49
284.85	39111.45
284.91	39098.42
284.98	39081.70
285.05	39053.87
285.11	39033.61
285.18	39016.88
285.25	38998.61
285.31	38990.50
285.38	38989.83
285.45	38987.82
285.52	38982.87
285.58	38977.15
285.65	38962.61
285.72	38943.33
285.78	38927.79
285.85	38919.53
285.92	38903.01
285.98	38887.21
286.05	38877.04
286.12	38862.22
286.18	38848.83
286.25	38849.69
286.32	38845.21
286.39	38842.63
286.45	38841.45
286.52	38832.96
286.59	38815.79
286.65	38806.40
286.72	38803.27
286.79	38794.79
286.85	38776.23
286.92	38769.51
286.99	38763.55
287.05	38746.91
287.12	38736.86
287.19	38733.94
287.25	38730.28
287.32	38727.65
287.39	38731.14
287.45	38731.76
287.52	38736.92
287.59	38737.44
287.65	38735.71
287.72	38724.56
287.79	38717.89
287.86	38703.80
287.92	38694.71
287.99	38685.98
288.06	38680.98
288.12	38665.52
288.19	38665.06
288.26	38649.36
288.32	38634.21
288.39	38620.19
288.46	38622.89
288.52	38622.49
288.59	38629.04
288.66	38634.52
288.72	38643.95
288.79	38646.39
288.86	38646.63
288.92	38650.43
288.99	38646.94
289.06	38644.54
289.12	38641.83
289.19	38643.52
289.26	38645.18
289.32	38649.40
289.39	38652.03
289.45	38656.23
289.52	38643.90
289.59	38638.45
289.65	38645.01
289.72	38648.80
289.79	38657.45
289.85	38681.08
289.92	38693.73
289.99	38702.55
290.05	38702.63
290.12	38691.13
290.19	38679.75
290.25	38670.83
290.32	38663.10
290.39	38671.10
290.45	38681.51
290.52	38686.08
290.59	38693.19
290.65	38692.79
290.72	38687.09
290.79	38689.72
290.85	38698.91
290.92	38715.57
290.98	38731.10
291.05	38745.51
291.12	38749.90
291.18	38753.64
291.25	38750.32
291.32	38751.02
291.38	38747.37
291.45	38751.03
291.52	38748.56
291.58	38749.83
291.65	38755.09
291.72	38769.94
291.78	38788.70
291.85	38806.37
291.91	38822.26
291.98	38846.85
292.05	38861.52
292.11	38869.54
292.18	38884.74
292.25	38889.57
292.31	38880.75
292.38	38885.76
292.45	38887.15
292.51	38891.93
292.58	38899.15
292.64	38913.88
292.71	38919.39
292.78	38935.33
292.84	38935.02
292.91	38946.91
292.98	38952.46
293.04	38961.82
293.11	38965.88
293.17	38975.82
293.24	38989.47
293.31	39008.87
293.37	39027.08
293.44	39037.25
293.51	39053.55
293.57	39061.30
293.64	39064.11
293.70	39072.10
293.77	39088.59
293.84	39102.94
293.90	39113.45
293.97	39125.92
294.04	39137.64
294.10	39145.99
294.17	39156.85
294.23	39172.13
294.30	39181.15
294.37	39189.77
294.43	39212.01
294.50	39222.09
294.56	39235.03
294.63	39246.59
294.70	39262.35
294.76	39262.08
294.83	39280.58
294.90	39287.64
294.96	39305.55
295.03	39319.57
295.09	39343.26
295.16	39355.58
295.23	39373.23
295.29	39385.06
295.36	39392.08
295.42	39393.89
295.49	39402.93
295.56	39425.58
295.62	39444.52
295.69	39461.27
295.75	39481.57
295.82	39498.90
295.89	39509.31
295.95	39521.86
296.02	39532.64
296.08	39538.66
296.15	39543.46
296.22	39550.05
296.28	39563.09
296.35	39587.59
296.41	39604.54
296.48	39628.41
296.55	39649.41
296.61	39664.01
296.68	39677.94
296.74	39703.41
296.81	39728.79
296.88	39745.05
296.94	39771.77
297.01	39787.79
297.07	39803.29
297.14	39814.32
297.20	39831.70
297.27	39836.80
297.34	39856.02
297.40	39875.46
297.47	39885.54
297.53	39901.09
297.60	39928.42
297.67	39941.36
297.73	39958.57
297.80	39980.48
297.86	39997.32
297.93	40004.88
298.00	40024.49
298.06	40034.75
298.13	40055.14
298.19	40074.27
298.26	40087.97
298.32	40105.07
298.39	40123.04
298.46	40129.21
298.52	40144.49
298.59	40158.39
298.65	40162.83
298.72	40174.31
298.78	40191.60
298.85	40201.84
298.92	40222.30
298.98	40246.64
299.05	40266.46
299.11	40284.52
299.18	40298.41
299.24	40313.65
299.31	40324.32
299.38	40335.45
299.44	40336.73
299.51	40349.72
299.57	40361.63
299.64	40375.76
299.70	40383.04
299.77	40403.51
299.84	40410.50
299.90	40410.57
299.97	40407.12
300.03	40418.70
300.10	40436.29
300.16	40456.30
300.23	40475.40
300.30	40503.80
300.36	40510.25
300.43	40524.77
300.49	40532.58
300.56	40553.17
300.62	40569.57
300.69	40596.92
300.75	40602.89
300.82	40619.26
300.89	40629.66
300.95	40640.47
301.02	40637.07
301.08	40638.56
301.15	40640.12
301.21	40640.76
301.28	40635.12
301.34	40650.94
301.41	40657.02
301.48	40657.95
301.54	40655.39
301.61	40658.54
301.67	40654.78
301.74	40670.19
301.80	40677.22
301.87	40683.39
301.93	40686.13
302.00	40692.80
302.06	40679.99
302.13	40675.71
302.20	40680.33
302.26	40676.50
302.33	40676.78
302.39	40672.94
302.46	40676.40
302.52	40669.95
302.59	40672.63
302.65	40670.36
302.72	40676.62
302.78	40677.55
302.85	40682.74
302.91	40675.11
302.98	40663.26
303.05	40655.32
303.11	40648.05
303.18	40639.41
303.24	40635.40
303.31	40627.64
303.37	40618.15
303.44	40608.76
303.50	40594.79
303.57	40579.38
303.63	40575.01
303.70	40564.57
303.76	40548.11
303.83	40540.77
303.89	40534.60
303.96	40518.37
304.03	40507.45
304.09	40497.29
304.16	40478.89
304.22	40460.06
304.29	40444.69
304.35	40423.57
304.42	40409.80
304.48	40394.63
304.55	40382.51
304.61	40370.01
304.68	40365.88
304.74	40357.52
304.81	40350.96
304.87	40329.50
304.94	40307.22
305.00	40282.29
305.07	40250.09
305.13	40213.49
305.20	40189.07
305.26	40168.41
305.33	40150.71
305.39	40133.13
305.46	40108.53
305.52	40091.52
305.59	40073.89
305.66	40050.10
305.72	40026.60
305.79	40006.58
305.85	39978.68
305.92	39944.29
305.98	39884.16
306.05	39754.07
306.11	39530.24
306.18	39238.32
306.24	38977.09
306.31	38841.74
306.37	38861.65
306.44	39027.04
306.50	39279.57
306.57	39501.94
306.63	39617.99
306.70	39645.05
306.76	39625.07
306.83	39582.16
306.89	39533.57
306.96	39490.38
307.02	39452.39
307.09	39426.39
307.15	39396.53
307.22	39364.65
307.28	39337.94
307.35	39306.18
307.41	39261.21
307.48	39219.49
307.54	39188.79
307.61	39147.99
307.67	39098.44
307.74	39055.12
307.80	39016.39
307.87	38973.64
307.93	38934.86
308.00	38908.42
308.06	38879.27
308.13	38841.84
308.19	38806.30
308.26	38767.85
308.32	38731.44
308.38	38700.04
308.45	38672.27
308.51	38645.22
308.58	38601.29
308.64	38549.79
308.71	38498.34
308.77	38452.96
308.84	38400.25
308.90	38377.20
308.97	38361.33
309.03	38343.70
309.10	38314.09
309.16	38282.02
309.23	38235.33
309.29	38184.28
309.36	38116.61
309.42	38056.11
309.49	38000.11
309.55	37947.24
309.62	37885.90
309.68	37842.89
309.75	37800.92
309.81	37754.72
309.88	37713.84
309.94	37675.00
310.00	37629.64
310.07	37582.77
310.13	37541.95
310.20	37491.00
310.26	37450.55
310.33	37412.26
310.39	37379.56
310.46	37343.42
310.52	37306.65
310.59	37265.17
310.65	37228.37
310.72	37183.24
310.78	37131.72
310.85	37084.69
310.91	37045.63
310.97	37000.84
311.04	36957.02
311.10	36911.39
311.17	36869.71
311.23	36825.25
311.30	36781.61
311.36	36742.20
311.43	36713.49
311.49	36672.76
311.56	36629.24
311.62	36586.23
311.69	36540.58
311.75	36497.71
311.81	36449.29
311.88	36406.45
311.94	36365.53
312.01	36337.15
312.07	36303.85
312.14	36277.31
312.20	36250.89
312.27	36215.09
312.33	36161.51
312.40	36101.68
312.46	36049.98
312.52	35999.67
312.59	35955.79
312.65	35914.69
312.72	35873.38
312.78	35823.86
312.85	35766.95
312.91	35705.09
312.98	35648.72
313.04	35602.79
313.10	35565.31
313.17	35528.61
313.23	35500.28
313.30	35464.19
313.36	35418.49
313.43	35369.39
313.49	35319.09
313.56	35263.87
313.62	35208.37
313.68	35166.94
313.75	35129.08
313.81	35088.67
313.88	35043.16
313.94	35005.69
314.01	34962.61
314.07	34923.35
314.13	34884.72
314.20	34848.51
314.26	34805.32
314.33	34762.19
314.39	34713.72
314.46	34649.46
314.52	34594.74
314.58	34542.34
314.65	34489.68
314.71	34434.64
314.78	34402.56
314.84	34365.27
314.91	34329.92
314.97	34291.28
315.03	34252.54
315.10	34210.99
315.16	34159.16
315.23	34109.75
315.29	34061.66
315.36	34017.92
315.42	33973.53
315.48	33931.52
315.55	33886.49
315.61	33836.70
315.68	33794.10
315.74	33749.22
315.81	33709.40
315.87	33668.48
315.93	33633.09
316.00	33602.01
316.06	33564.96
316.13	33537.17
316.19	33497.24
316.25	33436.39
316.32	33342.61
316.38	33229.30
316.45	33084.33
316.51	32926.73
316.58	32753.35
316.64	32570.40
316.70	32381.83
316.77	32178.75
316.83	31955.61
316.90	31718.51
316.96	31469.64
317.02	31208.09
317.09	30934.87
317.15	30651.14
317.22	30357.21
317.28	30048.87
317.34	29716.75
317.41	29376.08
317.47	29021.11
317.54	28653.04
317.60	28259.88
317.66	27860.27
317.73	27435.62
317.79	27007.01
317.86	26562.63
317.92	26109.87
317.98	25633.93
318.05	25145.15
318.11	24637.33
318.18	24128.63
318.24	23601.58
318.30	23074.78
318.37	22535.16
318.43	21983.91
318.50	21417.06
318.56	20845.92
318.62	20271.76
318.69	19693.02
318.75	19114.15
318.82	18529.38
318.88	17955.37
318.94	17372.56
319.01	16794.15
319.07	16219.65
319.13	15646.21
319.20	15068.43
319.26	14490.19
319.33	13924.10
319.39	13354.79
319.45	12800.09
319.52	12259.11
319.58	11726.62
319.65	11198.90
319.71	10683.58
319.77	10175.04
319.84	9676.09
319.90	9196.65
319.96	8723.48
320.03	8266.16
320.09	7825.28
320.16	7389.79
320.22	6971.70
320.28	6570.62
320.35	6185.21
320.41	5816.77
320.47	5470.63
320.54	5134.34
320.60	4820.13
320.67	4522.71
320.73	4235.42
320.79	3962.35
320.86	3708.88
320.92	3464.67
320.98	3237.52
321.05	3025.69
321.11	2825.31
321.18	2638.75
321.24	2467.62
321.30	2303.59
321.37	2154.90
321.43	2022.61
321.49	1897.45
321.56	1781.45
321.62	1679.42
321.68	1581.52
321.75	1490.89
321.81	1410.77
321.88	1337.31
321.94	1272.70
322.00	1215.09
322.07	1156.79
322.13	1103.01
322.19	1053.33
322.26	1002.78
322.32	958.64
322.38	922.38
322.45	891.73
322.51	860.67
322.58	835.89
322.64	805.64
322.70	778.90
322.77	747.40
322.83	724.77
322.89	694.70
322.96	670.22
323.02	644.85
323.08	619.53
323.15	592.93
323.21	571.81
323.27	549.81
323.34	527.41
323.40	506.06
323.46	483.69
323.53	455.54
323.59	384.77
323.65	287.12
323.72	179.00
323.78	74.22
323.85	-21.29
323.91	-68.07
323.97	-82.99
324.04	-84.36
