180.21	3422.81
180.28	-124.35
180.36	632.44
180.44	-46.16
180.51	-14.52
180.59	10.22
180.66	38.12
180.74	36.30
180.81	35.99
180.89	38.10
180.97	38.77
181.04	36.97
181.12	36.57
181.19	37.72
181.27	38.93
181.34	56.43
181.42	64.40
181.50	71.94
181.57	83.02
181.65	88.00
181.72	82.10
181.80	77.36
181.87	78.61
181.95	80.93
182.03	83.43
182.10	90.02
182.18	97.21
182.25	109.48
182.33	118.51
182.40	135.25
182.48	140.64
182.55	163.56
182.63	178.99
182.71	193.25
182.78	210.36
182.86	227.95
182.93	223.67
183.01	214.67
183.08	200.03
183.16	188.16
183.23	175.35
183.31	186.95
183.39	203.02
183.46	235.84
183.54	260.35
183.61	302.68
183.69	338.00
183.76	388.36
183.84	430.54
183.91	475.14
183.99	529.69
184.06	572.59
184.14	618.77
184.22	673.16
184.29	706.08
184.37	716.44
184.44	723.65
184.52	676.93
184.59	584.70
184.67	506.19
184.74	433.24
184.82	390.12
184.89	400.85
184.97	468.23
185.04	557.43
185.12	649.12
185.20	746.82
185.27	841.67
185.35	939.62
185.42	1004.26
185.50	1075.65
185.57	1133.32
185.65	1178.03
185.72	1230.25
185.80	1314.61
185.87	1379.18
185.95	1467.14
186.02	1579.50
186.10	1627.35
186.17	1627.14
186.25	1558.74
186.33	1362.08
186.40	1140.80
186.48	990.77
186.55	911.98
186.63	936.94
186.70	1092.08
186.78	1266.28
186.85	1417.30
186.93	1545.00
187.00	1661.95
187.08	1780.25
187.15	1896.10
187.23	2029.72
187.30	2156.25
187.38	2272.40
187.45	2401.09
187.53	2527.40
187.60	2609.80
187.68	2726.78
187.75	2852.19
187.83	2913.67
187.90	2982.52
187.98	3061.69
188.05	3026.93
188.13	2829.42
188.21	2541.95
188.28	2255.44
188.36	1999.48
188.43	1856.48
188.51	1918.23
188.58	2130.90
188.66	2339.20
188.73	2548.51
188.81	2755.55
188.88	2918.83
188.96	3071.00
189.03	3214.62
189.11	3361.68
189.18	3485.51
189.26	3594.14
189.33	3713.89
189.41	3831.90
189.48	3911.48
189.56	4018.60
189.63	4136.28
189.71	4192.76
189.78	4261.75
189.86	4344.09
189.93	4367.79
190.01	4340.39
190.08	4256.52
190.16	4003.43
190.23	3626.53
190.31	3305.15
190.38	3087.35
190.46	2998.31
190.53	3097.95
190.61	3351.75
190.68	3586.52
190.76	3804.14
190.83	3988.22
190.91	4154.80
190.98	4311.16
191.06	4465.21
191.13	4609.65
191.21	4738.32
191.28	4851.35
191.35	4970.61
191.43	5069.32
191.50	5138.01
191.58	5223.37
191.65	5298.63
191.73	5325.83
191.80	5362.43
191.88	5380.20
191.95	5364.65
192.03	5363.91
192.10	5380.48
192.18	5376.79
192.25	5336.09
192.33	5192.91
192.40	4953.39
192.48	4722.96
192.55	4554.78
192.63	4478.01
192.70	4558.82
192.78	4758.57
192.85	4980.49
192.93	5179.93
193.00	5347.43
193.08	5487.31
193.15	5618.17
193.22	5706.66
193.30	5778.00
193.37	5847.32
193.45	5885.60
193.52	5925.27
193.60	5982.25
193.67	6033.29
193.75	6087.21
193.82	6153.99
193.90	6190.37
193.97	6231.06
194.05	6277.85
194.12	6314.34
194.20	6362.24
194.27	6419.84
194.34	6457.50
194.42	6483.38
194.49	6510.19
194.57	6510.19
194.64	6453.05
194.72	6347.70
194.79	6234.83
194.87	6124.80
194.94	6033.79
195.02	6005.74
195.09	6047.87
195.17	6125.26
195.24	6220.92
195.31	6341.19
195.39	6466.32
195.46	6593.11
195.54	6706.89
195.61	6808.67
195.69	6881.03
195.76	6934.42
195.84	6978.51
195.91	6999.49
195.99	7001.35
196.06	7002.16
196.13	7009.30
196.21	7004.17
196.28	6999.27
196.36	6988.79
196.43	6951.58
196.51	6904.35
196.58	6857.26
196.66	6833.70
196.73	6846.11
196.80	6901.10
196.88	6979.63
196.95	7082.21
197.03	7177.71
197.10	7241.02
197.18	7283.11
197.25	7307.61
197.33	7322.00
197.40	7336.26
197.47	7345.06
197.55	7367.78
197.62	7389.15
197.70	7404.24
197.77	7415.62
197.85	7430.75
197.92	7417.44
197.99	7375.88
198.07	7291.69
198.14	7195.51
198.22	7137.51
198.29	7139.22
198.37	7211.12
198.44	7348.08
198.51	7508.91
198.59	7650.01
198.66	7762.60
198.74	7846.09
198.81	7906.41
198.89	7945.23
198.96	7975.28
199.03	7984.25
199.11	7983.28
199.18	7970.94
199.26	7965.04
199.33	7968.01
199.41	7972.60
199.48	7940.77
199.55	7872.51
199.63	7772.10
199.70	7676.38
199.78	7600.50
199.85	7605.66
199.93	7698.74
200.00	7861.66
200.07	8026.83
200.15	8194.96
200.22	8326.93
200.30	8415.85
200.37	8471.42
200.44	8512.75
200.52	8543.95
200.59	8572.20
200.67	8590.32
200.74	8590.79
200.81	8580.18
200.89	8562.18
200.96	8551.84
201.04	8537.26
201.11	8508.73
201.19	8452.70
201.26	8395.17
201.33	8342.44
201.41	8332.61
201.48	8388.35
201.56	8511.98
201.63	8672.18
201.70	8827.56
201.78	8962.55
201.85	9072.30
201.93	9151.04
202.00	9200.76
202.07	9242.25
202.15	9266.22
202.22	9280.25
202.30	9305.90
202.37	9327.28
202.44	9351.40
202.52	9371.52
202.59	9377.45
202.67	9373.02
202.74	9381.10
202.81	9363.75
202.89	9327.95
202.96	9311.45
203.04	9335.65
203.11	9382.76
203.18	9482.99
203.26	9632.30
203.33	9786.61
203.41	9902.74
203.48	9989.17
203.55	10031.78
203.63	10065.35
203.70	10096.39
203.77	10135.04
203.85	10177.27
203.92	10232.65
204.00	10294.08
204.07	10350.47
204.14	10405.24
204.22	10449.15
204.29	10489.81
204.37	10511.26
204.44	10522.81
204.51	10534.47
204.59	10555.75
204.66	10573.62
204.73	10617.60
204.81	10689.51
204.88	10783.75
204.96	10884.87
205.03	10990.33
205.10	11081.99
205.18	11156.87
205.25	11208.52
205.32	11258.50
205.40	11312.69
205.47	11370.85
205.55	11429.61
205.62	11498.50
205.69	11571.50
205.77	11649.50
205.84	11727.04
205.91	11805.95
205.99	11879.82
206.06	11935.31
206.14	11986.18
206.21	12034.05
206.28	12074.69
206.36	12116.14
206.43	12168.90
206.50	12241.66
206.58	12325.63
206.65	12420.01
206.72	12505.12
206.80	12586.53
206.87	12650.78
206.95	12711.33
207.02	12779.79
207.09	12861.18
207.17	12957.79
207.24	13057.80
207.31	13157.06
207.39	13248.87
207.46	13346.44
207.53	13431.83
207.61	13524.90
207.68	13614.51
207.75	13705.11
207.83	13789.46
207.90	13872.99
207.98	13934.46
208.05	13996.10
208.12	14060.41
208.20	14131.27
208.27	14207.17
208.34	14292.65
208.42	14369.75
208.49	14449.43
208.56	14522.70
208.64	14609.20
208.71	14699.60
208.78	14796.70
208.86	14908.04
208.93	15019.46
209.00	15127.00
209.08	15238.92
209.15	15362.72
209.22	15473.28
209.30	15580.94
209.37	15685.39
209.44	15791.44
209.52	15891.98
209.59	15987.17
209.67	16088.01
209.74	16183.90
209.81	16285.29
209.89	16374.58
209.96	16464.87
210.03	16549.42
210.11	16633.44
210.18	16701.95
210.25	16780.35
210.33	16869.15
210.40	16970.95
210.47	17087.26
210.55	17223.49
210.62	17358.99
210.69	17482.36
210.77	17611.42
210.84	17737.36
210.91	17863.84
210.99	17986.04
211.06	18117.32
211.13	18238.69
211.21	18359.51
211.28	18477.24
211.35	18602.69
211.42	18733.56
211.50	18851.35
211.57	18964.65
211.64	19069.49
211.72	19157.52
211.79	19228.78
211.86	19314.92
211.94	19415.65
212.01	19518.40
212.08	19648.06
212.16	19786.54
212.23	19928.32
212.30	20064.47
212.38	20202.70
212.45	20338.98
212.52	20480.64
212.60	20616.96
212.67	20753.00
212.74	20889.16
212.82	21019.80
212.89	21147.90
212.96	21278.17
213.03	21412.22
213.11	21546.71
213.18	21673.22
213.25	21806.02
213.33	21932.58
213.40	22040.20
213.47	22147.00
213.55	22260.50
213.62	22365.12
213.69	22476.65
213.77	22605.63
213.84	22741.51
213.91	22894.39
213.98	23050.22
214.06	23207.96
214.13	23367.81
214.20	23518.25
214.28	23666.65
214.35	23812.70
214.42	23953.80
214.50	24089.38
214.57	24227.77
214.64	24361.00
214.72	24494.62
214.79	24636.85
214.86	24778.00
214.93	24918.32
215.01	25058.35
215.08	25199.67
215.15	25325.25
215.23	25432.86
215.30	25546.59
215.37	25656.23
215.44	25782.46
215.52	25930.79
215.59	26089.05
215.66	26249.44
215.74	26410.37
215.81	26551.15
215.88	26692.58
215.95	26838.34
216.03	26984.85
216.10	27133.06
216.17	27289.22
216.25	27443.40
216.32	27598.11
216.39	27751.08
216.46	27894.78
216.54	28034.02
216.61	28175.16
216.68	28313.61
216.76	28449.88
216.83	28583.72
216.90	28715.71
216.97	28838.52
217.05	28966.91
217.12	29091.57
217.19	29230.16
217.27	29369.32
217.34	29509.04
217.41	29646.35
217.48	29790.16
217.56	29933.01
217.63	30088.74
217.70	30241.24
217.78	30395.67
217.85	30553.85
217.92	30706.32
217.99	30848.53
218.07	30994.28
218.14	31133.20
218.21	31277.77
218.28	31419.93
218.36	31562.10
218.43	31704.92
218.50	31855.84
218.57	31991.27
218.65	32124.34
218.72	32243.82
218.79	32356.38
218.87	32463.56
218.94	32573.81
219.01	32699.37
219.08	32844.01
219.16	32995.39
219.23	33149.86
219.30	33311.04
219.37	33463.24
219.45	33609.08
219.52	33751.49
219.59	33885.07
219.66	34009.42
219.74	34135.13
219.81	34276.36
219.88	34409.62
219.95	34550.90
220.03	34696.77
220.10	34837.95
220.17	34968.75
220.24	35107.87
220.32	35239.81
220.39	35359.84
220.46	35477.93
220.53	35586.05
220.61	35684.56
220.68	35789.87
220.75	35905.18
220.82	36031.51
220.90	36160.75
220.97	36300.63
221.04	36430.11
221.11	36544.57
221.19	36659.73
221.26	36779.62
221.33	36903.30
221.40	37037.96
221.48	37182.76
221.55	37311.17
221.62	37434.40
221.69	37550.10
221.77	37661.10
221.84	37780.22
221.91	37906.58
221.98	38032.49
222.06	38155.10
222.13	38283.62
222.20	38392.16
222.27	38498.95
222.35	38607.64
222.42	38715.88
222.49	38822.05
222.56	38929.42
222.63	39033.17
222.71	39130.46
222.78	39237.05
222.85	39337.18
222.92	39450.80
223.00	39560.66
223.07	39675.99
223.14	39778.58
223.21	39887.40
223.29	39991.65
223.36	40108.43
223.43	40223.50
223.50	40336.57
223.57	40453.06
223.65	40580.30
223.72	40686.37
223.79	40785.92
223.86	40889.03
223.94	40980.32
224.01	41054.53
224.08	41142.85
224.15	41235.55
224.22	41332.90
224.30	41421.09
224.37	41512.75
224.44	41612.65
224.51	41701.41
224.59	41773.21
224.66	41857.01
224.73	41943.31
224.80	42027.20
224.87	42122.56
224.95	42234.49
225.02	42348.44
225.09	42458.51
225.16	42557.36
225.23	42654.21
225.31	42744.65
225.38	42830.38
225.45	42915.04
225.52	43004.20
225.60	43088.62
225.67	43166.65
225.74	43244.62
225.81	43322.93
225.88	43403.50
225.96	43480.98
226.03	43556.05
226.10	43633.90
226.17	43713.71
226.24	43783.21
226.32	43857.75
226.39	43947.93
226.46	44028.84
226.53	44110.59
226.60	44208.53
226.68	44307.82
226.75	44398.10
226.82	44494.15
226.89	44579.66
226.96	44651.21
227.04	44706.55
227.11	44758.36
227.18	44809.55
227.25	44858.91
227.32	44908.71
227.40	44981.41
227.47	45059.97
227.54	45137.37
227.61	45222.60
227.68	45304.03
227.76	45373.59
227.83	45440.07
227.90	45504.35
227.97	45565.75
228.04	45635.25
228.11	45699.00
228.19	45759.28
228.26	45826.81
228.33	45891.17
228.40	45938.58
228.47	45993.49
228.55	46050.56
228.62	46103.40
228.69	46162.92
228.76	46224.84
228.83	46285.25
228.90	46346.31
228.98	46410.12
229.05	46473.60
229.12	46552.84
229.19	46623.38
229.26	46689.54
229.34	46743.14
229.41	46795.73
229.48	46836.15
229.55	46882.30
229.62	46932.90
229.69	46995.51
229.77	47048.94
229.84	47113.19
229.91	47174.89
229.98	47225.68
230.05	47266.84
230.12	47314.12
230.20	47358.29
230.27	47410.25
230.34	47467.64
230.41	47536.58
230.48	47596.35
230.55	47655.96
230.63	47712.03
230.70	47778.02
230.77	47822.38
230.84	47873.22
230.91	47914.07
230.98	47956.91
231.06	47994.29
231.13	48048.06
231.20	48107.58
231.27	48171.18
231.34	48232.05
231.41	48290.71
231.49	48339.19
231.56	48385.85
231.63	48431.76
231.70	48475.25
231.77	48515.12
231.84	48557.02
231.92	48594.21
231.99	48627.73
232.06	48660.84
232.13	48698.33
232.20	48747.40
232.27	48795.58
232.34	48840.08
232.42	48879.60
232.49	48915.74
232.56	48939.22
232.63	48975.19
232.70	49013.61
232.77	49066.92
232.85	49121.72
232.92	49178.09
232.99	49219.64
233.06	49254.94
233.13	49272.86
233.20	49289.63
233.27	49297.45
233.35	49305.78
233.42	49320.36
233.49	49347.24
233.56	49374.29
233.63	49407.74
233.70	49445.33
233.77	49487.85
233.85	49517.25
233.92	49554.40
233.99	49588.65
234.06	49619.12
234.13	49646.07
234.20	49685.88
234.27	49716.70
234.35	49743.91
234.42	49767.21
234.49	49789.46
234.56	49804.17
234.63	49812.50
234.70	49827.56
234.77	49843.09
234.84	49857.00
234.92	49859.09
234.99	49870.26
235.06	49880.40
235.13	49888.70
235.20	49897.84
235.27	49921.24
235.34	49932.67
235.41	49955.60
235.49	49972.87
235.56	49991.54
235.63	50006.05
235.70	50024.29
235.77	50029.18
235.84	50034.86
235.91	50036.07
235.98	50030.04
236.06	50018.18
236.13	50008.22
236.20	50003.76
236.27	49985.14
236.34	49973.60
236.41	49969.51
236.48	49962.33
236.55	49956.63
236.63	49956.44
236.70	49961.74
236.77	49962.22
236.84	49976.84
236.91	49989.48
236.98	50002.92
237.05	50013.62
237.12	50021.48
237.19	50009.56
237.27	50000.05
237.34	49994.60
237.41	49990.28
237.48	49976.55
237.55	49971.54
237.62	49966.36
237.69	49966.78
237.76	49965.15
237.83	49978.64
237.91	49991.49
237.98	49998.55
238.05	49995.05
238.12	49988.34
238.19	49983.34
238.26	49989.61
238.33	49986.80
238.40	49984.58
238.47	49977.27
238.54	49968.40
238.62	49938.70
238.69	49920.71
238.76	49906.20
238.83	49900.82
238.90	49890.48
238.97	49886.56
239.04	49885.88
239.11	49885.37
239.18	49883.38
239.25	49877.15
239.33	49862.69
239.40	49848.59
239.47	49831.69
239.54	49805.75
239.61	49774.66
239.68	49747.29
239.75	49724.13
239.82	49709.19
239.89	49699.72
239.96	49708.93
240.03	49723.01
240.11	49724.09
240.18	49720.19
240.25	49711.35
240.32	49691.39
240.39	49675.78
240.46	49663.50
240.53	49662.38
240.60	49662.46
240.67	49667.40
240.74	49662.20
240.81	49657.70
240.88	49645.54
240.96	49636.45
241.03	49626.65
241.10	49623.18
241.17	49618.25
241.24	49611.93
241.31	49617.66
241.38	49611.46
241.45	49602.43
241.52	49595.52
241.59	49583.27
241.66	49555.81
241.73	49546.45
241.80	49535.27
241.88	49521.85
241.95	49507.92
242.02	49492.71
242.09	49465.03
242.16	49440.78
242.23	49429.13
242.30	49416.29
242.37	49403.07
242.44	49403.20
242.51	49397.78
242.58	49392.21
242.65	49388.90
242.72	49394.45
242.79	49383.77
242.87	49389.58
242.94	49371.81
243.01	49364.61
243.08	49363.12
243.15	49365.24
243.22	49351.21
243.29	49359.44
243.36	49361.10
243.43	49358.65
243.50	49375.39
243.57	49391.15
243.64	49397.32
243.71	49404.97
243.78	49404.02
243.85	49381.19
243.92	49372.49
243.99	49361.05
244.07	49352.02
244.14	49340.75
244.21	49342.06
244.28	49327.25
244.35	49314.25
244.42	49306.47
244.49	49304.15
244.56	49299.75
244.63	49305.00
244.70	49309.52
244.77	49312.73
244.84	49315.36
244.91	49328.52
244.98	49340.81
245.05	49354.33
245.12	49367.46
245.19	49387.28
245.26	49391.83
245.33	49396.08
245.40	49415.87
245.47	49442.71
245.55	49461.79
245.62	49469.30
245.69	49468.67
245.76	49466.67
245.83	49459.07
245.90	49446.76
245.97	49447.16
246.04	49463.85
246.11	49468.25
246.18	49468.32
246.25	49469.27
246.32	49470.59
246.39	49470.24
246.46	49473.92
246.53	49476.92
246.60	49485.86
246.67	49503.23
246.74	49521.15
246.81	49539.74
246.88	49553.93
246.95	49576.15
247.02	49593.79
247.09	49603.62
247.16	49605.08
247.23	49601.24
247.30	49589.47
247.37	49571.84
247.44	49567.17
247.51	49580.05
247.58	49606.35
247.66	49633.09
247.73	49671.07
247.80	49699.63
247.87	49720.43
247.94	49743.46
248.01	49777.49
248.08	49802.80
248.15	49826.44
248.22	49845.91
248.29	49867.17
248.36	49869.76
248.43	49887.01
248.50	49904.20
248.57	49921.49
248.64	49931.54
248.71	49950.59
248.78	49969.65
248.85	49978.18
248.92	49991.66
248.99	50002.73
249.06	50013.17
249.13	50007.50
249.20	50023.35
249.27	50035.26
249.34	50046.30
249.41	50052.04
249.48	50046.44
249.55	50021.88
249.62	50025.14
249.69	50031.75
249.76	50052.66
249.83	50094.30
249.90	50148.07
249.97	50176.08
250.04	50212.88
250.11	50246.71
250.18	50270.30
250.25	50286.01
250.32	50297.53
250.39	50310.97
250.46	50319.78
250.53	50339.01
250.60	50364.12
250.67	50393.06
250.74	50404.21
250.81	50411.26
250.88	50414.42
250.95	50418.85
251.02	50425.82
251.09	50440.04
251.16	50463.11
251.23	50484.56
251.30	50500.75
251.37	50510.01
251.44	50522.78
251.51	50533.05
251.58	50550.96
251.65	50560.79
251.72	50568.73
251.79	50579.59
251.86	50584.40
251.93	50586.62
252.00	50596.79
252.07	50611.06
252.14	50620.29
252.21	50621.93
252.28	50624.12
252.35	50630.38
252.42	50647.51
252.49	50653.79
252.56	50664.23
252.63	50665.73
252.70	50672.01
252.77	50670.76
252.84	50674.05
252.91	50681.90
252.98	50699.08
253.05	50706.22
253.12	50708.12
253.19	50720.64
253.25	50733.04
253.32	50739.36
253.39	50761.17
253.46	50782.70
253.53	50801.96
253.60	50807.04
253.67	50808.80
253.74	50813.65
253.81	50826.30
253.88	50830.74
253.95	50846.40
254.02	50862.29
254.09	50869.19
254.16	50868.77
254.23	50865.40
254.30	50871.00
254.37	50878.82
254.44	50888.96
254.51	50898.77
254.58	50905.77
254.65	50906.34
254.72	50904.69
254.79	50895.35
254.86	50891.10
254.93	50888.33
255.00	50885.86
255.07	50886.24
255.14	50895.06
255.21	50890.98
255.28	50886.89
255.34	50876.16
255.41	50869.32
255.48	50856.08
255.55	50856.35
255.62	50866.49
255.69	50873.78
255.76	50872.41
255.83	50868.28
255.90	50865.94
255.97	50864.48
256.04	50856.64
256.11	50861.82
256.18	50867.53
256.25	50862.48
256.32	50849.05
256.39	50852.90
256.46	50852.16
256.53	50848.25
256.60	50841.12
256.67	50838.95
256.74	50834.00
256.80	50830.53
256.87	50829.51
256.94	50836.02
257.01	50840.92
257.08	50839.42
257.15	50826.26
257.22	50807.28
257.29	50778.71
257.36	50753.70
257.43	50733.54
257.50	50721.19
257.57	50699.89
257.64	50689.56
257.71	50660.82
257.78	50632.08
257.85	50595.07
257.92	50574.98
257.98	50557.75
258.05	50552.64
258.12	50539.30
258.19	50536.59
258.26	50522.82
258.33	50508.66
258.40	50501.97
258.47	50502.23
258.54	50499.17
258.61	50505.97
258.68	50498.56
258.75	50483.53
258.82	50466.63
258.89	50441.91
258.95	50416.29
259.02	50405.84
259.09	50390.09
259.16	50374.27
259.23	50354.41
259.30	50325.74
259.37	50297.80
259.44	50272.90
259.51	50254.99
259.58	50241.13
259.65	50217.65
259.72	50192.03
259.79	50162.35
259.85	50128.01
259.92	50090.27
259.99	50072.57
260.06	50049.64
260.13	50029.78
260.20	49999.85
260.27	49971.95
260.34	49930.97
260.41	49895.95
260.48	49859.54
260.55	49835.75
260.62	49819.08
260.68	49808.87
260.75	49783.73
260.82	49764.80
260.89	49744.13
260.96	49715.39
261.03	49684.30
261.10	49658.53
261.17	49635.75
261.24	49599.78
261.31	49565.96
261.38	49541.82
261.44	49512.72
261.51	49475.57
261.58	49437.33
261.65	49399.25
261.72	49352.43
261.79	49311.31
261.86	49275.15
261.93	49255.32
262.00	49229.69
262.07	49199.23
262.13	49166.55
262.20	49131.89
262.27	49084.27
262.34	49048.83
262.41	49017.80
262.48	48983.65
262.55	48954.51
262.62	48927.03
262.69	48883.44
262.76	48852.47
262.82	48818.45
262.89	48778.93
262.96	48748.99
263.03	48727.77
263.10	48692.94
263.17	48665.40
263.24	48628.21
263.31	48590.17
263.38	48548.90
263.44	48510.86
263.51	48466.52
263.58	48421.66
263.65	48380.43
263.72	48341.00
263.79	48299.06
263.86	48258.74
263.93	48222.25
264.00	48183.26
264.06	48149.45
264.13	48110.45
264.20	48077.27
264.27	48040.69
264.34	47999.68
264.41	47951.92
264.48	47904.11
264.55	47855.33
264.61	47812.89
264.68	47773.92
264.75	47731.98
264.82	47681.23
264.89	47637.38
264.96	47595.34
265.03	47547.96
265.10	47509.59
265.16	47483.60
265.23	47449.83
265.30	47421.40
265.37	47390.83
265.44	47356.14
265.51	47316.01
265.58	47271.66
265.65	47209.73
265.71	47153.10
265.78	47108.12
265.85	47063.34
265.92	47021.52
265.99	46991.15
266.06	46959.04
266.13	46913.25
266.20	46875.01
266.26	46837.68
266.33	46793.39
266.40	46743.91
266.47	46696.12
266.54	46633.79
266.61	46575.82
266.68	46524.11
266.74	46467.09
266.81	46411.50
266.88	46371.44
266.95	46316.66
267.02	46269.40
267.09	46229.48
267.16	46186.90
267.22	46143.46
267.29	46110.00
267.36	46073.00
267.43	46030.58
267.50	45997.93
267.57	45969.15
267.64	45936.64
267.70	45904.23
267.77	45871.33
267.84	45832.46
267.91	45783.21
267.98	45733.67
268.05	45683.59
268.11	45633.99
268.18	45574.80
268.25	45521.01
268.32	45473.44
268.39	45431.06
268.46	45391.70
268.53	45362.12
268.59	45325.79
268.66	45291.88
268.73	45252.76
268.80	45213.22
268.87	45167.18
268.94	45131.85
269.00	45088.47
269.07	45044.08
269.14	45016.80
269.21	44986.92
269.28	44948.33
269.35	44907.35
269.41	44868.57
269.48	44813.11
269.55	44759.37
269.62	44705.79
269.69	44668.70
269.76	44623.01
269.82	44584.60
269.89	44557.94
269.96	44537.59
270.03	44503.66
270.10	44474.74
270.17	44433.46
270.23	44392.12
270.30	44343.05
270.37	44307.68
270.44	44274.84
270.51	44248.81
270.58	44215.60
270.64	44193.44
270.71	44156.50
270.78	44120.38
270.85	44083.93
270.92	44055.21
270.99	44017.06
271.05	43992.39
271.12	43958.59
271.19	43922.82
271.26	43874.38
271.33	43831.91
271.39	43789.31
271.46	43739.70
271.53	43705.96
271.60	43687.56
271.67	43662.98
271.74	43633.01
271.80	43613.69
271.87	43596.11
271.94	43562.52
272.01	43528.67
272.08	43500.71
272.14	43464.38
272.21	43426.41
272.28	43397.48
272.35	43381.03
272.42	43348.88
272.48	43329.75
272.55	43305.51
272.62	43277.25
272.69	43248.87
272.76	43238.95
272.83	43219.21
272.89	43195.60
272.96	43171.10
273.03	43142.35
273.10	43103.52
273.17	43077.42
273.23	43047.45
273.30	43028.86
273.37	43007.88
273.44	42984.17
273.51	42959.37
273.57	42943.72
273.64	42916.28
273.71	42889.72
273.78	42864.99
273.85	42845.87
273.91	42817.45
273.98	42803.18
274.05	42787.60
274.12	42777.00
274.19	42761.10
274.25	42745.31
274.32	42724.34
274.39	42698.90
274.46	42658.07
274.53	42611.80
274.59	42566.50
274.66	42523.46
274.73	42496.40
274.80	42472.55
274.86	42446.89
274.93	42428.96
275.00	42397.30
275.07	42351.82
275.14	42320.17
275.20	42290.59
275.27	42258.68
275.34	42236.90
275.41	42229.20
275.48	42215.22
275.54	42203.45
275.61	42189.39
275.68	42167.86
275.75	42133.27
275.81	42101.17
275.88	42070.60
275.95	42038.31
276.02	42014.47
276.09	41994.03
276.15	41966.73
276.22	41944.84
276.29	41931.23
276.36	41906.54
276.42	41884.54
276.49	41865.72
276.56	41837.66
276.63	41806.16
276.70	41785.02
276.76	41766.79
276.83	41750.50
276.90	41735.22
276.97	41715.95
277.03	41696.47
277.10	41669.50
277.17	41649.88
277.24	41632.32
277.30	41620.50
277.37	41599.93
277.44	41588.49
277.51	41570.83
277.58	41549.78
277.64	41524.93
277.71	41506.40
277.78	41483.94
277.85	41459.89
277.91	41429.81
277.98	41408.25
278.05	41381.00
278.12	41359.09
278.18	41327.96
278.25	41311.16
278.32	41283.21
278.39	41275.66
278.45	41257.62
278.52	41252.34
278.59	41239.64
278.66	41229.38
278.72	41212.03
278.79	41193.98
278.86	41170.82
278.93	41151.42
278.99	41137.50
279.06	41109.33
279.13	41078.15
279.20	41059.80
279.26	41040.67
279.33	41018.75
279.40	40998.55
279.47	40982.41
279.53	40955.70
279.60	40923.30
279.67	40890.20
279.74	40861.70
279.80	40839.06
279.87	40823.18
279.94	40813.89
280.01	40806.41
280.07	40794.82
280.14	40780.36
280.21	40754.25
280.28	40730.86
280.34	40698.93
280.41	40672.45
280.48	40647.47
280.55	40621.30
280.61	40596.11
280.68	40577.45
280.75	40546.67
280.82	40512.52
280.88	40478.88
280.95	40427.02
281.02	40364.70
281.08	40297.60
281.15	40224.36
281.22	40155.76
281.29	40098.29
281.35	40053.09
281.42	40025.65
281.49	39994.01
281.56	39961.97
281.62	39940.57
281.69	39904.27
281.76	39867.07
281.82	39838.01
281.89	39810.32
281.96	39775.73
282.03	39756.22
282.09	39734.43
282.16	39712.91
282.23	39690.27
282.30	39664.91
282.36	39640.46
282.43	39620.71
282.50	39606.79
282.56	39583.00
282.63	39565.21
282.70	39545.16
282.77	39526.00
282.83	39504.02
282.90	39490.29
282.97	39468.00
283.03	39443.43
283.10	39417.68
283.17	39395.36
283.24	39369.25
283.30	39344.98
283.37	39322.50
283.44	39296.43
283.50	39266.11
283.57	39252.63
283.64	39235.02
283.71	39208.13
283.77	39175.59
283.84	39154.03
283.91	39111.08
283.97	39072.20
284.04	39059.94
284.11	39053.45
284.18	39049.30
284.24	39059.95
284.31	39077.55
284.38	39076.84
284.44	39064.93
284.51	39050.50
284.58	39035.95
284.64	39021.73
284.71	39008.23
284.78	39001.72
284.85	38991.86
284.91	38979.61
284.98	38963.07
285.05	38934.37
285.11	38918.98
285.18	38898.01
285.25	38880.88
285.31	38867.71
285.38	38870.79
285.45	38868.24
285.52	38865.67
285.58	38855.34
285.65	38847.97
285.72	38824.62
285.78	38805.19
285.85	38790.81
285.92	38778.17
285.98	38759.53
286.05	38751.71
286.12	38745.33
286.18	38740.52
286.25	38737.12
286.32	38731.43
286.39	38731.38
286.45	38729.20
286.52	38718.15
286.59	38709.55
286.65	38701.26
286.72	38693.95
286.79	38681.66
286.85	38666.99
286.92	38649.17
286.99	38637.60
287.05	38619.24
287.12	38609.92
287.19	38604.16
287.25	38608.65
287.32	38605.30
287.39	38610.49
287.45	38610.87
287.52	38613.01
287.59	38608.13
287.65	38613.66
287.72	38601.10
287.79	38586.08
287.86	38573.50
287.92	38565.63
287.99	38550.52
288.06	38551.69
288.12	38548.68
288.19	38546.69
288.26	38526.32
288.32	38518.94
288.39	38510.66
288.46	38505.85
288.52	38505.87
288.59	38519.99
288.66	38519.94
288.72	38516.23
288.79	38518.27
288.86	38514.61
288.92	38509.08
288.99	38504.19
289.06	38506.09
289.12	38505.56
289.19	38507.50
289.26	38512.53
289.32	38524.09
289.39	38532.05
289.45	38540.72
289.52	38539.03
289.59	38539.59
289.65	38540.20
289.72	38546.66
289.79	38556.55
289.85	38571.56
289.92	38579.67
289.99	38584.15
290.05	38574.39
290.12	38559.84
290.19	38552.70
290.25	38543.40
290.32	38537.73
290.39	38545.46
290.45	38557.81
290.52	38559.34
290.59	38570.96
290.65	38572.26
290.72	38564.06
290.79	38557.90
290.85	38574.60
290.92	38585.60
290.98	38602.89
291.05	38623.24
291.12	38633.44
291.18	38631.25
291.25	38631.90
291.32	38631.22
291.38	38631.26
291.45	38630.81
291.52	38631.19
291.58	38630.98
291.65	38640.30
291.72	38655.17
291.78	38679.98
291.85	38693.65
291.91	38710.52
291.98	38735.09
292.05	38738.90
292.11	38743.98
292.18	38754.86
292.25	38754.75
292.31	38739.15
292.38	38745.04
292.45	38745.45
292.51	38753.21
292.58	38768.32
292.64	38784.23
292.71	38788.63
292.78	38798.24
292.84	38801.19
292.91	38806.97
292.98	38812.00
293.04	38823.70
293.11	38830.42
293.17	38840.57
293.24	38852.56
293.31	38868.59
293.37	38886.62
293.44	38900.25
293.51	38916.34
293.57	38932.73
293.64	38944.77
293.70	38952.42
293.77	38963.44
293.84	38973.88
293.90	38974.56
293.97	38978.19
294.04	38984.63
294.10	38988.41
294.17	38996.26
294.23	39009.87
294.30	39024.27
294.37	39044.70
294.43	39069.63
294.50	39078.12
294.56	39093.73
294.63	39109.21
294.70	39118.28
294.76	39126.95
294.83	39140.67
294.90	39157.25
294.96	39174.70
295.03	39193.74
295.09	39216.87
295.16	39242.04
295.23	39251.91
295.29	39261.57
295.36	39268.07
295.42	39268.46
295.49	39274.77
295.56	39300.48
295.62	39320.74
295.69	39334.53
295.75	39352.82
295.82	39371.37
295.89	39372.46
295.95	39370.11
296.02	39377.73
296.08	39381.27
296.15	39377.00
296.22	39387.88
296.28	39411.06
296.35	39434.52
296.41	39453.81
296.48	39481.57
296.55	39499.48
296.61	39516.72
296.68	39536.84
296.74	39567.54
296.81	39596.30
296.88	39622.11
296.94	39646.74
297.01	39664.00
297.07	39677.06
297.14	39696.04
297.20	39707.30
297.27	39721.16
297.34	39747.25
297.40	39770.43
297.47	39778.72
297.53	39800.59
297.60	39819.43
297.67	39826.78
297.73	39839.90
297.80	39849.78
297.86	39852.73
297.93	39854.29
298.00	39867.12
298.06	39875.78
298.13	39900.85
298.19	39917.53
298.26	39942.56
298.32	39961.87
298.39	39975.99
298.46	39981.26
298.52	40001.53
298.59	40015.71
298.65	40024.20
298.72	40049.19
298.78	40078.37
298.85	40102.74
298.92	40117.73
298.98	40141.75
299.05	40152.38
299.11	40164.93
299.18	40175.34
299.24	40187.45
299.31	40190.60
299.38	40208.88
299.44	40209.53
299.51	40219.12
299.57	40233.09
299.64	40256.13
299.70	40261.84
299.77	40279.50
299.84	40291.08
299.90	40292.91
299.97	40286.61
300.03	40291.68
300.10	40303.39
300.16	40313.65
300.23	40327.59
300.30	40346.08
300.36	40360.43
300.43	40381.21
300.49	40388.14
300.56	40411.61
300.62	40437.04
300.69	40457.81
300.75	40465.39
300.82	40491.59
300.89	40502.89
300.95	40518.13
301.02	40522.51
301.08	40532.50
301.15	40532.60
301.21	40541.68
301.28	40540.60
301.34	40550.06
301.41	40553.86
301.48	40559.73
301.54	40550.92
301.61	40549.47
301.67	40548.18
301.74	40553.62
301.80	40557.22
301.87	40563.27
301.93	40558.54
302.00	40556.89
302.06	40548.22
302.13	40538.45
302.20	40538.04
302.26	40542.30
302.33	40542.66
302.39	40535.13
302.46	40541.20
302.52	40533.99
302.59	40535.91
302.65	40539.65
302.72	40543.85
302.78	40543.25
302.85	40552.07
302.91	40545.65
302.98	40539.21
303.05	40533.30
303.11	40531.68
303.18	40527.56
303.24	40527.06
303.31	40515.82
303.37	40511.00
303.44	40501.83
303.50	40486.77
303.57	40471.79
303.63	40468.50
303.70	40461.89
303.76	40448.96
303.83	40445.99
303.89	40438.58
303.96	40426.87
304.03	40413.25
304.09	40398.71
304.16	40369.92
304.22	40341.92
304.29	40318.60
304.35	40297.52
304.42	40285.23
304.48	40276.70
304.55	40272.62
304.61	40261.91
304.68	40255.35
304.74	40241.62
304.81	40239.26
304.87	40214.72
304.94	40195.13
305.00	40170.79
305.07	40138.70
305.13	40099.85
305.20	40077.95
305.26	40057.67
305.33	40039.61
305.39	40027.00
305.46	40004.74
305.52	39989.45
305.59	39969.42
305.66	39941.04
305.72	39913.08
305.79	39886.20
305.85	39859.29
305.92	39822.23
305.98	39773.84
306.05	39647.36
306.11	39423.54
306.18	39133.40
306.24	38881.00
306.31	38739.72
306.37	38754.30
306.44	38922.47
306.50	39164.31
306.57	39376.84
306.63	39496.01
306.70	39522.55
306.76	39500.90
306.83	39468.50
306.89	39422.32
306.96	39377.22
307.02	39342.64
307.09	39318.67
307.15	39286.48
307.22	39269.80
307.28	39241.49
307.35	39210.65
307.41	39167.30
307.48	39127.73
307.54	39088.91
307.61	39054.07
307.67	39013.14
307.74	38971.51
307.80	38939.67
307.87	38898.16
307.93	38855.52
308.00	38824.41
308.06	38796.70
308.13	38752.77
308.19	38710.41
308.26	38670.62
308.32	38638.99
308.38	38608.02
308.45	38577.78
308.51	38550.49
308.58	38513.25
308.64	38453.83
308.71	38398.18
308.77	38344.98
308.84	38296.39
308.90	38272.39
308.97	38255.86
309.03	38241.81
309.10	38222.71
309.16	38191.43
309.23	38141.16
309.29	38095.68
309.36	38029.27
309.42	37967.39
309.49	37912.03
309.55	37855.68
309.62	37795.51
309.68	37757.84
309.75	37710.98
309.81	37660.48
309.88	37621.78
309.94	37582.75
310.00	37535.03
310.07	37486.91
310.13	37458.38
310.20	37415.05
310.26	37377.23
310.33	37331.40
310.39	37302.46
310.46	37255.42
310.52	37213.05
310.59	37163.59
310.65	37128.66
310.72	37080.12
310.78	37032.57
310.85	36984.10
310.91	36948.95
310.97	36903.68
311.04	36866.86
311.10	36820.78
311.17	36785.18
311.23	36745.09
311.30	36703.03
311.36	36660.55
311.43	36632.87
311.49	36596.33
311.56	36553.70
311.62	36509.32
311.69	36463.63
311.75	36417.15
311.81	36367.93
311.88	36318.83
311.94	36285.32
312.01	36260.88
312.07	36224.84
312.14	36194.38
312.20	36168.66
312.27	36127.11
312.33	36069.84
312.40	36018.85
312.46	35962.80
312.52	35912.38
312.59	35866.85
312.65	35822.44
312.72	35777.90
312.78	35732.05
312.85	35675.79
312.91	35622.23
312.98	35573.46
313.04	35535.10
313.10	35495.94
313.17	35459.54
313.23	35426.10
313.30	35392.45
313.36	35338.69
313.43	35288.50
313.49	35243.38
313.56	35185.80
313.62	35131.46
313.68	35090.93
313.75	35050.33
313.81	35010.89
313.88	34969.01
313.94	34929.82
314.01	34889.15
314.07	34848.60
314.13	34805.68
314.20	34768.05
314.26	34725.80
314.33	34679.17
314.39	34631.20
314.46	34570.71
314.52	34519.10
314.58	34467.66
314.65	34418.14
314.71	34375.59
314.78	34333.98
314.84	34291.73
314.91	34250.79
314.97	34211.47
315.03	34170.91
315.10	34131.92
315.16	34090.25
315.23	34042.06
315.29	33996.69
315.36	33945.72
315.42	33899.46
315.48	33848.23
315.55	33810.44
315.61	33762.12
315.68	33722.08
315.74	33686.14
315.81	33649.69
315.87	33600.26
315.93	33567.51
316.00	33537.93
316.06	33499.64
316.13	33476.97
316.19	33440.05
316.25	33373.24
316.32	33277.35
316.38	33168.14
316.45	33022.70
316.51	32864.88
316.58	32698.16
316.64	32519.69
316.70	32332.51
316.77	32125.65
316.83	31907.90
316.90	31672.72
316.96	31429.91
317.02	31167.85
317.09	30900.95
317.15	30622.69
317.22	30332.11
317.28	30023.15
317.34	29698.03
317.41	29360.67
317.47	29007.03
317.54	28644.23
317.60	28261.31
317.66	27865.27
317.73	27448.30
317.79	27021.69
317.86	26578.88
317.92	26124.45
317.98	25646.74
318.05	25158.74
318.11	24662.00
318.18	24155.36
318.24	23639.27
318.30	23118.82
318.37	22587.40
318.43	22034.35
318.50	21473.34
318.56	20901.88
318.62	20334.82
318.69	19756.97
318.75	19186.05
318.82	18601.34
318.88	18029.50
318.94	17445.08
319.01	16867.28
319.07	16291.59
319.13	15720.70
319.20	15143.96
319.26	14569.57
319.33	14003.66
319.39	13430.62
319.45	12880.42
319.52	12337.47
319.58	11803.70
319.65	11274.28
319.71	10762.30
319.77	10251.26
319.84	9752.48
319.90	9272.09
319.96	8801.21
320.03	8339.85
320.09	7896.09
320.16	7459.24
320.22	7038.80
320.28	6637.35
320.35	6252.81
320.41	5880.86
320.47	5534.80
320.54	5196.95
320.60	4880.80
320.67	4581.69
320.73	4295.50
320.79	4018.51
320.86	3764.74
320.92	3514.63
320.98	3284.52
321.05	3069.40
321.11	2867.26
321.18	2678.68
321.24	2508.32
321.30	2342.42
321.37	2191.97
321.43	2059.17
321.49	1931.43
321.56	1814.13
321.62	1711.81
321.68	1612.92
321.75	1519.67
321.81	1438.68
321.88	1363.24
321.94	1298.41
322.00	1239.93
322.07	1181.89
322.13	1128.35
322.19	1076.03
322.26	1023.09
322.32	978.63
322.38	940.98
322.45	910.12
322.51	878.90
322.58	854.57
322.64	823.38
322.70	797.58
322.77	764.56
322.83	744.25
322.89	713.71
322.96	689.01
323.02	663.29
323.08	638.25
323.15	609.71
323.21	587.06
323.27	564.28
323.34	541.20
323.40	518.93
323.46	496.15
323.53	468.35
323.59	398.50
323.65	300.85
323.72	189.75
323.78	82.50
323.85	-15.84
323.91	-66.41
323.97	-85.07
324.04	-85.49
