180.21	3421.39
180.28	-125.08
180.36	631.50
180.44	-47.73
180.51	-16.87
180.59	6.55
180.66	33.62
180.74	31.65
180.81	31.40
180.89	33.78
180.97	35.23
181.04	33.51
181.12	32.79
181.19	33.82
181.27	34.39
181.34	50.62
181.42	57.70
181.50	64.91
181.57	76.15
181.65	81.12
181.72	75.85
181.80	71.80
181.87	73.14
181.95	74.67
182.03	76.89
182.10	82.68
182.18	88.55
182.25	99.12
182.33	107.00
182.40	121.82
182.48	125.27
182.55	146.56
182.63	159.99
182.71	172.66
182.78	187.47
182.86	204.30
182.93	200.16
183.01	193.42
183.08	181.15
183.16	171.59
183.23	160.09
183.31	171.30
183.39	186.52
183.46	217.09
183.54	239.88
183.61	279.60
183.69	312.42
183.76	359.64
183.84	399.33
183.91	442.56
183.99	493.81
184.06	534.43
184.14	578.48
184.22	629.15
184.29	658.92
184.37	670.22
184.44	678.32
184.52	634.89
184.59	548.82
184.67	476.43
184.74	408.15
184.82	369.29
184.89	380.92
184.97	446.29
185.04	532.00
185.12	620.23
185.20	713.37
185.27	805.27
185.35	901.89
185.42	965.81
185.50	1038.06
185.57	1095.68
185.65	1140.17
185.72	1190.45
185.80	1274.03
185.87	1336.33
185.95	1423.38
186.02	1534.37
186.10	1583.63
186.17	1585.03
186.25	1516.99
186.33	1324.38
186.40	1109.21
186.48	963.26
186.55	886.84
186.63	914.40
186.70	1069.25
186.78	1239.34
186.85	1389.08
186.93	1515.53
187.00	1632.45
187.08	1749.81
187.15	1866.32
187.23	1999.36
187.30	2124.58
187.38	2238.98
187.45	2366.62
187.53	2492.63
187.60	2574.79
187.68	2693.07
187.75	2818.72
187.83	2881.44
187.90	2951.53
187.98	3030.17
188.05	2994.03
188.13	2796.21
188.21	2511.05
188.28	2226.22
188.36	1972.89
188.43	1833.98
188.51	1899.92
188.58	2111.79
188.66	2322.60
188.73	2533.38
188.81	2738.32
188.88	2902.08
188.96	3058.82
189.03	3201.99
189.11	3351.47
189.18	3477.95
189.26	3589.88
189.33	3710.21
189.41	3829.36
189.48	3911.87
189.56	4018.93
189.63	4131.02
189.71	4185.91
189.78	4254.99
189.86	4333.71
189.93	4358.08
190.01	4336.40
190.08	4250.37
190.16	3993.70
190.23	3617.19
190.31	3299.42
190.38	3083.66
190.46	3002.80
190.53	3111.59
190.61	3369.59
190.68	3611.28
190.76	3834.00
190.83	4018.15
190.91	4185.69
190.98	4347.77
191.06	4496.66
191.13	4639.42
191.21	4766.63
191.28	4880.96
191.35	4993.66
191.43	5094.13
191.50	5163.17
191.58	5251.84
191.65	5329.13
191.73	5368.65
191.80	5417.59
191.88	5443.28
191.95	5435.57
192.03	5440.94
192.10	5461.73
192.18	5463.44
192.25	5423.50
192.33	5280.32
192.40	5033.11
192.48	4789.74
192.55	4608.07
192.63	4519.51
192.70	4593.65
192.78	4794.35
192.85	5018.52
192.93	5216.92
193.00	5392.96
193.08	5537.87
193.15	5674.26
193.22	5775.87
193.30	5870.08
193.37	5962.12
193.45	6025.68
193.52	6087.62
193.60	6154.30
193.67	6206.99
193.75	6256.33
193.82	6313.37
193.90	6338.22
193.97	6368.71
194.05	6400.72
194.12	6425.88
194.20	6464.43
194.27	6514.52
194.34	6552.50
194.42	6580.91
194.49	6610.43
194.57	6611.74
194.64	6555.27
194.72	6453.80
194.79	6349.88
194.87	6261.60
194.94	6205.85
195.02	6221.78
195.09	6298.48
195.17	6400.98
195.24	6503.91
195.31	6608.55
195.39	6707.00
195.46	6802.65
195.54	6887.39
195.61	6961.87
195.69	7021.64
195.76	7067.52
195.84	7108.94
195.91	7132.90
195.99	7141.12
196.06	7144.05
196.13	7155.83
196.21	7154.95
196.28	7164.35
196.36	7181.14
196.43	7190.24
196.51	7189.90
196.58	7197.30
196.66	7210.36
196.73	7235.37
196.80	7271.08
196.88	7318.74
196.95	7375.79
197.03	7423.61
197.10	7445.86
197.18	7455.45
197.25	7454.84
197.33	7452.87
197.40	7457.52
197.47	7468.94
197.55	7499.25
197.62	7531.66
197.70	7557.81
197.77	7584.93
197.85	7616.06
197.92	7632.26
197.99	7636.93
198.07	7624.95
198.14	7607.82
198.22	7605.30
198.29	7621.61
198.37	7667.32
198.44	7738.87
198.51	7814.54
198.59	7883.72
198.66	7948.56
198.74	7996.10
198.81	8035.82
198.89	8060.70
198.96	8080.22
199.03	8088.72
199.11	8102.37
199.18	8108.21
199.26	8120.29
199.33	8139.82
199.41	8162.96
199.48	8165.91
199.55	8156.67
199.63	8134.54
199.70	8112.94
199.78	8094.68
199.85	8110.72
199.93	8157.32
200.00	8239.44
200.07	8323.52
200.15	8411.86
200.22	8488.80
200.30	8543.61
200.37	8587.26
200.44	8611.38
200.52	8633.94
200.59	8657.55
200.67	8679.56
200.74	8688.15
200.81	8702.65
200.89	8709.96
200.96	8720.30
201.04	8732.27
201.11	8746.16
201.19	8750.22
201.26	8751.88
201.33	8750.01
201.41	8771.27
201.48	8813.61
201.56	8882.58
201.63	8976.01
201.70	9064.53
201.78	9137.57
201.85	9201.80
201.93	9254.05
202.00	9289.38
202.07	9319.77
202.15	9346.29
202.22	9369.38
202.30	9395.78
202.37	9423.03
202.44	9457.97
202.52	9494.40
202.59	9527.80
202.67	9555.47
202.74	9586.18
202.81	9604.01
202.89	9609.77
202.96	9626.06
203.04	9664.49
203.11	9710.36
203.18	9784.81
203.26	9880.63
203.33	9968.36
203.41	10035.95
203.48	10094.14
203.55	10125.08
203.63	10150.99
203.70	10182.66
203.77	10218.71
203.85	10262.66
203.92	10313.14
204.00	10376.21
204.07	10434.27
204.14	10493.28
204.22	10542.55
204.29	10597.42
204.37	10635.93
204.44	10673.33
204.51	10714.41
204.59	10758.22
204.66	10798.27
204.73	10851.59
204.81	10916.52
204.88	10990.26
204.96	11063.27
205.03	11136.95
205.10	11195.34
205.18	11247.88
205.25	11285.96
205.32	11333.62
205.40	11383.27
205.47	11445.89
205.55	11507.41
205.62	11576.98
205.69	11650.71
205.77	11727.13
205.84	11804.30
205.91	11882.73
205.99	11957.02
206.06	12018.42
206.14	12079.90
206.21	12142.68
206.28	12197.89
206.36	12267.20
206.43	12330.12
206.50	12406.94
206.58	12480.58
206.65	12559.35
206.72	12624.93
206.80	12690.03
206.87	12743.11
206.95	12800.76
207.02	12872.11
207.09	12950.74
207.17	13042.83
207.24	13142.08
207.31	13239.91
207.39	13331.65
207.46	13419.95
207.53	13504.36
207.61	13587.66
207.68	13670.61
207.75	13757.91
207.83	13845.77
207.90	13928.14
207.98	14005.81
208.05	14088.40
208.12	14160.59
208.20	14239.76
208.27	14320.78
208.34	14404.17
208.42	14471.80
208.49	14549.57
208.56	14619.51
208.64	14704.06
208.71	14784.98
208.78	14879.79
208.86	14984.15
208.93	15092.40
209.00	15196.37
209.08	15311.27
209.15	15425.20
209.22	15535.32
209.30	15643.25
209.37	15751.36
209.44	15855.89
209.52	15960.73
209.59	16053.85
209.67	16155.51
209.74	16252.98
209.81	16351.79
209.89	16444.74
209.96	16541.36
210.03	16632.67
210.11	16721.64
210.18	16799.08
210.25	16885.75
210.33	16975.24
210.40	17068.69
210.47	17178.02
210.55	17305.27
210.62	17433.56
210.69	17558.08
210.77	17689.62
210.84	17813.20
210.91	17939.24
210.99	18058.68
211.06	18185.20
211.13	18305.48
211.21	18428.78
211.28	18543.91
211.35	18667.09
211.42	18793.59
211.50	18913.99
211.57	19036.04
211.64	19148.21
211.72	19249.16
211.79	19329.26
211.86	19410.37
211.94	19510.49
212.01	19619.77
212.08	19747.07
212.16	19884.95
212.23	20029.85
212.30	20161.20
212.38	20297.18
212.45	20432.95
212.52	20573.35
212.60	20711.12
212.67	20844.58
212.74	20977.64
212.82	21103.27
212.89	21227.05
212.96	21355.17
213.03	21485.49
213.11	21617.86
213.18	21748.72
213.25	21882.42
213.33	22004.98
213.40	22116.77
213.47	22230.39
213.55	22345.37
213.62	22458.06
213.69	22579.48
213.77	22710.64
213.84	22847.76
213.91	22998.45
213.98	23152.27
214.06	23303.18
214.13	23463.13
214.20	23612.62
214.28	23757.37
214.35	23897.18
214.42	24039.77
214.50	24177.41
214.57	24314.88
214.64	24444.07
214.72	24585.44
214.79	24729.88
214.86	24867.11
214.93	25006.28
215.01	25153.46
215.08	25283.71
215.15	25406.25
215.23	25526.96
215.30	25651.32
215.37	25763.65
215.44	25900.97
215.52	26050.63
215.59	26205.89
215.66	26355.52
215.74	26513.17
215.81	26653.02
215.88	26802.05
215.95	26940.43
216.03	27084.36
216.10	27235.67
216.17	27387.17
216.25	27526.70
216.32	27681.18
216.39	27831.86
216.46	27979.05
216.54	28126.00
216.61	28282.94
216.68	28424.82
216.76	28566.01
216.83	28697.13
216.90	28825.27
216.97	28949.17
217.05	29081.18
217.12	29208.22
217.19	29346.23
217.27	29490.57
217.34	29622.36
217.41	29759.50
217.48	29902.79
217.56	30049.65
217.63	30200.31
217.70	30352.31
217.78	30505.95
217.85	30663.43
217.92	30806.47
217.99	30950.93
218.07	31092.52
218.14	31232.83
218.21	31372.46
218.28	31521.90
218.36	31666.49
218.43	31816.12
218.50	31964.37
218.57	32108.57
218.65	32242.34
218.72	32362.83
218.79	32482.09
218.87	32594.42
218.94	32711.38
219.01	32838.92
219.08	32973.13
219.16	33118.12
219.23	33263.59
219.30	33415.88
219.37	33560.81
219.45	33714.53
219.52	33863.16
219.59	34003.43
219.66	34127.78
219.74	34256.90
219.81	34393.72
219.88	34522.17
219.95	34661.72
220.03	34814.03
220.10	34956.19
220.17	35088.41
220.24	35225.52
220.32	35362.38
220.39	35479.09
220.46	35595.98
220.53	35713.39
220.61	35820.18
220.68	35919.82
220.75	36034.62
220.82	36162.42
220.90	36284.84
220.97	36413.92
221.04	36545.61
221.11	36654.98
221.19	36769.57
221.26	36895.24
221.33	37019.41
221.40	37154.42
221.48	37298.87
221.55	37425.77
221.62	37536.56
221.69	37653.60
221.77	37768.96
221.84	37891.08
221.91	38010.85
221.98	38140.11
222.06	38269.70
222.13	38385.00
222.20	38489.59
222.27	38601.41
222.35	38702.20
222.42	38802.69
222.49	38905.44
222.56	39020.61
222.63	39130.47
222.71	39239.70
222.78	39347.34
222.85	39456.58
222.92	39562.21
223.00	39669.66
223.07	39785.93
223.14	39891.10
223.21	39996.84
223.29	40103.67
223.36	40213.32
223.43	40320.20
223.50	40436.07
223.57	40552.81
223.65	40670.90
223.72	40781.29
223.79	40892.17
223.86	40990.07
223.94	41083.54
224.01	41172.61
224.08	41266.83
224.15	41346.92
224.22	41438.10
224.30	41521.56
224.37	41600.87
224.44	41689.61
224.51	41785.97
224.59	41867.39
224.66	41947.95
224.73	42043.41
224.80	42130.64
224.87	42219.95
224.95	42328.27
225.02	42448.50
225.09	42549.03
225.16	42642.82
225.23	42739.99
225.31	42826.32
225.38	42901.54
225.45	42984.64
225.52	43070.13
225.60	43151.12
225.67	43229.33
225.74	43310.58
225.81	43392.10
225.88	43470.86
225.96	43552.74
226.03	43627.05
226.10	43703.96
226.17	43779.33
226.24	43856.78
226.32	43931.30
226.39	44018.24
226.46	44094.08
226.53	44173.08
226.60	44254.74
226.68	44340.83
226.75	44424.32
226.82	44520.69
226.89	44610.27
226.96	44692.95
227.04	44752.20
227.11	44808.54
227.18	44859.41
227.25	44902.34
227.32	44949.80
227.40	45021.36
227.47	45094.03
227.54	45179.56
227.61	45267.55
227.68	45347.89
227.76	45419.13
227.83	45486.88
227.90	45540.67
227.97	45600.05
228.04	45661.85
228.11	45719.32
228.19	45781.31
228.26	45842.11
228.33	45901.90
228.40	45956.15
228.47	46016.89
228.55	46072.59
228.62	46134.72
228.69	46193.68
228.76	46255.12
228.83	46314.27
228.90	46370.09
228.98	46427.59
229.05	46484.12
229.12	46554.52
229.19	46619.76
229.26	46687.94
229.34	46746.00
229.41	46803.58
229.48	46851.98
229.55	46902.31
229.62	46960.88
229.69	47021.12
229.77	47078.12
229.84	47134.52
229.91	47192.25
229.98	47235.18
230.05	47274.15
230.12	47320.56
230.20	47366.95
230.27	47406.52
230.34	47462.42
230.41	47524.34
230.48	47585.24
230.55	47644.10
230.63	47711.26
230.70	47776.51
230.77	47824.42
230.84	47866.11
230.91	47901.44
230.98	47935.02
231.06	47964.23
231.13	48016.69
231.20	48078.02
231.27	48142.77
231.34	48204.46
231.41	48260.41
231.49	48304.44
231.56	48348.89
231.63	48395.52
231.70	48439.10
231.77	48486.50
231.84	48528.29
231.92	48560.18
231.99	48593.12
232.06	48626.97
232.13	48655.48
232.20	48702.32
232.27	48752.19
232.34	48789.72
232.42	48821.30
232.49	48854.48
232.56	48878.30
232.63	48908.23
232.70	48942.96
232.77	48999.17
232.85	49055.01
232.92	49109.90
232.99	49149.69
233.06	49188.92
233.13	49210.79
233.20	49221.24
233.27	49220.38
233.35	49223.86
233.42	49237.51
233.49	49247.52
233.56	49278.42
233.63	49323.68
233.70	49366.96
233.77	49407.34
233.85	49453.46
233.92	49498.31
233.99	49528.24
234.06	49560.76
234.13	49584.21
234.20	49608.68
234.27	49626.08
234.35	49643.42
234.42	49656.72
234.49	49669.93
234.56	49688.44
234.63	49696.67
234.70	49711.50
234.77	49728.11
234.84	49743.61
234.92	49744.77
234.99	49757.20
235.06	49768.41
235.13	49777.29
235.20	49786.80
235.27	49806.65
235.34	49820.24
235.41	49837.11
235.49	49852.67
235.56	49867.99
235.63	49879.34
235.70	49889.94
235.77	49895.61
235.84	49902.48
235.91	49903.49
235.98	49898.19
236.06	49892.75
236.13	49885.37
236.20	49878.98
236.27	49856.22
236.34	49839.77
236.41	49817.98
236.48	49800.35
236.55	49791.38
236.63	49795.17
236.70	49797.30
236.77	49812.97
236.84	49834.63
236.91	49842.18
236.98	49850.73
237.05	49865.74
237.12	49859.66
237.19	49843.23
237.27	49840.95
237.34	49840.15
237.41	49831.66
237.48	49826.17
237.55	49818.14
237.62	49807.00
237.69	49807.97
237.76	49804.19
237.83	49813.14
237.91	49822.29
237.98	49828.80
238.05	49823.16
238.12	49818.42
238.19	49809.33
238.26	49818.91
238.33	49813.94
238.40	49805.50
238.47	49795.57
238.54	49788.95
238.62	49763.30
238.69	49747.17
238.76	49739.90
238.83	49733.62
238.90	49724.66
238.97	49722.69
239.04	49720.88
239.11	49718.58
239.18	49719.77
239.25	49714.83
239.33	49697.26
239.40	49678.62
239.47	49657.82
239.54	49626.99
239.61	49597.78
239.68	49565.39
239.75	49541.54
239.82	49522.04
239.89	49518.59
239.96	49523.87
240.03	49536.17
240.11	49540.49
240.18	49539.02
240.25	49528.93
240.32	49511.94
240.39	49496.60
240.46	49486.35
240.53	49484.82
240.60	49481.01
240.67	49475.88
240.74	49466.40
240.81	49461.72
240.88	49452.12
240.96	49442.22
241.03	49431.10
241.10	49428.40
241.17	49412.88
241.24	49399.53
241.31	49392.97
241.38	49392.05
241.45	49388.20
241.52	49387.44
241.59	49378.36
241.66	49365.19
241.73	49347.52
241.80	49328.01
241.88	49310.64
241.95	49292.55
242.02	49275.59
242.09	49252.82
242.16	49234.82
242.23	49219.95
242.30	49210.24
242.37	49194.51
242.44	49198.92
242.51	49188.50
242.58	49189.30
242.65	49189.24
242.72	49193.46
242.79	49176.26
242.87	49176.18
242.94	49158.23
243.01	49148.47
243.08	49146.24
243.15	49150.44
243.22	49149.14
243.29	49157.39
243.36	49154.85
243.43	49146.39
243.50	49164.42
243.57	49187.34
243.64	49197.70
243.71	49208.15
243.78	49207.96
243.85	49192.15
243.92	49178.20
243.99	49165.82
244.07	49155.27
244.14	49151.80
244.21	49142.39
244.28	49128.35
244.35	49114.80
244.42	49109.72
244.49	49112.49
244.56	49114.58
244.63	49121.50
244.70	49121.33
244.77	49118.93
244.84	49115.02
244.91	49120.74
244.98	49129.88
245.05	49150.93
245.12	49175.33
245.19	49199.02
245.26	49202.67
245.33	49204.92
245.40	49221.81
245.47	49244.07
245.55	49266.67
245.62	49283.76
245.69	49293.09
245.76	49294.25
245.83	49289.59
245.90	49276.13
245.97	49274.72
246.04	49285.19
246.11	49293.32
246.18	49296.02
246.25	49299.81
246.32	49309.14
246.39	49304.15
246.46	49304.18
246.53	49307.50
246.60	49318.07
246.67	49327.81
246.74	49349.86
246.81	49367.06
246.88	49380.32
246.95	49397.07
247.02	49420.78
247.09	49440.29
247.16	49448.25
247.23	49448.60
247.30	49443.41
247.37	49427.47
247.44	49422.54
247.51	49428.34
247.58	49453.21
247.66	49488.10
247.73	49531.39
247.80	49560.82
247.87	49594.80
247.94	49616.26
248.01	49636.13
248.08	49653.54
248.15	49674.12
248.22	49696.36
248.29	49719.78
248.36	49736.80
248.43	49755.24
248.50	49774.58
248.57	49786.36
248.64	49796.33
248.71	49813.02
248.78	49834.31
248.85	49851.41
248.92	49864.35
248.99	49880.74
249.06	49896.01
249.13	49903.87
249.20	49920.02
249.27	49938.83
249.34	49953.04
249.41	49957.03
249.48	49942.36
249.55	49921.02
249.62	49915.12
249.69	49923.52
249.76	49949.67
249.83	49996.52
249.90	50043.32
249.97	50080.04
250.04	50116.82
250.11	50148.08
250.18	50166.76
250.25	50189.32
250.32	50201.28
250.39	50217.08
250.46	50222.39
250.53	50247.08
250.60	50268.88
250.67	50298.55
250.74	50313.43
250.81	50324.69
250.88	50333.27
250.95	50341.84
251.02	50352.32
251.09	50370.45
251.16	50400.74
251.23	50418.14
251.30	50428.02
251.37	50433.96
251.44	50445.17
251.51	50454.14
251.58	50468.12
251.65	50488.95
251.72	50502.36
251.79	50514.58
251.86	50523.34
251.93	50529.15
252.00	50527.54
252.07	50535.59
252.14	50540.50
252.21	50534.63
252.28	50544.83
252.35	50562.29
252.42	50588.06
252.49	50599.74
252.56	50618.59
252.63	50619.58
252.70	50616.34
252.77	50613.27
252.84	50616.09
252.91	50627.41
252.98	50655.15
253.05	50675.00
253.12	50680.34
253.19	50691.87
253.25	50704.85
253.32	50699.80
253.39	50716.38
253.46	50743.84
253.53	50762.46
253.60	50769.30
253.67	50778.89
253.74	50784.22
253.81	50789.97
253.88	50795.43
253.95	50808.37
254.02	50823.24
254.09	50839.23
254.16	50845.96
254.23	50852.36
254.30	50856.52
254.37	50866.80
254.44	50870.72
254.51	50876.76
254.58	50878.59
254.65	50884.31
254.72	50883.33
254.79	50873.50
254.86	50873.96
254.93	50874.76
255.00	50871.42
255.07	50878.00
255.14	50891.17
255.21	50887.91
255.28	50882.26
255.34	50871.58
255.41	50858.26
255.48	50845.36
255.55	50836.96
255.62	50841.69
255.69	50844.71
255.76	50843.17
255.83	50849.15
255.90	50854.88
255.97	50870.07
256.04	50865.34
256.11	50871.37
256.18	50863.87
256.25	50859.23
256.32	50841.87
256.39	50850.46
256.46	50847.40
256.53	50847.38
256.60	50840.94
256.67	50839.51
256.74	50834.14
256.80	50830.49
256.87	50833.12
256.94	50834.15
257.01	50829.13
257.08	50828.39
257.15	50815.81
257.22	50797.57
257.29	50776.53
257.36	50754.88
257.43	50735.74
257.50	50725.36
257.57	50711.77
257.64	50709.29
257.71	50701.96
257.78	50683.48
257.85	50664.24
257.92	50651.65
257.98	50630.92
258.05	50621.20
258.12	50600.06
258.19	50579.59
258.26	50556.99
258.33	50541.01
258.40	50524.87
258.47	50528.87
258.54	50533.58
258.61	50538.70
258.68	50535.22
258.75	50516.68
258.82	50494.24
258.89	50463.31
258.95	50437.78
259.02	50424.28
259.09	50410.55
259.16	50393.36
259.23	50376.74
259.30	50351.00
259.37	50323.01
259.44	50301.93
259.51	50285.87
259.58	50274.77
259.65	50261.50
259.72	50243.95
259.79	50213.92
259.85	50178.62
259.92	50138.81
259.99	50110.91
260.06	50085.01
260.13	50060.69
260.20	50036.76
260.27	50007.96
260.34	49968.63
260.41	49932.25
260.48	49901.60
260.55	49882.34
260.62	49870.78
260.68	49850.23
260.75	49821.72
260.82	49807.08
260.89	49781.56
260.96	49750.98
261.03	49732.80
261.10	49712.61
261.17	49681.82
261.24	49651.90
261.31	49623.57
261.38	49592.95
261.44	49559.81
261.51	49518.22
261.58	49476.78
261.65	49434.06
261.72	49388.37
261.79	49351.73
261.86	49322.34
261.93	49296.16
262.00	49269.80
262.07	49244.71
262.13	49215.61
262.20	49187.12
262.27	49147.09
262.34	49114.67
262.41	49076.84
262.48	49035.17
262.55	48994.34
262.62	48962.74
262.69	48917.87
262.76	48889.78
262.82	48861.54
262.89	48838.23
262.96	48811.41
263.03	48786.82
263.10	48754.13
263.17	48718.18
263.24	48672.07
263.31	48633.38
263.38	48597.17
263.44	48558.12
263.51	48511.97
263.58	48467.41
263.65	48423.42
263.72	48374.42
263.79	48328.44
263.86	48292.65
263.93	48255.35
264.00	48216.02
264.06	48192.54
264.13	48157.84
264.20	48126.26
264.27	48089.48
264.34	48050.82
264.41	47999.84
264.48	47957.75
264.55	47909.96
264.61	47865.26
264.68	47817.03
264.75	47773.41
264.82	47726.93
264.89	47682.39
264.96	47647.72
265.03	47607.19
265.10	47570.88
265.16	47536.37
265.23	47503.52
265.30	47475.79
265.37	47446.67
265.44	47402.52
265.51	47362.33
265.58	47316.87
265.65	47260.32
265.71	47207.91
265.78	47176.47
265.85	47131.72
265.92	47087.59
265.99	47046.68
266.06	47012.83
266.13	46961.26
266.20	46932.43
266.26	46900.78
266.33	46859.99
266.40	46816.83
266.47	46765.62
266.54	46689.98
266.61	46631.73
266.68	46574.14
266.74	46508.28
266.81	46460.21
266.88	46418.79
266.95	46360.92
267.02	46315.38
267.09	46281.06
267.16	46242.14
267.22	46199.12
267.29	46167.77
267.36	46130.77
267.43	46089.11
267.50	46047.45
267.57	46021.89
267.64	45984.61
267.70	45948.25
267.77	45910.37
267.84	45876.96
267.91	45830.12
267.98	45779.60
268.05	45734.97
268.11	45689.62
268.18	45634.53
268.25	45580.81
268.32	45543.97
268.39	45501.38
268.46	45456.43
268.53	45419.09
268.59	45384.74
268.66	45344.80
268.73	45300.41
268.80	45262.98
268.87	45214.71
268.94	45173.71
269.00	45130.72
269.07	45091.36
269.14	45061.83
269.21	45038.63
269.28	45004.92
269.35	44968.83
269.41	44936.92
269.48	44889.38
269.55	44835.95
269.62	44784.13
269.69	44745.47
269.76	44693.67
269.82	44645.89
269.89	44615.07
269.96	44589.52
270.03	44549.64
270.10	44518.86
270.17	44477.83
270.23	44440.03
270.30	44392.65
270.37	44359.92
270.44	44328.12
270.51	44304.65
270.58	44270.06
270.64	44244.48
270.71	44207.44
270.78	44177.14
270.85	44140.44
270.92	44108.48
270.99	44074.86
271.05	44049.07
271.12	44006.60
271.19	43968.82
271.26	43920.71
271.33	43874.57
271.39	43830.06
271.46	43788.45
271.53	43756.25
271.60	43738.73
271.67	43718.49
271.74	43687.19
271.80	43663.12
271.87	43637.07
271.94	43600.41
272.01	43564.77
272.08	43537.97
272.14	43500.93
272.21	43468.66
272.28	43447.21
272.35	43427.62
272.42	43402.27
272.48	43384.17
272.55	43364.17
272.62	43336.89
272.69	43312.54
272.76	43300.33
272.83	43278.35
272.89	43250.31
272.96	43223.01
273.03	43187.84
273.10	43148.05
273.17	43119.58
273.23	43093.59
273.30	43076.22
273.37	43052.00
273.44	43028.00
273.51	43005.23
273.57	42985.73
273.64	42957.27
273.71	42939.81
273.78	42916.78
273.85	42899.43
273.91	42879.08
273.98	42864.35
274.05	42852.16
274.12	42840.94
274.19	42820.02
274.25	42802.55
274.32	42773.47
274.39	42737.18
274.46	42694.23
274.53	42648.36
274.59	42589.29
274.66	42550.63
274.73	42521.69
274.80	42495.90
274.86	42474.45
274.93	42461.72
275.00	42432.11
275.07	42393.21
275.14	42365.77
275.20	42335.41
275.27	42311.64
275.34	42290.87
275.41	42286.40
275.48	42265.27
275.54	42254.48
275.61	42233.72
275.68	42215.54
275.75	42186.83
275.81	42162.00
275.88	42131.15
275.95	42112.86
276.02	42087.19
276.09	42055.75
276.15	42029.19
276.22	42010.13
276.29	41986.02
276.36	41960.97
276.42	41937.94
276.49	41913.04
276.56	41879.86
276.63	41839.94
276.70	41815.34
276.76	41799.24
276.83	41785.60
276.90	41772.09
276.97	41762.47
277.03	41742.35
277.10	41722.29
277.17	41700.18
277.24	41685.89
277.30	41668.05
277.37	41650.02
277.44	41631.25
277.51	41617.02
277.58	41588.79
277.64	41569.61
277.71	41553.79
277.78	41532.32
277.85	41500.71
277.91	41473.01
277.98	41448.07
278.05	41421.89
278.12	41406.71
278.18	41385.02
278.25	41368.47
278.32	41345.93
278.39	41330.09
278.45	41308.96
278.52	41299.96
278.59	41290.19
278.66	41276.52
278.72	41259.12
278.79	41235.90
278.86	41212.19
278.93	41197.62
278.99	41180.99
279.06	41157.94
279.13	41134.19
279.20	41117.83
279.26	41092.03
279.33	41074.07
279.40	41052.32
279.47	41034.90
279.53	41004.04
279.60	40976.77
279.67	40945.96
279.74	40916.42
279.80	40893.28
279.87	40880.76
279.94	40865.74
280.01	40856.19
280.07	40846.93
280.14	40828.08
280.21	40805.62
280.28	40783.52
280.34	40751.47
280.41	40720.43
280.48	40688.49
280.55	40657.22
280.61	40626.80
280.68	40608.12
280.75	40585.53
280.82	40557.39
280.88	40531.27
280.95	40488.22
281.02	40429.83
281.08	40360.17
281.15	40294.72
281.22	40221.92
281.29	40157.08
281.35	40098.72
281.42	40062.57
281.49	40023.54
281.56	39994.80
281.62	39972.78
281.69	39946.08
281.76	39916.89
281.82	39887.49
281.89	39855.63
281.96	39827.47
282.03	39804.89
282.09	39779.42
282.16	39755.64
282.23	39729.86
282.30	39704.27
282.36	39679.24
282.43	39658.99
282.50	39648.32
282.56	39627.68
282.63	39611.43
282.70	39588.71
282.77	39575.89
282.83	39553.11
282.90	39541.53
282.97	39516.28
283.03	39496.88
283.10	39466.02
283.17	39444.98
283.24	39417.58
283.30	39390.95
283.37	39365.95
283.44	39338.18
283.50	39311.51
283.57	39292.88
283.64	39273.02
283.71	39241.77
283.77	39211.75
283.84	39179.55
283.91	39136.72
283.97	39104.17
284.04	39097.24
284.11	39097.99
284.18	39100.18
284.24	39110.34
284.31	39120.54
284.38	39118.05
284.44	39108.65
284.51	39089.14
284.58	39075.97
284.64	39064.21
284.71	39053.97
284.78	39047.30
284.85	39040.23
284.91	39021.00
284.98	38999.70
285.05	38974.33
285.11	38948.46
285.18	38928.04
285.25	38920.49
285.31	38914.52
285.38	38915.91
285.45	38914.71
285.52	38919.94
285.58	38911.30
285.65	38904.11
285.72	38885.15
285.78	38867.08
285.85	38852.89
285.92	38836.25
285.98	38816.68
286.05	38808.76
286.12	38800.70
286.18	38785.83
286.25	38784.17
286.32	38782.24
286.39	38777.76
286.45	38772.08
286.52	38763.61
286.59	38753.85
286.65	38745.45
286.72	38739.14
286.79	38730.39
286.85	38716.67
286.92	38702.87
286.99	38692.12
287.05	38670.62
287.12	38664.52
287.19	38661.61
287.25	38661.48
287.32	38654.78
287.39	38656.22
287.45	38652.67
287.52	38651.00
287.59	38651.13
287.65	38652.83
287.72	38647.58
287.79	38637.59
287.86	38626.79
287.92	38612.98
287.99	38602.17
288.06	38595.22
288.12	38585.78
288.19	38579.88
288.26	38570.71
288.32	38558.19
288.39	38549.77
288.46	38553.66
288.52	38558.01
288.59	38556.79
288.66	38562.53
288.72	38567.62
288.79	38566.84
288.86	38563.82
288.92	38561.29
288.99	38557.58
289.06	38552.21
289.12	38549.43
289.19	38548.21
289.26	38553.25
289.32	38559.36
289.39	38562.21
289.45	38565.83
289.52	38563.96
289.59	38567.78
289.65	38572.74
289.72	38580.17
289.79	38585.31
289.85	38593.05
289.92	38598.99
289.99	38603.55
290.05	38603.06
290.12	38596.82
290.19	38593.72
290.25	38592.92
290.32	38590.06
290.39	38595.47
290.45	38605.28
290.52	38617.49
290.59	38623.07
290.65	38621.72
290.72	38616.76
290.79	38609.63
290.85	38608.63
290.92	38615.00
290.98	38625.08
291.05	38638.85
291.12	38653.17
291.18	38667.15
291.25	38672.20
291.32	38675.59
291.38	38673.69
291.45	38673.37
291.52	38668.78
291.58	38670.16
291.65	38684.06
291.72	38704.67
291.78	38723.83
291.85	38734.52
291.91	38751.74
291.98	38771.04
292.05	38776.12
292.11	38781.99
292.18	38795.17
292.25	38803.30
292.31	38788.85
292.38	38790.04
292.45	38793.05
292.51	38804.02
292.58	38808.46
292.64	38829.42
292.71	38841.80
292.78	38853.14
292.84	38852.08
292.91	38862.70
292.98	38869.85
293.04	38874.50
293.11	38883.85
293.17	38896.79
293.24	38912.24
293.31	38928.98
293.37	38948.80
293.44	38961.11
293.51	38980.30
293.57	38985.97
293.64	38986.12
293.70	38995.96
293.77	39008.65
293.84	39012.62
293.90	39017.56
293.97	39031.50
294.04	39038.14
294.10	39045.77
294.17	39058.90
294.23	39077.49
294.30	39089.38
294.37	39102.07
294.43	39126.78
294.50	39134.81
294.56	39146.79
294.63	39154.27
294.70	39170.54
294.76	39170.94
294.83	39185.59
294.90	39200.57
294.96	39225.26
295.03	39240.39
295.09	39267.28
295.16	39290.77
295.23	39302.48
295.29	39308.18
295.36	39316.64
295.42	39314.30
295.49	39322.05
295.56	39340.57
295.62	39356.27
295.69	39370.23
295.75	39388.74
295.82	39403.05
295.89	39406.02
295.95	39413.77
296.02	39424.03
296.08	39426.46
296.15	39425.47
296.22	39439.03
296.28	39452.11
296.35	39475.37
296.41	39502.98
296.48	39527.90
296.55	39552.06
296.61	39575.50
296.68	39590.98
296.74	39609.76
296.81	39637.68
296.88	39661.14
296.94	39683.15
297.01	39704.85
297.07	39722.75
297.14	39738.20
297.20	39747.60
297.27	39763.89
297.34	39782.62
297.40	39803.16
297.47	39814.63
297.53	39829.42
297.60	39843.61
297.67	39854.82
297.73	39871.01
297.80	39884.80
297.86	39892.46
297.93	39902.88
298.00	39913.12
298.06	39923.97
298.13	39946.35
298.19	39963.07
298.26	39982.09
298.32	40002.57
298.39	40014.70
298.46	40022.82
298.52	40046.86
298.59	40056.17
298.65	40069.92
298.72	40093.88
298.78	40114.87
298.85	40132.05
298.92	40152.11
298.98	40168.71
299.05	40179.52
299.11	40197.02
299.18	40212.10
299.24	40228.27
299.31	40234.23
299.38	40247.31
299.44	40251.12
299.51	40262.57
299.57	40278.09
299.64	40300.34
299.70	40315.37
299.77	40328.36
299.84	40331.37
299.90	40330.54
299.97	40323.27
300.03	40321.72
300.10	40336.03
300.16	40355.79
300.23	40377.46
300.30	40398.73
300.36	40416.39
300.43	40430.05
300.49	40438.57
300.56	40460.06
300.62	40485.72
300.69	40506.19
300.75	40518.45
300.82	40540.36
300.89	40544.68
300.95	40557.38
301.02	40558.42
301.08	40567.50
301.15	40570.76
301.21	40576.79
301.28	40573.08
301.34	40583.66
301.41	40587.10
301.48	40588.49
301.54	40583.63
301.61	40588.45
301.67	40591.70
301.74	40599.27
301.80	40596.99
301.87	40600.31
301.93	40592.83
302.00	40587.86
302.06	40577.26
302.13	40574.72
302.20	40573.67
302.26	40576.05
302.33	40575.36
302.39	40573.67
302.46	40573.48
302.52	40568.24
302.59	40570.50
302.65	40573.87
302.72	40581.03
302.78	40584.28
302.85	40590.57
302.91	40583.92
302.98	40577.71
303.05	40566.71
303.11	40562.49
303.18	40557.40
303.24	40557.55
303.31	40547.92
303.37	40542.14
303.44	40535.56
303.50	40526.64
303.57	40511.35
303.63	40500.72
303.70	40493.68
303.76	40475.07
303.83	40464.81
303.89	40457.23
303.96	40448.55
304.03	40435.79
304.09	40426.58
304.16	40406.77
304.22	40376.84
304.29	40359.12
304.35	40331.63
304.42	40314.90
304.48	40297.81
304.55	40294.17
304.61	40277.72
304.68	40273.06
304.74	40269.07
304.81	40258.95
304.87	40233.82
304.94	40217.24
305.00	40196.39
305.07	40160.87
305.13	40130.51
305.20	40113.20
305.26	40094.19
305.33	40077.30
305.39	40062.16
305.46	40040.24
305.52	40018.47
305.59	39998.90
305.66	39969.23
305.72	39942.78
305.79	39921.29
305.85	39895.68
305.92	39855.24
305.98	39802.10
306.05	39674.31
306.11	39449.74
306.18	39163.80
306.24	38907.00
306.31	38762.48
306.37	38777.05
306.44	38942.10
306.50	39179.59
306.57	39398.26
306.63	39520.66
306.70	39553.03
306.76	39534.74
306.83	39500.87
306.89	39459.55
306.96	39421.57
307.02	39384.92
307.09	39354.26
307.15	39326.39
307.22	39301.98
307.28	39268.17
307.35	39234.09
307.41	39191.50
307.48	39152.67
307.54	39111.18
307.61	39075.30
307.67	39031.14
307.74	38992.27
307.80	38952.98
307.87	38908.04
307.93	38864.83
308.00	38833.88
308.06	38801.81
308.13	38764.93
308.19	38726.22
308.26	38693.92
308.32	38661.91
308.38	38631.08
308.45	38597.42
308.51	38577.60
308.58	38534.98
308.64	38478.82
308.71	38429.15
308.77	38380.47
308.84	38322.59
308.90	38293.32
308.97	38278.28
309.03	38258.89
309.10	38234.55
309.16	38209.87
309.23	38165.84
309.29	38114.96
309.36	38047.44
309.42	37984.43
309.49	37928.08
309.55	37869.65
309.62	37810.33
309.68	37770.03
309.75	37728.75
309.81	37678.86
309.88	37644.59
309.94	37610.17
310.00	37564.99
310.07	37522.87
310.13	37490.69
310.20	37445.67
310.26	37401.95
310.33	37356.71
310.39	37318.46
310.46	37270.04
310.52	37230.30
310.59	37195.31
310.65	37161.23
310.72	37110.09
310.78	37067.17
310.85	37015.11
310.91	36965.28
310.97	36922.87
311.04	36887.37
311.10	36844.12
311.17	36808.63
311.23	36768.32
311.30	36725.36
311.36	36685.81
311.43	36654.28
311.49	36615.98
311.56	36570.66
311.62	36526.01
311.69	36480.60
311.75	36433.58
311.81	36384.42
311.88	36338.57
311.94	36301.80
312.01	36278.15
312.07	36244.96
312.14	36215.15
312.20	36191.84
312.27	36158.32
312.33	36098.07
312.40	36046.33
312.46	35994.45
312.52	35940.03
312.59	35889.39
312.65	35848.73
312.72	35795.67
312.78	35744.47
312.85	35693.91
312.91	35636.98
312.98	35578.39
313.04	35538.75
313.10	35499.28
313.17	35459.41
313.23	35426.74
313.30	35395.65
313.36	35352.54
313.43	35308.03
313.49	35263.76
313.56	35202.92
313.62	35148.19
313.68	35101.24
313.75	35057.08
313.81	35013.31
313.88	34972.72
313.94	34937.52
314.01	34894.05
314.07	34857.03
314.13	34814.72
314.20	34784.79
314.26	34741.31
314.33	34700.48
314.39	34649.60
314.46	34587.52
314.52	34529.49
314.58	34474.63
314.65	34422.64
314.71	34375.92
314.78	34339.31
314.84	34300.04
314.91	34267.64
314.97	34225.10
315.03	34181.02
315.10	34143.57
315.16	34092.59
315.23	34044.76
315.29	33998.39
315.36	33954.46
315.42	33903.22
315.48	33860.71
315.55	33809.10
315.61	33762.13
315.68	33720.81
315.74	33683.19
315.81	33641.96
315.87	33599.68
315.93	33567.30
316.00	33533.92
316.06	33503.70
316.13	33480.54
316.19	33447.80
316.25	33384.03
316.32	33286.80
316.38	33166.76
316.45	33016.39
316.51	32851.01
316.58	32676.63
316.64	32497.89
316.70	32309.37
316.77	32106.82
316.83	31891.71
316.90	31662.72
316.96	31418.84
317.02	31163.26
317.09	30895.87
317.15	30615.72
317.22	30317.62
317.28	30004.94
317.34	29676.61
317.41	29341.12
317.47	28989.60
317.54	28622.07
317.60	28239.12
317.66	27840.28
317.73	27416.40
317.79	26984.69
317.86	26544.71
317.92	26094.27
317.98	25617.76
318.05	25125.48
318.11	24627.12
318.18	24123.22
318.24	23599.61
318.30	23076.85
318.37	22545.16
318.43	21989.31
318.50	21420.25
318.56	20846.65
318.62	20273.04
318.69	19698.20
318.75	19123.04
318.82	18549.66
318.88	17977.50
318.94	17396.97
319.01	16817.35
319.07	16243.99
319.13	15664.56
319.20	15093.25
319.26	14517.16
319.33	13950.27
319.39	13378.32
319.45	12828.17
319.52	12281.13
319.58	11749.49
319.65	11222.77
319.71	10713.86
319.77	10204.65
319.84	9706.94
319.90	9224.87
319.96	8754.54
320.03	8292.41
320.09	7850.49
320.16	7416.30
320.22	7000.57
320.28	6599.37
320.35	6217.29
320.41	5847.93
320.47	5501.26
320.54	5164.99
320.60	4848.73
320.67	4549.57
320.73	4262.92
320.79	3988.89
320.86	3733.46
320.92	3490.07
320.98	3264.11
321.05	3050.45
321.11	2850.01
321.18	2662.31
321.24	2488.80
321.30	2322.22
321.37	2173.27
321.43	2041.57
321.49	1916.72
321.56	1801.95
321.62	1700.47
321.68	1601.50
321.75	1510.62
321.81	1429.71
321.88	1355.22
321.94	1290.12
322.00	1233.40
322.07	1174.21
322.13	1121.04
322.19	1069.74
322.26	1017.84
322.32	974.18
322.38	938.37
322.45	908.75
322.51	876.72
322.58	852.67
322.64	821.52
322.70	795.12
322.77	761.64
322.83	742.22
322.89	712.12
322.96	686.03
323.02	659.07
323.08	633.99
323.15	605.25
323.21	583.20
323.27	562.00
323.34	539.60
323.40	517.79
323.46	496.32
323.53	468.53
323.59	398.37
323.65	301.23
323.72	190.15
323.78	82.50
323.85	-16.14
323.91	-66.60
323.97	-85.38
324.04	-86.03
