180.21	3422.23
180.28	-125.98
180.36	631.23
180.44	-48.23
180.51	-17.18
180.59	6.27
180.66	33.53
180.74	31.84
180.81	31.65
180.89	33.81
180.97	35.00
181.04	33.18
181.12	32.59
181.19	33.71
181.27	34.96
181.34	51.22
181.42	58.05
181.50	65.06
181.57	75.84
181.65	80.47
181.72	74.94
181.80	70.72
181.87	71.90
181.95	73.73
182.03	75.90
182.10	81.89
182.18	88.22
182.25	98.69
182.33	105.93
182.40	120.96
182.48	125.28
182.55	145.72
182.63	159.79
182.71	173.47
182.78	187.41
182.86	203.94
182.93	200.34
183.01	193.05
183.08	180.49
183.16	172.10
183.23	160.98
183.31	172.20
183.39	187.11
183.46	217.14
183.54	239.96
183.61	278.84
183.69	311.95
183.76	359.39
183.84	398.30
183.91	440.44
183.99	492.24
184.06	533.34
184.14	578.63
184.22	630.60
184.29	661.39
184.37	672.57
184.44	679.42
184.52	633.80
184.59	547.50
184.67	474.66
184.74	406.11
184.82	367.10
184.89	379.97
184.97	445.70
185.04	531.49
185.12	619.57
185.20	713.78
185.27	805.29
185.35	902.36
185.42	966.49
185.50	1037.87
185.57	1093.78
185.65	1138.61
185.72	1189.56
185.80	1272.14
185.87	1335.82
185.95	1425.09
186.02	1536.68
186.10	1584.39
186.17	1585.02
186.25	1515.77
186.33	1322.54
186.40	1107.20
186.48	961.85
186.55	885.64
186.63	913.91
186.70	1068.88
186.78	1238.25
186.85	1387.15
186.93	1514.02
187.00	1631.51
187.08	1749.09
187.15	1866.76
187.23	2000.13
187.30	2127.72
187.38	2242.31
187.45	2367.69
187.53	2491.93
187.60	2573.79
187.68	2690.07
187.75	2815.90
187.83	2880.81
187.90	2951.31
187.98	3031.36
188.05	2994.95
188.13	2795.75
188.21	2510.57
188.28	2227.66
188.36	1973.91
188.43	1835.15
188.51	1902.49
188.58	2114.93
188.66	2322.91
188.73	2533.54
188.81	2739.29
188.88	2904.41
188.96	3061.34
189.03	3207.72
189.11	3357.57
189.18	3486.24
189.26	3597.04
189.33	3714.68
189.41	3835.31
189.48	3916.28
189.56	4021.39
189.63	4135.30
189.71	4190.20
189.78	4256.18
189.86	4336.13
189.93	4364.51
190.01	4340.01
190.08	4256.15
190.16	3999.26
190.23	3622.22
190.31	3299.28
190.38	3084.44
190.46	2999.46
190.53	3108.78
190.61	3367.04
190.68	3608.29
190.76	3829.39
190.83	4014.74
190.91	4180.00
190.98	4340.22
191.06	4488.69
191.13	4632.00
191.21	4761.46
191.28	4878.96
191.35	4996.84
191.43	5099.99
191.50	5168.04
191.58	5260.34
191.65	5338.72
191.73	5374.12
191.80	5422.55
191.88	5449.20
191.95	5438.36
192.03	5441.66
192.10	5461.09
192.18	5461.22
192.25	5424.00
192.33	5279.44
192.40	5032.90
192.48	4790.89
192.55	4610.38
192.63	4523.31
192.70	4597.91
192.78	4799.74
192.85	5023.46
192.93	5223.88
193.00	5398.64
193.08	5545.07
193.15	5683.25
193.22	5784.64
193.30	5874.91
193.37	5965.87
193.45	6026.89
193.52	6085.18
193.60	6155.74
193.67	6210.96
193.75	6260.61
193.82	6317.27
193.90	6342.23
193.97	6371.72
194.05	6403.55
194.12	6425.00
194.20	6462.48
194.27	6515.32
194.34	6553.04
194.42	6580.19
194.49	6611.98
194.57	6614.31
194.64	6557.74
194.72	6454.15
194.79	6352.29
194.87	6264.89
194.94	6210.31
195.02	6224.38
195.09	6302.37
195.17	6405.56
195.24	6505.33
195.31	6611.87
195.39	6710.82
195.46	6804.47
195.54	6887.58
195.61	6962.60
195.69	7019.32
195.76	7065.72
195.84	7108.11
195.91	7133.27
195.99	7139.37
196.06	7139.77
196.13	7147.84
196.21	7148.94
196.28	7158.16
196.36	7179.15
196.43	7192.77
196.51	7196.42
196.58	7203.43
196.66	7214.27
196.73	7236.11
196.80	7276.18
196.88	7321.66
196.95	7376.81
197.03	7427.53
197.10	7452.55
197.18	7457.14
197.25	7456.35
197.33	7457.23
197.40	7461.80
197.47	7473.50
197.55	7502.70
197.62	7535.09
197.70	7559.27
197.77	7584.46
197.85	7612.91
197.92	7633.51
197.99	7641.05
198.07	7628.42
198.14	7608.35
198.22	7607.28
198.29	7620.24
198.37	7662.73
198.44	7735.58
198.51	7816.17
198.59	7883.61
198.66	7950.81
198.74	8002.03
198.81	8039.44
198.89	8063.14
198.96	8087.85
199.03	8095.85
199.11	8104.70
199.18	8111.71
199.26	8127.47
199.33	8145.40
199.41	8169.73
199.48	8175.89
199.55	8166.46
199.63	8139.99
199.70	8117.24
199.78	8095.28
199.85	8110.75
199.93	8161.63
200.00	8245.44
200.07	8328.37
200.15	8420.04
200.22	8492.74
200.30	8545.86
200.37	8585.05
200.44	8610.89
200.52	8628.50
200.59	8649.93
200.67	8671.00
200.74	8681.95
200.81	8698.26
200.89	8712.10
200.96	8731.54
201.04	8742.24
201.11	8754.48
201.19	8757.67
201.26	8760.03
201.33	8757.60
201.41	8780.24
201.48	8825.13
201.56	8892.52
201.63	8980.06
201.70	9066.64
201.78	9139.58
201.85	9202.31
201.93	9253.63
202.00	9289.22
202.07	9321.02
202.15	9348.00
202.22	9371.01
202.30	9400.80
202.37	9430.51
202.44	9459.50
202.52	9493.65
202.59	9527.58
202.67	9551.76
202.74	9579.77
202.81	9599.91
202.89	9610.71
202.96	9629.59
203.04	9670.07
203.11	9717.69
203.18	9794.46
203.26	9883.83
203.33	9967.82
203.41	10032.05
203.48	10089.92
203.55	10116.52
203.63	10146.06
203.70	10177.73
203.77	10220.67
203.85	10261.79
203.92	10318.50
204.00	10384.79
204.07	10441.01
204.14	10496.09
204.22	10547.12
204.29	10595.82
204.37	10629.84
204.44	10667.59
204.51	10708.51
204.59	10752.09
204.66	10792.75
204.73	10844.85
204.81	10911.30
204.88	10981.07
204.96	11058.34
205.03	11132.79
205.10	11200.38
205.18	11253.91
205.25	11298.93
205.32	11342.53
205.40	11394.52
205.47	11448.28
205.55	11512.53
205.62	11581.47
205.69	11654.54
205.77	11725.96
205.84	11807.94
205.91	11884.16
205.99	11958.56
206.06	12020.82
206.14	12089.44
206.21	12151.07
206.28	12209.28
206.36	12272.24
206.43	12335.99
206.50	12410.94
206.58	12483.27
206.65	12560.81
206.72	12624.90
206.80	12691.95
206.87	12744.21
206.95	12801.21
207.02	12866.19
207.09	12945.60
207.17	13035.77
207.24	13132.73
207.31	13230.70
207.39	13327.23
207.46	13419.80
207.53	13504.51
207.61	13588.49
207.68	13670.34
207.75	13753.62
207.83	13840.11
207.90	13923.32
207.98	13997.72
208.05	14077.59
208.12	14153.39
208.20	14232.44
208.27	14309.33
208.34	14393.54
208.42	14460.35
208.49	14535.46
208.56	14604.11
208.64	14690.39
208.71	14778.82
208.78	14877.18
208.86	14983.14
208.93	15098.25
209.00	15205.88
209.08	15313.43
209.15	15427.96
209.22	15537.62
209.30	15641.10
209.37	15743.07
209.44	15848.24
209.52	15951.94
209.59	16049.00
209.67	16150.37
209.74	16252.09
209.81	16356.63
209.89	16457.41
209.96	16552.88
210.03	16642.56
210.11	16731.49
210.18	16809.10
210.25	16884.94
210.33	16973.62
210.40	17069.93
210.47	17181.78
210.55	17306.51
210.62	17440.33
210.69	17564.93
210.77	17697.96
210.84	17819.17
210.91	17945.08
210.99	18063.65
211.06	18189.66
211.13	18306.09
211.21	18428.27
211.28	18541.55
211.35	18665.49
211.42	18789.82
211.50	18917.19
211.57	19037.74
211.64	19152.06
211.72	19243.83
211.79	19331.89
211.86	19418.38
211.94	19521.78
212.01	19630.05
212.08	19761.30
212.16	19890.00
212.23	20025.10
212.30	20157.29
212.38	20289.47
212.45	20427.68
212.52	20566.50
212.60	20695.26
212.67	20827.02
212.74	20963.60
212.82	21091.66
212.89	21225.50
212.96	21361.30
213.03	21484.41
213.11	21619.35
213.18	21746.68
213.25	21879.12
213.33	22005.76
213.40	22128.13
213.47	22238.81
213.55	22358.14
213.62	22465.61
213.69	22585.81
213.77	22720.59
213.84	22863.09
213.91	23006.97
213.98	23161.44
214.06	23309.66
214.13	23463.22
214.20	23605.23
214.28	23754.99
214.35	23893.90
214.42	24038.47
214.50	24171.84
214.57	24308.57
214.64	24441.53
214.72	24580.04
214.79	24718.84
214.86	24859.00
214.93	25004.09
215.01	25144.81
215.08	25275.87
215.15	25405.78
215.23	25519.61
215.30	25637.46
215.37	25756.11
215.44	25899.02
215.52	26046.94
215.59	26208.47
215.66	26363.91
215.74	26518.79
215.81	26663.01
215.88	26805.27
215.95	26945.81
216.03	27090.54
216.10	27231.23
216.17	27377.24
216.25	27520.91
216.32	27672.69
216.39	27822.24
216.46	27978.43
216.54	28122.79
216.61	28277.49
216.68	28421.73
216.76	28561.40
216.83	28695.41
216.90	28828.10
216.97	28950.58
217.05	29083.34
217.12	29213.40
217.19	29340.96
217.27	29484.72
217.34	29625.75
217.41	29758.29
217.48	29894.54
217.56	30045.56
217.63	30197.06
217.70	30350.10
217.78	30506.55
217.85	30664.25
217.92	30813.78
217.99	30960.26
218.07	31103.22
218.14	31241.99
218.21	31386.18
218.28	31532.89
218.36	31670.07
218.43	31811.01
218.50	31964.29
218.57	32107.99
218.65	32242.05
218.72	32371.24
218.79	32496.35
218.87	32607.44
218.94	32729.35
219.01	32853.85
219.08	32986.80
219.16	33125.52
219.23	33276.76
219.30	33424.93
219.37	33573.53
219.45	33722.19
219.52	33871.20
219.59	34005.01
219.66	34128.66
219.74	34261.22
219.81	34405.63
219.88	34535.24
219.95	34672.68
220.03	34821.25
220.10	34957.89
220.17	35079.67
220.24	35217.15
220.32	35348.79
220.39	35468.00
220.46	35591.13
220.53	35710.01
220.61	35811.34
220.68	35917.55
220.75	36032.44
220.82	36152.74
220.90	36280.96
220.97	36417.68
221.04	36543.61
221.11	36663.41
221.19	36786.29
221.26	36905.56
221.33	37027.04
221.40	37159.77
221.48	37291.95
221.55	37414.80
221.62	37528.74
221.69	37645.78
221.77	37771.15
221.84	37896.56
221.91	38015.09
221.98	38142.59
222.06	38267.85
222.13	38383.23
222.20	38497.40
222.27	38613.55
222.35	38722.45
222.42	38831.13
222.49	38938.70
222.56	39045.27
222.63	39145.56
222.71	39249.93
222.78	39356.52
222.85	39464.25
222.92	39578.24
223.00	39685.34
223.07	39797.14
223.14	39903.24
223.21	40002.69
223.29	40096.42
223.36	40209.09
223.43	40312.23
223.50	40416.45
223.57	40538.36
223.65	40663.61
223.72	40777.12
223.79	40887.83
223.86	40988.60
223.94	41071.04
224.01	41152.96
224.08	41238.09
224.15	41324.14
224.22	41422.16
224.30	41511.57
224.37	41598.54
224.44	41697.39
224.51	41788.65
224.59	41867.80
224.66	41960.09
224.73	42050.91
224.80	42134.39
224.87	42234.32
224.95	42338.71
225.02	42440.63
225.09	42542.72
225.16	42641.22
225.23	42735.91
225.31	42828.15
225.38	42915.31
225.45	43001.10
225.52	43089.08
225.60	43168.50
225.67	43249.91
225.74	43321.33
225.81	43397.49
225.88	43469.60
225.96	43543.06
226.03	43611.97
226.10	43697.95
226.17	43781.59
226.24	43861.86
226.32	43946.07
226.39	44037.19
226.46	44112.49
226.53	44182.51
226.60	44266.35
226.68	44355.35
226.75	44438.09
226.82	44529.54
226.89	44619.57
226.96	44695.05
227.04	44748.44
227.11	44798.25
227.18	44851.35
227.25	44898.93
227.32	44954.75
227.40	45027.64
227.47	45104.12
227.54	45186.24
227.61	45271.29
227.68	45349.68
227.76	45423.68
227.83	45492.76
227.90	45551.69
227.97	45615.20
228.04	45678.75
228.11	45737.00
228.19	45797.76
228.26	45855.67
228.33	45914.43
228.40	45962.07
228.47	46013.55
228.55	46067.23
228.62	46121.36
228.69	46178.67
228.76	46245.10
228.83	46309.54
228.90	46372.89
228.98	46435.71
229.05	46497.54
229.12	46569.46
229.19	46636.15
229.26	46703.84
229.34	46765.59
229.41	46822.56
229.48	46859.82
229.55	46901.30
229.62	46954.24
229.69	47015.67
229.77	47068.85
229.84	47135.50
229.91	47200.90
229.98	47241.60
230.05	47279.17
230.12	47320.14
230.20	47366.46
230.27	47406.72
230.34	47465.55
230.41	47532.79
230.48	47592.23
230.55	47644.77
230.63	47708.26
230.70	47772.38
230.77	47815.13
230.84	47862.17
230.91	47896.08
230.98	47934.86
231.06	47964.32
231.13	48013.82
231.20	48076.00
231.27	48145.51
231.34	48208.17
231.41	48271.26
231.49	48322.31
231.56	48362.56
231.63	48412.06
231.70	48451.32
231.77	48492.16
231.84	48527.03
231.92	48563.64
231.99	48592.97
232.06	48630.64
232.13	48665.02
232.20	48710.85
232.27	48751.04
232.34	48788.92
232.42	48815.98
232.49	48844.58
232.56	48878.39
232.63	48920.50
232.70	48955.38
232.77	49008.76
232.85	49063.64
232.92	49113.91
232.99	49150.65
233.06	49184.49
233.13	49211.28
233.20	49222.66
233.27	49220.60
233.35	49224.63
233.42	49237.82
233.49	49257.13
233.56	49291.67
233.63	49331.11
233.70	49373.28
233.77	49420.41
233.85	49452.23
233.92	49488.45
233.99	49522.51
234.06	49556.00
234.13	49583.13
234.20	49618.32
234.27	49639.61
234.35	49654.04
234.42	49674.11
234.49	49684.56
234.56	49695.21
234.63	49707.50
234.70	49735.62
234.77	49749.13
234.84	49772.36
234.92	49782.94
234.99	49791.94
235.06	49794.63
235.13	49792.51
235.20	49792.59
235.27	49805.11
235.34	49813.78
235.41	49829.65
235.49	49853.05
235.56	49875.09
235.63	49891.30
235.70	49907.05
235.77	49914.60
235.84	49920.61
235.91	49914.06
235.98	49905.09
236.06	49897.99
236.13	49888.47
236.20	49879.44
236.27	49860.78
236.34	49848.38
236.41	49835.58
236.48	49823.99
236.55	49821.94
236.63	49827.57
236.70	49828.93
236.77	49839.76
236.84	49851.23
236.91	49855.77
236.98	49860.53
237.05	49867.52
237.12	49862.55
237.19	49858.23
237.27	49855.04
237.34	49857.04
237.41	49852.79
237.48	49845.79
237.55	49836.26
237.62	49822.86
237.69	49816.70
237.76	49813.61
237.83	49822.81
237.91	49832.76
237.98	49839.09
238.05	49836.20
238.12	49833.91
238.19	49826.43
238.26	49824.79
238.33	49819.33
238.40	49810.12
238.47	49792.32
238.54	49783.72
238.62	49768.89
238.69	49754.03
238.76	49749.94
238.83	49749.52
238.90	49734.26
238.97	49715.98
239.04	49712.68
239.11	49709.53
239.18	49707.68
239.25	49707.61
239.33	49699.56
239.40	49683.65
239.47	49659.89
239.54	49627.56
239.61	49599.70
239.68	49566.88
239.75	49549.71
239.82	49535.84
239.89	49528.39
239.96	49531.60
240.03	49546.64
240.11	49539.75
240.18	49528.02
240.25	49521.40
240.32	49508.79
240.39	49497.36
240.46	49490.05
240.53	49491.11
240.60	49490.51
240.67	49483.51
240.74	49474.87
240.81	49466.98
240.88	49456.48
240.96	49443.46
241.03	49434.68
241.10	49431.05
241.17	49426.99
241.24	49421.63
241.31	49422.40
241.38	49413.62
241.45	49407.01
241.52	49402.20
241.59	49390.33
241.66	49374.74
241.73	49365.90
241.80	49351.78
241.88	49333.26
241.95	49316.59
242.02	49296.96
242.09	49272.92
242.16	49248.30
242.23	49232.13
242.30	49226.92
242.37	49216.55
242.44	49217.46
242.51	49210.84
242.58	49209.79
242.65	49200.49
242.72	49204.52
242.79	49192.04
242.87	49193.21
242.94	49167.68
243.01	49163.41
243.08	49162.97
243.15	49165.77
243.22	49166.73
243.29	49187.49
243.36	49191.46
243.43	49191.99
243.50	49207.40
243.57	49223.08
243.64	49225.36
243.71	49225.64
243.78	49224.95
243.85	49204.34
243.92	49187.00
243.99	49180.31
244.07	49177.68
244.14	49165.50
244.21	49167.88
244.28	49161.98
244.35	49151.35
244.42	49138.00
244.49	49128.81
244.56	49119.59
244.63	49122.94
244.70	49124.23
244.77	49125.56
244.84	49136.80
244.91	49145.01
244.98	49149.58
245.05	49166.93
245.12	49189.80
245.19	49208.26
245.26	49221.23
245.33	49230.63
245.40	49253.10
245.47	49275.38
245.55	49286.72
245.62	49297.95
245.69	49298.54
245.76	49288.49
245.83	49281.67
245.90	49275.19
245.97	49279.47
246.04	49295.52
246.11	49306.62
246.18	49312.89
246.25	49325.03
246.32	49321.80
246.39	49317.53
246.46	49320.02
246.53	49325.09
246.60	49332.94
246.67	49353.02
246.74	49373.19
246.81	49389.72
246.88	49402.35
246.95	49418.79
247.02	49440.12
247.09	49457.72
247.16	49465.74
247.23	49465.13
247.30	49450.69
247.37	49430.22
247.44	49426.99
247.51	49429.63
247.58	49449.38
247.66	49493.68
247.73	49541.64
247.80	49578.65
247.87	49608.67
247.94	49632.81
248.01	49652.19
248.08	49669.93
248.15	49685.74
248.22	49710.17
248.29	49735.01
248.36	49753.91
248.43	49776.40
248.50	49796.16
248.57	49817.75
248.64	49829.46
248.71	49850.73
248.78	49871.20
248.85	49884.20
248.92	49894.01
248.99	49911.24
249.06	49918.67
249.13	49919.60
249.20	49937.02
249.27	49956.92
249.34	49970.20
249.41	49970.82
249.48	49958.94
249.55	49942.04
249.62	49935.31
249.69	49937.27
249.76	49961.78
249.83	50003.39
249.90	50049.64
249.97	50081.35
250.04	50117.18
250.11	50153.80
250.18	50181.52
250.25	50202.24
250.32	50218.49
250.39	50237.65
250.46	50241.65
250.53	50254.89
250.60	50274.40
250.67	50299.13
250.74	50317.81
250.81	50331.34
250.88	50350.51
250.95	50363.48
251.02	50379.90
251.09	50396.69
251.16	50424.68
251.23	50439.32
251.30	50448.11
251.37	50452.84
251.44	50456.06
251.51	50463.72
251.58	50474.00
251.65	50489.05
251.72	50501.49
251.79	50519.40
251.86	50526.05
251.93	50535.53
252.00	50541.78
252.07	50556.69
252.14	50570.29
252.21	50574.84
252.28	50587.00
252.35	50601.20
252.42	50622.99
252.49	50635.45
252.56	50644.89
252.63	50638.79
252.70	50637.92
252.77	50633.79
252.84	50632.23
252.91	50636.57
252.98	50658.42
253.05	50671.53
253.12	50673.04
253.19	50681.43
253.25	50702.70
253.32	50707.07
253.39	50729.05
253.46	50752.99
253.53	50775.89
253.60	50787.85
253.67	50800.67
253.74	50808.28
253.81	50824.98
253.88	50833.79
253.95	50843.90
254.02	50859.04
254.09	50868.23
254.16	50871.85
254.23	50874.69
254.30	50877.59
254.37	50882.72
254.44	50892.28
254.51	50894.84
254.58	50891.94
254.65	50891.94
254.72	50892.58
254.79	50881.56
254.86	50886.29
254.93	50886.34
255.00	50895.60
255.07	50897.89
255.14	50913.47
255.21	50905.90
255.28	50904.20
255.34	50880.99
255.41	50867.74
255.48	50851.16
255.55	50840.91
255.62	50840.08
255.69	50848.21
255.76	50855.25
255.83	50856.21
255.90	50867.34
255.97	50879.03
256.04	50879.06
256.11	50884.05
256.18	50886.61
256.25	50876.94
256.32	50865.30
256.39	50873.59
256.46	50866.68
256.53	50862.49
256.60	50860.93
256.67	50860.87
256.74	50852.94
256.80	50857.61
256.87	50858.99
256.94	50860.42
257.01	50857.80
257.08	50856.71
257.15	50838.19
257.22	50822.88
257.29	50797.34
257.36	50775.49
257.43	50749.36
257.50	50742.85
257.57	50731.01
257.64	50732.46
257.71	50721.39
257.78	50709.81
257.85	50686.70
257.92	50669.19
257.98	50650.58
258.05	50635.24
258.12	50608.89
258.19	50587.96
258.26	50567.71
258.33	50546.81
258.40	50536.66
258.47	50542.95
258.54	50551.33
258.61	50550.79
258.68	50545.38
258.75	50530.60
258.82	50517.18
258.89	50486.62
258.95	50468.72
259.02	50458.23
259.09	50444.11
259.16	50415.43
259.23	50388.66
259.30	50354.86
259.37	50323.60
259.44	50300.38
259.51	50290.63
259.58	50291.69
259.65	50277.69
259.72	50257.96
259.79	50229.54
259.85	50193.98
259.92	50149.78
259.99	50124.06
260.06	50103.26
260.13	50077.98
260.20	50052.04
260.27	50022.39
260.34	49989.61
260.41	49952.54
260.48	49921.14
260.55	49899.69
260.62	49885.19
260.68	49859.92
260.75	49831.00
260.82	49812.60
260.89	49793.59
260.96	49767.21
261.03	49750.39
261.10	49727.27
261.17	49698.39
261.24	49657.73
261.31	49623.12
261.38	49596.16
261.44	49562.89
261.51	49523.53
261.58	49482.74
261.65	49440.79
261.72	49388.58
261.79	49352.43
261.86	49319.96
261.93	49302.82
262.00	49277.25
262.07	49252.04
262.13	49223.97
262.20	49195.41
262.27	49153.08
262.34	49120.78
262.41	49089.14
262.48	49055.93
262.55	49021.58
262.62	48983.66
262.69	48941.33
262.76	48903.08
262.82	48865.44
262.89	48833.34
262.96	48809.78
263.03	48789.74
263.10	48762.71
263.17	48734.27
263.24	48697.21
263.31	48659.79
263.38	48623.27
263.44	48591.13
263.51	48545.09
263.58	48497.23
263.65	48455.58
263.72	48405.64
263.79	48357.72
263.86	48319.54
263.93	48281.97
264.00	48239.50
264.06	48207.82
264.13	48169.43
264.20	48140.19
264.27	48102.53
264.34	48064.93
264.41	48020.99
264.48	47976.09
264.55	47923.86
264.61	47883.07
264.68	47835.59
264.75	47796.51
264.82	47744.06
264.89	47703.12
264.96	47664.01
265.03	47617.89
265.10	47574.13
265.16	47542.41
265.23	47509.76
265.30	47481.03
265.37	47458.65
265.44	47423.45
265.51	47386.98
265.58	47339.35
265.65	47285.85
265.71	47230.98
265.78	47181.39
265.85	47139.14
265.92	47099.78
265.99	47058.55
266.06	47021.12
266.13	46977.88
266.20	46939.96
266.26	46902.20
266.33	46857.82
266.40	46812.79
266.47	46762.92
266.54	46692.60
266.61	46622.74
266.68	46562.60
266.74	46507.99
266.81	46454.13
266.88	46415.66
266.95	46371.92
267.02	46333.17
267.09	46285.87
267.16	46248.78
267.22	46205.92
267.29	46168.73
267.36	46128.31
267.43	46089.83
267.50	46053.03
267.57	46026.80
267.64	45994.38
267.70	45960.11
267.77	45924.76
267.84	45888.85
267.91	45837.86
267.98	45785.21
268.05	45734.97
268.11	45687.88
268.18	45630.64
268.25	45584.68
268.32	45548.24
268.39	45509.89
268.46	45471.33
268.53	45437.82
268.59	45395.91
268.66	45356.58
268.73	45313.52
268.80	45273.74
268.87	45227.72
268.94	45193.49
269.00	45153.65
269.07	45112.21
269.14	45082.27
269.21	45053.58
269.28	45007.82
269.35	44964.19
269.41	44932.06
269.48	44877.47
269.55	44823.23
269.62	44778.35
269.69	44743.74
269.76	44696.13
269.82	44656.91
269.89	44629.40
269.96	44605.65
270.03	44568.79
270.10	44541.15
270.17	44505.36
270.23	44465.16
270.30	44420.85
270.37	44389.02
270.44	44357.32
270.51	44323.10
270.58	44289.15
270.64	44260.96
270.71	44225.48
270.78	44189.65
270.85	44159.14
270.92	44123.99
270.99	44088.70
271.05	44052.66
271.12	44009.12
271.19	43971.32
271.26	43926.53
271.33	43878.61
271.39	43842.02
271.46	43797.12
271.53	43761.39
271.60	43743.37
271.67	43721.80
271.74	43682.25
271.80	43662.94
271.87	43643.27
271.94	43608.56
272.01	43578.44
272.08	43557.54
272.14	43526.43
272.21	43490.85
272.28	43473.98
272.35	43450.85
272.42	43420.44
272.48	43398.29
272.55	43375.09
272.62	43341.79
272.69	43317.44
272.76	43306.76
272.83	43281.73
272.89	43257.28
272.96	43227.62
273.03	43200.78
273.10	43162.93
273.17	43132.74
273.23	43102.29
273.30	43083.45
273.37	43058.53
273.44	43041.02
273.51	43020.16
273.57	43005.72
273.64	42979.55
273.71	42961.04
273.78	42931.52
273.85	42914.18
273.91	42887.78
273.98	42870.05
274.05	42846.86
274.12	42835.62
274.19	42816.33
274.25	42799.28
274.32	42772.07
274.39	42745.26
274.46	42701.93
274.53	42656.05
274.59	42602.87
274.66	42568.06
274.73	42543.16
274.80	42517.93
274.86	42494.70
274.93	42482.35
275.00	42455.51
275.07	42414.30
275.14	42381.29
275.20	42352.74
275.27	42322.89
275.34	42301.70
275.41	42286.66
275.48	42277.72
275.54	42261.82
275.61	42238.23
275.68	42213.12
275.75	42184.43
275.81	42150.87
275.88	42122.47
275.95	42102.71
276.02	42075.97
276.09	42047.62
276.15	42023.29
276.22	42004.23
276.29	41985.58
276.36	41961.16
276.42	41941.56
276.49	41915.12
276.56	41882.09
276.63	41850.63
276.70	41832.47
276.76	41813.49
276.83	41798.27
276.90	41785.64
276.97	41766.47
277.03	41740.81
277.10	41713.99
277.17	41691.13
277.24	41672.70
277.30	41664.27
277.37	41654.07
277.44	41643.76
277.51	41629.57
277.58	41604.05
277.64	41576.68
277.71	41559.70
277.78	41540.55
277.85	41512.23
277.91	41488.76
277.98	41460.57
278.05	41428.07
278.12	41401.95
278.18	41382.94
278.25	41363.96
278.32	41344.45
278.39	41324.11
278.45	41305.77
278.52	41293.69
278.59	41283.81
278.66	41266.73
278.72	41256.46
278.79	41237.29
278.86	41216.67
278.93	41199.87
278.99	41182.64
279.06	41159.31
279.13	41133.24
279.20	41116.39
279.26	41102.37
279.33	41087.44
279.40	41066.81
279.47	41053.84
279.53	41022.44
279.60	40981.54
279.67	40943.93
279.74	40913.00
279.80	40886.82
279.87	40872.34
279.94	40862.71
280.01	40858.69
280.07	40854.88
280.14	40837.88
280.21	40812.29
280.28	40788.00
280.34	40758.01
280.41	40728.99
280.48	40701.63
280.55	40675.26
280.61	40649.29
280.68	40629.59
280.75	40593.38
280.82	40556.19
280.88	40518.44
280.95	40462.89
281.02	40405.08
281.08	40339.02
281.15	40273.29
281.22	40210.82
281.29	40159.74
281.35	40107.68
281.42	40074.27
281.49	40037.09
281.56	40006.45
281.62	39980.79
281.69	39945.29
281.76	39913.60
281.82	39890.09
281.89	39860.06
281.96	39833.94
282.03	39815.84
282.09	39791.29
282.16	39769.93
282.23	39743.09
282.30	39706.47
282.36	39678.71
282.43	39660.42
282.50	39645.07
282.56	39626.54
282.63	39615.58
282.70	39601.69
282.77	39588.18
282.83	39560.81
282.90	39543.72
282.97	39519.76
283.03	39494.47
283.10	39463.54
283.17	39440.50
283.24	39412.89
283.30	39389.74
283.37	39361.43
283.44	39334.74
283.50	39315.14
283.57	39304.91
283.64	39283.57
283.71	39259.59
283.77	39231.03
283.84	39195.99
283.91	39149.89
283.97	39115.14
284.04	39107.29
284.11	39105.39
284.18	39110.99
284.24	39124.31
284.31	39131.70
284.38	39125.71
284.44	39112.10
284.51	39091.68
284.58	39070.14
284.64	39063.54
284.71	39058.60
284.78	39047.84
284.85	39042.71
284.91	39036.48
284.98	39019.55
285.05	38989.42
285.11	38968.46
285.18	38943.44
285.25	38925.61
285.31	38917.81
285.38	38909.56
285.45	38903.55
285.52	38905.44
285.58	38898.17
285.65	38881.61
285.72	38868.07
285.78	38856.15
285.85	38837.71
285.92	38826.16
285.98	38813.24
286.05	38796.73
286.12	38785.07
286.18	38779.21
286.25	38773.79
286.32	38765.02
286.39	38767.15
286.45	38764.23
286.52	38756.95
286.59	38744.20
286.65	38742.01
286.72	38737.34
286.79	38727.68
286.85	38710.14
286.92	38697.32
286.99	38682.41
287.05	38663.32
287.12	38657.06
287.19	38657.92
287.25	38653.13
287.32	38648.99
287.39	38652.32
287.45	38652.23
287.52	38651.19
287.59	38653.53
287.65	38657.35
287.72	38646.04
287.79	38633.88
287.86	38624.39
287.92	38611.80
287.99	38595.65
288.06	38598.80
288.12	38589.35
288.19	38586.95
288.26	38579.70
288.32	38576.14
288.39	38567.61
288.46	38564.03
288.52	38561.66
288.59	38560.64
288.66	38563.99
288.72	38562.09
288.79	38572.44
288.86	38564.54
288.92	38567.33
288.99	38559.20
289.06	38556.63
289.12	38552.84
289.19	38557.87
289.26	38558.75
289.32	38562.51
289.39	38563.82
289.45	38571.41
289.52	38565.31
289.59	38563.59
289.65	38569.86
289.72	38582.79
289.79	38587.96
289.85	38607.70
289.92	38618.35
289.99	38623.29
290.05	38617.01
290.12	38601.63
290.19	38593.41
290.25	38589.79
290.32	38584.99
290.39	38590.77
290.45	38599.37
290.52	38603.69
290.59	38609.17
290.65	38611.51
290.72	38605.39
290.79	38603.44
290.85	38604.99
290.92	38614.31
290.98	38626.85
291.05	38645.10
291.12	38661.54
291.18	38675.07
291.25	38677.44
291.32	38679.23
291.38	38677.11
291.45	38677.48
291.52	38674.38
291.58	38677.38
291.65	38683.83
291.72	38699.86
291.78	38716.49
291.85	38731.34
291.91	38747.78
291.98	38772.69
292.05	38777.67
292.11	38788.98
292.18	38799.47
292.25	38800.32
292.31	38789.53
292.38	38789.76
292.45	38783.90
292.51	38789.34
292.58	38800.19
292.64	38814.85
292.71	38826.43
292.78	38840.54
292.84	38843.48
292.91	38848.63
292.98	38858.06
293.04	38864.65
293.11	38868.75
293.17	38876.97
293.24	38890.71
293.31	38902.76
293.37	38921.08
293.44	38937.59
293.51	38961.44
293.57	38973.72
293.64	38977.74
293.70	38994.96
293.77	39010.04
293.84	39016.46
293.90	39021.62
293.97	39032.37
294.04	39035.75
294.10	39043.34
294.17	39050.28
294.23	39068.32
294.30	39081.51
294.37	39097.47
294.43	39114.73
294.50	39126.47
294.56	39139.10
294.63	39149.39
294.70	39157.51
294.76	39163.61
294.83	39178.31
294.90	39196.56
294.96	39216.45
295.03	39234.09
295.09	39259.57
295.16	39278.15
295.23	39281.10
295.29	39297.08
295.36	39309.12
295.42	39308.68
295.49	39324.68
295.56	39347.08
295.62	39365.99
295.69	39376.80
295.75	39394.99
295.82	39405.34
295.89	39413.71
295.95	39416.61
296.02	39424.97
296.08	39428.35
296.15	39425.72
296.22	39437.21
296.28	39454.68
296.35	39477.28
296.41	39499.94
296.48	39524.73
296.55	39541.77
296.61	39555.58
296.68	39576.72
296.74	39603.22
296.81	39635.27
296.88	39665.64
296.94	39690.89
297.01	39710.95
297.07	39725.91
297.14	39739.28
297.20	39742.21
297.27	39756.97
297.34	39773.14
297.40	39786.39
297.47	39799.96
297.53	39824.43
297.60	39844.26
297.67	39858.66
297.73	39878.23
297.80	39886.64
297.86	39895.53
297.93	39904.47
298.00	39915.37
298.06	39924.83
298.13	39952.24
298.19	39972.10
298.26	39984.95
298.32	40003.67
298.39	40025.34
298.46	40033.52
298.52	40047.14
298.59	40060.47
298.65	40071.85
298.72	40089.18
298.78	40113.14
298.85	40130.23
298.92	40152.84
298.98	40173.32
299.05	40187.05
299.11	40199.07
299.18	40214.93
299.24	40229.62
299.31	40232.82
299.38	40241.31
299.44	40247.60
299.51	40262.04
299.57	40273.04
299.64	40291.94
299.70	40310.04
299.77	40325.91
299.84	40329.43
299.90	40327.67
299.97	40319.51
300.03	40317.07
300.10	40330.14
300.16	40342.81
300.23	40365.34
300.30	40397.02
300.36	40419.18
300.43	40429.32
300.49	40446.92
300.56	40462.59
300.62	40485.49
300.69	40502.84
300.75	40514.75
300.82	40536.80
300.89	40548.43
300.95	40551.73
301.02	40553.12
301.08	40564.73
301.15	40560.66
301.21	40567.43
301.28	40573.51
301.34	40586.65
301.41	40585.19
301.48	40587.00
301.54	40582.83
301.61	40579.63
301.67	40580.86
301.74	40595.88
301.80	40602.44
301.87	40602.42
301.93	40604.67
302.00	40599.42
302.06	40584.22
302.13	40574.37
302.20	40574.93
302.26	40570.16
302.33	40570.13
302.39	40567.99
302.46	40572.59
302.52	40569.75
302.59	40571.93
302.65	40575.54
302.72	40578.34
302.78	40578.85
302.85	40588.42
302.91	40588.23
302.98	40582.12
303.05	40576.22
303.11	40569.83
303.18	40554.53
303.24	40548.96
303.31	40537.21
303.37	40529.55
303.44	40524.81
303.50	40513.83
303.57	40499.38
303.63	40489.33
303.70	40477.34
303.76	40461.94
303.83	40457.24
303.89	40450.52
303.96	40443.37
304.03	40436.68
304.09	40421.81
304.16	40400.92
304.22	40370.56
304.29	40352.25
304.35	40325.35
304.42	40309.66
304.48	40294.43
304.55	40290.59
304.61	40278.59
304.68	40276.42
304.74	40269.62
304.81	40261.32
304.87	40236.37
304.94	40212.56
305.00	40189.24
305.07	40158.20
305.13	40129.79
305.20	40107.09
305.26	40090.21
305.33	40073.26
305.39	40064.27
305.46	40036.94
305.52	40026.34
305.59	40007.40
305.66	39977.35
305.72	39939.27
305.79	39921.39
305.85	39891.47
305.92	39853.32
305.98	39794.02
306.05	39670.96
306.11	39443.53
306.18	39150.52
306.24	38895.07
306.31	38753.29
306.37	38766.43
306.44	38931.73
306.50	39179.78
306.57	39393.34
306.63	39520.65
306.70	39552.84
306.76	39532.42
306.83	39496.17
306.89	39454.99
306.96	39420.00
307.02	39380.24
307.09	39352.31
307.15	39321.55
307.22	39296.51
307.28	39255.08
307.35	39223.90
307.41	39183.63
307.48	39144.40
307.54	39104.56
307.61	39074.14
307.67	39033.56
307.74	38990.17
307.80	38952.57
307.87	38912.20
307.93	38872.63
308.00	38841.77
308.06	38810.90
308.13	38773.12
308.19	38735.18
308.26	38699.30
308.32	38666.13
308.38	38640.87
308.45	38608.45
308.51	38580.20
308.58	38531.74
308.64	38477.46
308.71	38424.99
308.77	38376.39
308.84	38320.53
308.90	38298.24
308.97	38284.36
309.03	38263.30
309.10	38237.93
309.16	38207.35
309.23	38163.06
309.29	38108.80
309.36	38043.61
309.42	37986.99
309.49	37933.68
309.55	37875.06
309.62	37815.87
309.68	37772.44
309.75	37723.53
309.81	37682.50
309.88	37641.74
309.94	37605.49
310.00	37557.61
310.07	37514.87
310.13	37472.94
310.20	37429.25
310.26	37391.31
310.33	37352.45
310.39	37311.75
310.46	37269.04
310.52	37228.61
310.59	37182.69
310.65	37148.66
310.72	37105.24
310.78	37061.30
310.85	37011.92
310.91	36969.38
310.97	36927.35
311.04	36892.74
311.10	36846.68
311.17	36807.17
311.23	36765.15
311.30	36717.63
311.36	36679.25
311.43	36649.98
311.49	36611.21
311.56	36571.12
311.62	36528.80
311.69	36477.31
311.75	36435.24
311.81	36387.52
311.88	36337.91
311.94	36303.30
312.01	36273.30
312.07	36238.19
312.14	36213.09
312.20	36192.36
312.27	36155.63
312.33	36103.79
312.40	36047.48
312.46	35989.26
312.52	35930.69
312.59	35879.94
312.65	35835.62
312.72	35788.24
312.78	35737.95
312.85	35685.14
312.91	35627.84
312.98	35575.96
313.04	35531.71
313.10	35490.44
313.17	35457.64
313.23	35431.36
313.30	35396.45
313.36	35348.36
313.43	35301.81
313.49	35252.51
313.56	35188.59
313.62	35137.48
313.68	35094.74
313.75	35059.27
313.81	35014.07
313.88	34973.60
313.94	34928.54
314.01	34891.09
314.07	34847.27
314.13	34809.60
314.20	34769.24
314.26	34729.56
314.33	34681.65
314.39	34636.05
314.46	34578.07
314.52	34532.17
314.58	34483.11
314.65	34431.76
314.71	34382.10
314.78	34342.86
314.84	34296.21
314.91	34253.29
314.97	34209.66
315.03	34170.31
315.10	34129.09
315.16	34081.40
315.23	34038.54
315.29	33998.86
315.36	33953.75
315.42	33907.07
315.48	33862.81
315.55	33823.11
315.61	33770.14
315.68	33726.65
315.74	33685.24
315.81	33650.28
315.87	33600.73
315.93	33574.93
316.00	33545.79
316.06	33509.37
316.13	33483.32
316.19	33446.09
316.25	33379.15
316.32	33279.19
316.38	33165.00
316.45	33010.44
316.51	32852.52
316.58	32677.39
316.64	32499.00
316.70	32315.35
316.77	32120.22
316.83	31900.91
316.90	31669.36
316.96	31425.27
317.02	31165.11
317.09	30897.42
317.15	30613.85
317.22	30320.86
317.28	30011.14
317.34	29676.73
317.41	29328.33
317.47	28977.76
317.54	28605.93
317.60	28220.04
317.66	27825.16
317.73	27408.94
317.79	26975.29
317.86	26536.86
317.92	26081.39
317.98	25604.72
318.05	25118.09
318.11	24620.90
318.18	24114.26
318.24	23596.69
318.30	23070.81
318.37	22535.94
318.43	21984.34
318.50	21419.99
318.56	20849.85
318.62	20285.20
318.69	19709.24
318.75	19134.06
318.82	18558.34
318.88	17982.72
318.94	17397.92
319.01	16817.42
319.07	16246.86
319.13	15669.62
319.20	15093.85
319.26	14521.28
319.33	13955.45
319.39	13378.00
319.45	12830.01
319.52	12286.95
319.58	11750.27
319.65	11223.20
319.71	10710.23
319.77	10197.26
319.84	9700.58
319.90	9222.61
319.96	8751.99
320.03	8293.92
320.09	7850.20
320.16	7416.54
320.22	7000.95
320.28	6600.46
320.35	6218.45
320.41	5851.35
320.47	5504.12
320.54	5164.92
320.60	4850.15
320.67	4551.41
320.73	4265.20
320.79	3990.82
320.86	3738.24
320.92	3492.90
320.98	3265.52
321.05	3053.19
321.11	2853.19
321.18	2664.35
321.24	2491.84
321.30	2325.78
321.37	2174.06
321.43	2043.83
321.49	1918.64
321.56	1802.89
321.62	1701.34
321.68	1603.62
321.75	1510.87
321.81	1428.79
321.88	1354.95
321.94	1290.66
322.00	1234.25
322.07	1175.49
322.13	1123.15
322.19	1070.41
322.26	1017.72
322.32	971.97
322.38	935.65
322.45	905.89
322.51	876.65
322.58	852.62
322.64	821.52
322.70	795.56
322.77	763.01
322.83	740.32
322.89	710.21
322.96	685.89
323.02	658.78
323.08	633.35
323.15	607.01
323.21	585.74
323.27	564.11
323.34	542.01
323.40	520.28
323.46	497.49
323.53	468.99
323.59	398.14
323.65	300.11
323.72	189.00
323.78	81.36
323.85	-16.96
323.91	-67.12
323.97	-85.18
324.04	-86.21
