180.21	3422.70
180.28	-124.16
180.36	631.50
180.44	-47.96
180.51	-17.04
180.59	6.44
180.66	33.69
180.74	32.16
180.81	32.09
180.89	34.39
180.97	35.41
181.04	33.68
181.12	32.82
181.19	33.61
181.27	33.95
181.34	50.39
181.42	57.76
181.50	65.15
181.57	76.26
181.65	81.45
181.72	76.51
181.80	71.40
181.87	72.49
181.95	74.20
182.03	76.04
182.10	81.53
182.18	88.33
182.25	98.98
182.33	106.45
182.40	121.64
182.48	125.90
182.55	146.15
182.63	160.16
182.71	173.33
182.78	187.88
182.86	203.67
182.93	199.75
183.01	192.01
183.08	179.34
183.16	170.48
183.23	159.33
183.31	171.15
183.39	186.55
183.46	216.80
183.54	239.05
183.61	278.85
183.69	311.25
183.76	359.08
183.84	398.71
183.91	441.41
183.99	493.16
184.06	534.63
184.14	578.41
184.22	629.36
184.29	660.08
184.37	670.85
184.44	678.28
184.52	634.77
184.59	548.86
184.67	476.42
184.74	408.68
184.82	369.89
184.89	381.28
184.97	448.17
185.04	534.30
185.12	621.91
185.20	716.26
185.27	808.44
185.35	904.53
185.42	968.26
185.50	1039.13
185.57	1095.26
185.65	1140.17
185.72	1189.17
185.80	1271.26
185.87	1336.15
185.95	1424.95
186.02	1535.80
186.10	1585.60
186.17	1586.98
186.25	1516.78
186.33	1323.16
186.40	1107.66
186.48	960.67
186.55	884.18
186.63	912.85
186.70	1067.80
186.78	1237.92
186.85	1386.48
186.93	1512.79
187.00	1630.13
187.08	1745.86
187.15	1861.94
187.23	1996.06
187.30	2124.33
187.38	2238.59
187.45	2367.42
187.53	2493.41
187.60	2576.52
187.68	2692.30
187.75	2817.58
187.83	2879.57
187.90	2949.98
187.98	3031.22
188.05	2995.77
188.13	2799.37
188.21	2515.39
188.28	2231.43
188.36	1978.09
188.43	1839.81
188.51	1905.83
188.58	2118.80
188.66	2328.31
188.73	2537.08
188.81	2742.30
188.88	2904.75
188.96	3060.34
189.03	3206.92
189.11	3357.88
189.18	3486.15
189.26	3598.57
189.33	3720.63
189.41	3840.96
189.48	3923.03
189.56	4029.70
189.63	4144.18
189.71	4196.36
189.78	4260.48
189.86	4339.01
189.93	4364.25
190.01	4340.16
190.08	4257.67
190.16	4002.89
190.23	3624.42
190.31	3304.46
190.38	3088.28
190.46	3003.07
190.53	3109.55
190.61	3368.74
190.68	3611.28
190.76	3833.08
190.83	4019.79
190.91	4190.91
190.98	4349.65
191.06	4497.19
191.13	4639.94
191.21	4767.64
191.28	4879.55
191.35	4996.25
191.43	5097.50
191.50	5169.29
191.58	5257.42
191.65	5337.07
191.73	5374.79
191.80	5424.42
191.88	5448.12
191.95	5439.99
192.03	5442.17
192.10	5461.35
192.18	5459.81
192.25	5422.44
192.33	5278.03
192.40	5036.46
192.48	4797.68
192.55	4615.53
192.63	4526.24
192.70	4601.10
192.78	4798.80
192.85	5019.26
192.93	5220.16
193.00	5394.36
193.08	5542.76
193.15	5682.51
193.22	5786.31
193.30	5881.64
193.37	5974.25
193.45	6033.00
193.52	6090.84
193.60	6158.80
193.67	6208.84
193.75	6257.69
193.82	6316.06
193.90	6339.83
193.97	6367.71
194.05	6402.01
194.12	6426.83
194.20	6464.06
194.27	6518.39
194.34	6555.52
194.42	6581.55
194.49	6614.32
194.57	6620.30
194.64	6560.12
194.72	6457.70
194.79	6354.44
194.87	6260.69
194.94	6201.05
195.02	6216.48
195.09	6296.35
195.17	6399.67
195.24	6503.11
195.31	6608.02
195.39	6706.39
195.46	6798.12
195.54	6882.79
195.61	6959.35
195.69	7015.17
195.76	7061.88
195.84	7108.31
195.91	7132.15
195.99	7140.16
196.06	7147.58
196.13	7158.05
196.21	7158.26
196.28	7166.11
196.36	7181.99
196.43	7192.22
196.51	7194.08
196.58	7200.96
196.66	7213.99
196.73	7238.98
196.80	7274.36
196.88	7321.37
196.95	7377.80
197.03	7430.47
197.10	7454.69
197.18	7464.43
197.25	7467.34
197.33	7463.34
197.40	7467.02
197.47	7474.88
197.55	7501.16
197.62	7526.46
197.70	7551.29
197.77	7575.33
197.85	7609.29
197.92	7628.04
197.99	7634.79
198.07	7627.39
198.14	7606.86
198.22	7603.52
198.29	7619.93
198.37	7664.90
198.44	7734.63
198.51	7815.64
198.59	7883.02
198.66	7946.59
198.74	7997.45
198.81	8031.11
198.89	8057.15
198.96	8079.78
199.03	8087.19
199.11	8099.07
199.18	8108.16
199.26	8119.18
199.33	8139.89
199.41	8170.23
199.48	8173.65
199.55	8166.52
199.63	8143.33
199.70	8122.18
199.78	8101.36
199.85	8118.02
199.93	8165.46
200.00	8245.61
200.07	8327.60
200.15	8417.39
200.22	8490.76
200.30	8547.45
200.37	8589.02
200.44	8615.53
200.52	8633.37
200.59	8661.58
200.67	8681.78
200.74	8695.44
200.81	8709.48
200.89	8718.67
200.96	8729.06
201.04	8739.93
201.11	8749.21
201.19	8748.60
201.26	8750.44
201.33	8751.65
201.41	8775.84
201.48	8821.06
201.56	8890.76
201.63	8980.98
201.70	9061.60
201.78	9132.84
201.85	9196.72
201.93	9248.27
202.00	9285.67
202.07	9319.13
202.15	9345.54
202.22	9366.05
202.30	9397.02
202.37	9425.60
202.44	9458.08
202.52	9492.04
202.59	9527.11
202.67	9553.42
202.74	9584.53
202.81	9607.33
202.89	9617.10
202.96	9636.70
203.04	9679.04
203.11	9721.73
203.18	9789.60
203.26	9879.49
203.33	9961.48
203.41	10024.23
203.48	10086.54
203.55	10117.43
203.63	10149.24
203.70	10183.33
203.77	10218.26
203.85	10257.62
203.92	10314.39
204.00	10375.53
204.07	10434.76
204.14	10497.70
204.22	10548.50
204.29	10603.69
204.37	10645.24
204.44	10684.77
204.51	10725.27
204.59	10768.57
204.66	10805.20
204.73	10857.85
204.81	10918.88
204.88	10988.67
204.96	11061.80
205.03	11132.41
205.10	11190.88
205.18	11247.36
205.25	11294.21
205.32	11339.81
205.40	11392.87
205.47	11453.19
205.55	11510.36
205.62	11574.00
205.69	11649.03
205.77	11723.55
205.84	11798.48
205.91	11879.60
205.99	11954.19
206.06	12018.61
206.14	12083.08
206.21	12149.41
206.28	12205.65
206.36	12267.21
206.43	12325.60
206.50	12396.31
206.58	12463.15
206.65	12538.07
206.72	12603.36
206.80	12668.86
206.87	12724.38
206.95	12786.13
207.02	12859.61
207.09	12945.19
207.17	13045.07
207.24	13148.09
207.31	13245.05
207.39	13336.68
207.46	13425.83
207.53	13508.66
207.61	13593.23
207.68	13680.09
207.75	13767.29
207.83	13852.57
207.90	13936.21
207.98	14007.21
208.05	14090.39
208.12	14163.68
208.20	14242.76
208.27	14323.83
208.34	14406.97
208.42	14473.95
208.49	14552.90
208.56	14620.05
208.64	14699.74
208.71	14790.04
208.78	14883.78
208.86	14991.31
208.93	15105.92
209.00	15213.45
209.08	15320.32
209.15	15437.24
209.22	15539.97
209.30	15647.37
209.37	15751.84
209.44	15859.70
209.52	15960.26
209.59	16057.65
209.67	16152.82
209.74	16249.56
209.81	16348.18
209.89	16447.09
209.96	16540.56
210.03	16637.61
210.11	16725.26
210.18	16805.57
210.25	16886.86
210.33	16979.40
210.40	17070.84
210.47	17184.92
210.55	17313.01
210.62	17439.78
210.69	17561.52
210.77	17693.77
210.84	17812.58
210.91	17938.91
210.99	18061.77
211.06	18190.31
211.13	18310.36
211.21	18435.67
211.28	18549.00
211.35	18669.28
211.42	18791.96
211.50	18913.42
211.57	19030.61
211.64	19142.16
211.72	19239.04
211.79	19324.04
211.86	19413.92
211.94	19517.64
212.01	19623.67
212.08	19754.53
212.16	19890.86
212.23	20029.96
212.30	20163.36
212.38	20296.36
212.45	20430.52
212.52	20572.00
212.60	20703.67
212.67	20834.95
212.74	20970.08
212.82	21095.35
212.89	21226.61
212.96	21359.77
213.03	21494.45
213.11	21632.52
213.18	21768.06
213.25	21891.27
213.33	22010.68
213.40	22122.26
213.47	22230.61
213.55	22342.98
213.62	22458.34
213.69	22575.89
213.77	22709.61
213.84	22847.93
213.91	22997.39
213.98	23149.46
214.06	23314.86
214.13	23472.63
214.20	23622.75
214.28	23769.02
214.35	23910.01
214.42	24043.20
214.50	24178.52
214.57	24314.71
214.64	24448.47
214.72	24588.76
214.79	24729.05
214.86	24866.76
214.93	25008.99
215.01	25151.86
215.08	25283.73
215.15	25412.56
215.23	25529.53
215.30	25649.43
215.37	25765.83
215.44	25905.52
215.52	26055.86
215.59	26213.12
215.66	26366.73
215.74	26518.81
215.81	26656.16
215.88	26796.67
215.95	26933.11
216.03	27077.40
216.10	27228.53
216.17	27379.82
216.25	27528.97
216.32	27687.84
216.39	27840.51
216.46	27991.62
216.54	28140.41
216.61	28288.79
216.68	28429.13
216.76	28566.05
216.83	28695.02
216.90	28825.90
216.97	28956.52
217.05	29084.64
217.12	29213.80
217.19	29348.98
217.27	29485.30
217.34	29618.74
217.41	29755.85
217.48	29897.89
217.56	30044.53
217.63	30205.98
217.70	30362.52
217.78	30521.14
217.85	30674.45
217.92	30820.84
217.99	30961.70
218.07	31096.96
218.14	31229.72
218.21	31371.57
218.28	31519.07
218.36	31656.32
218.43	31805.95
218.50	31957.53
218.57	32099.84
218.65	32232.36
218.72	32359.66
218.79	32478.39
218.87	32597.00
218.94	32717.37
219.01	32845.61
219.08	32974.49
219.16	33116.56
219.23	33265.90
219.30	33417.38
219.37	33563.78
219.45	33718.56
219.52	33866.64
219.59	34004.51
219.66	34130.22
219.74	34264.23
219.81	34403.87
219.88	34537.46
219.95	34674.91
220.03	34823.32
220.10	34956.06
220.17	35084.43
220.24	35216.30
220.32	35348.91
220.39	35469.69
220.46	35594.02
220.53	35709.38
220.61	35816.52
220.68	35918.87
220.75	36034.94
220.82	36161.14
220.90	36292.07
220.97	36422.26
221.04	36549.97
221.11	36662.17
221.19	36778.81
221.26	36892.65
221.33	37023.37
221.40	37157.90
221.48	37295.07
221.55	37421.61
221.62	37542.90
221.69	37656.27
221.77	37769.02
221.84	37894.08
221.91	38009.46
221.98	38128.76
222.06	38251.02
222.13	38376.16
222.20	38478.90
222.27	38595.23
222.35	38707.91
222.42	38810.63
222.49	38909.87
222.56	39026.48
222.63	39136.76
222.71	39247.50
222.78	39359.09
222.85	39468.05
222.92	39576.87
223.00	39677.02
223.07	39784.17
223.14	39887.54
223.21	39993.34
223.29	40096.41
223.36	40214.11
223.43	40326.46
223.50	40435.84
223.57	40548.85
223.65	40673.57
223.72	40780.28
223.79	40885.31
223.86	40991.56
223.94	41086.61
224.01	41164.81
224.08	41250.60
224.15	41334.80
224.22	41423.65
224.30	41508.33
224.37	41592.95
224.44	41687.03
224.51	41781.55
224.59	41863.80
224.66	41950.55
224.73	42041.72
224.80	42128.89
224.87	42220.70
224.95	42327.65
225.02	42436.10
225.09	42542.61
225.16	42645.11
225.23	42739.82
225.31	42830.42
225.38	42915.66
225.45	43002.48
225.52	43089.07
225.60	43167.34
225.67	43247.01
225.74	43321.79
225.81	43396.70
225.88	43468.47
225.96	43545.39
226.03	43616.87
226.10	43698.13
226.17	43776.09
226.24	43852.75
226.32	43939.22
226.39	44026.46
226.46	44107.40
226.53	44188.55
226.60	44273.70
226.68	44357.96
226.75	44439.65
226.82	44525.83
226.89	44607.86
226.96	44686.27
227.04	44747.91
227.11	44803.03
227.18	44867.42
227.25	44925.01
227.32	44969.61
227.40	45036.90
227.47	45107.40
227.54	45175.31
227.61	45250.02
227.68	45339.17
227.76	45412.02
227.83	45486.18
227.90	45558.01
227.97	45616.35
228.04	45677.60
228.11	45732.34
228.19	45788.75
228.26	45836.16
228.33	45898.79
228.40	45950.17
228.47	46014.49
228.55	46072.31
228.62	46135.14
228.69	46198.01
228.76	46258.40
228.83	46311.72
228.90	46369.57
228.98	46434.25
229.05	46502.03
229.12	46580.90
229.19	46649.07
229.26	46710.55
229.34	46761.22
229.41	46809.19
229.48	46846.06
229.55	46896.84
229.62	46956.03
229.69	47019.46
229.77	47076.14
229.84	47137.56
229.91	47191.86
229.98	47241.76
230.05	47280.36
230.12	47320.11
230.20	47366.54
230.27	47410.41
230.34	47463.65
230.41	47528.09
230.48	47588.13
230.55	47642.63
230.63	47704.86
230.70	47765.40
230.77	47810.54
230.84	47860.45
230.91	47895.86
230.98	47937.44
231.06	47968.70
231.13	48024.56
231.20	48084.25
231.27	48147.73
231.34	48204.55
231.41	48265.63
231.49	48310.27
231.56	48353.95
231.63	48403.51
231.70	48452.06
231.77	48498.22
231.84	48531.73
231.92	48564.47
231.99	48598.07
232.06	48624.46
232.13	48652.88
232.20	48705.93
232.27	48756.42
232.34	48794.81
232.42	48827.61
232.49	48867.94
232.56	48895.37
232.63	48926.98
232.70	48961.70
232.77	49018.30
232.85	49062.86
232.92	49103.72
232.99	49138.97
233.06	49171.91
233.13	49191.64
233.20	49210.79
233.27	49222.17
233.35	49232.12
233.42	49246.06
233.49	49259.89
233.56	49289.19
233.63	49326.86
233.70	49357.98
233.77	49395.58
233.85	49432.26
233.92	49465.13
233.99	49496.72
234.06	49537.84
234.13	49573.00
234.20	49612.83
234.27	49635.58
234.35	49653.08
234.42	49664.31
234.49	49678.21
234.56	49686.76
234.63	49699.99
234.70	49718.35
234.77	49739.80
234.84	49756.39
234.92	49763.34
234.99	49775.26
235.06	49779.37
235.13	49776.54
235.20	49782.14
235.27	49803.94
235.34	49807.17
235.41	49832.69
235.49	49852.81
235.56	49873.87
235.63	49882.62
235.70	49903.74
235.77	49907.90
235.84	49914.05
235.91	49907.39
235.98	49904.45
236.06	49892.60
236.13	49885.74
236.20	49874.54
236.27	49850.03
236.34	49827.43
236.41	49811.42
236.48	49793.94
236.55	49792.36
236.63	49803.94
236.70	49813.57
236.77	49827.70
236.84	49843.35
236.91	49846.96
236.98	49854.05
237.05	49858.70
237.12	49857.27
237.19	49851.05
237.27	49843.96
237.34	49840.94
237.41	49840.64
237.48	49827.64
237.55	49814.91
237.62	49808.64
237.69	49809.80
237.76	49810.85
237.83	49826.81
237.91	49841.44
237.98	49847.06
238.05	49839.74
238.12	49830.03
238.19	49822.79
238.26	49821.60
238.33	49816.03
238.40	49807.88
238.47	49795.54
238.54	49790.16
238.62	49771.06
238.69	49760.34
238.76	49754.12
238.83	49748.99
238.90	49740.91
238.97	49736.14
239.04	49736.92
239.11	49730.70
239.18	49736.10
239.25	49721.56
239.33	49702.93
239.40	49683.51
239.47	49663.71
239.54	49634.51
239.61	49608.03
239.68	49577.43
239.75	49553.02
239.82	49542.88
239.89	49529.44
239.96	49528.16
240.03	49536.73
240.11	49541.31
240.18	49534.54
240.25	49525.01
240.32	49513.62
240.39	49502.91
240.46	49492.13
240.53	49494.28
240.60	49493.13
240.67	49488.52
240.74	49482.39
240.81	49476.45
240.88	49458.26
240.96	49445.87
241.03	49441.92
241.10	49441.36
241.17	49432.31
241.24	49422.67
241.31	49424.70
241.38	49413.20
241.45	49399.63
241.52	49396.73
241.59	49384.73
241.66	49367.02
241.73	49353.49
241.80	49341.03
241.88	49318.58
241.95	49308.65
242.02	49289.12
242.09	49267.29
242.16	49245.04
242.23	49232.15
242.30	49215.97
242.37	49206.89
242.44	49209.50
242.51	49204.30
242.58	49203.26
242.65	49203.79
242.72	49199.81
242.79	49186.10
242.87	49177.86
242.94	49159.26
243.01	49146.87
243.08	49151.24
243.15	49154.06
243.22	49159.44
243.29	49171.71
243.36	49180.01
243.43	49178.70
243.50	49196.35
243.57	49214.51
243.64	49220.56
243.71	49227.98
243.78	49229.69
243.85	49208.58
243.92	49197.87
243.99	49186.00
244.07	49173.56
244.14	49159.84
244.21	49155.58
244.28	49144.39
244.35	49139.26
244.42	49128.23
244.49	49125.50
244.56	49123.96
244.63	49125.91
244.70	49115.78
244.77	49113.31
244.84	49119.79
244.91	49133.38
244.98	49142.09
245.05	49166.15
245.12	49190.98
245.19	49197.66
245.26	49199.06
245.33	49210.98
245.40	49234.24
245.47	49257.66
245.55	49282.07
245.62	49300.75
245.69	49295.98
245.76	49287.31
245.83	49285.00
245.90	49285.20
245.97	49286.35
246.04	49301.70
246.11	49310.87
246.18	49308.11
246.25	49306.87
246.32	49310.23
246.39	49307.72
246.46	49308.04
246.53	49320.72
246.60	49333.88
246.67	49348.81
246.74	49368.41
246.81	49383.23
246.88	49390.82
246.95	49407.61
247.02	49430.61
247.09	49448.95
247.16	49457.63
247.23	49462.47
247.30	49461.35
247.37	49446.47
247.44	49449.39
247.51	49462.44
247.58	49481.95
247.66	49508.85
247.73	49545.18
247.80	49567.19
247.87	49590.61
247.94	49621.12
248.01	49647.63
248.08	49670.99
248.15	49695.29
248.22	49719.91
248.29	49737.95
248.36	49748.61
248.43	49768.48
248.50	49785.88
248.57	49807.00
248.64	49817.29
248.71	49833.83
248.78	49844.00
248.85	49852.38
248.92	49866.21
248.99	49880.78
249.06	49893.65
249.13	49904.09
249.20	49928.74
249.27	49944.45
249.34	49964.96
249.41	49974.98
249.48	49969.72
249.55	49945.80
249.62	49946.50
249.69	49946.67
249.76	49967.45
249.83	50004.73
249.90	50059.46
249.97	50087.61
250.04	50126.73
250.11	50161.49
250.18	50179.06
250.25	50196.93
250.32	50211.15
250.39	50222.06
250.46	50225.75
250.53	50251.94
250.60	50270.39
250.67	50297.59
250.74	50319.83
250.81	50334.02
250.88	50342.81
250.95	50354.28
251.02	50363.66
251.09	50371.28
251.16	50390.03
251.23	50405.26
251.30	50420.91
251.37	50432.44
251.44	50443.59
251.51	50458.76
251.58	50478.91
251.65	50495.16
251.72	50505.12
251.79	50526.92
251.86	50539.01
251.93	50542.81
252.00	50547.60
252.07	50550.14
252.14	50554.39
252.21	50555.19
252.28	50560.77
252.35	50576.83
252.42	50602.66
252.49	50612.26
252.56	50623.52
252.63	50632.15
252.70	50627.18
252.77	50625.58
252.84	50631.32
252.91	50640.96
252.98	50657.68
253.05	50669.61
253.12	50675.65
253.19	50688.11
253.25	50699.99
253.32	50702.97
253.39	50733.69
253.46	50759.91
253.53	50780.35
253.60	50786.48
253.67	50797.46
253.74	50796.65
253.81	50805.07
253.88	50804.72
253.95	50819.23
254.02	50834.43
254.09	50843.79
254.16	50848.88
254.23	50861.99
254.30	50876.21
254.37	50888.47
254.44	50901.14
254.51	50911.73
254.58	50914.23
254.65	50912.88
254.72	50908.32
254.79	50890.58
254.86	50887.18
254.93	50884.58
255.00	50880.73
255.07	50881.11
255.14	50896.08
255.21	50894.11
255.28	50887.80
255.34	50872.12
255.41	50864.19
255.48	50845.28
255.55	50834.90
255.62	50842.48
255.69	50855.78
255.76	50855.52
255.83	50863.03
255.90	50874.40
255.97	50875.48
256.04	50872.83
256.11	50877.42
256.18	50872.14
256.25	50861.51
256.32	50851.98
256.39	50854.07
256.46	50853.44
256.53	50855.68
256.60	50860.80
256.67	50856.80
256.74	50854.72
256.80	50850.14
256.87	50851.34
256.94	50843.37
257.01	50841.19
257.08	50836.06
257.15	50827.41
257.22	50815.14
257.29	50792.27
257.36	50768.45
257.43	50743.08
257.50	50724.12
257.57	50705.79
257.64	50704.82
257.71	50695.81
257.78	50688.73
257.85	50674.75
257.92	50660.06
257.98	50642.72
258.05	50634.74
258.12	50609.91
258.19	50594.84
258.26	50579.65
258.33	50561.40
258.40	50549.48
258.47	50551.46
258.54	50549.72
258.61	50546.34
258.68	50539.35
258.75	50522.70
258.82	50502.32
258.89	50470.07
258.95	50445.49
259.02	50434.59
259.09	50416.31
259.16	50396.19
259.23	50379.19
259.30	50348.84
259.37	50320.88
259.44	50299.11
259.51	50283.31
259.58	50275.50
259.65	50265.26
259.72	50243.68
259.79	50215.35
259.85	50185.76
259.92	50147.33
259.99	50121.18
260.06	50096.00
260.13	50068.71
260.20	50037.56
260.27	50004.41
260.34	49969.14
260.41	49934.37
260.48	49912.19
260.55	49894.12
260.62	49886.18
260.68	49867.24
260.75	49839.63
260.82	49814.28
260.89	49790.41
260.96	49762.95
261.03	49737.99
261.10	49716.93
261.17	49695.62
261.24	49662.55
261.31	49629.28
261.38	49603.45
261.44	49571.98
261.51	49528.41
261.58	49490.31
261.65	49447.85
261.72	49401.73
261.79	49362.36
261.86	49330.70
261.93	49304.43
262.00	49275.59
262.07	49246.19
262.13	49215.68
262.20	49183.29
262.27	49138.73
262.34	49109.55
262.41	49082.57
262.48	49048.39
262.55	49016.46
262.62	48988.76
262.69	48946.45
262.76	48910.62
262.82	48875.72
262.89	48847.40
262.96	48819.31
263.03	48794.77
263.10	48756.80
263.17	48726.42
263.24	48683.05
263.31	48646.09
263.38	48606.00
263.44	48572.24
263.51	48527.26
263.58	48487.84
263.65	48444.55
263.72	48398.99
263.79	48354.77
263.86	48314.56
263.93	48267.29
264.00	48230.79
264.06	48196.26
264.13	48158.89
264.20	48128.73
264.27	48095.02
264.34	48052.34
264.41	48013.82
264.48	47972.67
264.55	47927.79
264.61	47886.99
264.68	47845.63
264.75	47800.61
264.82	47748.05
264.89	47703.53
264.96	47665.88
265.03	47621.02
265.10	47578.17
265.16	47546.97
265.23	47516.08
265.30	47485.50
265.37	47452.59
265.44	47410.15
265.51	47372.90
265.58	47320.39
265.65	47266.55
265.71	47217.92
265.78	47181.65
265.85	47135.71
265.92	47095.15
265.99	47054.78
266.06	47018.43
266.13	46968.91
266.20	46926.82
266.26	46882.64
266.33	46838.45
266.40	46788.95
266.47	46743.10
266.54	46683.33
266.61	46628.87
266.68	46565.46
266.74	46509.53
266.81	46458.79
266.88	46408.81
266.95	46358.21
267.02	46320.16
267.09	46278.38
267.16	46231.80
267.22	46196.82
267.29	46165.16
267.36	46128.94
267.43	46093.86
267.50	46061.38
267.57	46027.03
267.64	45994.92
267.70	45951.48
267.77	45909.10
267.84	45875.15
267.91	45832.77
267.98	45781.45
268.05	45739.86
268.11	45689.20
268.18	45631.39
268.25	45576.49
268.32	45531.06
268.39	45487.54
268.46	45452.09
268.53	45418.15
268.59	45384.13
268.66	45349.23
268.73	45306.57
268.80	45267.01
268.87	45222.36
268.94	45179.61
269.00	45135.98
269.07	45101.21
269.14	45073.44
269.21	45047.71
269.28	45016.78
269.35	44975.86
269.41	44939.50
269.48	44890.95
269.55	44826.31
269.62	44776.83
269.69	44738.42
269.76	44686.68
269.82	44642.29
269.89	44626.85
269.96	44601.81
270.03	44565.01
270.10	44536.95
270.17	44493.21
270.23	44443.48
270.30	44395.23
270.37	44364.92
270.44	44332.03
270.51	44305.40
270.58	44278.52
270.64	44255.24
270.71	44221.39
270.78	44192.23
270.85	44158.30
270.92	44124.67
270.99	44088.04
271.05	44051.11
271.12	44004.81
271.19	43965.91
271.26	43915.86
271.33	43868.89
271.39	43827.82
271.46	43785.66
271.53	43747.36
271.60	43732.75
271.67	43710.11
271.74	43679.16
271.80	43660.06
271.87	43648.26
271.94	43612.17
272.01	43579.08
272.08	43554.77
272.14	43517.11
272.21	43478.67
272.28	43456.74
272.35	43441.69
272.42	43422.06
272.48	43409.88
272.55	43381.35
272.62	43355.89
272.69	43330.84
272.76	43312.85
272.83	43282.91
272.89	43263.31
272.96	43233.71
273.03	43203.68
273.10	43161.32
273.17	43129.82
273.23	43103.08
273.30	43083.00
273.37	43053.59
273.44	43031.47
273.51	43010.79
273.57	42987.88
273.64	42962.43
273.71	42942.43
273.78	42921.52
273.85	42908.54
273.91	42890.05
273.98	42874.96
274.05	42864.34
274.12	42852.86
274.19	42830.64
274.25	42812.27
274.32	42786.37
274.39	42750.35
274.46	42707.11
274.53	42658.23
274.59	42602.85
274.66	42565.78
274.73	42540.61
274.80	42517.27
274.86	42499.30
274.93	42489.51
275.00	42457.53
275.07	42414.73
275.14	42380.57
275.20	42343.52
275.27	42315.48
275.34	42289.79
275.41	42279.43
275.48	42262.91
275.54	42254.10
275.61	42235.36
275.68	42220.93
275.75	42193.37
275.81	42164.57
275.88	42138.99
275.95	42110.60
276.02	42083.55
276.09	42054.38
276.15	42033.02
276.22	42013.37
276.29	41998.67
276.36	41968.06
276.42	41949.60
276.49	41920.32
276.56	41885.49
276.63	41850.83
276.70	41827.36
276.76	41810.37
276.83	41793.71
276.90	41776.81
276.97	41753.58
277.03	41734.68
277.10	41706.40
277.17	41691.57
277.24	41679.81
277.30	41670.36
277.37	41652.42
277.44	41642.31
277.51	41622.52
277.58	41598.59
277.64	41571.59
277.71	41549.74
277.78	41521.76
277.85	41495.74
277.91	41465.11
277.98	41441.84
278.05	41420.35
278.12	41404.86
278.18	41388.38
278.25	41372.39
278.32	41355.10
278.39	41338.39
278.45	41314.10
278.52	41291.07
278.59	41275.97
278.66	41251.69
278.72	41233.88
278.79	41213.26
278.86	41194.53
278.93	41182.16
278.99	41173.08
279.06	41152.19
279.13	41129.50
279.20	41105.97
279.26	41081.73
279.33	41062.10
279.40	41042.82
279.47	41022.59
279.53	41001.51
279.60	40969.64
279.67	40940.40
279.74	40911.21
279.80	40890.33
279.87	40877.29
279.94	40865.28
280.01	40850.51
280.07	40838.19
280.14	40824.12
280.21	40793.39
280.28	40769.29
280.34	40741.61
280.41	40722.24
280.48	40690.14
280.55	40668.42
280.61	40642.00
280.68	40620.76
280.75	40590.15
280.82	40560.86
280.88	40527.18
280.95	40478.24
281.02	40416.42
281.08	40347.43
281.15	40278.00
281.22	40212.67
281.29	40158.49
281.35	40102.43
281.42	40065.26
281.49	40028.93
281.56	39998.83
281.62	39972.23
281.69	39949.39
281.76	39918.17
281.82	39890.95
281.89	39855.06
281.96	39826.10
282.03	39802.13
282.09	39784.39
282.16	39763.63
282.23	39742.30
282.30	39713.45
282.36	39697.52
282.43	39672.78
282.50	39660.05
282.56	39636.57
282.63	39620.46
282.70	39595.56
282.77	39575.90
282.83	39552.59
282.90	39541.07
282.97	39517.39
283.03	39497.31
283.10	39470.34
283.17	39446.00
283.24	39421.11
283.30	39397.43
283.37	39369.15
283.44	39344.28
283.50	39314.55
283.57	39296.55
283.64	39275.87
283.71	39244.10
283.77	39209.37
283.84	39176.27
283.91	39126.31
283.97	39095.07
284.04	39090.40
284.11	39087.08
284.18	39097.97
284.24	39115.85
284.31	39125.57
284.38	39126.47
284.44	39122.59
284.51	39101.66
284.58	39084.02
284.64	39067.19
284.71	39052.71
284.78	39039.59
284.85	39033.82
284.91	39024.35
284.98	39013.29
285.05	38982.95
285.11	38964.29
285.18	38941.77
285.25	38924.78
285.31	38911.80
285.38	38912.32
285.45	38908.60
285.52	38906.28
285.58	38902.85
285.65	38889.41
285.72	38871.82
285.78	38856.12
285.85	38846.03
285.92	38828.96
285.98	38817.96
286.05	38811.96
286.12	38799.22
286.18	38782.40
286.25	38776.13
286.32	38771.53
286.39	38769.99
286.45	38768.26
286.52	38764.43
286.59	38752.81
286.65	38747.36
286.72	38732.58
286.79	38721.69
286.85	38711.07
286.92	38698.19
286.99	38687.17
287.05	38668.09
287.12	38663.27
287.19	38660.28
287.25	38659.17
287.32	38648.62
287.39	38659.55
287.45	38656.87
287.52	38651.01
287.59	38658.30
287.65	38662.44
287.72	38652.88
287.79	38637.60
287.86	38627.69
287.92	38611.32
287.99	38594.63
288.06	38591.07
288.12	38588.01
288.19	38589.01
288.26	38578.33
288.32	38575.61
288.39	38562.74
288.46	38561.02
288.52	38558.52
288.59	38560.81
288.66	38561.12
288.72	38563.12
288.79	38565.84
288.86	38565.06
288.92	38564.41
288.99	38555.80
289.06	38550.87
289.12	38541.23
289.19	38540.68
289.26	38540.30
289.32	38554.22
289.39	38563.85
289.45	38574.18
289.52	38564.08
289.59	38568.03
289.65	38569.87
289.72	38574.10
289.79	38587.91
289.85	38600.49
289.92	38606.21
289.99	38608.60
290.05	38607.58
290.12	38590.96
290.19	38591.33
290.25	38588.78
290.32	38588.35
290.39	38594.76
290.45	38609.73
290.52	38611.15
290.59	38617.71
290.65	38613.53
290.72	38602.71
290.79	38590.75
290.85	38596.14
290.92	38610.30
290.98	38627.36
291.05	38646.05
291.12	38663.06
291.18	38673.82
291.25	38666.08
291.32	38664.91
291.38	38659.15
291.45	38661.55
291.52	38659.86
291.58	38667.64
291.65	38678.77
291.72	38699.38
291.78	38710.46
291.85	38720.69
291.91	38735.42
291.98	38761.03
292.05	38769.74
292.11	38786.85
292.18	38804.84
292.25	38806.11
292.31	38792.80
292.38	38792.88
292.45	38788.03
292.51	38793.60
292.58	38800.77
292.64	38815.97
292.71	38826.72
292.78	38841.81
292.84	38839.60
292.91	38849.30
292.98	38858.36
293.04	38862.38
293.11	38866.71
293.17	38881.83
293.24	38899.81
293.31	38914.38
293.37	38937.44
293.44	38949.29
293.51	38966.62
293.57	38974.12
293.64	38979.50
293.70	38992.05
293.77	39008.07
293.84	39019.35
293.90	39026.87
293.97	39038.56
294.04	39042.92
294.10	39051.55
294.17	39057.66
294.23	39077.19
294.30	39085.81
294.37	39096.60
294.43	39115.02
294.50	39124.30
294.56	39128.27
294.63	39140.66
294.70	39154.54
294.76	39160.75
294.83	39178.76
294.90	39201.81
294.96	39220.27
295.03	39240.49
295.09	39268.06
295.16	39286.71
295.23	39302.13
295.29	39315.76
295.36	39324.05
295.42	39323.55
295.49	39323.86
295.56	39337.66
295.62	39354.91
295.69	39370.80
295.75	39385.59
295.82	39408.04
295.89	39411.78
295.95	39413.08
296.02	39415.94
296.08	39421.52
296.15	39425.47
296.22	39436.61
296.28	39455.67
296.35	39483.81
296.41	39504.17
296.48	39525.37
296.55	39551.45
296.61	39573.05
296.68	39588.61
296.74	39617.76
296.81	39647.48
296.88	39664.74
296.94	39683.95
297.01	39704.18
297.07	39711.54
297.14	39725.16
297.20	39739.04
297.27	39752.75
297.34	39773.73
297.40	39796.55
297.47	39810.85
297.53	39828.63
297.60	39847.78
297.67	39854.93
297.73	39868.93
297.80	39880.21
297.86	39889.86
297.93	39899.03
298.00	39911.55
298.06	39920.76
298.13	39949.80
298.19	39969.75
298.26	39987.74
298.32	40011.88
298.39	40032.96
298.46	40033.31
298.52	40044.82
298.59	40053.74
298.65	40066.09
298.72	40087.93
298.78	40115.31
298.85	40139.53
298.92	40156.32
298.98	40173.72
299.05	40186.87
299.11	40201.30
299.18	40210.00
299.24	40230.46
299.31	40236.24
299.38	40242.96
299.44	40243.06
299.51	40260.19
299.57	40268.95
299.64	40283.88
299.70	40300.65
299.77	40319.16
299.84	40320.57
299.90	40322.61
299.97	40321.51
300.03	40321.46
300.10	40331.60
300.16	40349.44
300.23	40367.26
300.30	40394.32
300.36	40408.36
300.43	40422.64
300.49	40432.24
300.56	40451.63
300.62	40470.17
300.69	40490.57
300.75	40507.52
300.82	40529.95
300.89	40545.57
300.95	40556.71
301.02	40561.42
301.08	40565.44
301.15	40569.20
301.21	40569.86
301.28	40576.08
301.34	40585.77
301.41	40589.60
301.48	40583.98
301.54	40584.81
301.61	40581.24
301.67	40589.04
301.74	40596.86
301.80	40604.66
301.87	40604.00
301.93	40595.01
302.00	40593.49
302.06	40583.20
302.13	40576.05
302.20	40579.05
302.26	40581.78
302.33	40574.41
302.39	40571.96
302.46	40574.08
302.52	40569.22
302.59	40571.35
302.65	40575.68
302.72	40580.87
302.78	40582.51
302.85	40586.87
302.91	40586.29
302.98	40577.51
303.05	40569.45
303.11	40567.99
303.18	40557.61
303.24	40553.70
303.31	40545.49
303.37	40534.27
303.44	40524.13
303.50	40513.56
303.57	40496.97
303.63	40488.48
303.70	40485.18
303.76	40465.80
303.83	40457.94
303.89	40453.87
303.96	40441.79
304.03	40426.83
304.09	40423.58
304.16	40403.28
304.22	40375.83
304.29	40359.60
304.35	40340.54
304.42	40325.06
304.48	40310.68
304.55	40300.27
304.61	40283.25
304.68	40277.35
304.74	40265.55
304.81	40261.34
304.87	40240.69
304.94	40225.53
305.00	40196.13
305.07	40163.21
305.13	40133.13
305.20	40113.77
305.26	40090.38
305.33	40077.68
305.39	40059.39
305.46	40033.69
305.52	40016.75
305.59	40000.54
305.66	39973.75
305.72	39950.56
305.79	39931.25
305.85	39907.78
305.92	39867.86
305.98	39810.68
306.05	39683.85
306.11	39453.35
306.18	39153.22
306.24	38892.59
306.31	38754.14
306.37	38766.52
306.44	38932.44
306.50	39179.79
306.57	39400.15
306.63	39517.18
306.70	39547.14
306.76	39521.82
306.83	39487.71
306.89	39443.44
306.96	39402.35
307.02	39364.62
307.09	39342.96
307.15	39312.45
307.22	39290.35
307.28	39263.40
307.35	39234.45
307.41	39192.12
307.48	39154.50
307.54	39115.70
307.61	39080.73
307.67	39040.68
307.74	39000.22
307.80	38958.18
307.87	38917.26
307.93	38877.26
308.00	38842.62
308.06	38808.63
308.13	38769.29
308.19	38733.34
308.26	38693.92
308.32	38661.70
308.38	38634.04
308.45	38610.39
308.51	38580.61
308.58	38537.15
308.64	38485.87
308.71	38437.37
308.77	38386.18
308.84	38335.73
308.90	38312.77
308.97	38293.81
309.03	38271.63
309.10	38243.83
309.16	38213.56
309.23	38164.72
309.29	38115.00
309.36	38050.60
309.42	37991.33
309.49	37935.81
309.55	37879.17
309.62	37820.56
309.68	37780.85
309.75	37728.44
309.81	37680.82
309.88	37643.08
309.94	37596.86
310.00	37552.20
310.07	37517.41
310.13	37479.78
310.20	37427.47
310.26	37393.36
310.33	37346.19
310.39	37312.21
310.46	37269.75
310.52	37232.83
310.59	37191.97
310.65	37162.31
310.72	37111.63
310.78	37067.55
310.85	37025.97
310.91	36979.86
310.97	36929.86
311.04	36889.76
311.10	36846.77
311.17	36797.64
311.23	36757.62
311.30	36712.08
311.36	36673.16
311.43	36640.25
311.49	36607.17
311.56	36561.86
311.62	36517.99
311.69	36468.33
311.75	36421.40
311.81	36373.93
311.88	36330.32
311.94	36294.33
312.01	36269.38
312.07	36236.31
312.14	36208.10
312.20	36186.66
312.27	36154.98
312.33	36100.49
312.40	36042.70
312.46	35985.61
312.52	35928.86
312.59	35881.01
312.65	35834.23
312.72	35789.06
312.78	35742.53
312.85	35691.78
312.91	35628.68
312.98	35578.25
313.04	35534.84
313.10	35496.81
313.17	35461.15
313.23	35433.10
313.30	35402.15
313.36	35354.51
313.43	35301.96
313.49	35250.02
313.56	35190.02
313.62	35132.45
313.68	35087.24
313.75	35050.49
313.81	35012.08
313.88	34974.17
313.94	34935.26
314.01	34897.73
314.07	34861.39
314.13	34815.64
314.20	34777.18
314.26	34739.03
314.33	34696.73
314.39	34643.88
314.46	34585.35
314.52	34536.96
314.58	34478.82
314.65	34426.55
314.71	34377.95
314.78	34335.10
314.84	34287.21
314.91	34248.49
314.97	34204.24
315.03	34161.88
315.10	34126.68
315.16	34081.35
315.23	34037.11
315.29	34000.16
315.36	33956.70
315.42	33908.94
315.48	33865.33
315.55	33823.10
315.61	33766.76
315.68	33725.79
315.74	33688.03
315.81	33649.62
315.87	33598.68
315.93	33569.65
316.00	33538.06
316.06	33502.92
316.13	33478.21
316.19	33452.53
316.25	33385.47
316.32	33292.11
316.38	33180.12
316.45	33027.19
316.51	32860.48
316.58	32693.56
316.64	32507.95
316.70	32320.15
316.77	32117.89
316.83	31901.88
316.90	31664.49
316.96	31423.29
317.02	31162.04
317.09	30901.68
317.15	30617.23
317.22	30320.40
317.28	30010.21
317.34	29677.90
317.41	29331.68
317.47	28984.40
317.54	28627.28
317.60	28244.35
317.66	27847.11
317.73	27428.58
317.79	26994.47
317.86	26552.68
317.92	26096.29
317.98	25623.01
318.05	25136.83
318.11	24633.38
318.18	24122.36
318.24	23606.20
318.30	23081.91
318.37	22543.90
318.43	21995.56
318.50	21429.80
318.56	20855.78
318.62	20284.75
318.69	19709.08
318.75	19140.21
318.82	18559.86
318.88	17984.53
318.94	17404.59
319.01	16822.79
319.07	16241.21
319.13	15664.00
319.20	15085.81
319.26	14509.98
319.33	13943.24
319.39	13373.59
319.45	12826.61
319.52	12284.48
319.58	11749.71
319.65	11225.63
319.71	10712.71
319.77	10200.18
319.84	9704.92
319.90	9225.27
319.96	8753.74
320.03	8292.67
320.09	7852.34
320.16	7417.67
320.22	6999.07
320.28	6597.88
320.35	6218.99
320.41	5851.91
320.47	5504.05
320.54	5167.21
320.60	4853.17
320.67	4551.20
320.73	4264.14
320.79	3992.42
320.86	3740.21
320.92	3494.66
320.98	3267.87
321.05	3054.05
321.11	2851.06
321.18	2662.92
321.24	2491.99
321.30	2326.25
321.37	2175.82
321.43	2046.41
321.49	1919.33
321.56	1803.15
321.62	1701.97
321.68	1604.33
321.75	1511.59
321.81	1432.50
321.88	1357.76
321.94	1292.41
322.00	1234.88
322.07	1175.86
322.13	1123.26
322.19	1071.92
322.26	1020.16
322.32	975.26
322.38	939.89
322.45	908.58
322.51	877.09
322.58	853.31
322.64	823.02
322.70	795.61
322.77	762.45
322.83	741.27
322.89	711.40
322.96	685.96
323.02	660.39
323.08	635.46
323.15	607.72
323.21	584.73
323.27	562.55
323.34	539.43
323.40	517.59
323.46	494.57
323.53	466.88
323.59	396.58
323.65	298.83
323.72	187.84
323.78	81.25
323.85	-17.28
323.91	-67.23
323.97	-86.00
324.04	-86.05
