180.21	3429.03
180.28	-126.24
180.36	632.33
180.44	-48.62
180.51	-17.92
180.59	5.30
180.66	32.91
180.74	31.13
180.81	31.05
180.89	33.33
180.97	34.59
181.04	32.39
181.12	30.87
181.19	31.48
181.27	32.01
181.34	47.98
181.42	54.77
181.50	62.54
181.57	73.83
181.65	79.35
181.72	74.08
181.80	69.67
181.87	70.35
181.95	71.38
182.03	71.52
182.10	74.92
182.18	77.75
182.25	84.37
182.33	86.19
182.40	96.35
182.48	95.28
182.55	110.67
182.63	119.54
182.71	127.17
182.78	136.02
182.86	150.80
182.93	150.89
183.01	150.47
183.08	146.08
183.16	144.55
183.23	135.70
183.31	143.18
183.39	150.30
183.46	171.22
183.54	181.15
183.61	209.06
183.69	229.86
183.76	262.88
183.84	290.22
183.91	319.52
183.99	359.13
184.06	390.48
184.14	423.39
184.22	467.54
184.29	501.35
184.37	512.79
184.44	531.09
184.52	518.70
184.59	461.12
184.67	407.36
184.74	357.24
184.82	322.18
184.89	317.98
184.97	362.01
185.04	431.32
185.12	500.94
185.20	579.72
185.27	654.43
185.35	741.59
185.42	800.03
185.50	862.69
185.57	917.85
185.65	960.39
185.72	999.63
185.80	1078.30
185.87	1135.68
185.95	1202.85
186.02	1317.87
186.10	1386.46
186.17	1409.94
186.25	1400.48
186.33	1260.85
186.40	1061.11
186.48	914.48
186.55	822.89
186.63	808.44
186.70	931.54
186.78	1096.10
186.85	1238.77
186.93	1364.24
187.00	1466.97
187.08	1581.53
187.15	1686.62
187.23	1812.08
187.30	1941.71
187.38	2050.83
187.45	2167.05
187.53	2302.63
187.60	2381.80
187.68	2481.55
187.75	2629.55
187.83	2700.77
187.90	2758.63
187.98	2870.12
188.05	2897.51
188.13	2755.34
188.21	2501.76
188.28	2235.37
188.36	1971.32
188.43	1778.84
188.51	1781.23
188.58	1971.28
188.66	2179.83
188.73	2380.99
188.81	2598.14
188.88	2760.84
188.96	2921.99
189.03	3060.28
189.11	3206.25
189.18	3337.64
189.26	3448.58
189.33	3559.29
189.41	3690.73
189.48	3772.72
189.56	3866.61
189.63	3998.88
189.71	4060.44
189.78	4119.47
189.86	4218.58
189.93	4267.86
190.01	4264.24
190.08	4242.41
190.16	4059.30
190.23	3694.18
190.31	3350.02
190.38	3102.77
190.46	2957.13
190.53	3000.49
190.61	3237.75
190.68	3490.47
190.76	3714.20
190.83	3910.27
190.91	4069.14
190.98	4241.88
191.06	4386.24
191.13	4536.35
191.21	4668.33
191.28	4783.65
191.35	4899.22
191.43	5014.43
191.50	5085.05
191.58	5174.66
191.65	5270.60
191.73	5305.17
191.80	5352.87
191.88	5395.52
191.95	5385.53
192.03	5382.32
192.10	5407.45
192.18	5418.80
192.25	5405.16
192.33	5304.97
192.40	5076.84
192.48	4827.07
192.55	4628.27
192.63	4500.14
192.70	4527.42
192.78	4709.19
192.85	4940.69
192.93	5146.16
193.00	5332.46
193.08	5482.43
193.15	5635.48
193.22	5738.78
193.30	5831.89
193.37	5920.24
193.45	5975.13
193.52	6019.38
193.60	6084.68
193.67	6130.29
193.75	6178.14
193.82	6245.51
193.90	6275.96
193.97	6306.13
194.05	6347.91
194.12	6377.34
194.20	6415.44
194.27	6473.48
194.34	6521.19
194.42	6558.42
194.49	6592.61
194.57	6617.17
194.64	6589.37
194.72	6497.38
194.79	6391.44
194.87	6297.06
194.94	6211.99
195.02	6182.02
195.09	6228.76
195.17	6319.17
195.24	6406.73
195.31	6512.53
195.39	6618.98
195.46	6730.47
195.54	6826.83
195.61	6917.37
195.69	6984.14
195.76	7036.55
195.84	7082.97
195.91	7113.71
195.99	7136.96
196.06	7156.73
196.13	7182.77
196.21	7191.13
196.28	7200.45
196.36	7206.36
196.43	7191.46
196.51	7166.83
196.58	7143.04
196.66	7127.77
196.73	7131.84
196.80	7171.96
196.88	7224.91
196.95	7296.33
197.03	7372.19
197.10	7420.71
197.18	7442.90
197.25	7456.54
197.33	7469.22
197.40	7479.60
197.47	7495.79
197.55	7531.55
197.62	7571.63
197.70	7602.86
197.77	7633.25
197.85	7661.97
197.92	7673.42
197.99	7664.56
198.07	7621.43
198.14	7559.03
198.22	7518.56
198.29	7509.47
198.37	7544.81
198.44	7633.84
198.51	7743.26
198.59	7844.82
198.66	7933.08
198.74	7999.65
198.81	8051.48
198.89	8089.51
198.96	8128.36
199.03	8154.64
199.11	8187.25
199.18	8200.98
199.26	8216.34
199.33	8228.62
199.41	8244.53
199.48	8226.85
199.55	8189.08
199.63	8127.45
199.70	8070.22
199.78	8014.81
199.85	8005.44
199.93	8058.10
200.00	8163.99
200.07	8277.80
200.15	8401.51
200.22	8504.73
200.30	8575.87
200.37	8635.64
200.44	8684.54
200.52	8724.56
200.59	8772.41
200.67	8809.33
200.74	8827.73
200.81	8831.36
200.89	8825.00
200.96	8819.89
201.04	8824.50
201.11	8818.53
201.19	8791.70
201.26	8762.70
201.33	8731.51
201.41	8719.58
201.48	8749.06
201.56	8832.65
201.63	8946.03
201.70	9060.77
201.78	9164.93
201.85	9260.83
201.93	9339.17
202.00	9401.18
202.07	9454.49
202.15	9503.32
202.22	9540.61
202.30	9573.68
202.37	9604.54
202.44	9635.83
202.52	9659.55
202.59	9668.84
202.67	9674.70
202.74	9686.37
202.81	9688.16
202.89	9677.18
202.96	9674.86
203.04	9695.23
203.11	9733.19
203.18	9808.21
203.26	9911.49
203.33	10020.24
203.41	10118.16
203.48	10205.54
203.55	10261.72
203.63	10321.21
203.70	10383.68
203.77	10437.95
203.85	10484.13
203.92	10535.36
204.00	10588.51
204.07	10636.47
204.14	10686.39
204.22	10728.77
204.29	10772.74
204.37	10797.01
204.44	10817.99
204.51	10845.49
204.59	10878.74
204.66	10905.44
204.73	10948.45
204.81	11007.13
204.88	11086.08
204.96	11175.83
205.03	11277.07
205.10	11372.69
205.18	11462.85
205.25	11530.71
205.32	11599.94
205.40	11667.76
205.47	11734.47
205.55	11792.58
205.62	11854.71
205.69	11913.91
205.77	11971.43
205.84	12035.91
205.91	12105.06
205.99	12174.66
206.06	12237.77
206.14	12298.93
206.21	12363.93
206.28	12416.93
206.36	12470.05
206.43	12523.09
206.50	12595.05
206.58	12664.83
206.65	12755.87
206.72	12857.23
206.80	12963.16
206.87	13054.85
206.95	13149.22
207.02	13235.75
207.09	13314.62
207.17	13398.78
207.24	13485.68
207.31	13568.02
207.39	13650.52
207.46	13739.61
207.53	13816.15
207.61	13891.93
207.68	13971.58
207.75	14055.89
207.83	14137.72
207.90	14219.39
207.98	14293.77
208.05	14364.30
208.12	14435.76
208.20	14514.73
208.27	14608.53
208.34	14715.28
208.42	14819.76
208.49	14926.84
208.56	15019.53
208.64	15114.53
208.71	15207.57
208.78	15306.73
208.86	15412.90
208.93	15521.73
209.00	15626.85
209.08	15728.83
209.15	15833.31
209.22	15934.56
209.30	16036.43
209.37	16139.69
209.44	16243.70
209.52	16345.78
209.59	16441.99
209.67	16546.46
209.74	16645.97
209.81	16750.41
209.89	16848.58
209.96	16955.11
210.03	17059.31
210.11	17166.64
210.18	17273.96
210.25	17392.35
210.33	17510.12
210.40	17624.21
210.47	17740.50
210.55	17861.27
210.62	17978.30
210.69	18083.72
210.77	18199.07
210.84	18318.56
210.91	18444.28
210.99	18560.73
211.06	18691.88
211.13	18817.08
211.21	18936.10
211.28	19043.37
211.35	19167.86
211.42	19286.21
211.50	19409.58
211.57	19532.13
211.64	19659.13
211.72	19777.45
211.79	19901.18
211.86	20022.78
211.94	20158.62
212.01	20283.88
212.08	20414.48
212.16	20541.19
212.23	20670.85
212.30	20795.29
212.38	20927.72
212.45	21067.97
212.52	21204.94
212.60	21331.91
212.67	21459.88
212.74	21597.31
212.82	21725.53
212.89	21858.12
212.96	21992.78
213.03	22124.72
213.11	22259.52
213.18	22386.71
213.25	22523.10
213.33	22659.51
213.40	22792.67
213.47	22922.72
213.55	23064.50
213.62	23200.23
213.69	23343.05
213.77	23487.05
213.84	23629.56
213.91	23780.47
213.98	23922.60
214.06	24068.23
214.13	24222.74
214.20	24372.38
214.28	24516.69
214.35	24666.21
214.42	24808.09
214.50	24946.90
214.57	25086.47
214.64	25218.36
214.72	25355.88
214.79	25496.85
214.86	25634.88
214.93	25777.63
215.01	25927.64
215.08	26065.65
215.15	26209.28
215.23	26359.23
215.30	26507.28
215.37	26645.34
215.44	26801.39
215.52	26953.52
215.59	27099.23
215.66	27238.78
215.74	27390.84
215.81	27533.61
215.88	27687.33
215.95	27826.78
216.03	27980.42
216.10	28130.03
216.17	28277.80
216.25	28420.28
216.32	28576.03
216.39	28732.91
216.46	28883.72
216.54	29031.04
216.61	29184.58
216.68	29332.48
216.76	29470.28
216.83	29610.62
216.90	29766.34
216.97	29913.94
217.05	30070.84
217.12	30223.97
217.19	30375.68
217.27	30515.37
217.34	30651.83
217.41	30780.91
217.48	30917.23
217.56	31061.96
217.63	31208.78
217.70	31359.31
217.78	31516.76
217.85	31670.44
217.92	31820.89
217.99	31970.37
218.07	32115.27
218.14	32253.35
218.21	32404.06
218.28	32551.86
218.36	32696.42
218.43	32845.25
218.50	33000.61
218.57	33140.18
218.65	33279.95
218.72	33424.91
218.79	33561.72
218.87	33694.68
218.94	33840.55
219.01	33973.18
219.08	34105.05
219.16	34247.25
219.23	34392.63
219.30	34527.44
219.37	34671.31
219.45	34821.08
219.52	34964.33
219.59	35095.61
219.66	35227.65
219.74	35368.79
219.81	35513.76
219.88	35645.46
219.95	35790.20
220.03	35928.28
220.10	36066.39
220.17	36195.95
220.24	36333.73
220.32	36462.08
220.39	36595.43
220.46	36716.48
220.53	36839.63
220.61	36963.57
220.68	37087.27
220.75	37216.01
220.82	37351.37
220.90	37475.25
220.97	37600.24
221.04	37728.29
221.11	37840.30
221.19	37959.76
221.26	38079.20
221.33	38200.31
221.40	38330.04
221.48	38464.93
221.55	38584.49
221.62	38703.93
221.69	38818.93
221.77	38933.99
221.84	39057.87
221.91	39176.63
221.98	39300.33
222.06	39429.23
222.13	39552.13
222.20	39662.43
222.27	39776.89
222.35	39897.94
222.42	40015.54
222.49	40124.68
222.56	40241.69
222.63	40354.30
222.71	40456.04
222.78	40558.39
222.85	40664.22
222.92	40770.06
223.00	40878.05
223.07	40992.94
223.14	41096.46
223.21	41202.18
223.29	41304.00
223.36	41409.67
223.43	41518.59
223.50	41628.78
223.57	41738.34
223.65	41856.10
223.72	41969.61
223.79	42064.57
223.86	42162.35
223.94	42248.36
224.01	42329.94
224.08	42407.80
224.15	42493.83
224.22	42587.77
224.30	42679.34
224.37	42764.69
224.44	42869.55
224.51	42963.23
224.59	43042.64
224.66	43132.50
224.73	43225.98
224.80	43312.55
224.87	43404.41
224.95	43507.55
225.02	43608.68
225.09	43703.35
225.16	43792.98
225.23	43885.72
225.31	43971.14
225.38	44053.70
225.45	44138.99
225.52	44222.07
225.60	44303.01
225.67	44386.61
225.74	44462.33
225.81	44535.48
225.88	44612.06
225.96	44685.60
226.03	44748.70
226.10	44827.22
226.17	44903.14
226.24	44973.53
226.32	45048.83
226.39	45133.27
226.46	45199.10
226.53	45269.61
226.60	45352.89
226.68	45438.69
226.75	45519.32
226.82	45612.10
226.89	45696.88
226.96	45771.06
227.04	45824.30
227.11	45874.56
227.18	45921.65
227.25	45967.09
227.32	46013.23
227.40	46078.25
227.47	46151.27
227.54	46231.59
227.61	46313.14
227.68	46391.66
227.76	46468.61
227.83	46543.80
227.90	46604.78
227.97	46663.36
228.04	46722.10
228.11	46767.61
228.19	46806.44
228.26	46849.04
228.33	46897.59
228.40	46940.33
228.47	46994.48
228.55	47046.04
228.62	47106.00
228.69	47170.81
228.76	47232.72
228.83	47289.66
228.90	47351.90
228.98	47409.22
229.05	47460.51
229.12	47529.81
229.19	47593.46
229.26	47648.23
229.34	47695.13
229.41	47743.34
229.48	47774.24
229.55	47817.15
229.62	47872.50
229.69	47933.13
229.77	47990.04
229.84	48049.15
229.91	48096.85
229.98	48135.90
230.05	48173.22
230.12	48203.24
230.20	48241.90
230.27	48286.43
230.34	48333.08
230.41	48383.43
230.48	48445.18
230.55	48497.17
230.63	48549.85
230.70	48615.12
230.77	48659.70
230.84	48696.87
230.91	48729.02
230.98	48762.14
231.06	48788.08
231.13	48839.85
231.20	48893.43
231.27	48951.39
231.34	49011.66
231.41	49071.19
231.49	49117.55
231.56	49161.67
231.63	49206.24
231.70	49242.10
231.77	49274.50
231.84	49297.46
231.92	49320.46
231.99	49342.37
232.06	49374.15
232.13	49402.14
232.20	49443.93
232.27	49484.43
232.34	49522.87
232.42	49547.10
232.49	49571.28
232.56	49592.33
232.63	49625.83
232.70	49657.37
232.77	49704.74
232.85	49748.89
232.92	49792.74
232.99	49819.27
233.06	49844.61
233.13	49851.52
233.20	49861.08
233.27	49861.73
233.35	49870.43
233.42	49879.58
233.49	49901.89
233.56	49928.84
233.63	49962.53
233.70	49995.46
233.77	50031.62
233.85	50055.95
233.92	50089.25
233.99	50112.95
234.06	50136.17
234.13	50154.72
234.20	50185.39
234.27	50193.48
234.35	50205.70
234.42	50216.66
234.49	50226.89
234.56	50234.22
234.63	50245.32
234.70	50260.40
234.77	50268.88
234.84	50279.75
234.92	50282.74
234.99	50289.63
235.06	50291.73
235.13	50292.18
235.20	50298.67
235.27	50307.07
235.34	50306.12
235.41	50313.97
235.49	50322.20
235.56	50329.48
235.63	50331.03
235.70	50343.20
235.77	50344.09
235.84	50346.04
235.91	50332.66
235.98	50326.49
236.06	50309.80
236.13	50298.32
236.20	50288.18
236.27	50267.67
236.34	50241.14
236.41	50222.40
236.48	50202.09
236.55	50180.77
236.63	50176.40
236.70	50176.14
236.77	50176.09
236.84	50187.45
236.91	50197.35
236.98	50201.40
237.05	50203.22
237.12	50196.03
237.19	50177.98
237.27	50170.21
237.34	50163.23
237.41	50156.25
237.48	50144.12
237.55	50131.15
237.62	50115.42
237.69	50115.75
237.76	50112.34
237.83	50123.03
237.91	50127.43
237.98	50124.47
238.05	50107.80
238.12	50094.77
238.19	50079.19
238.26	50081.77
238.33	50078.57
238.40	50069.63
238.47	50056.74
238.54	50046.60
238.62	50022.87
238.69	50009.87
238.76	49994.31
238.83	49981.84
238.90	49966.47
238.97	49951.17
239.04	49934.84
239.11	49929.90
239.18	49927.29
239.25	49923.82
239.33	49911.77
239.40	49888.29
239.47	49859.87
239.54	49817.86
239.61	49780.33
239.68	49741.79
239.75	49719.61
239.82	49710.43
239.89	49708.42
239.96	49705.66
240.03	49712.78
240.11	49715.84
240.18	49706.06
240.25	49695.31
240.32	49677.66
240.39	49659.66
240.46	49647.76
240.53	49647.04
240.60	49646.38
240.67	49645.00
240.74	49641.86
240.81	49630.20
240.88	49609.94
240.96	49591.34
241.03	49585.21
241.10	49577.00
241.17	49566.95
241.24	49564.05
241.31	49564.93
241.38	49550.06
241.45	49534.16
241.52	49526.38
241.59	49514.03
241.66	49498.78
241.73	49482.53
241.80	49476.89
241.88	49463.98
241.95	49440.97
242.02	49426.38
242.09	49412.37
242.16	49389.46
242.23	49373.20
242.30	49365.24
242.37	49346.68
242.44	49344.03
242.51	49338.31
242.58	49339.51
242.65	49336.94
242.72	49340.81
242.79	49326.35
242.87	49331.07
242.94	49316.59
243.01	49313.05
243.08	49316.03
243.15	49325.68
243.22	49321.13
243.29	49336.28
243.36	49341.53
243.43	49341.81
243.50	49357.09
243.57	49375.47
243.64	49375.95
243.71	49383.83
243.78	49384.86
243.85	49370.14
243.92	49357.83
243.99	49348.38
244.07	49341.48
244.14	49336.49
244.21	49333.77
244.28	49326.14
244.35	49326.34
244.42	49319.03
244.49	49312.84
244.56	49318.18
244.63	49329.41
244.70	49325.41
244.77	49330.28
244.84	49345.50
244.91	49354.09
244.98	49362.56
245.05	49389.81
245.12	49409.10
245.19	49419.93
245.26	49428.74
245.33	49447.52
245.40	49471.26
245.47	49504.98
245.55	49532.95
245.62	49548.28
245.69	49552.31
245.76	49547.23
245.83	49542.46
245.90	49539.58
245.97	49548.73
246.04	49570.22
246.11	49583.50
246.18	49590.93
246.25	49599.12
246.32	49601.39
246.39	49598.26
246.46	49605.53
246.53	49615.66
246.60	49627.53
246.67	49648.99
246.74	49670.66
246.81	49695.52
246.88	49719.04
246.95	49747.42
247.02	49777.80
247.09	49802.76
247.16	49809.34
247.23	49808.90
247.30	49802.67
247.37	49796.49
247.44	49804.22
247.51	49823.38
247.58	49858.68
247.66	49897.61
247.73	49944.50
247.80	49972.10
247.87	50005.33
247.94	50035.09
248.01	50071.69
248.08	50096.71
248.15	50122.77
248.22	50147.01
248.29	50173.38
248.36	50188.67
248.43	50208.91
248.50	50233.87
248.57	50258.04
248.64	50261.44
248.71	50289.75
248.78	50317.86
248.85	50340.07
248.92	50363.38
248.99	50399.75
249.06	50416.03
249.13	50429.06
249.20	50450.68
249.27	50469.19
249.34	50482.20
249.41	50491.14
249.48	50488.89
249.55	50480.20
249.62	50489.66
249.69	50505.34
249.76	50536.74
249.83	50583.76
249.90	50643.49
249.97	50684.89
250.04	50731.91
250.11	50766.24
250.18	50797.12
250.25	50822.25
250.32	50845.12
250.39	50863.15
250.46	50881.96
250.53	50907.18
250.60	50929.29
250.67	50956.26
250.74	50979.93
250.81	50999.47
250.88	51017.71
250.95	51039.17
251.02	51057.93
251.09	51078.70
251.16	51109.48
251.23	51124.48
251.30	51140.32
251.37	51154.37
251.44	51169.58
251.51	51186.27
251.58	51211.44
251.65	51228.93
251.72	51245.03
251.79	51270.65
251.86	51289.17
251.93	51299.37
252.00	51312.33
252.07	51326.57
252.14	51337.48
252.21	51343.09
252.28	51362.68
252.35	51374.89
252.42	51397.45
252.49	51405.65
252.56	51413.75
252.63	51420.63
252.70	51432.06
252.77	51441.57
252.84	51458.84
252.91	51481.52
252.98	51509.22
253.05	51535.54
253.12	51545.41
253.19	51559.46
253.25	51574.42
253.32	51581.61
253.39	51606.57
253.46	51639.13
253.53	51665.34
253.60	51681.83
253.67	51697.53
253.74	51703.74
253.81	51719.16
253.88	51723.92
253.95	51745.71
254.02	51762.05
254.09	51782.20
254.16	51798.54
254.23	51820.17
254.30	51825.38
254.37	51839.15
254.44	51853.38
254.51	51862.35
254.58	51865.11
254.65	51872.08
254.72	51880.95
254.79	51870.88
254.86	51869.76
254.93	51869.23
255.00	51875.66
255.07	51871.48
255.14	51888.79
255.21	51887.44
255.28	51881.90
255.34	51868.06
255.41	51868.99
255.48	51856.26
255.55	51858.06
255.62	51875.04
255.69	51893.78
255.76	51894.33
255.83	51902.51
255.90	51914.29
255.97	51928.62
256.04	51931.08
256.11	51944.81
256.18	51946.60
256.25	51941.73
256.32	51929.16
256.39	51935.91
256.46	51933.31
256.53	51935.81
256.60	51935.88
256.67	51937.82
256.74	51936.04
256.80	51934.56
256.87	51934.22
256.94	51934.46
257.01	51938.99
257.08	51939.62
257.15	51931.72
257.22	51924.43
257.29	51907.29
257.36	51886.43
257.43	51869.19
257.50	51867.52
257.57	51851.77
257.64	51851.72
257.71	51835.68
257.78	51823.15
257.85	51792.03
257.92	51779.23
257.98	51762.96
258.05	51761.46
258.12	51738.74
258.19	51734.80
258.26	51723.69
258.33	51712.77
258.40	51705.73
258.47	51708.96
258.54	51716.19
258.61	51716.97
258.68	51715.54
258.75	51704.73
258.82	51698.12
258.89	51675.49
258.95	51655.17
259.02	51636.95
259.09	51619.45
259.16	51593.68
259.23	51572.88
259.30	51552.50
259.37	51535.10
259.44	51517.21
259.51	51508.69
259.58	51496.94
259.65	51484.12
259.72	51460.93
259.79	51431.05
259.85	51393.82
259.92	51354.12
259.99	51325.33
260.06	51300.73
260.13	51281.40
260.20	51255.38
260.27	51230.86
260.34	51195.98
260.41	51167.21
260.48	51142.27
260.55	51131.99
260.62	51119.68
260.68	51103.56
260.75	51083.09
260.82	51058.99
260.89	51032.61
260.96	51007.04
261.03	50982.73
261.10	50953.14
261.17	50925.25
261.24	50890.16
261.31	50866.00
261.38	50844.03
261.44	50815.27
261.51	50777.40
261.58	50738.29
261.65	50689.02
261.72	50642.40
261.79	50601.73
261.86	50573.06
261.93	50550.30
262.00	50533.92
262.07	50508.23
262.13	50480.13
262.20	50446.86
262.27	50403.99
262.34	50369.33
262.41	50335.41
262.48	50295.61
262.55	50268.00
262.62	50236.23
262.69	50193.48
262.76	50161.77
262.82	50141.02
262.89	50111.57
262.96	50091.38
263.03	50063.73
263.10	50033.29
263.17	49996.83
263.24	49959.07
263.31	49919.36
263.38	49878.53
263.44	49842.24
263.51	49792.65
263.58	49743.56
263.65	49699.53
263.72	49660.32
263.79	49614.14
263.86	49578.31
263.93	49538.93
264.00	49500.10
264.06	49468.63
264.13	49428.36
264.20	49403.44
264.27	49367.94
264.34	49326.34
264.41	49275.77
264.48	49235.12
264.55	49183.03
264.61	49136.75
264.68	49093.26
264.75	49056.44
264.82	49006.15
264.89	48966.08
264.96	48936.72
265.03	48898.04
265.10	48857.38
265.16	48826.40
265.23	48792.46
265.30	48754.67
265.37	48724.78
265.44	48682.02
265.51	48642.50
265.58	48586.92
265.65	48526.93
265.71	48469.83
265.78	48425.72
265.85	48375.70
265.92	48334.60
265.99	48300.58
266.06	48269.38
266.13	48224.08
266.20	48185.77
266.26	48149.41
266.33	48102.75
266.40	48051.75
266.47	48006.58
266.54	47946.12
266.61	47885.09
266.68	47828.01
266.74	47772.48
266.81	47723.51
266.88	47681.57
266.95	47634.71
267.02	47595.34
267.09	47546.24
267.16	47492.33
267.22	47446.33
267.29	47405.88
267.36	47362.61
267.43	47326.48
267.50	47296.73
267.57	47269.13
267.64	47235.38
267.70	47200.33
267.77	47161.80
267.84	47121.05
267.91	47065.70
267.98	47007.86
268.05	46958.88
268.11	46911.15
268.18	46857.62
268.25	46813.28
268.32	46774.09
268.39	46731.80
268.46	46691.27
268.53	46657.78
268.59	46625.21
268.66	46592.79
268.73	46553.63
268.80	46515.72
268.87	46462.63
268.94	46416.79
269.00	46369.90
269.07	46324.46
269.14	46291.48
269.21	46262.14
269.28	46218.38
269.35	46181.42
269.41	46140.37
269.48	46085.03
269.55	46030.59
269.62	45989.58
269.69	45942.66
269.76	45897.31
269.82	45858.02
269.89	45834.03
269.96	45806.26
270.03	45776.36
270.10	45744.89
270.17	45704.96
270.23	45664.99
270.30	45616.24
270.37	45581.63
270.44	45552.71
270.51	45521.67
270.58	45480.17
270.64	45448.99
270.71	45410.53
270.78	45372.08
270.85	45339.04
270.92	45308.00
270.99	45276.58
271.05	45244.21
271.12	45205.15
271.19	45162.65
271.26	45120.72
271.33	45073.98
271.39	45037.72
271.46	44994.36
271.53	44965.96
271.60	44941.13
271.67	44914.96
271.74	44872.38
271.80	44844.60
271.87	44819.60
271.94	44790.32
272.01	44755.52
272.08	44730.85
272.14	44696.63
272.21	44666.93
272.28	44641.31
272.35	44623.62
272.42	44604.57
272.48	44589.97
272.55	44562.46
272.62	44536.36
272.69	44515.08
272.76	44495.82
272.83	44468.93
272.89	44443.39
272.96	44410.72
273.03	44372.37
273.10	44327.78
273.17	44295.11
273.23	44263.77
273.30	44241.86
273.37	44223.19
273.44	44209.51
273.51	44193.10
273.57	44178.17
273.64	44156.14
273.71	44138.19
273.78	44111.89
273.85	44097.50
273.91	44070.40
273.98	44054.03
274.05	44029.56
274.12	44014.63
274.19	43979.98
274.25	43957.27
274.32	43926.33
274.39	43889.95
274.46	43843.56
274.53	43804.11
274.59	43752.69
274.66	43714.54
274.73	43694.74
274.80	43672.37
274.86	43648.44
274.93	43630.75
275.00	43599.69
275.07	43557.92
275.14	43525.83
275.20	43497.53
275.27	43474.58
275.34	43448.61
275.41	43433.42
275.48	43419.40
275.54	43404.83
275.61	43379.75
275.68	43362.19
275.75	43332.68
275.81	43300.33
275.88	43267.93
275.95	43240.02
276.02	43212.33
276.09	43184.63
276.15	43154.92
276.22	43135.92
276.29	43121.03
276.36	43091.23
276.42	43067.47
276.49	43046.46
276.56	43013.11
276.63	42978.17
276.70	42956.00
276.76	42939.25
276.83	42924.48
276.90	42912.56
276.97	42899.35
277.03	42888.02
277.10	42867.30
277.17	42846.43
277.24	42832.43
277.30	42816.17
277.37	42794.70
277.44	42776.44
277.51	42755.31
277.58	42717.66
277.64	42693.38
277.71	42674.88
277.78	42655.44
277.85	42631.38
277.91	42609.93
277.98	42584.01
278.05	42549.64
278.12	42526.32
278.18	42501.48
278.25	42482.33
278.32	42459.40
278.39	42452.73
278.45	42427.16
278.52	42415.88
278.59	42401.03
278.66	42385.43
278.72	42364.70
278.79	42352.15
278.86	42326.85
278.93	42312.16
278.99	42293.64
279.06	42266.23
279.13	42234.23
279.20	42215.81
279.26	42193.91
279.33	42169.97
279.40	42149.83
279.47	42128.82
279.53	42100.64
279.60	42068.08
279.67	42039.66
279.74	42014.94
279.80	41995.30
279.87	41979.90
279.94	41968.78
280.01	41955.31
280.07	41935.06
280.14	41918.92
280.21	41893.07
280.28	41865.43
280.34	41836.29
280.41	41808.18
280.48	41778.81
280.55	41753.33
280.61	41723.38
280.68	41706.27
280.75	41679.00
280.82	41647.57
280.88	41612.41
280.95	41567.97
281.02	41509.03
281.08	41447.71
281.15	41378.82
281.22	41310.99
281.29	41255.54
281.35	41199.63
281.42	41160.15
281.49	41122.67
281.56	41093.54
281.62	41061.33
281.69	41030.10
281.76	40996.03
281.82	40963.01
281.89	40923.38
281.96	40894.49
282.03	40873.11
282.09	40846.80
282.16	40826.39
282.23	40803.11
282.30	40774.99
282.36	40751.17
282.43	40729.11
282.50	40712.50
282.56	40686.59
282.63	40664.98
282.70	40640.38
282.77	40626.86
282.83	40605.68
282.90	40600.62
282.97	40582.33
283.03	40559.29
283.10	40535.88
283.17	40513.73
283.24	40483.25
283.30	40456.53
283.37	40428.16
283.44	40395.44
283.50	40363.71
283.57	40339.19
283.64	40314.73
283.71	40283.28
283.77	40241.52
283.84	40207.48
283.91	40169.46
283.97	40142.63
284.04	40145.91
284.11	40159.66
284.18	40169.44
284.24	40181.82
284.31	40185.84
284.38	40176.30
284.44	40157.74
284.51	40143.96
284.58	40127.13
284.64	40116.73
284.71	40106.08
284.78	40098.62
284.85	40079.13
284.91	40062.61
284.98	40043.93
285.05	40012.85
285.11	39989.44
285.18	39970.08
285.25	39954.27
285.31	39947.74
285.38	39949.50
285.45	39946.58
285.52	39947.44
285.58	39946.74
285.65	39927.00
285.72	39901.43
285.78	39882.84
285.85	39866.18
285.92	39841.58
285.98	39824.44
286.05	39810.04
286.12	39800.67
286.18	39788.46
286.25	39789.17
286.32	39792.88
286.39	39800.48
286.45	39798.97
286.52	39794.93
286.59	39782.07
286.65	39774.71
286.72	39774.99
286.79	39768.42
286.85	39753.53
286.92	39740.61
286.99	39724.67
287.05	39694.71
287.12	39684.05
287.19	39680.76
287.25	39675.65
287.32	39674.48
287.39	39680.46
287.45	39671.00
287.52	39671.04
287.59	39674.32
287.65	39668.20
287.72	39656.62
287.79	39652.24
287.86	39636.19
287.92	39618.58
287.99	39611.35
288.06	39608.18
288.12	39595.78
288.19	39592.87
288.26	39585.47
288.32	39572.52
288.39	39562.16
288.46	39559.20
288.52	39554.93
288.59	39556.28
288.66	39567.83
288.72	39569.13
288.79	39572.07
288.86	39575.99
288.92	39575.60
288.99	39557.66
289.06	39557.12
289.12	39551.98
289.19	39557.03
289.26	39560.85
289.32	39574.55
289.39	39581.20
289.45	39589.04
289.52	39574.53
289.59	39578.67
289.65	39580.28
289.72	39577.69
289.79	39585.92
289.85	39599.35
289.92	39601.55
289.99	39606.61
290.05	39605.68
290.12	39595.10
290.19	39594.98
290.25	39592.02
290.32	39587.60
290.39	39591.68
290.45	39595.91
290.52	39593.32
290.59	39597.79
290.65	39596.15
290.72	39600.58
290.79	39604.88
290.85	39616.41
290.92	39628.01
290.98	39641.72
291.05	39650.99
291.12	39660.39
291.18	39669.42
291.25	39672.57
291.32	39678.89
291.38	39672.80
291.45	39661.69
291.52	39657.18
291.58	39656.12
291.65	39658.64
291.72	39676.51
291.78	39705.04
291.85	39719.18
291.91	39738.42
291.98	39765.12
292.05	39773.09
292.11	39778.63
292.18	39789.82
292.25	39791.84
292.31	39775.53
292.38	39780.47
292.45	39785.58
292.51	39797.31
292.58	39805.34
292.64	39822.16
292.71	39830.23
292.78	39837.99
292.84	39827.03
292.91	39833.34
292.98	39838.82
293.04	39845.36
293.11	39851.33
293.17	39873.47
293.24	39890.12
293.31	39908.83
293.37	39924.87
293.44	39933.19
293.51	39942.14
293.57	39943.50
293.64	39945.34
293.70	39957.76
293.77	39980.56
293.84	39991.06
293.90	40004.66
293.97	40013.98
294.04	40022.87
294.10	40022.87
294.17	40035.15
294.23	40049.31
294.30	40058.89
294.37	40066.63
294.43	40084.20
294.50	40085.27
294.56	40095.19
294.63	40105.78
294.70	40120.64
294.76	40135.20
294.83	40154.33
294.90	40169.68
294.96	40187.56
295.03	40201.99
295.09	40219.08
295.16	40240.72
295.23	40245.55
295.29	40255.15
295.36	40259.32
295.42	40259.01
295.49	40262.76
295.56	40286.79
295.62	40310.08
295.69	40321.72
295.75	40338.78
295.82	40354.07
295.89	40364.22
295.95	40370.07
296.02	40384.71
296.08	40391.02
296.15	40393.90
296.22	40402.29
296.28	40414.12
296.35	40439.03
296.41	40458.68
296.48	40482.20
296.55	40504.00
296.61	40524.41
296.68	40536.08
296.74	40558.26
296.81	40586.26
296.88	40604.47
296.94	40629.74
297.01	40648.69
297.07	40661.65
297.14	40671.92
297.20	40681.80
297.27	40692.86
297.34	40713.76
297.40	40738.27
297.47	40751.25
297.53	40765.95
297.60	40778.77
297.67	40785.83
297.73	40798.84
297.80	40809.78
297.86	40819.56
297.93	40827.88
298.00	40841.55
298.06	40849.94
298.13	40871.57
298.19	40898.35
298.26	40914.17
298.32	40937.23
298.39	40953.65
298.46	40957.70
298.52	40963.43
298.59	40978.28
298.65	40980.75
298.72	40998.99
298.78	41024.26
298.85	41037.31
298.92	41047.83
298.98	41068.56
299.05	41076.79
299.11	41086.67
299.18	41103.15
299.24	41117.54
299.31	41117.37
299.38	41128.14
299.44	41131.44
299.51	41144.41
299.57	41150.89
299.64	41174.40
299.70	41186.66
299.77	41199.83
299.84	41203.51
299.90	41208.90
299.97	41207.64
300.03	41214.95
300.10	41235.57
300.16	41250.33
300.23	41269.02
300.30	41290.28
300.36	41301.89
300.43	41308.07
300.49	41316.27
300.56	41333.80
300.62	41347.85
300.69	41359.92
300.75	41367.25
300.82	41377.08
300.89	41381.49
300.95	41391.36
301.02	41393.88
301.08	41401.52
301.15	41402.07
301.21	41404.16
301.28	41396.69
301.34	41400.31
301.41	41396.59
301.48	41398.88
301.54	41393.13
301.61	41388.56
301.67	41387.41
301.74	41391.30
301.80	41396.47
301.87	41400.22
301.93	41401.92
302.00	41400.08
302.06	41387.91
302.13	41377.62
302.20	41373.82
302.26	41373.97
302.33	41370.64
302.39	41368.52
302.46	41361.58
302.52	41347.28
302.59	41335.49
302.65	41332.34
302.72	41332.01
302.78	41326.47
302.85	41331.97
302.91	41327.53
302.98	41317.77
303.05	41304.02
303.11	41304.03
303.18	41289.98
303.24	41282.72
303.31	41260.40
303.37	41244.68
303.44	41231.41
303.50	41218.07
303.57	41197.56
303.63	41192.19
303.70	41183.19
303.76	41160.97
303.83	41148.46
303.89	41137.97
303.96	41123.39
304.03	41111.78
304.09	41100.51
304.16	41077.61
304.22	41054.58
304.29	41035.76
304.35	41010.97
304.42	40994.97
304.48	40979.02
304.55	40959.38
304.61	40932.37
304.68	40910.68
304.74	40887.08
304.81	40868.60
304.87	40839.08
304.94	40812.94
305.00	40785.09
305.07	40751.08
305.13	40711.30
305.20	40686.54
305.26	40665.55
305.33	40643.62
305.39	40616.20
305.46	40584.94
305.52	40561.77
305.59	40531.03
305.66	40503.20
305.72	40476.22
305.79	40449.48
305.85	40414.43
305.92	40363.40
305.98	40252.11
306.05	40032.80
306.11	39742.14
306.18	39456.40
306.24	39270.50
306.31	39233.02
306.37	39356.72
306.44	39587.82
306.50	39819.23
306.57	39966.06
306.63	40015.11
306.70	40009.39
306.76	39969.42
306.83	39919.65
306.89	39859.65
306.96	39811.43
307.02	39761.66
307.09	39724.13
307.15	39687.09
307.22	39662.41
307.28	39622.14
307.35	39586.01
307.41	39533.70
307.48	39483.03
307.54	39431.66
307.61	39385.15
307.67	39329.32
307.74	39285.07
307.80	39237.32
307.87	39196.21
307.93	39151.10
308.00	39117.36
308.06	39076.86
308.13	39032.45
308.19	38976.06
308.26	38930.19
308.32	38885.69
308.38	38845.62
308.45	38808.75
308.51	38772.03
308.58	38717.80
308.64	38655.70
308.71	38599.19
308.77	38545.63
308.84	38487.73
308.90	38454.89
308.97	38428.95
309.03	38393.64
309.10	38347.54
309.16	38306.00
309.23	38247.53
309.29	38177.60
309.36	38104.71
309.42	38036.80
309.49	37963.78
309.55	37890.26
309.62	37823.37
309.68	37772.85
309.75	37711.89
309.81	37654.65
309.88	37603.82
309.94	37551.36
310.00	37489.43
310.07	37435.16
310.13	37383.80
310.20	37330.83
310.26	37278.46
310.33	37224.14
310.39	37178.60
310.46	37128.85
310.52	37078.04
310.59	37027.27
310.65	36978.62
310.72	36918.38
310.78	36859.42
310.85	36798.83
310.91	36743.16
310.97	36689.23
311.04	36633.85
311.10	36572.33
311.17	36519.65
311.23	36464.85
311.30	36409.62
311.36	36359.21
311.43	36321.00
311.49	36262.65
311.56	36199.06
311.62	36132.40
311.69	36069.94
311.75	36006.59
311.81	35948.46
311.88	35890.98
311.94	35839.55
312.01	35799.72
312.07	35749.87
312.14	35706.64
312.20	35667.89
312.27	35614.33
312.33	35542.43
312.40	35470.59
312.46	35396.15
312.52	35329.92
312.59	35267.63
312.65	35206.83
312.72	35139.86
312.78	35075.35
312.85	34999.10
312.91	34924.23
312.98	34856.06
313.04	34801.02
313.10	34739.78
313.17	34682.50
313.23	34638.28
313.30	34581.68
313.36	34511.94
313.43	34445.71
313.49	34384.53
313.56	34303.53
313.62	34232.60
313.68	34174.45
313.75	34125.13
313.81	34063.49
313.88	34002.51
313.94	33945.96
314.01	33888.42
314.07	33826.05
314.13	33766.92
314.20	33715.58
314.26	33654.01
314.33	33583.43
314.39	33508.00
314.46	33425.16
314.52	33353.96
314.58	33280.79
314.65	33218.06
314.71	33155.69
314.78	33100.93
314.84	33036.69
314.91	32977.47
314.97	32916.71
315.03	32853.73
315.10	32791.43
315.16	32721.84
315.23	32657.74
315.29	32595.90
315.36	32531.64
315.42	32471.88
315.48	32411.89
315.55	32348.95
315.61	32269.90
315.68	32206.72
315.74	32144.38
315.81	32079.10
315.87	32006.39
315.93	31957.89
316.00	31918.97
316.06	31873.36
316.13	31842.27
316.19	31791.98
316.25	31689.58
316.32	31520.32
316.38	31299.39
316.45	31013.39
316.51	30702.75
316.58	30370.23
316.64	30017.93
316.70	29654.70
316.77	29269.19
316.83	28859.75
316.90	28428.33
316.96	27993.28
317.02	27539.92
317.09	27085.15
317.15	26617.29
317.22	26135.66
317.28	25630.58
317.34	25113.31
317.41	24585.42
317.47	24050.39
317.54	23504.49
317.60	22953.28
317.66	22397.24
317.73	21828.84
317.79	21248.58
317.86	20676.20
317.92	20099.67
317.98	19508.94
318.05	18914.10
318.11	18321.73
318.18	17731.15
318.24	17139.21
318.30	16551.56
318.37	15971.39
318.43	15385.83
318.50	14796.42
318.56	14212.80
318.62	13643.74
318.69	13074.49
318.75	12524.75
318.82	11983.67
318.88	11453.86
318.94	10934.41
319.01	10430.71
319.07	9938.93
319.13	9455.68
319.20	8987.39
319.26	8524.96
319.33	8079.32
319.39	7641.47
319.45	7231.02
319.52	6835.96
319.58	6457.12
319.65	6093.51
319.71	5746.82
319.77	5413.29
319.84	5095.79
319.90	4796.85
319.96	4509.83
320.03	4240.94
320.09	3987.62
320.16	3740.97
320.22	3515.21
320.28	3304.74
320.35	3108.09
320.41	2925.00
320.47	2760.87
320.54	2600.68
320.60	2460.00
320.67	2331.18
320.73	2209.38
320.79	2096.53
320.86	2000.67
320.92	1906.28
320.98	1822.19
321.05	1745.00
321.11	1671.20
321.18	1603.56
321.24	1544.74
321.30	1484.44
321.37	1434.85
321.43	1397.14
321.49	1356.36
321.56	1318.40
321.62	1288.93
321.68	1254.05
321.75	1220.37
321.81	1192.31
321.88	1164.13
321.94	1140.59
322.00	1119.53
322.07	1090.89
322.13	1062.62
322.19	1033.29
322.26	998.25
322.32	968.39
322.38	944.62
322.45	923.13
322.51	898.14
322.58	879.45
322.64	851.62
322.70	827.32
322.77	795.56
322.83	773.84
322.89	743.08
322.96	716.25
323.02	687.65
323.08	660.48
323.15	631.74
323.21	607.19
323.27	583.69
323.34	558.74
323.40	535.35
323.46	509.63
323.53	478.83
323.59	404.24
323.65	303.41
323.72	189.78
323.78	80.98
323.85	-18.52
323.91	-67.91
323.97	-86.72
324.04	-86.13
