180.21	3429.08
180.28	-126.47
180.36	632.29
180.44	-48.48
180.51	-17.54
180.59	6.25
180.66	33.60
180.74	31.96
180.81	31.98
180.89	34.61
180.97	35.16
181.04	33.00
181.12	32.10
181.19	32.44
181.27	32.48
181.34	48.34
181.42	55.36
181.50	62.20
181.57	73.37
181.65	78.69
181.72	73.80
181.80	69.22
181.87	70.20
181.95	70.74
182.03	71.09
182.10	74.28
182.18	77.28
182.25	83.74
182.33	86.38
182.40	96.46
182.48	95.49
182.55	110.92
182.63	119.90
182.71	127.33
182.78	135.94
182.86	150.60
182.93	150.62
183.01	149.89
183.08	145.58
183.16	143.95
183.23	134.83
183.31	142.28
183.39	149.33
183.46	169.69
183.54	180.39
183.61	207.83
183.69	228.84
183.76	262.47
183.84	289.95
183.91	318.82
183.99	359.47
184.06	391.07
184.14	424.03
184.22	468.68
184.29	501.88
184.37	513.99
184.44	530.77
184.52	518.47
184.59	460.71
184.67	407.12
184.74	356.50
184.82	322.76
184.89	318.34
184.97	362.19
185.04	431.56
185.12	500.53
185.20	578.52
185.27	653.28
185.35	740.58
185.42	799.50
185.50	862.63
185.57	919.13
185.65	961.72
185.72	1001.98
185.80	1080.04
185.87	1139.10
185.95	1205.36
186.02	1320.36
186.10	1388.51
186.17	1412.98
186.25	1401.51
186.33	1261.27
186.40	1061.87
186.48	914.73
186.55	822.36
186.63	808.56
186.70	931.12
186.78	1095.08
186.85	1237.75
186.93	1361.79
187.00	1464.76
187.08	1578.84
187.15	1683.05
187.23	1807.73
187.30	1939.51
187.38	2048.99
187.45	2166.37
187.53	2304.79
187.60	2384.23
187.68	2483.72
187.75	2629.76
187.83	2702.97
187.90	2757.71
187.98	2869.27
188.05	2897.73
188.13	2754.23
188.21	2498.63
188.28	2233.57
188.36	1969.61
188.43	1775.98
188.51	1782.69
188.58	1972.06
188.66	2180.16
188.73	2381.13
188.81	2595.76
188.88	2755.59
188.96	2919.09
189.03	3057.57
189.11	3204.93
189.18	3340.51
189.26	3452.04
189.33	3564.21
189.41	3695.51
189.48	3778.28
189.56	3868.54
189.63	4001.02
189.71	4059.84
189.78	4117.87
189.86	4217.18
189.93	4268.38
190.01	4263.22
190.08	4238.75
190.16	4054.86
190.23	3688.22
190.31	3344.71
190.38	3098.03
190.46	2956.46
190.53	3002.12
190.61	3239.54
190.68	3489.48
190.76	3714.68
190.83	3906.96
190.91	4064.34
190.98	4232.38
191.06	4377.27
191.13	4526.13
191.21	4661.03
191.28	4778.33
191.35	4897.77
191.43	5015.53
191.50	5085.26
191.58	5174.26
191.65	5269.10
191.73	5303.18
191.80	5352.20
191.88	5395.86
191.95	5390.48
192.03	5392.04
192.10	5420.17
192.18	5425.81
192.25	5411.13
192.33	5306.27
192.40	5075.64
192.48	4821.51
192.55	4624.97
192.63	4498.63
192.70	4524.56
192.78	4703.63
192.85	4935.67
192.93	5139.46
193.00	5325.85
193.08	5475.35
193.15	5631.83
193.22	5738.55
193.30	5833.33
193.37	5921.70
193.45	5978.30
193.52	6019.70
193.60	6086.12
193.67	6135.05
193.75	6183.31
193.82	6251.28
193.90	6281.99
193.97	6308.74
194.05	6350.72
194.12	6377.40
194.20	6416.76
194.27	6478.14
194.34	6528.18
194.42	6562.52
194.49	6600.77
194.57	6622.55
194.64	6591.12
194.72	6497.73
194.79	6394.45
194.87	6297.48
194.94	6213.62
195.02	6181.91
195.09	6229.24
195.17	6316.69
195.24	6410.87
195.31	6515.08
195.39	6624.29
195.46	6733.31
195.54	6827.32
195.61	6910.98
195.69	6982.08
195.76	7031.93
195.84	7079.82
195.91	7116.32
195.99	7140.58
196.06	7159.61
196.13	7184.94
196.21	7194.32
196.28	7201.64
196.36	7206.77
196.43	7190.34
196.51	7170.10
196.58	7144.35
196.66	7128.90
196.73	7133.48
196.80	7174.51
196.88	7225.62
196.95	7299.16
197.03	7372.75
197.10	7423.86
197.18	7445.30
197.25	7459.08
197.33	7471.06
197.40	7481.38
197.47	7498.46
197.55	7532.70
197.62	7569.32
197.70	7593.73
197.77	7620.45
197.85	7645.36
197.92	7656.07
197.99	7648.83
198.07	7615.03
198.14	7557.92
198.22	7518.78
198.29	7509.48
198.37	7549.02
198.44	7632.62
198.51	7741.88
198.59	7844.79
198.66	7935.52
198.74	8001.61
198.81	8054.42
198.89	8095.01
198.96	8130.94
199.03	8158.07
199.11	8184.72
199.18	8202.83
199.26	8215.43
199.33	8230.62
199.41	8243.97
199.48	8233.22
199.55	8193.10
199.63	8134.36
199.70	8076.47
199.78	8021.19
199.85	8009.01
199.93	8061.00
200.00	8163.64
200.07	8273.03
200.15	8394.89
200.22	8498.70
200.30	8573.23
200.37	8636.64
200.44	8690.43
200.52	8736.43
200.59	8785.31
200.67	8820.02
200.74	8833.55
200.81	8834.11
200.89	8821.26
200.96	8815.30
201.04	8816.47
201.11	8813.23
201.19	8789.47
201.26	8764.77
201.33	8730.45
201.41	8722.69
201.48	8752.07
201.56	8833.08
201.63	8949.48
201.70	9063.64
201.78	9167.26
201.85	9259.39
201.93	9336.93
202.00	9392.52
202.07	9449.35
202.15	9494.36
202.22	9530.76
202.30	9565.56
202.37	9594.48
202.44	9622.92
202.52	9647.82
202.59	9660.22
202.67	9663.53
202.74	9682.42
202.81	9688.10
202.89	9678.34
202.96	9678.28
203.04	9701.86
203.11	9736.12
203.18	9805.30
203.26	9909.88
203.33	10021.28
203.41	10117.31
203.48	10205.43
203.55	10266.69
203.63	10326.28
203.70	10387.99
203.77	10446.70
203.85	10496.21
203.92	10545.10
204.00	10597.56
204.07	10644.40
204.14	10693.89
204.22	10734.87
204.29	10778.62
204.37	10801.85
204.44	10819.26
204.51	10842.91
204.59	10873.01
204.66	10902.62
204.73	10950.25
204.81	11015.77
204.88	11095.10
204.96	11188.88
205.03	11285.68
205.10	11376.54
205.18	11462.01
205.25	11530.29
205.32	11595.24
205.40	11664.25
205.47	11728.18
205.55	11791.80
205.62	11857.29
205.69	11919.04
205.77	11975.21
205.84	12043.46
205.91	12111.09
205.99	12179.18
206.06	12240.93
206.14	12306.48
206.21	12368.61
206.28	12420.38
206.36	12477.86
206.43	12530.47
206.50	12599.38
206.58	12670.92
206.65	12758.34
206.72	12847.95
206.80	12952.88
206.87	13047.08
206.95	13140.61
207.02	13229.14
207.09	13317.31
207.17	13402.92
207.24	13486.26
207.31	13568.72
207.39	13653.83
207.46	13738.25
207.53	13813.93
207.61	13893.03
207.68	13971.92
207.75	14054.85
207.83	14135.77
207.90	14220.07
207.98	14295.19
208.05	14375.69
208.12	14446.19
208.20	14527.99
208.27	14620.25
208.34	14728.82
208.42	14823.93
208.49	14929.56
208.56	15023.95
208.64	15121.98
208.71	15219.27
208.78	15318.58
208.86	15423.57
208.93	15528.59
209.00	15626.08
209.08	15720.21
209.15	15825.87
209.22	15928.35
209.30	16030.88
209.37	16136.87
209.44	16244.26
209.52	16347.48
209.59	16444.73
209.67	16549.63
209.74	16650.33
209.81	16750.88
209.89	16849.17
209.96	16958.23
210.03	17064.49
210.11	17172.51
210.18	17279.45
210.25	17394.14
210.33	17500.23
210.40	17611.17
210.47	17733.87
210.55	17855.30
210.62	17973.58
210.69	18090.25
210.77	18209.33
210.84	18320.48
210.91	18448.12
210.99	18570.28
211.06	18695.48
211.13	18816.63
211.21	18938.93
211.28	19048.54
211.35	19170.34
211.42	19295.25
211.50	19418.31
211.57	19542.11
211.64	19666.05
211.72	19786.01
211.79	19910.02
211.86	20034.34
211.94	20166.08
212.01	20290.96
212.08	20417.65
212.16	20538.57
212.23	20663.08
212.30	20788.29
212.38	20920.67
212.45	21057.26
212.52	21198.05
212.60	21332.44
212.67	21464.97
212.74	21596.41
212.82	21724.58
212.89	21856.25
212.96	21984.73
213.03	22113.98
213.11	22256.27
213.18	22388.56
213.25	22521.30
213.33	22665.80
213.40	22802.66
213.47	22933.33
213.55	23074.45
213.62	23211.73
213.69	23344.47
213.77	23486.41
213.84	23626.62
213.91	23773.82
213.98	23922.15
214.06	24072.78
214.13	24222.58
214.20	24371.16
214.28	24520.61
214.35	24660.98
214.42	24799.53
214.50	24938.18
214.57	25076.73
214.64	25211.51
214.72	25349.28
214.79	25493.28
214.86	25632.68
214.93	25775.07
215.01	25921.78
215.08	26070.08
215.15	26214.15
215.23	26363.70
215.30	26516.33
215.37	26660.18
215.44	26816.89
215.52	26971.42
215.59	27118.99
215.66	27263.28
215.74	27407.10
215.81	27536.99
215.88	27684.78
215.95	27827.90
216.03	27973.92
216.10	28125.83
216.17	28283.76
216.25	28423.58
216.32	28578.96
216.39	28735.01
216.46	28884.64
216.54	29027.42
216.61	29185.60
216.68	29327.08
216.76	29467.20
216.83	29612.62
216.90	29768.47
216.97	29918.96
217.05	30079.26
217.12	30234.90
217.19	30387.10
217.27	30531.55
217.34	30661.05
217.41	30791.19
217.48	30923.59
217.56	31057.14
217.63	31208.70
217.70	31366.52
217.78	31522.53
217.85	31674.03
217.92	31825.74
217.99	31969.35
218.07	32116.92
218.14	32255.97
218.21	32409.77
218.28	32558.23
218.36	32698.51
218.43	32844.75
218.50	33000.46
218.57	33147.00
218.65	33289.48
218.72	33428.73
218.79	33564.45
218.87	33698.28
218.94	33830.33
219.01	33973.66
219.08	34110.73
219.16	34248.32
219.23	34388.09
219.30	34529.44
219.37	34670.46
219.45	34823.42
219.52	34971.39
219.59	35107.71
219.66	35236.10
219.74	35364.22
219.81	35503.87
219.88	35637.26
219.95	35777.13
220.03	35925.52
220.10	36068.87
220.17	36199.38
220.24	36332.52
220.32	36462.83
220.39	36589.06
220.46	36713.27
220.53	36839.13
220.61	36967.35
220.68	37091.97
220.75	37221.58
220.82	37359.70
220.90	37483.50
220.97	37602.28
221.04	37727.55
221.11	37839.56
221.19	37950.53
221.26	38070.93
221.33	38199.59
221.40	38333.52
221.48	38466.35
221.55	38589.33
221.62	38705.59
221.69	38819.61
221.77	38937.38
221.84	39063.18
221.91	39181.42
221.98	39309.75
222.06	39439.37
222.13	39562.97
222.20	39671.51
222.27	39798.03
222.35	39914.13
222.42	40024.73
222.49	40130.20
222.56	40246.83
222.63	40348.68
222.71	40454.85
222.78	40562.96
222.85	40673.26
222.92	40788.63
223.00	40893.38
223.07	40999.82
223.14	41104.52
223.21	41206.69
223.29	41300.14
223.36	41414.95
223.43	41523.93
223.50	41634.53
223.57	41746.22
223.65	41871.53
223.72	41980.03
223.79	42088.74
223.86	42185.53
223.94	42269.97
224.01	42344.37
224.08	42424.04
224.15	42505.20
224.22	42597.91
224.30	42690.01
224.37	42781.29
224.44	42885.68
224.51	42983.84
224.59	43062.39
224.66	43148.00
224.73	43236.00
224.80	43314.03
224.87	43402.26
224.95	43506.84
225.02	43611.13
225.09	43704.05
225.16	43799.58
225.23	43892.27
225.31	43980.33
225.38	44061.70
225.45	44145.23
225.52	44224.59
225.60	44304.90
225.67	44381.97
225.74	44455.69
225.81	44535.63
225.88	44612.98
225.96	44679.48
226.03	44747.46
226.10	44826.23
226.17	44898.85
226.24	44975.43
226.32	45053.62
226.39	45132.79
226.46	45202.50
226.53	45277.49
226.60	45357.08
226.68	45443.17
226.75	45533.37
226.82	45616.56
226.89	45696.26
226.96	45769.92
227.04	45825.46
227.11	45869.43
227.18	45927.49
227.25	45978.50
227.32	46027.30
227.40	46094.79
227.47	46166.79
227.54	46242.42
227.61	46321.94
227.68	46399.03
227.76	46470.91
227.83	46538.23
227.90	46597.92
227.97	46659.19
228.04	46716.73
228.11	46764.14
228.19	46810.87
228.26	46856.17
228.33	46900.90
228.40	46946.81
228.47	46999.88
228.55	47052.26
228.62	47112.20
228.69	47170.08
228.76	47230.88
228.83	47288.28
228.90	47353.61
228.98	47409.73
229.05	47474.62
229.12	47545.62
229.19	47612.25
229.26	47665.55
229.34	47712.24
229.41	47751.03
229.48	47782.85
229.55	47822.55
229.62	47874.66
229.69	47937.29
229.77	47998.40
229.84	48054.83
229.91	48101.60
229.98	48141.12
230.05	48172.29
230.12	48205.72
230.20	48247.95
230.27	48294.32
230.34	48342.59
230.41	48396.08
230.48	48453.08
230.55	48504.35
230.63	48559.72
230.70	48615.82
230.77	48661.38
230.84	48696.40
230.91	48721.09
230.98	48753.18
231.06	48783.67
231.13	48837.06
231.20	48892.02
231.27	48955.44
231.34	49009.08
231.41	49067.14
231.49	49108.65
231.56	49152.77
231.63	49188.98
231.70	49225.01
231.77	49261.52
231.84	49285.06
231.92	49310.13
231.99	49341.98
232.06	49374.47
232.13	49399.33
232.20	49438.78
232.27	49474.01
232.34	49505.31
232.42	49528.77
232.49	49555.43
232.56	49586.08
232.63	49623.32
232.70	49654.48
232.77	49702.34
232.85	49746.91
232.92	49786.16
232.99	49811.01
233.06	49835.39
233.13	49847.43
233.20	49859.23
233.27	49859.86
233.35	49866.63
233.42	49880.47
233.49	49898.02
233.56	49921.63
233.63	49958.82
233.70	49992.96
233.77	50025.77
233.85	50055.53
233.92	50087.69
233.99	50105.08
234.06	50133.17
234.13	50157.05
234.20	50184.40
234.27	50199.72
234.35	50218.14
234.42	50219.14
234.49	50229.22
234.56	50238.17
234.63	50241.61
234.70	50253.27
234.77	50271.13
234.84	50280.95
234.92	50285.84
234.99	50289.52
235.06	50285.05
235.13	50278.73
235.20	50277.31
235.27	50282.57
235.34	50291.32
235.41	50308.50
235.49	50323.33
235.56	50334.93
235.63	50341.23
235.70	50351.51
235.77	50352.21
235.84	50354.26
235.91	50350.43
235.98	50338.50
236.06	50323.25
236.13	50304.65
236.20	50286.61
236.27	50260.24
236.34	50243.98
236.41	50221.07
236.48	50205.99
236.55	50196.30
236.63	50191.55
236.70	50179.19
236.77	50180.56
236.84	50189.66
236.91	50189.93
236.98	50190.38
237.05	50196.09
237.12	50194.64
237.19	50183.72
237.27	50176.97
237.34	50178.27
237.41	50175.59
237.48	50159.48
237.55	50145.61
237.62	50129.36
237.69	50121.64
237.76	50109.13
237.83	50114.61
237.91	50113.74
237.98	50114.53
238.05	50103.00
238.12	50094.63
238.19	50080.83
238.26	50078.86
238.33	50066.25
238.40	50053.47
238.47	50043.62
238.54	50034.08
238.62	50019.25
238.69	50008.66
238.76	49994.32
238.83	49977.10
238.90	49960.52
238.97	49939.73
239.04	49924.02
239.11	49914.95
239.18	49909.22
239.25	49898.35
239.33	49877.68
239.40	49859.41
239.47	49832.66
239.54	49797.03
239.61	49765.50
239.68	49732.57
239.75	49712.21
239.82	49700.98
239.89	49693.40
239.96	49695.80
240.03	49705.33
240.11	49696.76
240.18	49688.14
240.25	49681.90
240.32	49657.84
240.39	49641.00
240.46	49633.77
240.53	49633.91
240.60	49622.72
240.67	49626.03
240.74	49619.15
240.81	49611.42
240.88	49592.54
240.96	49587.55
241.03	49571.73
241.10	49572.85
241.17	49567.25
241.24	49560.85
241.31	49555.42
241.38	49546.45
241.45	49529.96
241.52	49512.70
241.59	49501.98
241.66	49489.00
241.73	49482.79
241.80	49468.94
241.88	49458.68
241.95	49438.05
242.02	49414.40
242.09	49390.57
242.16	49368.76
242.23	49351.40
242.30	49341.36
242.37	49332.12
242.44	49331.35
242.51	49326.50
242.58	49326.81
242.65	49327.09
242.72	49325.36
242.79	49316.38
242.87	49321.10
242.94	49314.21
243.01	49316.49
243.08	49323.85
243.15	49325.86
243.22	49318.82
243.29	49323.89
243.36	49323.54
243.43	49328.55
243.50	49347.46
243.57	49369.04
243.64	49374.48
243.71	49379.73
243.78	49375.64
243.85	49359.18
243.92	49343.82
243.99	49337.59
244.07	49324.12
244.14	49312.29
244.21	49307.94
244.28	49303.27
244.35	49301.45
244.42	49299.90
244.49	49302.63
244.56	49300.73
244.63	49310.50
244.70	49308.78
244.77	49310.22
244.84	49319.50
244.91	49336.98
244.98	49348.78
245.05	49378.62
245.12	49407.48
245.19	49422.92
245.26	49440.39
245.33	49458.42
245.40	49474.67
245.47	49502.04
245.55	49531.12
245.62	49542.81
245.69	49543.78
245.76	49541.65
245.83	49533.23
245.90	49529.18
245.97	49537.27
246.04	49558.02
246.11	49575.28
246.18	49588.63
246.25	49596.12
246.32	49597.62
246.39	49598.62
246.46	49603.30
246.53	49614.85
246.60	49632.44
246.67	49653.78
246.74	49673.73
246.81	49695.07
246.88	49718.46
246.95	49737.71
247.02	49764.16
247.09	49787.58
247.16	49795.39
247.23	49792.42
247.30	49793.08
247.37	49789.03
247.44	49798.66
247.51	49819.42
247.58	49855.30
247.66	49891.90
247.73	49934.38
247.80	49965.19
247.87	49996.46
247.94	50024.88
248.01	50059.81
248.08	50092.03
248.15	50117.03
248.22	50151.08
248.29	50178.24
248.36	50196.86
248.43	50217.99
248.50	50240.57
248.57	50256.32
248.64	50267.85
248.71	50293.35
248.78	50318.94
248.85	50343.03
248.92	50368.04
248.99	50396.53
249.06	50415.66
249.13	50423.52
249.20	50438.95
249.27	50457.78
249.34	50475.13
249.41	50484.20
249.48	50486.05
249.55	50485.44
249.62	50489.83
249.69	50502.52
249.76	50533.67
249.83	50582.72
249.90	50633.92
249.97	50670.95
250.04	50713.43
250.11	50750.61
250.18	50773.11
250.25	50795.95
250.32	50824.81
250.39	50853.28
250.46	50869.00
250.53	50898.52
250.60	50926.71
250.67	50950.77
250.74	50965.27
250.81	50977.09
250.88	50990.75
250.95	51010.27
251.02	51027.07
251.09	51052.73
251.16	51087.72
251.23	51118.10
251.30	51135.10
251.37	51150.48
251.44	51155.91
251.51	51170.61
251.58	51184.48
251.65	51204.91
251.72	51221.04
251.79	51251.72
251.86	51263.46
251.93	51275.94
252.00	51288.53
252.07	51313.52
252.14	51332.24
252.21	51345.90
252.28	51357.49
252.35	51375.54
252.42	51400.84
252.49	51410.67
252.56	51427.59
252.63	51441.27
252.70	51446.20
252.77	51449.41
252.84	51460.37
252.91	51470.26
252.98	51489.77
253.05	51513.38
253.12	51527.44
253.19	51538.72
253.25	51562.40
253.32	51576.54
253.39	51596.93
253.46	51623.14
253.53	51652.04
253.60	51662.62
253.67	51682.44
253.74	51697.77
253.81	51709.18
253.88	51716.67
253.95	51736.72
254.02	51757.30
254.09	51772.70
254.16	51786.10
254.23	51798.64
254.30	51812.14
254.37	51826.55
254.44	51838.56
254.51	51852.92
254.58	51864.48
254.65	51873.64
254.72	51875.36
254.79	51875.01
254.86	51878.78
254.93	51879.31
255.00	51886.05
255.07	51888.21
255.14	51900.77
255.21	51897.90
255.28	51898.78
255.34	51887.05
255.41	51882.08
255.48	51871.92
255.55	51871.21
255.62	51876.60
255.69	51892.46
255.76	51901.68
255.83	51914.93
255.90	51927.00
255.97	51946.23
256.04	51945.56
256.11	51950.92
256.18	51948.61
256.25	51945.64
256.32	51938.03
256.39	51947.64
256.46	51950.94
256.53	51953.07
256.60	51952.67
256.67	51950.75
256.74	51942.98
256.80	51939.77
256.87	51945.00
256.94	51946.38
257.01	51951.43
257.08	51954.50
257.15	51948.23
257.22	51937.16
257.29	51917.57
257.36	51895.44
257.43	51877.17
257.50	51871.40
257.57	51853.81
257.64	51853.82
257.71	51833.10
257.78	51817.08
257.85	51788.72
257.92	51778.46
257.98	51766.18
258.05	51766.76
258.12	51753.35
258.19	51751.04
258.26	51736.59
258.33	51724.03
258.40	51717.27
258.47	51716.98
258.54	51714.82
258.61	51716.04
258.68	51717.67
258.75	51703.61
258.82	51693.20
258.89	51668.20
258.95	51650.08
259.02	51633.82
259.09	51616.64
259.16	51595.68
259.23	51575.88
259.30	51553.27
259.37	51528.88
259.44	51515.36
259.51	51502.63
259.58	51495.32
259.65	51477.05
259.72	51457.70
259.79	51425.52
259.85	51397.33
259.92	51368.32
259.99	51346.14
260.06	51323.19
260.13	51304.30
260.20	51274.32
260.27	51238.89
260.34	51197.62
260.41	51163.08
260.48	51135.03
260.55	51120.44
260.62	51113.43
260.68	51107.69
260.75	51084.67
260.82	51069.60
260.89	51044.04
260.96	51017.89
261.03	50990.02
261.10	50964.55
261.17	50931.21
261.24	50894.55
261.31	50860.38
261.38	50834.03
261.44	50808.75
261.51	50771.10
261.58	50741.35
261.65	50700.20
261.72	50654.45
261.79	50611.75
261.86	50583.97
261.93	50559.69
262.00	50537.91
262.07	50517.25
262.13	50494.71
262.20	50463.03
262.27	50412.68
262.34	50375.00
262.41	50333.89
262.48	50290.08
262.55	50257.86
262.62	50234.72
262.69	50194.80
262.76	50161.71
262.82	50125.33
262.89	50095.88
262.96	50067.48
263.03	50050.03
263.10	50024.71
263.17	49998.32
263.24	49959.93
263.31	49920.52
263.38	49878.32
263.44	49838.99
263.51	49795.48
263.58	49748.11
263.65	49705.77
263.72	49660.79
263.79	49617.19
263.86	49575.38
263.93	49532.47
264.00	49492.38
264.06	49461.37
264.13	49424.88
264.20	49396.92
264.27	49367.44
264.34	49331.32
264.41	49285.21
264.48	49241.52
264.55	49192.42
264.61	49140.74
264.68	49098.03
264.75	49062.10
264.82	49009.58
264.89	48971.58
264.96	48942.43
265.03	48893.98
265.10	48849.17
265.16	48821.83
265.23	48787.27
265.30	48751.36
265.37	48721.94
265.44	48680.47
265.51	48636.34
265.58	48584.60
265.65	48527.04
265.71	48479.06
265.78	48432.77
265.85	48394.22
265.92	48356.81
265.99	48322.27
266.06	48280.00
266.13	48240.57
266.20	48199.33
266.26	48157.91
266.33	48108.68
266.40	48062.63
266.47	48006.72
266.54	47941.28
266.61	47882.47
266.68	47834.37
266.74	47774.66
266.81	47728.68
266.88	47682.57
266.95	47625.02
267.02	47574.84
267.09	47529.36
267.16	47482.78
267.22	47441.16
267.29	47409.59
267.36	47372.12
267.43	47334.62
267.50	47296.10
267.57	47264.30
267.64	47234.61
267.70	47197.77
267.77	47161.38
267.84	47130.19
267.91	47082.95
267.98	47023.99
268.05	46977.91
268.11	46930.63
268.18	46870.43
268.25	46824.79
268.32	46786.00
268.39	46739.33
268.46	46702.62
268.53	46671.75
268.59	46634.43
268.66	46598.43
268.73	46561.44
268.80	46517.49
268.87	46467.57
268.94	46419.92
269.00	46372.57
269.07	46325.44
269.14	46290.44
269.21	46254.49
269.28	46213.95
269.35	46174.26
269.41	46137.92
269.48	46086.57
269.55	46040.18
269.62	45993.82
269.69	45948.81
269.76	45898.13
269.82	45860.09
269.89	45833.68
269.96	45811.24
270.03	45780.17
270.10	45758.54
270.17	45715.53
270.23	45670.19
270.30	45621.32
270.37	45586.53
270.44	45552.79
270.51	45521.63
270.58	45483.74
270.64	45452.53
270.71	45412.84
270.78	45370.56
270.85	45337.00
270.92	45306.91
270.99	45272.87
271.05	45243.23
271.12	45202.67
271.19	45166.34
271.26	45120.13
271.33	45085.30
271.39	45046.91
271.46	45009.47
271.53	44972.44
271.60	44945.93
271.67	44914.47
271.74	44884.63
271.80	44856.99
271.87	44832.68
271.94	44802.96
272.01	44772.65
272.08	44740.10
272.14	44701.50
272.21	44668.26
272.28	44646.35
272.35	44619.68
272.42	44593.57
272.48	44579.09
272.55	44555.64
272.62	44527.68
272.69	44508.71
272.76	44497.09
272.83	44472.21
272.89	44445.95
272.96	44413.72
273.03	44376.46
273.10	44335.17
273.17	44309.09
273.23	44284.08
273.30	44266.31
273.37	44246.78
273.44	44223.10
273.51	44194.27
273.57	44172.92
273.64	44143.29
273.71	44119.31
273.78	44085.90
273.85	44065.72
273.91	44043.00
273.98	44026.68
274.05	44009.73
274.12	44000.59
274.19	43982.41
274.25	43961.86
274.32	43935.56
274.39	43901.86
274.46	43862.99
274.53	43819.87
274.59	43769.45
274.66	43735.83
274.73	43712.38
274.80	43689.83
274.86	43665.85
274.93	43645.26
275.00	43609.09
275.07	43558.53
275.14	43522.79
275.20	43496.49
275.27	43477.18
275.34	43456.73
275.41	43443.95
275.48	43431.39
275.54	43412.39
275.61	43385.29
275.68	43363.97
275.75	43341.18
275.81	43309.26
275.88	43286.27
275.95	43262.33
276.02	43231.10
276.09	43200.70
276.15	43171.25
276.22	43134.36
276.29	43106.77
276.36	43086.77
276.42	43064.06
276.49	43042.06
276.56	43020.76
276.63	42998.34
276.70	42973.13
276.76	42956.14
276.83	42938.22
276.90	42920.43
276.97	42892.93
277.03	42871.88
277.10	42854.37
277.17	42836.41
277.24	42819.99
277.30	42813.24
277.37	42801.91
277.44	42780.63
277.51	42761.00
277.58	42734.86
277.64	42709.72
277.71	42682.14
277.78	42660.25
277.85	42632.83
277.91	42603.85
277.98	42577.70
278.05	42555.53
278.12	42531.33
278.18	42509.71
278.25	42493.73
278.32	42469.23
278.39	42444.91
278.45	42420.28
278.52	42407.72
278.59	42392.02
278.66	42374.14
278.72	42361.00
278.79	42345.90
278.86	42319.17
278.93	42309.12
278.99	42293.29
279.06	42272.29
279.13	42237.33
279.20	42216.83
279.26	42192.48
279.33	42177.67
279.40	42154.06
279.47	42143.40
279.53	42113.08
279.60	42079.56
279.67	42044.44
279.74	42018.93
279.80	41998.65
279.87	41989.29
279.94	41974.53
280.01	41966.05
280.07	41945.43
280.14	41923.33
280.21	41901.93
280.28	41874.88
280.34	41847.35
280.41	41820.98
280.48	41792.85
280.55	41762.85
280.61	41739.32
280.68	41713.32
280.75	41688.10
280.82	41660.46
280.88	41627.52
280.95	41577.66
281.02	41516.02
281.08	41443.80
281.15	41372.40
281.22	41303.74
281.29	41247.68
281.35	41195.75
281.42	41167.28
281.49	41131.12
281.56	41103.21
281.62	41072.65
281.69	41036.03
281.76	40997.86
281.82	40966.92
281.89	40927.07
281.96	40897.75
282.03	40880.08
282.09	40857.15
282.16	40827.90
282.23	40804.24
282.30	40775.33
282.36	40755.85
282.43	40732.51
282.50	40728.44
282.56	40704.97
282.63	40684.48
282.70	40664.84
282.77	40652.03
282.83	40624.38
282.90	40607.93
282.97	40582.64
283.03	40552.94
283.10	40515.44
283.17	40490.58
283.24	40466.08
283.30	40449.17
283.37	40424.23
283.44	40398.92
283.50	40374.18
283.57	40350.73
283.64	40313.76
283.71	40280.66
283.77	40244.81
283.84	40208.30
283.91	40166.80
283.97	40153.13
284.04	40153.70
284.11	40168.53
284.18	40179.93
284.24	40195.28
284.31	40201.54
284.38	40188.11
284.44	40170.04
284.51	40142.93
284.58	40123.37
284.64	40106.53
284.71	40092.30
284.78	40075.91
284.85	40069.28
284.91	40057.39
284.98	40038.02
285.05	40012.51
285.11	39996.81
285.18	39981.15
285.25	39970.75
285.31	39968.28
285.38	39972.48
285.45	39973.05
285.52	39969.45
285.58	39959.92
285.65	39939.47
285.72	39921.22
285.78	39902.41
285.85	39890.33
285.92	39870.29
285.98	39854.25
286.05	39837.33
286.12	39823.51
286.18	39807.64
286.25	39805.33
286.32	39797.44
286.39	39799.73
286.45	39790.78
286.52	39778.46
286.59	39763.49
286.65	39760.18
286.72	39759.83
286.79	39755.93
286.85	39748.79
286.92	39736.20
286.99	39717.40
287.05	39691.44
287.12	39687.34
287.19	39682.67
287.25	39679.75
287.32	39678.35
287.39	39680.12
287.45	39669.48
287.52	39663.99
287.59	39672.10
287.65	39670.40
287.72	39660.48
287.79	39648.37
287.86	39633.25
287.92	39609.64
287.99	39598.01
288.06	39595.40
288.12	39595.36
288.19	39595.26
288.26	39590.06
288.32	39582.81
288.39	39574.86
288.46	39565.44
288.52	39562.16
288.59	39568.47
288.66	39577.61
288.72	39574.61
288.79	39581.34
288.86	39584.29
288.92	39579.72
288.99	39566.10
289.06	39561.58
289.12	39558.28
289.19	39558.02
289.26	39560.53
289.32	39569.71
289.39	39575.14
289.45	39576.30
289.52	39571.63
289.59	39571.23
289.65	39576.39
289.72	39581.09
289.79	39592.11
289.85	39599.73
289.92	39604.30
289.99	39607.35
290.05	39606.44
290.12	39586.83
290.19	39585.33
290.25	39579.70
290.32	39572.75
290.39	39576.03
290.45	39587.18
290.52	39591.68
290.59	39606.23
290.65	39611.65
290.72	39616.00
290.79	39625.00
290.85	39632.23
290.92	39641.47
290.98	39650.44
291.05	39659.05
291.12	39662.22
291.18	39664.08
291.25	39661.12
291.32	39666.23
291.38	39662.82
291.45	39661.06
291.52	39665.58
291.58	39664.00
291.65	39666.64
291.72	39683.13
291.78	39708.33
291.85	39720.22
291.91	39737.31
291.98	39771.67
292.05	39783.83
292.11	39788.18
292.18	39801.52
292.25	39808.21
292.31	39791.24
292.38	39791.28
292.45	39792.12
292.51	39799.45
292.58	39804.94
292.64	39815.26
292.71	39821.13
292.78	39830.44
292.84	39826.91
292.91	39836.78
292.98	39847.98
293.04	39858.94
293.11	39866.94
293.17	39875.75
293.24	39888.74
293.31	39899.47
293.37	39913.46
293.44	39919.15
293.51	39938.20
293.57	39939.44
293.64	39946.59
293.70	39957.11
293.77	39977.58
293.84	39986.83
293.90	39996.94
293.97	40001.23
294.04	40008.18
294.10	40013.53
294.17	40020.53
294.23	40043.93
294.30	40056.03
294.37	40066.91
294.43	40087.55
294.50	40099.28
294.56	40105.06
294.63	40119.68
294.70	40134.20
294.76	40143.90
294.83	40159.53
294.90	40175.63
294.96	40192.14
295.03	40205.45
295.09	40220.92
295.16	40238.13
295.23	40241.70
295.29	40247.17
295.36	40258.78
295.42	40260.43
295.49	40265.48
295.56	40287.07
295.62	40313.78
295.69	40330.18
295.75	40347.32
295.82	40366.15
295.89	40370.69
295.95	40370.71
296.02	40379.94
296.08	40386.97
296.15	40392.04
296.22	40409.17
296.28	40432.13
296.35	40450.38
296.41	40469.74
296.48	40489.06
296.55	40513.05
296.61	40523.68
296.68	40535.09
296.74	40558.26
296.81	40588.87
296.88	40601.95
296.94	40621.19
297.01	40643.38
297.07	40655.63
297.14	40660.13
297.20	40675.62
297.27	40691.17
297.34	40711.98
297.40	40730.84
297.47	40745.48
297.53	40763.34
297.60	40778.95
297.67	40786.50
297.73	40796.85
297.80	40810.85
297.86	40814.39
297.93	40827.45
298.00	40845.17
298.06	40868.88
298.13	40892.70
298.19	40914.49
298.26	40933.59
298.32	40954.75
298.39	40964.67
298.46	40964.12
298.52	40979.13
298.59	40991.10
298.65	40994.13
298.72	41003.85
298.78	41023.50
298.85	41035.88
298.92	41044.28
298.98	41057.35
299.05	41073.47
299.11	41089.25
299.18	41103.16
299.24	41118.97
299.31	41125.30
299.38	41134.93
299.44	41137.41
299.51	41144.47
299.57	41150.73
299.64	41169.77
299.70	41182.83
299.77	41193.09
299.84	41203.41
299.90	41206.63
299.97	41205.96
300.03	41215.98
300.10	41235.35
300.16	41248.33
300.23	41270.72
300.30	41289.99
300.36	41293.85
300.43	41310.35
300.49	41319.57
300.56	41331.84
300.62	41348.63
300.69	41362.10
300.75	41371.97
300.82	41390.34
300.89	41400.27
300.95	41409.37
301.02	41414.26
301.08	41411.03
301.15	41403.22
301.21	41402.60
301.28	41400.36
301.34	41404.37
301.41	41403.40
301.48	41402.76
301.54	41399.81
301.61	41395.93
301.67	41390.45
301.74	41400.25
301.80	41405.15
301.87	41401.25
301.93	41400.87
302.00	41405.01
302.06	41391.48
302.13	41378.08
302.20	41379.95
302.26	41372.87
302.33	41366.25
302.39	41362.02
302.46	41360.21
302.52	41345.15
302.59	41338.01
302.65	41332.00
302.72	41330.54
302.78	41334.08
302.85	41343.45
302.91	41341.16
302.98	41335.66
303.05	41321.78
303.11	41308.47
303.18	41284.48
303.24	41275.74
303.31	41256.30
303.37	41240.48
303.44	41227.52
303.50	41220.65
303.57	41197.64
303.63	41186.28
303.70	41176.59
303.76	41159.38
303.83	41144.75
303.89	41133.83
303.96	41121.47
304.03	41108.80
304.09	41092.91
304.16	41073.07
304.22	41047.65
304.29	41029.23
304.35	41000.88
304.42	40982.27
304.48	40965.07
304.55	40942.79
304.61	40918.35
304.68	40902.79
304.74	40886.69
304.81	40868.72
304.87	40844.83
304.94	40815.11
305.00	40784.46
305.07	40746.15
305.13	40710.25
305.20	40683.66
305.26	40664.26
305.33	40639.88
305.39	40618.79
305.46	40584.88
305.52	40558.21
305.59	40531.43
305.66	40505.62
305.72	40476.68
305.79	40448.64
305.85	40420.28
305.92	40369.58
305.98	40261.87
306.05	40042.99
306.11	39749.98
306.18	39460.59
306.24	39269.69
306.31	39233.18
306.37	39354.90
306.44	39586.89
306.50	39821.22
306.57	39964.15
306.63	40009.92
306.70	40002.29
306.76	39961.08
306.83	39913.37
306.89	39854.96
306.96	39804.70
307.02	39757.63
307.09	39722.37
307.15	39681.39
307.22	39660.16
307.28	39626.32
307.35	39587.72
307.41	39539.18
307.48	39489.63
307.54	39441.38
307.61	39394.34
307.67	39341.54
307.74	39288.50
307.80	39249.38
307.87	39199.35
307.93	39150.81
308.00	39116.74
308.06	39086.04
308.13	39033.80
308.19	38983.81
308.26	38934.66
308.32	38889.91
308.38	38840.89
308.45	38800.66
308.51	38762.77
308.58	38711.73
308.64	38648.81
308.71	38594.64
308.77	38542.07
308.84	38480.55
308.90	38448.15
308.97	38417.46
309.03	38387.93
309.10	38350.17
309.16	38316.73
309.23	38257.29
309.29	38197.68
309.36	38117.09
309.42	38041.73
309.49	37966.23
309.55	37894.57
309.62	37821.80
309.68	37771.68
309.75	37715.67
309.81	37659.63
309.88	37613.32
309.94	37563.95
310.00	37504.78
310.07	37449.14
310.13	37400.01
310.20	37340.00
310.26	37287.70
310.33	37234.96
310.39	37188.11
310.46	37134.97
310.52	37086.97
310.59	37032.48
310.65	36981.78
310.72	36920.86
310.78	36856.97
310.85	36798.20
310.91	36746.29
310.97	36693.22
311.04	36641.35
311.10	36583.88
311.17	36527.94
311.23	36469.43
311.30	36408.94
311.36	36359.27
311.43	36316.16
311.49	36257.11
311.56	36198.21
311.62	36134.93
311.69	36066.93
311.75	36014.43
311.81	35954.78
311.88	35891.79
311.94	35842.13
312.01	35800.52
312.07	35738.28
312.14	35693.73
312.20	35654.03
312.27	35599.98
312.33	35529.90
312.40	35462.92
312.46	35392.19
312.52	35321.96
312.59	35257.80
312.65	35196.67
312.72	35136.43
312.78	35071.46
312.85	35008.64
312.91	34932.52
312.98	34864.80
313.04	34803.48
313.10	34745.47
313.17	34684.18
313.23	34639.98
313.30	34588.33
313.36	34521.25
313.43	34462.21
313.49	34397.05
313.56	34320.40
313.62	34247.41
313.68	34183.39
313.75	34122.68
313.81	34061.65
313.88	34001.35
313.94	33938.70
314.01	33888.66
314.07	33827.99
314.13	33770.12
314.20	33711.31
314.26	33653.84
314.33	33584.35
314.39	33510.96
314.46	33428.65
314.52	33362.62
314.58	33289.50
314.65	33220.83
314.71	33159.48
314.78	33103.11
314.84	33041.39
314.91	32983.07
314.97	32920.37
315.03	32859.33
315.10	32801.63
315.16	32726.31
315.23	32660.35
315.29	32596.81
315.36	32524.66
315.42	32459.50
315.48	32399.94
315.55	32332.97
315.61	32259.66
315.68	32203.85
315.74	32140.03
315.81	32072.48
315.87	32005.83
315.93	31956.21
316.00	31910.72
316.06	31867.08
316.13	31836.82
316.19	31782.48
316.25	31677.51
316.32	31510.86
316.38	31294.92
316.45	31015.28
316.51	30705.14
316.58	30372.08
316.64	30020.99
316.70	29653.28
316.77	29263.34
316.83	28857.84
316.90	28432.42
316.96	27992.98
317.02	27540.97
317.09	27086.66
317.15	26618.19
317.22	26134.02
317.28	25636.32
317.34	25119.75
317.41	24593.49
317.47	24054.80
317.54	23512.19
317.60	22955.02
317.66	22393.91
317.73	21824.58
317.79	21250.11
317.86	20673.98
317.92	20095.33
317.98	19507.27
318.05	18911.53
318.11	18316.58
318.18	17728.40
318.24	17138.10
318.30	16551.90
318.37	15971.03
318.43	15387.54
318.50	14796.94
318.56	14214.43
318.62	13643.56
318.69	13081.47
318.75	12529.58
318.82	11985.71
318.88	11458.36
318.94	10937.51
319.01	10429.14
319.07	9935.22
319.13	9453.76
319.20	8980.77
319.26	8521.04
319.33	8075.44
319.39	7638.68
319.45	7229.23
319.52	6839.30
319.58	6461.03
319.65	6097.12
319.71	5750.90
319.77	5413.50
319.84	5093.45
319.90	4793.08
319.96	4506.31
320.03	4236.12
320.09	3984.71
320.16	3737.77
320.22	3514.11
320.28	3304.58
320.35	3109.52
320.41	2926.30
320.47	2762.45
320.54	2604.16
320.60	2463.70
320.67	2333.84
320.73	2211.77
320.79	2099.06
320.86	2000.05
320.92	1904.75
320.98	1821.94
321.05	1746.32
321.11	1672.95
321.18	1605.85
321.24	1547.03
321.30	1486.74
321.37	1435.79
321.43	1396.09
321.49	1355.03
321.56	1317.49
321.62	1287.79
321.68	1254.40
321.75	1221.55
321.81	1192.87
321.88	1163.68
321.94	1138.74
322.00	1115.45
322.07	1087.90
322.13	1061.06
322.19	1032.16
322.26	999.30
322.32	969.98
322.38	944.89
322.45	922.98
322.51	897.62
322.58	878.33
322.64	850.18
322.70	826.49
322.77	795.18
322.83	774.26
322.89	742.89
322.96	716.81
323.02	688.37
323.08	661.43
323.15	631.19
323.21	606.43
323.27	583.23
323.34	558.05
323.40	533.83
323.46	509.93
323.53	478.85
323.59	404.44
323.65	303.71
323.72	190.18
323.78	80.69
323.85	-17.81
323.91	-67.64
323.97	-85.12
324.04	-86.40
