180.21	3429.42
180.28	-125.92
180.36	632.65
180.44	-47.86
180.51	-16.92
180.59	6.53
180.66	33.99
180.74	32.09
180.81	31.79
180.89	34.12
180.97	35.00
181.04	33.06
181.12	32.03
181.19	32.49
181.27	32.86
181.34	49.00
181.42	55.42
181.50	62.58
181.57	73.64
181.65	79.09
181.72	73.65
181.80	69.18
181.87	69.86
181.95	70.28
182.03	70.35
182.10	73.70
182.18	76.93
182.25	83.80
182.33	86.00
182.40	96.07
182.48	95.54
182.55	110.75
182.63	119.55
182.71	127.20
182.78	136.11
182.86	150.29
182.93	150.43
183.01	149.71
183.08	145.28
183.16	143.30
183.23	134.55
183.31	142.23
183.39	149.74
183.46	170.59
183.54	181.45
183.61	208.61
183.69	229.14
183.76	262.25
183.84	288.83
183.91	317.36
183.99	358.49
184.06	389.87
184.14	422.11
184.22	467.38
184.29	501.80
184.37	513.06
184.44	530.80
184.52	519.08
184.59	461.90
184.67	407.55
184.74	356.92
184.82	322.63
184.89	318.35
184.97	361.73
185.04	431.21
185.12	500.70
185.20	579.15
185.27	654.20
185.35	741.03
185.42	801.15
185.50	864.21
185.57	920.58
185.65	963.18
185.72	1003.12
185.80	1081.46
185.87	1139.83
185.95	1206.86
186.02	1321.66
186.10	1391.47
186.17	1414.37
186.25	1404.68
186.33	1263.72
186.40	1064.37
186.48	916.45
186.55	822.57
186.63	807.49
186.70	930.55
186.78	1093.34
186.85	1236.69
186.93	1362.16
187.00	1464.76
187.08	1579.88
187.15	1686.00
187.23	1811.77
187.30	1942.85
187.38	2053.82
187.45	2168.90
187.53	2305.56
187.60	2384.62
187.68	2484.25
187.75	2628.86
187.83	2700.51
187.90	2755.63
187.98	2862.66
188.05	2891.00
188.13	2749.58
188.21	2495.35
188.28	2231.14
188.36	1971.59
188.43	1778.58
188.51	1781.78
188.58	1971.79
188.66	2180.65
188.73	2380.71
188.81	2596.02
188.88	2757.90
188.96	2919.93
189.03	3055.13
189.11	3202.96
189.18	3334.53
189.26	3444.84
189.33	3556.18
189.41	3691.58
189.48	3772.40
189.56	3868.54
189.63	4001.49
189.71	4062.96
189.78	4119.48
189.86	4219.75
189.93	4268.55
190.01	4263.40
190.08	4238.42
190.16	4055.34
190.23	3688.89
190.31	3345.11
190.38	3100.38
190.46	2958.00
190.53	3000.29
190.61	3237.13
190.68	3488.91
190.76	3712.73
190.83	3906.95
190.91	4065.24
190.98	4236.52
191.06	4378.53
191.13	4529.53
191.21	4662.47
191.28	4777.95
191.35	4893.13
191.43	5013.21
191.50	5081.55
191.58	5170.24
191.65	5267.92
191.73	5301.03
191.80	5343.58
191.88	5386.82
191.95	5380.63
192.03	5380.02
192.10	5408.77
192.18	5421.45
192.25	5407.63
192.33	5306.48
192.40	5077.64
192.48	4826.84
192.55	4628.19
192.63	4499.62
192.70	4524.02
192.78	4706.33
192.85	4938.59
192.93	5143.79
193.00	5334.21
193.08	5483.31
193.15	5636.58
193.22	5743.04
193.30	5838.65
193.37	5923.98
193.45	5981.80
193.52	6024.35
193.60	6084.83
193.67	6131.74
193.75	6178.44
193.82	6246.39
193.90	6277.78
193.97	6310.08
194.05	6349.85
194.12	6377.31
194.20	6414.12
194.27	6471.82
194.34	6520.63
194.42	6556.02
194.49	6596.24
194.57	6619.59
194.64	6591.28
194.72	6497.66
194.79	6393.15
194.87	6293.55
194.94	6208.04
195.02	6177.59
195.09	6225.12
195.17	6312.70
195.24	6403.02
195.31	6512.04
195.39	6617.64
195.46	6726.27
195.54	6822.50
195.61	6909.69
195.69	6973.18
195.76	7024.86
195.84	7073.29
195.91	7111.01
195.99	7135.83
196.06	7159.87
196.13	7186.12
196.21	7196.12
196.28	7203.51
196.36	7210.16
196.43	7193.68
196.51	7167.43
196.58	7139.92
196.66	7123.44
196.73	7128.18
196.80	7168.85
196.88	7224.94
196.95	7300.98
197.03	7376.89
197.10	7427.91
197.18	7449.68
197.25	7462.40
197.33	7473.82
197.40	7483.04
197.47	7497.28
197.55	7531.24
197.62	7570.73
197.70	7598.96
197.77	7629.40
197.85	7657.90
197.92	7667.87
197.99	7657.98
198.07	7619.87
198.14	7559.45
198.22	7518.50
198.29	7510.02
198.37	7548.57
198.44	7633.56
198.51	7741.36
198.59	7844.01
198.66	7935.99
198.74	8002.50
198.81	8054.73
198.89	8091.33
198.96	8124.21
199.03	8150.63
199.11	8179.01
199.18	8193.30
199.26	8208.80
199.33	8224.81
199.41	8238.30
199.48	8226.10
199.55	8187.74
199.63	8130.06
199.70	8075.09
199.78	8018.43
199.85	8009.47
199.93	8062.71
200.00	8167.83
200.07	8278.39
200.15	8398.46
200.22	8500.03
200.30	8573.10
200.37	8632.56
200.44	8685.44
200.52	8734.99
200.59	8779.38
200.67	8814.30
200.74	8832.20
200.81	8834.88
200.89	8824.98
200.96	8822.92
201.04	8822.48
201.11	8812.85
201.19	8785.50
201.26	8755.02
201.33	8726.51
201.41	8721.21
201.48	8756.18
201.56	8839.74
201.63	8952.87
201.70	9065.78
201.78	9171.58
201.85	9262.60
201.93	9334.93
202.00	9393.99
202.07	9447.37
202.15	9496.33
202.22	9532.71
202.30	9575.16
202.37	9610.54
202.44	9639.64
202.52	9657.72
202.59	9669.74
202.67	9668.75
202.74	9680.14
202.81	9685.86
202.89	9677.58
202.96	9670.85
203.04	9696.63
203.11	9735.08
203.18	9807.83
203.26	9916.71
203.33	10033.59
203.41	10130.91
203.48	10213.05
203.55	10271.07
203.63	10323.98
203.70	10382.43
203.77	10434.44
203.85	10487.74
203.92	10536.11
204.00	10585.77
204.07	10633.56
204.14	10682.91
204.22	10724.18
204.29	10768.74
204.37	10797.31
204.44	10819.31
204.51	10848.12
204.59	10877.77
204.66	10908.11
204.73	10953.44
204.81	11018.07
204.88	11095.69
204.96	11186.93
205.03	11281.94
205.10	11375.40
205.18	11455.43
205.25	11524.46
205.32	11591.50
205.40	11658.80
205.47	11723.78
205.55	11785.31
205.62	11845.76
205.69	11907.34
205.77	11965.98
205.84	12030.57
205.91	12101.40
205.99	12174.77
206.06	12239.91
206.14	12303.50
206.21	12364.74
206.28	12418.98
206.36	12473.68
206.43	12522.92
206.50	12586.94
206.58	12659.68
206.65	12745.73
206.72	12841.66
206.80	12948.92
206.87	13045.78
206.95	13141.66
207.02	13232.35
207.09	13313.36
207.17	13398.83
207.24	13487.04
207.31	13572.10
207.39	13656.68
207.46	13738.32
207.53	13812.68
207.61	13895.64
207.68	13973.57
207.75	14057.26
207.83	14141.70
207.90	14222.89
207.98	14291.17
208.05	14368.65
208.12	14439.02
208.20	14518.59
208.27	14610.04
208.34	14714.18
208.42	14811.24
208.49	14915.92
208.56	15018.30
208.64	15122.35
208.71	15220.23
208.78	15319.28
208.86	15423.73
208.93	15526.09
209.00	15622.99
209.08	15721.97
209.15	15825.53
209.22	15928.29
209.30	16028.02
209.37	16131.86
209.44	16241.46
209.52	16345.49
209.59	16439.01
209.67	16544.67
209.74	16640.54
209.81	16739.88
209.89	16837.29
209.96	16952.58
210.03	17059.39
210.11	17171.03
210.18	17277.54
210.25	17392.48
210.33	17501.50
210.40	17612.08
210.47	17732.03
210.55	17856.88
210.62	17975.71
210.69	18087.52
210.77	18207.32
210.84	18324.39
210.91	18446.08
210.99	18569.66
211.06	18690.40
211.13	18810.63
211.21	18934.77
211.28	19047.67
211.35	19163.05
211.42	19292.55
211.50	19416.16
211.57	19538.71
211.64	19666.12
211.72	19787.51
211.79	19910.69
211.86	20035.49
211.94	20164.71
212.01	20289.41
212.08	20421.83
212.16	20544.62
212.23	20674.11
212.30	20802.32
212.38	20933.72
212.45	21068.34
212.52	21206.99
212.60	21336.15
212.67	21467.57
212.74	21596.97
212.82	21722.69
212.89	21852.34
212.96	21984.06
213.03	22110.30
213.11	22248.82
213.18	22384.72
213.25	22520.38
213.33	22659.28
213.40	22792.72
213.47	22926.18
213.55	23066.63
213.62	23201.49
213.69	23339.13
213.77	23482.27
213.84	23621.74
213.91	23763.83
213.98	23916.12
214.06	24063.83
214.13	24223.38
214.20	24373.64
214.28	24523.54
214.35	24667.76
214.42	24805.74
214.50	24938.94
214.57	25072.98
214.64	25206.24
214.72	25344.15
214.79	25488.11
214.86	25628.08
214.93	25773.87
215.01	25924.36
215.08	26058.37
215.15	26207.99
215.23	26354.79
215.30	26503.41
215.37	26648.95
215.44	26807.88
215.52	26963.17
215.59	27112.71
215.66	27257.83
215.74	27401.97
215.81	27542.40
215.88	27685.25
215.95	27820.39
216.03	27966.51
216.10	28113.08
216.17	28264.82
216.25	28410.93
216.32	28573.40
216.39	28729.62
216.46	28887.55
216.54	29035.05
216.61	29188.66
216.68	29331.90
216.76	29479.76
216.83	29628.37
216.90	29783.90
216.97	29939.15
217.05	30095.87
217.12	30246.79
217.19	30396.24
217.27	30536.42
217.34	30666.61
217.41	30795.04
217.48	30926.24
217.56	31057.92
217.63	31209.19
217.70	31356.38
217.78	31513.72
217.85	31666.67
217.92	31819.09
217.99	31964.91
218.07	32111.51
218.14	32251.19
218.21	32404.46
218.28	32556.84
218.36	32708.05
218.43	32861.44
218.50	33019.66
218.57	33161.76
218.65	33303.49
218.72	33435.91
218.79	33569.48
218.87	33696.04
218.94	33831.06
219.01	33966.28
219.08	34111.09
219.16	34255.46
219.23	34406.56
219.30	34552.12
219.37	34693.28
219.45	34824.66
219.52	34959.94
219.59	35090.20
219.66	35218.34
219.74	35354.50
219.81	35504.18
219.88	35641.81
219.95	35782.67
220.03	35931.92
220.10	36067.24
220.17	36200.74
220.24	36335.11
220.32	36475.98
220.39	36597.81
220.46	36727.09
220.53	36853.29
220.61	36978.78
220.68	37096.83
220.75	37229.96
220.82	37366.26
220.90	37493.29
220.97	37616.23
221.04	37739.70
221.11	37848.68
221.19	37959.81
221.26	38075.46
221.33	38201.76
221.40	38333.70
221.48	38463.84
221.55	38590.59
221.62	38710.44
221.69	38830.30
221.77	38947.94
221.84	39075.58
221.91	39194.50
221.98	39316.56
222.06	39442.48
222.13	39562.18
222.20	39668.67
222.27	39780.03
222.35	39899.22
222.42	40010.52
222.49	40116.73
222.56	40237.58
222.63	40346.64
222.71	40452.31
222.78	40560.80
222.85	40669.74
222.92	40781.85
223.00	40887.18
223.07	40991.62
223.14	41092.43
223.21	41199.08
223.29	41294.08
223.36	41407.84
223.43	41517.80
223.50	41629.90
223.57	41740.39
223.65	41863.70
223.72	41975.59
223.79	42083.58
223.86	42178.88
223.94	42266.72
224.01	42344.89
224.08	42429.99
224.15	42517.83
224.22	42606.97
224.30	42692.05
224.37	42782.75
224.44	42880.78
224.51	42967.50
224.59	43049.67
224.66	43136.55
224.73	43220.61
224.80	43301.17
224.87	43393.90
224.95	43502.57
225.02	43609.40
225.09	43712.49
225.16	43803.46
225.23	43897.82
225.31	43977.91
225.38	44053.58
225.45	44127.31
225.52	44215.23
225.60	44293.26
225.67	44373.75
225.74	44445.94
225.81	44527.56
225.88	44598.92
225.96	44667.21
226.03	44735.22
226.10	44821.15
226.17	44896.55
226.24	44970.82
226.32	45048.43
226.39	45134.58
226.46	45204.75
226.53	45273.01
226.60	45352.51
226.68	45436.46
226.75	45514.70
226.82	45608.35
226.89	45697.10
226.96	45773.04
227.04	45830.20
227.11	45882.25
227.18	45925.87
227.25	45966.74
227.32	46013.43
227.40	46077.78
227.47	46147.84
227.54	46230.63
227.61	46310.28
227.68	46386.33
227.76	46456.16
227.83	46527.17
227.90	46587.48
227.97	46650.52
228.04	46718.32
228.11	46773.90
228.19	46817.85
228.26	46870.00
228.33	46917.30
228.40	46948.27
228.47	46998.68
228.55	47051.79
228.62	47102.03
228.69	47166.65
228.76	47231.21
228.83	47283.74
228.90	47342.44
228.98	47403.14
229.05	47459.36
229.12	47530.26
229.19	47598.95
229.26	47658.81
229.34	47705.22
229.41	47748.03
229.48	47782.31
229.55	47824.02
229.62	47876.39
229.69	47938.83
229.77	47998.39
229.84	48058.95
229.91	48109.83
229.98	48142.26
230.05	48175.07
230.12	48205.19
230.20	48244.92
230.27	48282.82
230.34	48343.68
230.41	48394.02
230.48	48450.95
230.55	48500.73
230.63	48554.50
230.70	48613.84
230.77	48652.86
230.84	48694.29
230.91	48719.93
230.98	48756.46
231.06	48779.02
231.13	48828.69
231.20	48878.51
231.27	48948.05
231.34	49004.58
231.41	49059.63
231.49	49106.49
231.56	49149.22
231.63	49182.74
231.70	49218.99
231.77	49254.67
231.84	49281.23
231.92	49308.63
231.99	49342.75
232.06	49374.72
232.13	49401.61
232.20	49441.21
232.27	49478.10
232.34	49502.22
232.42	49521.45
232.49	49548.70
232.56	49572.85
232.63	49608.29
232.70	49649.95
232.77	49702.63
232.85	49744.62
232.92	49791.26
232.99	49823.01
233.06	49849.22
233.13	49866.14
233.20	49879.39
233.27	49881.49
233.35	49884.52
233.42	49889.13
233.49	49904.68
233.56	49930.19
233.63	49961.51
233.70	49995.46
233.77	50030.74
233.85	50056.99
233.92	50092.16
233.99	50120.41
234.06	50144.86
234.13	50168.19
234.20	50194.71
234.27	50201.77
234.35	50211.50
234.42	50222.03
234.49	50232.57
234.56	50244.73
234.63	50258.39
234.70	50274.83
234.77	50283.73
234.84	50293.77
234.92	50289.53
234.99	50291.09
235.06	50291.19
235.13	50290.76
235.20	50288.91
235.27	50301.06
235.34	50305.04
235.41	50315.00
235.49	50326.55
235.56	50338.33
235.63	50344.09
235.70	50350.52
235.77	50351.48
235.84	50353.30
235.91	50346.04
235.98	50335.06
236.06	50319.59
236.13	50301.91
236.20	50286.79
236.27	50257.15
236.34	50230.57
236.41	50209.75
236.48	50194.33
236.55	50178.10
236.63	50173.23
236.70	50173.06
236.77	50173.06
236.84	50179.11
236.91	50183.86
236.98	50193.31
237.05	50201.35
237.12	50198.12
237.19	50182.05
237.27	50167.30
237.34	50161.15
237.41	50145.15
237.48	50135.19
237.55	50130.67
237.62	50122.36
237.69	50116.95
237.76	50122.00
237.83	50130.26
237.91	50129.02
237.98	50126.78
238.05	50109.24
238.12	50091.85
238.19	50072.66
238.26	50064.77
238.33	50056.78
238.40	50049.05
238.47	50038.30
238.54	50034.74
238.62	50019.40
238.69	50002.66
238.76	49993.86
238.83	49974.49
238.90	49952.53
238.97	49939.03
239.04	49928.24
239.11	49910.11
239.18	49906.53
239.25	49904.41
239.33	49883.24
239.40	49866.92
239.47	49844.65
239.54	49811.68
239.61	49767.71
239.68	49736.91
239.75	49712.73
239.82	49697.10
239.89	49688.93
239.96	49690.21
240.03	49688.18
240.11	49693.04
240.18	49692.87
240.25	49682.15
240.32	49673.01
240.39	49667.37
240.46	49648.09
240.53	49638.31
240.60	49641.00
240.67	49639.89
240.74	49636.03
240.81	49628.90
240.88	49617.54
240.96	49596.90
241.03	49576.98
241.10	49567.23
241.17	49558.51
241.24	49555.12
241.31	49565.68
241.38	49568.29
241.45	49555.75
241.52	49543.02
241.59	49525.31
241.66	49500.48
241.73	49481.63
241.80	49471.59
241.88	49460.17
241.95	49439.80
242.02	49421.58
242.09	49398.36
242.16	49369.22
242.23	49355.76
242.30	49353.00
242.37	49340.58
242.44	49340.63
242.51	49341.48
242.58	49334.96
242.65	49326.04
242.72	49331.18
242.79	49319.11
242.87	49318.29
242.94	49310.82
243.01	49313.78
243.08	49311.07
243.15	49316.74
243.22	49318.23
243.29	49327.53
243.36	49330.03
243.43	49332.57
243.50	49352.24
243.57	49367.58
243.64	49373.78
243.71	49376.50
243.78	49379.31
243.85	49359.79
243.92	49353.07
243.99	49346.36
244.07	49338.53
244.14	49326.35
244.21	49326.26
244.28	49316.58
244.35	49308.49
244.42	49307.53
244.49	49308.94
244.56	49311.67
244.63	49323.68
244.70	49327.13
244.77	49327.39
244.84	49341.13
244.91	49349.64
244.98	49359.19
245.05	49377.39
245.12	49400.17
245.19	49411.68
245.26	49422.94
245.33	49438.90
245.40	49469.44
245.47	49501.41
245.55	49525.70
245.62	49547.41
245.69	49547.97
245.76	49546.46
245.83	49545.90
245.90	49543.48
245.97	49542.29
246.04	49560.91
246.11	49574.90
246.18	49578.74
246.25	49586.50
246.32	49595.77
246.39	49601.41
246.46	49608.90
246.53	49624.70
246.60	49647.71
246.67	49671.57
246.74	49695.19
246.81	49722.44
246.88	49739.56
246.95	49760.41
247.02	49784.02
247.09	49801.88
247.16	49801.98
247.23	49804.83
247.30	49798.70
247.37	49794.72
247.44	49806.78
247.51	49826.86
247.58	49858.38
247.66	49894.73
247.73	49940.16
247.80	49974.72
247.87	50007.85
247.94	50040.13
248.01	50077.85
248.08	50101.41
248.15	50116.61
248.22	50147.36
248.29	50175.37
248.36	50196.61
248.43	50223.76
248.50	50252.05
248.57	50263.21
248.64	50275.89
248.71	50294.58
248.78	50319.12
248.85	50345.66
248.92	50379.66
248.99	50405.91
249.06	50428.53
249.13	50439.11
249.20	50457.07
249.27	50473.75
249.34	50488.09
249.41	50498.30
249.48	50494.00
249.55	50480.16
249.62	50483.08
249.69	50493.18
249.76	50519.66
249.83	50569.40
249.90	50631.61
249.97	50675.05
250.04	50722.24
250.11	50760.85
250.18	50789.33
250.25	50809.25
250.32	50828.58
250.39	50852.01
250.46	50872.59
250.53	50902.53
250.60	50930.09
250.67	50964.76
250.74	50988.74
250.81	50999.67
250.88	51011.80
250.95	51026.78
251.02	51043.31
251.09	51066.80
251.16	51103.37
251.23	51125.37
251.30	51146.32
251.37	51161.44
251.44	51165.68
251.51	51181.14
251.58	51212.18
251.65	51237.63
251.72	51252.10
251.79	51284.91
251.86	51301.92
251.93	51317.97
252.00	51326.18
252.07	51345.85
252.14	51357.98
252.21	51362.54
252.28	51361.59
252.35	51374.85
252.42	51396.00
252.49	51408.03
252.56	51422.51
252.63	51435.27
252.70	51447.68
252.77	51455.45
252.84	51472.36
252.91	51491.13
252.98	51517.64
253.05	51539.26
253.12	51548.78
253.19	51554.31
253.25	51572.26
253.32	51578.51
253.39	51603.28
253.46	51630.49
253.53	51656.71
253.60	51666.14
253.67	51682.89
253.74	51696.57
253.81	51711.36
253.88	51722.17
253.95	51744.79
254.02	51760.56
254.09	51773.26
254.16	51790.96
254.23	51806.37
254.30	51819.33
254.37	51844.93
254.44	51856.91
254.51	51872.20
254.58	51882.03
254.65	51885.40
254.72	51880.79
254.79	51874.76
254.86	51872.58
254.93	51875.89
255.00	51887.92
255.07	51897.54
255.14	51920.14
255.21	51918.32
255.28	51919.15
255.34	51900.92
255.41	51896.86
255.48	51882.19
255.55	51888.28
255.62	51892.24
255.69	51906.03
255.76	51904.69
255.83	51907.04
255.90	51912.19
255.97	51927.77
256.04	51929.19
256.11	51941.78
256.18	51954.16
256.25	51952.27
256.32	51937.25
256.39	51947.03
256.46	51944.90
256.53	51935.75
256.60	51935.83
256.67	51946.19
256.74	51944.72
256.80	51947.01
256.87	51953.98
256.94	51953.29
257.01	51950.85
257.08	51946.89
257.15	51932.80
257.22	51924.73
257.29	51906.13
257.36	51881.35
257.43	51875.61
257.50	51877.13
257.57	51865.73
257.64	51864.57
257.71	51856.46
257.78	51834.12
257.85	51807.06
257.92	51788.76
257.98	51775.83
258.05	51776.27
258.12	51765.37
258.19	51761.05
258.26	51749.46
258.33	51732.71
258.40	51718.06
258.47	51713.99
258.54	51708.87
258.61	51713.73
258.68	51714.28
258.75	51701.89
258.82	51691.69
258.89	51676.22
258.95	51659.29
259.02	51646.93
259.09	51633.90
259.16	51619.62
259.23	51597.17
259.30	51570.94
259.37	51548.60
259.44	51528.13
259.51	51504.46
259.58	51497.25
259.65	51475.96
259.72	51454.53
259.79	51425.80
259.85	51403.18
259.92	51367.92
259.99	51350.19
260.06	51327.70
260.13	51308.69
260.20	51279.34
260.27	51248.70
260.34	51221.65
260.41	51197.16
260.48	51169.97
260.55	51155.78
260.62	51148.93
260.68	51129.68
260.75	51101.32
260.82	51085.16
260.89	51062.59
260.96	51036.05
261.03	51005.68
261.10	50977.15
261.17	50945.87
261.24	50912.12
261.31	50878.98
261.38	50850.73
261.44	50819.77
261.51	50781.86
261.58	50743.68
261.65	50703.39
261.72	50664.84
261.79	50628.62
261.86	50592.87
261.93	50570.73
262.00	50549.03
262.07	50522.16
262.13	50490.86
262.20	50467.40
262.27	50415.90
262.34	50373.95
262.41	50336.55
262.48	50300.77
262.55	50264.07
262.62	50235.93
262.69	50201.51
262.76	50167.67
262.82	50136.69
262.89	50106.48
262.96	50076.71
263.03	50044.85
263.10	50017.45
263.17	49989.44
263.24	49952.44
263.31	49921.88
263.38	49882.74
263.44	49842.98
263.51	49789.26
263.58	49746.53
263.65	49705.64
263.72	49666.10
263.79	49616.43
263.86	49583.26
263.93	49546.88
264.00	49502.08
264.06	49471.66
264.13	49439.99
264.20	49406.38
264.27	49364.14
264.34	49320.94
264.41	49270.25
264.48	49223.61
264.55	49181.16
264.61	49141.64
264.68	49108.60
264.75	49075.96
264.82	49032.03
264.89	48989.68
264.96	48950.10
265.03	48898.26
265.10	48853.45
265.16	48811.82
265.23	48775.28
265.30	48743.55
265.37	48715.04
265.44	48673.67
265.51	48638.53
265.58	48587.95
265.65	48531.51
265.71	48480.34
265.78	48439.58
265.85	48396.01
265.92	48356.73
265.99	48316.55
266.06	48287.06
266.13	48242.07
266.20	48203.15
266.26	48168.56
266.33	48129.31
266.40	48077.98
266.47	48027.19
266.54	47957.87
266.61	47892.87
266.68	47828.87
266.74	47770.56
266.81	47722.56
266.88	47686.34
266.95	47636.96
267.02	47596.92
267.09	47552.59
267.16	47508.78
267.22	47463.00
267.29	47424.37
267.36	47384.92
267.43	47344.45
267.50	47300.98
267.57	47269.65
267.64	47233.07
267.70	47197.61
267.77	47156.38
267.84	47121.91
267.91	47073.07
267.98	47022.92
268.05	46971.43
268.11	46926.25
268.18	46870.80
268.25	46827.82
268.32	46788.34
268.39	46751.96
268.46	46710.31
268.53	46677.35
268.59	46640.43
268.66	46605.53
268.73	46556.92
268.80	46520.44
268.87	46467.15
268.94	46420.65
269.00	46374.46
269.07	46335.95
269.14	46300.27
269.21	46276.15
269.28	46240.89
269.35	46202.29
269.41	46163.39
269.48	46109.71
269.55	46053.33
269.62	45999.25
269.69	45956.54
269.76	45907.99
269.82	45872.58
269.89	45848.09
269.96	45829.16
270.03	45794.36
270.10	45764.83
270.17	45723.70
270.23	45675.44
270.30	45625.15
270.37	45589.82
270.44	45558.27
270.51	45525.91
270.58	45492.74
270.64	45464.44
270.71	45423.65
270.78	45390.58
270.85	45348.00
270.92	45314.09
270.99	45277.60
271.05	45252.22
271.12	45206.51
271.19	45176.63
271.26	45131.98
271.33	45091.88
271.39	45049.01
271.46	45002.49
271.53	44963.73
271.60	44942.58
271.67	44912.85
271.74	44876.81
271.80	44854.33
271.87	44838.07
271.94	44803.22
272.01	44770.13
272.08	44738.83
272.14	44705.40
272.21	44664.85
272.28	44645.12
272.35	44626.13
272.42	44606.53
272.48	44588.36
272.55	44568.78
272.62	44540.98
272.69	44517.14
272.76	44502.50
272.83	44478.18
272.89	44446.79
272.96	44414.08
273.03	44378.30
273.10	44339.35
273.17	44312.62
273.23	44287.46
273.30	44264.67
273.37	44241.92
273.44	44219.17
273.51	44190.66
273.57	44170.98
273.64	44145.52
273.71	44123.81
273.78	44095.25
273.85	44079.07
273.91	44053.87
273.98	44038.42
274.05	44023.45
274.12	44013.27
274.19	43989.71
274.25	43971.20
274.32	43943.08
274.39	43901.29
274.46	43858.60
274.53	43811.74
274.59	43757.99
274.66	43727.02
274.73	43712.56
274.80	43689.06
274.86	43668.12
274.93	43654.13
275.00	43614.39
275.07	43566.25
275.14	43533.99
275.20	43507.19
275.27	43486.21
275.34	43464.52
275.41	43448.59
275.48	43429.14
275.54	43406.67
275.61	43379.26
275.68	43361.04
275.75	43334.00
275.81	43296.43
275.88	43271.34
275.95	43246.99
276.02	43218.20
276.09	43192.16
276.15	43171.15
276.22	43146.77
276.29	43122.31
276.36	43093.34
276.42	43068.16
276.49	43046.01
276.56	43014.31
276.63	42984.55
276.70	42965.81
276.76	42947.28
276.83	42930.17
276.90	42915.86
276.97	42900.06
277.03	42875.68
277.10	42851.88
277.17	42832.93
277.24	42819.47
277.30	42801.07
277.37	42780.92
277.44	42762.28
277.51	42743.23
277.58	42713.46
277.64	42687.28
277.71	42679.03
277.78	42659.09
277.85	42626.43
277.91	42599.60
277.98	42577.92
278.05	42540.61
278.12	42517.49
278.18	42503.11
278.25	42482.96
278.32	42461.01
278.39	42447.98
278.45	42430.03
278.52	42407.88
278.59	42394.07
278.66	42376.02
278.72	42360.89
278.79	42341.13
278.86	42322.32
278.93	42312.05
278.99	42295.69
279.06	42270.19
279.13	42243.51
279.20	42228.66
279.26	42204.70
279.33	42185.03
279.40	42164.51
279.47	42145.73
279.53	42119.15
279.60	42085.53
279.67	42053.05
279.74	42023.91
279.80	41999.70
279.87	41975.90
279.94	41966.43
280.01	41958.23
280.07	41941.98
280.14	41924.50
280.21	41907.79
280.28	41882.37
280.34	41852.02
280.41	41829.63
280.48	41797.94
280.55	41768.63
280.61	41740.45
280.68	41714.14
280.75	41684.28
280.82	41656.13
280.88	41622.25
280.95	41572.43
281.02	41520.49
281.08	41449.09
281.15	41378.48
281.22	41308.50
281.29	41249.46
281.35	41191.90
281.42	41164.64
281.49	41133.11
281.56	41099.19
281.62	41070.79
281.69	41037.53
281.76	40997.84
281.82	40963.83
281.89	40932.36
281.96	40896.29
282.03	40869.73
282.09	40839.54
282.16	40814.35
282.23	40789.27
282.30	40770.67
282.36	40747.93
282.43	40729.31
282.50	40717.43
282.56	40694.77
282.63	40672.74
282.70	40653.57
282.77	40640.80
282.83	40616.38
282.90	40600.34
282.97	40576.33
283.03	40551.42
283.10	40516.29
283.17	40489.09
283.24	40463.21
283.30	40440.72
283.37	40415.17
283.44	40394.78
283.50	40368.94
283.57	40343.81
283.64	40313.18
283.71	40280.04
283.77	40234.13
283.84	40196.97
283.91	40159.60
283.97	40144.75
284.04	40151.11
284.11	40165.16
284.18	40177.62
284.24	40189.89
284.31	40193.03
284.38	40176.95
284.44	40162.25
284.51	40143.64
284.58	40124.78
284.64	40108.90
284.71	40101.42
284.78	40090.39
284.85	40079.76
284.91	40063.76
284.98	40045.46
285.05	40012.39
285.11	39998.25
285.18	39981.05
285.25	39973.08
285.31	39969.10
285.38	39981.36
285.45	39973.93
285.52	39973.67
285.58	39961.95
285.65	39943.12
285.72	39916.46
285.78	39896.13
285.85	39880.93
285.92	39865.48
285.98	39847.62
286.05	39830.98
286.12	39823.31
286.18	39805.08
286.25	39802.49
286.32	39797.46
286.39	39800.54
286.45	39792.36
286.52	39780.22
286.59	39766.43
286.65	39762.33
286.72	39758.75
286.79	39751.62
286.85	39747.87
286.92	39734.95
286.99	39725.53
287.05	39700.20
287.12	39694.66
287.19	39689.91
287.25	39697.55
287.32	39690.09
287.39	39696.03
287.45	39689.07
287.52	39688.99
287.59	39676.79
287.65	39676.20
287.72	39661.71
287.79	39653.09
287.86	39632.26
287.92	39618.56
287.99	39605.41
288.06	39607.09
288.12	39599.68
288.19	39598.68
288.26	39589.00
288.32	39576.95
288.39	39561.23
288.46	39552.99
288.52	39552.83
288.59	39563.37
288.66	39573.77
288.72	39582.31
288.79	39590.48
288.86	39586.56
288.92	39583.65
288.99	39570.33
289.06	39559.20
289.12	39555.38
289.19	39564.82
289.26	39564.88
289.32	39574.27
289.39	39581.72
289.45	39585.23
289.52	39575.60
289.59	39582.56
289.65	39587.43
289.72	39591.93
289.79	39597.37
289.85	39607.87
289.92	39607.55
289.99	39606.57
290.05	39609.18
290.12	39599.51
290.19	39593.53
290.25	39587.49
290.32	39587.59
290.39	39595.59
290.45	39605.71
290.52	39613.21
290.59	39625.21
290.65	39629.78
290.72	39626.48
290.79	39625.43
290.85	39635.77
290.92	39648.44
290.98	39659.64
291.05	39664.64
291.12	39671.29
291.18	39672.48
291.25	39667.86
291.32	39666.76
291.38	39668.58
291.45	39668.84
291.52	39663.11
291.58	39665.13
291.65	39675.01
291.72	39690.53
291.78	39712.00
291.85	39733.23
291.91	39748.13
291.98	39768.91
292.05	39775.69
292.11	39783.91
292.18	39793.22
292.25	39793.80
292.31	39779.87
292.38	39785.34
292.45	39785.44
292.51	39799.95
292.58	39809.62
292.64	39824.09
292.71	39831.49
292.78	39841.21
292.84	39831.29
292.91	39843.69
292.98	39854.27
293.04	39860.75
293.11	39871.27
293.17	39892.13
293.24	39898.40
293.31	39910.46
293.37	39920.81
293.44	39922.60
293.51	39930.32
293.57	39939.90
293.64	39947.30
293.70	39962.99
293.77	39981.67
293.84	39991.96
293.90	39998.93
293.97	40002.36
294.04	40014.87
294.10	40021.70
294.17	40033.83
294.23	40054.24
294.30	40073.57
294.37	40072.29
294.43	40090.82
294.50	40095.36
294.56	40101.37
294.63	40111.01
294.70	40130.26
294.76	40138.75
294.83	40154.10
294.90	40173.06
294.96	40189.32
295.03	40206.05
295.09	40227.83
295.16	40248.01
295.23	40251.76
295.29	40257.09
295.36	40264.27
295.42	40262.50
295.49	40266.21
295.56	40290.58
295.62	40310.63
295.69	40321.10
295.75	40342.26
295.82	40361.73
295.89	40363.25
295.95	40368.68
296.02	40381.05
296.08	40386.67
296.15	40385.38
296.22	40397.19
296.28	40414.63
296.35	40435.25
296.41	40456.93
296.48	40479.41
296.55	40504.31
296.61	40519.63
296.68	40537.82
296.74	40557.03
296.81	40583.87
296.88	40605.19
296.94	40630.17
297.01	40649.90
297.07	40656.52
297.14	40666.87
297.20	40676.97
297.27	40685.05
297.34	40694.13
297.40	40716.33
297.47	40729.39
297.53	40739.83
297.60	40758.05
297.67	40772.59
297.73	40789.04
297.80	40801.74
297.86	40811.32
297.93	40820.41
298.00	40838.38
298.06	40848.38
298.13	40881.42
298.19	40909.14
298.26	40929.80
298.32	40953.93
298.39	40971.97
298.46	40965.00
298.52	40974.30
298.59	40981.72
298.65	40981.03
298.72	40994.60
298.78	41015.76
298.85	41030.52
298.92	41045.73
298.98	41066.62
299.05	41081.51
299.11	41096.23
299.18	41101.63
299.24	41110.74
299.31	41114.32
299.38	41122.17
299.44	41130.04
299.51	41147.23
299.57	41160.78
299.64	41176.92
299.70	41191.13
299.77	41198.61
299.84	41203.94
299.90	41204.38
299.97	41200.02
300.03	41197.13
300.10	41214.75
300.16	41232.97
300.23	41252.79
300.30	41276.96
300.36	41289.45
300.43	41297.14
300.49	41305.34
300.56	41325.25
300.62	41343.21
300.69	41362.02
300.75	41370.67
300.82	41384.65
300.89	41390.32
300.95	41397.37
301.02	41400.80
301.08	41408.16
301.15	41404.87
301.21	41405.96
301.28	41401.24
301.34	41409.23
301.41	41404.24
301.48	41404.60
301.54	41397.74
301.61	41396.04
301.67	41391.95
301.74	41401.96
301.80	41398.56
301.87	41396.54
301.93	41397.59
302.00	41394.50
302.06	41381.78
302.13	41377.89
302.20	41381.78
302.26	41372.80
302.33	41372.88
302.39	41371.03
302.46	41370.80
302.52	41356.91
302.59	41351.46
302.65	41344.71
302.72	41340.56
302.78	41334.77
302.85	41338.21
302.91	41326.85
302.98	41313.29
303.05	41297.99
303.11	41292.84
303.18	41279.22
303.24	41280.48
303.31	41264.04
303.37	41255.53
303.44	41239.12
303.50	41225.98
303.57	41198.84
303.63	41189.77
303.70	41174.34
303.76	41155.37
303.83	41137.62
303.89	41128.73
303.96	41113.83
304.03	41098.20
304.09	41085.23
304.16	41065.70
304.22	41046.61
304.29	41031.15
304.35	41010.70
304.42	40988.87
304.48	40967.82
304.55	40952.10
304.61	40923.37
304.68	40905.59
304.74	40885.69
304.81	40876.76
304.87	40843.07
304.94	40820.27
305.00	40794.08
305.07	40758.61
305.13	40716.52
305.20	40689.74
305.26	40663.83
305.33	40641.65
305.39	40624.15
305.46	40592.28
305.52	40566.61
305.59	40541.47
305.66	40502.68
305.72	40473.34
305.79	40448.01
305.85	40416.60
305.92	40363.32
305.98	40252.45
306.05	40032.56
306.11	39737.93
306.18	39447.90
306.24	39265.46
306.31	39231.46
306.37	39349.97
306.44	39583.62
306.50	39819.75
306.57	39962.76
306.63	40022.02
306.70	40019.07
306.76	39976.25
306.83	39923.81
306.89	39862.40
306.96	39806.40
307.02	39760.61
307.09	39728.61
307.15	39693.52
307.22	39664.80
307.28	39625.74
307.35	39581.24
307.41	39526.87
307.48	39474.28
307.54	39430.30
307.61	39384.50
307.67	39332.31
307.74	39286.33
307.80	39246.34
307.87	39199.06
307.93	39151.30
308.00	39117.23
308.06	39079.46
308.13	39030.65
308.19	38980.84
308.26	38934.77
308.32	38890.82
308.38	38846.01
308.45	38806.05
308.51	38762.26
308.58	38710.07
308.64	38644.06
308.71	38589.66
308.77	38537.85
308.84	38484.27
308.90	38452.30
308.97	38433.40
309.03	38401.36
309.10	38357.41
309.16	38311.28
309.23	38249.23
309.29	38183.53
309.36	38102.83
309.42	38032.37
309.49	37965.27
309.55	37900.11
309.62	37829.07
309.68	37777.09
309.75	37720.27
309.81	37666.21
309.88	37617.61
309.94	37567.96
310.00	37512.70
310.07	37454.31
310.13	37406.49
310.20	37345.19
310.26	37292.14
310.33	37237.11
310.39	37195.55
310.46	37138.91
310.52	37088.88
310.59	37034.06
310.65	36983.57
310.72	36919.21
310.78	36864.36
310.85	36799.57
310.91	36740.23
310.97	36680.34
311.04	36628.16
311.10	36565.56
311.17	36514.28
311.23	36466.84
311.30	36416.63
311.36	36365.23
311.43	36321.78
311.49	36267.04
311.56	36199.69
311.62	36137.87
311.69	36075.38
311.75	36016.07
311.81	35955.56
311.88	35900.70
311.94	35848.33
312.01	35805.04
312.07	35749.43
312.14	35703.68
312.20	35658.98
312.27	35602.41
312.33	35529.30
312.40	35454.05
312.46	35386.25
312.52	35321.26
312.59	35263.56
312.65	35202.93
312.72	35145.00
312.78	35077.82
312.85	35006.21
312.91	34932.18
312.98	34866.73
313.04	34809.66
313.10	34752.42
313.17	34695.51
313.23	34648.01
313.30	34593.60
313.36	34529.48
313.43	34465.42
313.49	34401.21
313.56	34322.38
313.62	34248.13
313.68	34184.98
313.75	34123.86
313.81	34062.72
313.88	34000.59
313.94	33942.98
314.01	33884.89
314.07	33828.44
314.13	33771.11
314.20	33717.87
314.26	33661.53
314.33	33594.22
314.39	33523.63
314.46	33439.66
314.52	33365.82
314.58	33293.57
314.65	33226.51
314.71	33158.90
314.78	33105.41
314.84	33043.83
314.91	32977.37
314.97	32913.29
315.03	32849.44
315.10	32786.32
315.16	32719.30
315.23	32659.36
315.29	32594.51
315.36	32528.85
315.42	32464.15
315.48	32406.78
315.55	32340.20
315.61	32269.75
315.68	32213.08
315.74	32150.99
315.81	32079.45
315.87	32009.12
315.93	31952.72
316.00	31905.26
316.06	31857.22
316.13	31827.70
316.19	31779.52
316.25	31680.52
316.32	31519.53
316.38	31307.49
316.45	31030.35
316.51	30717.84
316.58	30386.65
316.64	30025.30
316.70	29656.57
316.77	29267.11
316.83	28861.48
316.90	28433.78
316.96	28001.82
317.02	27551.73
317.09	27086.09
317.15	26612.63
317.22	26129.17
317.28	25628.55
317.34	25108.97
317.41	24583.24
317.47	24053.33
317.54	23509.23
317.60	22952.78
317.66	22397.13
317.73	21831.20
317.79	21253.12
317.86	20679.49
317.92	20102.09
317.98	19512.80
318.05	18921.55
318.11	18323.24
318.18	17734.16
318.24	17144.03
318.30	16553.90
318.37	15968.13
318.43	15382.39
318.50	14789.74
318.56	14205.75
318.62	13638.67
318.69	13076.39
318.75	12527.95
318.82	11983.88
318.88	11455.59
318.94	10933.40
319.01	10425.83
319.07	9931.17
319.13	9450.82
319.20	8979.55
319.26	8520.30
319.33	8075.02
319.39	7638.42
319.45	7231.55
319.52	6840.43
319.58	6458.84
319.65	6095.65
319.71	5750.63
319.77	5412.11
319.84	5092.66
319.90	4795.48
319.96	4508.32
320.03	4237.81
320.09	3985.50
320.16	3739.98
320.22	3515.45
320.28	3304.58
320.35	3110.43
320.41	2928.16
320.47	2763.86
320.54	2603.39
320.60	2462.93
320.67	2332.20
320.73	2210.19
320.79	2096.60
320.86	1998.81
320.92	1904.93
320.98	1821.60
321.05	1744.16
321.11	1671.73
321.18	1604.68
321.24	1544.22
321.30	1485.04
321.37	1435.33
321.43	1396.16
321.49	1356.59
321.56	1320.14
321.62	1289.93
321.68	1255.02
321.75	1222.11
321.81	1193.03
321.88	1163.42
321.94	1138.41
322.00	1116.86
322.07	1088.31
322.13	1061.49
322.19	1032.34
322.26	998.41
322.32	967.81
322.38	942.83
322.45	921.16
322.51	897.23
322.58	878.43
322.64	851.68
322.70	827.46
322.77	795.63
322.83	774.96
322.89	743.50
322.96	716.82
323.02	688.77
323.08	660.95
323.15	630.79
323.21	606.13
323.27	582.31
323.34	557.50
323.40	533.87
323.46	508.73
323.53	477.82
323.59	403.69
323.65	303.09
323.72	189.74
323.78	80.81
323.85	-17.97
323.91	-67.59
323.97	-85.91
324.04	-86.16
