1.0137
1.0648
1.0223
0.8037
0.4334
-0.5624
12.5331
11.8873
9.8500
7.2841
6.6080
8.1212
8.4506
7.0529
5.9585
2.9714
2.5943
2.3773
2.1833
2.1219
2.2121
2.2713
2.2192
2.1347
2.0239
1.8876
1.7735
1.6604
1.5653
1.4797
1.4181
1.3658
1.3210
1.2884
1.2568
1.2362
1.2296
1.2505
1.2833
1.3325
1.3710
1.3655
1.3178
1.2680
1.2183
1.1810
1.1505
1.1315
1.1070
1.0914
1.0805
1.0687
1.0618
1.0553
1.0472
1.0447
1.0409
1.0317
1.0388
1.0635
1.0843
1.1207
1.1502
1.1373
1.1070
1.0857
1.0685
1.0565
1.0466
1.0352
1.0316
1.0243
1.0192
1.0163
1.0151
1.0116
1.0132
1.0115
1.0072
1.0071
1.0039
1.0016
1.0096
1.0252
1.0402
1.0522
1.0536
1.0417
1.0327
1.0240
1.0203
1.0142
1.0110
1.0088
1.0055
1.0039
1.0042
1.0026
1.0008
1.0027
1.0011
0.9992
1.0000
0.9986
0.9950
0.9912
0.9910
0.9953
1.0008
1.0104
1.0211
1.0222
1.0145
1.0111
1.0072
1.0037
1.0003
0.9993
0.9982
0.9957
0.9938
0.9934
0.9922
0.9918
0.9940
0.9950
0.9953
0.9966
0.9955
0.9934
0.9915
0.9886
0.9845
0.9842
0.9882
0.9924
0.9975
1.0015
1.0008
0.9952
0.9932
0.9909
0.9908
0.9897
0.9908
0.9911
0.9913
0.9916
0.9924
0.9915
0.9903
0.9899
0.9876
0.9850
0.9830
0.9799
0.9775
0.9765
0.9755
0.9741
0.9726
0.9708
0.9714
0.9754
0.9810
0.9872
0.9926
0.9939
0.9926
0.9910
0.9886
0.9864
0.9834
0.9795
0.9744
0.9697
0.9644
0.9608
0.9590
0.9592
0.9606
0.9630
0.9655
0.9683
0.9710
0.9737
0.9764
0.9779
0.9778
0.9769
0.9760
0.9747
0.9731
0.9718
0.9701
0.9656
0.9590
0.9523
0.9466
0.9428
0.9429
0.9470
0.9535
0.9601
0.9664
0.9715
0.9745
0.9759
0.9764
0.9757
0.9741
0.9724
0.9708
0.9687
0.9655
0.9602
0.9525
0.9431
0.9339
0.9280
0.9273
0.9310
0.9378
0.9467
0.9557
0.9628
0.9688
0.9734
0.9760
0.9769
0.9759
0.9737
0.9711
0.9686
0.9660
0.9635
0.9589
0.9509
0.9387
0.9254
0.9163
0.9141
0.9199
0.9325
0.9477
0.9607
0.9702
0.9759
0.9789
0.9802
0.9804
0.9786
0.9758
0.9723
0.9693
0.9670
0.9651
0.9600
0.9507
0.9386
0.9265
0.9170
0.9157
0.9235
0.9372
0.9520
0.9657
0.9752
0.9804
0.9828
0.9830
0.9826
0.9822
0.9811
0.9788
0.9759
0.9723
0.9691
0.9654
0.9594
0.9510
0.9424
0.9348
0.9309
0.9334
0.9422
0.9537
0.9648
0.9739
0.9802
0.9838
0.9854
0.9857
0.9847
0.9833
0.9822
0.9809
0.9797
0.9780
0.9751
0.9719
0.9689
0.9646
0.9585
0.9536
0.9517
0.9524
0.9570
0.9656
0.9748
0.9813
0.9847
0.9848
0.9839
0.9829
0.9820
0.9814
0.9819
0.9828
0.9833
0.9836
0.9836
0.9830
0.9810
0.9784
0.9757
0.9727
0.9700
0.9691
0.9703
0.9732
0.9769
0.9807
0.9834
0.9847
0.9843
0.9837
0.9832
0.9833
0.9834
0.9839
0.9848
0.9858
0.9865
0.9871
0.9873
0.9870
0.9864
0.9855
0.9838
0.9821
0.9805
0.9801
0.9809
0.9824
0.9835
0.9842
0.9836
0.9825
0.9819
0.9822
0.9832
0.9848
0.9862
0.9872
0.9880
0.9884
0.9889
0.9892
0.9896
0.9898
0.9897
0.9887
0.9876
0.9865
0.9857
0.9851
0.9847
0.9839
0.9832
0.9824
0.9821
0.9825
0.9833
0.9844
0.9854
0.9862
0.9869
0.9878
0.9886
0.9892
0.9896
0.9899
0.9899
0.9898
0.9899
0.9900
0.9901
0.9897
0.9890
0.9877
0.9862
0.9844
0.9831
0.9825
0.9824
0.9829
0.9840
0.9852
0.9862
0.9872
0.9878
0.9884
0.9887
0.9890
0.9894
0.9898
0.9899
0.9902
0.9903
0.9903
0.9901
0.9895
0.9884
0.9868
0.9852
0.9840
0.9833
0.9834
0.9841
0.9850
0.9857
0.9864
0.9869
0.9872
0.9875
0.9877
0.9880
0.9881
0.9884
0.9887
0.9889
0.9891
0.9892
0.9892
0.9889
0.9882
0.9874
0.9865
0.9856
0.9851
0.9849
0.9849
0.9853
0.9858
0.9863
0.9867
0.9870
0.9871
0.9872
0.9875
0.9878
0.9881
0.9883
0.9885
0.9886
0.9886
0.9886
0.9887
0.9885
0.9880
0.9872
0.9863
0.9855
0.9850
0.9850
0.9854
0.9859
0.9865
0.9867
0.9869
0.9871
0.9874
0.9876
0.9879
0.9881
0.9884
0.9885
0.9885
0.9885
0.9885
0.9885
0.9884
0.9882
0.9879
0.9873
0.9867
0.9861
0.9859
0.9859
0.9860
0.9865
0.9873
0.9878
0.9882
0.9885
0.9886
0.9885
0.9884
0.9885
0.9885
0.9885
0.9884
0.9885
0.9886
0.9887
0.9890
0.9890
0.9888
0.9885
0.9880
0.9873
0.9869
0.9866
0.9867
0.9870
0.9874
0.9878
0.9881
0.9884
0.9887
0.9888
0.9890
0.9892
0.9893
0.9893
0.9894
0.9895
0.9896
0.9896
0.9897
0.9898
0.9898
0.9897
0.9894
0.9891
0.9887
0.9884
0.9883
0.9884
0.9886
0.9889
0.9891
0.9892
0.9893
0.9895
0.9896
0.9898
0.9899
0.9901
0.9902
0.9903
0.9904
0.9904
0.9905
0.9905
0.9906
0.9906
0.9906
0.9906
0.9904
0.9903
0.9902
0.9901
0.9902
0.9903
0.9903
0.9904
0.9905
0.9906
0.9907
0.9908
0.9910
0.9911
0.9912
0.9914
0.9915
0.9917
0.9918
0.9919
0.9920
0.9921
0.9921
0.9922
0.9922
0.9922
0.9921
0.9921
0.9922
0.9922
0.9922
0.9924
0.9925
0.9925
0.9925
0.9927
0.9927
0.9928
0.9930
0.9931
0.9932
0.9933
0.9934
0.9935
0.9936
0.9936
0.9936
0.9936
0.9937
0.9937
0.9938
0.9939
0.9940
0.9941
0.9942
0.9943
0.9944
0.9945
0.9947
0.9948
0.9949
0.9950
0.9951
0.9952
0.9952
0.9953
0.9954
0.9954
0.9955
0.9956
0.9957
0.9958
0.9959
0.9958
0.9958
0.9959
0.9959
0.9960
0.9961
0.9962
0.9964
0.9968
0.9972
0.9974
0.9975
0.9976
0.9974
0.9972
0.9972
0.9972
0.9972
0.9972
0.9973
0.9974
0.9975
0.9976
0.9977
0.9977
0.9978
0.9979
0.9980
0.9981
0.9981
0.9982
0.9983
0.9983
0.9984
0.9985
0.9986
0.9986
0.9987
0.9988
0.9989
0.9990
0.9991
0.9992
0.9992
0.9993
0.9994
0.9995
0.9995
0.9996
0.9996
0.9997
0.9998
0.9999
1.0000
1.0002
1.0003
1.0004
1.0005
1.0006
1.0006
1.0006
1.0006
1.0007
1.0007
1.0009
1.0010
1.0010
1.0011
1.0012
1.0012
1.0013
1.0014
1.0016
1.0017
1.0019
1.0020
1.0020
1.0021
1.0021
1.0022
1.0023
1.0023
1.0023
1.0024
1.0025
1.0026
1.0026
1.0027
1.0028
1.0028
1.0029
1.0030
1.0031
1.0032
1.0033
1.0034
1.0035
1.0035
1.0036
1.0037
1.0038
1.0038
1.0039
1.0040
1.0041
1.0042
1.0043
1.0044
1.0045
1.0046
1.0046
1.0047
1.0048
1.0049
1.0050
1.0051
1.0051
1.0052
1.0053
1.0054
1.0055
1.0055
1.0056
1.0057
1.0058
1.0059
1.0063
1.0065
1.0066
1.0067
1.0068
1.0066
1.0064
1.0065
1.0066
1.0067
1.0067
1.0068
1.0068
1.0068
1.0069
1.0070
1.0071
1.0072
1.0073
1.0073
1.0074
1.0074
1.0075
1.0075
1.0076
1.0076
1.0077
1.0078
1.0079
1.0079
1.0080
1.0081
1.0081
1.0082
1.0082
1.0083
1.0083
1.0084
1.0084
1.0085
1.0085
1.0086
1.0087
1.0087
1.0088
1.0088
1.0088
1.0088
1.0089
1.0089
1.0090
1.0090
1.0090
1.0090
1.0091
1.0091
1.0092
1.0092
1.0092
1.0093
1.0093
1.0093
1.0094
1.0094
1.0095
1.0096
1.0097
1.0099
1.0100
1.0101
1.0101
1.0100
1.0098
1.0097
1.0097
1.0098
1.0098
1.0098
1.0098
1.0099
1.0099
1.0099
1.0099
1.0098
1.0098
1.0098
1.0098
1.0099
1.0099
1.0099
1.0099
1.0099
1.0098
1.0098
1.0098
1.0098
1.0098
1.0099
1.0099
1.0099
1.0099
1.0099
1.0099
1.0099
1.0099
1.0099
1.0099
1.0098
1.0098
1.0098
1.0099
1.0099
1.0099
1.0100
1.0103
1.0103
1.0103
1.0103
1.0101
1.0098
1.0097
1.0096
1.0096
1.0095
1.0095
1.0096
1.0096
1.0096
1.0096
1.0095
1.0095
1.0095
1.0095
1.0096
1.0096
1.0095
1.0094
1.0094
1.0094
1.0093
1.0093
1.0093
1.0093
1.0093
1.0092
1.0092
1.0091
1.0091
1.0091
1.0091
1.0090
1.0090
1.0090
1.0090
1.0089
1.0089
1.0089
1.0088
1.0088
1.0087
1.0087
1.0087
1.0086
1.0086
1.0087
1.0087
1.0087
1.0087
1.0086
1.0086
1.0085
1.0085
1.0085
1.0084
1.0084
1.0083
1.0083
1.0082
1.0082
1.0082
1.0084
1.0085
1.0084
1.0084
1.0082
1.0080
1.0080
1.0079
1.0078
1.0078
1.0077
1.0077
1.0077
1.0076
1.0076
1.0075
1.0075
1.0075
1.0074
1.0074
1.0073
1.0072
1.0072
1.0071
1.0070
1.0069
1.0069
1.0069
1.0069
1.0070
1.0070
1.0070
1.0070
1.0070
1.0069
1.0069
1.0069
1.0069
1.0069
1.0068
1.0068
1.0068
1.0068
1.0067
1.0067
1.0066
1.0066
1.0065
1.0065
1.0065
1.0064
1.0064
1.0065
1.0066
1.0066
1.0066
1.0066
1.0065
1.0063
1.0062
1.0062
1.0061
1.0061
1.0061
1.0060
1.0060
1.0060
1.0060
1.0060
1.0060
1.0060
1.0060
1.0060
1.0060
1.0060
1.0060
1.0060
1.0059
1.0059
1.0059
1.0058
1.0058
1.0058
1.0057
1.0057
1.0057
1.0056
1.0056
1.0056
1.0056
1.0056
1.0056
1.0056
1.0055
1.0056
1.0056
1.0055
1.0055
1.0055
1.0054
1.0053
1.0053
1.0054
1.0054
1.0055
1.0054
1.0054
1.0053
1.0053
1.0052
1.0052
1.0052
1.0052
1.0052
1.0052
1.0051
1.0051
1.0050
1.0048
1.0045
1.0042
1.0040
1.0040
1.0042
1.0044
1.0047
1.0048
1.0050
1.0052
1.0052
1.0052
1.0052
1.0051
1.0050
1.0049
1.0050
1.0051
1.0051
1.0051
1.0051
1.0050
1.0049
1.0049
1.0051
1.0051
1.0051
1.0051
1.0050
1.0048
1.0047
1.0047
1.0047
1.0047
1.0047
1.0048
1.0049
1.0050
1.0050
1.0050
1.0049
1.0049
1.0049
1.0048
1.0047
1.0047
1.0046
1.0045
1.0045
1.0046
1.0046
1.0046
1.0047
1.0046
1.0046
1.0046
1.0045
1.0045
1.0045
1.0046
1.0046
1.0046
1.0046
1.0046
1.0045
1.0045
1.0045
1.0045
1.0044
1.0044
1.0045
1.0045
1.0045
1.0045
1.0045
1.0045
1.0045
1.0045
1.0044
1.0044
1.0044
1.0044
1.0044
1.0044
1.0045
1.0045
1.0045
1.0046
1.0045
1.0045
1.0045
1.0045
1.0045
1.0044
1.0044
1.0046
1.0047
1.0047
1.0048
1.0048
1.0046
1.0044
1.0044
1.0043
1.0044
1.0044
1.0044
1.0044
1.0045
1.0044
1.0044
1.0044
1.0044
1.0044
1.0044
1.0044
1.0044
1.0045
1.0045
1.0045
1.0045
1.0046
1.0046
1.0046
1.0046
1.0045
1.0045
1.0045
1.0045
1.0045
1.0045
1.0044
1.0044
1.0044
1.0044
1.0044
1.0045
1.0046
1.0046
1.0047
1.0047
1.0047
1.0046
1.0046
1.0045
1.0045
1.0045
1.0045
1.0045
1.0045
1.0045
1.0045
1.0045
1.0045
1.0044
1.0044
1.0043
1.0043
1.0044
1.0044
1.0044
1.0044
1.0045
1.0045
1.0045
1.0046
1.0045
1.0045
1.0044
1.0044
1.0044
1.0045
1.0046
1.0046
1.0046
1.0045
1.0045
1.0045
1.0045
1.0044
1.0045
1.0044
1.0044
1.0044
1.0044
1.0044
1.0046
1.0046
1.0046
1.0046
1.0046
1.0045
1.0044
1.0044
1.0044
1.0044
1.0044
1.0043
1.0043
1.0043
1.0043
1.0043
1.0042
1.0042
1.0041
1.0041
1.0042
1.0042
1.0042
1.0042
1.0042
1.0040
1.0041
1.0041
1.0040
1.0041
1.0041
1.0041
1.0041
1.0041
1.0041
1.0042
1.0042
1.0042
1.0042
1.0042
1.0041
1.0040
1.0039
1.0039
1.0038
1.0038
1.0037
1.0037
1.0037
1.0037
1.0037
1.0038
1.0038
1.0038
1.0038
1.0038
1.0039
1.0039
1.0039
1.0039
1.0038
1.0037
1.0037
1.0037
1.0036
1.0036
1.0035
1.0033
1.0032
1.0031
1.0031
1.0031
1.0032
1.0033
1.0034
1.0033
1.0034
1.0034
1.0034
1.0033
1.0034
1.0034
1.0033
1.0032
1.0032
1.0032
1.0032
1.0032
1.0032
1.0031
1.0030
1.0030
1.0030
1.0029
1.0030
1.0030
1.0030
1.0030
1.0030
1.0029
1.0030
1.0029
1.0029
1.0029
1.0029
1.0029
1.0029
1.0029
1.0029
1.0028
1.0027
1.0027
1.0027
1.0028
1.0028
1.0028
1.0028
1.0027
1.0028
1.0028
1.0028
1.0029
1.0028
1.0027
1.0027
1.0026
1.0025
1.0025
1.0025
1.0025
1.0025
1.0025
1.0025
1.0025
1.0025
1.0024
1.0024
1.0024
1.0023
1.0023
1.0023
1.0023
1.0023
1.0022
1.0023
1.0023
1.0023
1.0023
1.0023
1.0023
1.0023
1.0024
1.0024
1.0024
1.0024
1.0023
1.0022
1.0021
1.0021
1.0021
1.0021
1.0021
1.0021
1.0021
1.0020
1.0019
1.0019
1.0019
1.0019
1.0019
1.0020
1.0020
1.0020
1.0020
1.0020
1.0020
1.0020
1.0020
1.0020
1.0021
1.0021
1.0021
1.0020
1.0020
1.0019
1.0018
1.0018
1.0017
1.0016
1.0016
1.0016
1.0016
1.0016
1.0016
1.0016
1.0016
1.0017
1.0019
1.0020
1.0020
1.0020
1.0020
1.0019
1.0018
1.0018
1.0018
1.0017
1.0017
1.0016
1.0016
1.0016
1.0016
1.0016
1.0016
1.0015
1.0015
1.0014
1.0013
1.0013
1.0012
1.0012
1.0012
1.0013
1.0013
1.0014
1.0014
1.0014
1.0013
1.0013
1.0013
1.0013
1.0013
1.0013
1.0013
1.0013
1.0014
1.0014
1.0013
1.0013
1.0012
1.0011
1.0010
1.0009
1.0010
1.0010
1.0010
1.0010
1.0010
1.0010
1.0010
1.0010
1.0009
1.0009
1.0009
1.0010
1.0010
1.0010
1.0009
1.0009
1.0009
1.0009
1.0010
1.0010
1.0010
1.0010
1.0009
1.0009
1.0008
1.0008
1.0007
1.0006
1.0006
1.0006
1.0005
1.0004
1.0005
1.0005
1.0005
1.0006
1.0006
1.0006
1.0007
1.0006
1.0006
1.0006
1.0006
1.0005
1.0005
1.0004
1.0003
1.0003
1.0003
1.0003
1.0003
1.0003
1.0004
1.0003
1.0003
1.0002
1.0001
1.0001
1.0000
1.0000
1.0001
1.0001
1.0001
1.0002
1.0002
1.0002
1.0002
1.0002
1.0002
1.0002
1.0001
1.0002
1.0002
1.0003
1.0002
1.0002
1.0002
1.0001
1.0001
1.0000
1.0000
0.9999
0.9998
0.9998
0.9998
0.9998
0.9998
0.9998
0.9999
0.9999
0.9999
0.9999
1.0000
1.0000
0.9999
1.0000
0.9999
1.0000
1.0000
1.0000
1.0000
1.0000
0.9999
0.9998
0.9997
0.9996
0.9995
0.9995
0.9994
0.9994
0.9994
0.9994
0.9995
0.9995
0.9995
0.9995
0.9995
0.9995
0.9995
0.9996
0.9996
0.9996
0.9996
0.9996
0.9997
0.9998
0.9999
1.0000
0.9999
0.9998
0.9998
0.9997
0.9997
0.9997
0.9997
0.9996
0.9995
0.9994
0.9993
0.9992
0.9991
0.9990
0.9990
0.9990
0.9991
0.9993
0.9994
0.9995
0.9997
0.9998
0.9997
0.9997
0.9997
0.9996
0.9996
0.9996
0.9996
0.9997
0.9998
0.9998
0.9998
0.9998
0.9997
0.9996
0.9996
0.9995
0.9993
0.9992
0.9991
0.9990
0.9990
0.9989
0.9990
0.9990
0.9990
0.9991
0.9992
0.9992
0.9993
0.9994
0.9994
0.9994
0.9995
0.9995
0.9995
0.9995
0.9996
0.9996
0.9996
0.9996
0.9996
0.9996
0.9996
0.9996
0.9995
0.9994
0.9994
0.9992
0.9990
0.9989
0.9988
0.9988
0.9988
0.9989
0.9990
0.9990
0.9990
0.9991
0.9992
0.9992
0.9992
0.9993
0.9994
0.9993
0.9994
0.9994
0.9994
0.9994
0.9994
0.9994
0.9994
0.9995
0.9995
0.9994
0.9994
0.9994
0.9994
0.9992
0.9992
0.9990
0.9989
0.9988
0.9988
0.9988
0.9988
0.9989
0.9989
0.9989
0.9990
0.9990
0.9990
0.9991
0.9991
0.9992
0.9992
0.9993
0.9994
0.9994
0.9994
0.9995
0.9994
0.9994
0.9994
0.9994
0.9994
0.9994
0.9994
0.9994
0.9993
0.9994
0.9993
0.9992
0.9991
0.9990
0.9989
0.9989
0.9990
0.9990
0.9991
0.9992
0.9992
0.9992
0.9992
0.9992
0.9992
0.9993
0.9992
0.9993
0.9993
0.9994
0.9993
0.9993
0.9994
0.9994
0.9993
0.9993
0.9993
0.9993
0.9992
0.9992
0.9992
0.9991
0.9991
0.9991
0.9990
0.9991
0.9992
0.9993
0.9994
0.9994
0.9994
0.9993
0.9993
0.9993
0.9993
0.9994
0.9995
0.9995
0.9996
0.9996
0.9996
0.9995
0.9995
0.9995
0.9995
0.9995
0.9995
0.9995
0.9995
0.9994
0.9995
0.9995
0.9994
0.9994
0.9995
0.9995
0.9995
0.9995
0.9996
0.9996
0.9996
0.9996
0.9995
0.9995
0.9994
0.9994
0.9994
0.9993
0.9993
0.9994
0.9995
0.9995
0.9996
0.9996
0.9995
0.9995
0.9995
0.9996
0.9995
0.9995
0.9995
0.9995
0.9994
0.9995
0.9995
0.9995
0.9994
0.9995
0.9995
0.9995
0.9995
0.9995
0.9994
0.9994
0.9993
0.9993
0.9993
0.9993
0.9994
0.9994
0.9995
0.9995
0.9995
0.9995
0.9995
0.9995
0.9995
0.9995
0.9995
0.9995
0.9995
0.9996
0.9996
0.9996
0.9996
0.9996
0.9995
0.9994
0.9994
0.9994
0.9994
0.9994
0.9995
0.9994
0.9995
0.9995
0.9995
0.9995
0.9996
0.9995
0.9995
0.9996
0.9996
0.9995
0.9995
0.9995
0.9994
0.9994
0.9994
0.9995
0.9995
0.9996
0.9997
0.9998
0.9997
0.9997
0.9997
0.9997
0.9996
0.9996
0.9997
0.9997
0.9996
0.9997
0.9997
0.9997
0.9997
0.9997
0.9997
0.9996
0.9996
0.9995
0.9996
0.9996
0.9996
0.9997
0.9997
0.9997
0.9996
0.9997
0.9996
0.9997
0.9996
0.9997
0.9997
0.9997
0.9998
0.9999
0.9999
1.0000
1.0001
1.0001
1.0003
1.0005
1.0006
1.0008
1.0010
1.0012
1.0014
1.0016
1.0018
1.0020
1.0022
1.0025
1.0026
1.0029
1.0032
1.0034
1.0037
1.0041
1.0044
1.0048
1.0052
1.0056
1.0060
1.0064
1.0068
1.0071
1.0076
1.0080
1.0085
1.0090
1.0095
1.0099
1.0104
1.0109
1.0114
1.0120
1.0125
1.0131
1.0136
1.0142
1.0148
1.0154
1.0159
1.0162
1.0165
1.0167
1.0173
1.0178
1.0183
1.0188
1.0193
1.0197
1.0200
1.0206
1.0210
1.0215
1.0219
1.0221
1.0223
1.0227
1.0230
1.0234
1.0237
1.0240
1.0245
1.0249
1.0250
1.0253
1.0259
1.0262
1.0267
1.0272
1.0273
1.0274
1.0276
1.0270
1.0272
1.0283
1.0288
1.0293
1.0305
1.0306
1.0310
1.0317
1.0321
1.0339
1.0358
1.0361
1.0366
1.0363
1.0345
1.0339
1.0350
1.0371
1.0384
1.0418
1.0425
1.0437
1.0426
1.0460
1.0448
1.0451
1.0452
1.0454
1.0436
1.0449
1.0459
1.0468
1.0471
1.0474
1.0494
1.0587
1.0770
1.0981
1.1749
0.6935
0.9725
1.0322
1.0342
