1.0137
1.0653
1.0223
0.8039
0.4366
-0.5534
12.4568
11.8164
9.7753
7.2478
6.5918
8.1032
8.4504
7.0603
5.9679
2.9644
2.5860
2.3671
2.1748
2.1119
2.2039
2.2642
2.2106
2.1265
2.0152
1.8780
1.7649
1.6520
1.5568
1.4717
1.4103
1.3572
1.3134
1.2804
1.2497
1.2298
1.2235
1.2444
1.2774
1.3263
1.3625
1.3569
1.3101
1.2610
1.2115
1.1747
1.1444
1.1251
1.1013
1.0861
1.0752
1.0639
1.0573
1.0504
1.0425
1.0402
1.0364
1.0276
1.0349
1.0594
1.0799
1.1164
1.1451
1.1322
1.1029
1.0824
1.0654
1.0535
1.0441
1.0325
1.0289
1.0215
1.0169
1.0143
1.0132
1.0097
1.0114
1.0095
1.0054
1.0052
1.0021
0.9999
1.0079
1.0230
1.0382
1.0499
1.0516
1.0398
1.0308
1.0223
1.0189
1.0127
1.0095
1.0076
1.0043
1.0027
1.0029
1.0011
0.9991
1.0008
0.9991
0.9974
0.9981
0.9968
0.9933
0.9898
0.9896
0.9940
0.9999
1.0096
1.0202
1.0214
1.0138
1.0101
1.0062
1.0027
0.9991
0.9981
0.9970
0.9945
0.9926
0.9922
0.9909
0.9905
0.9927
0.9938
0.9942
0.9954
0.9944
0.9923
0.9902
0.9873
0.9834
0.9831
0.9869
0.9911
0.9958
0.9997
0.9991
0.9934
0.9913
0.9892
0.9891
0.9880
0.9892
0.9897
0.9900
0.9903
0.9910
0.9902
0.9889
0.9884
0.9860
0.9833
0.9811
0.9779
0.9753
0.9743
0.9733
0.9718
0.9702
0.9685
0.9693
0.9734
0.9791
0.9857
0.9911
0.9925
0.9911
0.9895
0.9869
0.9845
0.9813
0.9772
0.9719
0.9668
0.9614
0.9575
0.9557
0.9559
0.9575
0.9600
0.9627
0.9657
0.9685
0.9714
0.9744
0.9761
0.9759
0.9750
0.9741
0.9726
0.9709
0.9694
0.9673
0.9625
0.9553
0.9481
0.9423
0.9384
0.9384
0.9429
0.9499
0.9571
0.9639
0.9694
0.9726
0.9741
0.9745
0.9737
0.9719
0.9699
0.9680
0.9657
0.9623
0.9568
0.9486
0.9388
0.9291
0.9228
0.9219
0.9261
0.9333
0.9430
0.9526
0.9602
0.9665
0.9713
0.9740
0.9747
0.9735
0.9710
0.9683
0.9655
0.9628
0.9602
0.9555
0.9470
0.9342
0.9203
0.9108
0.9084
0.9146
0.9280
0.9440
0.9578
0.9679
0.9739
0.9770
0.9784
0.9784
0.9764
0.9732
0.9694
0.9662
0.9638
0.9618
0.9566
0.9469
0.9342
0.9213
0.9113
0.9100
0.9183
0.9328
0.9485
0.9630
0.9731
0.9786
0.9809
0.9811
0.9806
0.9800
0.9788
0.9765
0.9734
0.9697
0.9663
0.9624
0.9561
0.9472
0.9383
0.9303
0.9262
0.9290
0.9383
0.9506
0.9623
0.9719
0.9785
0.9823
0.9839
0.9841
0.9829
0.9813
0.9799
0.9787
0.9774
0.9757
0.9727
0.9694
0.9663
0.9618
0.9554
0.9503
0.9482
0.9490
0.9539
0.9630
0.9728
0.9799
0.9833
0.9834
0.9823
0.9811
0.9799
0.9793
0.9798
0.9809
0.9815
0.9820
0.9819
0.9814
0.9794
0.9767
0.9737
0.9707
0.9678
0.9668
0.9681
0.9712
0.9751
0.9790
0.9819
0.9832
0.9828
0.9820
0.9815
0.9815
0.9816
0.9822
0.9832
0.9842
0.9850
0.9858
0.9861
0.9858
0.9853
0.9843
0.9825
0.9808
0.9791
0.9786
0.9795
0.9810
0.9822
0.9827
0.9820
0.9806
0.9799
0.9802
0.9814
0.9831
0.9848
0.9859
0.9868
0.9873
0.9879
0.9883
0.9887
0.9889
0.9888
0.9877
0.9866
0.9855
0.9847
0.9840
0.9835
0.9826
0.9816
0.9807
0.9804
0.9808
0.9818
0.9830
0.9841
0.9850
0.9859
0.9869
0.9877
0.9884
0.9888
0.9891
0.9892
0.9891
0.9892
0.9894
0.9895
0.9889
0.9881
0.9867
0.9851
0.9832
0.9818
0.9810
0.9808
0.9813
0.9825
0.9838
0.9850
0.9862
0.9869
0.9876
0.9880
0.9884
0.9888
0.9892
0.9893
0.9896
0.9897
0.9897
0.9895
0.9889
0.9876
0.9859
0.9841
0.9827
0.9819
0.9820
0.9828
0.9838
0.9847
0.9854
0.9860
0.9863
0.9866
0.9868
0.9871
0.9873
0.9876
0.9879
0.9882
0.9885
0.9887
0.9887
0.9883
0.9875
0.9866
0.9856
0.9846
0.9840
0.9839
0.9839
0.9843
0.9849
0.9855
0.9858
0.9862
0.9863
0.9864
0.9867
0.9870
0.9874
0.9877
0.9880
0.9881
0.9881
0.9882
0.9882
0.9880
0.9874
0.9865
0.9855
0.9845
0.9840
0.9840
0.9845
0.9851
0.9857
0.9859
0.9862
0.9864
0.9866
0.9869
0.9872
0.9875
0.9878
0.9879
0.9879
0.9879
0.9879
0.9879
0.9878
0.9876
0.9872
0.9866
0.9859
0.9853
0.9850
0.9850
0.9852
0.9857
0.9865
0.9871
0.9875
0.9878
0.9880
0.9879
0.9879
0.9879
0.9879
0.9879
0.9879
0.9879
0.9880
0.9882
0.9884
0.9884
0.9883
0.9879
0.9873
0.9867
0.9862
0.9859
0.9859
0.9862
0.9866
0.9871
0.9874
0.9878
0.9881
0.9883
0.9884
0.9886
0.9888
0.9888
0.9890
0.9891
0.9891
0.9891
0.9892
0.9892
0.9892
0.9891
0.9889
0.9885
0.9881
0.9877
0.9876
0.9877
0.9879
0.9882
0.9884
0.9886
0.9887
0.9889
0.9891
0.9892
0.9894
0.9895
0.9897
0.9897
0.9899
0.9900
0.9900
0.9900
0.9901
0.9901
0.9901
0.9900
0.9899
0.9897
0.9897
0.9896
0.9896
0.9897
0.9898
0.9899
0.9900
0.9901
0.9902
0.9903
0.9904
0.9905
0.9907
0.9908
0.9910
0.9912
0.9913
0.9915
0.9916
0.9916
0.9917
0.9917
0.9917
0.9917
0.9917
0.9917
0.9917
0.9917
0.9917
0.9919
0.9920
0.9921
0.9921
0.9923
0.9924
0.9924
0.9925
0.9927
0.9928
0.9929
0.9931
0.9932
0.9933
0.9933
0.9933
0.9933
0.9933
0.9933
0.9934
0.9935
0.9935
0.9936
0.9937
0.9939
0.9939
0.9941
0.9942
0.9944
0.9945
0.9946
0.9947
0.9948
0.9949
0.9950
0.9951
0.9951
0.9952
0.9953
0.9954
0.9955
0.9955
0.9955
0.9956
0.9956
0.9956
0.9957
0.9957
0.9958
0.9960
0.9964
0.9968
0.9970
0.9972
0.9973
0.9971
0.9969
0.9969
0.9969
0.9970
0.9970
0.9971
0.9972
0.9972
0.9973
0.9974
0.9975
0.9976
0.9977
0.9978
0.9979
0.9979
0.9979
0.9980
0.9980
0.9981
0.9983
0.9984
0.9984
0.9985
0.9986
0.9987
0.9988
0.9989
0.9990
0.9991
0.9991
0.9992
0.9993
0.9994
0.9994
0.9995
0.9996
0.9997
0.9997
0.9999
1.0001
1.0002
1.0003
1.0004
1.0004
1.0004
1.0004
1.0005
1.0005
1.0006
1.0007
1.0008
1.0008
1.0010
1.0010
1.0010
1.0011
1.0013
1.0015
1.0016
1.0017
1.0018
1.0019
1.0019
1.0020
1.0020
1.0021
1.0022
1.0022
1.0023
1.0023
1.0024
1.0025
1.0026
1.0027
1.0027
1.0028
1.0029
1.0030
1.0031
1.0032
1.0034
1.0035
1.0035
1.0036
1.0037
1.0038
1.0038
1.0039
1.0039
1.0040
1.0041
1.0043
1.0043
1.0044
1.0045
1.0046
1.0047
1.0048
1.0048
1.0049
1.0050
1.0051
1.0052
1.0053
1.0054
1.0054
1.0055
1.0056
1.0057
1.0057
1.0058
1.0062
1.0065
1.0066
1.0067
1.0068
1.0066
1.0065
1.0065
1.0066
1.0066
1.0067
1.0068
1.0068
1.0069
1.0070
1.0070
1.0071
1.0071
1.0072
1.0073
1.0074
1.0074
1.0075
1.0076
1.0076
1.0077
1.0078
1.0079
1.0079
1.0080
1.0080
1.0081
1.0081
1.0082
1.0082
1.0083
1.0083
1.0083
1.0084
1.0085
1.0085
1.0086
1.0087
1.0088
1.0088
1.0089
1.0089
1.0090
1.0090
1.0090
1.0090
1.0090
1.0090
1.0090
1.0090
1.0091
1.0092
1.0092
1.0093
1.0094
1.0094
1.0094
1.0094
1.0095
1.0095
1.0095
1.0097
1.0099
1.0101
1.0101
1.0101
1.0100
1.0098
1.0097
1.0097
1.0098
1.0098
1.0098
1.0099
1.0099
1.0099
1.0099
1.0099
1.0099
1.0099
1.0099
1.0098
1.0099
1.0099
1.0099
1.0099
1.0099
1.0099
1.0099
1.0098
1.0098
1.0098
1.0098
1.0098
1.0098
1.0099
1.0099
1.0099
1.0099
1.0099
1.0099
1.0099
1.0099
1.0098
1.0098
1.0098
1.0098
1.0098
1.0100
1.0103
1.0103
1.0103
1.0103
1.0101
1.0097
1.0096
1.0095
1.0095
1.0095
1.0095
1.0095
1.0095
1.0095
1.0095
1.0095
1.0095
1.0095
1.0096
1.0095
1.0095
1.0094
1.0093
1.0092
1.0092
1.0092
1.0092
1.0092
1.0091
1.0091
1.0090
1.0090
1.0090
1.0090
1.0089
1.0089
1.0090
1.0089
1.0089
1.0089
1.0089
1.0088
1.0087
1.0087
1.0087
1.0086
1.0085
1.0085
1.0085
1.0085
1.0085
1.0086
1.0085
1.0085
1.0084
1.0083
1.0083
1.0082
1.0082
1.0082
1.0082
1.0082
1.0081
1.0080
1.0079
1.0080
1.0081
1.0082
1.0082
1.0081
1.0080
1.0078
1.0078
1.0077
1.0076
1.0076
1.0075
1.0074
1.0074
1.0074
1.0073
1.0073
1.0072
1.0072
1.0072
1.0071
1.0070
1.0069
1.0068
1.0067
1.0066
1.0066
1.0066
1.0066
1.0066
1.0066
1.0067
1.0066
1.0066
1.0066
1.0065
1.0065
1.0065
1.0065
1.0065
1.0065
1.0065
1.0064
1.0064
1.0064
1.0063
1.0063
1.0062
1.0061
1.0061
1.0061
1.0061
1.0061
1.0061
1.0062
1.0063
1.0062
1.0062
1.0061
1.0059
1.0058
1.0057
1.0057
1.0057
1.0057
1.0056
1.0056
1.0056
1.0055
1.0055
1.0055
1.0056
1.0055
1.0056
1.0056
1.0056
1.0055
1.0055
1.0055
1.0055
1.0054
1.0054
1.0053
1.0053
1.0052
1.0051
1.0051
1.0051
1.0051
1.0051
1.0051
1.0051
1.0051
1.0051
1.0051
1.0051
1.0051
1.0050
1.0050
1.0049
1.0049
1.0049
1.0049
1.0049
1.0049
1.0049
1.0049
1.0048
1.0048
1.0048
1.0048
1.0048
1.0048
1.0047
1.0047
1.0047
1.0046
1.0046
1.0045
1.0043
1.0039
1.0036
1.0034
1.0034
1.0035
1.0038
1.0041
1.0043
1.0045
1.0047
1.0047
1.0047
1.0047
1.0046
1.0045
1.0044
1.0044
1.0045
1.0045
1.0045
1.0045
1.0045
1.0044
1.0044
1.0045
1.0046
1.0046
1.0046
1.0045
1.0043
1.0042
1.0041
1.0041
1.0041
1.0041
1.0042
1.0043
1.0044
1.0045
1.0045
1.0044
1.0043
1.0043
1.0042
1.0041
1.0041
1.0041
1.0040
1.0041
1.0041
1.0041
1.0042
1.0042
1.0041
1.0040
1.0040
1.0039
1.0040
1.0040
1.0040
1.0040
1.0040
1.0040
1.0040
1.0039
1.0039
1.0039
1.0038
1.0039
1.0039
1.0039
1.0039
1.0039
1.0040
1.0039
1.0039
1.0039
1.0039
1.0039
1.0039
1.0039
1.0039
1.0039
1.0039
1.0039
1.0039
1.0039
1.0040
1.0040
1.0039
1.0039
1.0039
1.0039
1.0038
1.0039
1.0040
1.0041
1.0042
1.0042
1.0042
1.0040
1.0039
1.0039
1.0038
1.0038
1.0039
1.0039
1.0039
1.0039
1.0038
1.0038
1.0038
1.0038
1.0038
1.0038
1.0039
1.0039
1.0040
1.0040
1.0040
1.0040
1.0040
1.0040
1.0040
1.0040
1.0040
1.0040
1.0040
1.0040
1.0040
1.0040
1.0040
1.0040
1.0039
1.0039
1.0039
1.0039
1.0039
1.0040
1.0041
1.0041
1.0042
1.0041
1.0040
1.0040
1.0040
1.0039
1.0039
1.0039
1.0040
1.0040
1.0040
1.0040
1.0039
1.0039
1.0038
1.0038
1.0038
1.0038
1.0039
1.0039
1.0038
1.0038
1.0039
1.0040
1.0040
1.0041
1.0040
1.0039
1.0039
1.0040
1.0040
1.0041
1.0041
1.0041
1.0040
1.0040
1.0039
1.0039
1.0039
1.0039
1.0039
1.0039
1.0039
1.0039
1.0039
1.0040
1.0041
1.0041
1.0041
1.0041
1.0039
1.0039
1.0039
1.0039
1.0039
1.0039
1.0038
1.0038
1.0038
1.0037
1.0037
1.0036
1.0036
1.0036
1.0036
1.0037
1.0037
1.0037
1.0037
1.0037
1.0036
1.0036
1.0036
1.0035
1.0036
1.0036
1.0036
1.0036
1.0036
1.0036
1.0036
1.0036
1.0037
1.0037
1.0036
1.0036
1.0035
1.0034
1.0033
1.0033
1.0032
1.0031
1.0032
1.0032
1.0032
1.0033
1.0033
1.0033
1.0033
1.0033
1.0033
1.0034
1.0035
1.0034
1.0034
1.0033
1.0032
1.0031
1.0032
1.0032
1.0031
1.0030
1.0029
1.0028
1.0026
1.0026
1.0027
1.0027
1.0028
1.0029
1.0028
1.0029
1.0029
1.0029
1.0029
1.0030
1.0029
1.0029
1.0029
1.0029
1.0028
1.0027
1.0027
1.0026
1.0025
1.0025
1.0025
1.0025
1.0025
1.0026
1.0026
1.0026
1.0026
1.0026
1.0026
1.0025
1.0025
1.0025
1.0025
1.0026
1.0026
1.0026
1.0026
1.0026
1.0024
1.0024
1.0023
1.0023
1.0023
1.0023
1.0023
1.0022
1.0022
1.0023
1.0023
1.0024
1.0024
1.0024
1.0023
1.0022
1.0022
1.0021
1.0020
1.0021
1.0021
1.0022
1.0022
1.0022
1.0022
1.0021
1.0021
1.0020
1.0020
1.0020
1.0019
1.0019
1.0019
1.0018
1.0018
1.0018
1.0018
1.0019
1.0019
1.0019
1.0019
1.0019
1.0020
1.0020
1.0021
1.0020
1.0020
1.0018
1.0018
1.0017
1.0017
1.0017
1.0017
1.0016
1.0016
1.0016
1.0015
1.0015
1.0016
1.0015
1.0015
1.0016
1.0016
1.0016
1.0016
1.0016
1.0016
1.0016
1.0016
1.0016
1.0017
1.0017
1.0017
1.0016
1.0016
1.0016
1.0014
1.0014
1.0013
1.0013
1.0012
1.0013
1.0012
1.0012
1.0012
1.0012
1.0012
1.0013
1.0015
1.0015
1.0016
1.0017
1.0017
1.0016
1.0015
1.0015
1.0014
1.0014
1.0014
1.0013
1.0012
1.0012
1.0012
1.0012
1.0012
1.0013
1.0012
1.0011
1.0011
1.0010
1.0009
1.0009
1.0009
1.0009
1.0010
1.0010
1.0010
1.0010
1.0010
1.0010
1.0010
1.0010
1.0010
1.0010
1.0010
1.0010
1.0011
1.0011
1.0011
1.0010
1.0009
1.0007
1.0006
1.0006
1.0006
1.0006
1.0006
1.0007
1.0008
1.0008
1.0007
1.0007
1.0006
1.0006
1.0007
1.0007
1.0008
1.0008
1.0007
1.0007
1.0007
1.0007
1.0007
1.0007
1.0007
1.0007
1.0007
1.0007
1.0006
1.0006
1.0005
1.0004
1.0004
1.0003
1.0002
1.0001
1.0001
1.0001
1.0002
1.0002
1.0003
1.0003
1.0004
1.0004
1.0004
1.0004
1.0004
1.0003
1.0003
1.0002
1.0001
1.0001
1.0001
1.0000
1.0000
1.0000
1.0001
1.0000
1.0000
1.0000
0.9999
0.9998
0.9997
0.9997
0.9998
0.9998
0.9999
0.9999
1.0000
1.0000
1.0000
0.9999
1.0000
1.0000
1.0000
1.0000
1.0001
1.0001
1.0000
1.0000
1.0000
0.9999
0.9999
0.9998
0.9998
0.9996
0.9996
0.9995
0.9995
0.9995
0.9995
0.9996
0.9996
0.9996
0.9997
0.9997
0.9997
0.9998
0.9998
0.9998
0.9998
0.9999
0.9999
0.9999
0.9999
0.9998
0.9998
0.9997
0.9995
0.9994
0.9993
0.9993
0.9993
0.9992
0.9993
0.9993
0.9993
0.9993
0.9993
0.9993
0.9993
0.9993
0.9994
0.9994
0.9994
0.9994
0.9995
0.9996
0.9997
0.9997
0.9998
0.9998
0.9997
0.9996
0.9996
0.9996
0.9996
0.9996
0.9996
0.9994
0.9993
0.9992
0.9991
0.9990
0.9989
0.9989
0.9989
0.9989
0.9989
0.9991
0.9992
0.9993
0.9995
0.9996
0.9996
0.9996
0.9996
0.9995
0.9995
0.9994
0.9995
0.9995
0.9996
0.9996
0.9996
0.9996
0.9995
0.9995
0.9994
0.9993
0.9991
0.9990
0.9989
0.9989
0.9989
0.9988
0.9989
0.9989
0.9989
0.9990
0.9990
0.9991
0.9991
0.9992
0.9993
0.9993
0.9993
0.9993
0.9994
0.9994
0.9994
0.9995
0.9996
0.9996
0.9996
0.9996
0.9996
0.9995
0.9995
0.9994
0.9993
0.9991
0.9989
0.9988
0.9987
0.9986
0.9987
0.9987
0.9989
0.9989
0.9990
0.9990
0.9991
0.9991
0.9991
0.9992
0.9993
0.9993
0.9993
0.9994
0.9993
0.9993
0.9993
0.9993
0.9993
0.9993
0.9993
0.9993
0.9994
0.9994
0.9993
0.9992
0.9992
0.9990
0.9988
0.9987
0.9986
0.9986
0.9987
0.9988
0.9988
0.9989
0.9989
0.9990
0.9990
0.9991
0.9992
0.9992
0.9992
0.9993
0.9993
0.9994
0.9994
0.9994
0.9994
0.9994
0.9994
0.9994
0.9994
0.9993
0.9993
0.9993
0.9993
0.9993
0.9993
0.9991
0.9990
0.9990
0.9989
0.9989
0.9990
0.9990
0.9990
0.9991
0.9991
0.9992
0.9993
0.9993
0.9992
0.9993
0.9992
0.9993
0.9993
0.9993
0.9993
0.9994
0.9994
0.9994
0.9994
0.9994
0.9994
0.9993
0.9993
0.9992
0.9992
0.9992
0.9991
0.9991
0.9991
0.9991
0.9991
0.9992
0.9993
0.9993
0.9993
0.9992
0.9992
0.9992
0.9993
0.9994
0.9995
0.9995
0.9996
0.9996
0.9995
0.9995
0.9995
0.9995
0.9996
0.9995
0.9996
0.9995
0.9995
0.9994
0.9994
0.9994
0.9995
0.9994
0.9994
0.9995
0.9995
0.9995
0.9995
0.9996
0.9995
0.9995
0.9994
0.9994
0.9994
0.9994
0.9994
0.9994
0.9993
0.9994
0.9995
0.9995
0.9996
0.9996
0.9996
0.9996
0.9996
0.9996
0.9996
0.9996
0.9996
0.9995
0.9995
0.9995
0.9995
0.9995
0.9995
0.9996
0.9995
0.9996
0.9995
0.9995
0.9995
0.9994
0.9994
0.9993
0.9993
0.9994
0.9994
0.9994
0.9994
0.9995
0.9995
0.9996
0.9995
0.9996
0.9996
0.9996
0.9996
0.9996
0.9995
0.9996
0.9996
0.9996
0.9997
0.9997
0.9996
0.9995
0.9994
0.9994
0.9994
0.9995
0.9995
0.9995
0.9995
0.9995
0.9995
0.9995
0.9996
0.9995
0.9995
0.9995
0.9995
0.9995
0.9995
0.9995
0.9995
0.9995
0.9995
0.9996
0.9996
0.9996
0.9997
0.9997
0.9997
0.9997
0.9997
0.9997
0.9997
0.9997
0.9997
0.9997
0.9997
0.9998
0.9998
0.9998
0.9997
0.9997
0.9997
0.9997
0.9996
0.9996
0.9997
0.9997
0.9997
0.9998
0.9998
0.9998
0.9997
0.9998
0.9997
0.9997
0.9997
0.9998
0.9998
0.9998
0.9999
0.9999
0.9999
1.0000
1.0002
1.0002
1.0003
1.0005
1.0007
1.0009
1.0011
1.0012
1.0014
1.0017
1.0018
1.0020
1.0023
1.0025
1.0027
1.0029
1.0032
1.0034
1.0037
1.0041
1.0045
1.0049
1.0053
1.0057
1.0061
1.0065
1.0069
1.0072
1.0077
1.0081
1.0085
1.0090
1.0095
1.0099
1.0104
1.0110
1.0116
1.0121
1.0126
1.0132
1.0137
1.0143
1.0149
1.0154
1.0159
1.0163
1.0167
1.0170
1.0176
1.0180
1.0185
1.0190
1.0195
1.0198
1.0203
1.0209
1.0213
1.0217
1.0222
1.0224
1.0226
1.0230
1.0233
1.0235
1.0240
1.0242
1.0247
1.0251
1.0253
1.0255
1.0262
1.0264
1.0269
1.0274
1.0276
1.0275
1.0278
1.0271
1.0272
1.0283
1.0290
1.0295
1.0307
1.0310
1.0311
1.0316
1.0322
1.0339
1.0359
1.0362
1.0367
1.0364
1.0345
1.0340
1.0350
1.0372
1.0383
1.0416
1.0420
1.0433
1.0421
1.0453
1.0443
1.0450
1.0450
1.0452
1.0435
1.0447
1.0460
1.0471
1.0478
1.0484
1.0500
1.0586
1.0772
1.0978
1.1735
0.6928
0.9719
1.0329
1.0348
