1.0113
1.0539
1.0167
0.8731
0.6236
-0.0463
8.7808
8.2563
6.8720
5.1856
4.7216
5.6718
5.8303
4.8606
4.0965
2.2285
1.9859
1.8553
1.7451
1.7137
1.7738
1.8104
1.7710
1.7012
1.6085
1.5048
1.4116
1.3262
1.2447
1.1817
1.1271
1.0970
1.0658
1.0441
1.0220
1.0101
1.0072
1.0298
1.0617
1.1125
1.1499
1.1534
1.1160
1.0804
1.0399
1.0131
0.9909
0.9792
0.9621
0.9529
0.9480
0.9416
0.9399
0.9376
0.9337
0.9352
0.9346
0.9281
0.9356
0.9583
0.9763
1.0105
1.0415
1.0355
1.0138
0.9999
0.9882
0.9801
0.9741
0.9661
0.9650
0.9609
0.9590
0.9595
0.9608
0.9593
0.9626
0.9623
0.9595
0.9605
0.9580
0.9556
0.9627
0.9769
0.9912
1.0047
1.0087
1.0000
0.9934
0.9874
0.9859
0.9824
0.9813
0.9812
0.9796
0.9793
0.9808
0.9801
0.9794
0.9821
0.9815
0.9806
0.9826
0.9821
0.9787
0.9751
0.9743
0.9771
0.9816
0.9908
1.0020
1.0047
0.9993
0.9976
0.9953
0.9934
0.9913
0.9912
0.9911
0.9897
0.9891
0.9900
0.9898
0.9896
0.9915
0.9915
0.9910
0.9920
0.9914
0.9900
0.9892
0.9869
0.9829
0.9823
0.9861
0.9906
0.9967
1.0027
1.0041
1.0005
0.9991
0.9974
0.9973
0.9961
0.9963
0.9963
0.9960
0.9959
0.9965
0.9958
0.9954
0.9960
0.9953
0.9947
0.9949
0.9937
0.9927
0.9927
0.9926
0.9921
0.9914
0.9899
0.9898
0.9918
0.9945
0.9980
1.0016
1.0025
1.0015
1.0006
0.9992
0.9985
0.9976
0.9964
0.9952
0.9944
0.9932
0.9929
0.9926
0.9925
0.9929
0.9931
0.9932
0.9937
0.9940
0.9943
0.9949
0.9952
0.9949
0.9947
0.9946
0.9942
0.9935
0.9934
0.9938
0.9937
0.9937
0.9938
0.9936
0.9930
0.9930
0.9934
0.9943
0.9951
0.9961
0.9968
0.9972
0.9974
0.9975
0.9970
0.9961
0.9956
0.9950
0.9944
0.9938
0.9934
0.9923
0.9912
0.9902
0.9896
0.9895
0.9902
0.9911
0.9925
0.9940
0.9950
0.9959
0.9967
0.9971
0.9971
0.9969
0.9964
0.9957
0.9950
0.9943
0.9941
0.9935
0.9926
0.9912
0.9893
0.9882
0.9880
0.9888
0.9907
0.9929
0.9947
0.9963
0.9972
0.9975
0.9975
0.9974
0.9967
0.9960
0.9952
0.9948
0.9945
0.9944
0.9939
0.9928
0.9911
0.9897
0.9883
0.9882
0.9893
0.9915
0.9935
0.9955
0.9970
0.9977
0.9980
0.9977
0.9973
0.9969
0.9965
0.9958
0.9953
0.9948
0.9943
0.9938
0.9933
0.9924
0.9913
0.9902
0.9898
0.9901
0.9913
0.9930
0.9947
0.9959
0.9967
0.9971
0.9972
0.9971
0.9966
0.9961
0.9958
0.9953
0.9951
0.9951
0.9950
0.9946
0.9945
0.9940
0.9932
0.9925
0.9923
0.9924
0.9931
0.9943
0.9956
0.9964
0.9968
0.9963
0.9956
0.9951
0.9946
0.9943
0.9946
0.9951
0.9955
0.9958
0.9959
0.9959
0.9956
0.9952
0.9949
0.9946
0.9942
0.9941
0.9942
0.9946
0.9950
0.9952
0.9953
0.9952
0.9948
0.9944
0.9943
0.9943
0.9942
0.9943
0.9946
0.9951
0.9953
0.9957
0.9959
0.9959
0.9959
0.9958
0.9955
0.9953
0.9951
0.9949
0.9949
0.9950
0.9948
0.9946
0.9939
0.9934
0.9932
0.9932
0.9935
0.9940
0.9945
0.9948
0.9950
0.9952
0.9953
0.9953
0.9954
0.9954
0.9953
0.9950
0.9949
0.9948
0.9945
0.9944
0.9942
0.9937
0.9933
0.9929
0.9927
0.9927
0.9928
0.9931
0.9933
0.9936
0.9937
0.9941
0.9943
0.9944
0.9945
0.9946
0.9947
0.9947
0.9948
0.9948
0.9950
0.9948
0.9945
0.9940
0.9936
0.9930
0.9925
0.9923
0.9921
0.9922
0.9925
0.9928
0.9931
0.9934
0.9936
0.9938
0.9939
0.9940
0.9941
0.9942
0.9942
0.9942
0.9942
0.9942
0.9942
0.9939
0.9935
0.9930
0.9924
0.9921
0.9919
0.9919
0.9921
0.9924
0.9925
0.9927
0.9928
0.9928
0.9929
0.9930
0.9931
0.9931
0.9931
0.9932
0.9932
0.9933
0.9933
0.9933
0.9932
0.9930
0.9927
0.9925
0.9922
0.9919
0.9919
0.9919
0.9920
0.9922
0.9924
0.9925
0.9926
0.9926
0.9926
0.9927
0.9928
0.9929
0.9929
0.9930
0.9930
0.9930
0.9930
0.9930
0.9929
0.9928
0.9925
0.9922
0.9919
0.9918
0.9917
0.9918
0.9920
0.9922
0.9922
0.9923
0.9923
0.9924
0.9925
0.9927
0.9927
0.9928
0.9928
0.9928
0.9928
0.9928
0.9928
0.9927
0.9926
0.9925
0.9924
0.9922
0.9920
0.9919
0.9919
0.9919
0.9920
0.9923
0.9925
0.9926
0.9927
0.9928
0.9927
0.9927
0.9927
0.9927
0.9927
0.9927
0.9927
0.9928
0.9928
0.9928
0.9928
0.9928
0.9927
0.9926
0.9924
0.9923
0.9922
0.9922
0.9922
0.9924
0.9925
0.9926
0.9928
0.9929
0.9929
0.9930
0.9930
0.9931
0.9932
0.9932
0.9933
0.9933
0.9932
0.9932
0.9932
0.9933
0.9932
0.9932
0.9931
0.9930
0.9928
0.9928
0.9929
0.9930
0.9931
0.9931
0.9931
0.9932
0.9932
0.9933
0.9934
0.9935
0.9935
0.9935
0.9934
0.9934
0.9935
0.9935
0.9936
0.9936
0.9936
0.9937
0.9937
0.9936
0.9936
0.9936
0.9936
0.9936
0.9937
0.9936
0.9937
0.9937
0.9937
0.9938
0.9939
0.9939
0.9939
0.9940
0.9940
0.9941
0.9942
0.9942
0.9943
0.9943
0.9944
0.9944
0.9945
0.9945
0.9945
0.9945
0.9945
0.9945
0.9945
0.9945
0.9946
0.9947
0.9947
0.9947
0.9948
0.9948
0.9949
0.9949
0.9950
0.9950
0.9950
0.9951
0.9951
0.9952
0.9954
0.9955
0.9954
0.9955
0.9955
0.9954
0.9954
0.9955
0.9955
0.9956
0.9956
0.9956
0.9957
0.9958
0.9958
0.9959
0.9960
0.9960
0.9961
0.9961
0.9961
0.9962
0.9962
0.9963
0.9963
0.9964
0.9964
0.9964
0.9964
0.9964
0.9964
0.9965
0.9966
0.9966
0.9967
0.9967
0.9968
0.9970
0.9971
0.9972
0.9972
0.9972
0.9971
0.9971
0.9971
0.9971
0.9970
0.9971
0.9972
0.9972
0.9972
0.9973
0.9973
0.9973
0.9974
0.9975
0.9975
0.9975
0.9975
0.9975
0.9975
0.9976
0.9976
0.9977
0.9977
0.9978
0.9979
0.9979
0.9980
0.9980
0.9980
0.9981
0.9981
0.9981
0.9982
0.9982
0.9982
0.9982
0.9982
0.9983
0.9983
0.9984
0.9985
0.9985
0.9986
0.9987
0.9987
0.9987
0.9986
0.9986
0.9986
0.9986
0.9987
0.9987
0.9988
0.9989
0.9989
0.9989
0.9989
0.9990
0.9990
0.9991
0.9992
0.9993
0.9993
0.9994
0.9995
0.9995
0.9995
0.9995
0.9995
0.9995
0.9995
0.9995
0.9996
0.9996
0.9996
0.9996
0.9997
0.9998
0.9998
0.9999
0.9999
1.0000
1.0000
1.0000
1.0001
1.0001
1.0002
1.0002
1.0003
1.0003
1.0003
1.0004
1.0005
1.0005
1.0005
1.0006
1.0006
1.0006
1.0007
1.0007
1.0007
1.0008
1.0008
1.0009
1.0009
1.0009
1.0010
1.0010
1.0011
1.0012
1.0012
1.0013
1.0015
1.0016
1.0016
1.0017
1.0017
1.0016
1.0015
1.0016
1.0016
1.0016
1.0017
1.0017
1.0017
1.0018
1.0018
1.0018
1.0019
1.0019
1.0019
1.0020
1.0020
1.0020
1.0021
1.0021
1.0021
1.0021
1.0022
1.0023
1.0023
1.0024
1.0024
1.0024
1.0025
1.0025
1.0025
1.0026
1.0026
1.0026
1.0026
1.0026
1.0026
1.0027
1.0027
1.0028
1.0028
1.0029
1.0029
1.0029
1.0029
1.0029
1.0030
1.0029
1.0029
1.0029
1.0029
1.0030
1.0030
1.0030
1.0031
1.0031
1.0031
1.0031
1.0032
1.0032
1.0032
1.0033
1.0034
1.0035
1.0035
1.0035
1.0035
1.0035
1.0034
1.0034
1.0034
1.0034
1.0034
1.0035
1.0035
1.0035
1.0035
1.0036
1.0035
1.0035
1.0035
1.0035
1.0035
1.0035
1.0036
1.0036
1.0036
1.0036
1.0036
1.0035
1.0036
1.0036
1.0036
1.0036
1.0037
1.0037
1.0037
1.0037
1.0037
1.0037
1.0037
1.0037
1.0037
1.0037
1.0037
1.0037
1.0038
1.0038
1.0038
1.0038
1.0040
1.0040
1.0040
1.0040
1.0040
1.0039
1.0039
1.0039
1.0039
1.0038
1.0039
1.0039
1.0039
1.0039
1.0040
1.0040
1.0040
1.0040
1.0041
1.0040
1.0041
1.0040
1.0039
1.0039
1.0039
1.0039
1.0039
1.0040
1.0040
1.0040
1.0040
1.0039
1.0040
1.0039
1.0040
1.0040
1.0040
1.0040
1.0040
1.0040
1.0041
1.0041
1.0040
1.0040
1.0041
1.0040
1.0040
1.0041
1.0041
1.0041
1.0041
1.0042
1.0042
1.0042
1.0042
1.0041
1.0041
1.0041
1.0041
1.0041
1.0041
1.0041
1.0041
1.0041
1.0041
1.0041
1.0042
1.0042
1.0042
1.0042
1.0041
1.0042
1.0042
1.0041
1.0041
1.0041
1.0041
1.0041
1.0042
1.0042
1.0042
1.0042
1.0041
1.0041
1.0041
1.0041
1.0040
1.0040
1.0040
1.0040
1.0040
1.0040
1.0040
1.0040
1.0040
1.0040
1.0041
1.0041
1.0041
1.0041
1.0041
1.0040
1.0041
1.0041
1.0041
1.0041
1.0041
1.0041
1.0042
1.0042
1.0042
1.0042
1.0041
1.0041
1.0041
1.0041
1.0042
1.0042
1.0043
1.0043
1.0043
1.0043
1.0043
1.0042
1.0042
1.0042
1.0041
1.0041
1.0042
1.0042
1.0041
1.0041
1.0041
1.0042
1.0042
1.0042
1.0043
1.0043
1.0043
1.0043
1.0044
1.0044
1.0044
1.0044
1.0044
1.0043
1.0044
1.0043
1.0044
1.0044
1.0044
1.0044
1.0044
1.0044
1.0044
1.0044
1.0044
1.0044
1.0044
1.0044
1.0044
1.0044
1.0044
1.0044
1.0044
1.0044
1.0044
1.0045
1.0045
1.0045
1.0045
1.0045
1.0044
1.0045
1.0045
1.0044
1.0045
1.0045
1.0045
1.0045
1.0045
1.0045
1.0045
1.0045
1.0045
1.0045
1.0044
1.0044
1.0044
1.0044
1.0045
1.0045
1.0046
1.0046
1.0047
1.0047
1.0047
1.0047
1.0046
1.0046
1.0046
1.0046
1.0047
1.0047
1.0047
1.0047
1.0047
1.0046
1.0047
1.0048
1.0048
1.0048
1.0048
1.0047
1.0047
1.0046
1.0046
1.0046
1.0046
1.0046
1.0047
1.0048
1.0048
1.0048
1.0048
1.0048
1.0048
1.0048
1.0047
1.0047
1.0047
1.0047
1.0047
1.0047
1.0047
1.0047
1.0047
1.0048
1.0048
1.0047
1.0047
1.0047
1.0047
1.0047
1.0048
1.0047
1.0047
1.0047
1.0047
1.0047
1.0047
1.0047
1.0047
1.0047
1.0047
1.0047
1.0047
1.0047
1.0048
1.0048
1.0048
1.0048
1.0048
1.0048
1.0048
1.0047
1.0048
1.0047
1.0048
1.0048
1.0048
1.0048
1.0048
1.0049
1.0049
1.0049
1.0048
1.0048
1.0048
1.0048
1.0049
1.0049
1.0050
1.0050
1.0050
1.0049
1.0049
1.0048
1.0048
1.0048
1.0049
1.0049
1.0049
1.0049
1.0049
1.0049
1.0049
1.0049
1.0049
1.0049
1.0049
1.0049
1.0050
1.0050
1.0050
1.0050
1.0050
1.0050
1.0050
1.0050
1.0051
1.0051
1.0051
1.0051
1.0051
1.0051
1.0050
1.0050
1.0050
1.0050
1.0050
1.0050
1.0050
1.0051
1.0051
1.0051
1.0051
1.0051
1.0051
1.0051
1.0051
1.0051
1.0051
1.0051
1.0051
1.0051
1.0051
1.0051
1.0050
1.0050
1.0050
1.0050
1.0050
1.0051
1.0051
1.0051
1.0051
1.0051
1.0051
1.0051
1.0051
1.0051
1.0051
1.0050
1.0050
1.0050
1.0051
1.0051
1.0051
1.0051
1.0051
1.0050
1.0050
1.0051
1.0050
1.0050
1.0050
1.0050
1.0050
1.0051
1.0051
1.0052
1.0052
1.0052
1.0052
1.0051
1.0050
1.0050
1.0050
1.0050
1.0050
1.0050
1.0050
1.0049
1.0050
1.0049
1.0049
1.0049
1.0049
1.0048
1.0048
1.0049
1.0049
1.0049
1.0049
1.0049
1.0048
1.0048
1.0048
1.0048
1.0048
1.0049
1.0049
1.0049
1.0049
1.0049
1.0049
1.0049
1.0048
1.0048
1.0048
1.0048
1.0047
1.0047
1.0046
1.0046
1.0046
1.0045
1.0045
1.0046
1.0046
1.0046
1.0046
1.0046
1.0046
1.0045
1.0045
1.0046
1.0046
1.0046
1.0045
1.0045
1.0044
1.0044
1.0044
1.0044
1.0043
1.0043
1.0042
1.0041
1.0040
1.0040
1.0041
1.0041
1.0042
1.0042
1.0042
1.0042
1.0042
1.0042
1.0042
1.0042
1.0042
1.0042
1.0041
1.0041
1.0041
1.0040
1.0040
1.0040
1.0039
1.0039
1.0039
1.0038
1.0038
1.0039
1.0039
1.0039
1.0039
1.0039
1.0039
1.0039
1.0039
1.0038
1.0038
1.0038
1.0038
1.0038
1.0038
1.0038
1.0037
1.0037
1.0037
1.0037
1.0037
1.0037
1.0036
1.0036
1.0036
1.0036
1.0037
1.0037
1.0037
1.0037
1.0036
1.0036
1.0036
1.0035
1.0035
1.0035
1.0035
1.0035
1.0035
1.0035
1.0035
1.0034
1.0034
1.0034
1.0034
1.0034
1.0034
1.0033
1.0033
1.0033
1.0033
1.0033
1.0033
1.0033
1.0034
1.0033
1.0033
1.0034
1.0034
1.0033
1.0034
1.0033
1.0033
1.0032
1.0032
1.0032
1.0032
1.0032
1.0032
1.0031
1.0031
1.0031
1.0031
1.0031
1.0031
1.0030
1.0030
1.0031
1.0030
1.0030
1.0031
1.0030
1.0030
1.0030
1.0030
1.0030
1.0030
1.0030
1.0030
1.0030
1.0030
1.0029
1.0028
1.0028
1.0027
1.0028
1.0028
1.0028
1.0028
1.0028
1.0028
1.0029
1.0028
1.0029
1.0029
1.0030
1.0030
1.0030
1.0030
1.0030
1.0029
1.0029
1.0029
1.0028
1.0028
1.0027
1.0026
1.0026
1.0026
1.0026
1.0027
1.0027
1.0027
1.0027
1.0026
1.0026
1.0025
1.0025
1.0025
1.0026
1.0026
1.0026
1.0027
1.0026
1.0025
1.0026
1.0025
1.0025
1.0025
1.0025
1.0024
1.0024
1.0024
1.0024
1.0024
1.0024
1.0024
1.0023
1.0023
1.0023
1.0023
1.0023
1.0023
1.0023
1.0024
1.0024
1.0023
1.0023
1.0022
1.0022
1.0022
1.0022
1.0022
1.0022
1.0022
1.0021
1.0021
1.0022
1.0022
1.0022
1.0022
1.0022
1.0022
1.0021
1.0021
1.0021
1.0021
1.0020
1.0020
1.0020
1.0020
1.0019
1.0019
1.0019
1.0019
1.0019
1.0019
1.0019
1.0019
1.0019
1.0019
1.0019
1.0019
1.0018
1.0018
1.0018
1.0018
1.0017
1.0017
1.0017
1.0017
1.0017
1.0018
1.0018
1.0017
1.0017
1.0016
1.0016
1.0016
1.0016
1.0016
1.0016
1.0016
1.0016
1.0016
1.0016
1.0016
1.0016
1.0016
1.0016
1.0016
1.0016
1.0016
1.0017
1.0017
1.0016
1.0016
1.0016
1.0015
1.0015
1.0015
1.0014
1.0014
1.0014
1.0014
1.0013
1.0013
1.0013
1.0014
1.0014
1.0014
1.0014
1.0014
1.0014
1.0013
1.0013
1.0013
1.0013
1.0013
1.0013
1.0013
1.0013
1.0012
1.0012
1.0011
1.0011
1.0011
1.0011
1.0011
1.0011
1.0011
1.0011
1.0011
1.0011
1.0011
1.0011
1.0011
1.0011
1.0012
1.0011
1.0011
1.0011
1.0011
1.0011
1.0011
1.0012
1.0012
1.0012
1.0012
1.0011
1.0011
1.0011
1.0011
1.0011
1.0012
1.0011
1.0010
1.0010
1.0010
1.0009
1.0008
1.0008
1.0008
1.0008
1.0008
1.0009
1.0009
1.0010
1.0011
1.0011
1.0011
1.0011
1.0011
1.0010
1.0010
1.0009
1.0009
1.0010
1.0010
1.0009
1.0009
1.0009
1.0009
1.0009
1.0009
1.0009
1.0008
1.0008
1.0008
1.0008
1.0007
1.0007
1.0007
1.0007
1.0007
1.0007
1.0007
1.0008
1.0008
1.0008
1.0008
1.0008
1.0008
1.0007
1.0008
1.0008
1.0008
1.0008
1.0009
1.0009
1.0009
1.0009
1.0009
1.0009
1.0008
1.0008
1.0008
1.0007
1.0006
1.0006
1.0005
1.0005
1.0005
1.0005
1.0006
1.0005
1.0006
1.0006
1.0006
1.0006
1.0006
1.0006
1.0007
1.0006
1.0006
1.0006
1.0006
1.0006
1.0006
1.0006
1.0006
1.0006
1.0006
1.0005
1.0005
1.0006
1.0006
1.0005
1.0005
1.0005
1.0004
1.0004
1.0004
1.0004
1.0004
1.0004
1.0004
1.0004
1.0004
1.0004
1.0004
1.0004
1.0004
1.0005
1.0005
1.0005
1.0005
1.0006
1.0006
1.0006
1.0005
1.0005
1.0006
1.0005
1.0005
1.0004
1.0005
1.0004
1.0004
1.0004
1.0005
1.0004
1.0004
1.0004
1.0004
1.0004
1.0004
1.0004
1.0004
1.0004
1.0004
1.0005
1.0004
1.0004
1.0004
1.0004
1.0003
1.0003
1.0004
1.0004
1.0004
1.0004
1.0004
1.0004
1.0004
1.0004
1.0004
1.0004
1.0003
1.0003
1.0004
1.0004
1.0003
1.0003
1.0003
1.0004
1.0004
1.0005
1.0006
1.0006
1.0006
1.0005
1.0004
1.0004
1.0004
1.0005
1.0006
1.0006
1.0007
1.0007
1.0006
1.0006
1.0005
1.0005
1.0005
1.0005
1.0005
1.0005
1.0005
1.0005
1.0005
1.0005
1.0005
1.0005
1.0005
1.0006
1.0006
1.0006
1.0007
1.0007
1.0006
1.0006
1.0006
1.0006
1.0005
1.0005
1.0005
1.0004
1.0004
1.0004
1.0005
1.0005
1.0006
1.0006
1.0006
1.0006
1.0006
1.0006
1.0006
1.0005
1.0005
1.0005
1.0004
1.0005
1.0005
1.0005
1.0004
1.0005
1.0004
1.0004
1.0005
1.0005
1.0004
1.0004
1.0004
1.0004
1.0003
1.0004
1.0004
1.0004
1.0004
1.0004
1.0004
1.0005
1.0005
1.0004
1.0004
1.0003
1.0003
1.0003
1.0003
1.0004
1.0005
1.0004
1.0005
1.0005
1.0003
1.0002
1.0002
1.0002
1.0002
1.0002
1.0003
1.0002
1.0002
1.0002
1.0002
1.0002
1.0003
1.0003
1.0003
1.0003
1.0004
1.0004
1.0004
1.0004
1.0003
1.0003
1.0003
1.0004
1.0003
1.0003
1.0004
1.0004
1.0003
1.0003
1.0004
1.0004
1.0003
1.0004
1.0004
1.0003
1.0003
1.0004
1.0004
1.0004
1.0004
1.0004
1.0004
1.0003
1.0003
1.0002
1.0003
1.0003
1.0003
1.0003
1.0003
1.0003
1.0003
1.0003
1.0003
1.0003
1.0003
1.0003
1.0004
1.0004
1.0004
1.0004
1.0004
1.0005
1.0006
1.0006
1.0007
1.0009
1.0009
1.0010
1.0012
1.0013
1.0014
1.0016
1.0017
1.0019
1.0021
1.0023
1.0024
1.0025
1.0027
1.0029
1.0031
1.0034
1.0037
1.0040
1.0043
1.0046
1.0049
1.0052
1.0054
1.0057
1.0060
1.0063
1.0066
1.0070
1.0073
1.0076
1.0080
1.0084
1.0087
1.0091
1.0095
1.0098
1.0101
1.0105
1.0109
1.0113
1.0117
1.0120
1.0123
1.0124
1.0128
1.0131
1.0133
1.0136
1.0139
1.0141
1.0142
1.0145
1.0147
1.0149
1.0151
1.0152
1.0153
1.0155
1.0156
1.0157
1.0160
1.0160
1.0162
1.0164
1.0164
1.0165
1.0170
1.0170
1.0173
1.0175
1.0176
1.0175
1.0178
1.0174
1.0176
1.0184
1.0188
1.0192
1.0199
1.0200
1.0202
1.0209
1.0215
1.0230
1.0247
1.0254
1.0259
1.0261
1.0250
1.0248
1.0256
1.0273
1.0283
1.0311
1.0316
1.0328
1.0322
1.0346
1.0334
1.0339
1.0337
1.0337
1.0324
1.0340
1.0347
1.0354
1.0358
1.0362
1.0368
1.0426
1.0551
1.0687
1.1175
0.8074
0.9886
1.0283
1.0311
