180.21	3423.12
180.28	-125.37
180.36	632.22
180.44	-46.62
180.51	-14.84
180.59	9.44
180.66	37.43
180.74	35.82
180.81	35.88
180.89	38.38
180.97	39.59
181.04	37.88
181.12	37.55
181.19	38.59
181.27	39.80
181.34	57.06
181.42	64.76
181.50	72.10
181.57	83.17
181.65	88.18
181.72	81.94
181.80	77.45
181.87	78.68
181.95	81.02
182.03	83.88
182.10	91.07
182.18	98.53
182.25	111.14
182.33	120.73
182.40	138.11
182.48	143.89
182.55	166.80
182.63	182.30
182.71	197.22
182.78	212.42
182.86	230.33
182.93	225.89
183.01	216.54
183.08	201.08
183.16	189.51
183.23	176.27
183.31	187.89
183.39	205.49
183.46	239.23
183.54	265.52
183.61	308.41
183.69	344.69
183.76	395.84
183.84	438.61
183.91	483.59
183.99	539.72
184.06	583.96
184.14	630.64
184.22	685.44
184.29	717.93
184.37	727.53
184.44	733.06
184.52	684.59
184.59	590.16
184.67	511.25
184.74	438.12
184.82	395.04
184.89	406.29
184.97	474.84
185.04	564.59
185.12	656.26
185.20	752.96
185.27	848.63
185.35	948.69
185.42	1014.48
185.50	1087.09
185.57	1145.48
185.65	1189.52
185.72	1239.88
185.80	1324.69
185.87	1388.73
185.95	1479.19
186.02	1593.28
186.10	1643.59
186.17	1641.77
186.25	1571.40
186.33	1372.34
186.40	1147.68
186.48	994.28
186.55	914.80
186.63	941.17
186.70	1096.94
186.78	1273.24
186.85	1424.53
186.93	1552.79
187.00	1669.79
187.08	1786.84
187.15	1901.76
187.23	2037.46
187.30	2166.93
187.38	2282.60
187.45	2411.49
187.53	2537.23
187.60	2618.82
187.68	2733.46
187.75	2861.15
187.83	2923.61
187.90	2993.12
187.98	3073.84
188.05	3037.47
188.13	2837.32
188.21	2549.39
188.28	2264.72
188.36	2005.32
188.43	1863.32
188.51	1926.98
188.58	2140.73
188.66	2349.58
188.73	2562.33
188.81	2768.34
188.88	2931.11
188.96	3083.68
189.03	3226.44
189.11	3371.39
189.18	3498.18
189.26	3606.89
189.33	3725.79
189.41	3845.48
189.48	3927.44
189.56	4034.87
189.63	4150.15
189.71	4208.62
189.78	4274.14
189.86	4355.39
189.93	4379.16
190.01	4354.29
190.08	4270.22
190.16	4017.29
190.23	3639.84
190.31	3317.81
190.38	3101.36
190.46	3012.81
190.53	3116.23
190.61	3368.90
190.68	3606.27
190.76	3824.28
190.83	4006.60
190.91	4173.68
190.98	4334.97
191.06	4485.07
191.13	4628.50
191.21	4758.71
191.28	4871.09
191.35	4990.12
191.43	5092.54
191.50	5162.16
191.58	5250.39
191.65	5323.85
191.73	5351.34
191.80	5391.80
191.88	5412.33
191.95	5396.96
192.03	5397.33
192.10	5414.60
192.18	5411.98
192.25	5368.89
192.33	5226.09
192.40	4988.81
192.48	4754.93
192.55	4581.56
192.63	4504.06
192.70	4582.05
192.78	4782.15
192.85	5003.30
192.93	5203.01
193.00	5371.70
193.08	5514.23
193.15	5645.25
193.22	5738.94
193.30	5814.69
193.37	5889.89
193.45	5933.21
193.52	5977.32
193.60	6038.79
193.67	6090.36
193.75	6144.26
193.82	6205.55
193.90	6238.32
193.97	6273.70
194.05	6317.87
194.12	6350.80
194.20	6398.53
194.27	6451.19
194.34	6491.25
194.42	6516.62
194.49	6546.85
194.57	6548.06
194.64	6494.40
194.72	6387.72
194.79	6277.34
194.87	6166.84
194.94	6086.24
195.02	6073.19
195.09	6126.71
195.17	6211.70
195.24	6312.14
195.31	6425.05
195.39	6539.10
195.46	6657.26
195.54	6761.39
195.61	6850.12
195.69	6918.90
195.76	6969.95
195.84	7011.94
195.91	7035.14
195.99	7046.03
196.06	7049.22
196.13	7060.44
196.21	7058.57
196.28	7060.43
196.36	7052.60
196.43	7029.93
196.51	6993.72
196.58	6957.79
196.66	6940.32
196.73	6958.18
196.80	7009.11
196.88	7079.07
196.95	7170.45
197.03	7255.24
197.10	7308.98
197.18	7336.50
197.25	7355.79
197.33	7368.23
197.40	7377.86
197.47	7385.07
197.55	7409.51
197.62	7429.91
197.70	7445.64
197.77	7462.99
197.85	7485.81
197.92	7488.94
197.99	7461.38
198.07	7400.21
198.14	7323.11
198.22	7276.91
198.29	7274.35
198.37	7342.33
198.44	7461.14
198.51	7598.23
198.59	7721.94
198.66	7822.86
198.74	7894.10
198.81	7943.84
198.89	7980.88
198.96	8007.22
199.03	8020.36
199.11	8028.29
199.18	8025.34
199.26	8024.40
199.33	8034.24
199.41	8044.01
199.48	8018.52
199.55	7963.40
199.63	7880.00
199.70	7805.04
199.78	7742.11
199.85	7748.87
199.93	7830.73
200.00	7974.38
200.07	8118.11
200.15	8265.23
200.22	8381.40
200.30	8457.79
200.37	8513.49
200.44	8542.90
200.52	8570.47
200.59	8599.34
200.67	8619.00
200.74	8619.09
200.81	8619.27
200.89	8610.94
200.96	8608.59
201.04	8605.22
201.11	8586.64
201.19	8546.59
201.26	8502.62
201.33	8460.51
201.41	8454.81
201.48	8508.51
201.56	8616.50
201.63	8758.25
201.70	8893.39
201.78	9013.58
201.85	9109.25
201.93	9182.84
202.00	9229.56
202.07	9271.91
202.15	9300.61
202.22	9318.21
202.30	9343.70
202.37	9369.33
202.44	9390.95
202.52	9410.24
202.59	9428.73
202.67	9435.40
202.74	9446.51
202.81	9441.25
202.89	9417.08
202.96	9404.99
203.04	9428.19
203.11	9474.69
203.18	9566.41
203.26	9699.51
203.33	9834.27
203.41	9941.34
203.48	10023.06
203.55	10064.23
203.63	10101.05
203.70	10138.12
203.77	10174.58
203.85	10216.70
203.92	10270.81
204.00	10331.33
204.07	10385.51
204.14	10439.37
204.22	10480.58
204.29	10523.16
204.37	10547.87
204.44	10565.49
204.51	10589.53
204.59	10615.34
204.66	10639.98
204.73	10685.66
204.81	10756.08
204.88	10840.31
204.96	10937.25
205.03	11038.61
205.10	11123.75
205.18	11191.89
205.25	11240.67
205.32	11290.27
205.40	11346.54
205.47	11404.77
205.55	11468.06
205.62	11536.20
205.69	11608.98
205.77	11673.87
205.84	11750.97
205.91	11825.25
205.99	11900.62
206.06	11960.49
206.14	12024.55
206.21	12077.98
206.28	12122.26
206.36	12169.08
206.43	12221.23
206.50	12290.20
206.58	12366.73
206.65	12455.05
206.72	12536.16
206.80	12614.35
206.87	12673.70
206.95	12740.03
207.02	12815.39
207.09	12897.19
207.17	12993.18
207.24	13096.89
207.31	13199.24
207.39	13288.02
207.46	13379.06
207.53	13464.54
207.61	13553.00
207.68	13630.39
207.75	13721.76
207.83	13808.74
207.90	13886.26
207.98	13947.37
208.05	14017.39
208.12	14082.09
208.20	14154.86
208.27	14236.73
208.34	14327.50
208.42	14399.89
208.49	14477.73
208.56	14556.32
208.64	14639.43
208.71	14727.09
208.78	14829.16
208.86	14939.40
208.93	15050.04
209.00	15156.36
209.08	15270.30
209.15	15387.61
209.22	15498.71
209.30	15606.53
209.37	15716.08
209.44	15819.76
209.52	15921.19
209.59	16012.68
209.67	16109.63
209.74	16205.72
209.81	16304.88
209.89	16390.31
209.96	16484.70
210.03	16571.29
210.11	16660.03
210.18	16736.32
210.25	16825.41
210.33	16920.23
210.40	17019.41
210.47	17131.10
210.55	17259.70
210.62	17394.20
210.69	17513.45
210.77	17642.50
210.84	17764.68
210.91	17893.61
210.99	18010.96
211.06	18140.49
211.13	18264.04
211.21	18385.47
211.28	18495.67
211.35	18616.23
211.42	18735.23
211.50	18855.67
211.57	18972.47
211.64	19085.70
211.72	19183.65
211.79	19271.75
211.86	19357.38
211.94	19453.99
212.01	19562.84
212.08	19688.79
212.16	19818.22
212.23	19958.55
212.30	20102.36
212.38	20235.01
212.45	20374.14
212.52	20518.69
212.60	20645.62
212.67	20775.37
212.74	20908.14
212.82	21035.57
212.89	21168.59
212.96	21307.09
213.03	21433.97
213.11	21568.06
213.18	21693.28
213.25	21818.82
213.33	21941.46
213.40	22056.89
213.47	22168.21
213.55	22282.65
213.62	22398.84
213.69	22517.12
213.77	22646.52
213.84	22784.46
213.91	22940.21
213.98	23087.00
214.06	23237.90
214.13	23397.53
214.20	23541.56
214.28	23684.12
214.35	23829.42
214.42	23974.09
214.50	24110.49
214.57	24254.21
214.64	24388.05
214.72	24525.44
214.79	24661.54
214.86	24802.27
214.93	24941.33
215.01	25083.34
215.08	25220.12
215.15	25351.87
215.23	25466.41
215.30	25581.37
215.37	25696.32
215.44	25824.29
215.52	25967.19
215.59	26122.49
215.66	26277.64
215.74	26434.49
215.81	26576.88
215.88	26723.93
215.95	26861.99
216.03	27010.49
216.10	27156.10
216.17	27310.26
216.25	27460.13
216.32	27618.90
216.39	27768.79
216.46	27917.11
216.54	28061.84
216.61	28206.22
216.68	28340.09
216.76	28477.52
216.83	28607.41
216.90	28734.94
216.97	28856.74
217.05	28993.59
217.12	29123.73
217.19	29264.49
217.27	29401.00
217.34	29539.90
217.41	29677.26
217.48	29818.15
217.56	29959.50
217.63	30115.06
217.70	30266.53
217.78	30418.78
217.85	30572.74
217.92	30723.96
217.99	30871.56
218.07	31011.78
218.14	31149.96
218.21	31297.36
218.28	31440.28
218.36	31579.37
218.43	31731.86
218.50	31887.47
218.57	32023.15
218.65	32159.50
218.72	32286.67
218.79	32404.16
218.87	32511.20
218.94	32633.54
219.01	32759.16
219.08	32884.06
219.16	33026.95
219.23	33179.98
219.30	33328.76
219.37	33481.75
219.45	33642.59
219.52	33793.05
219.59	33924.85
219.66	34051.71
219.74	34176.51
219.81	34315.87
219.88	34440.14
219.95	34577.20
220.03	34724.66
220.10	34862.68
220.17	34989.69
220.24	35132.21
220.32	35267.02
220.39	35386.43
220.46	35503.68
220.53	35618.32
220.61	35721.31
220.68	35825.46
220.75	35943.71
220.82	36071.14
220.90	36195.79
220.97	36326.23
221.04	36453.11
221.11	36575.15
221.19	36696.30
221.26	36821.89
221.33	36946.75
221.40	37086.73
221.48	37214.16
221.55	37340.93
221.62	37452.23
221.69	37572.78
221.77	37687.92
221.84	37815.44
221.91	37933.94
221.98	38061.43
222.06	38184.55
222.13	38302.04
222.20	38404.94
222.27	38523.80
222.35	38635.85
222.42	38740.70
222.49	38850.26
222.56	38966.09
222.63	39066.63
222.71	39173.13
222.78	39284.07
222.85	39387.87
222.92	39494.71
223.00	39598.83
223.07	39707.54
223.14	39811.73
223.21	39913.03
223.29	40014.29
223.36	40129.00
223.43	40237.64
223.50	40350.05
223.57	40473.05
223.65	40599.01
223.72	40713.29
223.79	40825.46
223.86	40929.55
223.94	41016.86
224.01	41095.57
224.08	41179.61
224.15	41265.80
224.22	41348.67
224.30	41439.07
224.37	41531.50
224.44	41630.64
224.51	41719.67
224.59	41808.79
224.66	41895.69
224.73	41983.47
224.80	42070.15
224.87	42168.61
224.95	42268.53
225.02	42374.09
225.09	42473.73
225.16	42570.11
225.23	42665.10
225.31	42761.65
225.38	42848.68
225.45	42938.70
225.52	43021.05
225.60	43105.95
225.67	43187.12
225.74	43261.94
225.81	43336.60
225.88	43418.41
225.96	43494.13
226.03	43573.60
226.10	43659.03
226.17	43741.79
226.24	43818.23
226.32	43894.84
226.39	43969.36
226.46	44045.71
226.53	44127.16
226.60	44211.54
226.68	44293.65
226.75	44383.14
226.82	44477.78
226.89	44561.27
226.96	44641.48
227.04	44709.45
227.11	44762.45
227.18	44813.10
227.25	44861.76
227.32	44915.92
227.40	44986.54
227.47	45065.72
227.54	45149.72
227.61	45234.88
227.68	45314.37
227.76	45390.40
227.83	45456.34
227.90	45519.83
227.97	45580.73
228.04	45644.65
228.11	45698.66
228.19	45758.80
228.26	45818.53
228.33	45889.84
228.40	45944.70
228.47	46007.81
228.55	46067.84
228.62	46121.49
228.69	46178.10
228.76	46245.92
228.83	46307.01
228.90	46371.44
228.98	46434.09
229.05	46496.92
229.12	46560.26
229.19	46629.14
229.26	46690.42
229.34	46752.20
229.41	46808.95
229.48	46861.34
229.55	46911.75
229.62	46971.29
229.69	47035.95
229.77	47090.98
229.84	47147.19
229.91	47202.46
229.98	47245.72
230.05	47281.98
230.12	47326.88
230.20	47379.22
230.27	47428.88
230.34	47490.42
230.41	47556.80
230.48	47624.95
230.55	47679.79
230.63	47742.54
230.70	47809.38
230.77	47860.44
230.84	47899.59
230.91	47930.33
230.98	47963.59
231.06	47988.40
231.13	48037.49
231.20	48098.30
231.27	48170.12
231.34	48231.95
231.41	48293.83
231.49	48338.86
231.56	48385.00
231.63	48430.19
231.70	48481.23
231.77	48524.46
231.84	48561.48
231.92	48592.03
231.99	48623.30
232.06	48651.80
232.13	48689.99
232.20	48745.46
232.27	48799.46
232.34	48850.72
232.42	48888.71
232.49	48921.72
232.56	48943.71
232.63	48971.73
232.70	49003.93
232.77	49057.27
232.85	49103.86
232.92	49156.16
232.99	49196.41
233.06	49231.15
233.13	49249.68
233.20	49274.48
233.27	49287.60
233.35	49304.64
233.42	49321.70
233.49	49338.00
233.56	49362.42
233.63	49394.55
233.70	49431.69
233.77	49471.91
233.85	49511.44
233.92	49558.99
233.99	49594.56
234.06	49623.89
234.13	49654.53
234.20	49685.54
234.27	49704.78
234.35	49733.52
234.42	49744.95
234.49	49760.11
234.56	49776.12
234.63	49781.88
234.70	49790.15
234.77	49813.57
234.84	49826.77
234.92	49831.23
234.99	49847.74
235.06	49858.53
235.13	49859.96
235.20	49867.96
235.27	49893.79
235.34	49910.82
235.41	49932.77
235.49	49959.44
235.56	49982.62
235.63	49993.14
235.70	50008.20
235.77	50012.80
235.84	50025.53
235.91	50022.87
235.98	50017.37
236.06	50003.20
236.13	49995.29
236.20	49981.36
236.27	49961.88
236.34	49951.54
236.41	49938.62
236.48	49931.28
236.55	49924.04
236.63	49927.48
236.70	49930.09
236.77	49944.83
236.84	49962.76
236.91	49977.94
236.98	49984.66
237.05	49998.41
237.12	49994.05
237.19	49981.76
237.27	49967.47
237.34	49969.14
237.41	49960.71
237.48	49951.14
237.55	49944.26
237.62	49940.63
237.69	49943.95
237.76	49944.24
237.83	49955.77
237.91	49964.55
237.98	49970.43
238.05	49965.72
238.12	49957.72
238.19	49954.23
238.26	49960.79
238.33	49961.96
238.40	49950.25
238.47	49939.25
238.54	49933.22
238.62	49910.54
238.69	49888.08
238.76	49882.43
238.83	49883.62
238.90	49878.06
238.97	49869.55
239.04	49876.87
239.11	49873.10
239.18	49871.79
239.25	49861.60
239.33	49848.52
239.40	49828.39
239.47	49810.92
239.54	49775.79
239.61	49747.62
239.68	49719.31
239.75	49705.88
239.82	49691.90
239.89	49689.49
239.96	49692.86
240.03	49699.10
240.11	49689.74
240.18	49682.03
240.25	49672.83
240.32	49656.91
240.39	49647.49
240.46	49639.21
240.53	49636.92
240.60	49634.70
240.67	49629.62
240.74	49622.30
240.81	49615.64
240.88	49604.01
240.96	49595.79
241.03	49587.96
241.10	49582.70
241.17	49576.23
241.24	49574.64
241.31	49573.78
241.38	49568.72
241.45	49561.38
241.52	49556.35
241.59	49540.87
241.66	49525.19
241.73	49514.26
241.80	49505.28
241.88	49492.62
241.95	49482.17
242.02	49467.11
242.09	49439.97
242.16	49411.74
242.23	49397.02
242.30	49378.68
242.37	49363.60
242.44	49368.72
242.51	49362.69
242.58	49358.32
242.65	49357.80
242.72	49356.97
242.79	49346.11
242.87	49349.49
242.94	49338.02
243.01	49332.74
243.08	49333.28
243.15	49329.48
243.22	49322.59
243.29	49329.62
243.36	49330.06
243.43	49335.22
243.50	49359.09
243.57	49383.34
243.64	49389.72
243.71	49400.05
243.78	49390.16
243.85	49363.61
243.92	49340.57
243.99	49327.04
244.07	49314.23
244.14	49306.72
244.21	49307.54
244.28	49300.18
244.35	49284.56
244.42	49270.47
244.49	49263.82
244.56	49263.09
244.63	49267.89
244.70	49273.93
244.77	49285.39
244.84	49292.62
244.91	49303.65
244.98	49314.20
245.05	49330.94
245.12	49340.97
245.19	49360.81
245.26	49360.00
245.33	49366.66
245.40	49387.26
245.47	49418.73
245.55	49437.19
245.62	49452.85
245.69	49458.51
245.76	49458.52
245.83	49452.89
245.90	49444.59
245.97	49444.08
246.04	49453.39
246.11	49450.51
246.18	49444.58
246.25	49442.96
246.32	49441.99
246.39	49435.03
246.46	49437.10
246.53	49449.00
246.60	49465.33
246.67	49479.50
246.74	49497.88
246.81	49516.30
246.88	49525.12
246.95	49541.20
247.02	49562.72
247.09	49587.65
247.16	49594.34
247.23	49589.04
247.30	49578.20
247.37	49566.48
247.44	49559.72
247.51	49560.86
247.58	49588.47
247.66	49614.89
247.73	49651.80
247.80	49678.34
247.87	49709.40
247.94	49731.52
248.01	49762.20
248.08	49779.41
248.15	49795.88
248.22	49813.11
248.29	49834.38
248.36	49845.78
248.43	49868.11
248.50	49893.12
248.57	49914.14
248.64	49928.07
248.71	49941.84
248.78	49960.80
248.85	49973.13
248.92	49991.29
248.99	49999.96
249.06	50010.05
249.13	50015.12
249.20	50029.23
249.27	50036.69
249.34	50044.20
249.41	50050.85
249.48	50038.41
249.55	50013.19
249.62	50006.88
249.69	50017.95
249.76	50041.90
249.83	50078.41
249.90	50132.55
249.97	50170.88
250.04	50205.18
250.11	50236.35
250.18	50261.82
250.25	50275.62
250.32	50290.89
250.39	50310.58
250.46	50318.94
250.53	50335.41
250.60	50360.19
250.67	50383.26
250.74	50397.09
250.81	50403.82
250.88	50410.58
250.95	50418.49
251.02	50429.87
251.09	50443.18
251.16	50471.70
251.23	50495.31
251.30	50502.51
251.37	50509.94
251.44	50515.34
251.51	50520.09
251.58	50531.11
251.65	50549.69
251.72	50558.56
251.79	50572.24
251.86	50582.95
251.93	50593.44
252.00	50595.33
252.07	50607.99
252.14	50619.43
252.21	50624.87
252.28	50628.96
252.35	50639.24
252.42	50660.24
252.49	50669.66
252.56	50673.81
252.63	50673.67
252.70	50673.43
252.77	50668.13
252.84	50671.89
252.91	50679.04
252.98	50699.25
253.05	50715.97
253.12	50716.68
253.19	50723.52
253.25	50736.44
253.32	50735.27
253.39	50751.00
253.46	50776.51
253.53	50796.45
253.60	50802.64
253.67	50812.04
253.74	50822.31
253.81	50835.78
253.88	50836.31
253.95	50852.81
254.02	50868.81
254.09	50876.87
254.16	50878.05
254.23	50883.81
254.30	50891.06
254.37	50902.85
254.44	50914.51
254.51	50924.29
254.58	50936.01
254.65	50934.41
254.72	50932.50
254.79	50917.89
254.86	50911.39
254.93	50900.71
255.00	50906.34
255.07	50901.70
255.14	50914.26
255.21	50915.24
255.28	50912.48
255.34	50892.03
255.41	50883.34
255.48	50867.01
255.55	50853.70
255.62	50857.29
255.69	50866.91
255.76	50862.17
255.83	50866.21
255.90	50874.14
255.97	50876.81
256.04	50872.33
256.11	50879.93
256.18	50872.24
256.25	50859.94
256.32	50851.32
256.39	50858.83
256.46	50852.34
256.53	50846.25
256.60	50842.84
256.67	50841.91
256.74	50830.06
256.80	50835.40
256.87	50841.79
256.94	50841.74
257.01	50834.31
257.08	50829.34
257.15	50813.04
257.22	50800.36
257.29	50776.92
257.36	50750.33
257.43	50728.74
257.50	50713.50
257.57	50692.40
257.64	50691.72
257.71	50679.30
257.78	50659.06
257.85	50632.63
257.92	50615.34
257.98	50596.04
258.05	50593.21
258.12	50583.24
258.19	50574.15
258.26	50560.55
258.33	50543.64
258.40	50529.55
258.47	50522.37
258.54	50519.22
258.61	50514.34
258.68	50510.14
258.75	50494.03
258.82	50477.42
258.89	50455.75
258.95	50446.26
259.02	50435.92
259.09	50419.14
259.16	50404.06
259.23	50383.49
259.30	50350.02
259.37	50322.41
259.44	50304.07
259.51	50285.53
259.58	50276.96
259.65	50257.19
259.72	50238.28
259.79	50205.01
259.85	50169.40
259.92	50126.62
259.99	50097.62
260.06	50061.85
260.13	50034.61
260.20	50007.42
260.27	49978.78
260.34	49942.31
260.41	49913.84
260.48	49884.99
260.55	49868.89
260.62	49856.07
260.68	49838.77
260.75	49807.95
260.82	49788.68
260.89	49760.78
260.96	49729.98
261.03	49706.36
261.10	49685.09
261.17	49656.78
261.24	49619.93
261.31	49586.45
261.38	49559.94
261.44	49524.37
261.51	49486.01
261.58	49452.53
261.65	49412.01
261.72	49368.71
261.79	49333.99
261.86	49300.83
261.93	49275.55
262.00	49254.79
262.07	49216.20
262.13	49183.25
262.20	49154.89
262.27	49109.55
262.34	49072.63
262.41	49053.23
262.48	49017.41
262.55	48981.74
262.62	48951.06
262.69	48903.97
262.76	48863.47
262.82	48833.64
262.89	48805.07
262.96	48776.65
263.03	48756.54
263.10	48724.46
263.17	48689.67
263.24	48648.55
263.31	48613.61
263.38	48574.35
263.44	48541.89
263.51	48500.92
263.58	48454.68
263.65	48411.94
263.72	48364.70
263.79	48314.71
263.86	48271.21
263.93	48233.65
264.00	48195.38
264.06	48164.25
264.13	48128.44
264.20	48099.69
264.27	48063.72
264.34	48024.12
264.41	47977.19
264.48	47934.77
264.55	47882.77
264.61	47837.29
264.68	47792.10
264.75	47749.15
264.82	47692.62
264.89	47648.77
264.96	47608.95
265.03	47568.94
265.10	47538.52
265.16	47515.87
265.23	47489.78
265.30	47466.07
265.37	47436.43
265.44	47390.12
265.51	47348.46
265.58	47297.71
265.65	47236.04
265.71	47184.24
265.78	47150.76
265.85	47105.04
265.92	47067.10
265.99	47030.97
266.06	46995.98
266.13	46943.14
266.20	46913.37
266.26	46880.94
266.33	46838.99
266.40	46783.54
266.47	46733.54
266.54	46663.41
266.61	46595.50
266.68	46537.47
266.74	46482.45
266.81	46433.79
266.88	46389.05
266.95	46335.64
267.02	46295.53
267.09	46251.42
267.16	46209.49
267.22	46164.53
267.29	46134.58
267.36	46094.58
267.43	46056.73
267.50	46018.12
267.57	45992.23
267.64	45958.03
267.70	45917.74
267.77	45876.88
267.84	45843.18
267.91	45790.99
267.98	45740.74
268.05	45696.69
268.11	45654.74
268.18	45595.67
268.25	45547.84
268.32	45499.67
268.39	45450.91
268.46	45409.94
268.53	45373.26
268.59	45337.85
268.66	45308.26
268.73	45276.39
268.80	45238.84
268.87	45196.80
268.94	45152.31
269.00	45102.53
269.07	45059.05
269.14	45024.69
269.21	44999.12
269.28	44968.31
269.35	44933.98
269.41	44902.32
269.48	44858.92
269.55	44800.26
269.62	44747.12
269.69	44707.45
269.76	44655.99
269.82	44610.86
269.89	44582.38
269.96	44566.35
270.03	44529.38
270.10	44496.97
270.17	44460.41
270.23	44422.52
270.30	44373.18
270.37	44338.44
270.44	44305.51
270.51	44268.18
270.58	44234.03
270.64	44210.02
270.71	44178.52
270.78	44151.01
270.85	44119.00
270.92	44087.20
270.99	44044.88
271.05	44010.51
271.12	43963.11
271.19	43928.30
271.26	43881.66
271.33	43843.12
271.39	43800.15
271.46	43758.48
271.53	43727.18
271.60	43713.57
271.67	43687.04
271.74	43655.81
271.80	43635.15
271.87	43610.31
271.94	43573.85
272.01	43540.25
272.08	43519.99
272.14	43481.27
272.21	43445.80
272.28	43418.28
272.35	43395.32
272.42	43359.73
272.48	43348.12
272.55	43320.25
272.62	43297.95
272.69	43278.93
272.76	43270.24
272.83	43240.82
272.89	43214.79
272.96	43177.46
273.03	43144.37
273.10	43106.53
273.17	43076.27
273.23	43050.18
273.30	43031.54
273.37	43007.30
273.44	42986.41
273.51	42967.26
273.57	42953.49
273.64	42933.99
273.71	42917.81
273.78	42890.95
273.85	42875.24
273.91	42852.15
273.98	42836.44
274.05	42815.74
274.12	42806.85
274.19	42793.15
274.25	42780.67
274.32	42757.64
274.39	42724.44
274.46	42677.59
274.53	42626.22
274.59	42571.89
274.66	42531.32
274.73	42510.42
274.80	42488.05
274.86	42463.54
274.93	42445.43
275.00	42411.64
275.07	42360.16
275.14	42324.57
275.20	42290.15
275.27	42267.60
275.34	42248.07
275.41	42246.29
275.48	42238.66
275.54	42236.53
275.61	42214.09
275.68	42201.19
275.75	42172.87
275.81	42147.83
275.88	42116.94
275.95	42092.19
276.02	42057.89
276.09	42035.34
276.15	42006.12
276.22	41978.01
276.29	41956.66
276.36	41929.00
276.42	41893.98
276.49	41864.24
276.56	41836.46
276.63	41809.52
276.70	41790.31
276.76	41777.88
276.83	41768.36
276.90	41756.78
276.97	41735.68
277.03	41716.09
277.10	41690.91
277.17	41665.85
277.24	41650.04
277.30	41636.08
277.37	41616.46
277.44	41604.14
277.51	41591.37
277.58	41565.06
277.64	41541.21
277.71	41517.53
277.78	41493.41
277.85	41465.25
277.91	41442.66
277.98	41420.22
278.05	41402.74
278.12	41384.56
278.18	41361.14
278.25	41338.91
278.32	41315.88
278.39	41300.21
278.45	41285.94
278.52	41276.54
278.59	41267.72
278.66	41252.40
278.72	41235.24
278.79	41210.62
278.86	41187.55
278.93	41165.55
278.99	41148.53
279.06	41122.09
279.13	41096.23
279.20	41075.83
279.26	41052.87
279.33	41037.34
279.40	41019.20
279.47	41004.75
279.53	40981.35
279.60	40956.03
279.67	40922.32
279.74	40893.14
279.80	40864.21
279.87	40849.36
279.94	40836.12
280.01	40821.44
280.07	40806.36
280.14	40793.90
280.21	40766.86
280.28	40741.83
280.34	40719.02
280.41	40700.22
280.48	40674.91
280.55	40648.41
280.61	40620.91
280.68	40594.74
280.75	40563.23
280.82	40526.25
280.88	40495.20
280.95	40450.78
281.02	40391.22
281.08	40321.79
281.15	40250.45
281.22	40176.60
281.29	40121.39
281.35	40065.43
281.42	40029.04
281.49	39996.10
281.56	39967.39
281.62	39936.27
281.69	39909.40
281.76	39882.13
281.82	39856.01
281.89	39824.31
281.96	39798.21
282.03	39780.08
282.09	39749.78
282.16	39721.59
282.23	39699.31
282.30	39669.24
282.36	39645.16
282.43	39626.20
282.50	39618.22
282.56	39597.40
282.63	39577.46
282.70	39558.30
282.77	39552.54
282.83	39528.61
282.90	39513.85
282.97	39493.50
283.03	39461.32
283.10	39423.87
283.17	39404.18
283.24	39377.04
283.30	39354.49
283.37	39339.75
283.44	39313.77
283.50	39278.90
283.57	39260.95
283.64	39235.88
283.71	39204.55
283.77	39169.33
283.84	39147.70
283.91	39104.94
283.97	39074.49
284.04	39065.84
284.11	39070.46
284.18	39073.96
284.24	39090.52
284.31	39100.96
284.38	39096.33
284.44	39082.58
284.51	39060.79
284.58	39041.24
284.64	39030.65
284.71	39021.73
284.78	39012.79
284.85	39002.04
284.91	38991.55
284.98	38971.70
285.05	38940.17
285.11	38925.83
285.18	38905.42
285.25	38887.63
285.31	38883.94
285.38	38886.55
285.45	38880.77
285.52	38886.46
285.58	38883.80
285.65	38870.60
285.72	38847.40
285.78	38830.88
285.85	38811.40
285.92	38795.71
285.98	38777.70
286.05	38776.81
286.12	38770.45
286.18	38764.12
286.25	38756.28
286.32	38750.45
286.39	38746.04
286.45	38737.49
286.52	38721.69
286.59	38713.13
286.65	38705.89
286.72	38699.68
286.79	38694.49
286.85	38683.97
286.92	38669.24
286.99	38659.16
287.05	38635.98
287.12	38627.00
287.19	38620.79
287.25	38622.47
287.32	38623.14
287.39	38629.39
287.45	38623.23
287.52	38631.94
287.59	38627.07
287.65	38620.00
287.72	38613.30
287.79	38603.92
287.86	38589.30
287.92	38574.89
287.99	38562.10
288.06	38557.72
288.12	38550.00
288.19	38545.53
288.26	38538.31
288.32	38534.55
288.39	38524.76
288.46	38521.44
288.52	38521.91
288.59	38523.47
288.66	38526.43
288.72	38532.98
288.79	38537.55
288.86	38534.50
288.92	38533.95
288.99	38526.07
289.06	38517.55
289.12	38511.04
289.19	38513.99
289.26	38515.23
289.32	38524.55
289.39	38528.41
289.45	38539.96
289.52	38532.99
289.59	38541.62
289.65	38544.23
289.72	38549.63
289.79	38554.77
289.85	38569.24
289.92	38578.86
289.99	38588.69
290.05	38588.09
290.12	38571.21
290.19	38565.52
290.25	38557.05
290.32	38546.64
290.39	38551.92
290.45	38561.78
290.52	38565.35
290.59	38570.01
290.65	38569.02
290.72	38561.92
290.79	38560.74
290.85	38568.04
290.92	38577.85
290.98	38593.30
291.05	38610.24
291.12	38628.33
291.18	38636.15
291.25	38641.53
291.32	38642.51
291.38	38641.52
291.45	38639.05
291.52	38636.70
291.58	38641.00
291.65	38649.28
291.72	38667.25
291.78	38692.74
291.85	38710.73
291.91	38720.62
291.98	38746.29
292.05	38750.19
292.11	38754.35
292.18	38758.70
292.25	38761.23
292.31	38745.20
292.38	38747.91
292.45	38749.32
292.51	38758.89
292.58	38764.00
292.64	38784.10
292.71	38794.38
292.78	38809.32
292.84	38813.93
292.91	38829.19
292.98	38839.49
293.04	38858.84
293.11	38859.05
293.17	38871.63
293.24	38884.96
293.31	38898.61
293.37	38906.94
293.44	38923.28
293.51	38933.34
293.57	38942.98
293.64	38943.44
293.70	38955.89
293.77	38964.68
293.84	38982.03
293.90	38987.40
293.97	38996.18
294.04	39002.02
294.10	39014.29
294.17	39016.92
294.23	39033.14
294.30	39047.89
294.37	39057.30
294.43	39071.33
294.50	39082.01
294.56	39096.57
294.63	39112.43
294.70	39126.26
294.76	39137.49
294.83	39154.96
294.90	39169.20
294.96	39187.18
295.03	39208.31
295.09	39229.26
295.16	39251.35
295.23	39259.33
295.29	39267.88
295.36	39272.29
295.42	39274.20
295.49	39284.73
295.56	39306.93
295.62	39325.29
295.69	39342.95
295.75	39363.79
295.82	39375.85
295.89	39377.78
295.95	39381.68
296.02	39389.22
296.08	39390.13
296.15	39388.20
296.22	39405.24
296.28	39422.67
296.35	39446.44
296.41	39474.14
296.48	39494.77
296.55	39516.17
296.61	39529.66
296.68	39549.14
296.74	39562.74
296.81	39593.68
296.88	39615.57
296.94	39645.03
297.01	39660.01
297.07	39678.55
297.14	39692.73
297.20	39705.53
297.27	39721.22
297.34	39741.87
297.40	39765.13
297.47	39783.59
297.53	39796.45
297.60	39810.49
297.67	39824.41
297.73	39839.08
297.80	39844.84
297.86	39850.65
297.93	39859.11
298.00	39873.23
298.06	39882.69
298.13	39911.26
298.19	39936.59
298.26	39955.74
298.32	39973.31
298.39	39989.91
298.46	39995.55
298.52	40009.24
298.59	40021.86
298.65	40033.62
298.72	40057.85
298.78	40080.41
298.85	40098.65
298.92	40119.49
298.98	40137.98
299.05	40145.96
299.11	40163.07
299.18	40179.23
299.24	40190.94
299.31	40196.74
299.38	40212.95
299.44	40216.39
299.51	40230.59
299.57	40245.84
299.64	40270.35
299.70	40285.51
299.77	40299.76
299.84	40309.18
299.90	40303.54
299.97	40298.05
300.03	40293.17
300.10	40306.04
300.16	40317.83
300.23	40338.99
300.30	40357.97
300.36	40371.37
300.43	40388.31
300.49	40405.50
300.56	40428.87
300.62	40453.75
300.69	40479.57
300.75	40489.92
300.82	40498.17
300.89	40508.19
300.95	40520.19
301.02	40527.79
301.08	40532.64
301.15	40536.42
301.21	40549.62
301.28	40546.69
301.34	40554.72
301.41	40564.10
301.48	40567.35
301.54	40550.28
301.61	40550.94
301.67	40546.91
301.74	40553.89
301.80	40562.56
301.87	40570.34
301.93	40568.38
302.00	40566.03
302.06	40552.00
302.13	40539.34
302.20	40545.39
302.26	40547.54
302.33	40549.03
302.39	40547.54
302.46	40551.55
302.52	40541.70
302.59	40535.55
302.65	40534.84
302.72	40538.34
302.78	40535.36
302.85	40542.41
302.91	40548.18
302.98	40547.61
303.05	40542.83
303.11	40542.25
303.18	40529.49
303.24	40522.97
303.31	40511.07
303.37	40506.90
303.44	40503.62
303.50	40493.88
303.57	40481.89
303.63	40473.71
303.70	40461.31
303.76	40439.07
303.83	40429.78
303.89	40418.59
303.96	40407.11
304.03	40398.06
304.09	40395.48
304.16	40379.82
304.22	40354.16
304.29	40334.04
304.35	40304.59
304.42	40283.93
304.48	40268.11
304.55	40256.93
304.61	40245.84
304.68	40244.53
304.74	40237.20
304.81	40229.65
304.87	40208.95
304.94	40187.29
305.00	40164.60
305.07	40130.62
305.13	40097.07
305.20	40077.09
305.26	40061.91
305.33	40045.32
305.39	40033.22
305.46	40009.72
305.52	39994.14
305.59	39972.81
305.66	39943.40
305.72	39917.10
305.79	39900.63
305.85	39872.26
305.92	39832.24
305.98	39777.76
306.05	39649.32
306.11	39416.34
306.18	39126.90
306.24	38875.43
306.31	38730.05
306.37	38740.36
306.44	38913.42
306.50	39157.52
306.57	39371.24
306.63	39497.22
306.70	39529.40
306.76	39504.72
306.83	39468.74
306.89	39418.72
306.96	39381.25
307.02	39349.63
307.09	39325.89
307.15	39293.28
307.22	39272.17
307.28	39237.58
307.35	39206.82
307.41	39160.91
307.48	39130.29
307.54	39098.87
307.61	39058.61
307.67	39010.00
307.74	38968.57
307.80	38923.44
307.87	38881.04
307.93	38847.11
308.00	38817.53
308.06	38788.67
308.13	38751.29
308.19	38717.47
308.26	38679.38
308.32	38648.11
308.38	38615.04
308.45	38582.94
308.51	38545.63
308.58	38504.54
308.64	38446.91
308.71	38396.34
308.77	38350.35
308.84	38300.12
308.90	38275.53
308.97	38260.11
309.03	38247.00
309.10	38215.64
309.16	38187.50
309.23	38138.59
309.29	38092.16
309.36	38022.24
309.42	37962.87
309.49	37909.13
309.55	37854.06
309.62	37792.64
309.68	37751.07
309.75	37706.15
309.81	37658.79
309.88	37618.81
309.94	37576.27
310.00	37531.87
310.07	37487.76
310.13	37453.48
310.20	37415.22
310.26	37378.24
310.33	37332.63
310.39	37295.07
310.46	37248.96
310.52	37202.60
310.59	37160.49
310.65	37123.74
310.72	37081.88
310.78	37034.49
310.85	36987.03
310.91	36946.03
310.97	36909.39
311.04	36870.19
311.10	36823.40
311.17	36782.62
311.23	36736.95
311.30	36691.66
311.36	36652.28
311.43	36625.39
311.49	36590.29
311.56	36551.11
311.62	36506.61
311.69	36464.79
311.75	36420.25
311.81	36366.55
311.88	36316.54
311.94	36279.52
312.01	36250.30
312.07	36213.68
312.14	36189.72
312.20	36170.26
312.27	36132.83
312.33	36078.83
312.40	36019.89
312.46	35963.56
312.52	35912.65
312.59	35867.40
312.65	35821.93
312.72	35784.64
312.78	35736.01
312.85	35683.37
312.91	35625.93
312.98	35571.30
313.04	35527.19
313.10	35488.35
313.17	35448.11
313.23	35419.01
313.30	35390.63
313.36	35341.68
313.43	35290.61
313.49	35240.75
313.56	35179.08
313.62	35123.71
313.68	35081.49
313.75	35047.05
313.81	35006.13
313.88	34969.48
313.94	34931.96
314.01	34894.09
314.07	34856.58
314.13	34814.82
314.20	34777.18
314.26	34733.33
314.33	34689.09
314.39	34636.66
314.46	34578.34
314.52	34527.58
314.58	34472.90
314.65	34419.59
314.71	34368.32
314.78	34334.79
314.84	34285.81
314.91	34245.11
314.97	34203.48
315.03	34162.76
315.10	34114.50
315.16	34069.96
315.23	34023.02
315.29	33979.03
315.36	33933.05
315.42	33889.83
315.48	33845.09
315.55	33807.20
315.61	33754.82
315.68	33716.18
315.74	33678.82
315.81	33638.57
315.87	33587.33
315.93	33554.12
316.00	33521.41
316.06	33482.47
316.13	33459.06
316.19	33429.58
316.25	33368.79
316.32	33281.49
316.38	33172.51
316.45	33026.45
316.51	32863.46
316.58	32695.92
316.64	32510.74
316.70	32318.89
316.77	32115.23
316.83	31900.09
316.90	31669.14
316.96	31424.54
317.02	31172.87
317.09	30906.86
317.15	30626.60
317.22	30333.53
317.28	30030.91
317.34	29698.72
317.41	29357.86
317.47	29011.03
317.54	28641.07
317.60	28251.69
317.66	27858.13
317.73	27441.78
317.79	27008.57
317.86	26572.77
317.92	26122.76
317.98	25646.26
318.05	25163.85
318.11	24662.83
318.18	24155.53
318.24	23641.74
318.30	23121.14
318.37	22584.67
318.43	22037.64
318.50	21470.85
318.56	20897.62
318.62	20327.05
318.69	19750.00
318.75	19175.88
318.82	18598.95
318.88	18024.21
318.94	17444.60
319.01	16870.78
319.07	16298.63
319.13	15724.74
319.20	15146.91
319.26	14568.35
319.33	13997.07
319.39	13422.53
319.45	12872.20
319.52	12332.08
319.58	11799.55
319.65	11273.09
319.71	10762.12
319.77	10251.00
319.84	9751.04
319.90	9269.10
319.96	8797.96
320.03	8337.19
320.09	7894.07
320.16	7456.81
320.22	7038.07
320.28	6634.28
320.35	6250.36
320.41	5880.91
320.47	5532.85
320.54	5194.91
320.60	4878.28
320.67	4575.82
320.73	4288.07
320.79	4013.22
320.86	3759.12
320.92	3514.72
320.98	3286.56
321.05	3071.69
321.11	2868.74
321.18	2679.77
321.24	2505.44
321.30	2338.81
321.37	2188.33
321.43	2057.58
321.49	1929.71
321.56	1813.26
321.62	1710.25
321.68	1610.99
321.75	1517.51
321.81	1437.56
321.88	1362.82
321.94	1297.60
322.00	1239.64
322.07	1181.59
322.13	1127.70
322.19	1076.21
322.26	1024.20
322.32	978.40
322.38	941.46
322.45	910.34
322.51	878.28
322.58	853.65
322.64	823.63
322.70	795.85
322.77	762.97
322.83	742.09
322.89	712.76
322.96	686.65
323.02	661.12
323.08	636.48
323.15	608.47
323.21	586.14
323.27	564.50
323.34	541.44
323.40	519.45
323.46	496.83
323.53	468.47
323.59	398.74
323.65	301.37
323.72	190.06
323.78	82.73
323.85	-15.80
323.91	-66.41
323.97	-85.15
324.04	-85.56
