180.21	3422.80
180.28	-125.32
180.36	632.37
180.44	-46.30
180.51	-14.41
180.59	9.61
180.66	37.64
180.74	35.53
180.81	35.68
180.89	38.00
180.97	39.60
181.04	38.30
181.12	37.83
181.19	39.02
181.27	40.25
181.34	57.69
181.42	65.09
181.50	72.99
181.57	84.13
181.65	88.85
181.72	82.30
181.80	77.57
181.87	79.14
181.95	81.07
182.03	84.10
182.10	91.44
182.18	99.32
182.25	111.46
182.33	121.40
182.40	138.64
182.48	144.45
182.55	166.56
182.63	182.26
182.71	196.81
182.78	213.03
182.86	230.92
182.93	226.82
183.01	217.09
183.08	201.81
183.16	189.82
183.23	176.60
183.31	188.23
183.39	205.50
183.46	238.95
183.54	264.67
183.61	307.53
183.69	343.96
183.76	395.94
183.84	438.50
183.91	484.53
183.99	539.94
184.06	582.87
184.14	629.01
184.22	682.31
184.29	713.90
184.37	723.35
184.44	730.69
184.52	682.40
184.59	590.10
184.67	510.75
184.74	438.15
184.82	394.25
184.89	404.44
184.97	473.10
185.04	562.94
185.12	653.78
185.20	751.81
185.27	847.65
185.35	946.94
185.42	1012.24
185.50	1085.18
185.57	1141.94
185.65	1187.52
185.72	1238.55
185.80	1323.50
185.87	1389.15
185.95	1479.44
186.02	1591.75
186.10	1641.66
186.17	1642.00
186.25	1570.43
186.33	1372.85
186.40	1150.59
186.48	996.59
186.55	915.50
186.63	941.94
186.70	1097.08
186.78	1270.91
186.85	1423.89
186.93	1551.67
187.00	1668.45
187.08	1786.02
187.15	1901.93
187.23	2034.85
187.30	2163.79
187.38	2280.40
187.45	2408.82
187.53	2536.70
187.60	2620.97
187.68	2737.80
187.75	2863.02
187.83	2925.52
187.90	2993.34
187.98	3071.29
188.05	3035.24
188.13	2837.35
188.21	2550.71
188.28	2264.76
188.36	2007.46
188.43	1864.13
188.51	1926.15
188.58	2137.19
188.66	2346.42
188.73	2557.00
188.81	2764.47
188.88	2928.48
188.96	3084.41
189.03	3228.15
189.11	3376.80
189.18	3501.36
189.26	3607.83
189.33	3723.77
189.41	3843.25
189.48	3924.36
189.56	4029.66
189.63	4147.39
189.71	4206.24
189.78	4271.10
189.86	4350.94
189.93	4376.14
190.01	4351.00
190.08	4266.42
190.16	4012.78
190.23	3636.05
190.31	3314.09
190.38	3095.54
190.46	3006.82
190.53	3110.45
190.61	3361.14
190.68	3599.48
190.76	3818.80
190.83	4003.22
190.91	4168.64
190.98	4330.14
191.06	4480.02
191.13	4626.85
191.21	4754.89
191.28	4869.21
191.35	4986.55
191.43	5088.69
191.50	5156.13
191.58	5243.51
191.65	5317.33
191.73	5347.78
191.80	5387.88
191.88	5407.28
191.95	5393.40
192.03	5394.78
192.10	5410.19
192.18	5407.38
192.25	5366.41
192.33	5223.44
192.40	4984.86
192.48	4753.43
192.55	4580.73
192.63	4499.12
192.70	4575.47
192.78	4773.77
192.85	4996.17
192.93	5195.35
193.00	5369.78
193.08	5513.51
193.15	5645.85
193.22	5736.96
193.30	5814.81
193.37	5889.05
193.45	5933.49
193.52	5978.00
193.60	6037.28
193.67	6086.55
193.75	6138.47
193.82	6198.16
193.90	6229.75
193.97	6267.58
194.05	6309.57
194.12	6341.38
194.20	6391.08
194.27	6451.17
194.34	6492.60
194.42	6519.70
194.49	6547.85
194.57	6549.01
194.64	6489.39
194.72	6381.89
194.79	6273.17
194.87	6167.49
194.94	6086.19
195.02	6070.31
195.09	6122.13
195.17	6208.25
195.24	6304.25
195.31	6419.01
195.39	6540.15
195.46	6658.84
195.54	6763.53
195.61	6858.65
195.69	6926.20
195.76	6974.10
195.84	7017.08
195.91	7041.48
195.99	7048.10
196.06	7050.57
196.13	7059.17
196.21	7054.98
196.28	7050.86
196.36	7045.46
196.43	7018.35
196.51	6981.57
196.58	6947.55
196.66	6934.44
196.73	6949.57
196.80	7004.61
196.88	7076.81
196.95	7164.72
197.03	7245.63
197.10	7298.75
197.18	7328.64
197.25	7347.50
197.33	7360.64
197.40	7373.47
197.47	7384.22
197.55	7407.20
197.62	7432.39
197.70	7449.63
197.77	7463.65
197.85	7482.37
197.92	7478.35
197.99	7444.54
198.07	7381.19
198.14	7306.43
198.22	7261.44
198.29	7269.46
198.37	7336.14
198.44	7457.63
198.51	7596.41
198.59	7719.96
198.66	7818.20
198.74	7891.64
198.81	7941.56
198.89	7974.83
198.96	8003.83
199.03	8012.95
199.11	8019.70
199.18	8013.34
199.26	8015.04
199.33	8021.84
199.41	8035.68
199.48	8008.80
199.55	7958.76
199.63	7876.91
199.70	7801.05
199.78	7735.96
199.85	7745.95
199.93	7830.30
200.00	7972.67
200.07	8115.12
200.15	8260.45
200.22	8376.82
200.30	8450.64
200.37	8502.61
200.44	8539.47
200.52	8569.30
200.59	8599.08
200.67	8622.72
200.74	8628.18
200.81	8627.50
200.89	8619.80
200.96	8614.49
201.04	8603.34
201.11	8586.43
201.19	8542.30
201.26	8497.33
201.33	8456.93
201.41	8456.43
201.48	8505.25
201.56	8615.25
201.63	8754.95
201.70	8890.61
201.78	9007.85
201.85	9106.70
201.93	9179.00
202.00	9229.33
202.07	9266.16
202.15	9292.21
202.22	9310.02
202.30	9337.03
202.37	9361.46
202.44	9389.28
202.52	9412.30
202.59	9425.99
202.67	9428.26
202.74	9438.76
202.81	9432.61
202.89	9408.94
202.96	9400.15
203.04	9425.40
203.11	9472.45
203.18	9568.10
203.26	9700.48
203.33	9833.49
203.41	9939.45
203.48	10021.07
203.55	10057.91
203.63	10094.82
203.70	10131.16
203.77	10169.19
203.85	10208.95
203.92	10262.57
204.00	10320.74
204.07	10376.70
204.14	10431.43
204.22	10478.50
204.29	10525.64
204.37	10552.27
204.44	10571.49
204.51	10591.53
204.59	10613.45
204.66	10632.75
204.73	10674.70
204.81	10742.13
204.88	10830.85
204.96	10932.32
205.03	11034.56
205.10	11123.05
205.18	11193.95
205.25	11244.70
205.32	11289.53
205.40	11341.83
205.47	11398.49
205.55	11461.37
205.62	11530.20
205.69	11605.12
205.77	11676.16
205.84	11757.26
205.91	11832.40
205.99	11903.42
206.06	11960.77
206.14	12019.95
206.21	12073.14
206.28	12117.55
206.36	12165.59
206.43	12217.30
206.50	12289.80
206.58	12366.70
206.65	12455.35
206.72	12538.86
206.80	12617.04
206.87	12682.67
206.95	12748.52
207.02	12820.45
207.09	12901.93
207.17	13002.60
207.24	13100.25
207.31	13196.51
207.39	13286.14
207.46	13371.34
207.53	13453.65
207.61	13538.22
207.68	13616.36
207.75	13707.38
207.83	13794.76
207.90	13870.24
207.98	13936.07
208.05	14008.34
208.12	14075.62
208.20	14152.91
208.27	14236.73
208.34	14324.64
208.42	14400.85
208.49	14473.29
208.56	14541.22
208.64	14626.44
208.71	14716.70
208.78	14816.20
208.86	14929.47
208.93	15046.05
209.00	15154.10
209.08	15267.10
209.15	15383.26
209.22	15496.82
209.30	15603.24
209.37	15707.89
209.44	15811.26
209.52	15913.66
209.59	16004.51
209.67	16105.98
209.74	16202.75
209.81	16302.60
209.89	16395.36
209.96	16487.38
210.03	16571.88
210.11	16658.71
210.18	16732.36
210.25	16813.77
210.33	16903.37
210.40	17003.14
210.47	17115.60
210.55	17243.13
210.62	17372.24
210.69	17496.98
210.77	17629.42
210.84	17752.96
210.91	17887.36
210.99	18013.15
211.06	18143.18
211.13	18263.52
211.21	18381.59
211.28	18490.40
211.35	18610.94
211.42	18736.66
211.50	18857.95
211.57	18977.15
211.64	19089.00
211.72	19184.63
211.79	19264.80
211.86	19347.38
211.94	19451.45
212.01	19562.76
212.08	19687.36
212.16	19816.79
212.23	19958.41
212.30	20093.03
212.38	20221.32
212.45	20358.87
212.52	20502.49
212.60	20635.78
212.67	20765.15
212.74	20898.69
212.82	21028.80
212.89	21160.32
212.96	21290.67
213.03	21425.79
213.11	21564.42
213.18	21694.10
213.25	21828.01
213.33	21952.82
213.40	22064.46
213.47	22170.77
213.55	22281.82
213.62	22387.02
213.69	22501.98
213.77	22630.50
213.84	22769.13
213.91	22925.11
213.98	23084.16
214.06	23241.56
214.13	23398.47
214.20	23545.37
214.28	23683.39
214.35	23822.53
214.42	23961.36
214.50	24099.21
214.57	24238.90
214.64	24375.99
214.72	24511.05
214.79	24655.12
214.86	24798.46
214.93	24940.21
215.01	25084.86
215.08	25216.56
215.15	25344.13
215.23	25454.21
215.30	25568.10
215.37	25678.99
215.44	25816.30
215.52	25959.90
215.59	26117.02
215.66	26274.80
215.74	26434.72
215.81	26575.66
215.88	26725.97
215.95	26864.56
216.03	27011.08
216.10	27154.56
216.17	27306.73
216.25	27451.91
216.32	27606.08
216.39	27757.56
216.46	27910.78
216.54	28053.63
216.61	28200.72
216.68	28340.95
216.76	28476.45
216.83	28602.31
216.90	28735.33
216.97	28858.29
217.05	28988.19
217.12	29117.92
217.19	29249.85
217.27	29386.58
217.34	29522.13
217.41	29658.42
217.48	29801.52
217.56	29949.76
217.63	30105.38
217.70	30259.08
217.78	30417.31
217.85	30566.89
217.92	30722.43
217.99	30863.15
218.07	31004.06
218.14	31146.33
218.21	31291.66
218.28	31429.67
218.36	31572.75
218.43	31718.86
218.50	31869.09
218.57	32008.07
218.65	32145.74
218.72	32270.55
218.79	32389.77
218.87	32501.19
218.94	32620.22
219.01	32746.83
219.08	32880.67
219.16	33022.84
219.23	33170.14
219.30	33316.72
219.37	33462.76
219.45	33609.81
219.52	33760.45
219.59	33898.60
219.66	34036.05
219.74	34176.41
219.81	34322.80
219.88	34443.76
219.95	34578.24
220.03	34717.34
220.10	34843.98
220.17	34971.56
220.24	35116.45
220.32	35251.41
220.39	35373.29
220.46	35491.55
220.53	35607.94
220.61	35714.56
220.68	35820.26
220.75	35937.48
220.82	36070.36
220.90	36195.31
220.97	36322.75
221.04	36450.53
221.11	36568.60
221.19	36679.80
221.26	36800.62
221.33	36928.54
221.40	37064.82
221.48	37198.12
221.55	37326.45
221.62	37443.37
221.69	37565.83
221.77	37681.23
221.84	37809.49
221.91	37933.22
221.98	38057.72
222.06	38177.57
222.13	38298.78
222.20	38410.64
222.27	38521.29
222.35	38632.91
222.42	38745.15
222.49	38847.96
222.56	38951.48
222.63	39058.56
222.71	39165.66
222.78	39268.10
222.85	39379.65
222.92	39490.78
223.00	39600.18
223.07	39709.84
223.14	39815.97
223.21	39918.94
223.29	40016.57
223.36	40125.99
223.43	40236.09
223.50	40352.45
223.57	40468.95
223.65	40598.77
223.72	40713.25
223.79	40824.69
223.86	40917.92
223.94	41006.72
224.01	41090.21
224.08	41175.96
224.15	41257.88
224.22	41352.67
224.30	41439.78
224.37	41529.10
224.44	41621.75
224.51	41710.74
224.59	41791.58
224.66	41882.07
224.73	41968.98
224.80	42059.46
224.87	42148.75
224.95	42253.86
225.02	42358.78
225.09	42461.80
225.16	42561.26
225.23	42675.21
225.31	42771.00
225.38	42854.39
225.45	42941.39
225.52	43027.11
225.60	43102.31
225.67	43181.14
225.74	43262.69
225.81	43343.61
225.88	43421.10
225.96	43501.32
226.03	43573.99
226.10	43657.78
226.17	43735.42
226.24	43809.61
226.32	43889.51
226.39	43982.37
226.46	44054.84
226.53	44131.54
226.60	44227.12
226.68	44308.77
226.75	44387.52
226.82	44482.22
226.89	44572.37
226.96	44640.65
227.04	44700.85
227.11	44755.63
227.18	44808.25
227.25	44855.06
227.32	44914.64
227.40	44991.03
227.47	45071.05
227.54	45156.64
227.61	45245.79
227.68	45326.82
227.76	45401.96
227.83	45468.19
227.90	45534.96
227.97	45593.13
228.04	45658.71
228.11	45713.48
228.19	45778.20
228.26	45834.92
228.33	45904.45
228.40	45955.17
228.47	46017.91
228.55	46070.77
228.62	46129.71
228.69	46187.01
228.76	46247.36
228.83	46307.13
228.90	46374.95
228.98	46432.96
229.05	46495.70
229.12	46571.99
229.19	46634.25
229.26	46696.22
229.34	46753.32
229.41	46800.34
229.48	46838.99
229.55	46892.79
229.62	46952.30
229.69	47018.27
229.77	47083.08
229.84	47143.59
229.91	47204.13
229.98	47243.35
230.05	47282.56
230.12	47318.21
230.20	47370.77
230.27	47415.66
230.34	47472.28
230.41	47529.38
230.48	47598.07
230.55	47653.16
230.63	47716.55
230.70	47789.37
230.77	47848.79
230.84	47891.75
230.91	47925.47
230.98	47957.83
231.06	47985.88
231.13	48037.93
231.20	48107.01
231.27	48182.85
231.34	48254.67
231.41	48317.08
231.49	48366.71
231.56	48411.25
231.63	48452.54
231.70	48496.78
231.77	48543.18
231.84	48578.36
231.92	48605.31
231.99	48637.15
232.06	48663.29
232.13	48693.29
232.20	48742.14
232.27	48799.45
232.34	48848.86
232.42	48891.47
232.49	48926.70
232.56	48963.00
232.63	48995.50
232.70	49027.49
232.77	49078.90
232.85	49134.93
232.92	49175.17
232.99	49209.40
233.06	49245.59
233.13	49270.45
233.20	49286.45
233.27	49296.27
233.35	49309.93
233.42	49324.91
233.49	49337.14
233.56	49364.66
233.63	49397.27
233.70	49436.71
233.77	49481.62
233.85	49519.69
233.92	49557.30
233.99	49595.89
234.06	49633.93
234.13	49660.69
234.20	49698.89
234.27	49725.91
234.35	49749.48
234.42	49756.57
234.49	49773.99
234.56	49792.61
234.63	49802.50
234.70	49821.63
234.77	49848.11
234.84	49862.85
234.92	49865.15
234.99	49881.40
235.06	49892.26
235.13	49894.54
235.20	49905.99
235.27	49923.81
235.34	49933.32
235.41	49947.80
235.49	49966.69
235.56	49981.10
235.63	49991.76
235.70	50007.44
235.77	50014.17
235.84	50022.94
235.91	50026.44
235.98	50029.38
236.06	50027.05
236.13	50023.35
236.20	50015.39
236.27	49991.96
236.34	49972.96
236.41	49958.05
236.48	49941.81
236.55	49932.30
236.63	49943.50
236.70	49951.74
236.77	49956.05
236.84	49972.91
236.91	49991.38
236.98	49997.87
237.05	50007.31
237.12	50012.59
237.19	50002.10
237.27	49992.83
237.34	49996.99
237.41	49990.78
237.48	49977.57
237.55	49970.94
237.62	49964.97
237.69	49967.40
237.76	49965.90
237.83	49973.00
237.91	49983.47
237.98	49989.47
238.05	49979.81
238.12	49979.99
238.19	49980.46
238.26	49986.89
238.33	49983.53
238.40	49974.45
238.47	49957.59
238.54	49949.10
238.62	49925.70
238.69	49912.96
238.76	49906.52
238.83	49901.39
238.90	49894.30
238.97	49890.92
239.04	49885.17
239.11	49881.52
239.18	49886.85
239.25	49885.73
239.33	49872.75
239.40	49857.65
239.47	49833.87
239.54	49803.04
239.61	49770.26
239.68	49742.61
239.75	49723.99
239.82	49714.45
239.89	49706.61
239.96	49709.70
240.03	49715.22
240.11	49715.06
240.18	49705.89
240.25	49699.92
240.32	49683.48
240.39	49671.68
240.46	49652.60
240.53	49654.66
240.60	49657.08
240.67	49651.43
240.74	49650.36
240.81	49649.19
240.88	49638.66
240.96	49623.54
241.03	49620.26
241.10	49611.38
241.17	49608.38
241.24	49608.91
241.31	49609.91
241.38	49605.34
241.45	49605.43
241.52	49600.32
241.59	49582.15
241.66	49565.38
241.73	49549.20
241.80	49525.74
241.88	49507.72
241.95	49488.95
242.02	49476.06
242.09	49453.84
242.16	49443.86
242.23	49431.78
242.30	49427.57
242.37	49407.52
242.44	49408.08
242.51	49396.44
242.58	49391.81
242.65	49384.45
242.72	49382.75
242.79	49370.77
242.87	49364.59
242.94	49353.39
243.01	49347.45
243.08	49353.47
243.15	49354.20
243.22	49354.06
243.29	49362.85
243.36	49358.57
243.43	49359.23
243.50	49378.64
243.57	49395.15
243.64	49395.26
243.71	49407.20
243.78	49400.47
243.85	49381.32
243.92	49370.38
243.99	49365.48
244.07	49356.72
244.14	49345.95
244.21	49335.56
244.28	49318.43
244.35	49300.99
244.42	49287.11
244.49	49283.68
244.56	49285.26
244.63	49292.01
244.70	49300.44
244.77	49311.22
244.84	49317.12
244.91	49329.68
244.98	49344.24
245.05	49359.43
245.12	49369.83
245.19	49385.80
245.26	49392.42
245.33	49403.66
245.40	49421.94
245.47	49440.32
245.55	49450.75
245.62	49459.07
245.69	49454.55
245.76	49447.33
245.83	49451.25
245.90	49458.73
245.97	49463.00
246.04	49477.46
246.11	49483.97
246.18	49483.54
246.25	49480.43
246.32	49476.16
246.39	49467.24
246.46	49472.70
246.53	49480.06
246.60	49489.81
246.67	49509.27
246.74	49534.99
246.81	49550.97
246.88	49561.28
246.95	49575.82
247.02	49590.99
247.09	49599.78
247.16	49602.39
247.23	49595.77
247.30	49587.05
247.37	49579.71
247.44	49584.12
247.51	49593.64
247.58	49622.05
247.66	49657.60
247.73	49690.50
247.80	49713.90
247.87	49743.00
247.94	49776.03
248.01	49801.22
248.08	49824.78
248.15	49844.21
248.22	49863.11
248.29	49875.55
248.36	49886.35
248.43	49905.29
248.50	49924.58
248.57	49940.58
248.64	49949.72
248.71	49968.62
248.78	49987.33
248.85	50000.12
248.92	50012.15
248.99	50021.38
249.06	50036.75
249.13	50041.09
249.20	50058.94
249.27	50070.62
249.34	50089.67
249.41	50089.90
249.48	50080.79
249.55	50060.05
249.62	50060.83
249.69	50065.34
249.76	50087.14
249.83	50121.20
249.90	50168.70
249.97	50200.53
250.04	50238.29
250.11	50267.35
250.18	50293.59
250.25	50314.21
250.32	50329.00
250.39	50340.30
250.46	50348.51
250.53	50363.70
250.60	50373.65
250.67	50396.43
250.74	50412.99
250.81	50422.95
250.88	50433.19
250.95	50448.48
251.02	50459.14
251.09	50469.01
251.16	50488.23
251.23	50504.90
251.30	50518.45
251.37	50522.99
251.44	50535.14
251.51	50550.12
251.58	50559.85
251.65	50566.25
251.72	50578.79
251.79	50593.38
251.86	50599.21
251.93	50610.13
252.00	50624.23
252.07	50635.47
252.14	50642.30
252.21	50649.07
252.28	50656.66
252.35	50660.46
252.42	50681.39
252.49	50691.38
252.56	50696.55
252.63	50701.52
252.70	50699.99
252.77	50692.80
252.84	50689.40
252.91	50697.31
252.98	50711.70
253.05	50733.43
253.12	50741.09
253.19	50750.52
253.25	50767.05
253.32	50766.74
253.39	50784.54
253.46	50804.92
253.53	50826.04
253.60	50834.22
253.67	50848.05
253.74	50852.12
253.81	50863.34
253.88	50864.82
253.95	50869.88
254.02	50880.86
254.09	50888.96
254.16	50894.71
254.23	50900.85
254.30	50909.40
254.37	50925.19
254.44	50936.02
254.51	50944.85
254.58	50953.82
254.65	50960.78
254.72	50952.36
254.79	50939.48
254.86	50935.02
254.93	50932.25
255.00	50935.88
255.07	50940.68
255.14	50957.75
255.21	50949.89
255.28	50941.09
255.34	50917.88
255.41	50903.40
255.48	50878.05
255.55	50875.08
255.62	50882.16
255.69	50896.42
255.76	50898.26
255.83	50905.72
255.90	50911.95
255.97	50920.45
256.04	50909.73
256.11	50913.05
256.18	50914.02
256.25	50907.00
256.32	50889.71
256.39	50898.68
256.46	50897.20
256.53	50895.43
256.60	50894.85
256.67	50897.40
256.74	50888.86
256.80	50885.22
256.87	50879.61
256.94	50874.36
257.01	50870.42
257.08	50867.49
257.15	50854.49
257.22	50843.58
257.29	50821.61
257.36	50795.17
257.43	50776.76
257.50	50767.35
257.57	50753.02
257.64	50748.49
257.71	50737.20
257.78	50711.10
257.85	50676.81
257.92	50657.21
257.98	50638.35
258.05	50631.63
258.12	50613.99
258.19	50603.75
258.26	50585.21
258.33	50567.01
258.40	50548.04
258.47	50551.99
258.54	50555.66
258.61	50555.25
258.68	50548.95
258.75	50538.63
258.82	50521.08
258.89	50494.86
258.95	50474.48
259.02	50470.29
259.09	50451.29
259.16	50431.73
259.23	50406.83
259.30	50375.56
259.37	50346.84
259.44	50327.99
259.51	50313.60
259.58	50305.56
259.65	50289.51
259.72	50258.80
259.79	50225.09
259.85	50188.64
259.92	50148.21
259.99	50118.86
260.06	50094.77
260.13	50071.95
260.20	50038.37
260.27	50012.03
260.34	49984.27
260.41	49953.68
260.48	49923.57
260.55	49912.23
260.62	49899.05
260.68	49879.74
260.75	49849.04
260.82	49827.45
260.89	49798.15
260.96	49762.10
261.03	49733.29
261.10	49710.62
261.17	49684.35
261.24	49650.40
261.31	49617.33
261.38	49589.92
261.44	49557.77
261.51	49513.56
261.58	49474.25
261.65	49436.78
261.72	49393.90
261.79	49356.70
261.86	49333.50
261.93	49307.13
262.00	49284.71
262.07	49253.85
262.13	49220.81
262.20	49183.13
262.27	49144.27
262.34	49112.11
262.41	49080.54
262.48	49041.81
262.55	49012.92
262.62	48983.87
262.69	48943.51
262.76	48911.06
262.82	48882.84
262.89	48850.47
262.96	48817.40
263.03	48785.18
263.10	48755.14
263.17	48722.86
263.24	48680.32
263.31	48644.30
263.38	48607.62
263.44	48569.04
263.51	48521.10
263.58	48472.65
263.65	48426.29
263.72	48379.85
263.79	48326.79
263.86	48293.04
263.93	48265.84
264.00	48229.76
264.06	48195.96
264.13	48163.20
264.20	48127.15
264.27	48083.82
264.34	48044.35
264.41	48006.30
264.48	47963.22
264.55	47915.52
264.61	47869.20
264.68	47822.70
264.75	47783.31
264.82	47731.18
264.89	47686.58
264.96	47647.71
265.03	47609.47
265.10	47567.01
265.16	47539.66
265.23	47505.05
265.30	47480.85
265.37	47453.60
265.44	47414.61
265.51	47370.35
265.58	47325.34
265.65	47262.53
265.71	47200.29
265.78	47152.38
265.85	47112.44
265.92	47072.98
265.99	47034.18
266.06	47003.01
266.13	46956.52
266.20	46917.08
266.26	46877.04
266.33	46842.01
266.40	46789.94
266.47	46745.04
266.54	46681.40
266.61	46624.21
266.68	46562.33
266.74	46508.67
266.81	46457.62
266.88	46413.60
266.95	46358.42
267.02	46316.36
267.09	46278.69
267.16	46234.66
267.22	46190.26
267.29	46160.67
267.36	46117.81
267.43	46077.07
267.50	46042.03
267.57	46011.29
267.64	45972.96
267.70	45942.62
267.77	45903.01
267.84	45867.08
267.91	45818.59
267.98	45770.26
268.05	45724.47
268.11	45679.26
268.18	45625.27
268.25	45582.31
268.32	45540.16
268.39	45496.27
268.46	45451.71
268.53	45418.07
268.59	45382.87
268.66	45347.10
268.73	45306.64
268.80	45268.81
268.87	45219.43
268.94	45176.18
269.00	45134.50
269.07	45094.62
269.14	45067.21
269.21	45036.67
269.28	45000.74
269.35	44961.21
269.41	44926.88
269.48	44878.51
269.55	44823.58
269.62	44772.48
269.69	44736.31
269.76	44680.60
269.82	44634.59
269.89	44613.28
269.96	44590.80
270.03	44550.09
270.10	44523.14
270.17	44484.29
270.23	44440.40
270.30	44394.08
270.37	44367.56
270.44	44337.07
270.51	44307.56
270.58	44271.00
270.64	44245.43
270.71	44208.11
270.78	44178.38
270.85	44144.22
270.92	44111.74
270.99	44072.46
271.05	44032.70
271.12	43987.02
271.19	43949.74
271.26	43903.55
271.33	43865.17
271.39	43827.50
271.46	43786.76
271.53	43751.87
271.60	43739.62
271.67	43710.96
271.74	43680.96
271.80	43655.07
271.87	43635.89
271.94	43604.09
272.01	43571.81
272.08	43546.82
272.14	43514.48
272.21	43475.62
272.28	43443.02
272.35	43421.10
272.42	43390.22
272.48	43372.79
272.55	43351.23
272.62	43323.43
272.69	43299.05
272.76	43287.42
272.83	43260.30
272.89	43232.67
272.96	43207.57
273.03	43180.60
273.10	43138.90
273.17	43108.72
273.23	43083.22
273.30	43062.06
273.37	43031.50
273.44	43015.51
273.51	42998.98
273.57	42982.07
273.64	42954.24
273.71	42937.77
273.78	42913.82
273.85	42894.84
273.91	42871.14
273.98	42860.67
274.05	42849.10
274.12	42834.77
274.19	42811.77
274.25	42794.26
274.32	42768.14
274.39	42730.61
274.46	42689.65
274.53	42642.73
274.59	42594.52
274.66	42552.97
274.73	42529.75
274.80	42503.53
274.86	42482.30
274.93	42463.21
275.00	42436.90
275.07	42393.83
275.14	42360.07
275.20	42336.85
275.27	42308.40
275.34	42280.95
275.41	42263.78
275.48	42255.74
275.54	42242.60
275.61	42223.83
275.68	42209.32
275.75	42189.23
275.81	42156.55
275.88	42122.96
275.95	42099.78
276.02	42071.05
276.09	42043.05
276.15	42018.10
276.22	41997.56
276.29	41983.28
276.36	41955.55
276.42	41932.25
276.49	41906.52
276.56	41876.42
276.63	41842.11
276.70	41823.00
276.76	41806.59
276.83	41792.67
276.90	41782.77
276.97	41764.75
277.03	41746.71
277.10	41717.77
277.17	41691.74
277.24	41671.61
277.30	41657.21
277.37	41642.27
277.44	41632.05
277.51	41617.06
277.58	41588.03
277.64	41562.02
277.71	41539.58
277.78	41517.85
277.85	41489.53
277.91	41462.09
277.98	41433.80
278.05	41405.55
278.12	41386.11
278.18	41370.88
278.25	41352.95
278.32	41332.08
278.39	41314.96
278.45	41294.45
278.52	41272.41
278.59	41260.92
278.66	41247.06
278.72	41229.41
278.79	41211.13
278.86	41195.33
278.93	41180.29
278.99	41166.33
279.06	41151.91
279.13	41122.46
279.20	41102.49
279.26	41081.07
279.33	41060.40
279.40	41037.64
279.47	41026.52
279.53	40999.38
279.60	40969.22
279.67	40937.08
279.74	40905.69
279.80	40877.79
279.87	40862.93
279.94	40850.76
280.01	40842.49
280.07	40826.45
280.14	40807.89
280.21	40783.80
280.28	40753.93
280.34	40724.96
280.41	40704.25
280.48	40676.43
280.55	40648.73
280.61	40626.16
280.68	40604.83
280.75	40578.46
280.82	40551.44
280.88	40516.19
280.95	40466.09
281.02	40408.25
281.08	40331.61
281.15	40257.18
281.22	40189.12
281.29	40133.26
281.35	40076.52
281.42	40041.25
281.49	40011.12
281.56	39980.10
281.62	39955.64
281.69	39926.41
281.76	39903.48
281.82	39874.99
281.89	39849.80
281.96	39817.27
282.03	39796.92
282.09	39763.08
282.16	39732.08
282.23	39707.72
282.30	39690.36
282.36	39674.44
282.43	39661.30
282.50	39660.71
282.56	39641.16
282.63	39621.77
282.70	39595.58
282.77	39584.44
282.83	39553.87
282.90	39532.82
282.97	39504.79
283.03	39478.33
283.10	39448.12
283.17	39424.53
283.24	39398.65
283.30	39377.26
283.37	39354.04
283.44	39324.31
283.50	39295.88
283.57	39280.67
283.64	39254.06
283.71	39227.62
283.77	39198.30
283.84	39170.15
283.91	39125.13
283.97	39099.21
284.04	39089.62
284.11	39089.55
284.18	39092.84
284.24	39105.67
284.31	39115.83
284.38	39111.77
284.44	39101.02
284.51	39085.64
284.58	39074.01
284.64	39055.59
284.71	39046.48
284.78	39042.16
284.85	39034.55
284.91	39021.35
284.98	39007.13
285.05	38975.28
285.11	38948.21
285.18	38925.07
285.25	38910.70
285.31	38904.38
285.38	38908.59
285.45	38905.23
285.52	38906.10
285.58	38897.08
285.65	38878.20
285.72	38861.25
285.78	38841.04
285.85	38823.06
285.92	38807.48
285.98	38792.10
286.05	38776.97
286.12	38771.86
286.18	38763.25
286.25	38757.55
286.32	38756.12
286.39	38762.32
286.45	38757.84
286.52	38751.42
286.59	38740.70
286.65	38733.21
286.72	38722.48
286.79	38706.78
286.85	38695.23
286.92	38684.40
286.99	38671.97
287.05	38649.41
287.12	38649.99
287.19	38643.52
287.25	38646.76
287.32	38640.76
287.39	38645.79
287.45	38640.29
287.52	38644.92
287.59	38641.62
287.65	38643.02
287.72	38631.61
287.79	38618.20
287.86	38599.65
287.92	38582.34
287.99	38570.00
288.06	38570.75
288.12	38560.21
288.19	38552.59
288.26	38542.40
288.32	38538.59
288.39	38526.30
288.46	38534.44
288.52	38536.12
288.59	38542.85
288.66	38547.56
288.72	38549.52
288.79	38553.86
288.86	38558.08
288.92	38559.23
288.99	38549.43
289.06	38544.02
289.12	38531.24
289.19	38527.94
289.26	38531.31
289.32	38541.44
289.39	38552.45
289.45	38564.85
289.52	38564.34
289.59	38564.80
289.65	38564.49
289.72	38561.69
289.79	38561.01
289.85	38568.81
289.92	38574.72
289.99	38584.75
290.05	38592.58
290.12	38584.59
290.19	38582.95
290.25	38575.09
290.32	38565.38
290.39	38567.20
290.45	38578.32
290.52	38577.78
290.59	38584.55
290.65	38584.73
290.72	38576.93
290.79	38568.34
290.85	38577.20
290.92	38591.23
290.98	38605.50
291.05	38623.92
291.12	38640.80
291.18	38650.85
291.25	38652.43
291.32	38656.16
291.38	38653.62
291.45	38654.26
291.52	38651.34
291.58	38653.50
291.65	38665.92
291.72	38682.61
291.78	38706.41
291.85	38723.95
291.91	38736.52
291.98	38754.64
292.05	38760.17
292.11	38767.30
292.18	38776.59
292.25	38780.39
292.31	38769.34
292.38	38770.22
292.45	38768.60
292.51	38776.23
292.58	38790.20
292.64	38804.98
292.71	38813.03
292.78	38825.28
292.84	38822.46
292.91	38827.52
292.98	38837.12
293.04	38850.80
293.11	38856.25
293.17	38873.35
293.24	38884.90
293.31	38898.07
293.37	38912.39
293.44	38922.55
293.51	38940.60
293.57	38954.07
293.64	38961.80
293.70	38976.23
293.77	38992.13
293.84	39001.28
293.90	39004.58
293.97	39015.80
294.04	39021.25
294.10	39024.76
294.17	39030.85
294.23	39045.73
294.30	39052.48
294.37	39058.80
294.43	39081.05
294.50	39092.44
294.56	39108.48
294.63	39121.28
294.70	39133.73
294.76	39141.71
294.83	39151.43
294.90	39168.13
294.96	39188.33
295.03	39216.07
295.09	39240.00
295.16	39267.85
295.23	39274.51
295.29	39282.61
295.36	39285.35
295.42	39291.02
295.49	39296.69
295.56	39321.21
295.62	39345.45
295.69	39360.39
295.75	39373.17
295.82	39389.68
295.89	39393.90
295.95	39393.86
296.02	39404.50
296.08	39411.47
296.15	39411.84
296.22	39417.49
296.28	39431.42
296.35	39452.09
296.41	39471.16
296.48	39496.37
296.55	39525.80
296.61	39546.51
296.68	39565.49
296.74	39587.53
296.81	39613.11
296.88	39630.84
296.94	39653.16
297.01	39674.34
297.07	39691.38
297.14	39703.50
297.20	39718.88
297.27	39736.16
297.34	39761.63
297.40	39779.39
297.47	39799.13
297.53	39814.90
297.60	39832.58
297.67	39837.56
297.73	39857.42
297.80	39867.12
297.86	39875.93
297.93	39884.33
298.00	39898.93
298.06	39905.67
298.13	39927.15
298.19	39946.69
298.26	39968.36
298.32	39991.66
298.39	40011.55
298.46	40016.64
298.52	40036.21
298.59	40042.29
298.65	40046.36
298.72	40067.85
298.78	40096.11
298.85	40107.03
298.92	40128.05
298.98	40144.20
299.05	40157.75
299.11	40168.07
299.18	40185.10
299.24	40201.23
299.31	40212.57
299.38	40222.78
299.44	40225.48
299.51	40241.83
299.57	40250.62
299.64	40276.78
299.70	40294.48
299.77	40313.40
299.84	40318.56
299.90	40323.26
299.97	40312.26
300.03	40310.05
300.10	40323.98
300.16	40335.99
300.23	40354.23
300.30	40378.55
300.36	40393.68
300.43	40407.37
300.49	40417.99
300.56	40438.56
300.62	40458.74
300.69	40484.34
300.75	40497.73
300.82	40518.52
300.89	40528.93
300.95	40539.95
301.02	40537.09
301.08	40542.16
301.15	40545.85
301.21	40553.29
301.28	40558.39
301.34	40568.60
301.41	40573.57
301.48	40573.74
301.54	40567.79
301.61	40566.94
301.67	40567.86
301.74	40576.41
301.80	40583.08
301.87	40586.19
301.93	40580.00
302.00	40580.58
302.06	40564.85
302.13	40554.05
302.20	40556.00
302.26	40551.77
302.33	40550.76
302.39	40552.08
302.46	40553.61
302.52	40545.93
302.59	40555.44
302.65	40555.32
302.72	40562.76
302.78	40568.93
302.85	40574.28
302.91	40570.27
302.98	40565.83
303.05	40553.13
303.11	40548.66
303.18	40538.30
303.24	40534.35
303.31	40521.12
303.37	40517.87
303.44	40511.08
303.50	40504.89
303.57	40488.94
303.63	40482.84
303.70	40474.71
303.76	40456.13
303.83	40444.93
303.89	40438.37
303.96	40425.21
304.03	40406.19
304.09	40394.86
304.16	40374.21
304.22	40353.84
304.29	40340.09
304.35	40332.90
304.42	40320.70
304.48	40314.34
304.55	40302.04
304.61	40285.35
304.68	40272.32
304.74	40259.35
304.81	40247.45
304.87	40222.53
304.94	40200.36
305.00	40173.31
305.07	40143.85
305.13	40112.51
305.20	40091.23
305.26	40076.62
305.33	40062.78
305.39	40043.86
305.46	40016.72
305.52	40006.99
305.59	39990.00
305.66	39958.22
305.72	39935.20
305.79	39916.02
305.85	39886.58
305.92	39849.38
305.98	39797.52
306.05	39670.12
306.11	39444.48
306.18	39148.36
306.24	38894.84
306.31	38753.00
306.37	38768.05
306.44	38929.60
306.50	39174.89
306.57	39385.60
306.63	39506.68
306.70	39535.36
306.76	39518.09
306.83	39480.65
306.89	39436.58
306.96	39399.62
307.02	39369.14
307.09	39345.12
307.15	39317.56
307.22	39289.80
307.28	39251.44
307.35	39216.04
307.41	39168.96
307.48	39132.86
307.54	39105.38
307.61	39074.61
307.67	39029.14
307.74	38995.60
307.80	38955.90
307.87	38911.80
307.93	38869.50
308.00	38842.80
308.06	38809.32
308.13	38772.94
308.19	38728.43
308.26	38694.89
308.32	38661.69
308.38	38626.11
308.45	38590.21
308.51	38568.83
308.58	38523.85
308.64	38465.20
308.71	38416.45
308.77	38366.74
308.84	38306.82
308.90	38278.43
308.97	38266.71
309.03	38250.18
309.10	38229.39
309.16	38206.14
309.23	38161.75
309.29	38112.48
309.36	38043.55
309.42	37984.31
309.49	37928.23
309.55	37875.05
309.62	37812.10
309.68	37775.80
309.75	37724.90
309.81	37680.86
309.88	37640.99
309.94	37598.94
310.00	37546.25
310.07	37500.18
310.13	37458.41
310.20	37416.18
310.26	37373.15
310.33	37337.44
310.39	37302.38
310.46	37259.51
310.52	37213.83
310.59	37180.94
310.65	37143.08
310.72	37099.26
310.78	37051.97
310.85	37004.98
310.91	36960.50
310.97	36914.61
311.04	36876.20
311.10	36831.90
311.17	36793.99
311.23	36753.93
311.30	36713.33
311.36	36677.43
311.43	36651.96
311.49	36612.38
311.56	36569.72
311.62	36524.83
311.69	36475.38
311.75	36431.66
311.81	36381.71
311.88	36337.19
311.94	36303.67
312.01	36279.50
312.07	36239.46
312.14	36218.51
312.20	36190.00
312.27	36150.83
312.33	36097.61
312.40	36044.56
312.46	35978.48
312.52	35923.74
312.59	35874.32
312.65	35823.25
312.72	35777.22
312.78	35741.35
312.85	35694.07
312.91	35635.77
312.98	35588.38
313.04	35543.16
313.10	35498.79
313.17	35458.34
313.23	35427.33
313.30	35392.63
313.36	35344.75
313.43	35290.05
313.49	35242.25
313.56	35186.57
313.62	35131.14
313.68	35086.11
313.75	35056.16
313.81	35020.21
313.88	34976.31
313.94	34934.12
314.01	34902.35
314.07	34857.22
314.13	34811.07
314.20	34783.10
314.26	34749.77
314.33	34702.11
314.39	34656.18
314.46	34595.01
314.52	34535.99
314.58	34477.24
314.65	34425.19
314.71	34375.65
314.78	34335.55
314.84	34291.63
314.91	34252.35
314.97	34210.06
315.03	34167.17
315.10	34128.44
315.16	34083.03
315.23	34039.40
315.29	33998.36
315.36	33954.02
315.42	33909.18
315.48	33866.59
315.55	33820.92
315.61	33770.25
315.68	33730.54
315.74	33690.83
315.81	33650.27
315.87	33605.35
315.93	33569.93
316.00	33541.18
316.06	33501.60
316.13	33481.65
316.19	33450.46
316.25	33390.34
316.32	33294.76
316.38	33184.05
316.45	33030.20
316.51	32866.79
316.58	32691.99
316.64	32509.97
316.70	32327.75
316.77	32130.98
316.83	31915.45
316.90	31685.17
316.96	31439.21
317.02	31178.76
317.09	30913.33
317.15	30635.57
317.22	30345.70
317.28	30041.81
317.34	29714.25
317.41	29368.12
317.47	29015.62
317.54	28652.47
317.60	28268.07
317.66	27864.84
317.73	27450.66
317.79	27021.50
317.86	26581.44
317.92	26131.37
317.98	25666.66
318.05	25180.06
318.11	24681.26
318.18	24174.36
318.24	23652.06
318.30	23124.07
318.37	22593.75
318.43	22047.04
318.50	21479.68
318.56	20911.95
318.62	20343.92
318.69	19766.57
318.75	19187.93
318.82	18612.07
318.88	18036.74
318.94	17458.33
319.01	16878.32
319.07	16306.53
319.13	15727.63
319.20	15152.39
319.26	14572.93
319.33	14004.96
319.39	13431.87
319.45	12884.79
319.52	12340.98
319.58	11809.74
319.65	11281.98
319.71	10767.27
319.77	10253.71
319.84	9756.47
319.90	9272.86
319.96	8800.05
320.03	8339.90
320.09	7898.15
320.16	7460.05
320.22	7042.34
320.28	6641.38
320.35	6258.09
320.41	5886.07
320.47	5537.31
320.54	5198.23
320.60	4882.19
320.67	4580.52
320.73	4295.27
320.79	4020.79
320.86	3765.30
320.92	3517.16
320.98	3289.21
321.05	3072.03
321.11	2868.58
321.18	2679.93
321.24	2506.49
321.30	2338.07
321.37	2187.20
321.43	2055.96
321.49	1929.32
321.56	1812.89
321.62	1709.64
321.68	1611.27
321.75	1518.75
321.81	1437.54
321.88	1362.74
321.94	1298.56
322.00	1240.63
322.07	1181.86
322.13	1128.96
322.19	1077.63
322.26	1024.95
322.32	980.75
322.38	943.95
322.45	913.31
322.51	881.44
322.58	856.96
322.64	825.34
322.70	798.54
322.77	764.66
322.83	743.26
322.89	713.22
322.96	687.94
323.02	661.87
323.08	636.37
323.15	608.69
323.21	586.22
323.27	564.03
323.34	540.82
323.40	518.69
323.46	496.04
323.53	468.14
323.59	398.43
323.65	301.29
323.72	190.59
323.78	83.00
323.85	-15.45
323.91	-66.13
323.97	-85.36
324.04	-85.79
