180.21	3437.44
180.28	-126.81
180.36	635.40
180.44	-44.30
180.51	-9.70
180.59	17.49
180.66	49.05
180.74	49.06
180.81	49.83
180.89	52.60
180.97	54.63
181.04	53.66
181.12	53.14
181.19	54.21
181.27	55.38
181.34	73.30
181.42	80.52
181.50	88.52
181.57	101.25
181.65	107.78
181.72	103.12
181.80	99.37
181.87	102.68
181.95	106.88
182.03	111.84
182.10	121.23
182.18	131.45
182.25	147.09
182.33	158.26
182.40	175.71
182.48	183.73
182.55	207.91
182.63	222.06
182.71	235.87
182.78	249.02
182.86	258.48
182.93	249.42
183.01	242.26
183.08	231.51
183.16	229.08
183.23	228.11
183.31	250.54
183.39	274.44
183.46	314.31
183.54	345.50
183.61	390.98
183.69	434.79
183.76	486.93
183.84	531.39
183.91	581.44
183.99	632.93
184.06	673.75
184.14	722.18
184.22	755.65
184.29	764.22
184.37	764.46
184.44	741.53
184.52	667.54
184.59	591.82
184.67	541.68
184.74	495.37
184.82	494.49
184.89	546.16
184.97	629.99
185.04	718.78
185.12	813.99
185.20	905.16
185.27	1002.09
185.35	1084.16
185.42	1146.53
185.50	1218.37
185.57	1269.11
185.65	1323.34
185.72	1391.99
185.80	1465.82
185.87	1529.91
185.95	1612.20
186.02	1661.37
186.10	1666.20
186.17	1630.17
186.25	1511.24
186.33	1335.89
186.40	1191.49
186.48	1107.65
186.55	1101.76
186.63	1187.36
186.70	1350.95
186.78	1502.44
186.85	1639.48
186.93	1754.11
187.00	1883.09
187.08	1988.67
187.15	2118.68
187.23	2247.75
187.30	2363.21
187.38	2481.35
187.45	2612.36
187.53	2707.42
187.60	2798.55
187.68	2917.22
187.75	2994.66
187.83	3038.04
187.90	3077.52
187.98	3070.65
188.05	2950.03
188.13	2724.13
188.21	2477.34
188.28	2270.97
188.36	2121.76
188.43	2106.77
188.51	2249.13
188.58	2457.70
188.66	2649.39
188.73	2845.01
188.81	3024.16
188.88	3182.38
188.96	3317.89
189.03	3463.34
189.11	3601.85
189.18	3712.38
189.26	3821.27
189.33	3944.82
189.41	4040.13
189.48	4127.82
189.56	4233.08
189.63	4307.71
189.71	4357.29
189.78	4414.12
189.86	4429.44
189.93	4395.65
190.01	4322.30
190.08	4157.02
190.16	3876.20
190.23	3592.63
190.31	3398.41
190.38	3296.66
190.46	3332.71
190.53	3509.81
190.61	3753.22
190.68	3962.77
190.76	4160.51
190.83	4325.47
190.91	4488.31
190.98	4619.99
191.06	4763.97
191.13	4888.39
191.21	4999.81
191.28	5102.58
191.35	5214.06
191.43	5287.85
191.50	5365.54
191.58	5452.09
191.65	5509.22
191.73	5549.87
191.80	5590.04
191.88	5597.57
191.95	5591.98
192.03	5592.68
192.10	5583.31
192.18	5550.62
192.25	5465.02
192.33	5290.66
192.40	5093.10
192.48	4931.36
192.55	4840.14
192.63	4849.21
192.70	4983.77
192.78	5171.92
192.85	5366.34
192.93	5541.08
193.00	5689.83
193.08	5828.56
193.15	5946.99
193.22	6052.51
193.30	6138.97
193.37	6230.78
193.45	6297.66
193.52	6364.50
193.60	6418.79
193.67	6469.06
193.75	6504.60
193.82	6533.64
193.90	6552.66
193.97	6577.16
194.05	6600.67
194.12	6622.55
194.20	6666.03
194.27	6709.59
194.34	6736.13
194.42	6751.45
194.49	6765.37
194.57	6742.44
194.64	6675.19
194.72	6599.26
194.79	6542.66
194.87	6504.41
194.94	6510.96
195.02	6573.59
195.09	6662.38
195.17	6759.96
195.24	6855.23
195.31	6932.87
195.39	7008.52
195.46	7073.89
195.54	7136.82
195.61	7188.48
195.69	7229.30
195.76	7260.41
195.84	7298.79
195.91	7310.33
195.99	7318.19
196.06	7334.32
196.13	7356.63
196.21	7369.84
196.28	7400.46
196.36	7439.71
196.43	7475.13
196.51	7507.16
196.58	7538.75
196.66	7563.79
196.73	7584.69
196.80	7606.77
196.88	7623.45
196.95	7642.44
197.03	7653.21
197.10	7647.03
197.18	7635.21
197.25	7629.80
197.33	7635.79
197.40	7659.24
197.47	7687.21
197.55	7731.21
197.62	7772.89
197.70	7803.52
197.77	7831.11
197.85	7873.28
197.92	7902.24
197.99	7930.19
198.07	7963.36
198.14	7987.98
198.22	8008.49
198.29	8028.16
198.37	8047.12
198.44	8071.71
198.51	8091.12
198.59	8108.87
198.66	8139.85
198.74	8173.33
198.81	8199.72
198.89	8223.32
198.96	8252.30
199.03	8272.52
199.11	8299.04
199.18	8317.05
199.26	8344.17
199.33	8373.90
199.41	8403.81
199.48	8422.46
199.55	8445.41
199.63	8464.53
199.70	8486.51
199.78	8498.51
199.85	8521.06
199.93	8543.10
200.00	8572.65
200.07	8590.94
200.15	8627.93
200.22	8661.45
200.30	8695.51
200.37	8730.37
200.44	8768.62
200.52	8799.13
200.59	8834.27
200.67	8861.81
200.74	8883.33
200.81	8907.71
200.89	8930.31
200.96	8957.96
201.04	8986.70
201.11	9028.56
201.19	9062.73
201.26	9095.07
201.33	9115.10
201.41	9141.97
201.48	9167.53
201.56	9197.33
201.63	9239.54
201.70	9279.99
201.78	9317.57
201.85	9354.85
201.93	9392.84
202.00	9424.37
202.07	9461.68
202.15	9499.22
202.22	9531.46
202.30	9563.81
202.37	9594.64
202.44	9627.89
202.52	9671.61
202.59	9713.49
202.67	9753.26
202.74	9799.16
202.81	9841.60
202.89	9876.13
202.96	9917.25
203.04	9965.32
203.11	10006.40
203.18	10051.38
203.26	10106.30
203.33	10150.16
203.41	10189.35
203.48	10233.41
203.55	10264.42
203.63	10296.26
203.70	10343.45
203.77	10388.28
203.85	10434.51
203.92	10483.36
204.00	10544.00
204.07	10594.05
204.14	10650.88
204.22	10701.01
204.29	10762.89
204.37	10805.45
204.44	10852.73
204.51	10902.50
204.59	10954.94
204.66	11003.25
204.73	11061.71
204.81	11117.52
204.88	11173.21
204.96	11236.37
205.03	11296.58
205.10	11342.43
205.18	11392.68
205.25	11443.68
205.32	11493.54
205.40	11547.53
205.47	11610.23
205.55	11678.11
205.62	11742.63
205.69	11811.52
205.77	11874.96
205.84	11938.20
205.91	11999.39
205.99	12064.44
206.06	12120.14
206.14	12184.32
206.21	12252.64
206.28	12315.87
206.36	12387.81
206.43	12452.55
206.50	12524.47
206.58	12589.85
206.65	12657.32
206.72	12722.05
206.80	12798.14
206.87	12868.23
206.95	12948.93
207.02	13041.83
207.09	13130.91
207.17	13226.56
207.24	13316.79
207.31	13405.16
207.39	13479.15
207.46	13553.45
207.53	13616.49
207.61	13692.01
207.68	13761.27
207.75	13840.54
207.83	13927.05
207.90	14018.52
207.98	14095.13
208.05	14185.31
208.12	14268.01
208.20	14345.76
208.27	14430.61
208.34	14523.31
208.42	14604.34
208.49	14684.87
208.56	14761.03
208.64	14842.73
208.71	14926.86
208.78	15009.46
208.86	15110.14
208.93	15214.21
209.00	15315.02
209.08	15408.12
209.15	15512.34
209.22	15613.01
209.30	15714.25
209.37	15811.93
209.44	15927.58
209.52	16037.99
209.59	16134.06
209.67	16233.96
209.74	16330.91
209.81	16432.47
209.89	16530.74
209.96	16633.93
210.03	16732.34
210.11	16834.77
210.18	16921.45
210.25	17026.56
210.33	17135.51
210.40	17240.97
210.47	17353.22
210.55	17471.92
210.62	17572.33
210.69	17665.97
210.77	17773.53
210.84	17876.29
210.91	17991.89
210.99	18108.46
211.06	18235.03
211.13	18365.54
211.21	18486.11
211.28	18589.92
211.35	18706.75
211.42	18823.46
211.50	18928.63
211.57	19042.74
211.64	19161.18
211.72	19273.34
211.79	19382.38
211.86	19498.73
211.94	19628.44
212.01	19756.43
212.08	19885.99
212.16	20007.68
212.23	20135.09
212.30	20254.48
212.38	20374.10
212.45	20494.05
212.52	20621.96
212.60	20742.90
212.67	20867.18
212.74	20994.76
212.82	21121.46
212.89	21248.77
212.96	21375.10
213.03	21506.93
213.11	21642.43
213.18	21776.94
213.25	21923.84
213.33	22071.84
213.40	22204.60
213.47	22333.41
213.55	22458.03
213.62	22568.74
213.69	22681.93
213.77	22803.48
213.84	22929.03
213.91	23070.15
213.98	23214.76
214.06	23354.36
214.13	23502.86
214.20	23654.09
214.28	23806.37
214.35	23950.21
214.42	24100.23
214.50	24239.59
214.57	24368.42
214.64	24482.98
214.72	24605.41
214.79	24726.33
214.86	24848.67
214.93	24981.40
215.01	25129.85
215.08	25264.81
215.15	25400.05
215.23	25524.09
215.30	25655.93
215.37	25779.16
215.44	25930.27
215.52	26090.91
215.59	26260.40
215.66	26414.81
215.74	26572.00
215.81	26719.18
215.88	26858.63
215.95	26988.24
216.03	27122.70
216.10	27256.84
216.17	27396.02
216.25	27533.20
216.32	27691.65
216.39	27846.94
216.46	27998.96
216.54	28127.01
216.61	28260.36
216.68	28383.13
216.76	28518.77
216.83	28662.63
216.90	28825.48
216.97	28992.06
217.05	29157.46
217.12	29300.02
217.19	29416.24
217.27	29509.31
217.34	29597.45
217.41	29694.11
217.48	29804.67
217.56	29938.04
217.63	30104.41
217.70	30273.77
217.78	30434.48
217.85	30594.04
217.92	30757.49
217.99	30917.58
218.07	31060.03
218.14	31195.08
218.21	31340.28
218.28	31482.63
218.36	31622.89
218.43	31765.65
218.50	31923.74
218.57	32061.80
218.65	32180.91
218.72	32298.63
218.79	32430.59
218.87	32554.29
218.94	32686.06
219.01	32832.94
219.08	32964.93
219.16	33094.57
219.23	33208.89
219.30	33322.76
219.37	33442.04
219.45	33570.51
219.52	33705.20
219.59	33849.94
219.66	33987.37
219.74	34121.07
219.81	34279.72
219.88	34422.08
219.95	34562.52
220.03	34720.11
220.10	34864.55
220.17	34975.60
220.24	35100.96
220.32	35226.25
220.39	35335.40
220.46	35451.78
220.53	35575.96
220.61	35686.73
220.68	35816.41
220.75	35947.41
220.82	36081.31
220.90	36204.89
220.97	36306.12
221.04	36390.86
221.11	36481.84
221.19	36580.29
221.26	36686.19
221.33	36822.39
221.40	36955.35
221.48	37092.36
221.55	37215.56
221.62	37342.44
221.69	37469.15
221.77	37591.01
221.84	37710.09
221.91	37829.41
221.98	37948.80
222.06	38070.16
222.13	38209.71
222.20	38323.40
222.27	38437.02
222.35	38543.59
222.42	38641.23
222.49	38713.77
222.56	38791.31
222.63	38873.82
222.71	38975.67
222.78	39084.24
222.85	39208.33
222.92	39339.14
223.00	39440.48
223.07	39525.71
223.14	39601.39
223.21	39680.83
223.29	39769.71
223.36	39904.67
223.43	40038.05
223.50	40167.15
223.57	40291.09
223.65	40426.35
223.72	40534.34
223.79	40635.15
223.86	40734.22
223.94	40833.81
224.01	40907.62
224.08	40968.38
224.15	41031.75
224.22	41091.88
224.30	41144.59
224.37	41214.90
224.44	41307.23
224.51	41405.30
224.59	41510.43
224.66	41623.32
224.73	41733.28
224.80	41837.68
224.87	41937.96
224.95	42040.56
225.02	42135.76
225.09	42221.26
225.16	42302.51
225.23	42386.54
225.31	42471.24
225.38	42558.89
225.45	42652.14
225.52	42739.73
225.60	42821.93
225.67	42877.44
225.74	42919.35
225.81	42957.69
225.88	43012.84
225.96	43091.88
226.03	43204.13
226.10	43332.53
226.17	43459.72
226.24	43577.47
226.32	43671.65
226.39	43742.16
226.46	43799.46
226.53	43855.30
226.60	43907.82
226.68	43956.94
226.75	44024.69
226.82	44107.25
226.89	44185.80
226.96	44257.15
227.04	44313.58
227.11	44353.72
227.18	44389.07
227.25	44417.49
227.32	44465.63
227.40	44534.98
227.47	44612.37
227.54	44677.67
227.61	44749.19
227.68	44818.32
227.76	44888.65
227.83	44962.09
227.90	45036.34
227.97	45104.94
228.04	45167.79
228.11	45213.22
228.19	45254.50
228.26	45309.02
228.33	45377.86
228.40	45435.71
228.47	45500.25
228.55	45565.70
228.62	45627.77
228.69	45682.26
228.76	45740.35
228.83	45799.17
228.90	45852.42
228.98	45911.43
229.05	45980.41
229.12	46054.95
229.19	46124.11
229.26	46193.71
229.34	46239.12
229.41	46274.95
229.48	46308.58
229.55	46357.67
229.62	46405.97
229.69	46463.06
229.77	46508.73
229.84	46546.01
229.91	46571.90
229.98	46593.51
230.05	46618.75
230.12	46660.65
230.20	46726.07
230.27	46792.75
230.34	46863.45
230.41	46941.86
230.48	47002.19
230.55	47045.11
230.63	47084.81
230.70	47131.76
230.77	47149.10
230.84	47175.51
230.91	47203.89
230.98	47237.84
231.06	47263.54
231.13	47315.48
231.20	47387.48
231.27	47445.20
231.34	47497.61
231.41	47557.80
231.49	47613.75
231.56	47652.01
231.63	47709.36
231.70	47759.98
231.77	47794.51
231.84	47814.50
231.92	47825.64
231.99	47833.59
232.06	47856.51
232.13	47881.74
232.20	47934.94
232.27	47989.37
232.34	48032.86
232.42	48050.36
232.49	48082.19
232.56	48119.74
232.63	48174.94
232.70	48226.55
232.77	48295.34
232.85	48360.31
232.92	48394.58
232.99	48405.66
233.06	48432.24
233.13	48448.97
233.20	48450.95
233.27	48461.58
233.35	48472.72
233.42	48464.02
233.49	48472.49
233.56	48496.23
233.63	48512.86
233.70	48533.24
233.77	48569.23
233.85	48599.38
233.92	48630.89
233.99	48657.97
234.06	48694.14
234.13	48737.38
234.20	48784.22
234.27	48810.76
234.35	48843.83
234.42	48855.53
234.49	48854.97
234.56	48849.63
234.63	48842.09
234.70	48837.00
234.77	48832.12
234.84	48813.82
234.92	48783.94
234.99	48775.07
235.06	48783.30
235.13	48806.91
235.20	48845.15
235.27	48893.84
235.34	48928.92
235.41	48958.50
235.49	48977.06
235.56	49000.99
235.63	49011.95
235.70	49017.30
235.77	49005.96
235.84	49000.41
235.91	48977.27
235.98	48961.82
236.06	48963.86
236.13	48958.47
236.20	48963.58
236.27	48961.01
236.34	48970.89
236.41	48976.37
236.48	48982.31
236.55	48974.67
236.63	48981.19
236.70	48967.79
236.77	48956.13
236.84	48956.28
236.91	48952.68
236.98	48937.27
237.05	48941.75
237.12	48934.03
237.19	48916.93
237.27	48912.26
237.34	48911.54
237.41	48900.64
237.48	48891.05
237.55	48877.38
237.62	48858.21
237.69	48860.44
237.76	48867.09
237.83	48875.84
237.91	48894.91
237.98	48913.46
238.05	48909.61
238.12	48905.78
238.19	48896.90
238.26	48893.91
238.33	48878.90
238.40	48860.97
238.47	48835.21
238.54	48818.20
238.62	48786.51
238.69	48759.18
238.76	48739.84
238.83	48728.72
238.90	48733.55
238.97	48751.80
239.04	48769.46
239.11	48788.40
239.18	48804.22
239.25	48798.69
239.33	48768.89
239.40	48751.31
239.47	48713.22
239.54	48668.33
239.61	48620.67
239.68	48576.20
239.75	48542.27
239.82	48525.85
239.89	48506.33
239.96	48505.11
240.03	48515.69
240.11	48524.10
240.18	48543.61
240.25	48556.42
240.32	48558.05
240.39	48567.18
240.46	48567.99
240.53	48579.13
240.60	48613.80
240.67	48639.12
240.74	48652.94
240.81	48671.99
240.88	48661.28
240.96	48632.85
241.03	48612.21
241.10	48591.13
241.17	48562.62
241.24	48543.83
241.31	48528.28
241.38	48512.93
241.45	48514.31
241.52	48515.17
241.59	48509.56
241.66	48522.21
241.73	48532.52
241.80	48531.46
241.88	48529.06
241.95	48511.62
242.02	48470.56
242.09	48416.63
242.16	48362.76
242.23	48335.30
242.30	48329.64
242.37	48330.98
242.44	48346.57
242.51	48349.85
242.58	48334.73
242.65	48320.81
242.72	48322.70
242.79	48315.66
242.87	48329.93
242.94	48340.59
243.01	48342.81
243.08	48332.22
243.15	48331.67
243.22	48321.86
243.29	48324.71
243.36	48333.45
243.43	48354.13
243.50	48379.85
243.57	48405.86
243.64	48413.98
243.71	48437.83
243.78	48444.62
243.85	48434.91
243.92	48415.71
243.99	48398.51
244.07	48373.30
244.14	48343.01
244.21	48333.06
244.28	48349.13
244.35	48374.34
244.42	48397.68
244.49	48432.31
244.56	48460.88
244.63	48471.09
244.70	48470.76
244.77	48468.01
244.84	48464.46
244.91	48451.94
244.98	48445.25
245.05	48456.45
245.12	48480.56
245.19	48512.77
245.26	48551.31
245.33	48592.80
245.40	48624.07
245.47	48646.48
245.55	48661.46
245.62	48670.21
245.69	48681.62
245.76	48695.29
245.83	48710.08
245.90	48716.41
245.97	48718.25
246.04	48729.30
246.11	48734.83
246.18	48728.00
246.25	48727.26
246.32	48733.60
246.39	48729.65
246.46	48741.72
246.53	48762.93
246.60	48784.07
246.67	48812.62
246.74	48836.90
246.81	48858.14
246.88	48878.11
246.95	48896.58
247.02	48911.94
247.09	48925.81
247.16	48923.97
247.23	48910.15
247.30	48882.08
247.37	48852.36
247.44	48840.16
247.51	48827.39
247.58	48840.06
247.66	48882.52
247.73	48934.54
247.80	48982.69
247.87	49041.10
247.94	49100.54
248.01	49154.93
248.08	49203.95
248.15	49235.34
248.22	49261.94
248.29	49284.48
248.36	49307.28
248.43	49329.15
248.50	49355.71
248.57	49383.47
248.64	49403.99
248.71	49433.81
248.78	49466.23
248.85	49493.71
248.92	49522.55
248.99	49536.04
249.06	49528.28
249.13	49503.88
249.20	49486.31
249.27	49463.85
249.34	49461.50
249.41	49477.31
249.48	49495.30
249.55	49512.04
249.62	49533.24
249.69	49549.95
249.76	49572.70
249.83	49606.48
249.90	49644.10
249.97	49683.38
250.04	49730.09
250.11	49782.12
250.18	49830.45
250.25	49871.77
250.32	49899.87
250.39	49927.27
250.46	49930.55
250.53	49941.59
250.60	49955.20
250.67	49984.63
250.74	50012.66
250.81	50016.90
250.88	50012.35
250.95	50019.89
251.02	50009.50
251.09	49994.93
251.16	50021.63
251.23	50062.00
251.30	50095.94
251.37	50135.19
251.44	50174.66
251.51	50212.12
251.58	50235.63
251.65	50251.07
251.72	50271.87
251.79	50288.28
251.86	50273.12
251.93	50245.04
252.00	50208.06
252.07	50166.20
252.14	50139.08
252.21	50135.63
252.28	50153.88
252.35	50192.77
252.42	50257.69
252.49	50307.83
252.56	50352.52
252.63	50393.80
252.70	50424.38
252.77	50434.28
252.84	50442.43
252.91	50445.41
252.98	50431.17
253.05	50425.10
253.12	50417.92
253.19	50430.23
253.25	50449.06
253.32	50477.86
253.39	50505.36
253.46	50531.43
253.53	50544.54
253.60	50534.87
253.67	50537.52
253.74	50564.71
253.81	50594.25
253.88	50621.50
253.95	50661.21
254.02	50688.62
254.09	50681.81
254.16	50683.85
254.23	50670.12
254.30	50649.99
254.37	50646.71
254.44	50661.56
254.51	50677.45
254.58	50698.14
254.65	50725.84
254.72	50734.86
254.79	50712.03
254.86	50681.46
254.93	50656.16
255.00	50647.36
255.07	50650.37
255.14	50671.23
255.21	50670.02
255.28	50654.61
255.34	50630.59
255.41	50622.36
255.48	50628.45
255.55	50650.94
255.62	50688.15
255.69	50732.45
255.76	50759.47
255.83	50782.33
255.90	50804.37
255.97	50829.46
256.04	50827.68
256.11	50831.66
256.18	50824.16
256.25	50810.09
256.32	50786.57
256.39	50767.57
256.46	50735.51
256.53	50700.49
256.60	50674.37
256.67	50657.10
256.74	50646.68
256.80	50639.74
256.87	50631.43
256.94	50620.26
257.01	50608.16
257.08	50603.93
257.15	50600.06
257.22	50607.26
257.29	50600.19
257.36	50597.32
257.43	50590.85
257.50	50588.94
257.57	50576.78
257.64	50586.00
257.71	50578.59
257.78	50573.64
257.85	50556.76
257.92	50553.22
257.98	50541.29
258.05	50538.45
258.12	50528.56
258.19	50507.87
258.26	50466.92
258.33	50419.97
258.40	50381.04
258.47	50340.74
258.54	50326.35
258.61	50337.62
258.68	50365.69
258.75	50390.65
258.82	50416.31
258.89	50410.92
258.95	50384.48
259.02	50350.97
259.09	50301.68
259.16	50243.68
259.23	50193.30
259.30	50150.10
259.37	50115.98
259.44	50093.77
259.51	50086.46
259.58	50098.57
259.65	50096.44
259.72	50088.64
259.79	50062.64
259.85	50027.95
259.92	49990.68
259.99	49990.17
260.06	49983.81
260.13	49974.59
260.20	49966.16
260.27	49937.00
260.34	49872.11
260.41	49813.18
260.48	49769.62
260.55	49734.84
260.62	49704.30
260.68	49671.47
260.75	49641.29
260.82	49627.63
260.89	49614.20
260.96	49609.65
261.03	49618.58
261.10	49610.72
261.17	49594.63
261.24	49562.36
261.31	49527.53
261.38	49484.80
261.44	49439.35
261.51	49392.54
261.58	49355.64
261.65	49318.45
261.72	49276.37
261.79	49235.48
261.86	49189.16
261.93	49154.11
262.00	49119.77
262.07	49090.58
262.13	49064.68
262.20	49038.55
262.27	48992.99
262.34	48963.15
262.41	48922.56
262.48	48885.00
262.55	48848.28
262.62	48810.17
262.69	48746.08
262.76	48701.46
262.82	48653.55
262.89	48604.08
262.96	48560.38
263.03	48528.74
263.10	48499.48
263.17	48451.49
263.24	48404.17
263.31	48369.31
263.38	48333.94
263.44	48297.30
263.51	48269.90
263.58	48243.36
263.65	48210.99
263.72	48170.21
263.79	48111.18
263.86	48057.64
263.93	48003.16
264.00	47954.21
264.06	47918.57
264.13	47890.51
264.20	47875.17
264.27	47851.23
264.34	47817.36
264.41	47776.02
264.48	47734.46
264.55	47691.04
264.61	47661.08
264.68	47628.00
264.75	47596.78
264.82	47544.57
264.89	47474.54
264.96	47395.68
265.03	47326.44
265.10	47266.33
265.16	47236.97
265.23	47222.34
265.30	47211.94
265.37	47193.38
265.44	47161.49
265.51	47132.31
265.58	47095.74
265.65	47054.50
265.71	47004.74
265.78	46962.11
265.85	46898.21
265.92	46833.66
265.99	46775.13
266.06	46726.12
266.13	46671.60
266.20	46631.82
266.26	46609.42
266.33	46576.06
266.40	46528.59
266.47	46464.10
266.54	46384.65
266.61	46305.40
266.68	46229.02
266.74	46174.56
266.81	46143.82
266.88	46113.22
266.95	46061.59
267.02	46027.55
267.09	45976.93
267.16	45916.55
267.22	45874.23
267.29	45850.47
267.36	45829.16
267.43	45809.47
267.50	45785.51
267.57	45745.87
267.64	45697.47
267.70	45650.17
267.77	45593.13
267.84	45548.53
267.91	45503.51
267.98	45455.29
268.05	45388.41
268.11	45332.55
268.18	45268.27
268.25	45207.39
268.32	45154.20
268.39	45109.56
268.46	45071.16
268.53	45054.65
268.59	45041.52
268.66	45022.04
268.73	44995.81
268.80	44966.94
268.87	44913.45
268.94	44869.31
269.00	44835.58
269.07	44794.29
269.14	44756.95
269.21	44720.96
269.28	44684.39
269.35	44636.99
269.41	44590.23
269.48	44540.71
269.55	44481.87
269.62	44411.75
269.69	44346.41
269.76	44280.68
269.82	44218.95
269.89	44187.11
269.96	44171.05
270.03	44150.33
270.10	44143.19
270.17	44118.74
270.23	44086.99
270.30	44038.93
270.37	44008.25
270.44	43970.59
270.51	43941.64
270.58	43911.73
270.64	43885.01
270.71	43840.06
270.78	43805.63
270.85	43768.88
270.92	43718.63
270.99	43672.29
271.05	43632.08
271.12	43582.19
271.19	43534.52
271.26	43487.19
271.33	43441.36
271.39	43397.22
271.46	43338.49
271.53	43295.01
271.60	43271.08
271.67	43254.03
271.74	43228.42
271.80	43223.15
271.87	43209.22
271.94	43173.16
272.01	43126.76
272.08	43088.91
272.14	43039.89
272.21	43008.62
272.28	42986.38
272.35	42963.92
272.42	42935.65
272.48	42925.99
272.55	42899.09
272.62	42878.69
272.69	42870.14
272.76	42869.00
272.83	42850.79
272.89	42828.69
272.96	42796.20
273.03	42753.64
273.10	42702.65
273.17	42656.91
273.23	42611.57
273.30	42570.93
273.37	42530.19
273.44	42499.38
273.51	42477.97
273.57	42465.85
273.64	42454.56
273.71	42459.81
273.78	42453.57
273.85	42437.44
273.91	42416.35
273.98	42398.41
274.05	42365.65
274.12	42341.68
274.19	42321.35
274.25	42290.97
274.32	42255.97
274.39	42209.94
274.46	42150.10
274.53	42083.01
274.59	42016.10
274.66	41961.41
274.73	41916.82
274.80	41878.41
274.86	41850.40
274.93	41842.08
275.00	41822.08
275.07	41802.56
275.14	41778.64
275.20	41741.05
275.27	41696.45
275.34	41649.16
275.41	41614.07
275.48	41601.32
275.54	41598.24
275.61	41584.37
275.68	41573.06
275.75	41545.66
275.81	41503.14
275.88	41467.69
275.95	41435.49
276.02	41391.17
276.09	41355.14
276.15	41318.91
276.22	41287.75
276.29	41265.39
276.36	41239.81
276.42	41214.00
276.49	41186.36
276.56	41129.68
276.63	41069.61
276.70	41026.71
276.76	40995.73
276.83	40975.96
276.90	40978.92
276.97	40980.81
277.03	40987.55
277.10	40974.71
277.17	40962.79
277.24	40946.02
277.30	40930.34
277.37	40901.91
277.44	40873.86
277.51	40843.84
277.58	40805.41
277.64	40765.63
277.71	40732.18
277.78	40702.80
277.85	40653.38
277.91	40610.54
277.98	40567.82
278.05	40520.76
278.12	40476.66
278.18	40442.52
278.25	40419.67
278.32	40401.51
278.39	40404.64
278.45	40408.45
278.52	40414.81
278.59	40405.45
278.66	40379.45
278.72	40344.87
278.79	40312.31
278.86	40280.65
278.93	40263.09
278.99	40249.87
279.06	40232.09
279.13	40209.99
279.20	40194.49
279.26	40169.29
279.33	40158.37
279.40	40134.15
279.47	40101.38
279.53	40060.98
279.60	40024.55
279.67	39981.74
279.74	39942.86
279.80	39908.12
279.87	39878.46
279.94	39849.01
280.01	39816.98
280.07	39781.31
280.14	39756.78
280.21	39727.07
280.28	39692.01
280.34	39654.01
280.41	39620.66
280.48	39567.63
280.55	39532.52
280.61	39498.61
280.68	39481.50
280.75	39459.39
280.82	39444.09
280.88	39405.98
280.95	39355.14
281.02	39293.26
281.08	39230.71
281.15	39164.29
281.22	39103.93
281.29	39045.22
281.35	38976.83
281.42	38922.32
281.49	38870.19
281.56	38815.95
281.62	38776.71
281.69	38747.97
281.76	38721.69
281.82	38699.48
281.89	38678.11
281.96	38651.46
282.03	38624.55
282.09	38586.56
282.16	38546.61
282.23	38512.80
282.30	38482.26
282.36	38445.61
282.43	38421.42
282.50	38407.98
282.56	38372.14
282.63	38338.11
282.70	38311.98
282.77	38285.94
282.83	38260.42
282.90	38244.20
282.97	38224.93
283.03	38213.33
283.10	38202.41
283.17	38182.54
283.24	38161.85
283.30	38128.09
283.37	38093.56
283.44	38046.40
283.50	38000.12
283.57	37953.58
283.64	37910.18
283.71	37856.67
283.77	37815.11
283.84	37784.83
283.91	37763.81
283.97	37756.91
284.04	37756.44
284.11	37742.25
284.18	37725.86
284.24	37713.13
284.31	37698.53
284.38	37681.95
284.44	37675.06
284.51	37665.28
284.58	37656.82
284.64	37648.69
284.71	37635.87
284.78	37610.39
284.85	37594.53
284.91	37574.07
284.98	37553.49
285.05	37514.23
285.11	37489.60
285.18	37453.11
285.25	37419.29
285.31	37395.07
285.38	37384.51
285.45	37377.08
285.52	37368.88
285.58	37356.80
285.65	37330.13
285.72	37301.87
285.78	37279.82
285.85	37264.05
285.92	37248.39
285.98	37233.18
286.05	37222.51
286.12	37207.00
286.18	37187.77
286.25	37164.72
286.32	37138.48
286.39	37119.31
286.45	37090.85
286.52	37057.03
286.59	37028.62
286.65	37016.19
286.72	37011.89
286.79	37006.57
286.85	37012.01
286.92	37013.53
286.99	37002.43
287.05	36973.29
287.12	36960.70
287.19	36944.11
287.25	36935.45
287.32	36930.31
287.39	36935.62
287.45	36925.43
287.52	36913.47
287.59	36899.93
287.65	36885.31
287.72	36860.21
287.79	36836.18
287.86	36805.14
287.92	36775.67
287.99	36745.40
288.06	36732.76
288.12	36713.47
288.19	36700.88
288.26	36678.86
288.32	36661.19
288.39	36638.86
288.46	36627.29
288.52	36622.71
288.59	36628.63
288.66	36633.78
288.72	36633.45
288.79	36632.52
288.86	36616.15
288.92	36597.26
288.99	36571.59
289.06	36551.11
289.12	36522.81
289.19	36512.93
289.26	36499.49
289.32	36496.43
289.39	36484.64
289.45	36487.21
289.52	36469.64
289.59	36462.34
289.65	36449.59
289.72	36434.62
289.79	36420.15
289.85	36415.39
289.92	36403.64
289.99	36393.34
290.05	36380.78
290.12	36362.65
290.19	36344.44
290.25	36321.49
290.32	36298.78
290.39	36288.08
290.45	36278.72
290.52	36272.16
290.59	36271.40
290.65	36261.78
290.72	36250.24
290.79	36238.50
290.85	36231.75
290.92	36230.24
290.98	36233.25
291.05	36237.07
291.12	36230.41
291.18	36221.94
291.25	36206.70
291.32	36191.11
291.38	36167.50
291.45	36151.17
291.52	36127.24
291.58	36109.85
291.65	36096.89
291.72	36090.81
291.78	36081.82
291.85	36071.62
291.91	36055.56
291.98	36051.81
292.05	36032.44
292.11	36025.10
292.18	36019.25
292.25	36014.16
292.31	35985.05
292.38	35980.84
292.45	35970.68
292.51	35963.26
292.58	35947.23
292.64	35946.32
292.71	35929.78
292.78	35916.90
292.84	35897.11
292.91	35887.01
292.98	35872.07
293.04	35865.01
293.11	35851.73
293.17	35842.84
293.24	35839.34
293.31	35828.96
293.37	35820.01
293.44	35803.18
293.51	35794.27
293.57	35772.21
293.64	35766.72
293.70	35757.76
293.77	35748.88
293.84	35734.98
293.90	35720.50
293.97	35708.55
294.04	35698.53
294.10	35683.67
294.17	35666.32
294.23	35657.54
294.30	35635.42
294.37	35615.78
294.43	35613.41
294.50	35604.39
294.56	35596.83
294.63	35586.87
294.70	35570.25
294.76	35552.97
294.83	35544.13
294.90	35534.86
294.96	35524.32
295.03	35517.80
295.09	35514.42
295.16	35511.37
295.23	35496.72
295.29	35487.15
295.36	35472.51
295.42	35441.86
295.49	35416.55
295.56	35410.41
295.62	35406.33
295.69	35398.39
295.75	35397.42
295.82	35386.66
295.89	35362.28
295.95	35330.09
296.02	35302.60
296.08	35274.21
296.15	35242.23
296.22	35219.41
296.28	35203.72
296.35	35194.98
296.41	35180.09
296.48	35174.50
296.55	35167.32
296.61	35154.17
296.68	35143.44
296.74	35141.35
296.81	35140.79
296.88	35130.42
296.94	35121.49
297.01	35108.65
297.07	35086.86
297.14	35069.96
297.20	35060.57
297.27	35052.38
297.34	35049.94
297.40	35051.59
297.47	35038.97
297.53	35016.31
297.60	34999.69
297.67	34972.20
297.73	34950.78
297.80	34931.33
297.86	34913.81
297.93	34889.31
298.00	34867.85
298.06	34842.22
298.13	34831.45
298.19	34817.46
298.26	34810.73
298.32	34811.48
298.39	34803.83
298.46	34779.19
298.52	34762.50
298.59	34737.09
298.65	34701.68
298.72	34682.48
298.78	34665.99
298.85	34646.71
298.92	34624.56
298.98	34607.63
299.05	34578.18
299.11	34553.42
299.18	34525.48
299.24	34494.83
299.31	34454.69
299.38	34428.33
299.44	34396.51
299.51	34380.74
299.57	34372.08
299.64	34368.30
299.70	34360.62
299.77	34343.41
299.84	34314.29
299.90	34279.25
299.97	34237.98
300.03	34205.12
300.10	34189.28
300.16	34171.41
300.23	34153.06
300.30	34141.45
300.36	34115.24
300.43	34093.18
300.49	34067.44
300.56	34044.46
300.62	34028.09
300.69	34011.98
300.75	33988.10
300.82	33962.07
300.89	33936.05
300.95	33907.41
301.02	33871.24
301.08	33824.52
301.15	33792.26
301.21	33764.94
301.28	33728.95
301.34	33700.49
301.41	33682.62
301.48	33653.29
301.54	33624.76
301.61	33599.85
301.67	33571.13
301.74	33544.53
301.80	33511.20
301.87	33470.42
301.93	33429.35
302.00	33387.16
302.06	33333.37
302.13	33288.84
302.20	33259.02
302.26	33223.11
302.33	33198.64
302.39	33175.56
302.46	33140.25
302.52	33092.43
302.59	33051.88
302.65	32999.18
302.72	32950.56
302.78	32917.44
302.85	32890.37
302.91	32852.81
302.98	32826.83
303.05	32795.12
303.11	32761.50
303.18	32712.71
303.24	32680.32
303.31	32632.60
303.37	32592.78
303.44	32553.89
303.50	32517.02
303.57	32468.11
303.63	32426.36
303.70	32379.75
303.76	32326.49
303.83	32284.01
303.89	32237.65
303.96	32182.79
304.03	32132.68
304.09	32086.66
304.16	32029.83
304.22	31975.81
304.29	31931.50
304.35	31873.96
304.42	31826.61
304.48	31782.65
304.55	31732.67
304.61	31678.52
304.68	31636.14
304.74	31582.06
304.81	31533.58
304.87	31480.37
304.94	31435.90
305.00	31389.12
305.07	31332.46
305.13	31264.08
305.20	31209.17
305.26	31157.84
305.33	31105.12
305.39	31058.99
305.46	31006.98
305.52	30959.85
305.59	30905.17
305.66	30846.07
305.72	30793.79
305.79	30744.51
305.85	30688.64
305.92	30600.22
305.98	30482.75
306.05	30338.65
306.11	30191.47
306.18	30023.55
306.24	29892.27
306.31	29824.85
306.37	29817.32
306.44	29851.90
306.50	29914.86
306.57	29970.86
306.63	29995.12
306.70	29969.67
306.76	29911.72
306.83	29850.16
306.89	29783.66
306.96	29711.04
307.02	29650.49
307.09	29600.42
307.15	29539.22
307.22	29489.72
307.28	29435.88
307.35	29376.25
307.41	29301.15
307.48	29233.62
307.54	29156.77
307.61	29089.92
307.67	29022.59
307.74	28967.88
307.80	28914.02
307.87	28857.89
307.93	28803.21
308.00	28749.90
308.06	28700.50
308.13	28631.78
308.19	28571.91
308.26	28509.95
308.32	28455.17
308.38	28388.54
308.45	28333.06
308.51	28281.89
308.58	28222.87
308.64	28154.91
308.71	28097.64
308.77	28042.61
308.84	27970.45
308.90	27915.41
308.97	27858.77
309.03	27803.14
309.10	27742.34
309.16	27681.63
309.23	27605.92
309.29	27536.28
309.36	27448.18
309.42	27367.45
309.49	27294.73
309.55	27232.30
309.62	27167.86
309.68	27129.17
309.75	27074.05
309.81	27014.49
309.88	26955.67
309.94	26898.38
310.00	26827.02
310.07	26758.62
310.13	26699.15
310.20	26633.46
310.26	26567.74
310.33	26494.20
310.39	26437.84
310.46	26378.09
310.52	26319.02
310.59	26255.16
310.65	26202.29
310.72	26138.29
310.78	26074.51
310.85	26007.62
310.91	25948.58
310.97	25888.04
311.04	25832.31
311.10	25769.93
311.17	25707.94
311.23	25645.30
311.30	25582.14
311.36	25525.56
311.43	25476.67
311.49	25422.63
311.56	25369.92
311.62	25316.03
311.69	25257.23
311.75	25206.83
311.81	25145.69
311.88	25084.08
311.94	25024.76
312.01	24976.22
312.07	24911.44
312.14	24869.96
312.20	24825.25
312.27	24776.91
312.33	24715.77
312.40	24651.37
312.46	24581.68
312.52	24517.65
312.59	24454.33
312.65	24384.26
312.72	24317.04
312.78	24258.94
312.85	24197.87
312.91	24129.65
312.98	24074.50
313.04	24033.03
313.10	23983.22
313.17	23927.06
313.23	23879.52
313.30	23825.77
313.36	23763.49
313.43	23701.97
313.49	23646.58
313.56	23585.09
313.62	23524.39
313.68	23462.19
313.75	23411.68
313.81	23360.50
313.88	23313.22
313.94	23265.39
314.01	23223.21
314.07	23167.40
314.13	23109.78
314.20	23058.87
314.26	23004.68
314.33	22950.58
314.39	22894.76
314.46	22834.59
314.52	22780.41
314.58	22723.88
314.65	22663.91
314.71	22609.01
314.78	22560.46
314.84	22506.82
314.91	22455.40
314.97	22405.81
315.03	22354.87
315.10	22301.79
315.16	22236.55
315.23	22190.11
315.29	22144.27
315.36	22089.27
315.42	22041.30
315.48	21997.70
315.55	21944.86
315.61	21881.10
315.68	21836.41
315.74	21777.82
315.81	21721.74
315.87	21659.57
315.93	21618.68
316.00	21582.81
316.06	21551.40
316.13	21521.97
316.19	21473.86
316.25	21377.25
316.32	21237.67
316.38	21065.17
316.45	20852.09
316.51	20624.56
316.58	20402.30
316.64	20165.51
316.70	19935.79
316.77	19696.80
316.83	19454.35
316.90	19203.73
316.96	18955.55
317.02	18701.64
317.09	18459.92
317.15	18224.56
317.22	17985.56
317.28	17750.04
317.34	17508.30
317.41	17268.72
317.47	17024.50
317.54	16777.67
317.60	16528.20
317.66	16282.24
317.73	16035.39
317.79	15793.28
317.86	15557.60
317.92	15319.01
317.98	15074.70
318.05	14821.46
318.11	14566.10
318.18	14315.79
318.24	14063.42
318.30	13816.99
318.37	13571.58
318.43	13317.15
318.50	13052.85
318.56	12791.80
318.62	12529.61
318.69	12263.77
318.75	12002.17
318.82	11735.30
318.88	11468.63
318.94	11198.59
319.01	10928.85
319.07	10659.48
319.13	10390.52
319.20	10117.02
319.26	9836.66
319.33	9555.23
319.39	9265.37
319.45	8983.97
319.52	8703.00
319.58	8421.25
319.65	8139.69
319.71	7860.79
319.77	7579.71
319.84	7302.26
319.90	7033.20
319.96	6761.81
320.03	6498.38
320.09	6239.33
320.16	5975.02
320.22	5721.95
320.28	5476.09
320.35	5231.64
320.41	4996.70
320.47	4774.21
320.54	4549.31
320.60	4340.96
320.67	4142.73
320.73	3945.10
320.79	3756.12
320.86	3579.97
320.92	3403.52
320.98	3239.34
321.05	3082.25
321.11	2928.88
321.18	2785.25
321.24	2653.80
321.30	2521.12
321.37	2400.29
321.43	2296.71
321.49	2193.30
321.56	2095.58
321.62	2008.86
321.68	1923.01
321.75	1839.82
321.81	1764.52
321.88	1693.06
321.94	1628.92
322.00	1568.96
322.07	1504.74
322.13	1444.40
322.19	1382.91
322.26	1318.85
322.32	1261.46
322.38	1213.08
322.45	1169.20
322.51	1124.19
322.58	1086.99
322.64	1042.42
322.70	999.91
322.77	951.22
322.83	914.50
322.89	867.36
322.96	827.13
323.02	786.69
323.08	747.71
323.15	706.79
323.21	671.83
323.27	636.34
323.34	600.90
323.40	568.21
323.46	534.07
323.53	496.41
323.59	417.59
323.65	313.64
323.72	195.83
323.78	85.04
323.85	-15.58
323.91	-66.66
323.97	-86.04
324.04	-87.08
