3426.6304
-125.5951
631.6067
-49.0081
-18.5204
4.565
31.4282
29.7482
29.5547
31.8299
32.9409
30.9605
29.7644
30.2615
30.448
45.8181
52.3493
59.3703
70.2508
75.5938
70.489
66.1233
66.7474
67.2251
67.3442
70.5748
73.6861
80.2613
82.5325
92.3046
91.5172
106.2372
114.9122
122.4694
130.976
144.8708
144.9888
144.5466
140.2197
138.5233
130.0178
137.4312
144.4735
164.792
174.9184
201.5078
221.6601
253.9973
280.0185
308.4404
348.8433
379.8348
411.6261
455.4085
488.9623
499.854
517.2153
505.9136
450.4674
397.6687
348.5502
315.1314
311.0813
354.4224
423.2147
492.2468
569.9999
643.9458
730.1901
788.7912
850.2851
905.7942
948.7563
987.4844
1064.5921
1122.4626
1188.6624
1302.1661
1371.1849
1395.8877
1386.8424
1248.5301
1051.295
905.774
813.722
799.017
920.4487
1083.0196
1225.291
1349.8217
1452.9312
1566.3178
1671.7017
1795.1016
1924.2187
2033.9251
2150.7162
2285.7905
2365.9565
2466.0116
2611.0845
2683.3513
2740.3522
2850.6285
2878.9232
2739.8495
2487.9133
2223.3227
1961.1194
1769.9909
1771.9424
1960.2348
2169.4598
2371.012
2585.8077
2747.0098
2909.6048
3046.4842
3193.0504
3326.4604
3438.9838
3552.1498
3685.9495
3768.9864
3862.8504
3994.6526
4053.4043
4110.0207
4209.8179
4259.5958
4255.9803
4233.2268
4051.6382
3686.4013
3342.8212
3097.2348
2954.5858
2999.3969
3237.7804
3492.8823
3718.4781
3914.1135
4073.1951
4245.0986
4387.8341
4535.7604
4668.7121
4784.1575
4899.3197
5017.0915
5087.5739
5176.1779
5275.8724
5314.7974
5365.4656
5414.8731
5413.5788
5414.5133
5442.5951
5456.2333
5445.6545
5345.986
5115.9029
4860.3962
4654.8566
4518.9656
4539.4538
4718.1884
4949.1944
5155.1114
5344.7615
5497.349
5654.4351
5766.8743
5869.6424
5969.953
6037.6356
6093.498
6164.7126
6215.7176
6260.3701
6323.8273
6347.5909
6370.7704
6405.9012
6428.0371
6460.3999
6515.1723
6561.4824
6596.4305
6635.5338
6660.6769
6632.7122
6542.6682
6441.6533
6353.3503
6286.6465
6278.7626
6346.6532
6451.3162
6548.3789
6648.7567
6739.9995
6831.8361
6910.4694
6984.616
7041.58
7090.3325
7136.6232
7171.4139
7193.9411
7212.2572
7236.953
7246.4204
7260.6289
7283.2542
7296.0344
7303.6247
7313.5259
7324.1104
7339.3251
7370.6915
7408.4725
7455.9989
7502.8924
7529.6122
7533.9629
7531.3523
7531.2319
7536.6878
7549.4395
7586.6618
7628.9091
7662.9026
7697.4918
7733.3383
7757.0998
7772.6811
7774.9667
7762.0222
7761.0262
7770.2841
7798.5585
7849.42
7910.7239
7966.3596
8023.0596
8068.8713
8107.7372
8139.6029
8172.2545
8199.08
8232.5759
8255.6916
8277.3869
8300.8028
8323.3313
8325.4885
8320.6376
8303.6353
8292.4823
8276.9003
8283.362
8316.6449
8381.9919
8444.251
8517.9807
8585.5873
8638.2929
8686.019
8728.7048
8767.5783
8807.8417
8841.3522
8859.9248
8873.9474
8880.7685
8892.6742
8906.9115
8923.7073
8931.2818
8938.1777
8940.2129
8956.9409
8990.5467
9045.6451
9121.7231
9194.6896
9263.1384
9329.5
9386.9219
9430.9154
9477.5493
9520.1776
9554.5142
9593.1051
9628.0477
9662.1654
9695.2079
9723.2667
9743.7219
9773.7886
9797.7796
9812.5987
9834.8242
9872.4183
9911.6961
9971.9069
10048.2755
10123.5396
10190.0519
10256.388
10304.5803
10355.6264
10409.556
10462.5871
10512.2744
10561.7046
10615.9583
10666.4821
10718.0242
10762.006
10812.1318
10848.5782
10883.3681
10925.7487
10974.2
11016.4922
11070.1392
11131.4153
11198.9226
11271.0435
11349.2073
11422.2153
11492.9891
11555.0628
11619.8051
11683.9366
11747.0434
11807.9971
11871.2508
11933.8045
11997.0766
12067.4803
12140.0726
12212.2761
12277.2842
12343.9851
12411.8474
12472.755
12538.3831
12601.6599
12672.4821
12742.057
12823.2392
12904.6879
12994.8882
13080.8891
13168.5498
13255.2138
13338.0337
13421.5976
13505.2597
13589.059
13671.175
13754.7892
13833.4874
13915.191
13992.4464
14077.6439
14162.7777
14247.8464
14326.1175
14411.8428
14489.6597
14573.519
14666.9415
14769.1663
14863.4545
14965.7412
15059.7753
15155.1723
15246.3515
15340.3515
15440.905
15543.9709
15644.0616
15744.3357
15850.279
15951.3481
16054.6958
16156.7655
16263.1957
16366.6708
16463.1407
16565.7678
16667.8165
16774.169
16876.6707
16990.0878
17099.9998
17212.0375
17317.4419
17431.5842
17541.6947
17651.0584
17766.268
17887.7362
18004.2287
18114.7305
18233.1814
18349.5864
18475.0955
18594.6609
18720.5823
18841.8317
18964.4175
19074.2918
19196.3396
19321.1569
19445.852
19569.0345
19697.0792
19820.4362
19944.0511
20068.9539
20202.3999
20327.3735
20457.8433
20581.3186
20710.3592
20836.5971
20965.8294
21099.7593
21238.6396
21367.7305
21498.199
21631.7417
21760.4425
21890.8413
22023.1991
22154.7235
22292.4889
22424.6375
22561.2409
22699.743
22832.8416
22967.6484
23109.583
23245.9054
23384.553
23527.5306
23668.447
23817.1693
23965.2347
24114.124
24267.6118
24416.1665
24562.2178
24704.8574
24844.7726
24982.2594
25118.1041
25250.7633
25390.7749
25533.6003
25675.8809
25821.7284
25972.2552
26115.615
26263.8795
26410.3824
26562.0626
26704.8925
26861.6039
27013.4161
27161.9612
27303.303
27449.5444
27585.7833
27731.0373
27871.4934
28021.0426
28170.7531
28323.4666
28470.1571
28628.31
28782.7356
28937.3369
29086.7178
29240.257
29384.1007
29528.52
29671.9797
29824.4424
29978.0337
30137.5625
30291.0915
30441.8121
30583.2084
30713.5839
30840.8791
30972.4677
31110.2623
31258.8376
31411.3932
31570.6702
31727.9617
31879.0142
32028.6896
32173.9975
32313.9448
32462.3267
32610.4528
32754.2303
32902.5071
33057.2929
33200.4381
33343.6382
33482.5829
33619.4049
33752.6672
33890.4752
34028.9518
34166.1849
34309.0256
34451.649
34594.6575
34736.3941
34883.4221
35027.6158
35161.0836
35289.2701
35424.9312
35569.5132
35703.3144
35846.8129
35994.8992
36130.2317
36257.8471
36391.8676
36521.5697
36643.2871
36767.2602
36893.2764
37018.4773
37142.8779
37273.3838
37411.3828
37539.5414
37664.2418
37785.0813
37898.5674
38011.7117
38130.5193
38255.169
38387.5885
38519.5742
38642.4973
38756.2345
38870.9128
38987.8911
39111.8743
39231.4588
39357.8676
39481.8097
39602.6299
39709.2413
39823.1058
39936.5421
40051.0708
40160.6938
40278.3882
40388.8013
40495.4494
40599.2642
40703.6479
40812.7825
40921.6284
41031.7534
41137.1381
41240.1393
41339.0697
41446.7472
41552.5989
41660.8345
41772.2055
41891.3506
41998.1704
42103.2127
42199.3461
42286.5124
42363.504
42445.6169
42527.786
42618.2778
42706.7137
42799.4602
42898.0016
42988.7074
43068.3426
43153.2202
43237.5655
43320.8348
43410.8558
43513.2924
43619.2511
43717.934
43810.2805
43904.3344
43991.7763
44067.7692
44149.048
44230.4415
44306.2812
44379.3049
44453.2848
44525.1433
44597.21
44668.4395
44739.3693
44818.0139
44895.7432
44969.93
45047.9529
45128.6705
45196.5474
45265.9658
45345.9459
45426.4896
45506.901
45594.7518
45677.0473
45746.6639
45798.6101
45845.7489
45893.8697
45936.5559
45983.3813
46048.9691
46119.0979
46194.6746
46272.982
46350.4335
46423.6528
46493.3075
46555.2091
46615.6976
46673.9343
46718.9133
46759.7867
46803.2001
46844.8935
46882.8425
46932.7528
46987.0398
47043.2737
47107.8437
47170.566
47227.234
47283.9902
47337.8569
47392.5458
47460.0744
47522.9087
47580.3529
47628.3632
47671.8869
47705.0651
47746.3036
47798.161
47858.319
47914.5893
47968.381
48017.3553
48052.9548
48084.0489
48115.0814
48155.099
48194.8174
48242.3526
48295.6048
48349.0961
48399.4299
48454.626
48514.0204
48555.7869
48592.9853
48619.6206
48649.8435
48674.4722
48719.6018
48772.1594
48831.5714
48885.8023
48941.3735
48983.8867
49025.1002
49064.5773
49100.3767
49131.3211
49158.9173
49182.7386
49208.5242
49237.6568
49264.9208
49303.077
49339.0974
49367.7345
49387.9511
49412.993
49436.826
49469.7581
49502.5466
49549.5107
49590.8995
49628.7617
49654.0712
49678.4225
49689.6014
49699.0854
49700.915
49706.3192
49714.3687
49729.0933
49752.8816
49781.1688
49809.4896
49841.7212
49868.8599
49901.4669
49927.8832
49954.864
49975.2737
49997.442
50004.4637
50013.2136
50018.3704
50025.2485
50035.9569
50043.5364
50054.4743
50064.2487
50072.4465
50070.7872
50074.0129
50074.6898
50072.8763
50074.1316
50084.1948
50086.624
50095.9568
50103.5683
50111.0278
50112.6069
50119.7216
50118.3995
50120.4742
50112.7484
50100.292
50081.5314
50064.6451
50046.8948
50017.773
49997.4284
49980.4074
49965.9068
49953.1682
49951.299
49943.225
49941.5882
49945.6307
49947.5271
49947.8308
49952.6196
49945.5331
49930.3688
49920.309
49917.8398
49909.1268
49895.4976
49880.9332
49862.4901
49850.8175
49842.9306
49847.9009
49850.9422
49851.8484
49839.199
49827.575
49812.1702
49807.7866
49795.7845
49784.0831
49767.565
49755.4451
49734.2852
49717.9303
49704.9301
49692.0775
49679.0607
49662.9225
49653.3358
49644.7853
49641.8254
49631.3956
49612.4198
49592.4631
49568.5581
49533.0341
49497.686
49465.4057
49443.2954
49426.4183
49415.301
49414.9721
49419.0435
49414.4214
49403.7204
49393.2835
49374.2611
49358.8749
49343.454
49341.4189
49338.5884
49335.9978
49330.1549
49321.5322
49306.7518
49291.9516
49280.7509
49274.6682
49269.6182
49264.3078
49262.8066
49250.9966
49234.1329
49220.709
49204.7493
49188.4494
49180.0052
49170.9291
49157.6559
49139.885
49117.9926
49092.1337
49069.2848
49057.6399
49047.0074
49036.7683
49040.1903
49037.1088
49032.6504
49031.5702
49035.5879
49025.2699
49026.2081
49016.3815
49013.9698
49016.2555
49018.8194
49019.4113
49030.9173
49034.0425
49037.8019
49054.9735
49070.8471
49074.0581
49079.573
49076.2705
49063.5409
49054.0465
49049.6662
49043.75
49035.9669
49032.3698
49026.2473
49017.1631
49014.1361
49014.9278
49020.0588
49026.5196
49027.4838
49026.9226
49036.5774
49047.2705
49062.2391
49088.575
49116.2124
49136.6637
49146.8742
49161.7585
49186.004
49217.8578
49243.577
49264.4404
49271.1544
49273.8847
49268.1365
49262.7244
49268.9141
49287.1418
49299.1075
49309.2095
49321.2764
49325.6458
49327.0791
49333.3393
49346.8899
49363.5932
49387.7633
49410.6316
49436.1565
49456.6815
49481.6339
49510.0206
49535.4062
49545.117
49546.9835
49543.2647
49536.719
49547.7744
49566.6045
49602.3952
49640.9587
49685.982
49714.403
49745.7342
49777.7475
49816.666
49846.0858
49876.6591
49907.6907
49933.8988
49950.0298
49973.2437
49998.1897
50018.2671
50030.3287
50051.7626
50078.6785
50099.82
50129.5346
50158.6057
50182.6784
50194.2339
50215.7257
50232.4624
50251.1416
50261.3507
50261.0448
50252.1928
50257.989
50270.8399
50302.8944
50352.989
50410.9732
50456.7606
50505.2975
50546.9449
50577.2851
50602.2022
50623.1853
50644.7513
50661.614
50689.3787
50718.6176
50750.728
50774.7058
50789.9258
50808.2082
50826.6432
50847.2199
50869.812
50905.4783
50929.3498
50948.7374
50963.7733
50978.2149
50995.0383
51015.1961
51035.7225
51053.4758
51077.4283
51094.0578
51110.4067
51123.9387
51139.6465
51153.9547
51161.4215
51173.1361
51190.2928
51217.3974
51232.07
51248.6868
51259.5304
51270.3859
51277.7818
51294.8155
51311.641
51338.2717
51361.261
51371.5347
51382.5897
51402.5547
51411.3308
51435.9875
51468.1231
51497.4892
51512.9997
51530.7294
51544.4386
51560.6289
51568.7327
51587.8912
51607.656
51623.2497
51636.3325
51650.4268
51662.6175
51678.5586
51691.5657
51700.8732
51710.1532
51719.5396
51725.7901
51724.4983
51733.4357
51738.2954
51744.578
51748.0348
51761.1768
51758.7377
51757.834
51745.8693
51742.904
51734.6212
51734.5491
51744.7558
51759.8767
51765.7186
51775.8504
51788.9557
51803.6469
51808.5112
51818.9297
51820.902
51817.7124
51809.1702
51816.069
51815.3947
51817.275
51820.9806
51823.3596
51819.7973
51823.7191
51827.3725
51829.1204
51831.1972
51832.4533
51820.096
51810.7077
51789.5903
51771.3921
51757.9396
51756.1212
51745.4836
51752.5795
51744.6035
51734.0137
51713.9928
51702.1888
51683.9246
51676.5548
51658.5724
51647.9218
51634.0921
51620.7022
51613.6725
51615.8172
51619.7084
51622.6017
51622.4152
51611.1622
51599.3684
51576.5932
51557.5712
51545.2287
51529.7703
51511.7839
51491.0124
51466.543
51440.7158
51423.6257
51409.7327
51404.5214
51391.6925
51374.5194
51345.1777
51312.6304
51275.358
51251.1135
51228.3895
51206.9567
51180.5182
51151.945
51116.5835
51085.6855
51060.5886
51046.0713
51037.1065
51023.4476
50999.507
50980.7279
50959.1368
50933.932
50912.1957
50887.6655
50859.5474
50825.0838
50793.5183
50765.9407
50738.7052
50701.561
50664.9635
50625.7002
50582.2314
50542.243
50513.0495
50491.995
50469.7388
50442.1668
50414.0319
50381.1773
50335.6851
50301.4624
50270.4162
50233.9876
50204.0084
50176.3328
50135.7233
50100.5994
50071.082
50041.1029
50013.4714
49987.892
49959.6048
49927.6031
49889.7069
49854.8914
49816.5191
49779.7373
49734.0098
49686.6554
49643.9213
49600.0934
49556.5751
49520.5775
49484.7713
49444.3133
49410.8115
49373.9622
49342.6951
49302.0127
49259.5043
49215.3694
49169.951
49120.6468
49079.0071
49039.1191
49000.6483
48953.0793
48911.8981
48876.6076
48833.7389
48794.5241
48761.7799
48728.3591
48699.5497
48670.5678
48627.8453
48587.6626
48540.8251
48482.1336
48429.6387
48390.3769
48348.1896
48304.9717
48266.1651
48230.0265
48181.3759
48140.1546
48101.5083
48058.2708
48010.3984
47961.9711
47897.8804
47837.776
47779.243
47719.5932
47667.5234
47625.038
47572.9453
47530.7009
47488.612
47444.1377
47401.3808
47368.6427
47327.0671
47288.0226
47252.4579
47222.3872
47188.7655
47154.9625
47117.6035
47080.4992
47030.6051
46975.1525
46925.8636
46877.6205
46823.9922
46775.2405
46733.5157
46691.3372
46652.2798
46616.6302
46581.994
46547.8976
46507.5373
46463.704
46413.5577
46368.4138
46323.5471
46282.3564
46252.8627
46224.5249
46187.2519
46146.8283
46108.0992
46055.0221
45998.2584
45948.3815
45907.7915
45857.115
45816.4192
45792.2408
45768.4647
45733.3373
45706.3999
45667.2427
45625.2687
45579.5718
45547.1752
45515.4376
45481.79
45444.9869
45417.3195
45377.214
45342.3901
45309.4217
45276.8328
45238.9304
45207.5301
45165.3543
45129.0423
45084.3776
45043.2287
45003.8489
44959.3643
44924.6468
44903.9262
44876.8829
44842.7202
44818.2926
44794.386
44759.8262
44725.6812
44697.8809
44663.9743
44630.8401
44606.8711
44586.1884
44558.3175
44541.0213
44516.0536
44489.8416
44466.6297
44453.9694
44428.0571
44397.896
44364.1581
44328.7328
44288.6422
44259.0735
44233.961
44214.2573
44192.9469
44172.2041
44151.1055
44133.4759
44108.5964
44086.7371
44059.3852
44039.6512
44015.8999
44000.375
43980.6694
43969.2552
43949.1759
43927.6113
43897.9521
43862.2672
43816.4548
43767.334
43718.6818
43684.4557
43665.7671
43645.323
43623.6383
43604.1953
43568.0527
43520.9504
43488.4947
43459.3367
43435.8429
43415.9984
43405.0323
43389.5016
43372.7657
43348.5409
43327.0051
43297.4052
43262.5611
43235.469
43210.9905
43183.8644
43159.0051
43133.6565
43108.1767
43088.4574
43063.0271
43039.5279
43017.4494
42991.2693
42960.6742
42939.3844
42919.2257
42901.9045
42884.3419
42864.0893
42845.2043
42823.1432
42804.0904
42788.6609
42774.3105
42754.5935
42738.7452
42720.0117
42690.3666
42665.9296
42646.6945
42622.4104
42593.1664
42568.3222
42542.0583
42512.915
42495.455
42474.7914
42457.4791
42436.3674
42421.3571
42398.2746
42381.477
42365.0187
42348.1526
42331.25
42311.8961
42292.023
42278.1169
42262.2956
42240.1944
42215.3054
42196.6038
42173.99
42153.3612
42129.0127
42108.6859
42080.4177
42050.4158
42020.8842
41995.0497
41974.9227
41961.8995
41948.3482
41936.9105
41920.7005
41900.2879
41872.7949
41844.1451
41813.6107
41790.1078
41760.7123
41735.2523
41711.7584
41690.1195
41659.8609
41629.6199
41594.8139
41545.8033
41486.3815
41417.2781
41347.1623
41279.1844
41221.2179
41168.2777
41133.4793
41100.9897
41069.5248
41040.8177
41007.6794
40973.0917
40938.8458
40906.2734
40876.394
40853.6636
40830.3724
40809.0125
40784.9463
40759.1232
40735.4115
40711.4569
40695.2531
40669.3551
40648.718
40627.2593
40613.9742
40589.4117
40575.6145
40552.0584
40526.6332
40496.4196
40473.8614
40448.3598
40423.2223
40397.7168
40372.3003
40343.0839
40322.8236
40295.0416
40260.026
40217.2358
40183.1268
40139.1428
40117.5148
40121.7646
40134.7639
40145.0097
40159.5873
40165.4133
40156.8021
40139.8314
40118.9015
40102.1712
40089.6012
40078.3057
40067.203
40057.8602
40043.147
40023.6828
39995.3863
39977.85
39957.351
39944.4616
39939.1943
39940.9293
39938.8877
39939.9134
39933.0246
39916.5454
39894.5528
39873.5433
39856.2723
39838.428
39821.6207
39810.6835
39801.4488
39789.1595
39783.2063
39778.0165
39778.1178
39772.5108
39764.0865
39751.6365
39745.3063
39738.5135
39729.1681
39717.9556
39707.6215
39698.2246
39676.8741
39673.2237
39669.0685
39669.1517
39664.0516
39669.6573
39663.1555
39661.5719
39658.9574
39656.3946
39644.9513
39632.138
39618.5089
39602.3211
39588.5755
39586.5779
39580.1649
39578.0559
39568.6802
39561.6936
39550.8346
39548.1268
39544.6339
39551.6256
39557.9405
39561.2847
39566.4017
39567.6178
39564.4399
39554.0629
39549.6004
39544.6324
39547.5516
39550.8983
39560.013
39563.2078
39568.4094
39558.5109
39558.4795
39561.7218
39565.8623
39574.345
39588.6071
39593.8382
39596.5909
39595.893
39583.842
39579.6801
39575.8155
39572.6631
39577.1812
39583.1544
39585.6736
39593.0249
39594.5979
39591.1577
39591.5022
39597.7978
39608.3182
39617.7675
39631.4852
39641.2593
39648.4654
39648.4868
39651.0533
39648.0051
39648.1209
39645.3597
39646.3383
39655.0589
39672.0631
39694.9905
39710.9817
39727.0821
39749.9709
39755.6784
39760.7969
39773.0071
39777.2454
39766.1463
39771.3663
39773.8066
39781.5445
39789.3771
39803.1429
39808.259
39817.3045
39813.9483
39821.4248
39829.214
39840.8002
39845.0498
39858.1942
39870.1261
39882.3963
39895.9886
39906.9604
39921.6208
39929.6572
39936.2526
39949.0044
39966.9295
39978.2929
39986.8957
39996.9528
40004.3351
40010.4833
40020.1202
40036.3428
40046.9868
40057.4195
40074.6575
40082.1796
40092.5324
40104.3971
40117.5564
40126.3333
40142.5116
40158.1586
40175.7599
40188.8479
40206.3218
40222.3912
40228.7678
40237.4755
40245.4571
40249.2688
40258.1737
40281.2169
40301.5484
40317.005
40333.4987
40349.2969
40354.9409
40357.9442
40369.0118
40375.5874
40378.3682
40391.5841
40410.3758
40431.2962
40450.1523
40471.026
40490.363
40504.6866
40521.0124
40544.9452
40571.2251
40590.2806
40611.7014
40629.7714
40641.0417
40650.2125
40661.6114
40675.469
40694.3273
40714.285
40729.5842
40743.2162
40759.6062
40767.1906
40781.4255
40793.3797
40803.6576
40814.5008
40831.5167
40843.7321
40869.0899
40889.94
40907.0593
40927.2451
40942.1466
40946.1108
40959.0622
40969.9576
40976.2311
40993.0125
41011.5436
41024.4429
41037.8151
41052.4822
41061.7479
41075.4249
41087.8769
41100.7358
41107.5869
41119.3723
41122.293
41134.1749
41144.5798
41160.349
41170.3161
41183.5597
41190.7429
41194.4673
41194.813
41204.23
41222.4443
41239.3147
41258.9023
41277.7334
41284.4247
41293.8123
41301.1148
41313.5351
41329.5879
41348.3559
41355.6838
41369.3351
41376.2601
41385.3238
41384.0458
41387.2278
41385.8562
41388.3877
41385.6227
41392.8477
41393.42
41393.5408
41386.3487
41384.3674
41381.8745
41388.3327
41391.0384
41395.1614
41392.53
41391.422
41378.5047
41367.1412
41364.2284
41359.6771
41356.2253
41351.6239
41351.5399
41341.5393
41338.5139
41333.404
41332.9283
41328.9925
41329.4766
41320.6808
41310.1264
41296.7174
41288.1999
41273.1741
41263.6312
41248.7289
41237.4452
41224.9283
41211.1388
41192.5677
41179.0039
41166.5688
41146.9443
41134.5398
41125.3404
41113.4029
41097.4659
41083.8276
41062.4463
41037.194
41017.1456
40994.1891
40975.0949
40957.2718
40940.5118
40918.0444
40901.4255
40881.2674
40865.0518
40834.5102
40808.7427
40780.6682
40747.0758
40707.6926
40679.9489
40655.2565
40631.1215
40609.2887
40579.2414
40557.1976
40530.612
40497.5723
40465.4937
40440.0868
40407.9488
40355.4076
40247.2767
40033.2076
39738.8075
39451.2466
39266.7673
39230.5544
39351.0614
39582.2048
39812.136
39954.4054
40006.1889
39997.6364
39958.9073
39911.3523
39855.8514
39805.1268
39760.2244
39724.0811
39685.8417
39656.4298
39617.3958
39577.8309
39528.1886
39480.1325
39430.7312
39381.5478
39325.2574
39274.5394
39231.2965
39185.2589
39142.9967
39107.8772
39068.8773
39017.9189
38967.654
38918.8944
38873.9797
38834.3948
38794.8316
38757.3534
38703.1807
38639.6833
38580.5127
38529.1987
38473.1549
38442.9113
38419.1163
38390.4889
38348.1806
38302.3406
38241.2223
38178.0383
38098.8141
38026.4418
37958.402
37890.197
37818.3379
37765.7937
37708.8556
37653.0188
37605.3887
37555.0885
37496.297
37439.8434
37390.6766
37330.7359
37278.882
37225.0451
37178.7185
37125.342
37075.7978
37023.7497
36976.9414
36918.8912
36858.6179
36795.7929
36739.3816
36681.8355
36626.733
36567.7951
36516.2931
36461.0331
36404.2066
36352.3539
36307.9945
36250.2
36189.2123
36126.9146
36064.0853
36004.5723
35943.8375
35883.5992
35832.4314
35789.4574
35735.161
35692.0979
35649.9054
35596.5972
35528.5827
35460.5001
35388.5928
35321.9285
35259.6866
35196.9659
35133.0674
35068.7912
34999.0393
34924.5181
34855.7982
34797.8268
34740.7834
34684.7007
34636.1351
34583.8724
34517.543
34448.158
34382.5765
34307.2714
34236.8139
34173.8736
34120.5431
34059.9749
33998.178
33936.6539
33881.7403
33821.84
33761.0521
33706.3329
33646.3372
33577.3668
33506.5617
33429.0278
33359.0141
33288.1881
33221.524
33154.9792
33097.6392
33034.03
32974.2395
32911.8364
32849.8389
32789.2184
32718.5713
32652.6808
32588.8749
32523.8543
32458.1463
32397.7528
32333.8484
32260.8831
32199.4129
32138.3077
32072.6044
32000.5656
31947.5945
31901.8289
31857.9711
31828.643
31779.2803
31677.9994
31512.7227
31294.8401
31014.2901
30702.7953
30368.9058
30016.043
29651.1756
29263.7379
28854.9678
28429.4665
27993.4145
27538.9721
27079.1411
26608.5643
26122.9701
25620.889
25103.7884
24576.918
24042.9986
23499.1523
22946.9814
22389.447
21819.7521
21244.7352
20670.5641
20090.8682
19499.1801
18905.3646
18310.8105
17722.2657
17130.9399
16544.775
15963.3743
15376.0981
14784.7293
14201.6922
13633.1334
13068.2276
12518.8756
11976.5756
11450.4466
10928.6968
10421.6854
9929.7102
9448.0011
8976.3315
8517.1925
8073.1347
7634.8137
7226.381
6833.2068
6454.5707
6090.8911
5746.2501
5409.7499
5092.1014
4793.1271
4506.4961
4236.7278
3985.3932
3740.3364
3515.0383
3305.188
3109.6137
2926.4628
2761.7933
2602.9348
2461.5592
2331.6862
2210.0632
2097.0643
1999.7719
1905.1711
1821.851
1745.0249
1671.9391
1604.9942
1546.872
1487.1063
1436.5221
1397.6645
1356.9926
1319.0793
1288.5547
1254.2268
1220.72
1192.2798
1163.5634
1139.3236
1117.7817
1089.5854
1061.6507
1032.4479
998.9355
968.8646
944.2731
922.9832
898.3788
878.9984
851.2136
826.6815
794.6356
773.4894
742.2678
715.7827
687.6351
660.4867
630.5931
606.1349
582.2179
557.4316
533.5872
508.7162
477.7508
403.4032
302.5969
189.255
80.3036
-18.493
-67.8906
-85.9205
-86.3896
