180.21	3422.83
180.28	-125.31
180.36	632.48
180.44	-46.15
180.51	-14.65
180.59	9.20
180.66	37.19
180.74	35.14
180.81	35.09
180.89	37.59
180.97	39.16
181.04	37.28
181.12	36.75
181.19	37.81
181.27	39.03
181.34	55.79
181.42	63.57
181.50	71.21
181.57	82.54
181.65	87.66
181.72	81.99
181.80	77.39
181.87	78.38
181.95	80.46
182.03	82.88
182.10	89.48
182.18	96.80
182.25	109.08
182.33	117.69
182.40	134.28
182.48	139.75
182.55	162.47
182.63	177.71
182.71	191.73
182.78	208.14
182.86	225.84
182.93	220.82
183.01	212.09
183.08	198.29
183.16	186.94
183.23	174.39
183.31	186.33
183.39	202.90
183.46	234.99
183.54	259.36
183.61	301.93
183.69	337.02
183.76	386.61
183.84	428.72
183.91	474.18
183.99	527.98
184.06	570.75
184.14	616.79
184.22	670.25
184.29	702.40
184.37	711.79
184.44	718.90
184.52	672.90
184.59	581.11
184.67	502.35
184.74	430.60
184.82	388.18
184.89	398.87
184.97	466.73
185.04	556.13
185.12	647.74
185.20	745.26
185.27	839.24
185.35	937.37
185.42	1002.35
185.50	1073.18
185.57	1129.37
185.65	1173.59
185.72	1224.74
185.80	1308.35
185.87	1374.10
185.95	1463.42
186.02	1576.26
186.10	1625.99
186.17	1626.86
186.25	1557.57
186.33	1360.86
186.40	1140.78
186.48	989.71
186.55	910.37
186.63	934.82
186.70	1089.95
186.78	1264.34
186.85	1415.07
186.93	1541.65
187.00	1660.39
187.08	1777.26
187.15	1891.90
187.23	2024.57
187.30	2152.89
187.38	2267.56
187.45	2395.24
187.53	2520.02
187.60	2603.09
187.68	2718.34
187.75	2842.88
187.83	2904.06
187.90	2973.28
187.98	3052.40
188.05	3018.89
188.13	2823.38
188.21	2539.40
188.28	2255.60
188.36	2000.38
188.43	1857.09
188.51	1918.70
188.58	2131.19
188.66	2339.22
188.73	2547.90
188.81	2752.33
188.88	2914.35
188.96	3066.71
189.03	3210.95
189.11	3358.67
189.18	3483.46
189.26	3591.23
189.33	3709.42
189.41	3826.71
189.48	3910.39
189.56	4017.10
189.63	4136.17
189.71	4194.40
189.78	4261.59
189.86	4339.84
189.93	4365.12
190.01	4338.17
190.08	4254.68
190.16	4001.84
190.23	3624.78
190.31	3302.15
190.38	3082.94
190.46	2992.45
190.53	3093.52
190.61	3344.71
190.68	3583.94
190.76	3803.32
190.83	3987.54
190.91	4154.00
190.98	4316.66
191.06	4464.97
191.13	4611.10
191.21	4741.52
191.28	4855.93
191.35	4972.41
191.43	5075.59
191.50	5142.39
191.58	5228.12
191.65	5301.39
191.73	5328.52
191.80	5365.66
191.88	5384.87
191.95	5367.03
192.03	5364.92
192.10	5379.91
192.18	5375.55
192.25	5332.49
192.33	5190.99
192.40	4955.01
192.48	4726.24
192.55	4556.98
192.63	4480.15
192.70	4559.74
192.78	4758.86
192.85	4980.40
192.93	5179.30
193.00	5347.34
193.08	5487.05
193.15	5615.34
193.22	5702.79
193.30	5774.18
193.37	5840.07
193.45	5878.05
193.52	5920.39
193.60	5977.16
193.67	6028.68
193.75	6088.95
193.82	6153.54
193.90	6189.38
193.97	6234.26
194.05	6280.63
194.12	6317.40
194.20	6370.31
194.27	6426.31
194.34	6462.21
194.42	6488.55
194.49	6511.10
194.57	6510.80
194.64	6451.54
194.72	6346.23
194.79	6233.18
194.87	6122.10
194.94	6028.91
195.02	6003.64
195.09	6044.83
195.17	6124.56
195.24	6222.80
195.31	6342.89
195.39	6468.75
195.46	6596.13
195.54	6708.84
195.61	6806.74
195.69	6878.54
195.76	6934.63
195.84	6978.95
195.91	7003.20
195.99	7010.53
196.06	7011.10
196.13	7013.77
196.21	7005.22
196.28	6993.93
196.36	6978.96
196.43	6943.80
196.51	6895.29
196.58	6853.47
196.66	6830.22
196.73	6845.12
196.80	6900.07
196.88	6979.27
196.95	7078.00
197.03	7175.18
197.10	7241.76
197.18	7281.87
197.25	7307.45
197.33	7319.13
197.40	7330.79
197.47	7333.55
197.55	7353.61
197.62	7377.15
197.70	7393.31
197.77	7406.56
197.85	7426.55
197.92	7417.39
197.99	7372.16
198.07	7290.21
198.14	7194.37
198.22	7134.60
198.29	7137.75
198.37	7210.45
198.44	7348.86
198.51	7509.39
198.59	7651.55
198.66	7765.29
198.74	7849.87
198.81	7902.48
198.89	7937.17
198.96	7960.48
199.03	7966.07
199.11	7964.49
199.18	7961.08
199.26	7958.81
199.33	7965.74
199.41	7972.39
199.48	7943.44
199.55	7868.55
199.63	7770.93
199.70	7678.10
199.78	7603.13
199.85	7606.35
199.93	7705.40
200.00	7866.07
200.07	8030.78
200.15	8197.27
200.22	8327.33
200.30	8413.18
200.37	8470.27
200.44	8508.39
200.52	8533.51
200.59	8561.57
200.67	8580.20
200.74	8583.35
200.81	8576.06
200.89	8560.56
200.96	8554.34
201.04	8537.12
201.11	8502.91
201.19	8444.02
201.26	8390.38
201.33	8334.89
201.41	8329.55
201.48	8389.99
201.56	8514.48
201.63	8673.44
201.70	8828.16
201.78	8960.21
201.85	9064.79
201.93	9145.96
202.00	9196.59
202.07	9238.10
202.15	9262.31
202.22	9278.49
202.30	9300.85
202.37	9325.39
202.44	9345.70
202.52	9364.47
202.59	9375.16
202.67	9370.87
202.74	9375.97
202.81	9365.58
202.89	9332.19
202.96	9312.08
203.04	9336.29
203.11	9383.11
203.18	9486.45
203.26	9638.12
203.33	9792.50
203.41	9910.20
203.48	9995.55
203.55	10034.22
203.63	10062.60
203.70	10092.90
203.77	10130.45
203.85	10170.43
203.92	10222.61
204.00	10287.46
204.07	10344.55
204.14	10394.23
204.22	10438.52
204.29	10483.22
204.37	10503.42
204.44	10515.29
204.51	10531.44
204.59	10552.07
204.66	10567.44
204.73	10613.56
204.81	10685.62
204.88	10782.19
204.96	10887.71
205.03	10997.05
205.10	11084.34
205.18	11156.77
205.25	11207.67
205.32	11250.63
205.40	11301.93
205.47	11363.15
205.55	11425.04
205.62	11491.84
205.69	11568.33
205.77	11640.73
205.84	11718.29
205.91	11793.90
205.99	11867.30
206.06	11924.42
206.14	11980.85
206.21	12035.91
206.28	12077.31
206.36	12121.95
206.43	12174.22
206.50	12244.50
206.58	12324.89
206.65	12419.63
206.72	12505.74
206.80	12582.83
206.87	12643.75
206.95	12697.60
207.02	12767.47
207.09	12851.24
207.17	12953.85
207.24	13059.94
207.31	13162.59
207.39	13257.65
207.46	13349.05
207.53	13433.38
207.61	13521.91
207.68	13607.53
207.75	13694.19
207.83	13777.74
207.90	13856.50
207.98	13918.94
208.05	13987.01
208.12	14048.83
208.20	14120.73
208.27	14200.51
208.34	14286.08
208.42	14356.17
208.49	14437.49
208.56	14511.30
208.64	14594.05
208.71	14683.22
208.78	14789.71
208.86	14902.27
208.93	15016.99
209.00	15126.35
209.08	15238.42
209.15	15353.49
209.22	15460.08
209.30	15570.66
209.37	15677.41
209.44	15790.11
209.52	15894.79
209.59	15991.90
209.67	16090.44
209.74	16189.89
209.81	16287.36
209.89	16375.09
209.96	16464.38
210.03	16545.17
210.11	16625.85
210.18	16693.77
210.25	16768.88
210.33	16855.76
210.40	16955.76
210.47	17070.56
210.55	17203.22
210.62	17340.85
210.69	17476.32
210.77	17608.83
210.84	17732.74
210.91	17862.63
210.99	17984.62
211.06	18109.03
211.13	18231.85
211.21	18358.59
211.28	18474.71
211.35	18599.30
211.42	18723.67
211.50	18842.63
211.57	18956.72
211.64	19068.99
211.72	19163.34
211.79	19243.58
211.86	19323.79
211.94	19420.80
212.01	19519.45
212.08	19641.19
212.16	19771.64
212.23	19919.10
212.30	20057.02
212.38	20195.56
212.45	20340.99
212.52	20485.32
212.60	20615.94
212.67	20753.61
212.74	20888.32
212.82	21018.78
212.89	21149.38
212.96	21281.73
213.03	21407.37
213.11	21543.00
213.18	21674.00
213.25	21804.34
213.33	21925.28
213.40	22037.73
213.47	22145.26
213.55	22252.89
213.62	22358.77
213.69	22476.73
213.77	22609.14
213.84	22744.72
213.91	22891.49
213.98	23046.90
214.06	23206.25
214.13	23361.98
214.20	23516.75
214.28	23663.75
214.35	23806.94
214.42	23942.39
214.50	24075.28
214.57	24208.91
214.64	24343.96
214.72	24488.12
214.79	24635.18
214.86	24778.93
214.93	24919.81
215.01	25069.45
215.08	25194.57
215.15	25317.19
215.23	25429.87
215.30	25540.44
215.37	25644.19
215.44	25780.77
215.52	25923.74
215.59	26083.65
215.66	26245.68
215.74	26405.07
215.81	26541.76
215.88	26686.36
215.95	26821.06
216.03	26964.47
216.10	27111.71
216.17	27269.30
216.25	27419.61
216.32	27575.94
216.39	27728.19
216.46	27881.26
216.54	28023.58
216.61	28173.43
216.68	28313.93
216.76	28452.95
216.83	28582.09
216.90	28711.94
216.97	28831.19
217.05	28962.51
217.12	29086.90
217.19	29213.74
217.27	29354.92
217.34	29493.15
217.41	29628.19
217.48	29777.82
217.56	29935.50
217.63	30087.15
217.70	30240.54
217.78	30399.79
217.85	30551.90
217.92	30691.24
217.99	30835.78
218.07	30977.34
218.14	31111.59
218.21	31255.33
218.28	31402.87
218.36	31544.80
218.43	31694.59
218.50	31853.53
218.57	31992.53
218.65	32126.92
218.72	32246.44
218.79	32359.49
218.87	32460.53
218.94	32576.31
219.01	32704.34
219.08	32840.24
219.16	32990.54
219.23	33148.75
219.30	33300.22
219.37	33446.86
219.45	33601.47
219.52	33748.32
219.59	33881.71
219.66	34007.34
219.74	34138.65
219.81	34277.13
219.88	34404.95
219.95	34543.36
220.03	34692.59
220.10	34834.70
220.17	34965.09
220.24	35102.34
220.32	35231.48
220.39	35351.03
220.46	35463.60
220.53	35578.53
220.61	35684.15
220.68	35792.65
220.75	35903.98
220.82	36027.27
220.90	36148.99
220.97	36280.95
221.04	36405.28
221.11	36530.73
221.19	36655.10
221.26	36782.76
221.33	36913.68
221.40	37053.37
221.48	37185.60
221.55	37315.58
221.62	37438.94
221.69	37548.97
221.77	37663.36
221.84	37789.08
221.91	37901.40
221.98	38022.32
222.06	38148.10
222.13	38270.75
222.20	38383.14
222.27	38502.57
222.35	38611.30
222.42	38720.54
222.49	38821.31
222.56	38927.20
222.63	39035.18
222.71	39138.87
222.78	39241.32
222.85	39343.11
222.92	39452.55
223.00	39551.05
223.07	39663.33
223.14	39772.12
223.21	39884.28
223.29	39986.82
223.36	40105.61
223.43	40218.12
223.50	40336.38
223.57	40457.74
223.65	40588.96
223.72	40695.27
223.79	40803.49
223.86	40903.02
223.94	40992.38
224.01	41068.10
224.08	41160.79
224.15	41245.93
224.22	41334.84
224.30	41416.42
224.37	41510.75
224.44	41604.25
224.51	41699.41
224.59	41782.53
224.66	41876.05
224.73	41957.88
224.80	42043.04
224.87	42134.71
224.95	42239.61
225.02	42346.59
225.09	42453.05
225.16	42549.76
225.23	42644.82
225.31	42738.63
225.38	42821.32
225.45	42901.23
225.52	42996.69
225.60	43081.31
225.67	43153.56
225.74	43239.61
225.81	43329.09
225.88	43403.35
225.96	43477.69
226.03	43554.72
226.10	43634.79
226.17	43708.84
226.24	43786.45
226.32	43875.27
226.39	43967.01
226.46	44041.72
226.53	44120.79
226.60	44205.92
226.68	44285.49
226.75	44371.36
226.82	44460.97
226.89	44546.97
226.96	44628.32
227.04	44692.23
227.11	44747.19
227.18	44806.80
227.25	44859.14
227.32	44913.67
227.40	44980.70
227.47	45055.69
227.54	45136.96
227.61	45217.40
227.68	45293.69
227.76	45374.87
227.83	45448.50
227.90	45510.45
227.97	45577.76
228.04	45639.82
228.11	45692.03
228.19	45743.48
228.26	45806.32
228.33	45870.87
228.40	45928.77
228.47	45991.86
228.55	46050.32
228.62	46106.18
228.69	46163.67
228.76	46220.96
228.83	46277.95
228.90	46345.34
228.98	46408.33
229.05	46471.51
229.12	46553.76
229.19	46626.27
229.26	46689.43
229.34	46747.54
229.41	46805.62
229.48	46849.61
229.55	46900.21
229.62	46958.60
229.69	47025.54
229.77	47076.92
229.84	47132.76
229.91	47185.46
229.98	47227.65
230.05	47262.12
230.12	47306.48
230.20	47358.72
230.27	47415.60
230.34	47484.65
230.41	47548.99
230.48	47615.26
230.55	47669.26
230.63	47722.79
230.70	47779.82
230.77	47827.59
230.84	47872.17
230.91	47910.35
230.98	47946.41
231.06	47972.64
231.13	48022.50
231.20	48083.83
231.27	48154.70
231.34	48224.33
231.41	48295.08
231.49	48351.37
231.56	48400.02
231.63	48446.90
231.70	48491.06
231.77	48534.17
231.84	48571.00
231.92	48599.13
231.99	48626.91
232.06	48660.12
232.13	48689.68
232.20	48733.74
232.27	48785.35
232.34	48829.34
232.42	48862.19
232.49	48894.40
232.56	48921.88
232.63	48959.87
232.70	48996.98
232.77	49053.93
232.85	49114.18
232.92	49170.04
232.99	49207.79
233.06	49249.25
233.13	49273.10
233.20	49287.78
233.27	49295.43
233.35	49307.30
233.42	49321.19
233.49	49340.19
233.56	49370.83
233.63	49409.12
233.70	49446.62
233.77	49483.92
233.85	49520.82
233.92	49564.74
233.99	49604.72
234.06	49642.78
234.13	49673.42
234.20	49702.42
234.27	49722.55
234.35	49741.08
234.42	49755.18
234.49	49772.17
234.56	49791.28
234.63	49802.86
234.70	49819.95
234.77	49836.01
234.84	49849.55
234.92	49854.67
234.99	49863.97
235.06	49871.07
235.13	49885.26
235.20	49898.01
235.27	49923.73
235.34	49935.45
235.41	49952.05
235.49	49959.13
235.56	49977.89
235.63	49988.82
235.70	50010.06
235.77	50017.30
235.84	50030.22
235.91	50027.59
235.98	50026.50
236.06	50017.91
236.13	50011.88
236.20	50006.56
236.27	49991.72
236.34	49971.28
236.41	49961.22
236.48	49956.24
236.55	49950.16
236.63	49951.35
236.70	49956.94
236.77	49966.74
236.84	49982.84
236.91	49995.09
236.98	50010.58
237.05	50020.40
237.12	50012.18
237.19	50002.69
237.27	49994.41
237.34	49990.04
237.41	49987.85
237.48	49986.31
237.55	49984.06
237.62	49979.07
237.69	49982.12
237.76	49978.79
237.83	49985.93
237.91	49991.67
237.98	50002.95
238.05	49990.20
238.12	49992.61
238.19	49989.26
238.26	49990.05
238.33	49979.58
238.40	49981.52
238.47	49965.67
238.54	49956.87
238.62	49931.52
238.69	49921.59
238.76	49912.03
238.83	49909.41
238.90	49903.11
238.97	49904.72
239.04	49901.84
239.11	49900.30
239.18	49899.49
239.25	49896.79
239.33	49879.33
239.40	49861.39
239.47	49840.13
239.54	49814.20
239.61	49785.94
239.68	49761.66
239.75	49741.62
239.82	49731.92
239.89	49723.36
239.96	49724.31
240.03	49724.79
240.11	49724.02
240.18	49709.44
240.25	49702.45
240.32	49686.15
240.39	49681.91
240.46	49670.41
240.53	49677.69
240.60	49669.02
240.67	49665.72
240.74	49658.19
240.81	49653.08
240.88	49637.38
240.96	49630.23
241.03	49623.11
241.10	49617.12
241.17	49610.86
241.24	49600.96
241.31	49602.89
241.38	49591.20
241.45	49581.31
241.52	49573.42
241.59	49567.08
241.66	49546.79
241.73	49537.53
241.80	49529.59
241.88	49515.74
241.95	49498.92
242.02	49482.57
242.09	49459.86
242.16	49436.13
242.23	49420.98
242.30	49407.58
242.37	49396.90
242.44	49403.27
242.51	49398.86
242.58	49394.44
242.65	49393.55
242.72	49397.08
242.79	49380.65
242.87	49378.26
242.94	49365.74
243.01	49358.65
243.08	49356.79
243.15	49358.63
243.22	49351.43
243.29	49359.24
243.36	49358.93
243.43	49363.87
243.50	49376.53
243.57	49393.12
243.64	49399.06
243.71	49407.33
243.78	49403.14
243.85	49389.95
243.92	49378.78
243.99	49370.72
244.07	49359.08
244.14	49340.84
244.21	49331.35
244.28	49320.54
244.35	49302.14
244.42	49289.72
244.49	49284.56
244.56	49282.16
244.63	49284.93
244.70	49293.69
244.77	49302.15
244.84	49311.07
244.91	49319.47
244.98	49327.16
245.05	49341.39
245.12	49353.98
245.19	49370.42
245.26	49376.49
245.33	49386.64
245.40	49403.49
245.47	49432.61
245.55	49449.57
245.62	49466.02
245.69	49469.47
245.76	49471.93
245.83	49461.04
245.90	49450.28
245.97	49453.64
246.04	49470.06
246.11	49472.00
246.18	49477.30
246.25	49481.99
246.32	49477.44
246.39	49464.85
246.46	49467.67
246.53	49469.86
246.60	49479.37
246.67	49499.62
246.74	49524.38
246.81	49536.67
246.88	49548.10
246.95	49562.54
247.02	49576.81
247.09	49591.99
247.16	49599.73
247.23	49597.14
247.30	49590.08
247.37	49575.84
247.44	49570.49
247.51	49577.74
247.58	49605.36
247.66	49642.76
247.73	49678.99
247.80	49705.34
247.87	49728.05
247.94	49749.71
248.01	49771.38
248.08	49792.40
248.15	49812.28
248.22	49838.62
248.29	49856.20
248.36	49869.69
248.43	49887.15
248.50	49907.56
248.57	49916.05
248.64	49923.29
248.71	49936.29
248.78	49956.28
248.85	49958.20
248.92	49975.79
248.99	49989.15
249.06	49998.91
249.13	50002.09
249.20	50029.87
249.27	50047.47
249.34	50062.49
249.41	50069.62
249.48	50054.88
249.55	50032.29
249.62	50024.64
249.69	50027.81
249.76	50045.75
249.83	50093.16
249.90	50136.22
249.97	50171.04
250.04	50210.32
250.11	50244.82
250.18	50268.70
250.25	50293.34
250.32	50302.29
250.39	50318.91
250.46	50322.88
250.53	50330.91
250.60	50343.63
250.67	50370.97
250.74	50385.50
250.81	50395.07
250.88	50408.71
250.95	50417.36
251.02	50425.32
251.09	50435.95
251.16	50461.15
251.23	50482.30
251.30	50497.56
251.37	50512.08
251.44	50520.35
251.51	50533.53
251.58	50546.47
251.65	50560.34
251.72	50563.23
251.79	50576.84
251.86	50583.56
251.93	50587.27
252.00	50592.22
252.07	50605.43
252.14	50614.63
252.21	50615.31
252.28	50617.31
252.35	50627.09
252.42	50645.32
252.49	50652.28
252.56	50660.09
252.63	50662.58
252.70	50664.16
252.77	50664.99
252.84	50674.22
252.91	50683.86
252.98	50704.69
253.05	50716.55
253.12	50718.22
253.19	50721.20
253.25	50735.81
253.32	50738.54
253.39	50757.25
253.46	50780.50
253.53	50801.29
253.60	50803.24
253.67	50810.27
253.74	50817.18
253.81	50828.94
253.88	50830.90
253.95	50848.49
254.02	50863.39
254.09	50870.75
254.16	50867.39
254.23	50869.79
254.30	50874.20
254.37	50881.32
254.44	50881.85
254.51	50889.48
254.58	50893.64
254.65	50891.54
254.72	50894.49
254.79	50891.42
254.86	50889.50
254.93	50889.53
255.00	50897.43
255.07	50900.05
255.14	50908.26
255.21	50907.18
255.28	50902.24
255.34	50879.60
255.41	50863.22
255.48	50850.15
255.55	50837.86
255.62	50836.72
255.69	50843.68
255.76	50844.43
255.83	50845.49
255.90	50856.89
255.97	50869.60
256.04	50866.12
256.11	50862.07
256.18	50858.44
256.25	50847.26
256.32	50826.15
256.39	50824.12
256.46	50820.15
256.53	50813.33
256.60	50816.58
256.67	50821.43
256.74	50822.54
256.80	50825.15
256.87	50828.50
256.94	50823.54
257.01	50822.51
257.08	50820.49
257.15	50804.93
257.22	50792.33
257.29	50767.98
257.36	50737.05
257.43	50712.69
257.50	50704.99
257.57	50683.90
257.64	50670.95
257.71	50652.24
257.78	50632.73
257.85	50603.31
257.92	50587.34
257.98	50574.02
258.05	50571.01
258.12	50548.39
258.19	50529.49
258.26	50512.18
258.33	50493.10
258.40	50480.77
258.47	50486.94
258.54	50499.19
258.61	50499.00
258.68	50496.80
258.75	50478.26
258.82	50457.58
258.89	50425.55
258.95	50406.37
259.02	50388.34
259.09	50373.11
259.16	50357.69
259.23	50339.42
259.30	50308.94
259.37	50289.08
259.44	50270.15
259.51	50250.08
259.58	50239.09
259.65	50225.67
259.72	50201.05
259.79	50171.19
259.85	50139.21
259.92	50096.94
259.99	50065.79
260.06	50034.24
260.13	50008.52
260.20	49980.39
260.27	49952.43
260.34	49920.11
260.41	49888.08
260.48	49859.44
260.55	49838.45
260.62	49822.39
260.68	49803.60
260.75	49779.85
260.82	49760.74
260.89	49737.49
260.96	49715.18
261.03	49693.55
261.10	49670.84
261.17	49639.99
261.24	49594.97
261.31	49559.08
261.38	49525.29
261.44	49492.04
261.51	49450.48
261.58	49418.42
261.65	49377.93
261.72	49334.48
261.79	49295.15
261.86	49266.95
261.93	49247.35
262.00	49223.52
262.07	49197.37
262.13	49170.35
262.20	49137.24
262.27	49091.84
262.34	49055.90
262.41	49023.30
262.48	48982.14
262.55	48949.84
262.62	48916.41
262.69	48871.66
262.76	48830.09
262.82	48799.89
262.89	48765.87
262.96	48741.99
263.03	48718.65
263.10	48694.05
263.17	48663.32
263.24	48623.45
263.31	48579.45
263.38	48543.80
263.44	48507.72
263.51	48456.94
263.58	48410.85
263.65	48368.90
263.72	48319.05
263.79	48275.94
263.86	48240.06
263.93	48204.23
264.00	48165.94
264.06	48133.42
264.13	48090.09
264.20	48059.68
264.27	48022.11
264.34	47985.54
264.41	47946.19
264.48	47905.68
264.55	47856.25
264.61	47809.29
264.68	47765.57
264.75	47716.76
264.82	47669.23
264.89	47629.40
264.96	47599.51
265.03	47561.59
265.10	47527.22
265.16	47496.17
265.23	47465.81
265.30	47435.84
265.37	47399.84
265.44	47355.72
265.51	47309.45
265.58	47257.65
265.65	47198.62
265.71	47146.41
265.78	47107.20
265.85	47066.30
265.92	47031.35
265.99	46989.65
266.06	46951.01
266.13	46906.88
266.20	46869.13
266.26	46827.27
266.33	46792.13
266.40	46750.71
266.47	46698.20
266.54	46636.64
266.61	46578.19
266.68	46517.57
266.74	46457.54
266.81	46404.50
266.88	46355.47
266.95	46294.84
267.02	46248.87
267.09	46205.55
267.16	46167.54
267.22	46128.88
267.29	46103.12
267.36	46070.52
267.43	46032.14
267.50	45996.02
267.57	45966.84
267.64	45930.83
267.70	45889.58
267.77	45851.90
267.84	45816.64
267.91	45768.92
267.98	45714.99
268.05	45666.99
268.11	45619.56
268.18	45565.10
268.25	45509.75
268.32	45469.12
268.39	45424.09
268.46	45384.83
268.53	45345.39
268.59	45312.56
268.66	45278.43
268.73	45242.64
268.80	45203.17
268.87	45157.66
268.94	45118.37
269.00	45073.18
269.07	45031.64
269.14	44998.19
269.21	44975.42
269.28	44941.60
269.35	44905.11
269.41	44866.52
269.48	44821.15
269.55	44765.80
269.62	44714.03
269.69	44671.46
269.76	44626.16
269.82	44585.42
269.89	44555.14
269.96	44532.38
270.03	44498.95
270.10	44472.19
270.17	44430.20
270.23	44392.36
270.30	44342.07
270.37	44309.07
270.44	44280.14
270.51	44254.46
270.58	44217.58
270.64	44194.07
270.71	44159.66
270.78	44120.45
270.85	44084.22
270.92	44052.14
270.99	44013.66
271.05	43980.10
271.12	43938.49
271.19	43900.83
271.26	43856.49
271.33	43815.92
271.39	43778.75
271.46	43736.33
271.53	43705.62
271.60	43689.84
271.67	43664.65
271.74	43627.15
271.80	43600.79
271.87	43572.14
271.94	43537.36
272.01	43505.42
272.08	43482.22
272.14	43450.98
272.21	43421.86
272.28	43390.76
272.35	43368.34
272.42	43343.15
272.48	43327.84
272.55	43300.61
272.62	43281.15
272.69	43262.55
272.76	43244.17
272.83	43214.65
272.89	43190.88
272.96	43155.45
273.03	43115.56
273.10	43081.26
273.17	43057.37
273.23	43030.68
273.30	43014.14
273.37	42991.36
273.44	42971.28
273.51	42942.17
273.57	42920.15
273.64	42893.34
273.71	42873.78
273.78	42842.49
273.85	42827.89
273.91	42807.67
273.98	42794.32
274.05	42785.24
274.12	42772.43
274.19	42753.57
274.25	42735.26
274.32	42715.31
274.39	42684.09
274.46	42647.85
274.53	42602.10
274.59	42552.96
274.66	42510.45
274.73	42487.49
274.80	42465.78
274.86	42450.85
274.93	42433.85
275.00	42400.07
275.07	42347.87
275.14	42315.96
275.20	42281.48
275.27	42251.92
275.34	42225.04
275.41	42214.97
275.48	42192.68
275.54	42175.60
275.61	42157.10
275.68	42145.34
275.75	42122.05
275.81	42097.53
275.88	42076.56
275.95	42060.51
276.02	42032.86
276.09	42006.79
276.15	41980.44
276.22	41951.54
276.29	41926.04
276.36	41900.20
276.42	41873.53
276.49	41849.81
276.56	41825.73
276.63	41796.32
276.70	41770.79
276.76	41757.66
276.83	41744.83
276.90	41724.38
276.97	41704.19
277.03	41691.94
277.10	41666.67
277.17	41644.18
277.24	41630.74
277.30	41614.11
277.37	41588.26
277.44	41572.94
277.51	41558.33
277.58	41530.03
277.64	41504.75
277.71	41490.16
277.78	41463.11
277.85	41428.23
277.91	41402.35
277.98	41386.72
278.05	41357.44
278.12	41342.82
278.18	41328.37
278.25	41312.67
278.32	41284.89
278.39	41274.40
278.45	41255.31
278.52	41240.57
278.59	41228.09
278.66	41217.87
278.72	41202.98
278.79	41186.19
278.86	41165.76
278.93	41148.81
278.99	41128.67
279.06	41102.84
279.13	41073.21
279.20	41049.81
279.26	41028.06
279.33	41009.09
279.40	40990.75
279.47	40973.26
279.53	40952.81
279.60	40922.72
279.67	40888.79
279.74	40858.17
279.80	40830.25
279.87	40813.10
279.94	40802.21
280.01	40795.24
280.07	40782.39
280.14	40766.64
280.21	40738.15
280.28	40715.43
280.34	40692.32
280.41	40666.37
280.48	40644.04
280.55	40621.56
280.61	40594.25
280.68	40571.92
280.75	40548.95
280.82	40518.84
280.88	40488.98
280.95	40441.64
281.02	40374.48
281.08	40297.19
281.15	40223.44
281.22	40155.23
281.29	40101.54
281.35	40048.77
281.42	40016.00
281.49	39985.10
281.56	39950.90
281.62	39920.84
281.69	39897.13
281.76	39866.42
281.82	39834.23
281.89	39803.17
281.96	39778.44
282.03	39749.18
282.09	39722.61
282.16	39704.59
282.23	39682.26
282.30	39651.13
282.36	39629.07
282.43	39617.40
282.50	39603.39
282.56	39579.56
282.63	39558.38
282.70	39538.16
282.77	39522.14
282.83	39494.25
282.90	39484.44
282.97	39464.54
283.03	39445.27
283.10	39413.58
283.17	39392.84
283.24	39362.18
283.30	39338.32
283.37	39311.59
283.44	39290.28
283.50	39259.45
283.57	39244.90
283.64	39222.98
283.71	39196.28
283.77	39160.00
283.84	39135.88
283.91	39088.69
283.97	39053.85
284.04	39042.38
284.11	39041.78
284.18	39045.41
284.24	39061.40
284.31	39075.46
284.38	39080.66
284.44	39069.44
284.51	39050.87
284.58	39034.48
284.64	39019.34
284.71	38998.17
284.78	38992.32
284.85	38983.42
284.91	38974.81
284.98	38958.19
285.05	38932.25
285.11	38911.44
285.18	38889.13
285.25	38870.44
285.31	38865.44
285.38	38867.89
285.45	38864.89
285.52	38868.19
285.58	38858.18
285.65	38838.58
285.72	38817.21
285.78	38799.14
285.85	38784.12
285.92	38771.93
285.98	38755.46
286.05	38749.32
286.12	38741.28
286.18	38726.92
286.25	38723.00
286.32	38724.95
286.39	38726.86
286.45	38724.35
286.52	38716.33
286.59	38700.82
286.65	38695.98
286.72	38688.09
286.79	38675.46
286.85	38668.52
286.92	38656.77
286.99	38643.29
287.05	38624.28
287.12	38618.57
287.19	38604.91
287.25	38605.34
287.32	38599.86
287.39	38603.81
287.45	38595.10
287.52	38597.51
287.59	38597.63
287.65	38593.95
287.72	38582.16
287.79	38572.78
287.86	38563.52
287.92	38549.00
287.99	38542.99
288.06	38542.46
288.12	38538.54
288.19	38538.39
288.26	38529.83
288.32	38518.12
288.39	38509.87
288.46	38508.39
288.52	38507.53
288.59	38515.04
288.66	38523.09
288.72	38522.54
288.79	38525.35
288.86	38520.94
288.92	38515.98
288.99	38512.49
289.06	38510.27
289.12	38502.44
289.19	38503.53
289.26	38510.94
289.32	38510.87
289.39	38513.24
289.45	38526.93
289.52	38525.15
289.59	38528.46
289.65	38537.46
289.72	38539.76
289.79	38545.59
289.85	38556.10
289.92	38562.88
289.99	38569.75
290.05	38571.69
290.12	38558.01
290.19	38555.36
290.25	38540.86
290.32	38529.32
290.39	38537.69
290.45	38545.04
290.52	38546.74
290.59	38558.88
290.65	38565.34
290.72	38555.50
290.79	38554.78
290.85	38561.60
290.92	38576.02
290.98	38587.08
291.05	38604.64
291.12	38614.48
291.18	38623.29
291.25	38618.76
291.32	38619.01
291.38	38617.72
291.45	38622.79
291.52	38624.98
291.58	38627.74
291.65	38638.52
291.72	38654.22
291.78	38675.26
291.85	38682.83
291.91	38699.89
291.98	38722.42
292.05	38730.61
292.11	38733.16
292.18	38748.90
292.25	38751.73
292.31	38739.67
292.38	38742.79
292.45	38743.47
292.51	38742.47
292.58	38750.80
292.64	38766.54
292.71	38774.44
292.78	38788.15
292.84	38795.34
292.91	38807.54
292.98	38813.19
293.04	38824.23
293.11	38828.77
293.17	38839.29
293.24	38849.91
293.31	38866.48
293.37	38878.47
293.44	38894.30
293.51	38913.09
293.57	38926.46
293.64	38930.58
293.70	38945.48
293.77	38961.34
293.84	38970.11
293.90	38972.28
293.97	38980.35
294.04	38989.09
294.10	38992.58
294.17	39003.06
294.23	39019.57
294.30	39030.56
294.37	39042.76
294.43	39065.30
294.50	39076.69
294.56	39089.04
294.63	39101.52
294.70	39111.57
294.76	39113.02
294.83	39123.34
294.90	39140.80
294.96	39167.62
295.03	39187.75
295.09	39214.11
295.16	39235.19
295.23	39248.12
295.29	39255.60
295.36	39259.47
295.42	39261.31
295.49	39270.57
295.56	39285.48
295.62	39308.80
295.69	39324.82
295.75	39348.32
295.82	39366.22
295.89	39374.84
295.95	39377.80
296.02	39391.07
296.08	39386.84
296.15	39381.74
296.22	39382.24
296.28	39391.89
296.35	39406.69
296.41	39433.45
296.48	39465.10
296.55	39499.52
296.61	39519.22
296.68	39540.10
296.74	39562.31
296.81	39587.94
296.88	39609.59
296.94	39635.54
297.01	39657.91
297.07	39673.04
297.14	39686.00
297.20	39695.22
297.27	39710.40
297.34	39730.86
297.40	39749.40
297.47	39762.98
297.53	39784.76
297.60	39805.87
297.67	39818.93
297.73	39832.79
297.80	39847.03
297.86	39849.63
297.93	39850.15
298.00	39858.08
298.06	39872.04
298.13	39892.26
298.19	39913.73
298.26	39930.34
298.32	39952.00
298.39	39966.38
298.46	39976.55
298.52	39996.05
298.59	40011.39
298.65	40020.74
298.72	40041.66
298.78	40056.96
298.85	40067.89
298.92	40089.21
298.98	40105.79
299.05	40120.51
299.11	40140.85
299.18	40164.08
299.24	40178.33
299.31	40195.73
299.38	40212.53
299.44	40217.12
299.51	40223.94
299.57	40240.34
299.64	40253.84
299.70	40264.05
299.77	40283.65
299.84	40293.68
299.90	40288.30
299.97	40279.99
300.03	40278.13
300.10	40292.46
300.16	40306.16
300.23	40322.92
300.30	40347.72
300.36	40363.20
300.43	40371.19
300.49	40378.82
300.56	40405.21
300.62	40430.48
300.69	40453.46
300.75	40469.25
300.82	40490.39
300.89	40496.60
300.95	40507.23
301.02	40505.68
301.08	40513.63
301.15	40518.32
301.21	40527.05
301.28	40529.63
301.34	40542.77
301.41	40541.69
301.48	40545.95
301.54	40544.78
301.61	40545.42
301.67	40548.24
301.74	40559.93
301.80	40563.93
301.87	40562.61
301.93	40561.02
302.00	40559.17
302.06	40546.69
302.13	40531.36
302.20	40530.20
302.26	40525.71
302.33	40521.31
302.39	40518.27
302.46	40526.28
302.52	40526.43
302.59	40530.49
302.65	40538.97
302.72	40541.40
302.78	40543.48
302.85	40550.74
302.91	40547.99
302.98	40543.39
303.05	40543.55
303.11	40542.08
303.18	40531.22
303.24	40524.16
303.31	40511.99
303.37	40501.93
303.44	40489.17
303.50	40472.00
303.57	40456.62
303.63	40445.54
303.70	40435.38
303.76	40428.23
303.83	40422.58
303.89	40418.58
303.96	40411.02
304.03	40399.09
304.09	40382.05
304.16	40362.71
304.22	40340.53
304.29	40319.89
304.35	40298.44
304.42	40280.86
304.48	40274.72
304.55	40260.23
304.61	40243.45
304.68	40240.37
304.74	40233.28
304.81	40220.57
304.87	40202.52
304.94	40186.49
305.00	40158.06
305.07	40127.13
305.13	40093.78
305.20	40069.24
305.26	40054.47
305.33	40039.78
305.39	40028.09
305.46	40006.25
305.52	39992.75
305.59	39970.81
305.66	39947.40
305.72	39920.77
305.79	39902.10
305.85	39872.79
305.92	39835.84
305.98	39775.11
306.05	39645.07
306.11	39410.16
306.18	39118.41
306.24	38860.29
306.31	38719.26
306.37	38731.46
306.44	38908.44
306.50	39153.39
306.57	39368.50
306.63	39492.74
306.70	39527.12
306.76	39502.19
306.83	39469.76
306.89	39427.67
306.96	39389.09
307.02	39352.64
307.09	39326.09
307.15	39298.43
307.22	39272.01
307.28	39238.58
307.35	39201.24
307.41	39155.50
307.48	39108.06
307.54	39071.99
307.61	39036.17
307.67	38996.96
307.74	38957.40
307.80	38925.42
307.87	38885.95
307.93	38845.80
308.00	38818.06
308.06	38789.71
308.13	38745.33
308.19	38705.65
308.26	38668.81
308.32	38626.87
308.38	38595.42
308.45	38568.16
308.51	38539.37
308.58	38497.14
308.64	38446.34
308.71	38394.88
308.77	38342.32
308.84	38290.26
308.90	38265.61
308.97	38253.28
309.03	38236.84
309.10	38214.60
309.16	38182.11
309.23	38132.41
309.29	38079.96
309.36	38014.23
309.42	37957.02
309.49	37905.50
309.55	37856.52
309.62	37799.66
309.68	37755.77
309.75	37702.77
309.81	37654.29
309.88	37613.39
309.94	37572.00
310.00	37527.68
310.07	37488.31
310.13	37458.44
310.20	37412.10
310.26	37376.58
310.33	37329.84
310.39	37298.11
310.46	37255.55
310.52	37218.48
310.59	37178.72
310.65	37147.84
310.72	37099.06
310.78	37043.42
310.85	36989.79
310.91	36942.28
310.97	36901.89
311.04	36861.67
311.10	36823.51
311.17	36788.65
311.23	36747.94
311.30	36698.74
311.36	36658.96
311.43	36626.84
311.49	36588.53
311.56	36545.48
311.62	36503.90
311.69	36460.35
311.75	36414.01
311.81	36360.36
311.88	36311.05
311.94	36273.65
312.01	36248.48
312.07	36216.71
312.14	36191.63
312.20	36165.90
312.27	36130.58
312.33	36074.52
312.40	36019.41
312.46	35962.60
312.52	35914.50
312.59	35867.05
312.65	35823.79
312.72	35778.41
312.78	35735.69
312.85	35684.81
312.91	35625.12
312.98	35575.76
313.04	35531.95
313.10	35489.55
313.17	35447.14
313.23	35418.39
313.30	35380.66
313.36	35331.44
313.43	35279.34
313.49	35231.81
313.56	35171.28
313.62	35119.32
313.68	35079.07
313.75	35047.74
313.81	35010.75
313.88	34972.74
313.94	34928.94
314.01	34887.08
314.07	34840.83
314.13	34793.15
314.20	34760.08
314.26	34723.09
314.33	34674.69
314.39	34622.07
314.46	34564.45
314.52	34508.04
314.58	34453.99
314.65	34409.44
314.71	34366.81
314.78	34331.15
314.84	34288.36
314.91	34246.74
314.97	34209.24
315.03	34169.56
315.10	34129.24
315.16	34084.62
315.23	34043.42
315.29	33998.66
315.36	33954.21
315.42	33910.85
315.48	33864.81
315.55	33816.10
315.61	33756.34
315.68	33711.72
315.74	33670.17
315.81	33631.30
315.87	33588.30
315.93	33558.79
316.00	33531.73
316.06	33496.15
316.13	33471.84
316.19	33432.59
316.25	33373.94
316.32	33277.12
316.38	33164.13
316.45	33012.32
316.51	32852.24
316.58	32685.05
316.64	32503.38
316.70	32319.01
316.77	32120.69
316.83	31909.37
316.90	31671.96
316.96	31428.65
317.02	31170.47
317.09	30907.64
317.15	30627.43
317.22	30335.98
317.28	30030.31
317.34	29695.78
317.41	29350.36
317.47	28997.07
317.54	28631.80
317.60	28247.94
317.66	27857.27
317.73	27440.64
317.79	27016.11
317.86	26575.11
317.92	26125.79
317.98	25650.78
318.05	25166.29
318.11	24662.27
318.18	24158.95
318.24	23639.43
318.30	23114.49
318.37	22586.37
318.43	22042.19
318.50	21476.80
318.56	20905.17
318.62	20337.37
318.69	19759.94
318.75	19180.15
318.82	18601.06
318.88	18027.63
318.94	17444.38
319.01	16865.19
319.07	16293.19
319.13	15715.00
319.20	15138.89
319.26	14565.64
319.33	13997.33
319.39	13428.76
319.45	12881.15
319.52	12340.21
319.58	11804.96
319.65	11277.43
319.71	10762.47
319.77	10254.77
319.84	9754.00
319.90	9274.13
319.96	8798.34
320.03	8337.08
320.09	7890.43
320.16	7453.87
320.22	7034.32
320.28	6634.15
320.35	6248.37
320.41	5879.78
320.47	5531.33
320.54	5193.36
320.60	4877.09
320.67	4577.97
320.73	4290.76
320.79	4017.14
320.86	3763.88
320.92	3517.70
320.98	3289.68
321.05	3073.06
321.11	2868.69
321.18	2678.59
321.24	2505.75
321.30	2337.93
321.37	2188.23
321.43	2056.98
321.49	1929.99
321.56	1813.52
321.62	1712.06
321.68	1613.22
321.75	1521.02
321.81	1440.66
321.88	1364.39
321.94	1299.04
322.00	1240.67
322.07	1181.32
322.13	1127.52
322.19	1077.39
322.26	1023.52
322.32	979.04
322.38	942.74
322.45	911.46
322.51	878.63
322.58	855.41
322.64	823.03
322.70	796.13
322.77	763.23
322.83	743.60
322.89	712.72
322.96	688.70
323.02	662.27
323.08	637.20
323.15	608.27
323.21	585.69
323.27	563.30
323.34	540.28
323.40	518.42
323.46	496.25
323.53	468.74
323.59	398.29
323.65	301.45
323.72	190.39
323.78	82.74
323.85	-15.66
323.91	-66.07
323.97	-84.96
324.04	-85.81
