1.0033
1.0148
1.0059
0.9329
0.7476
-18.6559
1.3992
1.4091
1.4086
1.3896
1.3783
1.4073
1.4274
1.4201
1.4177
1.2987
1.2692
1.2432
1.2180
1.2086
1.2157
1.2225
1.2210
1.2187
1.2195
1.2135
1.2104
1.2016
1.2001
1.1870
1.1877
1.1725
1.1657
1.1599
1.1538
1.1462
1.1421
1.1388
1.1392
1.1391
1.1417
1.1409
1.1370
1.1281
1.1224
1.1148
1.1069
1.1010
1.0939
1.0887
1.0830
1.0779
1.0751
1.0714
1.0667
1.0646
1.0627
1.0580
1.0574
1.0617
1.0645
1.0695
1.0751
1.0735
1.0660
1.0598
1.0547
1.0504
1.0469
1.0424
1.0408
1.0382
1.0357
1.0342
1.0334
1.0313
1.0312
1.0304
1.0281
1.0277
1.0258
1.0236
1.0244
1.0274
1.0299
1.0334
1.0344
1.0309
1.0280
1.0250
1.0237
1.0221
1.0205
1.0201
1.0189
1.0179
1.0177
1.0170
1.0155
1.0158
1.0148
1.0131
1.0128
1.0124
1.0106
1.0087
1.0081
1.0088
1.0095
1.0119
1.0158
1.0172
1.0150
1.0140
1.0125
1.0110
1.0095
1.0086
1.0078
1.0068
1.0054
1.0043
1.0030
1.0022
1.0026
1.0032
1.0038
1.0050
1.0051
1.0045
1.0037
1.0027
1.0006
0.9995
1.0001
1.0009
1.0014
1.0022
1.0014
0.9983
0.9966
0.9953
0.9951
0.9951
0.9958
0.9966
0.9972
0.9978
0.9986
0.9990
0.9988
0.9986
0.9970
0.9946
0.9920
0.9892
0.9872
0.9863
0.9855
0.9843
0.9827
0.9806
0.9798
0.9813
0.9846
0.9888
0.9931
0.9951
0.9949
0.9941
0.9930
0.9918
0.9906
0.9886
0.9851
0.9805
0.9752
0.9705
0.9672
0.9663
0.9670
0.9687
0.9710
0.9738
0.9765
0.9794
0.9825
0.9846
0.9853
0.9853
0.9847
0.9837
0.9828
0.9819
0.9806
0.9769
0.9699
0.9617
0.9543
0.9486
0.9464
0.9492
0.9553
0.9620
0.9685
0.9742
0.9778
0.9794
0.9800
0.9803
0.9806
0.9807
0.9809
0.9805
0.9785
0.9735
0.9651
0.9546
0.9436
0.9349
0.9315
0.9339
0.9397
0.9482
0.9575
0.9651
0.9709
0.9760
0.9796
0.9814
0.9818
0.9811
0.9795
0.9781
0.9762
0.9738
0.9700
0.9628
0.9501
0.9352
0.9233
0.9178
0.9208
0.9318
0.9468
0.9609
0.9711
0.9774
0.9813
0.9839
0.9855
0.9859
0.9851
0.9832
0.9807
0.9784
0.9760
0.9711
0.9614
0.9486
0.9351
0.9233
0.9185
0.9238
0.9360
0.9505
0.9647
0.9752
0.9814
0.9850
0.9871
0.9889
0.9904
0.9912
0.9902
0.9872
0.9827
0.9787
0.9749
0.9690
0.9598
0.9505
0.9415
0.9352
0.9352
0.9426
0.9535
0.9648
0.9748
0.9823
0.9876
0.9907
0.9925
0.9931
0.9930
0.9926
0.9920
0.9910
0.9887
0.9846
0.9801
0.9762
0.9719
0.9655
0.9593
0.9561
0.9556
0.9585
0.9660
0.9756
0.9833
0.9881
0.9907
0.9923
0.9935
0.9941
0.9940
0.9936
0.9931
0.9925
0.9917
0.9910
0.9899
0.9878
0.9847
0.9815
0.9783
0.9750
0.9731
0.9737
0.9762
0.9802
0.9851
0.9894
0.9924
0.9939
0.9946
0.9949
0.9951
0.9953
0.9952
0.9950
0.9946
0.9943
0.9939
0.9936
0.9929
0.9921
0.9909
0.9892
0.9871
0.9851
0.9842
0.9846
0.9865
0.9890
0.9919
0.9940
0.9950
0.9955
0.9957
0.9959
0.9961
0.9963
0.9963
0.9961
0.9959
0.9958
0.9957
0.9955
0.9955
0.9952
0.9943
0.9929
0.9917
0.9910
0.9909
0.9916
0.9925
0.9934
0.9941
0.9946
0.9949
0.9954
0.9958
0.9961
0.9961
0.9962
0.9963
0.9964
0.9964
0.9963
0.9962
0.9960
0.9957
0.9955
0.9954
0.9952
0.9949
0.9948
0.9945
0.9944
0.9943
0.9945
0.9947
0.9950
0.9953
0.9956
0.9959
0.9961
0.9963
0.9963
0.9963
0.9962
0.9962
0.9961
0.9961
0.9961
0.9960
0.9959
0.9958
0.9956
0.9955
0.9954
0.9953
0.9952
0.9951
0.9950
0.9949
0.9950
0.9950
0.9952
0.9953
0.9955
0.9955
0.9955
0.9955
0.9955
0.9955
0.9955
0.9954
0.9954
0.9953
0.9953
0.9952
0.9953
0.9952
0.9952
0.9951
0.9951
0.9950
0.9950
0.9950
0.9950
0.9950
0.9951
0.9951
0.9951
0.9952
0.9952
0.9953
0.9953
0.9953
0.9953
0.9952
0.9952
0.9951
0.9951
0.9951
0.9950
0.9949
0.9949
0.9949
0.9949
0.9949
0.9949
0.9948
0.9947
0.9947
0.9947
0.9946
0.9946
0.9946
0.9946
0.9946
0.9945
0.9945
0.9945
0.9945
0.9945
0.9945
0.9945
0.9944
0.9944
0.9944
0.9944
0.9943
0.9943
0.9943
0.9943
0.9943
0.9945
0.9946
0.9947
0.9947
0.9947
0.9947
0.9946
0.9945
0.9945
0.9945
0.9945
0.9945
0.9945
0.9945
0.9945
0.9945
0.9945
0.9945
0.9945
0.9946
0.9946
0.9946
0.9947
0.9947
0.9946
0.9946
0.9946
0.9946
0.9946
0.9947
0.9947
0.9947
0.9948
0.9948
0.9948
0.9948
0.9949
0.9949
0.9949
0.9950
0.9950
0.9950
0.9950
0.9951
0.9951
0.9951
0.9952
0.9953
0.9953
0.9954
0.9954
0.9954
0.9955
0.9955
0.9955
0.9956
0.9956
0.9957
0.9957
0.9958
0.9958
0.9958
0.9958
0.9958
0.9959
0.9960
0.9960
0.9961
0.9961
0.9962
0.9962
0.9963
0.9964
0.9965
0.9965
0.9965
0.9966
0.9966
0.9967
0.9967
0.9968
0.9968
0.9969
0.9969
0.9970
0.9970
0.9971
0.9972
0.9972
0.9973
0.9974
0.9974
0.9975
0.9976
0.9977
0.9977
0.9977
0.9978
0.9979
0.9979
0.9980
0.9981
0.9981
0.9981
0.9982
0.9982
0.9983
0.9984
0.9986
0.9986
0.9987
0.9988
0.9988
0.9989
0.9989
0.9990
0.9991
0.9992
0.9993
0.9994
0.9995
0.9996
0.9997
0.9998
0.9998
0.9999
1.0000
1.0001
1.0002
1.0003
1.0004
1.0005
1.0005
1.0006
1.0007
1.0008
1.0009
1.0009
1.0010
1.0011
1.0012
1.0012
1.0013
1.0014
1.0015
1.0016
1.0016
1.0017
1.0018
1.0019
1.0022
1.0024
1.0025
1.0026
1.0027
1.0026
1.0026
1.0027
1.0027
1.0028
1.0029
1.0030
1.0031
1.0032
1.0033
1.0034
1.0034
1.0035
1.0036
1.0037
1.0039
1.0040
1.0041
1.0042
1.0043
1.0044
1.0045
1.0046
1.0047
1.0047
1.0048
1.0049
1.0050
1.0051
1.0052
1.0053
1.0054
1.0055
1.0056
1.0057
1.0058
1.0058
1.0059
1.0060
1.0061
1.0063
1.0064
1.0065
1.0066
1.0067
1.0068
1.0068
1.0069
1.0070
1.0072
1.0073
1.0074
1.0075
1.0076
1.0076
1.0078
1.0079
1.0080
1.0082
1.0084
1.0085
1.0086
1.0086
1.0087
1.0087
1.0088
1.0089
1.0089
1.0090
1.0091
1.0092
1.0093
1.0094
1.0096
1.0096
1.0098
1.0098
1.0099
1.0100
1.0101
1.0102
1.0103
1.0103
1.0104
1.0105
1.0106
1.0107
1.0108
1.0109
1.0110
1.0111
1.0112
1.0113
1.0114
1.0115
1.0116
1.0117
1.0118
1.0118
1.0119
1.0120
1.0121
1.0122
1.0123
1.0124
1.0125
1.0126
1.0126
1.0127
1.0128
1.0129
1.0129
1.0130
1.0132
1.0134
1.0135
1.0135
1.0136
1.0136
1.0136
1.0136
1.0137
1.0138
1.0138
1.0139
1.0140
1.0141
1.0141
1.0142
1.0143
1.0143
1.0144
1.0145
1.0146
1.0146
1.0147
1.0147
1.0148
1.0149
1.0150
1.0150
1.0151
1.0151
1.0151
1.0152
1.0152
1.0153
1.0154
1.0155
1.0156
1.0156
1.0156
1.0156
1.0156
1.0157
1.0158
1.0159
1.0159
1.0160
1.0160
1.0160
1.0160
1.0161
1.0161
1.0162
1.0162
1.0162
1.0162
1.0163
1.0163
1.0163
1.0164
1.0164
1.0165
1.0165
1.0166
1.0166
1.0166
1.0166
1.0167
1.0168
1.0169
1.0170
1.0170
1.0169
1.0168
1.0168
1.0168
1.0168
1.0168
1.0168
1.0168
1.0168
1.0168
1.0168
1.0168
1.0168
1.0168
1.0168
1.0168
1.0168
1.0168
1.0168
1.0168
1.0168
1.0168
1.0168
1.0168
1.0167
1.0168
1.0168
1.0168
1.0168
1.0168
1.0168
1.0167
1.0166
1.0166
1.0165
1.0165
1.0164
1.0165
1.0165
1.0164
1.0163
1.0163
1.0164
1.0165
1.0166
1.0166
1.0166
1.0165
1.0162
1.0161
1.0161
1.0160
1.0159
1.0159
1.0159
1.0158
1.0158
1.0157
1.0157
1.0156
1.0156
1.0156
1.0155
1.0155
1.0154
1.0153
1.0153
1.0152
1.0152
1.0151
1.0151
1.0150
1.0149
1.0148
1.0148
1.0147
1.0147
1.0147
1.0146
1.0146
1.0145
1.0144
1.0144
1.0143
1.0143
1.0142
1.0141
1.0140
1.0139
1.0139
1.0139
1.0138
1.0137
1.0137
1.0136
1.0135
1.0135
1.0134
1.0134
1.0133
1.0133
1.0132
1.0131
1.0130
1.0129
1.0128
1.0128
1.0128
1.0127
1.0128
1.0128
1.0127
1.0127
1.0125
1.0124
1.0122
1.0122
1.0121
1.0121
1.0120
1.0119
1.0118
1.0117
1.0116
1.0116
1.0115
1.0115
1.0114
1.0113
1.0112
1.0112
1.0110
1.0109
1.0108
1.0107
1.0106
1.0106
1.0106
1.0105
1.0105
1.0105
1.0104
1.0103
1.0103
1.0102
1.0102
1.0102
1.0101
1.0101
1.0100
1.0100
1.0098
1.0097
1.0096
1.0096
1.0095
1.0094
1.0094
1.0093
1.0093
1.0092
1.0092
1.0093
1.0093
1.0092
1.0091
1.0090
1.0089
1.0088
1.0087
1.0086
1.0086
1.0085
1.0085
1.0084
1.0084
1.0083
1.0083
1.0082
1.0081
1.0081
1.0080
1.0080
1.0079
1.0078
1.0078
1.0077
1.0077
1.0077
1.0077
1.0077
1.0076
1.0075
1.0074
1.0074
1.0073
1.0072
1.0072
1.0072
1.0071
1.0071
1.0071
1.0070
1.0070
1.0069
1.0069
1.0068
1.0068
1.0067
1.0067
1.0066
1.0066
1.0065
1.0065
1.0064
1.0064
1.0063
1.0063
1.0063
1.0062
1.0062
1.0061
1.0061
1.0060
1.0060
1.0060
1.0058
1.0056
1.0053
1.0050
1.0048
1.0048
1.0048
1.0050
1.0052
1.0053
1.0055
1.0055
1.0056
1.0056
1.0055
1.0055
1.0054
1.0054
1.0054
1.0054
1.0054
1.0053
1.0053
1.0052
1.0052
1.0052
1.0053
1.0052
1.0052
1.0052
1.0052
1.0050
1.0050
1.0050
1.0049
1.0049
1.0049
1.0049
1.0049
1.0049
1.0049
1.0050
1.0049
1.0049
1.0048
1.0048
1.0047
1.0046
1.0046
1.0046
1.0046
1.0045
1.0045
1.0045
1.0045
1.0045
1.0045
1.0044
1.0044
1.0044
1.0044
1.0043
1.0043
1.0042
1.0042
1.0041
1.0041
1.0041
1.0041
1.0041
1.0041
1.0041
1.0041
1.0040
1.0040
1.0040
1.0040
1.0040
1.0040
1.0040
1.0039
1.0039
1.0039
1.0039
1.0039
1.0039
1.0039
1.0038
1.0038
1.0038
1.0038
1.0038
1.0038
1.0037
1.0037
1.0037
1.0037
1.0037
1.0038
1.0038
1.0038
1.0038
1.0037
1.0036
1.0036
1.0036
1.0036
1.0036
1.0036
1.0036
1.0036
1.0036
1.0035
1.0035
1.0035
1.0035
1.0035
1.0034
1.0034
1.0034
1.0034
1.0034
1.0034
1.0034
1.0034
1.0034
1.0034
1.0034
1.0033
1.0033
1.0033
1.0033
1.0033
1.0033
1.0033
1.0033
1.0033
1.0034
1.0033
1.0033
1.0034
1.0034
1.0033
1.0034
1.0033
1.0033
1.0033
1.0033
1.0033
1.0033
1.0033
1.0033
1.0033
1.0033
1.0033
1.0032
1.0032
1.0032
1.0032
1.0032
1.0032
1.0032
1.0032
1.0033
1.0033
1.0033
1.0033
1.0033
1.0033
1.0032
1.0031
1.0031
1.0031
1.0031
1.0032
1.0032
1.0032
1.0032
1.0032
1.0031
1.0031
1.0031
1.0031
1.0031
1.0032
1.0032
1.0032
1.0032
1.0033
1.0032
1.0032
1.0032
1.0032
1.0031
1.0031
1.0030
1.0030
1.0030
1.0031
1.0030
1.0031
1.0031
1.0031
1.0031
1.0031
1.0031
1.0031
1.0031
1.0031
1.0030
1.0030
1.0030
1.0030
1.0029
1.0029
1.0030
1.0030
1.0030
1.0030
1.0030
1.0030
1.0030
1.0030
1.0030
1.0031
1.0031
1.0031
1.0031
1.0030
1.0029
1.0029
1.0029
1.0029
1.0029
1.0029
1.0029
1.0029
1.0029
1.0029
1.0029
1.0029
1.0029
1.0028
1.0028
1.0029
1.0029
1.0028
1.0028
1.0028
1.0028
1.0028
1.0029
1.0029
1.0029
1.0029
1.0028
1.0027
1.0027
1.0027
1.0027
1.0028
1.0028
1.0028
1.0028
1.0028
1.0028
1.0028
1.0028
1.0028
1.0028
1.0028
1.0027
1.0027
1.0027
1.0027
1.0027
1.0027
1.0027
1.0027
1.0027
1.0027
1.0026
1.0026
1.0026
1.0026
1.0026
1.0026
1.0026
1.0026
1.0026
1.0026
1.0026
1.0026
1.0026
1.0026
1.0026
1.0026
1.0025
1.0025
1.0026
1.0026
1.0026
1.0026
1.0026
1.0025
1.0025
1.0025
1.0025
1.0025
1.0025
1.0025
1.0025
1.0025
1.0025
1.0024
1.0025
1.0024
1.0024
1.0024
1.0024
1.0024
1.0024
1.0023
1.0024
1.0024
1.0024
1.0024
1.0024
1.0024
1.0023
1.0023
1.0023
1.0023
1.0023
1.0023
1.0023
1.0023
1.0023
1.0023
1.0023
1.0024
1.0024
1.0023
1.0023
1.0023
1.0023
1.0023
1.0023
1.0023
1.0023
1.0023
1.0023
1.0023
1.0023
1.0023
1.0023
1.0023
1.0023
1.0023
1.0023
1.0023
1.0023
1.0023
1.0023
1.0023
1.0023
1.0023
1.0023
1.0022
1.0022
1.0022
1.0022
1.0022
1.0022
1.0022
1.0022
1.0022
1.0022
1.0023
1.0023
1.0022
1.0023
1.0023
1.0023
1.0023
1.0023
1.0023
1.0023
1.0023
1.0022
1.0023
1.0023
1.0023
1.0023
1.0023
1.0022
1.0022
1.0021
1.0022
1.0022
1.0023
1.0022
1.0022
1.0022
1.0022
1.0021
1.0022
1.0022
1.0022
1.0021
1.0022
1.0021
1.0021
1.0022
1.0022
1.0022
1.0022
1.0022
1.0021
1.0020
1.0020
1.0020
1.0020
1.0021
1.0021
1.0021
1.0021
1.0021
1.0021
1.0021
1.0021
1.0021
1.0021
1.0021
1.0022
1.0022
1.0022
1.0022
1.0022
1.0021
1.0021
1.0021
1.0021
1.0021
1.0021
1.0021
1.0021
1.0021
1.0021
1.0021
1.0021
1.0020
1.0021
1.0021
1.0022
1.0022
1.0022
1.0022
1.0021
1.0021
1.0021
1.0021
1.0020
1.0020
1.0020
1.0020
1.0020
1.0020
1.0020
1.0020
1.0020
1.0020
1.0020
1.0020
1.0020
1.0020
1.0020
1.0020
1.0020
1.0020
1.0020
1.0020
1.0019
1.0019
1.0019
1.0019
1.0019
1.0019
1.0019
1.0019
1.0019
1.0019
1.0020
1.0020
1.0020
1.0020
1.0020
1.0020
1.0020
1.0020
1.0020
1.0020
1.0020
1.0020
1.0020
1.0019
1.0019
1.0019
1.0019
1.0019
1.0019
1.0019
1.0019
1.0019
1.0019
1.0019
1.0019
1.0019
1.0019
1.0019
1.0019
1.0019
1.0019
1.0019
1.0019
1.0020
1.0019
1.0019
1.0019
1.0019
1.0019
1.0019
1.0019
1.0019
1.0018
1.0018
1.0019
1.0019
1.0019
1.0019
1.0019
1.0019
1.0019
1.0019
1.0019
1.0019
1.0019
1.0018
1.0018
1.0018
1.0018
1.0018
1.0018
1.0018
1.0018
1.0019
1.0019
1.0019
1.0019
1.0019
1.0019
1.0019
1.0019
1.0019
1.0018
1.0019
1.0019
1.0018
1.0019
1.0019
1.0019
1.0019
1.0019
1.0019
1.0019
1.0018
1.0018
1.0018
1.0018
1.0018
1.0019
1.0018
1.0018
1.0019
1.0018
1.0018
1.0018
1.0019
1.0019
1.0019
1.0019
1.0019
1.0019
1.0019
1.0019
1.0019
1.0019
1.0019
1.0019
1.0019
1.0019
1.0018
1.0018
1.0019
1.0019
1.0019
1.0019
1.0019
1.0019
1.0018
1.0019
1.0019
1.0019
1.0019
1.0019
1.0018
1.0018
1.0018
1.0019
1.0019
1.0019
1.0019
1.0019
1.0019
1.0019
1.0019
1.0019
1.0019
1.0019
1.0019
1.0019
1.0019
1.0019
1.0019
1.0019
1.0019
1.0019
1.0019
1.0019
1.0019
1.0019
1.0019
1.0019
1.0019
1.0019
1.0019
1.0019
1.0019
1.0019
1.0019
1.0019
1.0019
1.0019
1.0019
1.0019
1.0020
1.0020
1.0020
1.0020
1.0019
1.0019
1.0019
1.0019
1.0019
1.0019
1.0019
1.0019
1.0019
1.0019
1.0019
1.0019
1.0019
1.0019
1.0018
1.0018
1.0018
1.0019
1.0019
1.0019
1.0019
1.0020
1.0020
1.0020
1.0020
1.0019
1.0019
1.0019
1.0019
1.0019
1.0020
1.0020
1.0020
1.0020
1.0020
1.0020
1.0020
1.0020
1.0020
1.0020
1.0020
1.0021
1.0020
1.0020
1.0020
1.0019
1.0019
1.0019
1.0020
1.0020
1.0020
1.0020
1.0019
1.0020
1.0020
1.0020
1.0020
1.0020
1.0020
1.0020
1.0020
1.0020
1.0020
1.0020
1.0020
1.0020
1.0020
1.0021
1.0021
1.0021
1.0021
1.0020
1.0020
1.0020
1.0020
1.0020
1.0020
1.0020
1.0020
1.0020
1.0020
1.0020
1.0019
1.0020
1.0019
1.0019
1.0020
1.0020
1.0020
1.0021
1.0021
1.0020
1.0020
1.0020
1.0020
1.0020
1.0020
1.0020
1.0020
1.0020
1.0020
1.0020
1.0020
1.0020
1.0020
1.0020
1.0020
1.0020
1.0020
1.0020
1.0021
1.0020
1.0020
1.0020
1.0020
1.0020
1.0020
1.0021
1.0021
1.0021
1.0021
1.0021
1.0021
1.0021
1.0021
1.0021
1.0021
1.0021
1.0022
1.0022
1.0021
1.0022
1.0022
1.0021
1.0022
1.0022
1.0022
1.0022
1.0022
1.0022
1.0022
1.0022
1.0022
1.0022
1.0022
1.0022
1.0022
1.0022
1.0022
1.0022
1.0022
1.0022
1.0022
1.0022
1.0023
1.0023
1.0022
1.0022
1.0022
1.0022
1.0022
1.0022
1.0022
1.0023
1.0023
1.0023
1.0023
1.0023
1.0023
1.0023
1.0023
1.0023
1.0023
1.0024
1.0024
1.0023
1.0023
1.0023
1.0023
1.0023
1.0023
1.0024
1.0024
1.0024
1.0024
1.0024
1.0024
1.0024
1.0024
1.0023
1.0024
1.0023
1.0024
1.0024
1.0024
1.0024
1.0024
1.0024
1.0024
1.0024
1.0024
1.0024
1.0024
1.0024
1.0024
1.0024
1.0024
1.0024
1.0025
1.0025
1.0024
1.0025
1.0025
1.0025
1.0025
1.0025
1.0025
1.0025
1.0025
1.0026
1.0026
1.0026
1.0027
1.0027
1.0028
1.0030
1.0030
1.0031
1.0032
1.0032
1.0033
1.0034
1.0034
1.0034
1.0035
1.0035
1.0036
1.0037
1.0038
1.0039
1.0040
1.0040
1.0041
1.0042
1.0043
1.0044
1.0046
1.0046
1.0046
1.0046
1.0047
1.0047
1.0048
1.0050
1.0051
1.0051
1.0051
1.0051
1.0051
1.0052
1.0052
1.0054
1.0054
1.0055
1.0057
1.0056
1.0056
1.0056
1.0055
1.0052
1.0053
1.0052
1.0051
1.0050
1.0051
1.0050
1.0051
1.0052
1.0051
1.0051
1.0050
1.0047
1.0046
1.0046
1.0045
1.0043
1.0042
1.0039
1.0038
1.0036
1.0034
1.0033
1.0035
1.0033
1.0034
1.0037
1.0037
1.0036
1.0037
1.0033
1.0029
1.0030
1.0030
1.0029
1.0032
1.0032
1.0032
1.0034
1.0035
1.0039
1.0047
1.0046
1.0046
1.0045
1.0041
1.0035
1.0038
1.0045
1.0046
1.0050
1.0046
1.0047
1.0041
1.0047
1.0044
1.0046
1.0045
1.0042
1.0039
1.0045
1.0054
1.0056
1.0059
1.0058
1.0059
1.0085
1.0137
1.0191
1.0379
0.8962
0.9900
1.0073
1.0069
