1.0021
1.0088
1.0035
0.9622
0.8575
-10.1965
1.2221
1.2249
1.2202
1.2096
1.2082
1.2308
1.2425
1.2416
1.2422
1.1691
1.1500
1.1362
1.1224
1.1173
1.1209
1.1249
1.1253
1.1230
1.1228
1.1190
1.1166
1.1113
1.1098
1.1027
1.1025
1.0944
1.0891
1.0851
1.0807
1.0760
1.0731
1.0709
1.0717
1.0719
1.0743
1.0758
1.0736
1.0682
1.0645
1.0592
1.0537
1.0508
1.0465
1.0438
1.0412
1.0379
1.0365
1.0343
1.0312
1.0295
1.0289
1.0263
1.0263
1.0299
1.0326
1.0358
1.0392
1.0386
1.0343
1.0305
1.0276
1.0251
1.0231
1.0203
1.0197
1.0182
1.0169
1.0161
1.0153
1.0138
1.0141
1.0136
1.0123
1.0123
1.0113
1.0098
1.0105
1.0128
1.0146
1.0167
1.0176
1.0156
1.0135
1.0119
1.0113
1.0106
1.0097
1.0096
1.0089
1.0086
1.0086
1.0083
1.0076
1.0079
1.0075
1.0067
1.0066
1.0064
1.0054
1.0041
1.0037
1.0042
1.0046
1.0061
1.0084
1.0092
1.0078
1.0072
1.0063
1.0057
1.0050
1.0046
1.0045
1.0042
1.0038
1.0035
1.0031
1.0027
1.0029
1.0029
1.0028
1.0032
1.0031
1.0028
1.0025
1.0020
1.0008
1.0002
1.0005
1.0013
1.0020
1.0031
1.0033
1.0020
1.0013
1.0006
1.0005
1.0004
1.0006
1.0006
1.0007
1.0008
1.0010
1.0010
1.0010
1.0011
1.0005
0.9997
0.9991
0.9982
0.9974
0.9972
0.9970
0.9966
0.9961
0.9952
0.9949
0.9954
0.9966
0.9980
0.9998
1.0004
1.0003
0.9999
0.9993
0.9988
0.9983
0.9976
0.9967
0.9955
0.9939
0.9927
0.9918
0.9915
0.9917
0.9922
0.9928
0.9936
0.9942
0.9950
0.9959
0.9963
0.9965
0.9965
0.9963
0.9960
0.9957
0.9954
0.9952
0.9943
0.9925
0.9904
0.9885
0.9867
0.9860
0.9867
0.9884
0.9903
0.9921
0.9937
0.9946
0.9950
0.9951
0.9951
0.9950
0.9951
0.9952
0.9950
0.9945
0.9933
0.9910
0.9881
0.9851
0.9827
0.9816
0.9821
0.9836
0.9860
0.9886
0.9907
0.9924
0.9938
0.9948
0.9953
0.9955
0.9953
0.9949
0.9945
0.9940
0.9933
0.9922
0.9902
0.9865
0.9822
0.9789
0.9772
0.9780
0.9812
0.9855
0.9894
0.9923
0.9942
0.9952
0.9959
0.9964
0.9964
0.9962
0.9957
0.9950
0.9944
0.9939
0.9925
0.9898
0.9861
0.9824
0.9790
0.9776
0.9789
0.9823
0.9863
0.9902
0.9931
0.9949
0.9959
0.9965
0.9970
0.9974
0.9976
0.9973
0.9965
0.9953
0.9942
0.9932
0.9916
0.9890
0.9865
0.9839
0.9821
0.9821
0.9842
0.9871
0.9904
0.9931
0.9952
0.9966
0.9974
0.9980
0.9982
0.9981
0.9980
0.9979
0.9976
0.9970
0.9959
0.9946
0.9936
0.9924
0.9907
0.9890
0.9881
0.9880
0.9888
0.9908
0.9934
0.9955
0.9967
0.9974
0.9979
0.9982
0.9984
0.9985
0.9983
0.9982
0.9980
0.9978
0.9976
0.9973
0.9968
0.9960
0.9952
0.9945
0.9936
0.9929
0.9931
0.9938
0.9947
0.9960
0.9972
0.9980
0.9984
0.9987
0.9987
0.9988
0.9990
0.9989
0.9988
0.9987
0.9987
0.9986
0.9985
0.9983
0.9981
0.9979
0.9973
0.9968
0.9962
0.9959
0.9959
0.9964
0.9970
0.9978
0.9984
0.9988
0.9990
0.9991
0.9991
0.9992
0.9992
0.9991
0.9991
0.9990
0.9990
0.9989
0.9988
0.9988
0.9987
0.9984
0.9980
0.9977
0.9975
0.9975
0.9977
0.9979
0.9981
0.9982
0.9984
0.9985
0.9986
0.9987
0.9988
0.9989
0.9989
0.9990
0.9990
0.9989
0.9989
0.9989
0.9987
0.9986
0.9986
0.9986
0.9986
0.9986
0.9986
0.9985
0.9985
0.9985
0.9986
0.9987
0.9987
0.9988
0.9988
0.9988
0.9989
0.9990
0.9990
0.9990
0.9990
0.9990
0.9989
0.9989
0.9989
0.9988
0.9987
0.9987
0.9986
0.9986
0.9986
0.9987
0.9987
0.9986
0.9986
0.9985
0.9985
0.9985
0.9985
0.9985
0.9985
0.9985
0.9984
0.9985
0.9985
0.9984
0.9984
0.9984
0.9984
0.9984
0.9983
0.9983
0.9983
0.9983
0.9983
0.9983
0.9984
0.9983
0.9983
0.9982
0.9982
0.9983
0.9983
0.9983
0.9983
0.9983
0.9983
0.9983
0.9983
0.9983
0.9984
0.9984
0.9984
0.9984
0.9983
0.9983
0.9982
0.9981
0.9981
0.9981
0.9981
0.9981
0.9980
0.9980
0.9980
0.9979
0.9979
0.9979
0.9978
0.9978
0.9978
0.9978
0.9978
0.9978
0.9978
0.9977
0.9978
0.9977
0.9977
0.9977
0.9977
0.9977
0.9976
0.9976
0.9976
0.9976
0.9976
0.9976
0.9977
0.9978
0.9978
0.9978
0.9979
0.9979
0.9978
0.9977
0.9977
0.9977
0.9977
0.9976
0.9976
0.9976
0.9976
0.9976
0.9976
0.9976
0.9977
0.9977
0.9977
0.9977
0.9977
0.9977
0.9976
0.9976
0.9976
0.9976
0.9976
0.9977
0.9977
0.9977
0.9977
0.9978
0.9977
0.9977
0.9977
0.9977
0.9977
0.9977
0.9977
0.9977
0.9978
0.9978
0.9978
0.9978
0.9979
0.9979
0.9979
0.9979
0.9979
0.9979
0.9979
0.9979
0.9979
0.9979
0.9980
0.9980
0.9980
0.9980
0.9981
0.9981
0.9981
0.9981
0.9981
0.9981
0.9981
0.9981
0.9981
0.9981
0.9982
0.9982
0.9982
0.9983
0.9983
0.9983
0.9984
0.9984
0.9984
0.9984
0.9985
0.9985
0.9985
0.9985
0.9985
0.9985
0.9985
0.9985
0.9985
0.9986
0.9986
0.9987
0.9987
0.9987
0.9987
0.9988
0.9988
0.9988
0.9988
0.9989
0.9989
0.9989
0.9989
0.9989
0.9989
0.9989
0.9990
0.9990
0.9991
0.9991
0.9992
0.9992
0.9993
0.9993
0.9993
0.9994
0.9994
0.9994
0.9994
0.9995
0.9995
0.9995
0.9995
0.9996
0.9997
0.9997
0.9997
0.9998
0.9999
0.9999
0.9999
1.0000
1.0000
1.0000
1.0001
1.0001
1.0001
1.0001
1.0001
1.0001
1.0002
1.0002
1.0002
1.0003
1.0004
1.0004
1.0004
1.0004
1.0005
1.0005
1.0006
1.0008
1.0009
1.0009
1.0010
1.0009
1.0009
1.0009
1.0009
1.0009
1.0010
1.0010
1.0011
1.0011
1.0012
1.0012
1.0012
1.0012
1.0012
1.0013
1.0013
1.0014
1.0014
1.0015
1.0015
1.0015
1.0016
1.0017
1.0018
1.0018
1.0019
1.0019
1.0019
1.0020
1.0020
1.0021
1.0021
1.0021
1.0021
1.0022
1.0022
1.0023
1.0023
1.0023
1.0024
1.0024
1.0025
1.0025
1.0026
1.0026
1.0026
1.0026
1.0027
1.0028
1.0028
1.0029
1.0030
1.0030
1.0030
1.0031
1.0032
1.0032
1.0033
1.0033
1.0034
1.0034
1.0035
1.0035
1.0035
1.0035
1.0036
1.0036
1.0036
1.0036
1.0037
1.0037
1.0038
1.0039
1.0039
1.0040
1.0041
1.0041
1.0041
1.0041
1.0041
1.0041
1.0041
1.0042
1.0043
1.0043
1.0044
1.0044
1.0044
1.0044
1.0045
1.0046
1.0046
1.0047
1.0048
1.0048
1.0048
1.0049
1.0049
1.0049
1.0050
1.0050
1.0050
1.0051
1.0051
1.0051
1.0052
1.0052
1.0052
1.0053
1.0053
1.0053
1.0054
1.0054
1.0055
1.0056
1.0056
1.0057
1.0057
1.0056
1.0056
1.0057
1.0057
1.0058
1.0058
1.0058
1.0058
1.0058
1.0058
1.0059
1.0059
1.0060
1.0060
1.0060
1.0061
1.0061
1.0061
1.0062
1.0062
1.0062
1.0063
1.0063
1.0063
1.0063
1.0063
1.0064
1.0064
1.0064
1.0065
1.0065
1.0065
1.0065
1.0065
1.0065
1.0065
1.0066
1.0066
1.0066
1.0066
1.0067
1.0067
1.0067
1.0068
1.0068
1.0068
1.0068
1.0069
1.0069
1.0069
1.0069
1.0069
1.0069
1.0069
1.0069
1.0069
1.0069
1.0070
1.0070
1.0070
1.0070
1.0071
1.0072
1.0072
1.0072
1.0072
1.0072
1.0072
1.0071
1.0072
1.0072
1.0072
1.0072
1.0072
1.0072
1.0071
1.0071
1.0072
1.0072
1.0072
1.0072
1.0072
1.0072
1.0072
1.0072
1.0072
1.0072
1.0072
1.0073
1.0073
1.0072
1.0073
1.0073
1.0072
1.0073
1.0073
1.0072
1.0072
1.0072
1.0071
1.0071
1.0071
1.0071
1.0071
1.0072
1.0072
1.0071
1.0071
1.0072
1.0072
1.0072
1.0072
1.0072
1.0072
1.0071
1.0071
1.0070
1.0070
1.0070
1.0069
1.0069
1.0069
1.0069
1.0069
1.0068
1.0069
1.0069
1.0069
1.0069
1.0069
1.0068
1.0068
1.0068
1.0067
1.0067
1.0067
1.0067
1.0066
1.0066
1.0066
1.0066
1.0066
1.0066
1.0066
1.0066
1.0066
1.0065
1.0065
1.0065
1.0065
1.0065
1.0064
1.0064
1.0063
1.0063
1.0063
1.0063
1.0062
1.0062
1.0062
1.0062
1.0062
1.0062
1.0062
1.0061
1.0061
1.0061
1.0060
1.0060
1.0060
1.0060
1.0060
1.0060
1.0060
1.0059
1.0060
1.0060
1.0059
1.0059
1.0059
1.0058
1.0057
1.0057
1.0057
1.0057
1.0057
1.0057
1.0056
1.0055
1.0055
1.0055
1.0054
1.0054
1.0054
1.0054
1.0053
1.0053
1.0053
1.0052
1.0052
1.0052
1.0052
1.0052
1.0052
1.0051
1.0051
1.0051
1.0051
1.0051
1.0050
1.0050
1.0050
1.0050
1.0050
1.0050
1.0049
1.0049
1.0048
1.0048
1.0048
1.0048
1.0047
1.0047
1.0047
1.0047
1.0046
1.0046
1.0046
1.0047
1.0046
1.0046
1.0046
1.0046
1.0045
1.0044
1.0044
1.0044
1.0044
1.0044
1.0044
1.0044
1.0043
1.0043
1.0043
1.0043
1.0043
1.0043
1.0042
1.0042
1.0042
1.0041
1.0041
1.0041
1.0041
1.0041
1.0041
1.0041
1.0040
1.0040
1.0040
1.0040
1.0039
1.0039
1.0039
1.0039
1.0039
1.0039
1.0039
1.0039
1.0038
1.0038
1.0038
1.0037
1.0037
1.0037
1.0037
1.0037
1.0036
1.0036
1.0036
1.0036
1.0036
1.0036
1.0036
1.0036
1.0035
1.0035
1.0035
1.0035
1.0035
1.0035
1.0035
1.0034
1.0034
1.0032
1.0031
1.0030
1.0031
1.0031
1.0031
1.0032
1.0032
1.0033
1.0033
1.0033
1.0033
1.0033
1.0033
1.0032
1.0032
1.0033
1.0033
1.0033
1.0032
1.0032
1.0032
1.0031
1.0031
1.0032
1.0032
1.0032
1.0032
1.0032
1.0031
1.0031
1.0031
1.0031
1.0030
1.0031
1.0031
1.0031
1.0031
1.0031
1.0031
1.0031
1.0031
1.0031
1.0030
1.0030
1.0030
1.0029
1.0029
1.0029
1.0029
1.0029
1.0029
1.0029
1.0028
1.0029
1.0029
1.0029
1.0029
1.0029
1.0029
1.0028
1.0028
1.0028
1.0027
1.0027
1.0027
1.0027
1.0027
1.0027
1.0027
1.0027
1.0027
1.0027
1.0027
1.0027
1.0027
1.0027
1.0027
1.0027
1.0026
1.0026
1.0026
1.0026
1.0027
1.0027
1.0027
1.0026
1.0026
1.0026
1.0026
1.0026
1.0026
1.0026
1.0026
1.0026
1.0026
1.0027
1.0027
1.0027
1.0027
1.0026
1.0025
1.0025
1.0025
1.0025
1.0025
1.0025
1.0026
1.0025
1.0025
1.0025
1.0025
1.0025
1.0025
1.0025
1.0025
1.0025
1.0025
1.0025
1.0025
1.0025
1.0025
1.0025
1.0025
1.0025
1.0024
1.0024
1.0024
1.0024
1.0024
1.0024
1.0025
1.0025
1.0025
1.0025
1.0025
1.0025
1.0025
1.0025
1.0025
1.0025
1.0025
1.0025
1.0024
1.0024
1.0025
1.0025
1.0025
1.0025
1.0025
1.0025
1.0025
1.0025
1.0024
1.0024
1.0024
1.0023
1.0024
1.0024
1.0024
1.0024
1.0024
1.0025
1.0025
1.0024
1.0024
1.0024
1.0023
1.0023
1.0023
1.0023
1.0023
1.0024
1.0024
1.0024
1.0024
1.0024
1.0024
1.0024
1.0024
1.0024
1.0024
1.0024
1.0024
1.0024
1.0024
1.0024
1.0024
1.0024
1.0024
1.0024
1.0024
1.0024
1.0024
1.0024
1.0024
1.0024
1.0023
1.0024
1.0024
1.0024
1.0024
1.0024
1.0023
1.0023
1.0023
1.0023
1.0023
1.0024
1.0023
1.0023
1.0023
1.0023
1.0023
1.0023
1.0023
1.0024
1.0024
1.0024
1.0024
1.0024
1.0024
1.0024
1.0024
1.0024
1.0023
1.0023
1.0023
1.0023
1.0023
1.0023
1.0023
1.0024
1.0023
1.0023
1.0023
1.0023
1.0023
1.0023
1.0022
1.0022
1.0022
1.0023
1.0023
1.0022
1.0022
1.0022
1.0022
1.0022
1.0023
1.0023
1.0022
1.0022
1.0022
1.0022
1.0021
1.0022
1.0022
1.0022
1.0022
1.0023
1.0022
1.0022
1.0022
1.0022
1.0022
1.0022
1.0021
1.0021
1.0021
1.0021
1.0021
1.0021
1.0021
1.0021
1.0021
1.0021
1.0021
1.0021
1.0020
1.0021
1.0021
1.0020
1.0021
1.0021
1.0021
1.0021
1.0021
1.0021
1.0021
1.0021
1.0021
1.0021
1.0021
1.0021
1.0020
1.0020
1.0020
1.0020
1.0020
1.0021
1.0021
1.0020
1.0020
1.0020
1.0020
1.0020
1.0020
1.0020
1.0020
1.0020
1.0020
1.0019
1.0019
1.0019
1.0020
1.0020
1.0020
1.0020
1.0020
1.0019
1.0019
1.0020
1.0020
1.0020
1.0020
1.0019
1.0019
1.0019
1.0019
1.0019
1.0019
1.0019
1.0019
1.0018
1.0018
1.0019
1.0019
1.0019
1.0019
1.0020
1.0019
1.0019
1.0019
1.0018
1.0018
1.0018
1.0019
1.0019
1.0019
1.0018
1.0019
1.0019
1.0018
1.0018
1.0019
1.0019
1.0019
1.0019
1.0019
1.0019
1.0019
1.0019
1.0019
1.0019
1.0019
1.0019
1.0018
1.0019
1.0018
1.0018
1.0018
1.0018
1.0018
1.0018
1.0017
1.0018
1.0018
1.0018
1.0018
1.0018
1.0018
1.0019
1.0019
1.0019
1.0019
1.0019
1.0019
1.0019
1.0019
1.0019
1.0020
1.0019
1.0019
1.0018
1.0018
1.0018
1.0018
1.0018
1.0018
1.0019
1.0018
1.0018
1.0018
1.0018
1.0017
1.0017
1.0018
1.0018
1.0018
1.0018
1.0018
1.0018
1.0018
1.0018
1.0018
1.0017
1.0017
1.0016
1.0016
1.0017
1.0017
1.0017
1.0017
1.0017
1.0017
1.0017
1.0017
1.0017
1.0017
1.0018
1.0017
1.0018
1.0018
1.0018
1.0018
1.0018
1.0018
1.0017
1.0017
1.0016
1.0017
1.0017
1.0017
1.0017
1.0018
1.0018
1.0018
1.0018
1.0017
1.0017
1.0017
1.0018
1.0018
1.0018
1.0018
1.0018
1.0018
1.0018
1.0018
1.0017
1.0017
1.0017
1.0017
1.0017
1.0017
1.0017
1.0017
1.0017
1.0017
1.0016
1.0016
1.0016
1.0016
1.0016
1.0016
1.0016
1.0017
1.0017
1.0017
1.0016
1.0016
1.0016
1.0016
1.0015
1.0016
1.0016
1.0017
1.0017
1.0017
1.0018
1.0017
1.0017
1.0018
1.0018
1.0018
1.0018
1.0018
1.0017
1.0017
1.0017
1.0017
1.0016
1.0016
1.0016
1.0016
1.0016
1.0016
1.0016
1.0016
1.0016
1.0016
1.0016
1.0016
1.0016
1.0016
1.0016
1.0016
1.0016
1.0017
1.0016
1.0016
1.0017
1.0017
1.0016
1.0016
1.0016
1.0016
1.0016
1.0016
1.0016
1.0016
1.0015
1.0015
1.0016
1.0016
1.0016
1.0016
1.0016
1.0016
1.0016
1.0016
1.0016
1.0016
1.0016
1.0016
1.0016
1.0015
1.0015
1.0015
1.0015
1.0015
1.0015
1.0015
1.0015
1.0016
1.0016
1.0016
1.0015
1.0015
1.0015
1.0015
1.0015
1.0015
1.0015
1.0016
1.0016
1.0016
1.0016
1.0016
1.0016
1.0016
1.0016
1.0016
1.0016
1.0016
1.0015
1.0015
1.0016
1.0016
1.0015
1.0015
1.0015
1.0015
1.0015
1.0015
1.0015
1.0016
1.0016
1.0016
1.0016
1.0016
1.0016
1.0016
1.0016
1.0016
1.0016
1.0016
1.0015
1.0015
1.0015
1.0015
1.0016
1.0016
1.0016
1.0016
1.0016
1.0016
1.0016
1.0016
1.0016
1.0016
1.0015
1.0015
1.0015
1.0015
1.0015
1.0015
1.0016
1.0016
1.0017
1.0017
1.0017
1.0017
1.0016
1.0016
1.0016
1.0016
1.0016
1.0016
1.0016
1.0016
1.0016
1.0016
1.0016
1.0016
1.0016
1.0016
1.0016
1.0016
1.0016
1.0016
1.0016
1.0016
1.0016
1.0016
1.0016
1.0016
1.0016
1.0016
1.0015
1.0016
1.0016
1.0016
1.0017
1.0017
1.0016
1.0016
1.0016
1.0015
1.0015
1.0016
1.0016
1.0016
1.0016
1.0016
1.0015
1.0016
1.0016
1.0015
1.0016
1.0016
1.0016
1.0016
1.0016
1.0015
1.0016
1.0016
1.0016
1.0017
1.0017
1.0017
1.0016
1.0016
1.0016
1.0016
1.0016
1.0016
1.0016
1.0016
1.0017
1.0017
1.0017
1.0017
1.0017
1.0017
1.0017
1.0017
1.0017
1.0016
1.0016
1.0016
1.0016
1.0016
1.0016
1.0017
1.0017
1.0017
1.0017
1.0017
1.0016
1.0016
1.0017
1.0017
1.0017
1.0016
1.0016
1.0016
1.0017
1.0017
1.0017
1.0016
1.0016
1.0017
1.0017
1.0017
1.0017
1.0017
1.0017
1.0017
1.0017
1.0017
1.0017
1.0017
1.0017
1.0017
1.0017
1.0017
1.0017
1.0017
1.0017
1.0017
1.0017
1.0017
1.0017
1.0016
1.0016
1.0017
1.0017
1.0017
1.0017
1.0017
1.0017
1.0017
1.0017
1.0016
1.0016
1.0017
1.0017
1.0017
1.0017
1.0017
1.0017
1.0016
1.0017
1.0017
1.0017
1.0017
1.0017
1.0017
1.0017
1.0017
1.0017
1.0017
1.0017
1.0017
1.0017
1.0017
1.0017
1.0018
1.0017
1.0017
1.0018
1.0017
1.0017
1.0018
1.0017
1.0017
1.0018
1.0017
1.0017
1.0018
1.0018
1.0018
1.0019
1.0019
1.0019
1.0019
1.0019
1.0018
1.0018
1.0018
1.0019
1.0019
1.0018
1.0018
1.0018
1.0018
1.0018
1.0019
1.0019
1.0019
1.0019
1.0019
1.0018
1.0018
1.0018
1.0018
1.0018
1.0018
1.0019
1.0019
1.0019
1.0019
1.0019
1.0019
1.0019
1.0019
1.0019
1.0019
1.0019
1.0019
1.0019
1.0019
1.0020
1.0020
1.0020
1.0020
1.0020
1.0020
1.0020
1.0020
1.0020
1.0020
1.0020
1.0020
1.0020
1.0020
1.0020
1.0020
1.0020
1.0021
1.0020
1.0021
1.0020
1.0020
1.0020
1.0021
1.0020
1.0021
1.0021
1.0021
1.0021
1.0021
1.0021
1.0021
1.0020
1.0020
1.0021
1.0021
1.0021
1.0021
1.0021
1.0021
1.0021
1.0021
1.0021
1.0021
1.0022
1.0023
1.0023
1.0023
1.0024
1.0024
1.0025
1.0026
1.0026
1.0027
1.0028
1.0028
1.0029
1.0029
1.0030
1.0031
1.0031
1.0032
1.0033
1.0033
1.0033
1.0034
1.0035
1.0035
1.0035
1.0036
1.0036
1.0037
1.0037
1.0038
1.0039
1.0039
1.0041
1.0042
1.0041
1.0041
1.0041
1.0041
1.0041
1.0042
1.0043
1.0044
1.0044
1.0044
1.0044
1.0044
1.0044
1.0043
1.0041
1.0041
1.0041
1.0040
1.0040
1.0040
1.0040
1.0038
1.0039
1.0040
1.0038
1.0037
1.0036
1.0035
1.0033
1.0033
1.0032
1.0032
1.0031
1.0031
1.0031
1.0029
1.0030
1.0030
1.0028
1.0030
1.0035
1.0034
1.0033
1.0033
1.0028
1.0024
1.0025
1.0026
1.0027
1.0032
1.0031
1.0033
1.0034
1.0034
1.0035
1.0039
1.0039
1.0038
1.0039
1.0036
1.0032
1.0033
1.0037
1.0038
1.0041
1.0039
1.0039
1.0035
1.0039
1.0037
1.0037
1.0037
1.0035
1.0029
1.0033
1.0041
1.0041
1.0045
1.0049
1.0046
1.0057
1.0090
1.0112
1.0206
0.9434
0.9947
1.0043
1.0038
