180.21	3437.33
180.28	-127.99
180.36	635.98
180.44	-44.02
180.51	-9.35
180.59	18.40
180.66	50.25
180.74	50.05
180.81	51.30
180.89	54.59
180.97	56.09
181.04	54.31
181.12	53.96
181.19	55.78
181.27	57.15
181.34	75.80
181.42	84.03
181.50	92.28
181.57	104.19
181.65	110.11
181.72	104.93
181.80	101.74
181.87	105.17
181.95	110.10
182.03	115.85
182.10	124.86
182.18	135.28
182.25	151.52
182.33	163.76
182.40	182.27
182.48	191.98
182.55	216.56
182.63	231.19
182.71	245.74
182.78	259.24
182.86	267.74
182.93	257.85
183.01	249.97
183.08	237.93
183.16	234.40
183.23	234.52
183.31	257.92
183.39	282.16
183.46	322.57
183.54	355.48
183.61	400.65
183.69	444.80
183.76	499.82
183.84	544.99
183.91	595.51
183.99	648.81
184.06	691.32
184.14	740.16
184.22	775.13
184.29	783.32
184.37	783.85
184.44	758.18
184.52	680.35
184.59	602.70
184.67	550.42
184.74	501.44
184.82	501.53
184.89	555.24
184.97	641.54
185.04	733.00
185.12	827.99
185.20	921.33
185.27	1017.31
185.35	1098.26
185.42	1162.72
185.50	1238.15
185.57	1288.18
185.65	1343.20
185.72	1413.06
185.80	1486.12
185.87	1551.88
185.95	1635.80
186.02	1685.98
186.10	1689.13
186.17	1650.43
186.25	1527.07
186.33	1348.57
186.40	1201.02
186.48	1116.43
186.55	1109.10
186.63	1195.41
186.70	1359.03
186.78	1514.36
186.85	1652.97
186.93	1770.09
187.00	1899.14
187.08	2005.43
187.15	2132.12
187.23	2260.85
187.30	2374.33
187.38	2493.79
187.45	2624.94
187.53	2721.35
187.60	2813.55
187.68	2933.28
187.75	3007.77
187.83	3048.55
187.90	3086.16
187.98	3076.68
188.05	2955.57
188.13	2731.02
188.21	2485.12
188.28	2279.30
188.36	2130.46
188.43	2115.73
188.51	2256.88
188.58	2465.49
188.66	2655.94
188.73	2849.73
188.81	3025.96
188.88	3183.46
188.96	3316.31
189.03	3462.72
189.11	3599.78
189.18	3709.25
189.26	3817.69
189.33	3937.76
189.41	4028.03
189.48	4114.54
189.56	4222.79
189.63	4299.36
189.71	4355.11
189.78	4413.62
189.86	4431.29
189.93	4395.70
190.01	4319.75
190.08	4154.36
190.16	3873.10
190.23	3585.21
190.31	3388.04
190.38	3282.15
190.46	3312.28
190.53	3487.25
190.61	3730.55
190.68	3939.04
190.76	4136.81
190.83	4304.19
190.91	4464.67
190.98	4595.22
191.06	4738.29
191.13	4861.74
191.21	4970.78
191.28	5080.43
191.35	5189.25
191.43	5265.15
191.50	5339.68
191.58	5423.57
191.65	5470.30
191.73	5508.49
191.80	5543.16
191.88	5548.24
191.95	5539.22
192.03	5539.71
192.10	5524.91
192.18	5489.31
192.25	5404.55
192.33	5232.12
192.40	5035.97
192.48	4884.72
192.55	4797.19
192.63	4810.10
192.70	4948.18
192.78	5137.02
192.85	5328.64
192.93	5498.90
193.00	5637.92
193.08	5766.79
193.15	5879.28
193.22	5972.75
193.30	6049.70
193.37	6129.17
193.45	6183.52
193.52	6239.61
193.60	6290.96
193.67	6339.50
193.75	6382.80
193.82	6418.90
193.90	6446.98
193.97	6480.63
194.05	6514.71
194.12	6548.02
194.20	6596.04
194.27	6641.27
194.34	6663.72
194.42	6677.29
194.49	6681.93
194.57	6654.11
194.64	6578.33
194.72	6495.19
194.79	6422.06
194.87	6365.09
194.94	6350.05
195.02	6398.30
195.09	6475.11
195.17	6569.06
195.24	6669.37
195.31	6767.98
195.39	6860.68
195.46	6944.61
195.54	7020.51
195.61	7087.45
195.69	7135.23
195.76	7170.42
195.84	7209.15
195.91	7221.69
195.99	7222.99
196.06	7227.25
196.13	7234.33
196.21	7234.79
196.28	7243.13
196.36	7255.39
196.43	7255.65
196.51	7261.22
196.58	7269.12
196.66	7289.65
196.73	7320.42
196.80	7368.11
196.88	7413.30
196.95	7465.36
197.03	7505.36
197.10	7520.47
197.18	7527.48
197.25	7531.86
197.33	7537.51
197.40	7560.96
197.47	7587.19
197.55	7620.66
197.62	7650.81
197.70	7674.57
197.77	7686.79
197.85	7704.33
197.92	7706.81
197.99	7698.60
198.07	7685.49
198.14	7666.85
198.22	7676.65
198.29	7707.49
198.37	7764.92
198.44	7839.00
198.51	7917.75
198.59	7975.07
198.66	8031.06
198.74	8073.69
198.81	8104.56
198.89	8132.81
198.96	8156.94
199.03	8169.73
199.11	8186.77
199.18	8199.68
199.26	8207.93
199.33	8225.86
199.41	8239.93
199.48	8225.46
199.55	8204.31
199.63	8174.67
199.70	8154.52
199.78	8153.13
199.85	8190.84
199.93	8254.84
200.00	8348.23
200.07	8431.01
200.15	8510.46
200.22	8577.86
200.30	8623.71
200.37	8662.67
200.44	8697.16
200.52	8725.65
200.59	8755.31
200.67	8781.41
200.74	8789.47
200.81	8796.46
200.89	8803.73
200.96	8816.04
201.04	8816.70
201.11	8822.18
201.19	8822.82
201.26	8823.68
201.33	8821.61
201.41	8854.31
201.48	8913.07
201.56	8988.42
201.63	9077.80
201.70	9160.81
201.78	9228.48
201.85	9287.00
201.93	9333.36
202.00	9368.59
202.07	9406.31
202.15	9440.36
202.22	9465.36
202.30	9496.49
202.37	9520.98
202.44	9546.16
202.52	9575.14
202.59	9601.80
202.67	9619.06
202.74	9647.01
202.81	9665.55
202.89	9678.79
202.96	9706.17
203.04	9757.30
203.11	9811.64
203.18	9895.42
203.26	9985.67
203.33	10067.42
203.41	10127.03
203.48	10177.65
203.55	10205.70
203.63	10237.60
203.70	10275.81
203.77	10321.93
203.85	10366.80
203.92	10416.92
204.00	10477.50
204.07	10530.00
204.14	10587.42
204.22	10640.23
204.29	10689.04
204.37	10721.04
204.44	10756.48
204.51	10787.58
204.59	10825.59
204.66	10870.15
204.73	10934.26
204.81	11002.25
204.88	11078.33
204.96	11156.31
205.03	11228.06
205.10	11282.62
205.18	11335.84
205.25	11384.59
205.32	11439.32
205.40	11497.12
205.47	11563.96
205.55	11632.88
205.62	11704.85
205.69	11777.34
205.77	11846.46
205.84	11912.66
205.91	11977.40
205.99	12039.13
206.06	12084.47
206.14	12140.86
206.21	12199.51
206.28	12253.10
206.36	12312.40
206.43	12380.52
206.50	12453.79
206.58	12523.89
206.65	12600.74
206.72	12671.68
206.80	12744.93
206.87	12810.01
206.95	12890.45
207.02	12976.98
207.09	13072.29
207.17	13175.92
207.24	13280.44
207.31	13374.46
207.39	13459.66
207.46	13539.96
207.53	13605.22
207.61	13678.02
207.68	13750.50
207.75	13831.69
207.83	13918.73
207.90	14010.16
207.98	14084.10
208.05	14166.65
208.12	14237.91
208.20	14311.54
208.27	14387.96
208.34	14473.84
208.42	14548.52
208.49	14627.96
208.56	14700.73
208.64	14788.11
208.71	14878.36
208.78	14970.68
208.86	15081.31
208.93	15194.88
209.00	15300.02
209.08	15399.30
209.15	15507.51
209.22	15611.86
209.30	15713.21
209.37	15812.33
209.44	15927.51
209.52	16039.71
209.59	16136.04
209.67	16232.31
209.74	16329.07
209.81	16430.04
209.89	16521.00
209.96	16620.01
210.03	16713.56
210.11	16805.22
210.18	16885.48
210.25	16986.60
210.33	17087.60
210.40	17194.98
210.47	17313.63
210.55	17438.23
210.62	17549.91
210.69	17654.87
210.77	17767.70
210.84	17882.41
210.91	18002.14
210.99	18118.18
211.06	18248.61
211.13	18383.03
211.21	18504.10
211.28	18615.47
211.35	18736.75
211.42	18855.37
211.50	18959.69
211.57	19066.83
211.64	19176.95
211.72	19273.77
211.79	19368.90
211.86	19476.08
211.94	19601.23
212.01	19722.01
212.08	19855.73
212.16	19984.48
212.23	20113.50
212.30	20236.50
212.38	20361.96
212.45	20493.98
212.52	20629.70
212.60	20759.16
212.67	20893.02
212.74	21027.81
212.82	21151.34
212.89	21272.79
212.96	21407.18
213.03	21539.08
213.11	21680.52
213.18	21824.64
213.25	21968.51
213.33	22101.39
213.40	22222.97
213.47	22338.17
213.55	22444.62
213.62	22551.29
213.69	22665.45
213.77	22789.42
213.84	22915.32
213.91	23063.18
213.98	23211.94
214.06	23360.23
214.13	23510.85
214.20	23665.32
214.28	23819.42
214.35	23964.92
214.42	24109.53
214.50	24253.02
214.57	24387.93
214.64	24510.57
214.72	24638.96
214.79	24763.07
214.86	24885.49
214.93	25014.58
215.01	25154.68
215.08	25286.84
215.15	25418.84
215.23	25531.42
215.30	25651.04
215.37	25772.18
215.44	25922.76
215.52	26084.19
215.59	26265.26
215.66	26427.42
215.74	26581.61
215.81	26724.49
215.88	26865.36
215.95	26991.84
216.03	27130.50
216.10	27274.35
216.17	27421.39
216.25	27566.78
216.32	27725.94
216.39	27885.53
216.46	28038.53
216.54	28173.98
216.61	28303.01
216.68	28427.41
216.76	28561.28
216.83	28702.01
216.90	28856.72
216.97	29017.22
217.05	29178.49
217.12	29311.28
217.19	29422.63
217.27	29510.46
217.34	29601.05
217.41	29703.86
217.48	29828.49
217.56	29965.78
217.63	30134.10
217.70	30303.04
217.78	30466.33
217.85	30624.53
217.92	30794.21
217.99	30961.18
218.07	31107.07
218.14	31241.55
218.21	31390.91
218.28	31532.24
218.36	31666.79
218.43	31816.04
218.50	31970.91
218.57	32102.85
218.65	32220.80
218.72	32340.50
218.79	32460.72
218.87	32582.63
218.94	32711.08
219.01	32854.39
219.08	32990.15
219.16	33122.32
219.23	33245.79
219.30	33366.46
219.37	33485.54
219.45	33611.74
219.52	33752.01
219.59	33885.99
219.66	34016.34
219.74	34158.99
219.81	34321.46
219.88	34466.78
219.95	34613.31
220.03	34768.56
220.10	34910.01
220.17	35026.95
220.24	35145.53
220.32	35267.90
220.39	35388.89
220.46	35502.13
220.53	35618.99
220.61	35736.07
220.68	35859.96
220.75	35988.65
220.82	36116.91
220.90	36234.25
220.97	36328.22
221.04	36425.10
221.11	36515.25
221.19	36610.36
221.26	36719.85
221.33	36857.48
221.40	36989.85
221.48	37126.69
221.55	37265.95
221.62	37397.97
221.69	37531.72
221.77	37652.91
221.84	37768.41
221.91	37887.03
221.98	38009.83
222.06	38132.21
222.13	38263.74
222.20	38386.40
222.27	38486.44
222.35	38588.44
222.42	38675.05
222.49	38757.66
222.56	38836.55
222.63	38931.35
222.71	39029.42
222.78	39146.54
222.85	39260.38
222.92	39380.72
223.00	39480.66
223.07	39562.00
223.14	39631.23
223.21	39714.65
223.29	39815.77
223.36	39950.33
223.43	40088.20
223.50	40230.74
223.57	40370.26
223.65	40497.84
223.72	40605.87
223.79	40710.58
223.86	40809.96
223.94	40908.49
224.01	40985.47
224.08	41044.88
224.15	41108.56
224.22	41167.64
224.30	41213.45
224.37	41282.20
224.44	41376.48
224.51	41476.91
224.59	41582.72
224.66	41692.73
224.73	41802.06
224.80	41904.67
224.87	42000.93
224.95	42099.65
225.02	42199.08
225.09	42291.16
225.16	42380.05
225.23	42468.71
225.31	42561.17
225.38	42649.06
225.45	42740.82
225.52	42832.54
225.60	42916.12
225.67	42961.59
225.74	43001.01
225.81	43039.85
225.88	43089.27
225.96	43169.13
226.03	43290.43
226.10	43421.18
226.17	43543.97
226.24	43657.69
226.32	43740.61
226.39	43808.92
226.46	43870.90
226.53	43931.70
226.60	43990.67
226.68	44054.33
226.75	44123.55
226.82	44195.26
226.89	44267.39
226.96	44338.64
227.04	44391.36
227.11	44430.61
227.18	44473.81
227.25	44509.64
227.32	44557.28
227.40	44624.61
227.47	44698.98
227.54	44764.39
227.61	44837.62
227.68	44912.26
227.76	44984.09
227.83	45051.00
227.90	45119.96
227.97	45185.31
228.04	45233.75
228.11	45276.01
228.19	45315.71
228.26	45373.36
228.33	45434.89
228.40	45500.15
228.47	45571.37
228.55	45647.32
228.62	45711.88
228.69	45773.77
228.76	45832.57
228.83	45884.90
228.90	45937.31
228.98	45993.49
229.05	46058.81
229.12	46133.50
229.19	46206.34
229.26	46278.41
229.34	46326.56
229.41	46374.32
229.48	46410.96
229.55	46454.61
229.62	46502.56
229.69	46563.32
229.77	46600.71
229.84	46636.57
229.91	46667.21
229.98	46687.35
230.05	46708.38
230.12	46749.24
230.20	46810.60
230.27	46874.75
230.34	46942.53
230.41	47018.09
230.48	47083.14
230.55	47133.94
230.63	47180.97
230.70	47229.45
230.77	47251.30
230.84	47276.75
230.91	47295.51
230.98	47329.04
231.06	47361.11
231.13	47427.69
231.20	47499.13
231.27	47571.96
231.34	47621.47
231.41	47679.61
231.49	47726.05
231.56	47772.33
231.63	47821.55
231.70	47878.41
231.77	47911.20
231.84	47929.62
231.92	47931.56
231.99	47934.62
232.06	47951.02
232.13	47984.51
232.20	48035.65
232.27	48089.54
232.34	48137.07
232.42	48161.19
232.49	48184.64
232.56	48218.51
232.63	48270.91
232.70	48325.42
232.77	48392.93
232.85	48450.37
232.92	48483.76
232.99	48504.66
233.06	48530.63
233.13	48544.75
233.20	48553.74
233.27	48570.31
233.35	48575.96
233.42	48566.22
233.49	48566.88
233.56	48592.64
233.63	48605.43
233.70	48623.06
233.77	48649.51
233.85	48686.65
233.92	48715.79
233.99	48747.47
234.06	48792.40
234.13	48844.48
234.20	48885.41
234.27	48917.43
234.35	48952.96
234.42	48968.98
234.49	48970.70
234.56	48970.67
234.63	48966.81
234.70	48952.93
234.77	48942.05
234.84	48927.70
234.92	48908.39
234.99	48904.09
235.06	48917.71
235.13	48937.87
235.20	48971.06
235.27	49017.27
235.34	49041.02
235.41	49077.85
235.49	49106.08
235.56	49130.33
235.63	49132.72
235.70	49144.67
235.77	49125.14
235.84	49107.11
235.91	49086.53
235.98	49069.35
236.06	49060.64
236.13	49060.84
236.20	49068.46
236.27	49069.41
236.34	49085.15
236.41	49090.75
236.48	49090.02
236.55	49092.50
236.63	49090.90
236.70	49084.05
236.77	49079.90
236.84	49088.85
236.91	49076.45
236.98	49073.17
237.05	49073.06
237.12	49066.91
237.19	49045.87
237.27	49042.07
237.34	49043.05
237.41	49030.01
237.48	49011.54
237.55	49001.45
237.62	48986.32
237.69	48977.60
237.76	48987.68
237.83	49006.93
237.91	49017.96
237.98	49031.06
238.05	49033.68
238.12	49022.15
238.19	49007.80
238.26	49010.33
238.33	49000.45
238.40	48981.38
238.47	48959.33
238.54	48940.31
238.62	48903.34
238.69	48875.36
238.76	48851.58
238.83	48839.75
238.90	48851.81
238.97	48869.50
239.04	48883.14
239.11	48902.54
239.18	48918.37
239.25	48908.03
239.33	48883.39
239.40	48868.98
239.47	48837.98
239.54	48793.22
239.61	48744.92
239.68	48706.94
239.75	48668.45
239.82	48645.31
239.89	48630.77
239.96	48630.89
240.03	48633.64
240.11	48641.96
240.18	48653.76
240.25	48667.53
240.32	48667.14
240.39	48681.86
240.46	48689.13
240.53	48705.90
240.60	48729.07
240.67	48753.51
240.74	48764.48
240.81	48774.38
240.88	48758.80
240.96	48737.00
241.03	48718.39
241.10	48702.55
241.17	48682.57
241.24	48669.08
241.31	48655.29
241.38	48638.43
241.45	48626.99
241.52	48620.05
241.59	48621.62
241.66	48632.95
241.73	48645.81
241.80	48648.52
241.88	48643.73
241.95	48627.63
242.02	48588.77
242.09	48532.82
242.16	48479.69
242.23	48454.72
242.30	48446.34
242.37	48447.83
242.44	48471.68
242.51	48471.52
242.58	48456.49
242.65	48444.06
242.72	48444.07
242.79	48437.03
242.87	48454.11
242.94	48464.52
243.01	48455.64
243.08	48442.63
243.15	48428.82
243.22	48427.08
243.29	48437.02
243.36	48455.36
243.43	48478.12
243.50	48509.32
243.57	48528.64
243.64	48532.94
243.71	48545.80
243.78	48547.11
243.85	48538.47
243.92	48518.10
243.99	48504.28
244.07	48484.29
244.14	48462.89
244.21	48455.46
244.28	48469.99
244.35	48491.18
244.42	48514.03
244.49	48539.86
244.56	48557.00
244.63	48564.15
244.70	48557.13
244.77	48556.90
244.84	48556.21
244.91	48556.78
244.98	48557.50
245.05	48576.61
245.12	48599.64
245.19	48630.27
245.26	48651.92
245.33	48680.77
245.40	48714.76
245.47	48730.82
245.55	48743.70
245.62	48762.71
245.69	48774.91
245.76	48787.37
245.83	48803.19
245.90	48809.55
245.97	48816.54
246.04	48834.72
246.11	48836.60
246.18	48832.07
246.25	48834.77
246.32	48833.74
246.39	48828.03
246.46	48834.57
246.53	48856.88
246.60	48871.35
246.67	48900.54
246.74	48934.61
246.81	48966.78
246.88	48989.06
246.95	49009.76
247.02	49017.11
247.09	49017.56
247.16	49009.19
247.23	48988.76
247.30	48969.51
247.37	48948.07
247.44	48941.09
247.51	48926.20
247.58	48938.29
247.66	48969.08
247.73	49018.84
247.80	49062.04
247.87	49128.71
247.94	49191.21
248.01	49246.66
248.08	49292.24
248.15	49330.84
248.22	49353.09
248.29	49375.04
248.36	49400.26
248.43	49425.62
248.50	49450.26
248.57	49477.88
248.64	49495.59
248.71	49520.32
248.78	49551.49
248.85	49576.88
248.92	49598.55
248.99	49619.14
249.06	49615.36
249.13	49585.85
249.20	49567.00
249.27	49543.41
249.34	49538.48
249.41	49559.12
249.48	49584.56
249.55	49596.78
249.62	49616.90
249.69	49625.38
249.76	49638.77
249.83	49673.79
249.90	49720.06
249.97	49763.78
250.04	49820.01
250.11	49875.44
250.18	49910.41
250.25	49942.18
250.32	49972.64
250.39	50001.89
250.46	50007.22
250.53	50023.49
250.60	50042.65
250.67	50068.43
250.74	50090.38
250.81	50092.82
250.88	50090.74
250.95	50091.08
251.02	50082.81
251.09	50066.49
251.16	50092.43
251.23	50132.48
251.30	50170.67
251.37	50206.38
251.44	50240.78
251.51	50278.29
251.58	50300.46
251.65	50324.95
251.72	50353.98
251.79	50372.86
251.86	50355.84
251.93	50332.63
252.00	50282.30
252.07	50232.53
252.14	50208.40
252.21	50211.76
252.28	50226.84
252.35	50269.46
252.42	50337.76
252.49	50391.87
252.56	50439.65
252.63	50486.10
252.70	50517.88
252.77	50524.38
252.84	50525.66
252.91	50513.41
252.98	50493.07
253.05	50477.38
253.12	50479.69
253.19	50491.83
253.25	50517.96
253.32	50550.97
253.39	50586.19
253.46	50599.71
253.53	50613.91
253.60	50607.81
253.67	50607.38
253.74	50625.22
253.81	50663.83
253.88	50682.56
253.95	50714.12
254.02	50731.90
254.09	50736.50
254.16	50722.49
254.23	50714.11
254.30	50699.21
254.37	50702.51
254.44	50716.04
254.51	50737.97
254.58	50752.71
254.65	50773.82
254.72	50783.73
254.79	50760.99
254.86	50743.34
254.93	50727.51
255.00	50720.30
255.07	50723.96
255.14	50741.42
255.21	50731.08
255.28	50712.60
255.34	50694.17
255.41	50682.49
255.48	50686.58
255.55	50705.45
255.62	50746.33
255.69	50780.01
255.76	50806.13
255.83	50833.86
255.90	50856.08
255.97	50873.93
256.04	50874.52
256.11	50877.66
256.18	50867.81
256.25	50856.30
256.32	50834.47
256.39	50816.83
256.46	50786.84
256.53	50756.42
256.60	50724.28
256.67	50706.89
256.74	50702.38
256.80	50700.88
256.87	50686.75
256.94	50676.57
257.01	50668.90
257.08	50659.31
257.15	50652.27
257.22	50653.52
257.29	50646.28
257.36	50640.34
257.43	50631.40
257.50	50622.54
257.57	50610.98
257.64	50613.13
257.71	50597.23
257.78	50592.53
257.85	50573.91
257.92	50570.10
257.98	50574.43
258.05	50581.41
258.12	50569.22
258.19	50556.14
258.26	50519.31
258.33	50462.99
258.40	50417.50
258.47	50388.06
258.54	50381.09
258.61	50393.89
258.68	50419.86
258.75	50445.40
258.82	50463.06
258.89	50447.11
258.95	50413.76
259.02	50384.94
259.09	50343.80
259.16	50287.54
259.23	50234.83
259.30	50201.69
259.37	50172.21
259.44	50146.34
259.51	50135.43
259.58	50145.09
259.65	50142.25
259.72	50123.84
259.79	50090.60
259.85	50060.96
259.92	50029.31
259.99	50019.71
260.06	50013.76
260.13	50007.15
260.20	49994.64
260.27	49965.52
260.34	49906.70
260.41	49852.48
260.48	49813.20
260.55	49781.05
260.62	49744.81
260.68	49713.01
260.75	49689.88
260.82	49677.64
260.89	49662.99
260.96	49666.49
261.03	49666.32
261.10	49648.88
261.17	49628.52
261.24	49592.75
261.31	49543.82
261.38	49501.61
261.44	49461.91
261.51	49420.43
261.58	49389.85
261.65	49363.95
261.72	49331.54
261.79	49286.56
261.86	49236.62
261.93	49197.49
262.00	49165.67
262.07	49126.88
262.13	49100.42
262.20	49074.77
262.27	49040.07
262.34	49005.33
262.41	48976.30
262.48	48937.06
262.55	48899.09
262.62	48852.82
262.69	48793.40
262.76	48743.73
262.82	48701.42
262.89	48654.10
262.96	48611.31
263.03	48577.63
263.10	48537.52
263.17	48485.00
263.24	48432.03
263.31	48402.85
263.38	48371.27
263.44	48344.61
263.51	48323.15
263.58	48300.53
263.65	48257.74
263.72	48209.55
263.79	48149.78
263.86	48094.08
263.93	48040.57
264.00	47992.61
264.06	47962.01
264.13	47938.09
264.20	47917.19
264.27	47888.06
264.34	47860.90
264.41	47821.62
264.48	47783.18
264.55	47745.34
264.61	47713.30
264.68	47671.75
264.75	47631.81
264.82	47569.53
264.89	47499.15
264.96	47426.12
265.03	47349.12
265.10	47287.30
265.16	47254.48
265.23	47235.77
265.30	47226.66
265.37	47216.31
265.44	47189.21
265.51	47164.29
265.58	47129.22
265.65	47088.54
265.71	47038.27
265.78	47001.26
265.85	46944.45
265.92	46884.54
265.99	46821.03
266.06	46780.76
266.13	46714.43
266.20	46669.87
266.26	46645.56
266.33	46611.35
266.40	46559.08
266.47	46504.28
266.54	46425.53
266.61	46342.46
266.68	46273.91
266.74	46209.88
266.81	46173.64
266.88	46146.05
266.95	46100.03
267.02	46060.03
267.09	46012.53
267.16	45958.59
267.22	45905.99
267.29	45875.86
267.36	45851.81
267.43	45836.54
267.50	45799.16
267.57	45764.85
267.64	45718.14
267.70	45669.35
267.77	45614.52
267.84	45578.85
267.91	45530.44
267.98	45477.56
268.05	45411.04
268.11	45349.65
268.18	45287.59
268.25	45230.91
268.32	45183.23
268.39	45141.12
268.46	45108.27
268.53	45087.16
268.59	45070.14
268.66	45047.66
268.73	45024.63
268.80	44990.77
268.87	44935.41
268.94	44898.20
269.00	44865.56
269.07	44820.56
269.14	44780.74
269.21	44749.47
269.28	44704.54
269.35	44657.35
269.41	44622.76
269.48	44580.69
269.55	44519.37
269.62	44458.16
269.69	44394.58
269.76	44322.41
269.82	44251.91
269.89	44210.26
269.96	44184.10
270.03	44160.85
270.10	44144.16
270.17	44125.37
270.23	44100.97
270.30	44065.04
270.37	44027.78
270.44	43995.20
270.51	43967.48
270.58	43937.55
270.64	43904.35
270.71	43862.47
270.78	43829.81
270.85	43788.61
270.92	43739.57
270.99	43695.76
271.05	43660.43
271.12	43606.00
271.19	43558.16
271.26	43513.49
271.33	43463.52
271.39	43417.68
271.46	43363.11
271.53	43326.50
271.60	43298.24
271.67	43280.99
271.74	43254.24
271.80	43239.66
271.87	43224.02
271.94	43193.93
272.01	43142.77
272.08	43105.99
272.14	43065.51
272.21	43024.76
272.28	43004.81
272.35	42984.61
272.42	42956.31
272.48	42944.04
272.55	42925.05
272.62	42910.00
272.69	42906.07
272.76	42907.10
272.83	42888.94
272.89	42866.74
272.96	42824.28
273.03	42773.20
273.10	42716.71
273.17	42671.41
273.23	42628.69
273.30	42587.67
273.37	42557.58
273.44	42536.13
273.51	42516.20
273.57	42501.40
273.64	42486.19
273.71	42483.03
273.78	42468.93
273.85	42455.82
273.91	42431.62
273.98	42417.76
274.05	42383.57
274.12	42357.22
274.19	42333.57
274.25	42303.12
274.32	42266.11
274.39	42228.59
274.46	42173.86
274.53	42109.50
274.59	42048.14
274.66	41993.16
274.73	41949.33
274.80	41913.32
274.86	41880.66
274.93	41864.54
275.00	41843.33
275.07	41816.79
275.14	41792.35
275.20	41756.33
275.27	41719.64
275.34	41677.83
275.41	41644.84
275.48	41624.83
275.54	41613.99
275.61	41600.65
275.68	41584.07
275.75	41552.86
275.81	41512.74
275.88	41484.08
275.95	41445.20
276.02	41407.81
276.09	41376.53
276.15	41344.99
276.22	41309.98
276.29	41289.21
276.36	41261.56
276.42	41233.76
276.49	41197.16
276.56	41145.76
276.63	41084.75
276.70	41038.63
276.76	41017.05
276.83	41005.08
276.90	41008.00
276.97	41007.33
277.03	41011.57
277.10	40990.11
277.17	40977.14
277.24	40961.91
277.30	40946.61
277.37	40917.25
277.44	40890.77
277.51	40854.99
277.58	40819.71
277.64	40783.46
277.71	40754.73
277.78	40722.10
277.85	40679.79
277.91	40630.78
277.98	40585.11
278.05	40536.48
278.12	40497.05
278.18	40466.13
278.25	40443.90
278.32	40428.82
278.39	40429.11
278.45	40427.50
278.52	40429.01
278.59	40408.66
278.66	40386.38
278.72	40355.63
278.79	40326.15
278.86	40291.23
278.93	40277.44
278.99	40260.13
279.06	40243.47
279.13	40220.81
279.20	40204.53
279.26	40184.52
279.33	40167.92
279.40	40138.63
279.47	40106.51
279.53	40067.35
279.60	40032.69
279.67	39989.14
279.74	39954.55
279.80	39927.05
279.87	39901.95
279.94	39867.26
280.01	39841.73
280.07	39814.45
280.14	39781.32
280.21	39748.06
280.28	39714.24
280.34	39672.67
280.41	39633.20
280.48	39583.70
280.55	39548.43
280.61	39522.32
280.68	39505.40
280.75	39481.66
280.82	39462.61
280.88	39424.03
280.95	39370.89
281.02	39315.91
281.08	39250.31
281.15	39185.38
281.22	39129.41
281.29	39073.48
281.35	39000.02
281.42	38943.81
281.49	38884.45
281.56	38820.85
281.62	38779.31
281.69	38749.90
281.76	38727.78
281.82	38716.32
281.89	38704.43
281.96	38673.77
282.03	38641.27
282.09	38594.21
282.16	38553.57
282.23	38512.45
282.30	38475.50
282.36	38447.29
282.43	38427.38
282.50	38409.16
282.56	38372.07
282.63	38350.59
282.70	38321.84
282.77	38300.01
282.83	38272.89
282.90	38265.32
282.97	38246.80
283.03	38232.29
283.10	38222.91
283.17	38204.83
283.24	38179.80
283.30	38141.06
283.37	38107.73
283.44	38058.28
283.50	38010.65
283.57	37968.25
283.64	37924.12
283.71	37872.72
283.77	37828.90
283.84	37796.03
283.91	37772.11
283.97	37762.47
284.04	37763.48
284.11	37749.20
284.18	37740.87
284.24	37725.65
284.31	37713.40
284.38	37693.91
284.44	37688.36
284.51	37677.46
284.58	37678.68
284.64	37668.66
284.71	37655.17
284.78	37634.17
284.85	37610.54
284.91	37580.72
284.98	37556.49
285.05	37521.80
285.11	37493.62
285.18	37462.86
285.25	37434.17
285.31	37415.55
285.38	37400.51
285.45	37392.07
285.52	37380.43
285.58	37362.34
285.65	37331.68
285.72	37306.57
285.78	37288.47
285.85	37277.18
285.92	37262.56
285.98	37256.04
286.05	37248.36
286.12	37227.41
286.18	37205.52
286.25	37188.46
286.32	37164.05
286.39	37141.57
286.45	37114.16
286.52	37079.18
286.59	37047.83
286.65	37027.47
286.72	37018.46
286.79	37023.41
286.85	37029.33
286.92	37032.02
286.99	37022.44
287.05	36998.75
287.12	36979.55
287.19	36963.89
287.25	36950.34
287.32	36943.43
287.39	36945.81
287.45	36939.13
287.52	36928.00
287.59	36919.27
287.65	36908.45
287.72	36886.98
287.79	36852.09
287.86	36823.88
287.92	36787.32
287.99	36754.83
288.06	36744.80
288.12	36731.68
288.19	36718.26
288.26	36699.45
288.32	36684.76
288.39	36656.99
288.46	36642.83
288.52	36639.29
288.59	36644.83
288.66	36651.75
288.72	36655.35
288.79	36651.71
288.86	36629.00
288.92	36605.80
288.99	36569.25
289.06	36539.75
289.12	36516.74
289.19	36507.32
289.26	36499.27
289.32	36498.95
289.39	36492.34
289.45	36493.64
289.52	36482.64
289.59	36477.36
289.65	36468.64
289.72	36450.66
289.79	36438.73
289.85	36431.92
289.92	36414.94
289.99	36403.83
290.05	36402.52
290.12	36384.40
290.19	36358.30
290.25	36334.71
290.32	36311.23
290.39	36297.27
290.45	36283.21
290.52	36285.79
290.59	36283.81
290.65	36280.28
290.72	36264.97
290.79	36260.66
290.85	36245.94
290.92	36240.96
290.98	36238.83
291.05	36241.33
291.12	36229.53
291.18	36226.90
291.25	36215.81
291.32	36201.09
291.38	36182.98
291.45	36169.69
291.52	36149.76
291.58	36132.45
291.65	36119.91
291.72	36106.66
291.78	36096.57
291.85	36080.34
291.91	36064.51
291.98	36052.03
292.05	36037.43
292.11	36026.12
292.18	36020.03
292.25	36013.85
292.31	35995.99
292.38	35986.03
292.45	35977.54
292.51	35968.20
292.58	35954.16
292.64	35951.65
292.71	35942.73
292.78	35932.76
292.84	35918.20
292.91	35906.86
292.98	35888.10
293.04	35875.65
293.11	35853.66
293.17	35839.65
293.24	35837.98
293.31	35831.40
293.37	35827.76
293.44	35823.68
293.51	35819.90
293.57	35800.61
293.64	35787.24
293.70	35772.18
293.77	35753.43
293.84	35736.15
293.90	35725.38
293.97	35716.51
294.04	35705.52
294.10	35691.04
294.17	35679.50
294.23	35670.46
294.30	35648.03
294.37	35625.32
294.43	35618.77
294.50	35604.89
294.56	35587.50
294.63	35579.46
294.70	35570.75
294.76	35560.51
294.83	35551.01
294.90	35545.10
294.96	35538.69
295.03	35529.13
295.09	35528.41
295.16	35529.77
295.23	35520.33
295.29	35512.13
295.36	35495.83
295.42	35469.73
295.49	35441.40
295.56	35433.12
295.62	35417.19
295.69	35403.46
295.75	35396.05
295.82	35390.10
295.89	35362.00
295.95	35335.99
296.02	35318.69
296.08	35288.98
296.15	35246.64
296.22	35230.85
296.28	35212.45
296.35	35197.61
296.41	35186.21
296.48	35187.73
296.55	35181.47
296.61	35175.71
296.68	35172.86
296.74	35169.09
296.81	35165.71
296.88	35155.32
296.94	35142.82
297.01	35119.94
297.07	35095.97
297.14	35076.17
297.20	35060.67
297.27	35059.42
297.34	35064.47
297.40	35068.12
297.47	35058.94
297.53	35040.04
297.60	35016.85
297.67	34991.30
297.73	34969.97
297.80	34948.13
297.86	34920.40
297.93	34887.67
298.00	34863.67
298.06	34843.51
298.13	34835.36
298.19	34830.75
298.26	34831.40
298.32	34838.94
298.39	34821.62
298.46	34798.43
298.52	34783.45
298.59	34762.27
298.65	34718.94
298.72	34698.62
298.78	34683.63
298.85	34658.96
298.92	34636.86
298.98	34621.90
299.05	34604.59
299.11	34582.22
299.18	34553.27
299.24	34524.41
299.31	34479.69
299.38	34442.10
299.44	34407.21
299.51	34393.84
299.57	34385.75
299.64	34394.17
299.70	34392.63
299.77	34376.73
299.84	34352.32
299.90	34307.65
299.97	34260.43
300.03	34219.77
300.10	34199.87
300.16	34176.32
300.23	34163.99
300.30	34148.50
300.36	34127.34
300.43	34103.63
300.49	34072.44
300.56	34047.56
300.62	34026.42
300.69	34004.90
300.75	33979.22
300.82	33962.89
300.89	33937.03
300.95	33911.73
301.02	33879.73
301.08	33845.71
301.15	33810.31
301.21	33781.37
301.28	33754.77
301.34	33732.77
301.41	33703.69
301.48	33673.42
301.54	33643.01
301.61	33613.44
301.67	33578.37
301.74	33557.07
301.80	33526.99
301.87	33489.62
301.93	33441.38
302.00	33396.66
302.06	33340.37
302.13	33288.69
302.20	33251.00
302.26	33218.85
302.33	33197.23
302.39	33164.05
302.46	33135.55
302.52	33096.02
302.59	33054.58
302.65	33000.91
302.72	32961.79
302.78	32923.20
302.85	32888.90
302.91	32858.85
302.98	32832.89
303.05	32803.64
303.11	32773.32
303.18	32728.63
303.24	32691.69
303.31	32646.69
303.37	32605.51
303.44	32570.62
303.50	32536.67
303.57	32485.10
303.63	32435.83
303.70	32389.36
303.76	32329.75
303.83	32285.70
303.89	32244.89
303.96	32204.74
304.03	32155.25
304.09	32108.36
304.16	32045.44
304.22	31986.69
304.29	31934.64
304.35	31883.06
304.42	31839.01
304.48	31798.03
304.55	31750.42
304.61	31696.20
304.68	31651.05
304.74	31596.65
304.81	31553.06
304.87	31497.41
304.94	31451.48
305.00	31402.66
305.07	31346.66
305.13	31281.27
305.20	31231.43
305.26	31174.98
305.33	31116.72
305.39	31062.86
305.46	31008.22
305.52	30958.51
305.59	30909.00
305.66	30854.74
305.72	30812.84
305.79	30765.70
305.85	30710.28
305.92	30628.35
305.98	30510.93
306.05	30365.49
306.11	30211.92
306.18	30041.84
306.24	29901.03
306.31	29836.65
306.37	29826.04
306.44	29864.87
306.50	29928.53
306.57	29985.75
306.63	30006.42
306.70	29978.18
306.76	29917.26
306.83	29858.29
306.89	29788.43
306.96	29718.52
307.02	29659.52
307.09	29613.42
307.15	29550.34
307.22	29504.38
307.28	29449.90
307.35	29394.58
307.41	29316.69
307.48	29248.09
307.54	29174.51
307.61	29109.73
307.67	29039.05
307.74	28984.46
307.80	28933.23
307.87	28880.62
307.93	28816.03
308.00	28767.27
308.06	28713.04
308.13	28644.70
308.19	28584.57
308.26	28529.39
308.32	28467.40
308.38	28408.07
308.45	28345.02
308.51	28287.94
308.58	28224.63
308.64	28163.27
308.71	28107.33
308.77	28053.91
308.84	27984.01
308.90	27924.86
308.97	27865.72
309.03	27802.57
309.10	27744.36
309.16	27681.92
309.23	27615.12
309.29	27551.70
309.36	27466.26
309.42	27390.19
309.49	27324.05
309.55	27262.53
309.62	27198.00
309.68	27148.61
309.75	27084.79
309.81	27012.15
309.88	26949.02
309.94	26882.28
310.00	26814.77
310.07	26750.16
310.13	26700.63
310.20	26632.30
310.26	26568.62
310.33	26505.50
310.39	26449.78
310.46	26384.06
310.52	26326.99
310.59	26266.13
310.65	26208.96
310.72	26144.15
310.78	26079.98
310.85	26013.77
310.91	25952.76
310.97	25893.86
311.04	25839.91
311.10	25777.55
311.17	25719.84
311.23	25653.99
311.30	25589.25
311.36	25530.40
311.43	25486.46
311.49	25429.90
311.56	25385.04
311.62	25337.17
311.69	25287.27
311.75	25236.34
311.81	25177.67
311.88	25107.83
311.94	25044.87
312.01	24991.14
312.07	24926.69
312.14	24880.87
312.20	24841.41
312.27	24793.03
312.33	24728.10
312.40	24666.48
312.46	24602.33
312.52	24537.89
312.59	24470.28
312.65	24403.02
312.72	24336.33
312.78	24274.94
312.85	24212.74
312.91	24147.22
312.98	24093.13
313.04	24047.51
313.10	23994.51
313.17	23937.48
313.23	23892.81
313.30	23837.33
313.36	23772.24
313.43	23705.83
313.49	23652.38
313.56	23587.78
313.62	23525.24
313.68	23468.22
313.75	23422.11
313.81	23368.33
313.88	23315.48
313.94	23269.43
314.01	23220.65
314.07	23171.29
314.13	23119.76
314.20	23067.74
314.26	23011.27
314.33	22956.22
314.39	22896.85
314.46	22829.71
314.52	22782.11
314.58	22729.14
314.65	22673.32
314.71	22617.24
314.78	22572.65
314.84	22514.40
314.91	22461.71
314.97	22411.46
315.03	22359.43
315.10	22303.69
315.16	22245.24
315.23	22193.76
315.29	22148.36
315.36	22099.81
315.42	22055.94
315.48	22010.63
315.55	21963.85
315.61	21901.00
315.68	21848.03
315.74	21784.02
315.81	21729.57
315.87	21664.56
315.93	21622.93
316.00	21584.84
316.06	21553.68
316.13	21527.81
316.19	21479.57
316.25	21388.79
316.32	21252.78
316.38	21084.95
316.45	20869.16
316.51	20643.49
316.58	20414.30
316.64	20175.80
316.70	19946.06
316.77	19707.59
316.83	19464.45
316.90	19212.00
316.96	18967.04
317.02	18712.01
317.09	18468.02
317.15	18227.76
317.22	17990.26
317.28	17748.82
317.34	17505.86
317.41	17263.38
317.47	17025.97
317.54	16784.73
317.60	16544.68
317.66	16297.94
317.73	16050.43
317.79	15801.93
317.86	15559.46
317.92	15315.74
317.98	15069.75
318.05	14821.39
318.11	14573.36
318.18	14329.16
318.24	14080.29
318.30	13834.05
318.37	13589.71
318.43	13333.69
318.50	13068.50
318.56	12802.59
318.62	12542.28
318.69	12272.54
318.75	12007.82
318.82	11737.47
318.88	11474.73
318.94	11202.88
319.01	10933.71
319.07	10667.98
319.13	10395.62
319.20	10117.53
319.26	9837.37
319.33	9556.22
319.39	9260.44
319.45	8984.60
319.52	8707.36
319.58	8428.10
319.65	8148.41
319.71	7869.60
319.77	7587.99
319.84	7309.91
319.90	7039.76
319.96	6767.82
320.03	6505.78
320.09	6245.91
320.16	5982.09
320.22	5726.98
320.28	5479.41
320.35	5238.73
320.41	5003.16
320.47	4781.34
320.54	4558.68
320.60	4348.77
320.67	4146.08
320.73	3947.30
320.79	3755.64
320.86	3578.93
320.92	3402.39
320.98	3236.90
321.05	3080.43
321.11	2928.01
321.18	2783.06
321.24	2651.21
321.30	2520.41
321.37	2401.71
321.43	2298.11
321.49	2196.83
321.56	2100.29
321.62	2014.00
321.68	1926.02
321.75	1842.51
321.81	1765.64
321.88	1693.30
321.94	1628.11
322.00	1569.19
322.07	1505.85
322.13	1446.53
322.19	1386.65
322.26	1324.64
322.32	1268.69
322.38	1219.02
322.45	1175.12
322.51	1130.03
322.58	1092.29
322.64	1045.90
322.70	1003.87
322.77	955.20
322.83	918.02
322.89	871.61
322.96	830.10
323.02	789.91
323.08	749.46
323.15	707.77
323.21	672.08
323.27	638.04
323.34	602.45
323.40	569.08
323.46	535.39
323.53	496.60
323.59	416.96
323.65	312.49
323.72	195.76
323.78	84.57
323.85	-15.49
323.91	-66.63
323.97	-86.13
324.04	-86.69
