180.21	3428.53
180.28	-126.63
180.36	632.12
180.44	-48.07
180.51	-16.72
180.59	7.12
180.66	34.74
180.74	33.47
180.81	32.98
180.89	35.24
180.97	36.39
181.04	34.48
181.12	33.04
181.19	33.49
181.27	33.66
181.34	49.68
181.42	56.62
181.50	64.15
181.57	75.38
181.65	80.89
181.72	75.54
181.80	70.64
181.87	70.98
181.95	71.68
182.03	71.90
182.10	74.97
182.18	78.70
182.25	85.54
182.33	88.46
182.40	99.31
182.48	99.30
182.55	114.36
182.63	123.51
182.71	130.99
182.78	139.35
182.86	153.53
182.93	153.99
183.01	153.05
183.08	148.58
183.16	146.15
183.23	136.92
183.31	144.21
183.39	151.83
183.46	173.04
183.54	184.20
183.61	212.33
183.69	233.69
183.76	267.78
183.84	294.82
183.91	324.73
183.99	366.63
184.06	398.03
184.14	430.66
184.22	476.29
184.29	510.91
184.37	522.09
184.44	540.77
184.52	528.57
184.59	469.68
184.67	414.19
184.74	362.86
184.82	327.03
184.89	322.42
184.97	367.28
185.04	438.29
185.12	508.40
185.20	588.24
185.27	663.53
185.35	752.83
185.42	812.43
185.50	875.09
185.57	931.20
185.65	974.56
185.72	1013.29
185.80	1091.64
185.87	1151.94
185.95	1218.73
186.02	1334.67
186.10	1403.08
186.17	1427.22
186.25	1415.46
186.33	1273.18
186.40	1072.19
186.48	924.75
186.55	832.03
186.63	817.43
186.70	943.45
186.78	1108.14
186.85	1251.83
186.93	1377.14
187.00	1481.94
187.08	1594.95
187.15	1702.50
187.23	1827.84
187.30	1957.34
187.38	2069.49
187.45	2189.25
187.53	2324.56
187.60	2406.59
187.68	2509.95
187.75	2657.87
187.83	2729.76
187.90	2789.89
187.98	2900.84
188.05	2928.15
188.13	2783.39
188.21	2526.91
188.28	2255.72
188.36	1987.87
188.43	1792.88
188.51	1797.02
188.58	1987.98
188.66	2197.71
188.73	2403.01
188.81	2621.03
188.88	2782.11
188.96	2946.70
189.03	3088.16
189.11	3237.36
189.18	3372.22
189.26	3487.66
189.33	3605.43
189.41	3743.70
189.48	3827.99
189.56	3928.18
189.63	4061.35
189.71	4117.39
189.78	4171.85
189.86	4271.24
189.93	4316.20
190.01	4312.27
190.08	4288.58
190.16	4100.89
190.23	3730.49
190.31	3383.51
190.38	3133.93
190.46	2991.96
190.53	3040.93
190.61	3286.66
190.68	3548.02
190.76	3778.36
190.83	3975.24
190.91	4136.12
190.98	4308.19
191.06	4448.38
191.13	4598.46
191.21	4732.29
191.28	4847.16
191.35	4960.12
191.43	5079.72
191.50	5147.73
191.58	5237.92
191.65	5342.80
191.73	5387.53
191.80	5443.15
191.88	5495.70
191.95	5496.49
192.03	5496.49
192.10	5523.02
192.18	5537.58
192.25	5532.52
192.33	5432.88
192.40	5199.80
192.48	4939.48
192.55	4725.69
192.63	4579.86
192.70	4595.39
192.78	4776.35
192.85	5013.20
192.93	5222.15
193.00	5415.68
193.08	5570.68
193.15	5725.49
193.22	5836.28
193.30	5944.54
193.37	6052.27
193.45	6131.40
193.52	6201.01
193.60	6282.42
193.67	6339.39
193.75	6386.79
193.82	6451.70
193.90	6473.26
193.97	6490.45
194.05	6517.90
194.12	6531.29
194.20	6553.76
194.27	6604.11
194.34	6648.80
194.42	6684.20
194.49	6725.47
194.57	6752.94
194.64	6721.69
194.72	6629.62
194.79	6527.22
194.87	6443.92
194.94	6389.38
195.02	6401.86
195.09	6487.79
195.17	6611.01
195.24	6717.20
195.31	6816.90
195.39	6896.06
195.46	6978.73
195.54	7043.94
195.61	7107.34
195.69	7156.44
195.76	7203.69
195.84	7247.12
195.91	7279.84
195.99	7298.35
196.06	7305.02
196.13	7320.84
196.21	7325.69
196.28	7341.10
196.36	7376.42
196.43	7419.08
196.51	7461.41
196.58	7504.00
196.66	7541.12
196.73	7566.90
196.80	7594.88
196.88	7619.36
196.95	7643.72
197.03	7663.70
197.10	7668.78
197.18	7655.45
197.25	7636.53
197.33	7626.06
197.40	7626.85
197.47	7635.62
197.55	7666.55
197.62	7706.05
197.70	7738.95
197.77	7776.87
197.85	7818.64
197.92	7859.01
197.99	7898.78
198.07	7941.18
198.14	7975.70
198.22	8014.48
198.29	8042.09
198.37	8064.54
198.44	8085.73
198.51	8103.80
198.59	8120.54
198.66	8150.06
198.74	8179.06
198.81	8206.08
198.89	8225.99
198.96	8249.47
199.03	8265.98
199.11	8289.37
199.18	8310.25
199.26	8337.48
199.33	8365.27
199.41	8399.24
199.48	8425.49
199.55	8458.28
199.63	8481.64
199.70	8511.77
199.78	8532.44
199.85	8552.57
199.93	8568.09
200.00	8599.28
200.07	8620.36
200.15	8652.92
200.22	8692.10
200.30	8730.42
200.37	8762.00
200.44	8789.85
200.52	8811.07
200.59	8834.66
200.67	8853.18
200.74	8873.54
200.81	8901.38
200.89	8928.29
200.96	8957.20
201.04	8986.98
201.11	9028.52
201.19	9066.34
201.26	9103.97
201.33	9137.85
201.41	9179.88
201.48	9213.41
201.56	9247.47
201.63	9291.19
201.70	9330.94
201.78	9366.13
201.85	9405.95
201.93	9440.33
202.00	9469.14
202.07	9502.75
202.15	9533.45
202.22	9558.43
202.30	9593.22
202.37	9624.30
202.44	9660.84
202.52	9706.99
202.59	9756.84
202.67	9798.49
202.74	9850.64
202.81	9890.16
202.89	9928.68
202.96	9973.35
203.04	10024.78
203.11	10067.27
203.18	10124.26
203.26	10179.67
203.33	10222.16
203.41	10262.35
203.48	10305.29
203.55	10329.58
203.63	10359.17
203.70	10394.31
203.77	10434.85
203.85	10479.29
203.92	10531.89
204.00	10596.95
204.07	10659.72
204.14	10717.39
204.22	10770.16
204.29	10832.75
204.37	10876.81
204.44	10927.44
204.51	10987.85
204.59	11052.50
204.66	11106.86
204.73	11171.72
204.81	11230.89
204.88	11285.05
204.96	11338.06
205.03	11388.18
205.10	11432.91
205.18	11483.08
205.25	11530.39
205.32	11583.73
205.40	11642.44
205.47	11699.35
205.55	11754.83
205.62	11819.85
205.69	11886.08
205.77	11955.86
205.84	12036.62
205.91	12117.68
205.99	12195.00
206.06	12268.89
206.14	12345.32
206.21	12421.08
206.28	12489.76
206.36	12566.91
206.43	12637.23
206.50	12713.77
206.58	12780.72
206.65	12849.90
206.72	12912.66
206.80	12978.11
206.87	13032.99
206.95	13095.43
207.02	13169.49
207.09	13248.42
207.17	13335.61
207.24	13430.05
207.31	13526.38
207.39	13617.66
207.46	13707.52
207.53	13791.11
207.61	13878.84
207.68	13959.87
207.75	14045.99
207.83	14134.74
207.90	14219.31
207.98	14301.96
208.05	14394.06
208.12	14481.12
208.20	14565.36
208.27	14656.98
208.34	14744.10
208.42	14819.61
208.49	14898.50
208.56	14972.20
208.64	15056.08
208.71	15141.14
208.78	15232.08
208.86	15338.25
208.93	15447.82
209.00	15555.23
209.08	15661.07
209.15	15777.51
209.22	15886.42
209.30	15992.35
209.37	16096.46
209.44	16207.03
209.52	16307.73
209.59	16404.81
209.67	16516.18
209.74	16621.19
209.81	16729.42
209.89	16833.98
209.96	16938.40
210.03	17035.94
210.11	17135.12
210.18	17223.92
210.25	17319.56
210.33	17413.02
210.40	17514.17
210.47	17624.66
210.55	17748.26
210.62	17873.59
210.69	17996.04
210.77	18121.59
210.84	18242.15
210.91	18375.04
210.99	18496.16
211.06	18623.23
211.13	18745.19
211.21	18874.61
211.28	18984.59
211.35	19109.87
211.42	19239.72
211.50	19365.54
211.57	19488.04
211.64	19612.74
211.72	19726.52
211.79	19827.50
211.86	19930.50
211.94	20041.94
212.01	20151.46
212.08	20278.83
212.16	20407.98
212.23	20542.38
212.30	20675.45
212.38	20814.03
212.45	20948.88
212.52	21093.70
212.60	21229.83
212.67	21363.95
212.74	21497.56
212.82	21632.29
212.89	21767.48
212.96	21897.82
213.03	22033.41
213.11	22174.15
213.18	22306.15
213.25	22443.44
213.33	22582.68
213.40	22707.82
213.47	22830.57
213.55	22960.89
213.62	23082.35
213.69	23211.79
213.77	23352.65
213.84	23493.62
213.91	23641.74
213.98	23796.92
214.06	23951.15
214.13	24107.96
214.20	24254.70
214.28	24401.58
214.35	24538.33
214.42	24680.90
214.50	24820.05
214.57	24959.28
214.64	25094.57
214.72	25243.76
214.79	25385.23
214.86	25528.09
214.93	25680.32
215.01	25832.95
215.08	25972.57
215.15	26116.32
215.23	26248.07
215.30	26383.94
215.37	26512.07
215.44	26658.85
215.52	26807.51
215.59	26959.78
215.66	27103.42
215.74	27258.78
215.81	27400.60
215.88	27547.89
215.95	27691.03
216.03	27846.04
216.10	27995.39
216.17	28152.80
216.25	28301.50
216.32	28463.88
216.39	28620.82
216.46	28776.92
216.54	28919.12
216.61	29073.44
216.68	29215.86
216.76	29361.56
216.83	29496.82
216.90	29640.52
216.97	29784.53
217.05	29928.24
217.12	30063.71
217.19	30212.13
217.27	30358.33
217.34	30489.34
217.41	30622.22
217.48	30768.81
217.56	30915.18
217.63	31063.95
217.70	31221.73
217.78	31389.05
217.85	31545.69
217.92	31699.45
217.99	31851.71
218.07	32005.85
218.14	32143.08
218.21	32291.85
218.28	32434.32
218.36	32581.95
218.43	32726.81
218.50	32883.83
218.57	33027.97
218.65	33171.91
218.72	33307.49
218.79	33433.68
218.87	33554.43
218.94	33679.88
219.01	33811.19
219.08	33948.61
219.16	34095.65
219.23	34250.19
219.30	34402.12
219.37	34553.91
219.45	34700.93
219.52	34846.45
219.59	34977.42
219.66	35108.08
219.74	35243.73
219.81	35395.21
219.88	35532.45
219.95	35681.99
220.03	35832.49
220.10	35972.10
220.17	36100.90
220.24	36239.19
220.32	36374.01
220.39	36497.25
220.46	36620.61
220.53	36738.25
220.61	36852.35
220.68	36965.07
220.75	37085.47
220.82	37217.42
220.90	37349.47
220.97	37485.90
221.04	37619.95
221.11	37737.68
221.19	37855.42
221.26	37975.80
221.33	38100.18
221.40	38226.99
221.48	38369.86
221.55	38497.52
221.62	38616.83
221.69	38728.64
221.77	38854.20
221.84	38978.07
221.91	39105.87
221.98	39240.54
222.06	39374.11
222.13	39496.92
222.20	39608.60
222.27	39719.62
222.35	39823.20
222.42	39936.86
222.49	40040.21
222.56	40154.03
222.63	40263.58
222.71	40374.36
222.78	40480.08
222.85	40592.97
222.92	40702.27
223.00	40814.91
223.07	40927.56
223.14	41033.82
223.21	41139.90
223.29	41247.15
223.36	41358.30
223.43	41471.41
223.50	41582.95
223.57	41696.65
223.65	41818.07
223.72	41933.12
223.79	42039.10
223.86	42138.13
223.94	42226.12
224.01	42305.46
224.08	42387.54
224.15	42472.21
224.22	42567.10
224.30	42660.06
224.37	42759.95
224.44	42859.66
224.51	42952.06
224.59	43034.66
224.66	43122.32
224.73	43206.18
224.80	43293.35
224.87	43389.49
224.95	43495.54
225.02	43606.79
225.09	43710.93
225.16	43806.56
225.23	43905.10
225.31	43994.75
225.38	44073.75
225.45	44157.29
225.52	44247.10
225.60	44327.56
225.67	44412.51
225.74	44501.08
225.81	44580.92
225.88	44654.48
225.96	44731.22
226.03	44800.61
226.10	44870.84
226.17	44949.17
226.24	45025.10
226.32	45110.29
226.39	45194.08
226.46	45266.72
226.53	45340.61
226.60	45425.92
226.68	45507.94
226.75	45596.91
226.82	45684.98
226.89	45774.94
226.96	45852.11
227.04	45905.30
227.11	45954.65
227.18	46011.79
227.25	46059.64
227.32	46111.00
227.40	46177.99
227.47	46252.90
227.54	46338.44
227.61	46419.87
227.68	46499.61
227.76	46575.70
227.83	46651.64
227.90	46714.25
227.97	46778.40
228.04	46839.34
228.11	46900.68
228.19	46948.06
228.26	47002.88
228.33	47053.92
228.40	47098.58
228.47	47150.44
228.55	47206.03
228.62	47260.82
228.69	47331.89
228.76	47399.63
228.83	47459.69
228.90	47522.79
228.98	47584.25
229.05	47641.98
229.12	47714.54
229.19	47787.31
229.26	47845.89
229.34	47897.61
229.41	47943.11
229.48	47979.71
229.55	48020.35
229.62	48077.65
229.69	48142.27
229.77	48197.89
229.84	48258.78
229.91	48314.06
229.98	48364.64
230.05	48404.18
230.12	48441.32
230.20	48487.54
230.27	48532.08
230.34	48575.10
230.41	48633.47
230.48	48701.37
230.55	48759.63
230.63	48823.12
230.70	48895.14
230.77	48942.91
230.84	48982.15
230.91	49007.92
230.98	49043.48
231.06	49073.98
231.13	49122.61
231.20	49188.31
231.27	49263.11
231.34	49321.83
231.41	49381.84
231.49	49428.99
231.56	49467.86
231.63	49511.01
231.70	49555.82
231.77	49592.33
231.84	49630.22
231.92	49664.39
231.99	49692.68
232.06	49723.58
232.13	49756.89
232.20	49799.03
232.27	49839.34
232.34	49875.41
232.42	49901.81
232.49	49928.72
232.56	49957.86
232.63	49997.11
232.70	50040.88
232.77	50099.17
232.85	50150.63
232.92	50190.41
232.99	50215.36
233.06	50236.44
233.13	50247.01
233.20	50259.74
233.27	50269.26
233.35	50284.36
233.42	50304.91
233.49	50327.09
233.56	50356.95
233.63	50394.81
233.70	50430.09
233.77	50461.17
233.85	50492.62
233.92	50531.68
233.99	50554.12
234.06	50588.32
234.13	50618.31
234.20	50647.49
234.27	50658.52
234.35	50680.60
234.42	50680.23
234.49	50686.31
234.56	50692.11
234.63	50699.04
234.70	50712.37
234.77	50736.26
234.84	50751.77
234.92	50767.97
234.99	50785.92
235.06	50788.16
235.13	50791.82
235.20	50803.78
235.27	50815.60
235.34	50824.97
235.41	50844.38
235.49	50853.14
235.56	50864.45
235.63	50869.58
235.70	50876.21
235.77	50874.20
235.84	50879.84
235.91	50872.29
235.98	50857.80
236.06	50841.42
236.13	50829.62
236.20	50817.18
236.27	50792.91
236.34	50779.86
236.41	50768.63
236.48	50756.61
236.55	50742.99
236.63	50741.99
236.70	50740.83
236.77	50742.94
236.84	50755.45
236.91	50767.99
236.98	50776.26
237.05	50787.55
237.12	50783.94
237.19	50773.75
237.27	50768.20
237.34	50770.77
237.41	50760.80
237.48	50755.42
237.55	50742.29
237.62	50726.34
237.69	50718.28
237.76	50715.85
237.83	50724.72
237.91	50734.19
237.98	50741.81
238.05	50732.71
238.12	50723.79
238.19	50706.21
238.26	50706.51
238.33	50694.40
238.40	50681.70
238.47	50675.60
238.54	50668.29
238.62	50640.74
238.69	50626.70
238.76	50618.83
238.83	50606.02
238.90	50592.58
238.97	50582.23
239.04	50575.98
239.11	50569.15
239.18	50565.49
239.25	50561.76
239.33	50547.98
239.40	50533.34
239.47	50511.37
239.54	50477.35
239.61	50445.16
239.68	50415.25
239.75	50393.21
239.82	50380.28
239.89	50372.14
239.96	50364.57
240.03	50374.61
240.11	50372.43
240.18	50366.17
240.25	50353.87
240.32	50339.51
240.39	50317.30
240.46	50299.61
240.53	50294.83
240.60	50292.89
240.67	50293.66
240.74	50301.51
240.81	50297.30
240.88	50287.52
240.96	50278.57
241.03	50277.97
241.10	50263.85
241.17	50259.81
241.24	50250.53
241.31	50248.70
241.38	50232.06
241.45	50220.05
241.52	50207.43
241.59	50192.66
241.66	50172.06
241.73	50163.75
241.80	50152.93
241.88	50138.51
241.95	50122.78
242.02	50103.40
242.09	50075.53
242.16	50053.51
242.23	50039.16
242.30	50027.02
242.37	50020.51
242.44	50021.83
242.51	50014.38
242.58	50012.91
242.65	50014.74
242.72	50025.58
242.79	50013.15
242.87	50015.06
242.94	50004.79
243.01	49999.19
243.08	49994.65
243.15	50003.61
243.22	50007.51
243.29	50016.08
243.36	50016.69
243.43	50018.25
243.50	50034.75
243.57	50049.23
243.64	50055.36
243.71	50062.80
243.78	50055.51
243.85	50036.45
243.92	50023.13
243.99	50007.85
244.07	49997.69
244.14	49991.88
244.21	49980.48
244.28	49975.04
244.35	49972.18
244.42	49968.45
244.49	49963.26
244.56	49971.01
244.63	49972.01
244.70	49969.54
244.77	49978.20
244.84	49986.59
244.91	49991.04
244.98	50004.86
245.05	50021.74
245.12	50036.47
245.19	50052.23
245.26	50064.49
245.33	50075.79
245.40	50106.03
245.47	50131.81
245.55	50161.79
245.62	50181.65
245.69	50184.48
245.76	50183.63
245.83	50179.90
245.90	50172.91
245.97	50175.97
246.04	50192.77
246.11	50196.73
246.18	50195.16
246.25	50197.30
246.32	50197.59
246.39	50194.81
246.46	50197.83
246.53	50217.38
246.60	50233.91
246.67	50259.42
246.74	50285.67
246.81	50313.86
246.88	50331.29
246.95	50350.59
247.02	50371.96
247.09	50389.10
247.16	50389.17
247.23	50381.48
247.30	50375.16
247.37	50363.80
247.44	50376.07
247.51	50395.80
247.58	50429.81
247.66	50473.93
247.73	50515.59
247.80	50537.64
247.87	50566.69
247.94	50597.93
248.01	50631.45
248.08	50659.24
248.15	50691.19
248.22	50721.02
248.29	50741.77
248.36	50746.21
248.43	50765.02
248.50	50779.36
248.57	50789.22
248.64	50796.36
248.71	50816.94
248.78	50842.41
248.85	50858.87
248.92	50886.72
248.99	50913.72
249.06	50933.55
249.13	50937.93
249.20	50957.65
249.27	50973.97
249.34	50990.70
249.41	51001.08
249.48	50997.53
249.55	50982.74
249.62	50986.38
249.69	50991.58
249.76	51013.08
249.83	51058.80
249.90	51118.32
249.97	51158.26
250.04	51203.32
250.11	51240.19
250.18	51267.74
250.25	51285.05
250.32	51299.35
250.39	51322.68
250.46	51339.69
250.53	51361.68
250.60	51386.78
250.67	51413.85
250.74	51431.25
250.81	51439.72
250.88	51455.97
250.95	51469.58
251.02	51488.10
251.09	51507.67
251.16	51541.06
251.23	51562.57
251.30	51572.17
251.37	51583.78
251.44	51590.84
251.51	51602.97
251.58	51613.69
251.65	51638.03
251.72	51653.41
251.79	51675.48
251.86	51687.90
251.93	51706.55
252.00	51713.56
252.07	51726.33
252.14	51735.43
252.21	51741.61
252.28	51751.84
252.35	51764.73
252.42	51788.90
252.49	51801.51
252.56	51816.51
252.63	51816.18
252.70	51826.15
252.77	51828.37
252.84	51844.93
252.91	51854.40
252.98	51879.42
253.05	51896.41
253.12	51902.99
253.19	51908.14
253.25	51922.92
253.32	51927.27
253.39	51944.88
253.46	51970.62
253.53	51993.59
253.60	52012.24
253.67	52028.57
253.74	52046.40
253.81	52056.59
253.88	52064.86
253.95	52071.63
254.02	52083.64
254.09	52093.16
254.16	52106.35
254.23	52118.74
254.30	52130.87
254.37	52146.31
254.44	52157.30
254.51	52164.12
254.58	52166.62
254.65	52173.56
254.72	52173.84
254.79	52168.72
254.86	52175.40
254.93	52174.01
255.00	52177.51
255.07	52181.97
255.14	52192.49
255.21	52180.63
255.28	52179.83
255.34	52167.32
255.41	52163.14
255.48	52151.12
255.55	52152.44
255.62	52161.53
255.69	52171.99
255.76	52171.90
255.83	52176.69
255.90	52185.82
255.97	52195.88
256.04	52196.38
256.11	52204.34
256.18	52206.73
256.25	52209.91
256.32	52202.14
256.39	52207.98
256.46	52200.62
256.53	52200.54
256.60	52195.06
256.67	52189.28
256.74	52183.09
256.80	52192.92
256.87	52190.57
256.94	52183.15
257.01	52180.82
257.08	52173.07
257.15	52153.18
257.22	52145.09
257.29	52131.92
257.36	52115.22
257.43	52106.63
257.50	52104.15
257.57	52087.66
257.64	52088.27
257.71	52076.92
257.78	52064.58
257.85	52048.06
257.92	52035.78
257.98	52015.12
258.05	52007.27
258.12	51982.62
258.19	51957.17
258.26	51939.51
258.33	51924.61
258.40	51915.72
258.47	51918.44
258.54	51927.04
258.61	51927.57
258.68	51923.51
258.75	51907.56
258.82	51894.02
258.89	51865.08
258.95	51845.39
259.02	51832.00
259.09	51815.12
259.16	51789.91
259.23	51771.08
259.30	51742.21
259.37	51715.57
259.44	51693.25
259.51	51676.37
259.58	51666.76
259.65	51650.99
259.72	51629.12
259.79	51596.44
259.85	51568.25
259.92	51528.89
259.99	51504.18
260.06	51476.15
260.13	51458.04
260.20	51432.23
260.27	51403.28
260.34	51369.84
260.41	51340.95
260.48	51314.63
260.55	51291.24
260.62	51275.11
260.68	51259.65
260.75	51231.88
260.82	51209.39
260.89	51188.44
260.96	51167.07
261.03	51141.61
261.10	51116.70
261.17	51087.83
261.24	51051.20
261.31	51021.02
261.38	50991.53
261.44	50957.19
261.51	50917.62
261.58	50886.94
261.65	50839.86
261.72	50792.04
261.79	50756.72
261.86	50727.02
261.93	50699.53
262.00	50680.92
262.07	50648.24
262.13	50615.59
262.20	50580.95
262.27	50532.69
262.34	50496.45
262.41	50466.12
262.48	50430.75
262.55	50395.26
262.62	50361.92
262.69	50314.53
262.76	50283.06
262.82	50252.17
262.89	50227.66
262.96	50199.59
263.03	50172.65
263.10	50145.61
263.17	50113.76
263.24	50073.05
263.31	50042.20
263.38	50005.65
263.44	49965.59
263.51	49918.55
263.58	49866.99
263.65	49822.52
263.72	49778.12
263.79	49729.32
263.86	49691.03
263.93	49656.45
264.00	49609.11
264.06	49573.71
264.13	49538.80
264.20	49512.39
264.27	49472.64
264.34	49434.81
264.41	49391.74
264.48	49347.77
264.55	49295.83
264.61	49250.35
264.68	49211.78
264.75	49167.09
264.82	49111.80
264.89	49067.02
264.96	49027.67
265.03	48979.42
265.10	48947.12
265.16	48916.57
265.23	48882.48
265.30	48854.38
265.37	48822.33
265.44	48773.39
265.51	48732.50
265.58	48683.23
265.65	48623.72
265.71	48573.00
265.78	48532.99
265.85	48486.96
265.92	48440.30
265.99	48400.21
266.06	48364.47
266.13	48318.42
266.20	48285.71
266.26	48252.12
266.33	48212.17
266.40	48159.83
266.47	48106.22
266.54	48036.92
266.61	47972.22
266.68	47907.57
266.74	47849.45
266.81	47796.26
266.88	47752.63
266.95	47701.14
267.02	47661.38
267.09	47620.16
267.16	47578.98
267.22	47534.45
267.29	47499.03
267.36	47456.02
267.43	47415.23
267.50	47378.34
267.57	47347.33
267.64	47313.21
267.70	47280.81
267.77	47241.18
267.84	47201.06
267.91	47152.00
267.98	47101.65
268.05	47046.17
268.11	47000.99
268.18	46948.34
268.25	46897.45
268.32	46850.41
268.39	46814.62
268.46	46773.59
268.53	46740.85
268.59	46702.02
268.66	46666.90
268.73	46616.94
268.80	46572.11
268.87	46517.80
268.94	46478.36
269.00	46431.07
269.07	46396.86
269.14	46370.79
269.21	46343.78
269.28	46303.12
269.35	46262.50
269.41	46226.67
269.48	46174.56
269.55	46124.13
269.62	46074.21
269.69	46037.51
269.76	45985.06
269.82	45939.10
269.89	45907.19
269.96	45886.06
270.03	45848.82
270.10	45819.12
270.17	45777.21
270.23	45732.52
270.30	45684.21
270.37	45653.98
270.44	45622.78
270.51	45596.92
270.58	45564.24
270.64	45534.65
270.71	45489.48
270.78	45454.11
270.85	45410.78
270.92	45380.41
270.99	45346.88
271.05	45316.87
271.12	45271.22
271.19	45240.98
271.26	45191.89
271.33	45146.11
271.39	45100.05
271.46	45052.56
271.53	45012.76
271.60	44986.67
271.67	44960.87
271.74	44933.22
271.80	44915.24
271.87	44890.95
271.94	44857.35
272.01	44821.37
272.08	44795.22
272.14	44760.90
272.21	44730.16
272.28	44710.66
272.35	44691.23
272.42	44660.28
272.48	44640.52
272.55	44613.47
272.62	44586.14
272.69	44561.00
272.76	44544.49
272.83	44517.26
272.89	44487.79
272.96	44448.85
273.03	44413.64
273.10	44379.08
273.17	44355.86
273.23	44333.10
273.30	44318.10
273.37	44296.21
273.44	44272.90
273.51	44248.13
273.57	44229.02
273.64	44202.93
273.71	44180.39
273.78	44158.16
273.85	44138.59
273.91	44116.16
273.98	44096.96
274.05	44080.06
274.12	44056.12
274.19	44033.72
274.25	44007.78
274.32	43986.27
274.39	43946.04
274.46	43905.48
274.53	43860.84
274.59	43811.70
274.66	43769.21
274.73	43755.04
274.80	43736.62
274.86	43710.51
274.93	43690.38
275.00	43656.36
275.07	43608.87
275.14	43577.52
275.20	43550.27
275.27	43526.58
275.34	43509.22
275.41	43501.08
275.48	43477.87
275.54	43454.13
275.61	43428.13
275.68	43401.08
275.75	43364.82
275.81	43337.81
275.88	43313.62
275.95	43292.94
276.02	43269.46
276.09	43247.14
276.15	43219.48
276.22	43193.56
276.29	43172.07
276.36	43145.12
276.42	43111.32
276.49	43084.32
276.56	43053.82
276.63	43029.93
276.70	43009.15
276.76	42997.42
276.83	42975.95
276.90	42957.57
276.97	42929.02
277.03	42908.02
277.10	42884.23
277.17	42871.64
277.24	42863.33
277.30	42850.67
277.37	42834.30
277.44	42820.58
277.51	42797.78
277.58	42756.77
277.64	42728.50
277.71	42707.99
277.78	42688.48
277.85	42664.58
277.91	42641.17
277.98	42620.25
278.05	42584.65
278.12	42561.17
278.18	42537.78
278.25	42529.26
278.32	42508.28
278.39	42498.60
278.45	42471.24
278.52	42461.56
278.59	42445.10
278.66	42423.93
278.72	42404.89
278.79	42388.38
278.86	42365.43
278.93	42348.54
278.99	42337.22
279.06	42317.42
279.13	42286.38
279.20	42266.27
279.26	42246.29
279.33	42225.27
279.40	42202.26
279.47	42186.28
279.53	42153.88
279.60	42116.79
279.67	42082.73
279.74	42052.97
279.80	42030.89
279.87	42015.98
279.94	42004.09
280.01	41989.47
280.07	41976.20
280.14	41957.25
280.21	41926.85
280.28	41901.65
280.34	41873.58
280.41	41850.92
280.48	41821.17
280.55	41803.54
280.61	41782.90
280.68	41757.77
280.75	41725.40
280.82	41698.67
280.88	41663.45
280.95	41607.66
281.02	41556.12
281.08	41487.29
281.15	41411.97
281.22	41342.68
281.29	41289.12
281.35	41236.24
281.42	41202.62
281.49	41168.21
281.56	41130.18
281.62	41095.24
281.69	41051.87
281.76	41008.68
281.82	40978.38
281.89	40949.64
281.96	40922.68
282.03	40905.89
282.09	40886.58
282.16	40865.05
282.23	40845.12
282.30	40820.44
282.36	40795.48
282.43	40767.94
282.50	40752.91
282.56	40723.47
282.63	40702.52
282.70	40681.50
282.77	40676.94
282.83	40651.30
282.90	40635.50
282.97	40610.33
283.03	40585.75
283.10	40548.46
283.17	40524.79
283.24	40498.62
283.30	40475.02
283.37	40451.22
283.44	40428.25
283.50	40398.29
283.57	40379.93
283.64	40352.38
283.71	40315.71
283.77	40272.12
283.84	40242.84
283.91	40199.60
283.97	40176.01
284.04	40177.70
284.11	40188.03
284.18	40195.93
284.24	40200.50
284.31	40209.07
284.38	40201.86
284.44	40188.98
284.51	40164.81
284.58	40160.23
284.64	40144.27
284.71	40133.35
284.78	40121.73
284.85	40113.06
284.91	40093.70
284.98	40077.95
285.05	40049.02
285.11	40028.78
285.18	40010.28
285.25	39999.88
285.31	39986.33
285.38	39989.66
285.45	39987.08
285.52	39993.93
285.58	39988.76
285.65	39976.82
285.72	39958.92
285.78	39938.58
285.85	39907.82
285.92	39885.53
285.98	39863.13
286.05	39850.51
286.12	39842.81
286.18	39840.12
286.25	39835.62
286.32	39837.76
286.39	39835.98
286.45	39831.62
286.52	39819.61
286.59	39807.13
286.65	39799.52
286.72	39788.79
286.79	39777.99
286.85	39762.58
286.92	39754.67
286.99	39739.65
287.05	39718.49
287.12	39710.49
287.19	39710.00
287.25	39706.78
287.32	39701.92
287.39	39705.98
287.45	39703.72
287.52	39698.86
287.59	39701.42
287.65	39703.70
287.72	39694.76
287.79	39683.50
287.86	39675.99
287.92	39653.33
287.99	39643.18
288.06	39642.93
288.12	39636.01
288.19	39629.59
288.26	39624.55
288.32	39614.34
288.39	39602.81
288.46	39599.57
288.52	39598.98
288.59	39602.07
288.66	39604.90
288.72	39603.92
288.79	39604.97
288.86	39601.74
288.92	39596.77
288.99	39587.13
289.06	39584.28
289.12	39580.65
289.19	39583.68
289.26	39590.08
289.32	39605.32
289.39	39609.94
289.45	39613.12
289.52	39600.69
289.59	39602.05
289.65	39600.83
289.72	39604.04
289.79	39615.05
289.85	39631.45
289.92	39636.66
289.99	39642.22
290.05	39640.91
290.12	39625.98
290.19	39628.92
290.25	39622.62
290.32	39611.66
290.39	39618.53
290.45	39630.00
290.52	39632.91
290.59	39639.46
290.65	39644.98
290.72	39634.85
290.79	39630.01
290.85	39629.05
290.92	39639.17
290.98	39651.62
291.05	39668.45
291.12	39679.21
291.18	39685.83
291.25	39686.55
291.32	39683.04
291.38	39682.46
291.45	39687.82
291.52	39690.72
291.58	39694.26
291.65	39711.25
291.72	39726.36
291.78	39740.74
291.85	39755.73
291.91	39769.85
291.98	39789.56
292.05	39792.20
292.11	39799.79
292.18	39814.00
292.25	39817.19
292.31	39802.72
292.38	39810.13
292.45	39812.57
292.51	39812.97
292.58	39818.37
292.64	39830.53
292.71	39836.13
292.78	39845.03
292.84	39845.15
292.91	39856.84
292.98	39865.01
293.04	39879.81
293.11	39887.42
293.17	39894.56
293.24	39900.90
293.31	39919.00
293.37	39930.75
293.44	39944.00
293.51	39965.10
293.57	39975.67
293.64	39977.86
293.70	39992.50
293.77	40005.19
293.84	40014.26
293.90	40022.09
293.97	40031.01
294.04	40037.93
294.10	40039.08
294.17	40046.72
294.23	40064.76
294.30	40075.88
294.37	40086.01
294.43	40109.42
294.50	40115.09
294.56	40124.82
294.63	40135.77
294.70	40142.54
294.76	40149.74
294.83	40168.47
294.90	40185.53
294.96	40206.32
295.03	40229.00
295.09	40246.75
295.16	40267.88
295.23	40273.26
295.29	40279.01
295.36	40285.50
295.42	40292.06
295.49	40300.43
295.56	40324.02
295.62	40344.62
295.69	40353.63
295.75	40368.59
295.82	40378.61
295.89	40383.41
295.95	40381.36
296.02	40394.70
296.08	40395.88
296.15	40397.44
296.22	40407.23
296.28	40428.82
296.35	40449.92
296.41	40476.30
296.48	40499.85
296.55	40519.89
296.61	40533.27
296.68	40549.32
296.74	40573.42
296.81	40603.64
296.88	40625.94
296.94	40649.56
297.01	40670.18
297.07	40680.46
297.14	40692.61
297.20	40710.44
297.27	40728.25
297.34	40747.29
297.40	40764.85
297.47	40775.79
297.53	40789.95
297.60	40805.46
297.67	40814.47
297.73	40826.34
297.80	40833.20
297.86	40838.88
297.93	40845.66
298.00	40856.64
298.06	40872.67
298.13	40898.90
298.19	40917.57
298.26	40935.78
298.32	40956.98
298.39	40972.82
298.46	40981.07
298.52	40995.12
298.59	41008.28
298.65	41016.73
298.72	41030.82
298.78	41051.70
298.85	41061.28
298.92	41073.45
298.98	41086.16
299.05	41102.90
299.11	41115.49
299.18	41129.68
299.24	41147.02
299.31	41150.24
299.38	41157.80
299.44	41154.94
299.51	41168.07
299.57	41178.92
299.64	41201.92
299.70	41203.77
299.77	41217.46
299.84	41226.36
299.90	41223.14
299.97	41220.08
300.03	41235.11
300.10	41256.22
300.16	41261.59
300.23	41287.04
300.30	41302.87
300.36	41308.86
300.43	41317.84
300.49	41330.12
300.56	41340.61
300.62	41359.76
300.69	41381.33
300.75	41386.35
300.82	41403.45
300.89	41408.41
300.95	41422.51
301.02	41417.68
301.08	41425.28
301.15	41425.87
301.21	41435.50
301.28	41431.43
301.34	41442.93
301.41	41440.75
301.48	41436.15
301.54	41421.63
301.61	41414.12
301.67	41409.83
301.74	41419.18
301.80	41424.00
301.87	41433.66
301.93	41431.91
302.00	41428.51
302.06	41410.70
302.13	41400.49
302.20	41390.76
302.26	41387.17
302.33	41381.60
302.39	41379.94
302.46	41382.38
302.52	41371.71
302.59	41366.92
302.65	41363.88
302.72	41361.84
302.78	41355.46
302.85	41356.75
302.91	41348.32
302.98	41339.80
303.05	41328.62
303.11	41326.23
303.18	41318.38
303.24	41312.74
303.31	41297.38
303.37	41285.72
303.44	41264.82
303.50	41248.61
303.57	41230.11
303.63	41212.90
303.70	41204.22
303.76	41190.02
303.83	41178.09
303.89	41162.93
303.96	41155.72
304.03	41132.29
304.09	41114.70
304.16	41091.48
304.22	41071.48
304.29	41051.81
304.35	41030.33
304.42	41007.95
304.48	40985.62
304.55	40968.65
304.61	40946.07
304.68	40927.46
304.74	40912.38
304.81	40901.52
304.87	40872.56
304.94	40847.06
305.00	40823.44
305.07	40789.30
305.13	40743.05
305.20	40711.95
305.26	40682.61
305.33	40660.20
305.39	40639.52
305.46	40617.18
305.52	40595.08
305.59	40572.89
305.66	40532.43
305.72	40504.25
305.79	40480.84
305.85	40453.94
305.92	40401.76
305.98	40301.13
306.05	40085.29
306.11	39786.91
306.18	39493.38
306.24	39305.45
306.31	39262.85
306.37	39378.57
306.44	39603.21
306.50	39827.40
306.57	39969.05
306.63	40028.98
306.70	40020.07
306.76	39986.35
306.83	39943.28
306.89	39887.55
306.96	39836.84
307.02	39797.78
307.09	39764.57
307.15	39729.45
307.22	39702.09
307.28	39657.66
307.35	39611.43
307.41	39552.17
307.48	39504.52
307.54	39454.94
307.61	39407.96
307.67	39355.27
307.74	39315.82
307.80	39269.93
307.87	39220.80
307.93	39178.03
308.00	39144.04
308.06	39098.82
308.13	39048.41
308.19	39004.84
308.26	38956.86
308.32	38912.16
308.38	38872.58
308.45	38832.50
308.51	38787.28
308.58	38733.48
308.64	38668.37
308.71	38612.16
308.77	38558.66
308.84	38508.56
308.90	38480.22
308.97	38455.59
309.03	38423.82
309.10	38384.90
309.16	38336.33
309.23	38274.73
309.29	38207.98
309.36	38135.68
309.42	38066.05
309.49	38000.85
309.55	37936.92
309.62	37866.07
309.68	37807.42
309.75	37747.70
309.81	37693.91
309.88	37639.03
309.94	37589.27
310.00	37531.90
310.07	37478.27
310.13	37426.41
310.20	37369.04
310.26	37324.29
310.33	37272.39
310.39	37225.75
310.46	37174.36
310.52	37120.88
310.59	37060.72
310.65	37011.14
310.72	36944.95
310.78	36882.31
310.85	36822.07
310.91	36769.27
310.97	36712.92
311.04	36663.77
311.10	36605.83
311.17	36555.52
311.23	36499.47
311.30	36441.89
311.36	36389.58
311.43	36346.65
311.49	36290.43
311.56	36238.48
311.62	36176.46
311.69	36116.08
311.75	36051.89
311.81	35988.85
311.88	35918.06
311.94	35865.40
312.01	35820.10
312.07	35766.23
312.14	35723.54
312.20	35686.67
312.27	35635.68
312.33	35563.09
312.40	35500.42
312.46	35425.29
312.52	35356.39
312.59	35295.04
312.65	35235.83
312.72	35169.52
312.78	35110.59
312.85	35043.70
312.91	34967.39
312.98	34902.91
313.04	34845.25
313.10	34779.24
313.17	34717.93
313.23	34669.93
313.30	34615.50
313.36	34547.31
313.43	34487.07
313.49	34422.32
313.56	34343.92
313.62	34275.32
313.68	34209.98
313.75	34156.87
313.81	34093.26
313.88	34034.61
313.94	33967.47
314.01	33912.28
314.07	33850.11
314.13	33795.78
314.20	33740.43
314.26	33683.18
314.33	33619.76
314.39	33549.71
314.46	33471.58
314.52	33403.92
314.58	33334.26
314.65	33266.98
314.71	33204.83
314.78	33145.12
314.84	33081.67
314.91	33018.27
314.97	32952.32
315.03	32886.54
315.10	32829.65
315.16	32754.40
315.23	32694.42
315.29	32635.58
315.36	32566.90
315.42	32492.20
315.48	32436.50
315.55	32362.22
315.61	32284.69
315.68	32226.08
315.74	32172.62
315.81	32104.81
315.87	32040.67
315.93	31988.62
316.00	31938.44
316.06	31891.11
316.13	31861.90
316.19	31816.15
316.25	31716.16
316.32	31554.08
316.38	31337.15
316.45	31052.54
316.51	30733.89
316.58	30397.80
316.64	30043.94
316.70	29678.84
316.77	29293.81
316.83	28891.23
316.90	28466.15
316.96	28029.01
317.02	27579.18
317.09	27121.59
317.15	26649.01
317.22	26162.94
317.28	25666.56
317.34	25145.42
317.41	24615.24
317.47	24081.99
317.54	23541.20
317.60	22982.64
317.66	22419.65
317.73	21854.03
317.79	21279.52
317.86	20706.38
317.92	20126.71
317.98	19539.16
318.05	18946.79
318.11	18348.47
318.18	17755.16
318.24	17164.47
318.30	16580.08
318.37	15995.52
318.43	15409.70
318.50	14817.29
318.56	14229.27
318.62	13658.55
318.69	13094.70
318.75	12544.22
318.82	12002.02
318.88	11479.35
318.94	10957.58
319.01	10446.93
319.07	9953.44
319.13	9472.95
319.20	8999.70
319.26	8537.13
319.33	8093.74
319.39	7653.78
319.45	7243.10
319.52	6850.33
319.58	6471.62
319.65	6103.14
319.71	5757.48
319.77	5419.13
319.84	5099.28
319.90	4799.22
319.96	4514.14
320.03	4243.46
320.09	3992.34
320.16	3746.32
320.22	3519.61
320.28	3308.32
320.35	3113.41
320.41	2928.52
320.47	2763.98
320.54	2605.31
320.60	2464.93
320.67	2333.03
320.73	2210.91
320.79	2097.28
320.86	1998.53
320.92	1902.59
320.98	1820.01
321.05	1743.05
321.11	1669.64
321.18	1604.77
321.24	1546.09
321.30	1486.06
321.37	1435.67
321.43	1396.19
321.49	1355.88
321.56	1318.31
321.62	1287.90
321.68	1253.16
321.75	1220.08
321.81	1190.25
321.88	1160.87
321.94	1137.70
322.00	1117.28
322.07	1088.98
322.13	1060.59
322.19	1032.26
322.26	996.76
322.32	966.32
322.38	941.81
322.45	922.16
322.51	898.04
322.58	879.13
322.64	850.99
322.70	827.06
322.77	794.21
322.83	772.59
322.89	741.10
322.96	715.16
323.02	686.68
323.08	658.13
323.15	628.39
323.21	604.91
323.27	579.56
323.34	555.01
323.40	532.17
323.46	506.80
323.53	475.22
323.59	402.16
323.65	301.95
323.72	188.99
323.78	80.53
323.85	-17.97
323.91	-67.35
323.97	-85.65
324.04	-86.71
