180.21	3428.62
180.28	-125.87
180.36	633.65
180.44	-44.64
180.51	-10.79
180.59	16.32
180.66	47.69
180.74	48.24
180.81	49.55
180.89	53.65
180.97	56.34
181.04	56.48
181.12	57.45
181.19	60.75
181.27	63.70
181.34	83.37
181.42	91.66
181.50	99.44
181.57	110.64
181.65	115.41
181.72	109.67
181.80	106.81
181.87	111.26
181.95	118.40
182.03	127.35
182.10	140.91
182.18	155.75
182.25	178.18
182.33	196.76
182.40	221.15
182.48	235.78
182.55	266.07
182.63	283.95
182.71	301.20
182.78	317.82
182.86	326.85
182.93	312.05
183.01	297.45
183.08	278.02
183.16	267.65
183.23	264.96
183.31	290.32
183.39	320.79
183.46	369.62
183.54	411.16
183.61	465.49
183.69	519.41
183.76	583.22
183.84	637.62
183.91	696.30
183.99	756.49
184.06	803.79
184.14	856.99
184.22	895.53
184.29	902.93
184.37	900.72
184.44	871.84
184.52	783.24
184.59	686.52
184.67	618.32
184.74	556.35
184.82	545.34
184.89	597.34
184.97	691.22
185.04	793.66
185.12	900.11
185.20	1002.23
185.27	1107.02
185.35	1194.26
185.42	1260.31
185.50	1337.78
185.57	1390.88
185.65	1447.57
185.72	1518.82
185.80	1596.89
185.87	1661.79
185.95	1749.26
186.02	1802.40
186.10	1806.41
186.17	1765.46
186.25	1637.27
186.33	1442.24
186.40	1277.36
186.48	1179.25
186.55	1161.91
186.63	1244.66
186.70	1414.88
186.78	1575.02
186.85	1718.81
186.93	1840.19
187.00	1972.92
187.08	2081.02
187.15	2214.84
187.23	2348.51
187.30	2465.71
187.38	2585.13
187.45	2721.13
187.53	2817.59
187.60	2907.87
187.68	3028.54
187.75	3106.01
187.83	3146.07
187.90	3183.62
187.98	3178.49
188.05	3057.40
188.13	2827.12
188.21	2570.12
188.28	2352.94
188.36	2189.73
188.43	2163.49
188.51	2299.98
188.58	2510.56
188.66	2704.03
188.73	2903.52
188.81	3083.98
188.88	3244.89
188.96	3381.78
189.03	3529.84
189.11	3668.38
189.18	3778.39
189.26	3884.92
189.33	4006.73
189.41	4098.70
189.48	4183.79
189.56	4290.43
189.63	4367.83
189.71	4416.72
189.78	4474.31
189.86	4495.89
189.93	4462.31
190.01	4389.75
190.08	4230.25
190.16	3946.99
190.23	3649.92
190.31	3442.34
190.38	3327.95
190.46	3347.57
190.53	3517.25
190.61	3758.21
190.68	3970.58
190.76	4172.29
190.83	4341.20
190.91	4504.41
190.98	4636.45
191.06	4779.73
191.13	4904.60
191.21	5016.08
191.28	5124.76
191.35	5235.83
191.43	5313.76
191.50	5388.35
191.58	5470.79
191.65	5516.62
191.73	5553.35
191.80	5587.51
191.88	5593.03
191.95	5583.36
192.03	5585.56
192.10	5574.91
192.18	5536.96
192.25	5452.25
192.33	5284.68
192.40	5087.71
192.48	4925.50
192.55	4836.46
192.63	4840.78
192.70	4968.81
192.78	5159.08
192.85	5355.01
192.93	5526.97
193.00	5672.97
193.08	5808.23
193.15	5922.95
193.22	6016.16
193.30	6093.38
193.37	6170.60
193.45	6221.99
193.52	6275.90
193.60	6325.79
193.67	6375.87
193.75	6417.61
193.82	6456.73
193.90	6482.58
193.97	6516.58
194.05	6549.72
194.12	6582.52
194.20	6629.78
194.27	6676.02
194.34	6702.58
194.42	6717.97
194.49	6724.52
194.57	6699.35
194.64	6628.37
194.72	6548.41
194.79	6474.93
194.87	6417.81
194.94	6398.71
195.02	6435.76
195.09	6505.26
195.17	6592.99
195.24	6693.57
195.31	6788.81
195.39	6886.21
195.46	6970.47
195.54	7049.28
195.61	7114.02
195.69	7163.26
195.76	7195.91
195.84	7240.06
195.91	7257.61
195.99	7264.90
196.06	7276.47
196.13	7290.43
196.21	7293.41
196.28	7301.86
196.36	7309.12
196.43	7308.77
196.51	7308.06
196.58	7307.69
196.66	7320.39
196.73	7348.77
196.80	7391.00
196.88	7438.28
196.95	7491.98
197.03	7533.82
197.10	7551.91
197.18	7559.23
197.25	7563.78
197.33	7572.65
197.40	7597.15
197.47	7623.52
197.55	7658.95
197.62	7692.93
197.70	7717.17
197.77	7731.74
197.85	7747.83
197.92	7750.16
197.99	7740.16
198.07	7720.95
198.14	7700.63
198.22	7705.43
198.29	7730.90
198.37	7782.15
198.44	7854.06
198.51	7928.72
198.59	7989.79
198.66	8050.21
198.74	8096.93
198.81	8134.73
198.89	8165.74
198.96	8193.27
199.03	8209.08
199.11	8232.34
199.18	8242.26
199.26	8254.58
199.33	8268.36
199.41	8277.23
199.48	8258.53
199.55	8235.96
199.63	8202.39
199.70	8180.84
199.78	8171.24
199.85	8207.22
199.93	8270.80
200.00	8360.02
200.07	8443.05
200.15	8525.71
200.22	8591.73
200.30	8639.81
200.37	8684.44
200.44	8725.97
200.52	8762.42
200.59	8797.65
200.67	8824.87
200.74	8834.05
200.81	8839.47
200.89	8843.37
200.96	8850.22
201.04	8853.03
201.11	8858.12
201.19	8854.69
201.26	8853.46
201.33	8847.47
201.41	8873.29
201.48	8925.30
201.56	8999.48
201.63	9090.36
201.70	9174.86
201.78	9247.65
201.85	9311.23
201.93	9363.92
202.00	9403.11
202.07	9447.58
202.15	9483.93
202.22	9513.86
202.30	9543.14
202.37	9567.14
202.44	9591.15
202.52	9616.51
202.59	9639.63
202.67	9657.96
202.74	9681.94
202.81	9700.16
202.89	9710.96
202.96	9731.53
203.04	9777.18
203.11	9829.19
203.18	9904.69
203.26	9992.06
203.33	10074.65
203.41	10139.21
203.48	10199.03
203.55	10237.29
203.63	10282.46
203.70	10332.51
203.77	10378.06
203.85	10425.84
203.92	10471.69
204.00	10526.31
204.07	10575.28
204.14	10625.94
204.22	10668.42
204.29	10717.59
204.37	10745.91
204.44	10771.46
204.51	10804.65
204.59	10840.47
204.66	10877.41
204.73	10941.09
204.81	11013.75
204.88	11093.61
204.96	11180.38
205.03	11267.57
205.10	11332.24
205.18	11392.26
205.25	11448.47
205.32	11506.34
205.40	11564.06
205.47	11624.95
205.55	11691.49
205.62	11754.53
205.69	11815.98
205.77	11876.58
205.84	11940.75
205.91	12000.71
205.99	12057.87
206.06	12108.91
206.14	12162.81
206.21	12219.81
206.28	12275.49
206.36	12342.06
206.43	12403.74
206.50	12476.93
206.58	12548.83
206.65	12626.51
206.72	12701.82
206.80	12790.24
206.87	12871.26
206.95	12959.92
207.02	13050.19
207.09	13139.34
207.17	13232.71
207.24	13327.17
207.31	13415.17
207.39	13495.68
207.46	13570.20
207.53	13636.97
207.61	13709.58
207.68	13777.74
207.75	13857.84
207.83	13948.99
207.90	14032.32
207.98	14101.24
208.05	14182.70
208.12	14260.14
208.20	14337.56
208.27	14424.42
208.34	14522.83
208.42	14610.21
208.49	14697.29
208.56	14775.36
208.64	14865.00
208.71	14950.67
208.78	15040.25
208.86	15139.01
208.93	15244.07
209.00	15344.53
209.08	15442.70
209.15	15545.34
209.22	15643.38
209.30	15746.58
209.37	15843.32
209.44	15948.82
209.52	16055.56
209.59	16154.47
209.67	16249.59
209.74	16351.54
209.81	16459.56
209.89	16558.74
209.96	16661.06
210.03	16764.87
210.11	16866.11
210.18	16953.51
210.25	17059.72
210.33	17173.16
210.40	17279.58
210.47	17387.81
210.55	17505.75
210.62	17609.13
210.69	17704.21
210.77	17815.30
210.84	17923.03
210.91	18045.63
210.99	18161.42
211.06	18285.35
211.13	18407.82
211.21	18529.11
211.28	18633.40
211.35	18750.37
211.42	18866.15
211.50	18977.89
211.57	19088.77
211.64	19207.41
211.72	19325.42
211.79	19435.14
211.86	19548.64
211.94	19680.07
212.01	19803.32
212.08	19922.92
212.16	20050.78
212.23	20177.65
212.30	20296.78
212.38	20416.10
212.45	20543.51
212.52	20668.75
212.60	20792.80
212.67	20922.98
212.74	21049.13
212.82	21172.27
212.89	21295.66
212.96	21424.18
213.03	21552.94
213.11	21695.28
213.18	21833.61
213.25	21982.32
213.33	22125.20
213.40	22257.51
213.47	22385.11
213.55	22506.16
213.62	22618.20
213.69	22732.35
213.77	22858.20
213.84	22981.03
213.91	23124.55
213.98	23265.48
214.06	23406.44
214.13	23553.53
214.20	23706.46
214.28	23855.61
214.35	24000.49
214.42	24149.18
214.50	24287.18
214.57	24414.29
214.64	24535.51
214.72	24660.42
214.79	24787.19
214.86	24912.50
214.93	25048.13
215.01	25194.71
215.08	25335.53
215.15	25469.85
215.23	25592.47
215.30	25730.90
215.37	25858.86
215.44	26010.58
215.52	26168.39
215.59	26337.59
215.66	26491.13
215.74	26642.13
215.81	26782.92
215.88	26925.23
215.95	27055.92
216.03	27184.91
216.10	27322.70
216.17	27465.87
216.25	27605.33
216.32	27763.39
216.39	27924.89
216.46	28076.95
216.54	28212.86
216.61	28347.54
216.68	28472.67
216.76	28601.46
216.83	28748.12
216.90	28903.69
216.97	29064.39
217.05	29226.75
217.12	29373.99
217.19	29484.20
217.27	29577.80
217.34	29672.06
217.41	29774.06
217.48	29887.52
217.56	30024.06
217.63	30188.31
217.70	30355.91
217.78	30519.34
217.85	30679.88
217.92	30846.87
217.99	31013.08
218.07	31148.81
218.14	31277.67
218.21	31415.62
218.28	31559.79
218.36	31700.04
218.43	31853.45
218.50	32011.10
218.57	32151.79
218.65	32276.70
218.72	32396.01
218.79	32521.33
218.87	32652.26
218.94	32791.41
219.01	32933.40
219.08	33067.94
219.16	33198.11
219.23	33317.61
219.30	33432.04
219.37	33549.66
219.45	33675.49
219.52	33818.75
219.59	33949.90
219.66	34081.17
219.74	34216.35
219.81	34375.62
219.88	34516.64
219.95	34665.22
220.03	34813.60
220.10	34948.57
220.17	35057.63
220.24	35174.25
220.32	35299.17
220.39	35423.59
220.46	35547.70
220.53	35674.68
220.61	35796.26
220.68	35923.30
220.75	36052.48
220.82	36185.37
220.90	36304.86
220.97	36403.55
221.04	36486.81
221.11	36571.64
221.19	36668.06
221.26	36774.07
221.33	36903.31
221.40	37044.80
221.48	37184.73
221.55	37313.61
221.62	37445.96
221.69	37576.66
221.77	37697.01
221.84	37815.49
221.91	37938.87
221.98	38051.96
222.06	38173.16
222.13	38295.93
222.20	38415.34
222.27	38524.74
222.35	38633.74
222.42	38733.46
222.49	38823.45
222.56	38906.50
222.63	38991.66
222.71	39094.26
222.78	39204.20
222.85	39326.21
222.92	39452.50
223.00	39555.84
223.07	39639.13
223.14	39716.43
223.21	39794.77
223.29	39886.05
223.36	40015.88
223.43	40153.52
223.50	40289.25
223.57	40424.09
223.65	40551.50
223.72	40659.06
223.79	40760.93
223.86	40854.00
223.94	40950.84
224.01	41030.43
224.08	41095.03
224.15	41159.33
224.22	41222.86
224.30	41263.12
224.37	41329.68
224.44	41424.51
224.51	41521.95
224.59	41622.14
224.66	41738.70
224.73	41850.04
224.80	41950.62
224.87	42048.09
224.95	42155.20
225.02	42256.13
225.09	42345.83
225.16	42430.26
225.23	42521.46
225.31	42607.96
225.38	42695.81
225.45	42787.39
225.52	42877.73
225.60	42952.42
225.67	43000.07
225.74	43042.46
225.81	43083.76
225.88	43133.26
225.96	43223.95
226.03	43345.48
226.10	43473.65
226.17	43597.57
226.24	43722.55
226.32	43806.74
226.39	43878.90
226.46	43939.61
226.53	44005.77
226.60	44054.32
226.68	44110.68
226.75	44172.50
226.82	44246.35
226.89	44317.20
226.96	44388.31
227.04	44441.63
227.11	44486.83
227.18	44532.51
227.25	44563.45
227.32	44612.57
227.40	44679.43
227.47	44747.05
227.54	44811.20
227.61	44881.84
227.68	44953.24
227.76	45028.11
227.83	45107.73
227.90	45178.92
227.97	45247.66
228.04	45306.65
228.11	45350.29
228.19	45389.38
228.26	45442.99
228.33	45510.00
228.40	45568.22
228.47	45633.30
228.55	45703.93
228.62	45768.99
228.69	45832.42
228.76	45895.39
228.83	45956.65
228.90	46011.54
228.98	46072.26
229.05	46129.60
229.12	46200.46
229.19	46263.65
229.26	46336.39
229.34	46379.35
229.41	46421.58
229.48	46461.91
229.55	46512.40
229.62	46558.15
229.69	46621.99
229.77	46670.90
229.84	46707.04
229.91	46734.10
229.98	46753.71
230.05	46772.65
230.12	46814.57
230.20	46876.04
230.27	46944.16
230.34	47015.65
230.41	47092.99
230.48	47157.65
230.55	47207.66
230.63	47252.73
230.70	47298.18
230.77	47319.95
230.84	47342.82
230.91	47362.70
230.98	47395.59
231.06	47425.59
231.13	47489.79
231.20	47559.74
231.27	47633.64
231.34	47687.51
231.41	47746.91
231.49	47788.05
231.56	47829.97
231.63	47875.73
231.70	47921.98
231.77	47955.97
231.84	47980.22
231.92	47989.16
231.99	47995.78
232.06	48022.89
232.13	48053.54
232.20	48106.24
232.27	48163.30
232.34	48209.04
232.42	48231.87
232.49	48260.21
232.56	48294.71
232.63	48345.53
232.70	48404.14
232.77	48468.91
232.85	48536.93
232.92	48577.58
232.99	48592.53
233.06	48613.81
233.13	48630.50
233.20	48631.34
233.27	48641.42
233.35	48649.53
233.42	48645.68
233.49	48650.54
233.56	48672.68
233.63	48690.15
233.70	48712.05
233.77	48743.33
233.85	48779.20
233.92	48812.92
233.99	48840.77
234.06	48883.69
234.13	48928.30
234.20	48968.51
234.27	48994.39
234.35	49028.85
234.42	49037.10
234.49	49036.62
234.56	49045.10
234.63	49040.11
234.70	49030.71
234.77	49027.36
234.84	49018.15
234.92	48988.16
234.99	48988.05
235.06	49001.42
235.13	49023.97
235.20	49049.09
235.27	49086.50
235.34	49108.76
235.41	49144.10
235.49	49166.61
235.56	49195.18
235.63	49211.18
235.70	49221.83
235.77	49203.35
235.84	49197.66
235.91	49177.37
235.98	49166.18
236.06	49166.92
236.13	49171.12
236.20	49171.16
236.27	49171.08
236.34	49173.91
236.41	49177.01
236.48	49172.25
236.55	49166.30
236.63	49165.73
236.70	49161.34
236.77	49151.46
236.84	49155.42
236.91	49150.17
236.98	49143.45
237.05	49139.75
237.12	49131.28
237.19	49109.77
237.27	49108.77
237.34	49106.16
237.41	49097.94
237.48	49086.67
237.55	49077.00
237.62	49056.55
237.69	49056.01
237.76	49065.68
237.83	49079.13
237.91	49096.66
237.98	49114.60
238.05	49116.33
238.12	49111.11
238.19	49100.58
238.26	49100.59
238.33	49092.25
238.40	49066.25
238.47	49043.29
238.54	49020.87
238.62	48986.56
238.69	48955.24
238.76	48940.90
238.83	48922.48
238.90	48937.26
238.97	48956.14
239.04	48977.53
239.11	48993.15
239.18	49017.60
239.25	49012.39
239.33	48991.03
239.40	48970.62
239.47	48939.04
239.54	48892.25
239.61	48842.22
239.68	48798.00
239.75	48762.48
239.82	48745.58
239.89	48719.22
239.96	48715.10
240.03	48715.84
240.11	48730.47
240.18	48743.01
240.25	48761.54
240.32	48764.22
240.39	48776.13
240.46	48773.37
240.53	48783.02
240.60	48812.43
240.67	48839.53
240.74	48854.09
240.81	48865.47
240.88	48861.19
240.96	48836.13
241.03	48813.66
241.10	48788.02
241.17	48762.67
241.24	48742.09
241.31	48732.56
241.38	48722.06
241.45	48719.48
241.52	48720.81
241.59	48726.31
241.66	48738.15
241.73	48751.46
241.80	48755.39
241.88	48746.00
241.95	48720.52
242.02	48673.60
242.09	48610.91
242.16	48557.35
242.23	48530.75
242.30	48521.80
242.37	48523.59
242.44	48545.23
242.51	48550.57
242.58	48539.39
242.65	48528.38
242.72	48525.89
242.79	48519.68
242.87	48535.35
242.94	48539.11
243.01	48532.46
243.08	48522.61
243.15	48510.63
243.22	48501.53
243.29	48510.82
243.36	48524.91
243.43	48546.58
243.50	48572.05
243.57	48592.36
243.64	48594.41
243.71	48613.00
243.78	48624.38
243.85	48616.37
243.92	48593.13
243.99	48579.64
244.07	48553.01
244.14	48516.82
244.21	48506.20
244.28	48525.56
244.35	48546.07
244.42	48574.01
244.49	48607.34
244.56	48631.98
244.63	48636.28
244.70	48632.76
244.77	48625.86
244.84	48623.14
244.91	48610.70
244.98	48604.27
245.05	48618.04
245.12	48639.31
245.19	48671.09
245.26	48703.44
245.33	48745.75
245.40	48779.95
245.47	48805.52
245.55	48819.14
245.62	48834.96
245.69	48839.78
245.76	48849.69
245.83	48867.43
245.90	48873.38
245.97	48876.25
246.04	48889.92
246.11	48896.62
246.18	48884.32
246.25	48878.86
246.32	48878.35
246.39	48872.69
246.46	48876.90
246.53	48889.92
246.60	48911.16
246.67	48944.88
246.74	48980.23
246.81	49008.93
246.88	49034.10
246.95	49052.10
247.02	49063.88
247.09	49066.67
247.16	49070.24
247.23	49060.01
247.30	49040.32
247.37	49010.96
247.44	48997.18
247.51	48979.82
247.58	48987.83
247.66	49020.05
247.73	49080.49
247.80	49129.83
247.87	49179.30
247.94	49245.12
248.01	49301.61
248.08	49341.50
248.15	49371.70
248.22	49407.52
248.29	49424.65
248.36	49437.56
248.43	49459.42
248.50	49489.58
248.57	49508.60
248.64	49530.81
248.71	49564.06
248.78	49592.48
248.85	49612.78
248.92	49642.15
248.99	49655.07
249.06	49651.06
249.13	49631.14
249.20	49618.85
249.27	49599.24
249.34	49592.07
249.41	49602.19
249.48	49611.08
249.55	49622.38
249.62	49641.84
249.69	49659.60
249.76	49685.81
249.83	49720.75
249.90	49758.15
249.97	49793.56
250.04	49843.90
250.11	49893.41
250.18	49943.16
250.25	49984.85
250.32	50019.03
250.39	50044.11
250.46	50053.59
250.53	50063.90
250.60	50080.48
250.67	50099.61
250.74	50114.48
250.81	50111.72
250.88	50111.73
250.95	50110.41
251.02	50104.08
251.09	50096.66
251.16	50119.68
251.23	50158.82
251.30	50200.33
251.37	50239.86
251.44	50272.63
251.51	50307.73
251.58	50324.89
251.65	50343.38
251.72	50365.92
251.79	50386.14
251.86	50376.11
251.93	50351.31
252.00	50308.81
252.07	50266.93
252.14	50240.33
252.21	50242.52
252.28	50265.61
252.35	50303.75
252.42	50363.16
252.49	50412.74
252.56	50455.60
252.63	50500.22
252.70	50530.25
252.77	50535.53
252.84	50537.00
252.91	50528.08
252.98	50500.39
253.05	50484.81
253.12	50485.29
253.19	50501.23
253.25	50529.98
253.32	50567.71
253.39	50604.79
253.46	50628.46
253.53	50643.66
253.60	50633.69
253.67	50632.07
253.74	50648.05
253.81	50675.07
253.88	50698.94
253.95	50733.23
254.02	50756.78
254.09	50760.16
254.16	50750.35
254.23	50735.55
254.30	50721.06
254.37	50716.38
254.44	50729.69
254.51	50751.85
254.58	50776.44
254.65	50799.40
254.72	50808.67
254.79	50784.26
254.86	50768.08
254.93	50741.82
255.00	50730.02
255.07	50730.09
255.14	50746.10
255.21	50733.41
255.28	50717.29
255.34	50694.52
255.41	50690.38
255.48	50698.56
255.55	50725.69
255.62	50769.23
255.69	50810.97
255.76	50838.03
255.83	50863.35
255.90	50878.51
255.97	50892.83
256.04	50890.80
256.11	50892.11
256.18	50882.80
256.25	50865.86
256.32	50846.84
256.39	50826.33
256.46	50797.02
256.53	50766.31
256.60	50747.86
256.67	50728.00
256.74	50721.31
256.80	50713.55
256.87	50696.37
256.94	50679.67
257.01	50668.96
257.08	50666.07
257.15	50663.43
257.22	50668.40
257.29	50668.91
257.36	50664.69
257.43	50652.87
257.50	50640.42
257.57	50623.98
257.64	50622.74
257.71	50608.59
257.78	50602.17
257.85	50589.91
257.92	50588.58
257.98	50586.03
258.05	50586.73
258.12	50576.41
258.19	50554.01
258.26	50522.56
258.33	50471.07
258.40	50431.27
258.47	50403.54
258.54	50405.56
258.61	50420.68
258.68	50447.11
258.75	50466.70
258.82	50480.12
258.89	50457.69
258.95	50412.07
259.02	50375.13
259.09	50334.10
259.16	50277.03
259.23	50226.89
259.30	50198.37
259.37	50169.99
259.44	50152.96
259.51	50148.57
259.58	50161.86
259.65	50159.14
259.72	50141.45
259.79	50107.67
259.85	50067.66
259.92	50029.52
259.99	50016.26
260.06	50009.32
260.13	50006.41
260.20	50002.26
260.27	49973.88
260.34	49920.39
260.41	49863.13
260.48	49812.57
260.55	49776.78
260.62	49747.88
260.68	49718.50
260.75	49696.42
260.82	49685.12
260.89	49664.32
260.96	49648.49
261.03	49649.69
261.10	49637.72
261.17	49624.90
261.24	49602.81
261.31	49576.86
261.38	49532.91
261.44	49493.10
261.51	49440.25
261.58	49398.64
261.65	49364.76
261.72	49328.96
261.79	49284.31
261.86	49237.83
261.93	49198.22
262.00	49167.77
262.07	49130.59
262.13	49108.30
262.20	49084.21
262.27	49051.31
262.34	49010.50
262.41	48976.88
262.48	48936.12
262.55	48900.43
262.62	48849.79
262.69	48795.79
262.76	48747.43
262.82	48696.66
262.89	48648.19
262.96	48606.87
263.03	48574.12
263.10	48537.85
263.17	48494.11
263.24	48445.32
263.31	48420.42
263.38	48377.38
263.44	48353.20
263.51	48327.36
263.58	48304.30
263.65	48262.03
263.72	48220.50
263.79	48155.61
263.86	48095.80
263.93	48035.32
264.00	47994.94
264.06	47965.10
264.13	47949.19
264.20	47943.24
264.27	47922.11
264.34	47885.03
264.41	47838.87
264.48	47792.91
264.55	47743.47
264.61	47710.98
264.68	47674.60
264.75	47643.67
264.82	47582.49
264.89	47512.08
264.96	47436.28
265.03	47361.25
265.10	47299.54
265.16	47266.74
265.23	47253.40
265.30	47247.38
265.37	47232.23
265.44	47202.86
265.51	47177.72
265.58	47142.21
265.65	47091.29
265.71	47040.03
265.78	46997.62
265.85	46937.13
265.92	46872.47
265.99	46816.95
266.06	46777.34
266.13	46724.04
266.20	46687.42
266.26	46667.32
266.33	46646.33
266.40	46592.96
266.47	46534.78
266.54	46458.42
266.61	46374.49
266.68	46288.24
266.74	46225.01
266.81	46186.69
266.88	46152.87
266.95	46099.20
267.02	46066.86
267.09	46022.89
267.16	45966.76
267.22	45921.72
267.29	45898.05
267.36	45872.41
267.43	45857.18
267.50	45829.67
267.57	45790.92
267.64	45747.41
267.70	45697.35
267.77	45638.86
267.84	45591.10
267.91	45542.64
267.98	45489.25
268.05	45431.21
268.11	45375.60
268.18	45321.51
268.25	45269.64
268.32	45224.59
268.39	45177.95
268.46	45141.23
268.53	45115.60
268.59	45095.76
268.66	45075.10
268.73	45050.94
268.80	45024.31
268.87	44975.79
268.94	44931.57
269.00	44891.55
269.07	44845.06
269.14	44797.57
269.21	44760.44
269.28	44722.27
269.35	44676.87
269.41	44641.64
269.48	44598.12
269.55	44539.70
269.62	44469.13
269.69	44407.92
269.76	44335.00
269.82	44273.68
269.89	44233.61
269.96	44214.34
270.03	44187.28
270.10	44170.60
270.17	44147.81
270.23	44118.78
270.30	44081.40
270.37	44048.62
270.44	44021.62
270.51	43992.82
270.58	43963.10
270.64	43933.78
270.71	43892.96
270.78	43854.66
270.85	43813.95
270.92	43768.26
270.99	43721.74
271.05	43685.70
271.12	43636.11
271.19	43590.82
271.26	43546.69
271.33	43501.48
271.39	43460.47
271.46	43399.18
271.53	43354.62
271.60	43326.56
271.67	43303.77
271.74	43273.75
271.80	43267.66
271.87	43256.41
271.94	43219.33
272.01	43172.82
272.08	43133.63
272.14	43085.05
272.21	43047.51
272.28	43026.42
272.35	43003.21
272.42	42980.90
272.48	42971.44
272.55	42951.47
272.62	42936.39
272.69	42930.79
272.76	42928.16
272.83	42912.51
272.89	42892.03
272.96	42858.86
273.03	42816.13
273.10	42763.02
273.17	42717.81
273.23	42675.70
273.30	42638.28
273.37	42601.16
273.44	42574.42
273.51	42556.88
273.57	42542.71
273.64	42530.86
273.71	42528.80
273.78	42516.96
273.85	42498.77
273.91	42469.74
273.98	42443.87
274.05	42413.73
274.12	42387.68
274.19	42364.29
274.25	42344.59
274.32	42316.87
274.39	42280.79
274.46	42225.83
274.53	42167.50
274.59	42096.19
274.66	42040.01
274.73	41997.33
274.80	41962.53
274.86	41924.47
274.93	41909.13
275.00	41886.64
275.07	41859.10
275.14	41831.96
275.20	41802.57
275.27	41768.16
275.34	41726.30
275.41	41688.38
275.48	41673.23
275.54	41665.57
275.61	41655.17
275.68	41637.47
275.75	41617.41
275.81	41578.65
275.88	41542.04
275.95	41504.62
276.02	41473.41
276.09	41432.36
276.15	41395.21
276.22	41364.81
276.29	41340.70
276.36	41306.26
276.42	41284.36
276.49	41261.30
276.56	41210.72
276.63	41141.68
276.70	41094.27
276.76	41063.33
276.83	41036.77
276.90	41035.30
276.97	41045.49
277.03	41051.61
277.10	41040.83
277.17	41033.26
277.24	41020.71
277.30	41008.30
277.37	40986.01
277.44	40957.17
277.51	40920.17
277.58	40881.88
277.64	40841.00
277.71	40809.03
277.78	40772.11
277.85	40727.17
277.91	40683.32
277.98	40639.93
278.05	40595.36
278.12	40562.68
278.18	40533.47
278.25	40506.61
278.32	40485.36
278.39	40476.63
278.45	40471.56
278.52	40470.34
278.59	40452.92
278.66	40425.60
278.72	40397.54
278.79	40365.08
278.86	40334.27
278.93	40323.31
278.99	40318.71
279.06	40298.15
279.13	40278.60
279.20	40267.36
279.26	40248.39
279.33	40231.63
279.40	40207.35
279.47	40177.04
279.53	40141.38
279.60	40102.40
279.67	40059.81
279.74	40021.46
279.80	39988.23
279.87	39958.16
279.94	39930.03
280.01	39905.99
280.07	39881.16
280.14	39853.71
280.21	39816.52
280.28	39783.32
280.34	39743.61
280.41	39702.20
280.48	39655.68
280.55	39618.29
280.61	39589.04
280.68	39564.06
280.75	39540.86
280.82	39517.57
280.88	39483.05
280.95	39425.72
281.02	39366.24
281.08	39302.47
281.15	39238.04
281.22	39175.80
281.29	39117.33
281.35	39055.61
281.42	39002.52
281.49	38948.24
281.56	38896.19
281.62	38859.05
281.69	38832.51
281.76	38809.58
281.82	38784.68
281.89	38767.00
281.96	38741.86
282.03	38705.31
282.09	38666.56
282.16	38638.78
282.23	38604.40
282.30	38560.50
282.36	38525.03
282.43	38497.19
282.50	38475.75
282.56	38434.81
282.63	38414.98
282.70	38392.27
282.77	38370.78
282.83	38346.97
282.90	38334.63
282.97	38318.06
283.03	38307.43
283.10	38293.11
283.17	38272.52
283.24	38252.47
283.30	38221.32
283.37	38186.76
283.44	38146.83
283.50	38095.56
283.57	38051.93
283.64	38003.09
283.71	37946.21
283.77	37893.51
283.84	37872.84
283.91	37848.61
283.97	37838.11
284.04	37837.20
284.11	37836.21
284.18	37816.57
284.24	37803.47
284.31	37794.16
284.38	37781.82
284.44	37773.17
284.51	37759.62
284.58	37751.57
284.64	37734.25
284.71	37723.45
284.78	37695.02
284.85	37678.28
284.91	37658.58
284.98	37640.58
285.05	37601.85
285.11	37578.03
285.18	37550.13
285.25	37518.31
285.31	37497.22
285.38	37483.64
285.45	37476.86
285.52	37465.25
285.58	37448.15
285.65	37422.46
285.72	37398.57
285.78	37374.71
285.85	37355.51
285.92	37341.14
285.98	37324.78
286.05	37310.25
286.12	37291.39
286.18	37273.67
286.25	37252.82
286.32	37223.04
286.39	37206.96
286.45	37180.47
286.52	37146.04
286.59	37119.63
286.65	37108.35
286.72	37097.95
286.79	37097.39
286.85	37103.14
286.92	37106.64
286.99	37102.63
287.05	37084.42
287.12	37069.84
287.19	37053.63
287.25	37043.78
287.32	37032.52
287.39	37026.94
287.45	37014.50
287.52	36998.62
287.59	36985.18
287.65	36972.23
287.72	36955.38
287.79	36929.18
287.86	36901.93
287.92	36863.38
287.99	36829.64
288.06	36811.65
288.12	36796.56
288.19	36788.58
288.26	36776.62
288.32	36763.94
288.39	36740.20
288.46	36730.38
288.52	36729.95
288.59	36733.22
288.66	36744.54
288.72	36747.91
288.79	36739.46
288.86	36714.91
288.92	36690.91
288.99	36655.78
289.06	36630.66
289.12	36608.61
289.19	36598.35
289.26	36591.72
289.32	36595.18
289.39	36587.82
289.45	36588.06
289.52	36574.28
289.59	36564.53
289.65	36552.78
289.72	36540.00
289.79	36526.55
289.85	36520.26
289.92	36513.26
289.99	36501.22
290.05	36484.39
290.12	36460.58
290.19	36437.27
290.25	36408.89
290.32	36382.13
290.39	36374.12
290.45	36369.62
290.52	36370.67
290.59	36370.97
290.65	36367.01
290.72	36356.60
290.79	36345.64
290.85	36337.92
290.92	36336.56
290.98	36326.89
291.05	36324.47
291.12	36317.94
291.18	36310.93
291.25	36293.13
291.32	36284.49
291.38	36263.21
291.45	36245.21
291.52	36223.64
291.58	36201.05
291.65	36188.36
291.72	36180.98
291.78	36176.42
291.85	36161.56
291.91	36151.51
291.98	36142.20
292.05	36128.39
292.11	36115.85
292.18	36108.10
292.25	36106.81
292.31	36085.01
292.38	36076.11
292.45	36066.40
292.51	36062.75
292.58	36039.77
292.64	36039.94
292.71	36028.17
292.78	36021.44
292.84	36002.26
292.91	35998.04
292.98	35983.86
293.04	35978.25
293.11	35958.73
293.17	35950.01
293.24	35937.15
293.31	35925.09
293.37	35910.33
293.44	35894.97
293.51	35882.88
293.57	35868.76
293.64	35854.47
293.70	35838.16
293.77	35828.98
293.84	35812.18
293.90	35797.68
293.97	35786.78
294.04	35784.66
294.10	35771.35
294.17	35762.78
294.23	35753.69
294.30	35736.90
294.37	35714.28
294.43	35708.53
294.50	35695.61
294.56	35685.86
294.63	35670.39
294.70	35660.51
294.76	35649.86
294.83	35640.11
294.90	35629.21
294.96	35626.83
295.03	35622.09
295.09	35615.81
295.16	35613.35
295.23	35605.62
295.29	35595.88
295.36	35575.50
295.42	35544.82
295.49	35513.33
295.56	35505.72
295.62	35494.83
295.69	35477.13
295.75	35471.36
295.82	35470.18
295.89	35442.52
295.95	35413.39
296.02	35394.21
296.08	35367.85
296.15	35330.65
296.22	35308.78
296.28	35296.81
296.35	35290.02
296.41	35280.06
296.48	35276.28
296.55	35278.83
296.61	35272.38
296.68	35262.51
296.74	35258.07
296.81	35253.43
296.88	35231.10
296.94	35210.60
297.01	35195.55
297.07	35172.02
297.14	35152.74
297.20	35144.75
297.27	35145.23
297.34	35149.76
297.40	35151.79
297.47	35143.54
297.53	35121.15
297.60	35101.88
297.67	35071.41
297.73	35054.38
297.80	35030.35
297.86	35010.47
297.93	34981.45
298.00	34959.26
298.06	34931.80
298.13	34931.21
298.19	34920.17
298.26	34917.70
298.32	34917.73
298.39	34912.23
298.46	34886.30
298.52	34871.46
298.59	34845.36
298.65	34810.62
298.72	34784.97
298.78	34769.61
298.85	34750.77
298.92	34734.64
298.98	34717.04
299.05	34687.15
299.11	34663.71
299.18	34631.88
299.24	34597.44
299.31	34557.95
299.38	34538.31
299.44	34500.35
299.51	34488.90
299.57	34482.25
299.64	34484.70
299.70	34477.61
299.77	34464.89
299.84	34435.02
299.90	34395.94
299.97	34350.91
300.03	34315.17
300.10	34299.13
300.16	34279.03
300.23	34263.67
300.30	34254.49
300.36	34230.72
300.43	34202.46
300.49	34177.71
300.56	34150.06
300.62	34120.83
300.69	34099.06
300.75	34074.00
300.82	34050.51
300.89	34024.73
300.95	34001.59
301.02	33963.26
301.08	33926.60
301.15	33892.63
301.21	33867.62
301.28	33836.18
301.34	33811.93
301.41	33790.03
301.48	33762.93
301.54	33729.95
301.61	33708.52
301.67	33679.19
301.74	33653.49
301.80	33623.06
301.87	33584.04
301.93	33533.39
302.00	33491.96
302.06	33437.79
302.13	33387.31
302.20	33357.34
302.26	33322.57
302.33	33296.34
302.39	33264.65
302.46	33230.83
302.52	33185.59
302.59	33145.73
302.65	33097.53
302.72	33056.27
302.78	33019.77
302.85	32987.87
302.91	32954.34
302.98	32927.16
303.05	32891.15
303.11	32860.41
303.18	32821.44
303.24	32787.02
303.31	32734.73
303.37	32693.41
303.44	32654.61
303.50	32613.49
303.57	32558.31
303.63	32516.81
303.70	32474.57
303.76	32413.63
303.83	32364.47
303.89	32324.28
303.96	32277.43
304.03	32224.46
304.09	32178.61
304.16	32126.59
304.22	32071.37
304.29	32019.50
304.35	31967.25
304.42	31926.91
304.48	31880.54
304.55	31833.60
304.61	31781.88
304.68	31739.10
304.74	31685.82
304.81	31634.10
304.87	31579.09
304.94	31536.84
305.00	31486.53
305.07	31426.67
305.13	31365.56
305.20	31310.60
305.26	31251.64
305.33	31198.46
305.39	31149.99
305.46	31096.21
305.52	31047.66
305.59	30996.23
305.66	30942.71
305.72	30891.78
305.79	30842.27
305.85	30786.30
305.92	30701.76
305.98	30581.93
306.05	30443.92
306.11	30287.42
306.18	30123.90
306.24	29992.22
306.31	29925.57
306.37	29915.54
306.44	29957.02
306.50	30019.41
306.57	30073.16
306.63	30099.91
306.70	30076.23
306.76	30020.62
306.83	29956.00
306.89	29883.63
306.96	29811.27
307.02	29747.33
307.09	29694.50
307.15	29636.72
307.22	29591.06
307.28	29532.67
307.35	29476.62
307.41	29406.75
307.48	29334.78
307.54	29262.04
307.61	29195.45
307.67	29124.21
307.74	29062.70
307.80	29009.00
307.87	28950.31
307.93	28891.84
308.00	28839.54
308.06	28788.61
308.13	28722.69
308.19	28662.75
308.26	28605.57
308.32	28548.24
308.38	28486.16
308.45	28426.26
308.51	28375.87
308.58	28316.51
308.64	28255.81
308.71	28198.21
308.77	28143.40
308.84	28068.15
308.90	28004.91
308.97	27946.79
309.03	27890.78
309.10	27832.57
309.16	27775.26
309.23	27708.00
309.29	27635.70
309.36	27546.79
309.42	27464.25
309.49	27395.47
309.55	27332.30
309.62	27266.43
309.68	27222.11
309.75	27165.01
309.81	27099.75
309.88	27036.51
309.94	26974.96
310.00	26904.85
310.07	26838.97
310.13	26783.51
310.20	26716.12
310.26	26648.90
310.33	26582.96
310.39	26528.15
310.46	26460.98
310.52	26406.04
310.59	26346.04
310.65	26287.08
310.72	26222.57
310.78	26161.22
310.85	26092.90
310.91	26035.21
310.97	25979.62
311.04	25921.18
311.10	25856.09
311.17	25799.87
311.23	25738.02
311.30	25676.84
311.36	25617.48
311.43	25572.10
311.49	25514.35
311.56	25460.92
311.62	25403.65
311.69	25349.15
311.75	25297.20
311.81	25239.67
311.88	25172.22
311.94	25113.69
312.01	25064.51
312.07	25000.33
312.14	24952.21
312.20	24912.43
312.27	24863.80
312.33	24800.38
312.40	24736.82
312.46	24673.13
312.52	24608.53
312.59	24542.02
312.65	24476.17
312.72	24414.57
312.78	24349.66
312.85	24285.11
312.91	24220.07
312.98	24164.53
313.04	24116.89
313.10	24063.59
313.17	24012.05
313.23	23960.12
313.30	23904.81
313.36	23842.01
313.43	23782.17
313.49	23729.13
313.56	23670.49
313.62	23610.86
313.68	23548.55
313.75	23499.04
313.81	23447.47
313.88	23395.51
313.94	23346.38
314.01	23300.85
314.07	23246.32
314.13	23188.40
314.20	23139.55
314.26	23079.25
314.33	23025.69
314.39	22969.33
314.46	22906.73
314.52	22853.93
314.58	22802.81
314.65	22745.91
314.71	22690.54
314.78	22639.51
314.84	22582.22
314.91	22528.42
314.97	22477.87
315.03	22429.32
315.10	22376.18
315.16	22313.05
315.23	22261.69
315.29	22214.86
315.36	22163.70
315.42	22118.96
315.48	22075.79
315.55	22026.81
315.61	21963.61
315.68	21911.12
315.74	21850.54
315.81	21790.49
315.87	21731.85
315.93	21688.99
316.00	21650.50
316.06	21617.81
316.13	21593.86
316.19	21542.73
316.25	21451.93
316.32	21313.65
316.38	21140.07
316.45	20924.64
316.51	20701.28
316.58	20472.06
316.64	20234.86
316.70	20003.85
316.77	19765.95
316.83	19520.29
316.90	19272.19
316.96	19027.84
317.02	18774.07
317.09	18531.09
317.15	18288.08
317.22	18043.51
317.28	17799.87
317.34	17558.36
317.41	17317.73
317.47	17074.90
317.54	16830.47
317.60	16585.54
317.66	16338.01
317.73	16084.45
317.79	15841.56
317.86	15599.98
317.92	15357.73
317.98	15112.52
318.05	14862.99
318.11	14610.40
318.18	14364.15
318.24	14113.10
318.30	13857.50
318.37	13606.08
318.43	13349.66
318.50	13083.66
318.56	12816.18
318.62	12559.71
318.69	12299.18
318.75	12031.10
318.82	11758.79
318.88	11494.09
318.94	11217.76
319.01	10944.02
319.07	10676.43
319.13	10404.93
319.20	10128.88
319.26	9847.58
319.33	9563.41
319.39	9270.37
319.45	8991.26
319.52	8708.19
319.58	8427.24
319.65	8143.10
319.71	7864.29
319.77	7580.35
319.84	7303.35
319.90	7034.84
319.96	6764.76
320.03	6497.46
320.09	6237.33
320.16	5971.85
320.22	5714.46
320.28	5465.02
320.35	5222.97
320.41	4984.80
320.47	4760.60
320.54	4536.12
320.60	4328.21
320.67	4127.18
320.73	3931.69
320.79	3741.10
320.86	3566.40
320.92	3390.61
320.98	3225.01
321.05	3067.62
321.11	2916.12
321.18	2771.63
321.24	2639.30
321.30	2508.81
321.37	2389.23
321.43	2285.10
321.49	2182.36
321.56	2085.41
321.62	1999.05
321.68	1911.30
321.75	1827.40
321.81	1752.88
321.88	1679.51
321.94	1614.70
322.00	1557.22
322.07	1493.19
322.13	1432.02
322.19	1372.58
322.26	1310.01
322.32	1252.50
322.38	1204.77
322.45	1161.76
322.51	1117.95
322.58	1080.41
322.64	1034.70
322.70	994.31
322.77	945.88
322.83	909.13
322.89	863.29
322.96	823.31
323.02	781.16
323.08	741.43
323.15	700.21
323.21	665.78
323.27	632.28
323.34	598.32
323.40	566.36
323.46	532.84
323.53	494.13
323.59	414.44
323.65	310.12
323.72	193.82
323.78	83.31
323.85	-16.23
323.91	-66.41
323.97	-85.64
324.04	-85.73
