180.21	3428.62
180.28	-125.72
180.36	633.52
180.44	-44.91
180.51	-11.08
180.59	16.25
180.66	47.32
180.74	47.57
180.81	49.67
180.89	53.85
180.97	56.21
181.04	56.66
181.12	58.00
181.19	61.06
181.27	63.91
181.34	83.39
181.42	91.42
181.50	99.60
181.57	110.05
181.65	115.03
181.72	109.67
181.80	107.12
181.87	111.83
181.95	119.52
182.03	128.64
182.10	142.48
182.18	157.32
182.25	179.37
182.33	198.24
182.40	222.87
182.48	237.44
182.55	268.10
182.63	287.37
182.71	305.21
182.78	321.12
182.86	329.67
182.93	314.56
183.01	298.06
183.08	278.14
183.16	267.92
183.23	265.28
183.31	290.81
183.39	322.20
183.46	370.88
183.54	414.21
183.61	469.91
183.69	523.83
183.76	587.86
183.84	643.29
183.91	702.30
183.99	761.38
184.06	809.29
184.14	862.96
184.22	899.76
184.29	905.03
184.37	903.51
184.44	874.44
184.52	784.58
184.59	688.23
184.67	620.91
184.74	558.93
184.82	547.61
184.89	600.53
184.97	694.21
185.04	795.62
185.12	901.26
185.20	1004.26
185.27	1110.49
185.35	1199.59
185.42	1267.14
185.50	1344.60
185.57	1397.05
185.65	1450.52
185.72	1521.54
185.80	1596.86
185.87	1663.28
185.95	1752.61
186.02	1807.60
186.10	1808.11
186.17	1767.67
186.25	1636.56
186.33	1439.95
186.40	1275.21
186.48	1179.43
186.55	1163.49
186.63	1246.94
186.70	1417.96
186.78	1579.35
186.85	1722.93
186.93	1844.33
187.00	1980.43
187.08	2088.97
187.15	2221.21
187.23	2355.13
187.30	2473.66
187.38	2590.36
187.45	2722.69
187.53	2819.99
187.60	2911.15
187.68	3030.19
187.75	3109.21
187.83	3150.70
187.90	3187.29
187.98	3179.20
188.05	3058.46
188.13	2827.35
188.21	2570.27
188.28	2352.00
188.36	2189.15
188.43	2160.86
188.51	2296.40
188.58	2507.68
188.66	2701.92
188.73	2900.20
188.81	3083.21
188.88	3246.08
188.96	3382.90
189.03	3530.48
189.11	3672.62
189.18	3781.67
189.26	3888.07
189.33	4009.95
189.41	4102.98
189.48	4186.83
189.56	4293.47
189.63	4370.10
189.71	4419.51
189.78	4477.36
189.86	4496.97
189.93	4465.95
190.01	4391.60
190.08	4230.78
190.16	3950.48
190.23	3655.73
190.31	3444.93
190.38	3332.45
190.46	3353.08
190.53	3520.33
190.61	3762.71
190.68	3974.69
190.76	4175.96
190.83	4346.42
190.91	4511.45
190.98	4644.92
191.06	4789.83
191.13	4912.01
191.21	5021.52
191.28	5125.28
191.35	5236.27
191.43	5312.48
191.50	5388.79
191.58	5470.13
191.65	5520.93
191.73	5554.41
191.80	5588.61
191.88	5592.88
191.95	5586.81
192.03	5586.61
192.10	5572.57
192.18	5536.80
192.25	5450.74
192.33	5278.67
192.40	5079.73
192.48	4923.22
192.55	4831.27
192.63	4838.90
192.70	4969.47
192.78	5158.84
192.85	5351.46
192.93	5524.89
193.00	5669.61
193.08	5802.38
193.15	5916.37
193.22	6012.91
193.30	6092.41
193.37	6170.96
193.45	6224.13
193.52	6281.00
193.60	6329.33
193.67	6378.17
193.75	6420.33
193.82	6459.08
193.90	6481.69
193.97	6517.55
194.05	6550.96
194.12	6582.81
194.20	6630.30
194.27	6678.58
194.34	6704.97
194.42	6716.52
194.49	6726.18
194.57	6702.13
194.64	6631.98
194.72	6549.06
194.79	6476.95
194.87	6415.34
194.94	6392.34
195.02	6431.21
195.09	6502.64
195.17	6590.84
195.24	6694.04
195.31	6792.16
195.39	6885.51
195.46	6968.79
195.54	7048.71
195.61	7111.64
195.69	7160.02
195.76	7197.73
195.84	7238.07
195.91	7255.95
195.99	7264.87
196.06	7279.93
196.13	7293.61
196.21	7296.95
196.28	7305.23
196.36	7312.43
196.43	7306.63
196.51	7302.41
196.58	7304.86
196.66	7317.58
196.73	7343.70
196.80	7383.62
196.88	7429.07
196.95	7486.13
197.03	7529.48
197.10	7548.90
197.18	7562.70
197.25	7571.68
197.33	7579.97
197.40	7601.09
197.47	7627.70
197.55	7665.20
197.62	7699.68
197.70	7719.21
197.77	7734.72
197.85	7753.97
197.92	7752.96
197.99	7742.61
198.07	7725.52
198.14	7708.02
198.22	7712.86
198.29	7739.73
198.37	7790.56
198.44	7863.62
198.51	7938.26
198.59	7996.63
198.66	8055.31
198.74	8102.40
198.81	8140.00
198.89	8170.65
198.96	8202.19
199.03	8218.14
199.11	8237.53
199.18	8250.51
199.26	8259.90
199.33	8271.05
199.41	8279.62
199.48	8262.76
199.55	8236.37
199.63	8202.54
199.70	8180.23
199.78	8172.23
199.85	8206.12
199.93	8269.02
200.00	8360.25
200.07	8440.30
200.15	8526.24
200.22	8591.29
200.30	8641.36
200.37	8687.27
200.44	8729.99
200.52	8762.65
200.59	8801.31
200.67	8827.65
200.74	8837.78
200.81	8844.58
200.89	8849.13
200.96	8856.31
201.04	8858.73
201.11	8858.20
201.19	8854.30
201.26	8850.20
201.33	8845.45
201.41	8873.38
201.48	8929.76
201.56	9003.62
201.63	9093.82
201.70	9175.98
201.78	9244.66
201.85	9309.06
201.93	9364.05
202.00	9405.54
202.07	9451.80
202.15	9493.11
202.22	9519.44
202.30	9550.02
202.37	9573.06
202.44	9597.20
202.52	9618.55
202.59	9641.82
202.67	9656.32
202.74	9681.02
202.81	9692.91
202.89	9704.13
202.96	9723.74
203.04	9767.86
203.11	9817.99
203.18	9896.79
203.26	9990.31
203.33	10075.10
203.41	10141.78
203.48	10208.18
203.55	10246.75
203.63	10286.75
203.70	10338.75
203.77	10388.51
203.85	10429.31
203.92	10478.42
204.00	10533.40
204.07	10577.66
204.14	10630.21
204.22	10677.88
204.29	10725.68
204.37	10750.86
204.44	10781.27
204.51	10806.30
204.59	10842.82
204.66	10882.06
204.73	10945.05
204.81	11014.36
204.88	11094.57
204.96	11177.85
205.03	11261.38
205.10	11329.47
205.18	11388.10
205.25	11442.06
205.32	11498.58
205.40	11552.63
205.47	11616.55
205.55	11681.72
205.62	11748.52
205.69	11815.04
205.77	11879.72
205.84	11936.40
205.91	12000.92
205.99	12060.33
206.06	12109.90
206.14	12164.49
206.21	12226.58
206.28	12277.58
206.36	12339.22
206.43	12399.40
206.50	12472.78
206.58	12545.40
206.65	12626.05
206.72	12705.69
206.80	12794.31
206.87	12877.52
206.95	12967.17
207.02	13060.73
207.09	13153.98
207.17	13251.26
207.24	13339.35
207.31	13423.67
207.39	13503.19
207.46	13572.67
207.53	13635.01
207.61	13708.07
207.68	13775.47
207.75	13856.00
207.83	13942.78
207.90	14026.25
207.98	14096.73
208.05	14182.29
208.12	14253.93
208.20	14333.81
208.27	14421.80
208.34	14522.30
208.42	14602.80
208.49	14690.34
208.56	14771.85
208.64	14863.19
208.71	14951.29
208.78	15045.43
208.86	15149.05
208.93	15252.60
209.00	15347.90
209.08	15440.27
209.15	15545.18
209.22	15644.17
209.30	15747.56
209.37	15849.01
209.44	15958.90
209.52	16062.82
209.59	16155.85
209.67	16247.06
209.74	16339.05
209.81	16441.75
209.89	16545.57
209.96	16647.86
210.03	16757.01
210.11	16864.80
210.18	16961.78
210.25	17066.41
210.33	17181.03
210.40	17281.59
210.47	17393.65
210.55	17506.90
210.62	17603.07
210.69	17700.81
210.77	17809.63
210.84	17917.43
210.91	18033.01
210.99	18152.40
211.06	18275.04
211.13	18406.62
211.21	18527.47
211.28	18638.30
211.35	18757.54
211.42	18874.41
211.50	18981.66
211.57	19092.41
211.64	19206.78
211.72	19317.31
211.79	19426.81
211.86	19539.25
211.94	19670.22
212.01	19790.75
212.08	19920.87
212.16	20043.40
212.23	20172.70
212.30	20288.96
212.38	20410.76
212.45	20538.36
212.52	20668.65
212.60	20794.19
212.67	20924.42
212.74	21059.42
212.82	21180.77
212.89	21305.34
212.96	21427.39
213.03	21558.27
213.11	21692.77
213.18	21830.65
213.25	21979.26
213.33	22124.39
213.40	22260.32
213.47	22387.21
213.55	22506.30
213.62	22621.42
213.69	22739.90
213.77	22859.53
213.84	22985.75
213.91	23132.07
213.98	23270.64
214.06	23412.33
214.13	23560.27
214.20	23712.11
214.28	23864.72
214.35	24014.95
214.42	24158.51
214.50	24297.33
214.57	24432.20
214.64	24549.81
214.72	24674.16
214.79	24801.67
214.86	24926.79
214.93	25054.23
215.01	25199.62
215.08	25336.62
215.15	25470.58
215.23	25592.60
215.30	25727.70
215.37	25856.08
215.44	26006.31
215.52	26169.15
215.59	26342.37
215.66	26495.65
215.74	26647.57
215.81	26783.51
215.88	26922.36
215.95	27048.00
216.03	27180.81
216.10	27318.16
216.17	27465.66
216.25	27605.79
216.32	27766.91
216.39	27925.78
216.46	28072.35
216.54	28207.63
216.61	28341.30
216.68	28463.17
216.76	28601.62
216.83	28747.55
216.90	28907.89
216.97	29075.13
217.05	29243.25
217.12	29381.36
217.19	29500.10
217.27	29590.88
217.34	29676.70
217.41	29776.82
217.48	29890.52
217.56	30019.38
217.63	30179.09
217.70	30346.64
217.78	30502.71
217.85	30664.87
217.92	30836.58
217.99	31002.48
218.07	31145.92
218.14	31285.53
218.21	31434.62
218.28	31575.57
218.36	31721.02
218.43	31867.47
218.50	32016.24
218.57	32144.82
218.65	32272.86
218.72	32386.34
218.79	32515.62
218.87	32644.83
218.94	32783.77
219.01	32924.23
219.08	33062.68
219.16	33192.19
219.23	33316.70
219.30	33435.68
219.37	33552.29
219.45	33678.98
219.52	33816.89
219.59	33950.90
219.66	34079.69
219.74	34220.75
219.81	34370.70
219.88	34509.07
219.95	34653.46
220.03	34811.19
220.10	34942.21
220.17	35060.34
220.24	35186.35
220.32	35312.76
220.39	35426.94
220.46	35549.71
220.53	35677.26
220.61	35798.11
220.68	35922.70
220.75	36050.86
220.82	36187.52
220.90	36303.98
220.97	36401.93
221.04	36488.84
221.11	36575.28
221.19	36669.44
221.26	36779.85
221.33	36907.23
221.40	37044.78
221.48	37184.30
221.55	37310.88
221.62	37434.42
221.69	37565.85
221.77	37687.51
221.84	37811.29
221.91	37940.52
221.98	38062.98
222.06	38179.65
222.13	38310.69
222.20	38427.29
222.27	38533.04
222.35	38640.52
222.42	38743.42
222.49	38823.42
222.56	38901.51
222.63	38986.10
222.71	39087.06
222.78	39200.66
222.85	39314.43
222.92	39439.10
223.00	39542.85
223.07	39632.15
223.14	39705.78
223.21	39793.60
223.29	39897.00
223.36	40021.48
223.43	40147.25
223.50	40282.94
223.57	40418.70
223.65	40546.76
223.72	40659.12
223.79	40763.91
223.86	40860.52
223.94	40955.04
224.01	41027.93
224.08	41095.42
224.15	41160.80
224.22	41220.53
224.30	41268.99
224.37	41342.43
224.44	41435.82
224.51	41529.32
224.59	41632.10
224.66	41747.47
224.73	41850.47
224.80	41951.91
224.87	42059.65
224.95	42168.30
225.02	42270.14
225.09	42359.90
225.16	42441.44
225.23	42524.80
225.31	42605.35
225.38	42686.18
225.45	42778.20
225.52	42870.12
225.60	42945.85
225.67	42998.83
225.74	43045.96
225.81	43083.45
225.88	43136.28
225.96	43227.75
226.03	43346.44
226.10	43470.87
226.17	43598.21
226.24	43714.22
226.32	43795.34
226.39	43864.91
226.46	43928.09
226.53	43991.57
226.60	44050.23
226.68	44117.59
226.75	44184.89
226.82	44259.09
226.89	44333.65
226.96	44400.75
227.04	44442.04
227.11	44487.22
227.18	44529.81
227.25	44554.16
227.32	44602.25
227.40	44678.07
227.47	44750.13
227.54	44815.08
227.61	44892.32
227.68	44963.75
227.76	45036.50
227.83	45110.76
227.90	45179.39
227.97	45247.26
228.04	45302.13
228.11	45345.87
228.19	45382.03
228.26	45434.24
228.33	45498.04
228.40	45563.89
228.47	45633.08
228.55	45708.78
228.62	45783.39
228.69	45845.88
228.76	45902.01
228.83	45956.29
228.90	46010.96
228.98	46063.95
229.05	46122.91
229.12	46196.02
229.19	46266.39
229.26	46336.67
229.34	46390.21
229.41	46442.82
229.48	46483.69
229.55	46526.53
229.62	46576.56
229.69	46628.10
229.77	46670.19
229.84	46711.66
229.91	46743.35
229.98	46757.70
230.05	46784.11
230.12	46826.27
230.20	46890.35
230.27	46955.81
230.34	47026.09
230.41	47096.50
230.48	47158.65
230.55	47197.35
230.63	47241.77
230.70	47291.75
230.77	47319.79
230.84	47341.91
230.91	47366.78
230.98	47396.72
231.06	47429.11
231.13	47491.10
231.20	47561.16
231.27	47634.75
231.34	47690.86
231.41	47744.87
231.49	47794.88
231.56	47843.87
231.63	47893.13
231.70	47948.74
231.77	47986.86
231.84	48008.64
231.92	48015.30
231.99	48021.22
232.06	48046.32
232.13	48079.12
232.20	48127.23
232.27	48188.18
232.34	48234.27
232.42	48258.56
232.49	48290.31
232.56	48318.24
232.63	48362.22
232.70	48419.59
232.77	48480.95
232.85	48529.97
232.92	48574.79
232.99	48592.89
233.06	48618.65
233.13	48641.41
233.20	48648.17
233.27	48655.82
233.35	48661.20
233.42	48649.83
233.49	48645.45
233.56	48672.95
233.63	48697.65
233.70	48719.71
233.77	48751.99
233.85	48787.00
233.92	48819.28
233.99	48842.64
234.06	48888.76
234.13	48929.99
234.20	48978.16
234.27	49007.90
234.35	49042.05
234.42	49046.81
234.49	49054.46
234.56	49048.72
234.63	49040.85
234.70	49030.62
234.77	49029.50
234.84	49009.82
234.92	48984.56
234.99	48987.23
235.06	49000.83
235.13	49018.65
235.20	49050.65
235.27	49098.80
235.34	49127.30
235.41	49159.80
235.49	49192.50
235.56	49214.91
235.63	49217.82
235.70	49219.06
235.77	49208.51
235.84	49198.22
235.91	49185.52
235.98	49179.81
236.06	49181.25
236.13	49176.31
236.20	49170.88
236.27	49163.00
236.34	49164.99
236.41	49170.32
236.48	49169.71
236.55	49172.16
236.63	49173.48
236.70	49167.28
236.77	49155.79
236.84	49161.12
236.91	49153.00
236.98	49145.66
237.05	49151.68
237.12	49149.15
237.19	49135.07
237.27	49129.55
237.34	49132.60
237.41	49117.21
237.48	49094.15
237.55	49077.18
237.62	49067.10
237.69	49071.24
237.76	49078.03
237.83	49094.54
237.91	49110.54
237.98	49120.83
238.05	49116.98
238.12	49117.47
238.19	49117.57
238.26	49121.75
238.33	49113.89
238.40	49092.76
238.47	49065.10
238.54	49038.43
238.62	49004.70
238.69	48976.82
238.76	48954.43
238.83	48942.44
238.90	48951.65
238.97	48969.42
239.04	48985.11
239.11	49001.87
239.18	49026.71
239.25	49025.97
239.33	49004.39
239.40	48984.95
239.47	48957.37
239.54	48904.19
239.61	48848.60
239.68	48797.58
239.75	48760.87
239.82	48741.24
239.89	48726.11
239.96	48726.41
240.03	48738.84
240.11	48751.27
240.18	48760.06
240.25	48767.79
240.32	48770.49
240.39	48778.08
240.46	48781.35
240.53	48797.82
240.60	48823.36
240.67	48847.88
240.74	48857.77
240.81	48865.81
240.88	48857.35
240.96	48838.55
241.03	48815.62
241.10	48797.83
241.17	48779.90
241.24	48764.77
241.31	48752.42
241.38	48746.17
241.45	48742.43
241.52	48742.96
241.59	48742.57
241.66	48752.73
241.73	48753.90
241.80	48757.35
241.88	48745.52
241.95	48722.86
242.02	48679.46
242.09	48630.53
242.16	48571.95
242.23	48542.54
242.30	48532.26
242.37	48537.75
242.44	48556.02
242.51	48565.96
242.58	48561.05
242.65	48550.39
242.72	48549.97
242.79	48539.40
242.87	48553.22
242.94	48552.92
243.01	48545.82
243.08	48535.23
243.15	48528.14
243.22	48519.68
243.29	48530.72
243.36	48550.86
243.43	48566.45
243.50	48589.85
243.57	48607.30
243.64	48614.41
243.71	48622.33
243.78	48631.70
243.85	48623.98
243.92	48605.70
243.99	48596.23
244.07	48576.61
244.14	48546.83
244.21	48543.07
244.28	48559.27
244.35	48577.35
244.42	48600.98
244.49	48634.35
244.56	48660.19
244.63	48666.76
244.70	48658.33
244.77	48662.50
244.84	48658.38
244.91	48637.75
244.98	48624.69
245.05	48635.93
245.12	48649.48
245.19	48674.75
245.26	48714.08
245.33	48757.08
245.40	48788.38
245.47	48810.82
245.55	48824.93
245.62	48832.81
245.69	48841.39
245.76	48854.86
245.83	48874.53
245.90	48886.78
245.97	48894.11
246.04	48907.49
246.11	48912.48
246.18	48905.09
246.25	48905.08
246.32	48910.56
246.39	48909.75
246.46	48917.45
246.53	48931.44
246.60	48940.58
246.67	48964.54
246.74	48984.46
246.81	49010.75
246.88	49033.92
246.95	49055.17
247.02	49069.64
247.09	49087.15
247.16	49087.42
247.23	49076.62
247.30	49058.79
247.37	49033.00
247.44	49020.06
247.51	49004.30
247.58	49006.52
247.66	49041.22
247.73	49093.59
247.80	49143.46
247.87	49202.52
247.94	49265.57
248.01	49322.89
248.08	49368.09
248.15	49404.13
248.22	49432.49
248.29	49457.11
248.36	49474.21
248.43	49494.74
248.50	49513.32
248.57	49533.44
248.64	49558.05
248.71	49585.61
248.78	49612.99
248.85	49641.18
248.92	49670.28
248.99	49685.42
249.06	49675.98
249.13	49652.82
249.20	49636.84
249.27	49612.86
249.34	49602.37
249.41	49620.94
249.48	49644.64
249.55	49655.45
249.62	49678.21
249.69	49686.13
249.76	49705.26
249.83	49733.04
249.90	49770.86
249.97	49801.71
250.04	49862.88
250.11	49918.07
250.18	49969.95
250.25	50009.08
250.32	50046.26
250.39	50063.48
250.46	50072.93
250.53	50077.40
250.60	50089.60
250.67	50114.06
250.74	50148.98
250.81	50150.45
250.88	50148.73
250.95	50155.75
251.02	50149.42
251.09	50132.55
251.16	50149.71
251.23	50187.64
251.30	50225.74
251.37	50261.19
251.44	50288.99
251.51	50325.17
251.58	50347.57
251.65	50364.82
251.72	50391.45
251.79	50418.46
251.86	50409.14
251.93	50383.87
252.00	50339.40
252.07	50290.93
252.14	50259.73
252.21	50257.59
252.28	50276.16
252.35	50320.12
252.42	50387.79
252.49	50432.11
252.56	50475.80
252.63	50522.03
252.70	50546.25
252.77	50551.87
252.84	50567.52
252.91	50561.31
252.98	50540.92
253.05	50528.62
253.12	50521.56
253.19	50521.50
253.25	50556.31
253.32	50587.87
253.39	50625.34
253.46	50651.93
253.53	50669.06
253.60	50652.61
253.67	50651.36
253.74	50670.46
253.81	50695.68
253.88	50721.56
253.95	50759.52
254.02	50788.17
254.09	50786.40
254.16	50779.68
254.23	50768.51
254.30	50750.34
254.37	50745.08
254.44	50760.05
254.51	50780.95
254.58	50798.40
254.65	50821.14
254.72	50828.93
254.79	50804.10
254.86	50780.25
254.93	50759.13
255.00	50759.67
255.07	50763.90
255.14	50785.46
255.21	50779.36
255.28	50765.90
255.34	50733.72
255.41	50719.71
255.48	50720.24
255.55	50745.97
255.62	50785.40
255.69	50821.86
255.76	50850.31
255.83	50882.35
255.90	50904.24
255.97	50928.03
256.04	50934.52
256.11	50938.17
256.18	50927.97
256.25	50916.68
256.32	50888.43
256.39	50868.29
256.46	50838.14
256.53	50809.93
256.60	50780.29
256.67	50762.52
256.74	50751.46
256.80	50745.94
256.87	50725.86
256.94	50712.07
257.01	50702.35
257.08	50694.69
257.15	50688.02
257.22	50691.57
257.29	50688.19
257.36	50681.06
257.43	50677.22
257.50	50675.67
257.57	50664.44
257.64	50664.97
257.71	50655.67
257.78	50644.68
257.85	50628.20
257.92	50627.94
257.98	50623.70
258.05	50623.64
258.12	50611.72
258.19	50589.83
258.26	50552.19
258.33	50498.75
258.40	50455.88
258.47	50427.30
258.54	50422.72
258.61	50438.28
258.68	50462.90
258.75	50486.77
258.82	50503.81
258.89	50485.26
258.95	50448.30
259.02	50417.90
259.09	50370.58
259.16	50311.21
259.23	50255.54
259.30	50215.54
259.37	50182.08
259.44	50168.15
259.51	50166.62
259.58	50185.75
259.65	50182.01
259.72	50164.67
259.79	50125.94
259.85	50083.62
259.92	50047.40
259.99	50039.87
260.06	50046.72
260.13	50044.89
260.20	50034.23
260.27	50001.66
260.34	49942.96
260.41	49879.22
260.48	49833.08
260.55	49804.29
260.62	49773.95
260.68	49747.13
260.75	49727.44
260.82	49721.49
260.89	49706.78
260.96	49695.00
261.03	49694.27
261.10	49682.82
261.17	49660.99
261.24	49627.59
261.31	49595.93
261.38	49549.75
261.44	49501.15
261.51	49451.11
261.58	49417.81
261.65	49382.26
261.72	49348.61
261.79	49306.74
261.86	49256.06
261.93	49213.71
262.00	49184.94
262.07	49143.99
262.13	49118.31
262.20	49102.81
262.27	49064.46
262.34	49028.61
262.41	49002.70
262.48	48960.04
262.55	48917.30
262.62	48874.06
262.69	48811.97
262.76	48765.52
262.82	48729.04
262.89	48682.10
262.96	48646.94
263.03	48615.53
263.10	48572.25
263.17	48518.44
263.24	48470.25
263.31	48432.32
263.38	48393.82
263.44	48369.50
263.51	48345.37
263.58	48320.39
263.65	48282.46
263.72	48239.21
263.79	48178.09
263.86	48119.25
263.93	48064.81
264.00	48016.53
264.06	47985.91
264.13	47964.76
264.20	47950.27
264.27	47923.39
264.34	47893.42
264.41	47856.49
264.48	47811.65
264.55	47765.33
264.61	47735.25
264.68	47693.68
264.75	47654.57
264.82	47595.05
264.89	47525.88
264.96	47452.85
265.03	47390.71
265.10	47334.60
265.16	47304.19
265.23	47290.40
265.30	47280.40
265.37	47261.24
265.44	47229.70
265.51	47203.31
265.58	47168.00
265.65	47120.61
265.71	47069.01
265.78	47028.95
265.85	46969.65
265.92	46909.54
265.99	46850.53
266.06	46802.24
266.13	46741.91
266.20	46704.32
266.26	46681.56
266.33	46655.41
266.40	46605.04
266.47	46546.16
266.54	46460.36
266.61	46378.18
266.68	46299.94
266.74	46242.32
266.81	46198.75
266.88	46172.25
266.95	46123.77
267.02	46092.88
267.09	46053.47
267.16	46007.89
267.22	45966.40
267.29	45932.33
267.36	45898.45
267.43	45874.74
267.50	45844.49
267.57	45803.21
267.64	45758.94
267.70	45711.01
267.77	45655.41
267.84	45613.03
267.91	45568.30
267.98	45519.81
268.05	45460.02
268.11	45403.43
268.18	45338.93
268.25	45280.64
268.32	45231.04
268.39	45179.20
268.46	45142.49
268.53	45129.55
268.59	45113.81
268.66	45096.54
268.73	45075.09
268.80	45047.30
268.87	44989.22
268.94	44943.80
269.00	44906.08
269.07	44867.18
269.14	44826.40
269.21	44792.90
269.28	44753.99
269.35	44709.16
269.41	44664.12
269.48	44608.95
269.55	44549.41
269.62	44484.37
269.69	44421.06
269.76	44348.78
269.82	44291.46
269.89	44257.21
269.96	44234.01
270.03	44208.14
270.10	44198.44
270.17	44174.19
270.23	44139.51
270.30	44100.05
270.37	44066.57
270.44	44039.21
270.51	44013.05
270.58	43980.56
270.64	43947.58
270.71	43906.37
270.78	43860.78
270.85	43816.20
270.92	43770.84
270.99	43722.93
271.05	43681.29
271.12	43638.15
271.19	43598.93
271.26	43552.23
271.33	43513.79
271.39	43471.40
271.46	43415.76
271.53	43373.94
271.60	43348.26
271.67	43322.32
271.74	43302.25
271.80	43296.01
271.87	43282.82
271.94	43249.65
272.01	43206.50
272.08	43157.31
272.14	43107.63
272.21	43067.10
272.28	43051.58
272.35	43030.24
272.42	43013.35
272.48	43004.90
272.55	42983.08
272.62	42960.76
272.69	42950.86
272.76	42941.97
272.83	42918.24
272.89	42895.93
272.96	42860.07
273.03	42811.63
273.10	42762.35
273.17	42725.67
273.23	42676.61
273.30	42631.08
273.37	42605.76
273.44	42581.89
273.51	42552.33
273.57	42543.34
273.64	42537.57
273.71	42527.42
273.78	42511.87
273.85	42502.91
273.91	42472.60
273.98	42453.18
274.05	42421.65
274.12	42393.43
274.19	42364.82
274.25	42350.74
274.32	42318.65
274.39	42285.63
274.46	42239.17
274.53	42182.80
274.59	42113.80
274.66	42055.98
274.73	42016.84
274.80	41974.73
274.86	41941.83
274.93	41926.35
275.00	41910.52
275.07	41881.46
275.14	41855.33
275.20	41821.48
275.27	41785.06
275.34	41742.07
275.41	41704.55
275.48	41695.65
275.54	41686.19
275.61	41672.46
275.68	41656.15
275.75	41632.80
275.81	41582.20
275.88	41541.32
275.95	41502.92
276.02	41461.42
276.09	41421.76
276.15	41387.74
276.22	41364.75
276.29	41346.81
276.36	41321.27
276.42	41296.97
276.49	41273.00
276.56	41219.06
276.63	41154.62
276.70	41099.17
276.76	41068.17
276.83	41047.65
276.90	41044.79
276.97	41047.25
277.03	41060.60
277.10	41053.33
277.17	41045.26
277.24	41036.45
277.30	41022.55
277.37	41000.81
277.44	40969.42
277.51	40932.52
277.58	40882.46
277.64	40840.00
277.71	40802.89
277.78	40773.09
277.85	40730.86
277.91	40693.05
277.98	40652.15
278.05	40604.70
278.12	40565.05
278.18	40532.03
278.25	40512.62
278.32	40495.14
278.39	40492.50
278.45	40487.59
278.52	40489.49
278.59	40472.65
278.66	40451.40
278.72	40416.03
278.79	40388.06
278.86	40356.77
278.93	40341.48
278.99	40325.79
279.06	40313.57
279.13	40285.94
279.20	40265.85
279.26	40250.25
279.33	40234.24
279.40	40210.78
279.47	40184.27
279.53	40147.27
279.60	40103.82
279.67	40065.29
279.74	40027.98
279.80	39999.93
279.87	39980.19
279.94	39955.71
280.01	39926.55
280.07	39897.65
280.14	39870.31
280.21	39829.87
280.28	39789.46
280.34	39748.12
280.41	39707.69
280.48	39655.64
280.55	39620.34
280.61	39586.10
280.68	39565.43
280.75	39544.64
280.82	39520.62
280.88	39482.92
280.95	39433.20
281.02	39378.35
281.08	39315.20
281.15	39252.07
281.22	39197.05
281.29	39141.61
281.35	39074.52
281.42	39017.59
281.49	38957.63
281.56	38899.27
281.62	38862.11
281.69	38827.59
281.76	38801.09
281.82	38785.34
281.89	38767.20
281.96	38738.11
282.03	38708.68
282.09	38672.47
282.16	38633.48
282.23	38602.91
282.30	38562.20
282.36	38530.20
282.43	38498.29
282.50	38485.16
282.56	38444.23
282.63	38420.93
282.70	38393.73
282.77	38373.50
282.83	38343.10
282.90	38330.74
282.97	38316.01
283.03	38301.03
283.10	38287.45
283.17	38270.91
283.24	38247.91
283.30	38216.34
283.37	38187.41
283.44	38143.02
283.50	38091.97
283.57	38050.31
283.64	37998.76
283.71	37943.43
283.77	37906.25
283.84	37881.47
283.91	37851.92
283.97	37843.98
284.04	37840.76
284.11	37823.78
284.18	37811.01
284.24	37800.43
284.31	37793.26
284.38	37782.97
284.44	37776.24
284.51	37762.63
284.58	37753.02
284.64	37738.25
284.71	37727.08
284.78	37703.36
284.85	37683.18
284.91	37663.28
284.98	37641.80
285.05	37598.88
285.11	37572.56
285.18	37544.04
285.25	37516.86
285.31	37495.91
285.38	37493.73
285.45	37488.70
285.52	37473.21
285.58	37450.12
285.65	37420.74
285.72	37389.27
285.78	37366.99
285.85	37355.20
285.92	37341.44
285.98	37329.65
286.05	37316.72
286.12	37299.74
286.18	37280.30
286.25	37262.85
286.32	37236.55
286.39	37210.74
286.45	37179.60
286.52	37145.50
286.59	37118.64
286.65	37101.43
286.72	37095.42
286.79	37097.75
286.85	37104.79
286.92	37102.45
286.99	37098.47
287.05	37079.16
287.12	37064.53
287.19	37048.17
287.25	37044.05
287.32	37034.24
287.39	37034.89
287.45	37023.46
287.52	37008.83
287.59	36995.68
287.65	36986.98
287.72	36966.78
287.79	36934.52
287.86	36906.51
287.92	36868.60
287.99	36835.32
288.06	36823.37
288.12	36810.91
288.19	36805.08
288.26	36792.49
288.32	36779.57
288.39	36751.58
288.46	36744.37
288.52	36737.80
288.59	36742.15
288.66	36746.33
288.72	36747.00
288.79	36742.42
288.86	36728.69
288.92	36702.81
288.99	36667.35
289.06	36645.97
289.12	36621.63
289.19	36601.27
289.26	36595.69
289.32	36595.62
289.39	36586.26
289.45	36585.51
289.52	36569.67
289.59	36557.58
289.65	36553.82
289.72	36534.63
289.79	36520.81
289.85	36519.61
289.92	36502.22
289.99	36487.37
290.05	36478.17
290.12	36453.56
290.19	36427.15
290.25	36404.32
290.32	36374.48
290.39	36367.46
290.45	36363.53
290.52	36359.22
290.59	36364.59
290.65	36366.79
290.72	36347.73
290.79	36336.26
290.85	36333.07
290.92	36331.75
290.98	36327.24
291.05	36330.28
291.12	36326.63
291.18	36320.20
291.25	36303.61
291.32	36290.35
291.38	36267.11
291.45	36246.11
291.52	36221.17
291.58	36199.02
291.65	36185.27
291.72	36180.65
291.78	36175.95
291.85	36157.41
291.91	36145.21
291.98	36136.61
292.05	36122.91
292.11	36112.21
292.18	36112.42
292.25	36110.04
292.31	36083.78
292.38	36078.76
292.45	36068.43
292.51	36061.32
292.58	36044.72
292.64	36043.70
292.71	36030.73
292.78	36017.25
292.84	35996.35
292.91	35985.90
292.98	35973.16
293.04	35956.70
293.11	35941.72
293.17	35933.52
293.24	35926.40
293.31	35912.97
293.37	35903.65
293.44	35891.03
293.51	35884.86
293.57	35865.74
293.64	35851.73
293.70	35843.69
293.77	35834.53
293.84	35816.73
293.90	35803.04
293.97	35793.79
294.04	35785.05
294.10	35768.43
294.17	35758.68
294.23	35753.29
294.30	35736.20
294.37	35713.27
294.43	35708.72
294.50	35693.79
294.56	35680.28
294.63	35674.50
294.70	35664.40
294.76	35654.64
294.83	35644.12
294.90	35635.59
294.96	35628.31
295.03	35618.95
295.09	35605.47
295.16	35609.10
295.23	35597.15
295.29	35584.92
295.36	35569.49
295.42	35543.27
295.49	35512.97
295.56	35503.71
295.62	35486.01
295.69	35470.82
295.75	35467.94
295.82	35465.49
295.89	35439.30
295.95	35412.79
296.02	35391.04
296.08	35363.25
296.15	35323.03
296.22	35308.83
296.28	35300.07
296.35	35294.87
296.41	35283.81
296.48	35281.10
296.55	35276.39
296.61	35268.29
296.68	35258.14
296.74	35253.57
296.81	35246.98
296.88	35231.53
296.94	35213.11
297.01	35193.23
297.07	35171.22
297.14	35153.82
297.20	35138.54
297.27	35136.01
297.34	35139.71
297.40	35142.81
297.47	35132.95
297.53	35114.85
297.60	35096.95
297.67	35069.02
297.73	35046.04
297.80	35025.06
297.86	35005.69
297.93	34977.66
298.00	34958.61
298.06	34932.40
298.13	34925.63
298.19	34917.53
298.26	34914.45
298.32	34912.16
298.39	34906.28
298.46	34880.93
298.52	34862.96
298.59	34832.59
298.65	34799.81
298.72	34780.15
298.78	34763.18
298.85	34737.50
298.92	34723.59
298.98	34708.55
299.05	34677.65
299.11	34654.50
299.18	34627.41
299.24	34596.58
299.31	34552.57
299.38	34531.00
299.44	34500.13
299.51	34491.46
299.57	34481.03
299.64	34482.37
299.70	34474.19
299.77	34458.88
299.84	34426.66
299.90	34388.06
299.97	34346.11
300.03	34314.07
300.10	34296.88
300.16	34280.88
300.23	34268.98
300.30	34259.29
300.36	34233.48
300.43	34204.81
300.49	34175.27
300.56	34145.08
300.62	34116.77
300.69	34091.35
300.75	34066.38
300.82	34043.58
300.89	34021.36
300.95	33996.01
301.02	33960.96
301.08	33926.77
301.15	33894.96
301.21	33863.01
301.28	33833.79
301.34	33813.62
301.41	33786.20
301.48	33754.60
301.54	33728.96
301.61	33700.34
301.67	33669.33
301.74	33647.00
301.80	33616.04
301.87	33573.55
301.93	33528.25
302.00	33481.62
302.06	33421.91
302.13	33368.48
302.20	33336.07
302.26	33303.10
302.33	33277.40
302.39	33251.43
302.46	33225.56
302.52	33181.22
302.59	33143.21
302.65	33101.08
302.72	33062.22
302.78	33022.81
302.85	32992.98
302.91	32953.89
302.98	32921.80
303.05	32887.78
303.11	32861.12
303.18	32818.07
303.24	32786.88
303.31	32741.10
303.37	32703.52
303.44	32662.34
303.50	32623.41
303.57	32572.12
303.63	32525.37
303.70	32477.01
303.76	32420.11
303.83	32377.75
303.89	32333.45
303.96	32286.79
304.03	32237.77
304.09	32191.26
304.16	32131.05
304.22	32073.50
304.29	32021.28
304.35	31970.90
304.42	31925.47
304.48	31883.16
304.55	31838.95
304.61	31790.58
304.68	31739.95
304.74	31687.20
304.81	31634.68
304.87	31579.79
304.94	31534.55
305.00	31487.98
305.07	31435.10
305.13	31378.57
305.20	31322.32
305.26	31264.28
305.33	31207.12
305.39	31151.26
305.46	31096.06
305.52	31049.37
305.59	30999.94
305.66	30948.35
305.72	30900.57
305.79	30847.89
305.85	30788.05
305.92	30700.03
305.98	30585.06
306.05	30443.21
306.11	30286.23
306.18	30122.88
306.24	29982.23
306.31	29908.10
306.37	29894.79
306.44	29939.30
306.50	30001.38
306.57	30061.12
306.63	30087.55
306.70	30060.51
306.76	30004.85
306.83	29942.03
306.89	29872.40
306.96	29799.81
307.02	29743.24
307.09	29696.37
307.15	29637.53
307.22	29590.92
307.28	29536.55
307.35	29478.35
307.41	29397.93
307.48	29321.42
307.54	29246.95
307.61	29180.25
307.67	29113.02
307.74	29054.56
307.80	29006.99
307.87	28952.29
307.93	28896.59
308.00	28840.37
308.06	28782.61
308.13	28716.05
308.19	28655.17
308.26	28592.51
308.32	28539.72
308.38	28486.01
308.45	28430.17
308.51	28377.85
308.58	28316.20
308.64	28248.99
308.71	28192.65
308.77	28133.65
308.84	28063.57
308.90	28009.62
308.97	27950.95
309.03	27890.73
309.10	27833.03
309.16	27770.16
309.23	27697.11
309.29	27627.40
309.36	27537.56
309.42	27458.66
309.49	27390.45
309.55	27323.53
309.62	27258.75
309.68	27214.13
309.75	27156.36
309.81	27091.33
309.88	27031.88
309.94	26969.41
310.00	26899.95
310.07	26828.15
310.13	26771.51
310.20	26700.46
310.26	26640.66
310.33	26569.51
310.39	26517.17
310.46	26452.84
310.52	26403.04
310.59	26339.82
310.65	26288.50
310.72	26222.94
310.78	26158.74
310.85	26087.26
310.91	26029.41
310.97	25970.03
311.04	25911.27
311.10	25854.41
311.17	25798.72
311.23	25734.30
311.30	25679.26
311.36	25620.44
311.43	25576.58
311.49	25520.60
311.56	25467.45
311.62	25409.50
311.69	25362.30
311.75	25300.34
311.81	25240.05
311.88	25174.89
311.94	25110.75
312.01	25053.63
312.07	24995.17
312.14	24948.21
312.20	24903.15
312.27	24856.54
312.33	24794.17
312.40	24726.92
312.46	24658.00
312.52	24594.52
312.59	24529.52
312.65	24465.85
312.72	24401.37
312.78	24344.10
312.85	24284.97
312.91	24215.72
312.98	24156.64
313.04	24111.92
313.10	24061.61
313.17	24008.34
313.23	23964.94
313.30	23916.18
313.36	23852.04
313.43	23787.35
313.49	23725.65
313.56	23660.73
313.62	23593.68
313.68	23533.95
313.75	23481.33
313.81	23433.73
313.88	23382.81
313.94	23335.96
314.01	23291.68
314.07	23242.61
314.13	23188.55
314.20	23137.11
314.26	23083.22
314.33	23029.54
314.39	22972.65
314.46	22908.11
314.52	22859.82
314.58	22806.98
314.65	22752.02
314.71	22697.73
314.78	22650.28
314.84	22589.18
314.91	22535.77
314.97	22480.46
315.03	22430.72
315.10	22375.75
315.16	22319.88
315.23	22264.35
315.29	22216.61
315.36	22166.94
315.42	22116.75
315.48	22068.10
315.55	22020.78
315.61	21958.71
315.68	21906.09
315.74	21850.55
315.81	21794.15
315.87	21732.45
315.93	21694.43
316.00	21658.75
316.06	21625.75
316.13	21597.36
316.19	21548.61
316.25	21452.73
316.32	21311.40
316.38	21140.65
316.45	20926.34
316.51	20700.77
316.58	20466.80
316.64	20231.61
316.70	19995.83
316.77	19757.39
316.83	19510.47
316.90	19265.09
316.96	19016.84
317.02	18767.51
317.09	18523.32
317.15	18285.64
317.22	18044.14
317.28	17803.61
317.34	17560.18
317.41	17318.08
317.47	17074.56
317.54	16832.25
317.60	16583.45
317.66	16338.42
317.73	16089.72
317.79	15843.99
317.86	15600.12
317.92	15357.04
317.98	15107.29
318.05	14852.84
318.11	14600.63
318.18	14351.72
318.24	14100.95
318.30	13852.58
318.37	13606.93
318.43	13350.08
318.50	13086.07
318.56	12820.27
318.62	12556.54
318.69	12291.11
318.75	12026.51
318.82	11755.33
318.88	11492.25
318.94	11221.20
319.01	10947.64
319.07	10676.93
319.13	10405.57
319.20	10125.43
319.26	9842.78
319.33	9560.70
319.39	9267.45
319.45	8989.05
319.52	8709.65
319.58	8427.32
319.65	8146.87
319.71	7867.75
319.77	7582.66
319.84	7304.08
319.90	7033.55
319.96	6760.72
320.03	6496.35
320.09	6235.48
320.16	5969.62
320.22	5711.79
320.28	5463.01
320.35	5220.11
320.41	4984.37
320.47	4760.39
320.54	4538.45
320.60	4328.51
320.67	4125.34
320.73	3927.60
320.79	3738.63
320.86	3562.35
320.92	3386.34
320.98	3222.83
321.05	3066.07
321.11	2913.04
321.18	2770.15
321.24	2636.80
321.30	2505.64
321.37	2386.55
321.43	2282.52
321.49	2179.94
321.56	2083.01
321.62	1996.60
321.68	1908.44
321.75	1826.51
321.81	1750.64
321.88	1679.16
321.94	1615.04
322.00	1556.52
322.07	1491.84
322.13	1431.42
322.19	1371.92
322.26	1309.46
322.32	1253.90
322.38	1205.51
322.45	1162.94
322.51	1118.19
322.58	1079.52
322.64	1033.59
322.70	991.97
322.77	943.32
322.83	906.78
322.89	861.50
322.96	821.23
323.02	780.48
323.08	740.64
323.15	700.02
323.21	664.83
323.27	631.10
323.34	596.94
323.40	564.81
323.46	531.21
323.53	492.47
323.59	412.97
323.65	308.96
323.72	192.62
323.78	82.37
323.85	-16.42
323.91	-66.15
323.97	-85.74
324.04	-85.18
