180.21	3422.61
180.28	-125.14
180.36	632.09
180.44	-46.54
180.51	-14.79
180.59	9.15
180.66	37.35
180.74	35.76
180.81	35.54
180.89	37.78
180.97	39.11
181.04	37.39
181.12	36.93
181.19	38.02
181.27	39.49
181.34	56.82
181.42	64.47
181.50	72.00
181.57	83.35
181.65	88.58
181.72	82.61
181.80	77.64
181.87	78.53
181.95	80.49
182.03	82.85
182.10	89.79
182.18	97.53
182.25	110.19
182.33	120.24
182.40	137.22
182.48	142.59
182.55	165.42
182.63	181.05
182.71	195.02
182.78	211.77
182.86	230.20
182.93	225.62
183.01	216.60
183.08	202.35
183.16	190.53
183.23	177.23
183.31	188.85
183.39	205.58
183.46	238.50
183.54	263.65
183.61	306.35
183.69	342.53
183.76	393.26
183.84	436.13
183.91	482.46
183.99	537.97
184.06	582.22
184.14	628.84
184.22	682.87
184.29	713.91
184.37	723.81
184.44	729.75
184.52	682.90
184.59	589.31
184.67	510.01
184.74	436.62
184.82	393.52
184.89	404.20
184.97	472.59
185.04	562.35
185.12	655.54
185.20	753.68
185.27	848.49
185.35	948.35
185.42	1013.40
185.50	1085.03
185.57	1142.06
185.65	1187.50
185.72	1237.91
185.80	1321.95
185.87	1386.55
185.95	1477.12
186.02	1591.75
186.10	1642.65
186.17	1645.11
186.25	1575.07
186.33	1375.69
186.40	1150.70
186.48	996.60
186.55	915.12
186.63	939.58
186.70	1095.45
186.78	1270.21
186.85	1422.40
186.93	1550.16
187.00	1669.29
187.08	1787.67
187.15	1902.73
187.23	2037.31
187.30	2166.50
187.38	2280.64
187.45	2406.92
187.53	2536.80
187.60	2620.12
187.68	2737.38
187.75	2865.67
187.83	2929.50
187.90	2996.69
187.98	3077.30
188.05	3042.40
188.13	2843.59
188.21	2557.22
188.28	2270.80
188.36	2011.25
188.43	1866.36
188.51	1927.55
188.58	2140.25
188.66	2350.69
188.73	2563.75
188.81	2769.86
188.88	2934.49
188.96	3088.44
189.03	3231.08
189.11	3377.60
189.18	3505.64
189.26	3614.59
189.33	3732.98
189.41	3853.56
189.48	3933.00
189.56	4039.61
189.63	4154.37
189.71	4210.38
189.78	4277.99
189.86	4361.09
189.93	4385.11
190.01	4362.00
190.08	4278.64
190.16	4022.06
190.23	3643.60
190.31	3321.49
190.38	3102.62
190.46	3013.12
190.53	3116.03
190.61	3370.65
190.68	3611.10
190.76	3831.30
190.83	4019.49
190.91	4187.84
190.98	4347.30
191.06	4495.63
191.13	4640.63
191.21	4769.78
191.28	4883.83
191.35	4999.92
191.43	5103.25
191.50	5172.35
191.58	5256.43
191.65	5332.85
191.73	5364.07
191.80	5405.10
191.88	5425.88
191.95	5414.52
192.03	5416.29
192.10	5435.51
192.18	5433.14
192.25	5393.70
192.33	5250.65
192.40	5009.26
192.48	4774.64
192.55	4598.00
192.63	4514.74
192.70	4590.84
192.78	4787.48
192.85	5010.40
192.93	5211.91
193.00	5385.05
193.08	5531.26
193.15	5666.74
193.22	5760.78
193.30	5840.80
193.37	5918.08
193.45	5967.21
193.52	6017.11
193.60	6077.87
193.67	6129.86
193.75	6183.67
193.82	6242.35
193.90	6272.95
193.97	6309.32
194.05	6347.55
194.12	6378.98
194.20	6423.90
194.27	6477.78
194.34	6518.62
194.42	6548.20
194.49	6575.32
194.57	6576.74
194.64	6520.19
194.72	6415.50
194.79	6306.54
194.87	6207.00
194.94	6131.43
195.02	6121.80
195.09	6177.64
195.17	6266.83
195.24	6361.94
195.31	6474.15
195.39	6588.17
195.46	6700.45
195.54	6801.70
195.61	6892.56
195.69	6959.08
195.76	7008.53
195.84	7053.53
195.91	7078.09
195.99	7084.72
196.06	7087.49
196.13	7099.99
196.21	7095.42
196.28	7094.04
196.36	7094.32
196.43	7077.47
196.51	7047.19
196.58	7024.90
196.66	7014.58
196.73	7029.79
196.80	7079.61
196.88	7144.99
196.95	7227.22
197.03	7307.93
197.10	7357.91
197.18	7379.70
197.25	7393.65
197.33	7401.80
197.40	7406.90
197.47	7414.98
197.55	7441.49
197.62	7468.59
197.70	7489.44
197.77	7510.50
197.85	7531.49
197.92	7534.87
197.99	7511.52
198.07	7457.24
198.14	7392.59
198.22	7355.72
198.29	7359.22
198.37	7419.94
198.44	7527.81
198.51	7651.69
198.59	7765.73
198.66	7862.20
198.74	7930.31
198.81	7976.70
198.89	8010.99
198.96	8034.25
199.03	8041.34
199.11	8051.75
199.18	8055.00
199.26	8061.10
199.33	8076.49
199.41	8093.51
199.48	8072.46
199.55	8027.36
199.63	7956.91
199.70	7891.68
199.78	7839.11
199.85	7848.09
199.93	7922.49
200.00	8047.21
200.07	8175.49
200.15	8305.72
200.22	8412.70
200.30	8487.60
200.37	8542.16
200.44	8575.45
200.52	8602.66
200.59	8631.15
200.67	8650.13
200.74	8653.85
200.81	8656.10
200.89	8650.24
200.96	8653.29
201.04	8647.10
201.11	8634.07
201.19	8604.26
201.26	8573.06
201.33	8537.50
201.41	8542.37
201.48	8594.93
201.56	8694.80
201.63	8823.41
201.70	8946.41
201.78	9053.48
201.85	9141.68
201.93	9208.20
202.00	9252.65
202.07	9292.84
202.15	9318.52
202.22	9340.12
202.30	9368.93
202.37	9395.34
202.44	9422.72
202.52	9451.05
202.59	9469.11
202.67	9476.71
202.74	9493.68
202.81	9492.62
202.89	9477.05
202.96	9472.03
203.04	9499.23
203.11	9544.77
203.18	9633.30
203.26	9755.97
203.33	9877.10
203.41	9975.03
203.48	10046.35
203.55	10085.54
203.63	10118.45
203.70	10158.80
203.77	10195.60
203.85	10240.64
203.92	10295.23
204.00	10355.05
204.07	10407.32
204.14	10462.72
204.22	10509.77
204.29	10555.25
204.37	10583.24
204.44	10606.29
204.51	10632.27
204.59	10659.80
204.66	10684.03
204.73	10732.37
204.81	10799.80
204.88	10880.95
204.96	10971.08
205.03	11065.81
205.10	11146.24
205.18	11218.02
205.25	11269.03
205.32	11321.90
205.40	11377.64
205.47	11433.81
205.55	11487.03
205.62	11555.29
205.69	11626.96
205.77	11695.70
205.84	11774.56
205.91	11852.74
205.99	11924.11
206.06	11984.12
206.14	12045.54
206.21	12104.65
206.28	12152.60
206.36	12206.97
206.43	12265.23
206.50	12335.39
206.58	12406.10
206.65	12492.57
206.72	12570.22
206.80	12644.82
206.87	12710.44
206.95	12779.48
207.02	12855.92
207.09	12935.86
207.17	13028.39
207.24	13124.76
207.31	13220.89
207.39	13308.06
207.46	13399.05
207.53	13484.97
207.61	13572.62
207.68	13649.70
207.75	13736.20
207.83	13821.88
207.90	13900.28
207.98	13967.59
208.05	14045.39
208.12	14111.85
208.20	14189.33
208.27	14268.94
208.34	14356.32
208.42	14428.18
208.49	14511.87
208.56	14586.26
208.64	14670.87
208.71	14762.54
208.78	14862.82
208.86	14972.14
208.93	15078.69
209.00	15194.01
209.08	15299.93
209.15	15414.83
209.22	15520.84
209.30	15632.24
209.37	15730.63
209.44	15833.34
209.52	15929.73
209.59	16023.10
209.67	16122.55
209.74	16221.33
209.81	16324.22
209.89	16424.58
209.96	16525.05
210.03	16613.29
210.11	16698.77
210.18	16777.89
210.25	16866.39
210.33	16951.28
210.40	17048.85
210.47	17166.13
210.55	17293.62
210.62	17416.54
210.69	17543.19
210.77	17671.52
210.84	17789.58
210.91	17916.17
210.99	18038.77
211.06	18167.69
211.13	18291.11
211.21	18414.23
211.28	18526.16
211.35	18647.15
211.42	18772.86
211.50	18891.58
211.57	19010.29
211.64	19123.85
211.72	19224.68
211.79	19306.51
211.86	19398.22
211.94	19500.66
212.01	19604.21
212.08	19728.96
212.16	19859.22
212.23	19994.60
212.30	20127.47
212.38	20265.80
212.45	20401.19
212.52	20544.49
212.60	20676.94
212.67	20809.79
212.74	20940.31
212.82	21069.85
212.89	21200.30
212.96	21330.16
213.03	21457.88
213.11	21598.18
213.18	21728.94
213.25	21860.10
213.33	21990.97
213.40	22105.64
213.47	22211.67
213.55	22323.46
213.62	22431.50
213.69	22549.14
213.77	22689.29
213.84	22825.76
213.91	22974.55
213.98	23125.93
214.06	23273.92
214.13	23420.75
214.20	23568.79
214.28	23715.01
214.35	23857.74
214.42	23997.03
214.50	24132.35
214.57	24270.27
214.64	24402.65
214.72	24544.95
214.79	24691.39
214.86	24833.45
214.93	24977.09
215.01	25121.45
215.08	25250.61
215.15	25375.02
215.23	25497.24
215.30	25622.46
215.37	25734.95
215.44	25871.23
215.52	26016.50
215.59	26169.04
215.66	26316.79
215.74	26472.86
215.81	26611.80
215.88	26761.35
215.95	26895.85
216.03	27037.19
216.10	27182.49
216.17	27336.53
216.25	27485.84
216.32	27646.17
216.39	27797.88
216.46	27948.04
216.54	28093.20
216.61	28238.12
216.68	28376.30
216.76	28517.56
216.83	28649.86
216.90	28779.60
216.97	28903.05
217.05	29035.58
217.12	29160.88
217.19	29295.81
217.27	29435.39
217.34	29574.00
217.41	29706.89
217.48	29856.10
217.56	30009.50
217.63	30163.80
217.70	30315.72
217.78	30468.66
217.85	30617.49
217.92	30762.07
217.99	30900.71
218.07	31040.15
218.14	31179.68
218.21	31321.70
218.28	31459.99
218.36	31604.94
218.43	31752.31
218.50	31906.41
218.57	32047.53
218.65	32188.65
218.72	32316.10
218.79	32434.71
218.87	32547.00
218.94	32664.87
219.01	32788.39
219.08	32917.50
219.16	33067.38
219.23	33218.15
219.30	33373.85
219.37	33523.81
219.45	33679.51
219.52	33821.54
219.59	33955.51
219.66	34077.29
219.74	34210.25
219.81	34351.44
219.88	34479.04
219.95	34614.10
220.03	34763.74
220.10	34898.50
220.17	35022.09
220.24	35161.02
220.32	35295.48
220.39	35414.92
220.46	35537.02
220.53	35655.10
220.61	35763.10
220.68	35876.40
220.75	36001.79
220.82	36131.00
220.90	36261.75
220.97	36387.38
221.04	36508.28
221.11	36621.30
221.19	36731.71
221.26	36847.43
221.33	36980.18
221.40	37116.67
221.48	37251.42
221.55	37378.41
221.62	37493.78
221.69	37606.07
221.77	37720.95
221.84	37834.17
221.91	37950.45
221.98	38079.97
222.06	38200.88
222.13	38322.73
222.20	38437.94
222.27	38557.55
222.35	38665.13
222.42	38771.82
222.49	38878.00
222.56	38992.93
222.63	39098.95
222.71	39206.61
222.78	39315.62
222.85	39423.24
222.92	39536.00
223.00	39641.77
223.07	39748.64
223.14	39859.53
223.21	39961.28
223.29	40055.25
223.36	40166.75
223.43	40280.40
223.50	40388.97
223.57	40509.71
223.65	40634.69
223.72	40749.68
223.79	40856.08
223.86	40959.65
223.94	41050.20
224.01	41129.94
224.08	41212.63
224.15	41296.11
224.22	41381.28
224.30	41465.34
224.37	41556.83
224.44	41652.28
224.51	41745.44
224.59	41832.13
224.66	41917.75
224.73	42005.98
224.80	42095.37
224.87	42187.28
224.95	42289.04
225.02	42399.98
225.09	42497.30
225.16	42592.17
225.23	42697.94
225.31	42792.40
225.38	42869.98
225.45	42963.12
225.52	43051.80
225.60	43131.85
225.67	43213.43
225.74	43297.66
225.81	43370.97
225.88	43443.44
225.96	43516.71
226.03	43589.90
226.10	43672.54
226.17	43758.12
226.24	43843.40
226.32	43922.52
226.39	44007.05
226.46	44081.41
226.53	44154.90
226.60	44235.33
226.68	44320.35
226.75	44410.76
226.82	44503.36
226.89	44595.41
226.96	44669.55
227.04	44726.17
227.11	44772.15
227.18	44829.28
227.25	44875.60
227.32	44933.12
227.40	45010.59
227.47	45095.96
227.54	45168.30
227.61	45255.97
227.68	45339.65
227.76	45416.12
227.83	45485.89
227.90	45555.43
227.97	45616.33
228.04	45681.44
228.11	45739.15
228.19	45799.94
228.26	45864.63
228.33	45924.16
228.40	45971.85
228.47	46027.42
228.55	46075.23
228.62	46126.91
228.69	46188.31
228.76	46248.66
228.83	46306.84
228.90	46367.43
228.98	46433.66
229.05	46499.12
229.12	46571.82
229.19	46639.83
229.26	46706.66
229.34	46760.46
229.41	46814.82
229.48	46862.69
229.55	46919.85
229.62	46980.82
229.69	47041.18
229.77	47096.15
229.84	47158.59
229.91	47211.88
229.98	47256.18
230.05	47300.53
230.12	47351.77
230.20	47397.60
230.27	47449.81
230.34	47510.55
230.41	47575.07
230.48	47624.33
230.55	47681.54
230.63	47736.29
230.70	47795.28
230.77	47838.20
230.84	47882.70
230.91	47915.95
230.98	47952.18
231.06	47981.71
231.13	48041.45
231.20	48108.51
231.27	48178.51
231.34	48243.56
231.41	48308.78
231.49	48354.80
231.56	48399.68
231.63	48443.24
231.70	48487.45
231.77	48531.23
231.84	48565.36
231.92	48595.81
231.99	48625.77
232.06	48659.14
232.13	48694.80
232.20	48745.14
232.27	48795.26
232.34	48841.53
232.42	48873.37
232.49	48901.45
232.56	48923.70
232.63	48962.45
232.70	49001.45
232.77	49064.05
232.85	49126.93
232.92	49178.35
232.99	49210.05
233.06	49246.77
233.13	49265.71
233.20	49276.67
233.27	49288.29
233.35	49305.90
233.42	49319.22
233.49	49337.65
233.56	49361.64
233.63	49396.05
233.70	49429.44
233.77	49469.98
233.85	49507.81
233.92	49553.34
233.99	49584.42
234.06	49619.92
234.13	49647.60
234.20	49676.24
234.27	49696.85
234.35	49724.73
234.42	49742.75
234.49	49757.82
234.56	49775.82
234.63	49786.77
234.70	49804.66
234.77	49818.51
234.84	49838.49
234.92	49844.55
234.99	49854.10
235.06	49868.42
235.13	49883.79
235.20	49896.05
235.27	49914.12
235.34	49932.44
235.41	49941.24
235.49	49952.48
235.56	49967.84
235.63	49983.93
235.70	49995.58
235.77	50000.38
235.84	50006.66
235.91	50005.52
235.98	49997.85
236.06	49994.36
236.13	49988.75
236.20	49975.44
236.27	49950.52
236.34	49936.87
236.41	49917.96
236.48	49905.44
236.55	49905.47
236.63	49914.21
236.70	49914.05
236.77	49921.46
236.84	49941.91
236.91	49956.01
236.98	49967.39
237.05	49984.50
237.12	49993.85
237.19	49983.47
237.27	49975.66
237.34	49975.40
237.41	49964.71
237.48	49949.05
237.55	49943.16
237.62	49932.10
237.69	49924.89
237.76	49923.25
237.83	49940.11
237.91	49953.35
237.98	49962.87
238.05	49962.40
238.12	49966.90
238.19	49955.44
238.26	49951.92
238.33	49941.58
238.40	49932.81
238.47	49912.68
238.54	49904.78
238.62	49890.69
238.69	49880.60
238.76	49875.05
238.83	49870.48
238.90	49863.84
238.97	49849.85
239.04	49847.45
239.11	49844.15
239.18	49848.57
239.25	49838.59
239.33	49828.62
239.40	49813.43
239.47	49791.89
239.54	49756.04
239.61	49723.62
239.68	49691.26
239.75	49672.16
239.82	49664.45
239.89	49662.25
239.96	49671.47
240.03	49678.17
240.11	49680.10
240.18	49669.12
240.25	49662.47
240.32	49645.18
240.39	49636.39
240.46	49620.00
240.53	49619.07
240.60	49619.45
240.67	49618.58
240.74	49611.97
240.81	49601.06
240.88	49589.42
240.96	49576.83
241.03	49572.37
241.10	49564.69
241.17	49562.45
241.24	49555.40
241.31	49546.81
241.38	49536.39
241.45	49530.86
241.52	49526.18
241.59	49513.64
241.66	49501.90
241.73	49493.33
241.80	49479.52
241.88	49461.78
241.95	49448.40
242.02	49430.37
242.09	49397.35
242.16	49372.75
242.23	49364.10
242.30	49349.91
242.37	49341.25
242.44	49353.71
242.51	49353.86
242.58	49350.90
242.65	49356.35
242.72	49357.43
242.79	49342.77
242.87	49341.69
242.94	49322.38
243.01	49304.04
243.08	49303.40
243.15	49304.36
243.22	49297.85
243.29	49308.01
243.36	49312.86
243.43	49309.73
243.50	49327.13
243.57	49347.07
243.64	49354.85
243.71	49363.10
243.78	49359.09
243.85	49339.79
243.92	49331.15
243.99	49327.39
244.07	49313.82
244.14	49308.61
244.21	49304.38
244.28	49291.46
244.35	49273.10
244.42	49264.96
244.49	49255.36
244.56	49244.41
244.63	49243.27
244.70	49242.21
244.77	49247.10
244.84	49256.08
244.91	49266.10
244.98	49277.89
245.05	49299.62
245.12	49315.92
245.19	49332.59
245.26	49348.78
245.33	49358.25
245.40	49372.84
245.47	49393.22
245.55	49413.41
245.62	49420.17
245.69	49414.57
245.76	49411.00
245.83	49410.48
245.90	49399.09
245.97	49404.30
246.04	49432.14
246.11	49441.26
246.18	49442.05
246.25	49444.37
246.32	49437.82
246.39	49427.28
246.46	49418.62
246.53	49422.11
246.60	49433.33
246.67	49447.86
246.74	49458.55
246.81	49481.78
246.88	49500.33
246.95	49517.49
247.02	49542.54
247.09	49566.05
247.16	49570.30
247.23	49562.24
247.30	49555.17
247.37	49534.92
247.44	49533.52
247.51	49548.59
247.58	49570.27
247.66	49600.30
247.73	49640.70
247.80	49666.43
247.87	49686.49
247.94	49714.57
248.01	49742.95
248.08	49767.15
248.15	49791.41
248.22	49811.28
248.29	49831.79
248.36	49846.33
248.43	49869.93
248.50	49884.40
248.57	49899.31
248.64	49905.90
248.71	49920.70
248.78	49937.96
248.85	49954.11
248.92	49976.05
248.99	49991.69
249.06	50000.09
249.13	50002.78
249.20	50016.74
249.27	50025.83
249.34	50038.44
249.41	50046.17
249.48	50031.82
249.55	50009.87
249.62	50009.60
249.69	50019.25
249.76	50041.93
249.83	50084.46
249.90	50131.54
249.97	50160.63
250.04	50197.50
250.11	50228.64
250.18	50252.74
250.25	50272.75
250.32	50291.53
250.39	50302.63
250.46	50305.91
250.53	50325.03
250.60	50347.44
250.67	50373.12
250.74	50389.47
250.81	50403.23
250.88	50408.27
250.95	50412.57
251.02	50416.76
251.09	50430.13
251.16	50449.28
251.23	50470.15
251.30	50486.86
251.37	50508.88
251.44	50522.43
251.51	50534.06
251.58	50549.13
251.65	50565.40
251.72	50564.74
251.79	50579.95
251.86	50594.78
251.93	50601.47
252.00	50603.01
252.07	50611.58
252.14	50617.79
252.21	50616.97
252.28	50626.07
252.35	50632.38
252.42	50650.29
252.49	50660.07
252.56	50670.35
252.63	50662.18
252.70	50659.79
252.77	50666.08
252.84	50668.29
252.91	50669.46
252.98	50695.84
253.05	50718.25
253.12	50721.92
253.19	50729.96
253.25	50750.60
253.32	50750.73
253.39	50766.15
253.46	50775.52
253.53	50787.20
253.60	50790.23
253.67	50797.32
253.74	50806.81
253.81	50830.27
253.88	50837.52
253.95	50856.75
254.02	50865.74
254.09	50876.79
254.16	50877.54
254.23	50891.79
254.30	50895.84
254.37	50912.45
254.44	50915.86
254.51	50925.54
254.58	50922.96
254.65	50923.16
254.72	50916.60
254.79	50906.01
254.86	50901.49
254.93	50893.65
255.00	50893.57
255.07	50896.13
255.14	50907.84
255.21	50902.06
255.28	50904.84
255.34	50893.39
255.41	50884.59
255.48	50870.02
255.55	50864.34
255.62	50866.39
255.69	50873.50
255.76	50875.27
255.83	50871.28
255.90	50870.94
255.97	50875.75
256.04	50868.96
256.11	50876.28
256.18	50886.76
256.25	50885.97
256.32	50875.58
256.39	50880.99
256.46	50876.35
256.53	50872.09
256.60	50871.20
256.67	50868.10
256.74	50857.75
256.80	50851.13
256.87	50842.56
256.94	50837.92
257.01	50838.41
257.08	50835.44
257.15	50826.67
257.22	50814.79
257.29	50793.39
257.36	50765.10
257.43	50747.10
257.50	50735.04
257.57	50718.29
257.64	50711.71
257.71	50700.10
257.78	50681.79
257.85	50651.50
257.92	50635.50
257.98	50624.50
258.05	50617.65
258.12	50603.52
258.19	50592.01
258.26	50579.48
258.33	50559.63
258.40	50544.45
258.47	50538.21
258.54	50539.83
258.61	50536.68
258.68	50532.23
258.75	50521.33
258.82	50509.42
258.89	50486.14
258.95	50466.58
259.02	50453.35
259.09	50432.41
259.16	50405.92
259.23	50380.44
259.30	50346.53
259.37	50315.41
259.44	50293.29
259.51	50277.96
259.58	50267.75
259.65	50257.34
259.72	50238.34
259.79	50209.98
259.85	50178.49
259.92	50143.39
259.99	50116.27
260.06	50086.57
260.13	50062.95
260.20	50036.76
260.27	50001.90
260.34	49959.58
260.41	49922.69
260.48	49895.05
260.55	49873.62
260.62	49866.16
260.68	49854.65
260.75	49831.86
260.82	49805.63
260.89	49780.15
260.96	49751.62
261.03	49725.52
261.10	49703.69
261.17	49675.31
261.24	49637.85
261.31	49605.97
261.38	49575.90
261.44	49543.66
261.51	49502.96
261.58	49469.15
261.65	49422.71
261.72	49381.12
261.79	49336.53
261.86	49303.71
261.93	49273.42
262.00	49250.53
262.07	49214.85
262.13	49184.40
262.20	49159.92
262.27	49118.11
262.34	49081.23
262.41	49055.37
262.48	49026.92
262.55	48985.99
262.62	48957.09
262.69	48916.79
262.76	48881.06
262.82	48844.40
262.89	48815.67
262.96	48781.69
263.03	48756.50
263.10	48724.57
263.17	48694.64
263.24	48657.11
263.31	48628.17
263.38	48593.54
263.44	48556.48
263.51	48511.32
263.58	48461.66
263.65	48419.20
263.72	48375.00
263.79	48336.96
263.86	48297.89
263.93	48261.95
264.00	48215.75
264.06	48173.82
264.13	48122.83
264.20	48086.78
264.27	48051.32
264.34	48013.85
264.41	47974.80
264.48	47941.90
264.55	47900.60
264.61	47859.52
264.68	47824.51
264.75	47783.80
264.82	47726.31
264.89	47683.17
264.96	47651.55
265.03	47607.64
265.10	47569.89
265.16	47548.01
265.23	47514.60
265.30	47481.58
265.37	47448.05
265.44	47398.70
265.51	47354.02
265.58	47300.82
265.65	47240.77
265.71	47183.97
265.78	47145.80
265.85	47099.69
265.92	47061.46
265.99	47023.80
266.06	46996.98
266.13	46958.92
266.20	46924.44
266.26	46886.41
266.33	46849.78
266.40	46797.32
266.47	46740.21
266.54	46672.89
266.61	46616.26
266.68	46551.89
266.74	46490.00
266.81	46442.15
266.88	46396.44
266.95	46337.33
267.02	46300.98
267.09	46262.05
267.16	46215.67
267.22	46180.44
267.29	46154.54
267.36	46106.95
267.43	46070.33
267.50	46038.68
267.57	46003.85
267.64	45960.93
267.70	45927.44
267.77	45890.34
267.84	45855.39
267.91	45806.76
267.98	45761.99
268.05	45714.78
268.11	45665.94
268.18	45609.73
268.25	45566.40
268.32	45523.84
268.39	45482.63
268.46	45442.79
268.53	45410.11
268.59	45369.33
268.66	45339.84
268.73	45303.90
268.80	45266.57
268.87	45217.00
268.94	45179.17
269.00	45130.97
269.07	45088.30
269.14	45059.15
269.21	45029.47
269.28	44994.79
269.35	44957.19
269.41	44919.60
269.48	44869.32
269.55	44815.35
269.62	44766.40
269.69	44728.40
269.76	44680.35
269.82	44634.91
269.89	44607.82
269.96	44585.97
270.03	44550.19
270.10	44519.35
270.17	44485.75
270.23	44444.99
270.30	44396.44
270.37	44362.23
270.44	44333.87
270.51	44298.32
270.58	44264.55
270.64	44233.95
270.71	44197.48
270.78	44161.72
270.85	44130.63
270.92	44100.93
270.99	44061.64
271.05	44032.75
271.12	43990.99
271.19	43949.98
271.26	43907.29
271.33	43870.41
271.39	43825.27
271.46	43776.51
271.53	43745.15
271.60	43720.28
271.67	43690.47
271.74	43660.25
271.80	43635.60
271.87	43613.93
271.94	43579.63
272.01	43553.41
272.08	43525.59
272.14	43497.78
272.21	43464.69
272.28	43442.51
272.35	43423.45
272.42	43395.44
272.48	43379.52
272.55	43346.79
272.62	43323.62
272.69	43302.25
272.76	43287.57
272.83	43262.24
272.89	43249.34
272.96	43218.54
273.03	43176.27
273.10	43139.01
273.17	43105.45
273.23	43076.91
273.30	43054.68
273.37	43034.70
273.44	43013.23
273.51	42994.78
273.57	42971.54
273.64	42950.91
273.71	42930.55
273.78	42909.74
273.85	42894.76
273.91	42873.55
273.98	42855.59
274.05	42839.11
274.12	42830.54
274.19	42805.96
274.25	42789.16
274.32	42761.48
274.39	42731.51
274.46	42684.54
274.53	42636.86
274.59	42580.91
274.66	42543.62
274.73	42516.99
274.80	42489.69
274.86	42473.46
274.93	42461.81
275.00	42428.45
275.07	42383.58
275.14	42353.35
275.20	42322.65
275.27	42291.14
275.34	42270.20
275.41	42259.70
275.48	42245.89
275.54	42231.83
275.61	42215.40
275.68	42201.69
275.75	42173.78
275.81	42142.43
275.88	42116.41
275.95	42093.27
276.02	42060.11
276.09	42039.53
276.15	42019.15
276.22	41996.42
276.29	41971.15
276.36	41945.01
276.42	41919.96
276.49	41896.98
276.56	41866.99
276.63	41846.32
276.70	41831.58
276.76	41813.80
276.83	41793.62
276.90	41781.26
276.97	41763.14
277.03	41739.89
277.10	41715.83
277.17	41697.53
277.24	41681.13
277.30	41654.37
277.37	41640.25
277.44	41628.11
277.51	41609.78
277.58	41581.26
277.64	41561.69
277.71	41539.06
277.78	41510.28
277.85	41481.88
277.91	41458.41
277.98	41434.52
278.05	41402.21
278.12	41386.70
278.18	41366.23
278.25	41347.90
278.32	41328.13
278.39	41318.70
278.45	41300.67
278.52	41284.54
278.59	41267.05
278.66	41253.06
278.72	41239.42
278.79	41217.07
278.86	41193.57
278.93	41182.50
278.99	41168.41
279.06	41144.94
279.13	41118.35
279.20	41108.48
279.26	41085.64
279.33	41060.89
279.40	41038.89
279.47	41023.19
279.53	40993.05
279.60	40961.54
279.67	40934.61
279.74	40900.03
279.80	40880.27
279.87	40868.69
279.94	40857.78
280.01	40841.41
280.07	40827.02
280.14	40809.85
280.21	40781.23
280.28	40752.18
280.34	40726.00
280.41	40705.22
280.48	40674.19
280.55	40651.08
280.61	40626.83
280.68	40605.02
280.75	40579.91
280.82	40550.29
280.88	40513.95
280.95	40460.78
281.02	40399.70
281.08	40329.45
281.15	40260.82
281.22	40193.78
281.29	40147.31
281.35	40099.43
281.42	40068.12
281.49	40035.36
281.56	40006.65
281.62	39976.95
281.69	39947.27
281.76	39919.35
281.82	39892.27
281.89	39861.40
281.96	39829.56
282.03	39807.36
282.09	39777.32
282.16	39749.63
282.23	39722.43
282.30	39694.07
282.36	39672.08
282.43	39649.85
282.50	39638.61
282.56	39617.31
282.63	39601.64
282.70	39580.28
282.77	39569.55
282.83	39537.03
282.90	39523.67
282.97	39504.02
283.03	39477.34
283.10	39446.44
283.17	39433.81
283.24	39406.57
283.30	39384.15
283.37	39361.35
283.44	39337.88
283.50	39303.15
283.57	39291.79
283.64	39264.79
283.71	39234.80
283.77	39195.84
283.84	39169.07
283.91	39119.23
283.97	39088.85
284.04	39080.83
284.11	39087.28
284.18	39097.19
284.24	39109.51
284.31	39121.23
284.38	39117.12
284.44	39096.98
284.51	39072.04
284.58	39059.37
284.64	39042.01
284.71	39038.01
284.78	39033.55
284.85	39027.32
284.91	39012.80
284.98	38999.47
285.05	38968.53
285.11	38949.09
285.18	38922.46
285.25	38908.49
285.31	38902.34
285.38	38905.12
285.45	38904.77
285.52	38914.65
285.58	38911.88
285.65	38899.08
285.72	38877.21
285.78	38859.90
285.85	38843.45
285.92	38820.00
285.98	38796.54
286.05	38783.70
286.12	38769.85
286.18	38752.67
286.25	38757.59
286.32	38754.34
286.39	38758.26
286.45	38758.67
286.52	38757.40
286.59	38737.55
286.65	38733.55
286.72	38725.98
286.79	38711.55
286.85	38695.03
286.92	38683.82
286.99	38671.10
287.05	38650.10
287.12	38647.60
287.19	38642.12
287.25	38642.00
287.32	38640.38
287.39	38648.40
287.45	38646.74
287.52	38653.77
287.59	38657.02
287.65	38655.01
287.72	38641.34
287.79	38626.72
287.86	38610.07
287.92	38596.43
287.99	38593.68
288.06	38595.65
288.12	38592.38
288.19	38593.73
288.26	38581.71
288.32	38569.95
288.39	38561.53
288.46	38558.59
288.52	38552.05
288.59	38557.78
288.66	38555.03
288.72	38547.92
288.79	38549.05
288.86	38546.30
288.92	38552.00
288.99	38548.28
289.06	38547.89
289.12	38539.37
289.19	38539.12
289.26	38529.92
289.32	38540.20
289.39	38541.50
289.45	38551.47
289.52	38547.34
289.59	38553.76
289.65	38559.85
289.72	38563.31
289.79	38574.67
289.85	38589.34
289.92	38595.13
289.99	38597.10
290.05	38609.71
290.12	38599.06
290.19	38594.73
290.25	38587.80
290.32	38587.06
290.39	38588.31
290.45	38595.14
290.52	38603.66
290.59	38610.20
290.65	38608.42
290.72	38595.18
290.79	38593.58
290.85	38594.17
290.92	38605.52
290.98	38622.13
291.05	38640.89
291.12	38653.32
291.18	38660.95
291.25	38669.99
291.32	38663.68
291.38	38666.05
291.45	38662.43
291.52	38664.91
291.58	38666.40
291.65	38680.08
291.72	38689.21
291.78	38716.03
291.85	38731.38
291.91	38741.77
291.98	38761.76
292.05	38770.80
292.11	38777.70
292.18	38795.45
292.25	38799.47
292.31	38785.55
292.38	38793.65
292.45	38794.36
292.51	38794.19
292.58	38797.75
292.64	38818.16
292.71	38819.80
292.78	38826.40
292.84	38826.90
292.91	38844.16
292.98	38847.87
293.04	38862.92
293.11	38870.24
293.17	38878.81
293.24	38886.12
293.31	38903.05
293.37	38918.69
293.44	38934.35
293.51	38950.18
293.57	38958.14
293.64	38964.52
293.70	38979.86
293.77	38994.66
293.84	39009.49
293.90	39019.75
293.97	39024.84
294.04	39023.60
294.10	39025.65
294.17	39030.83
294.23	39044.79
294.30	39057.45
294.37	39074.94
294.43	39095.89
294.50	39108.87
294.56	39124.90
294.63	39137.38
294.70	39150.92
294.76	39164.12
294.83	39178.49
294.90	39192.86
294.96	39216.58
295.03	39234.80
295.09	39252.96
295.16	39275.61
295.23	39284.23
295.29	39284.03
295.36	39286.30
295.42	39290.77
295.49	39298.63
295.56	39326.57
295.62	39355.89
295.69	39374.69
295.75	39392.98
295.82	39415.24
295.89	39413.77
295.95	39416.58
296.02	39430.03
296.08	39431.25
296.15	39419.85
296.22	39427.83
296.28	39442.42
296.35	39462.15
296.41	39480.77
296.48	39508.08
296.55	39534.03
296.61	39555.23
296.68	39572.16
296.74	39598.99
296.81	39629.64
296.88	39657.74
296.94	39679.76
297.01	39697.50
297.07	39712.92
297.14	39720.00
297.20	39732.63
297.27	39746.28
297.34	39764.98
297.40	39787.45
297.47	39808.86
297.53	39824.85
297.60	39845.14
297.67	39855.04
297.73	39867.58
297.80	39879.34
297.86	39888.40
297.93	39898.60
298.00	39915.54
298.06	39925.16
298.13	39948.71
298.19	39958.91
298.26	39970.48
298.32	39992.35
298.39	40010.64
298.46	40012.42
298.52	40030.07
298.59	40046.99
298.65	40058.59
298.72	40078.68
298.78	40106.56
298.85	40127.90
298.92	40147.10
298.98	40160.30
299.05	40174.11
299.11	40193.67
299.18	40209.80
299.24	40226.05
299.31	40236.98
299.38	40253.91
299.44	40254.44
299.51	40263.80
299.57	40276.25
299.64	40291.73
299.70	40301.25
299.77	40313.44
299.84	40324.95
299.90	40324.15
299.97	40322.35
300.03	40323.03
300.10	40338.65
300.16	40345.98
300.23	40363.17
300.30	40388.31
300.36	40403.76
300.43	40416.29
300.49	40430.78
300.56	40455.09
300.62	40478.56
300.69	40503.42
300.75	40515.55
300.82	40536.17
300.89	40540.65
300.95	40547.02
301.02	40542.25
301.08	40556.46
301.15	40556.68
301.21	40566.25
301.28	40568.44
301.34	40580.53
301.41	40576.01
301.48	40573.56
301.54	40565.44
301.61	40569.79
301.67	40569.16
301.74	40582.54
301.80	40597.82
301.87	40606.26
301.93	40598.19
302.00	40602.27
302.06	40588.59
302.13	40572.45
302.20	40571.76
302.26	40569.18
302.33	40566.22
302.39	40564.56
302.46	40567.95
302.52	40562.40
302.59	40566.84
302.65	40565.37
302.72	40569.22
302.78	40575.01
302.85	40578.95
302.91	40573.76
302.98	40570.46
303.05	40558.34
303.11	40556.05
303.18	40545.88
303.24	40542.28
303.31	40531.07
303.37	40528.40
303.44	40520.20
303.50	40513.61
303.57	40502.57
303.63	40494.82
303.70	40485.37
303.76	40467.93
303.83	40460.43
303.89	40449.70
303.96	40440.53
304.03	40432.24
304.09	40418.91
304.16	40396.74
304.22	40373.30
304.29	40351.28
304.35	40326.47
304.42	40316.49
304.48	40306.41
304.55	40299.62
304.61	40289.91
304.68	40282.68
304.74	40270.11
304.81	40262.04
304.87	40237.64
304.94	40214.98
305.00	40192.82
305.07	40161.23
305.13	40129.38
305.20	40111.56
305.26	40095.47
305.33	40082.04
305.39	40069.17
305.46	40046.50
305.52	40036.81
305.59	40017.85
305.66	39986.45
305.72	39960.90
305.79	39935.10
305.85	39896.87
305.92	39859.24
305.98	39806.81
306.05	39676.83
306.11	39454.48
306.18	39163.75
306.24	38904.05
306.31	38762.79
306.37	38777.41
306.44	38940.61
306.50	39188.21
306.57	39412.39
306.63	39531.13
306.70	39560.16
306.76	39538.35
306.83	39493.86
306.89	39441.97
306.96	39402.86
307.02	39368.44
307.09	39340.44
307.15	39315.12
307.22	39299.37
307.28	39267.24
307.35	39234.08
307.41	39194.01
307.48	39157.95
307.54	39114.02
307.61	39076.52
307.67	39034.41
307.74	38993.33
307.80	38950.36
307.87	38910.58
307.93	38873.35
308.00	38842.04
308.06	38809.05
308.13	38774.40
308.19	38736.95
308.26	38695.32
308.32	38664.29
308.38	38639.50
308.45	38614.15
308.51	38590.90
308.58	38550.81
308.64	38493.52
308.71	38436.79
308.77	38384.97
308.84	38321.30
308.90	38295.31
308.97	38284.14
309.03	38267.97
309.10	38239.93
309.16	38215.54
309.23	38168.25
309.29	38112.90
309.36	38047.35
309.42	37988.26
309.49	37931.22
309.55	37876.72
309.62	37816.53
309.68	37772.23
309.75	37722.81
309.81	37677.50
309.88	37638.75
309.94	37598.77
310.00	37554.51
310.07	37513.52
310.13	37477.39
310.20	37432.79
310.26	37397.11
310.33	37357.84
310.39	37322.41
310.46	37279.90
310.52	37239.09
310.59	37194.85
310.65	37158.15
310.72	37109.91
310.78	37060.94
310.85	37010.37
310.91	36969.99
310.97	36930.93
311.04	36896.15
311.10	36856.00
311.17	36819.08
311.23	36775.12
311.30	36722.00
311.36	36678.44
311.43	36647.28
311.49	36611.17
311.56	36572.50
311.62	36529.05
311.69	36487.77
311.75	36441.33
311.81	36390.90
311.88	36342.59
311.94	36307.20
312.01	36277.52
312.07	36240.25
312.14	36213.40
312.20	36189.49
312.27	36156.40
312.33	36103.59
312.40	36053.75
312.46	35999.79
312.52	35943.72
312.59	35895.05
312.65	35853.31
312.72	35804.48
312.78	35756.20
312.85	35707.34
312.91	35651.70
312.98	35596.83
313.04	35556.11
313.10	35511.71
313.17	35466.99
313.23	35430.58
313.30	35398.88
313.36	35352.14
313.43	35307.89
313.49	35263.13
313.56	35207.62
313.62	35149.56
313.68	35100.77
313.75	35059.35
313.81	35022.79
313.88	34984.11
313.94	34946.97
314.01	34911.14
314.07	34869.34
314.13	34826.57
314.20	34790.51
314.26	34750.31
314.33	34704.64
314.39	34658.69
314.46	34597.70
314.52	34543.02
314.58	34488.12
314.65	34436.63
314.71	34386.79
314.78	34350.60
314.84	34310.32
314.91	34267.98
314.97	34230.46
315.03	34188.90
315.10	34143.20
315.16	34092.15
315.23	34047.83
315.29	34000.15
315.36	33954.60
315.42	33912.00
315.48	33868.94
315.55	33823.37
315.61	33769.20
315.68	33730.13
315.74	33688.81
315.81	33652.29
315.87	33606.17
315.93	33578.95
316.00	33544.90
316.06	33508.23
316.13	33485.80
316.19	33458.05
316.25	33391.84
316.32	33301.44
316.38	33188.16
316.45	33032.86
316.51	32871.80
316.58	32705.21
316.64	32521.67
316.70	32333.35
316.77	32134.13
316.83	31911.97
316.90	31678.90
316.96	31434.80
317.02	31179.24
317.09	30912.46
317.15	30633.75
317.22	30338.58
317.28	30031.38
317.34	29706.79
317.41	29366.36
317.47	29017.54
317.54	28649.34
317.60	28263.83
317.66	27863.49
317.73	27447.12
317.79	27014.19
317.86	26581.38
317.92	26135.23
317.98	25665.06
318.05	25177.90
318.11	24680.08
318.18	24181.44
318.24	23661.51
318.30	23134.68
318.37	22604.19
318.43	22051.53
318.50	21477.85
318.56	20904.76
318.62	20338.59
318.69	19760.76
318.75	19189.25
318.82	18609.59
318.88	18038.90
318.94	17455.29
319.01	16876.83
319.07	16302.01
319.13	15723.98
319.20	15143.39
319.26	14568.71
319.33	14002.19
319.39	13430.99
319.45	12882.19
319.52	12341.81
319.58	11807.04
319.65	11278.08
319.71	10765.13
319.77	10255.80
319.84	9754.96
319.90	9273.42
319.96	8799.11
320.03	8340.08
320.09	7896.45
320.16	7460.23
320.22	7040.55
320.28	6637.95
320.35	6251.66
320.41	5881.44
320.47	5535.19
320.54	5196.20
320.60	4881.86
320.67	4580.57
320.73	4293.25
320.79	4017.30
320.86	3764.49
320.92	3516.51
320.98	3288.22
321.05	3071.96
321.11	2868.65
321.18	2678.09
321.24	2505.60
321.30	2338.06
321.37	2188.18
321.43	2056.33
321.49	1929.71
321.56	1812.62
321.62	1709.67
321.68	1609.44
321.75	1517.02
321.81	1437.54
321.88	1363.29
321.94	1299.90
322.00	1243.06
322.07	1184.74
322.13	1129.54
322.19	1076.69
322.26	1023.09
322.32	977.42
322.38	940.06
322.45	910.03
322.51	878.66
322.58	854.51
322.64	823.84
322.70	797.69
322.77	765.14
322.83	745.01
322.89	714.29
322.96	689.36
323.02	662.95
323.08	637.28
323.15	609.35
323.21	587.26
323.27	564.92
323.34	541.86
323.40	518.88
323.46	495.11
323.53	467.28
323.59	396.66
323.65	299.31
323.72	188.77
323.78	82.04
323.85	-16.43
323.91	-66.64
323.97	-85.70
324.04	-85.67
