180.21	3422.50
180.28	-125.21
180.36	630.53
180.44	-49.79
180.51	-20.12
180.59	2.18
180.66	28.00
180.74	26.36
180.81	25.97
180.89	28.43
180.97	29.42
181.04	28.09
181.12	26.85
181.19	27.20
181.27	27.62
181.34	42.77
181.42	48.41
181.50	54.93
181.57	65.86
181.65	70.54
181.72	65.53
181.80	61.87
181.87	63.08
181.95	63.39
182.03	63.58
182.10	66.65
182.18	69.89
182.25	76.12
182.33	78.79
182.40	88.54
182.48	88.25
182.55	102.23
182.63	110.75
182.71	117.88
182.78	126.51
182.86	140.28
182.93	140.39
183.01	139.76
183.08	135.34
183.16	133.34
183.23	124.87
183.31	132.49
183.39	139.59
183.46	159.88
183.54	170.50
183.61	196.58
183.69	216.96
183.76	249.63
183.84	275.75
183.91	303.69
183.99	344.06
184.06	375.25
184.14	406.65
184.22	449.80
184.29	483.34
184.37	493.83
184.44	510.54
184.52	499.71
184.59	445.15
184.67	392.89
184.74	344.43
184.82	311.25
184.89	306.59
184.97	350.35
185.04	418.62
185.12	487.94
185.20	565.51
185.27	639.50
185.35	724.79
185.42	784.12
185.50	844.82
185.57	900.70
185.65	943.23
185.72	982.26
185.80	1058.55
185.87	1117.67
185.95	1183.32
186.02	1297.38
186.10	1366.73
186.17	1391.82
186.25	1383.27
186.33	1246.42
186.40	1048.85
186.48	903.72
186.55	812.07
186.63	796.27
186.70	916.42
186.78	1080.85
186.85	1223.40
186.93	1346.94
187.00	1450.18
187.08	1563.96
187.15	1667.55
187.23	1790.00
187.30	1920.93
187.38	2031.57
187.45	2148.90
187.53	2283.44
187.60	2363.73
187.68	2462.24
187.75	2606.85
187.83	2679.91
187.90	2737.13
187.98	2848.20
188.05	2878.26
188.13	2740.18
188.21	2488.08
188.28	2223.26
188.36	1959.50
188.43	1767.23
188.51	1768.38
188.58	1954.26
188.66	2164.88
188.73	2365.77
188.81	2579.20
188.88	2739.73
188.96	2903.86
189.03	3041.07
189.11	3189.19
189.18	3323.30
189.26	3437.85
189.33	3553.43
189.41	3689.07
189.48	3773.82
189.56	3869.19
189.63	3998.26
189.71	4056.00
189.78	4110.45
189.86	4210.75
189.93	4259.70
190.01	4257.34
190.08	4234.29
190.16	4055.07
190.23	3689.34
190.31	3344.40
190.38	3098.04
190.46	2955.49
190.53	2999.71
190.61	3238.90
190.68	3499.25
190.76	3728.03
190.83	3924.40
190.91	4083.09
190.98	4255.81
191.06	4395.11
191.13	4543.23
191.21	4675.91
191.28	4792.51
191.35	4905.53
191.43	5024.95
191.50	5091.00
191.58	5179.45
191.65	5281.59
191.73	5325.87
191.80	5379.27
191.88	5435.72
191.95	5438.71
192.03	5438.11
192.10	5466.62
192.18	5481.35
192.25	5474.13
192.33	5375.57
192.40	5147.63
192.48	4889.28
192.55	4678.35
192.63	4533.60
192.70	4548.43
192.78	4723.36
192.85	4955.73
192.93	5166.21
193.00	5358.34
193.08	5512.74
193.15	5673.10
193.22	5786.05
193.30	5892.41
193.37	6002.00
193.45	6080.50
193.52	6148.09
193.60	6227.15
193.67	6280.75
193.75	6321.88
193.82	6381.53
193.90	6397.48
193.97	6415.58
194.05	6447.04
194.12	6466.26
194.20	6494.16
194.27	6543.37
194.34	6586.66
194.42	6620.00
194.49	6658.98
194.57	6684.45
194.64	6660.18
194.72	6572.67
194.79	6475.66
194.87	6397.42
194.94	6346.38
195.02	6354.26
195.09	6438.54
195.17	6555.75
195.24	6658.56
195.31	6750.49
195.39	6829.97
195.46	6906.17
195.54	6971.74
195.61	7031.23
195.69	7083.36
195.76	7129.47
195.84	7176.04
195.91	7209.85
195.99	7232.73
196.06	7250.37
196.13	7273.71
196.21	7284.11
196.28	7301.79
196.36	7334.40
196.43	7367.48
196.51	7400.88
196.58	7438.22
196.66	7469.02
196.73	7492.81
196.80	7518.40
196.88	7541.05
196.95	7564.96
197.03	7590.89
197.10	7601.19
197.18	7588.91
197.25	7575.64
197.33	7570.23
197.40	7570.42
197.47	7580.35
197.55	7622.67
197.62	7668.78
197.70	7704.50
197.77	7745.68
197.85	7789.85
197.92	7824.35
197.99	7858.90
198.07	7893.01
198.14	7916.42
198.22	7944.46
198.29	7965.96
198.37	7987.99
198.44	8010.58
198.51	8034.91
198.59	8057.05
198.66	8087.50
198.74	8115.35
198.81	8146.39
198.89	8172.10
198.96	8199.80
199.03	8226.92
199.11	8264.13
199.18	8292.63
199.26	8318.07
199.33	8350.11
199.41	8377.44
199.48	8392.83
199.55	8411.13
199.63	8430.45
199.70	8451.90
199.78	8467.52
199.85	8484.43
199.93	8503.93
200.00	8537.99
200.07	8564.95
200.15	8602.82
200.22	8643.97
200.30	8681.66
200.37	8720.33
200.44	8755.19
200.52	8793.11
200.59	8832.67
200.67	8866.64
200.74	8887.94
200.81	8913.94
200.89	8928.90
200.96	8948.47
201.04	8972.03
201.11	9004.28
201.19	9034.50
201.26	9066.75
201.33	9094.17
201.41	9127.85
201.48	9161.09
201.56	9195.72
201.63	9241.25
201.70	9282.61
201.78	9326.50
201.85	9371.02
201.93	9414.26
202.00	9451.40
202.07	9493.90
202.15	9533.00
202.22	9569.50
202.30	9611.61
202.37	9649.30
202.44	9685.80
202.52	9723.36
202.59	9764.91
202.67	9798.25
202.74	9838.63
202.81	9875.76
202.89	9912.49
202.96	9951.72
203.04	9998.38
203.11	10041.58
203.18	10092.63
203.26	10144.58
203.33	10191.06
203.41	10229.31
203.48	10279.17
203.55	10320.96
203.63	10368.96
203.70	10420.67
203.77	10478.96
203.85	10528.36
203.92	10579.09
204.00	10631.62
204.07	10681.59
204.14	10732.70
204.22	10779.65
204.29	10830.96
204.37	10876.62
204.44	10921.93
204.51	10973.57
204.59	11034.40
204.66	11091.46
204.73	11151.82
204.81	11215.46
204.88	11276.31
204.96	11333.09
205.03	11395.66
205.10	11454.71
205.18	11513.74
205.25	11572.64
205.32	11636.74
205.40	11697.79
205.47	11761.72
205.55	11820.67
205.62	11885.30
205.69	11951.33
205.77	12018.77
205.84	12088.82
205.91	12162.32
205.99	12234.59
206.06	12300.69
206.14	12366.40
206.21	12436.87
206.28	12503.00
206.36	12576.75
206.43	12645.97
206.50	12722.45
206.58	12791.17
206.65	12869.02
206.72	12940.21
206.80	13023.38
206.87	13104.68
206.95	13189.88
207.02	13276.15
207.09	13357.73
207.17	13440.83
207.24	13523.24
207.31	13607.11
207.39	13688.25
207.46	13771.25
207.53	13848.86
207.61	13930.57
207.68	14008.72
207.75	14091.10
207.83	14176.56
207.90	14265.22
207.98	14347.92
208.05	14439.31
208.12	14528.58
208.20	14617.17
208.27	14709.09
208.34	14804.02
208.42	14896.20
208.49	14994.90
208.56	15087.02
208.64	15180.00
208.71	15274.83
208.78	15365.15
208.86	15462.50
208.93	15568.36
209.00	15668.04
209.08	15770.52
209.15	15879.55
209.22	15977.10
209.30	16078.39
209.37	16183.13
209.44	16286.97
209.52	16387.35
209.59	16489.55
209.67	16593.24
209.74	16693.90
209.81	16802.25
209.89	16910.86
209.96	17023.30
210.03	17133.77
210.11	17245.11
210.18	17350.44
210.25	17463.83
210.33	17574.76
210.40	17682.14
210.47	17793.31
210.55	17910.36
210.62	18018.91
210.69	18121.96
210.77	18238.25
210.84	18360.44
210.91	18488.79
210.99	18611.47
211.06	18743.27
211.13	18866.74
211.21	18987.50
211.28	19098.27
211.35	19219.82
211.42	19349.58
211.50	19479.10
211.57	19602.44
211.64	19738.54
211.72	19868.54
211.79	19987.02
211.86	20106.82
211.94	20242.84
212.01	20364.70
212.08	20488.43
212.16	20619.93
212.23	20749.18
212.30	20874.23
212.38	21001.61
212.45	21139.55
212.52	21271.42
212.60	21401.17
212.67	21536.71
212.74	21669.45
212.82	21796.65
212.89	21928.55
212.96	22062.89
213.03	22190.20
213.11	22327.08
213.18	22456.72
213.25	22595.25
213.33	22733.32
213.40	22868.03
213.47	23007.06
213.55	23154.47
213.62	23290.36
213.69	23433.45
213.77	23579.44
213.84	23718.31
213.91	23869.13
213.98	24017.23
214.06	24162.86
214.13	24312.09
214.20	24458.41
214.28	24604.77
214.35	24744.40
214.42	24880.61
214.50	25018.13
214.57	25156.69
214.64	25286.09
214.72	25430.60
214.79	25578.06
214.86	25722.10
214.93	25864.51
215.01	26017.09
215.08	26160.18
215.15	26306.20
215.23	26453.11
215.30	26609.54
215.37	26752.66
215.44	26904.89
215.52	27060.75
215.59	27214.39
215.66	27352.31
215.74	27495.75
215.81	27632.85
215.88	27777.13
215.95	27914.70
216.03	28066.04
216.10	28220.88
216.17	28377.22
216.25	28524.95
216.32	28683.18
216.39	28837.06
216.46	28988.04
216.54	29136.23
216.61	29288.75
216.68	29429.03
216.76	29573.80
216.83	29720.30
216.90	29875.81
216.97	30033.51
217.05	30195.13
217.12	30353.96
217.19	30502.21
217.27	30641.20
217.34	30768.66
217.41	30894.67
217.48	31024.05
217.56	31160.97
217.63	31311.40
217.70	31467.06
217.78	31630.25
217.85	31790.76
217.92	31942.60
217.99	32089.97
218.07	32231.88
218.14	32372.53
218.21	32514.02
218.28	32666.11
218.36	32810.32
218.43	32957.55
218.50	33108.20
218.57	33248.97
218.65	33391.28
218.72	33531.69
218.79	33672.89
218.87	33808.24
218.94	33954.11
219.01	34092.68
219.08	34234.70
219.16	34376.33
219.23	34519.76
219.30	34661.34
219.37	34803.55
219.45	34951.87
219.52	35097.43
219.59	35230.01
219.66	35357.37
219.74	35490.77
219.81	35625.64
219.88	35757.03
219.95	35902.50
220.03	36051.75
220.10	36184.66
220.17	36319.09
220.24	36452.68
220.32	36584.20
220.39	36706.06
220.46	36837.05
220.53	36961.05
220.61	37086.34
220.68	37200.47
220.75	37329.48
220.82	37461.52
220.90	37592.05
220.97	37711.93
221.04	37838.00
221.11	37953.23
221.19	38066.04
221.26	38178.95
221.33	38311.03
221.40	38444.02
221.48	38574.33
221.55	38699.33
221.62	38814.30
221.69	38925.30
221.77	39039.15
221.84	39161.21
221.91	39276.37
221.98	39404.36
222.06	39527.38
222.13	39654.29
222.20	39758.32
222.27	39869.73
222.35	39982.39
222.42	40098.53
222.49	40205.47
222.56	40328.90
222.63	40443.69
222.71	40553.53
222.78	40653.60
222.85	40754.46
222.92	40858.49
223.00	40963.92
223.07	41066.92
223.14	41172.47
223.21	41276.88
223.29	41376.01
223.36	41482.85
223.43	41588.99
223.50	41702.33
223.57	41812.72
223.65	41937.29
223.72	42043.48
223.79	42146.71
223.86	42234.23
223.94	42321.12
224.01	42389.25
224.08	42475.92
224.15	42557.97
224.22	42647.89
224.30	42736.23
224.37	42828.68
224.44	42917.88
224.51	43006.87
224.59	43086.84
224.66	43171.61
224.73	43258.35
224.80	43342.48
224.87	43432.52
224.95	43544.66
225.02	43648.33
225.09	43743.86
225.16	43847.54
225.23	43946.44
225.31	44023.66
225.38	44098.72
225.45	44181.41
225.52	44257.01
225.60	44327.78
225.67	44399.77
225.74	44474.87
225.81	44538.65
225.88	44605.69
225.96	44675.88
226.03	44749.94
226.10	44823.45
226.17	44900.77
226.24	44966.41
226.32	45039.54
226.39	45111.24
226.46	45179.65
226.53	45249.44
226.60	45334.40
226.68	45418.21
226.75	45505.40
226.82	45592.20
226.89	45676.92
226.96	45744.70
227.04	45791.09
227.11	45830.81
227.18	45876.91
227.25	45917.11
227.32	45963.20
227.40	46033.90
227.47	46105.60
227.54	46183.65
227.61	46261.95
227.68	46338.91
227.76	46414.02
227.83	46485.85
227.90	46543.19
227.97	46598.62
228.04	46651.04
228.11	46687.99
228.19	46723.69
228.26	46766.99
228.33	46811.54
228.40	46856.19
228.47	46907.75
228.55	46957.62
228.62	47010.09
228.69	47069.42
228.76	47128.06
228.83	47183.53
228.90	47240.41
228.98	47293.00
229.05	47349.66
229.12	47417.85
229.19	47479.87
229.26	47534.08
229.34	47583.97
229.41	47619.04
229.48	47646.77
229.55	47684.96
229.62	47738.72
229.69	47797.12
229.77	47857.99
229.84	47910.56
229.91	47955.86
229.98	47993.37
230.05	48024.40
230.12	48054.11
230.20	48095.72
230.27	48133.33
230.34	48174.11
230.41	48222.86
230.48	48278.00
230.55	48326.62
230.63	48382.68
230.70	48441.59
230.77	48478.77
230.84	48509.30
230.91	48539.70
230.98	48567.33
231.06	48585.22
231.13	48630.86
231.20	48682.62
231.27	48733.20
231.34	48786.19
231.41	48849.05
231.49	48892.86
231.56	48936.74
231.63	48974.88
231.70	49012.20
231.77	49044.61
231.84	49065.68
231.92	49088.92
231.99	49116.08
232.06	49140.35
232.13	49159.62
232.20	49200.08
232.27	49233.03
232.34	49258.05
232.42	49279.00
232.49	49300.07
232.56	49320.19
232.63	49351.96
232.70	49389.09
232.77	49429.98
232.85	49472.80
232.92	49505.73
232.99	49534.35
233.06	49553.41
233.13	49568.68
233.20	49577.53
233.27	49583.05
233.35	49585.00
233.42	49595.83
233.49	49610.30
233.56	49629.45
233.63	49659.60
233.70	49680.87
233.77	49702.26
233.85	49727.19
233.92	49758.85
233.99	49777.25
234.06	49804.38
234.13	49831.49
234.20	49852.86
234.27	49861.91
234.35	49878.31
234.42	49885.98
234.49	49895.92
234.56	49905.85
234.63	49910.01
234.70	49916.60
234.77	49918.85
234.84	49916.05
234.92	49910.39
234.99	49910.24
235.06	49908.45
235.13	49904.61
235.20	49909.00
235.27	49918.08
235.34	49922.32
235.41	49932.80
235.49	49945.15
235.56	49952.14
235.63	49949.61
235.70	49954.66
235.77	49950.32
235.84	49947.25
235.91	49938.10
235.98	49925.79
236.06	49906.04
236.13	49887.03
236.20	49866.53
236.27	49835.39
236.34	49814.24
236.41	49800.61
236.48	49781.21
236.55	49765.69
236.63	49755.07
236.70	49741.03
236.77	49732.46
236.84	49740.15
236.91	49744.73
236.98	49752.98
237.05	49765.16
237.12	49758.38
237.19	49740.05
237.27	49728.80
237.34	49719.55
237.41	49709.25
237.48	49693.86
237.55	49677.86
237.62	49662.43
237.69	49653.06
237.76	49645.27
237.83	49652.24
237.91	49656.84
237.98	49657.43
238.05	49649.24
238.12	49634.20
238.19	49615.91
238.26	49610.63
238.33	49598.59
238.40	49578.68
238.47	49558.56
238.54	49548.45
238.62	49528.69
238.69	49508.97
238.76	49503.82
238.83	49495.98
238.90	49485.73
238.97	49463.35
239.04	49452.39
239.11	49435.37
239.18	49423.68
239.25	49404.37
239.33	49383.06
239.40	49365.52
239.47	49339.27
239.54	49304.91
239.61	49272.96
239.68	49248.15
239.75	49224.38
239.82	49208.44
239.89	49195.66
239.96	49192.86
240.03	49196.68
240.11	49192.41
240.18	49189.58
240.25	49183.67
240.32	49167.11
240.39	49148.37
240.46	49130.54
240.53	49121.28
240.60	49115.40
240.67	49105.06
240.74	49094.97
240.81	49085.36
240.88	49063.88
240.96	49052.21
241.03	49048.29
241.10	49043.55
241.17	49039.12
241.24	49033.77
241.31	49025.21
241.38	49012.54
241.45	48988.63
241.52	48972.52
241.59	48961.65
241.66	48949.61
241.73	48942.01
241.80	48948.15
241.88	48934.59
241.95	48917.52
242.02	48897.90
242.09	48874.26
242.16	48844.34
242.23	48834.67
242.30	48825.31
242.37	48812.80
242.44	48815.29
242.51	48814.72
242.58	48809.60
242.65	48808.97
242.72	48813.12
242.79	48803.22
242.87	48803.55
242.94	48790.25
243.01	48791.83
243.08	48796.97
243.15	48801.98
243.22	48802.00
243.29	48817.74
243.36	48814.09
243.43	48814.44
243.50	48821.70
243.57	48833.74
243.64	48840.33
243.71	48845.88
243.78	48841.48
243.85	48833.75
243.92	48824.27
243.99	48817.80
244.07	48814.98
244.14	48808.75
244.21	48802.28
244.28	48796.97
244.35	48785.03
244.42	48782.71
244.49	48786.78
244.56	48794.33
244.63	48805.12
244.70	48804.67
244.77	48801.52
244.84	48811.07
244.91	48821.33
244.98	48834.29
245.05	48864.64
245.12	48897.44
245.19	48923.13
245.26	48937.74
245.33	48954.89
245.40	48978.76
245.47	49006.12
245.55	49023.96
245.62	49042.68
245.69	49050.32
245.76	49054.26
245.83	49052.86
245.90	49050.55
245.97	49053.20
246.04	49070.41
246.11	49083.41
246.18	49088.67
246.25	49100.84
246.32	49104.55
246.39	49102.33
246.46	49106.14
246.53	49123.55
246.60	49143.31
246.67	49176.48
246.74	49206.33
246.81	49235.02
246.88	49257.00
246.95	49283.92
247.02	49309.39
247.09	49337.38
247.16	49350.76
247.23	49353.35
247.30	49346.16
247.37	49337.06
247.44	49346.00
247.51	49363.38
247.58	49397.90
247.66	49437.30
247.73	49485.29
247.80	49515.57
247.87	49551.17
247.94	49585.70
248.01	49625.69
248.08	49658.17
248.15	49696.07
248.22	49724.65
248.29	49749.58
248.36	49768.36
248.43	49793.95
248.50	49815.62
248.57	49836.95
248.64	49856.35
248.71	49880.04
248.78	49904.27
248.85	49920.52
248.92	49953.37
248.99	49983.09
249.06	50009.29
249.13	50024.74
249.20	50047.11
249.27	50058.68
249.34	50072.45
249.41	50080.76
249.48	50081.63
249.55	50075.75
249.62	50084.05
249.69	50097.94
249.76	50132.62
249.83	50175.04
249.90	50232.24
249.97	50282.62
250.04	50336.36
250.11	50378.70
250.18	50413.87
250.25	50442.07
250.32	50457.38
250.39	50477.62
250.46	50490.67
250.53	50520.94
250.60	50547.55
250.67	50586.80
250.74	50612.98
250.81	50635.40
250.88	50655.99
250.95	50677.34
251.02	50697.14
251.09	50717.68
251.16	50749.19
251.23	50776.05
251.30	50796.38
251.37	50810.44
251.44	50829.24
251.51	50847.13
251.58	50867.36
251.65	50894.62
251.72	50917.32
251.79	50943.15
251.86	50964.43
251.93	50979.27
252.00	50987.93
252.07	51002.19
252.14	51014.78
252.21	51020.88
252.28	51029.27
252.35	51047.64
252.42	51069.91
252.49	51076.84
252.56	51091.61
252.63	51108.11
252.70	51120.78
252.77	51132.28
252.84	51151.25
252.91	51167.54
252.98	51189.35
253.05	51210.75
253.12	51221.32
253.19	51238.25
253.25	51266.04
253.32	51282.86
253.39	51311.60
253.46	51346.12
253.53	51375.99
253.60	51393.08
253.67	51411.68
253.74	51422.57
253.81	51439.74
253.88	51450.72
253.95	51463.62
254.02	51485.60
254.09	51507.80
254.16	51523.47
254.23	51539.77
254.30	51554.67
254.37	51573.94
254.44	51580.20
254.51	51589.10
254.58	51589.75
254.65	51600.49
254.72	51602.30
254.79	51604.25
254.86	51614.11
254.93	51630.15
255.00	51636.75
255.07	51642.70
255.14	51660.67
255.21	51660.56
255.28	51654.80
255.34	51641.61
255.41	51635.69
255.48	51626.44
255.55	51625.75
255.62	51638.72
255.69	51657.42
255.76	51665.16
255.83	51673.61
255.90	51680.90
255.97	51697.44
256.04	51701.07
256.11	51710.20
256.18	51709.38
256.25	51710.43
256.32	51702.81
256.39	51713.57
256.46	51718.07
256.53	51722.62
256.60	51729.37
256.67	51729.66
256.74	51726.78
256.80	51730.02
256.87	51741.12
256.94	51740.70
257.01	51746.80
257.08	51745.28
257.15	51734.06
257.22	51724.56
257.29	51704.26
257.36	51686.35
257.43	51681.60
257.50	51679.86
257.57	51668.09
257.64	51675.92
257.71	51667.14
257.78	51653.95
257.85	51634.45
257.92	51626.89
257.98	51611.10
258.05	51610.45
258.12	51588.86
258.19	51576.58
258.26	51554.50
258.33	51541.52
258.40	51529.70
258.47	51535.77
258.54	51540.33
258.61	51546.18
258.68	51542.54
258.75	51529.11
258.82	51514.35
258.89	51494.54
258.95	51476.71
259.02	51467.70
259.09	51460.41
259.16	51442.60
259.23	51420.95
259.30	51398.34
259.37	51372.89
259.44	51354.43
259.51	51345.66
259.58	51343.73
259.65	51330.28
259.72	51314.65
259.79	51280.28
259.85	51241.65
259.92	51197.96
259.99	51176.19
260.06	51150.76
260.13	51126.05
260.20	51102.48
260.27	51077.25
260.34	51041.38
260.41	51012.76
260.48	50988.13
260.55	50972.49
260.62	50962.94
260.68	50943.60
260.75	50923.66
260.82	50903.08
260.89	50878.38
260.96	50853.91
261.03	50832.21
261.10	50807.57
261.17	50783.09
261.24	50749.24
261.31	50718.78
261.38	50688.55
261.44	50661.22
261.51	50622.97
261.58	50593.57
261.65	50554.95
261.72	50519.74
261.79	50473.45
261.86	50448.85
261.93	50420.98
262.00	50402.59
262.07	50374.72
262.13	50355.73
262.20	50327.77
262.27	50288.54
262.34	50247.73
262.41	50213.79
262.48	50170.57
262.55	50133.24
262.62	50101.75
262.69	50060.87
262.76	50031.11
262.82	50005.23
262.89	49981.89
262.96	49959.41
263.03	49937.58
263.10	49905.90
263.17	49873.73
263.24	49834.17
263.31	49793.38
263.38	49752.29
263.44	49713.40
263.51	49667.76
263.58	49624.23
263.65	49586.48
263.72	49546.05
263.79	49506.90
263.86	49470.49
263.93	49433.85
264.00	49397.30
264.06	49366.42
264.13	49332.74
264.20	49305.28
264.27	49260.50
264.34	49213.98
264.41	49168.98
264.48	49117.89
264.55	49062.66
264.61	49026.07
264.68	48988.52
264.75	48945.84
264.82	48899.74
264.89	48861.42
264.96	48819.77
265.03	48773.36
265.10	48737.44
265.16	48708.31
265.23	48674.31
265.30	48644.18
265.37	48613.60
265.44	48569.46
265.51	48523.48
265.58	48475.56
265.65	48417.40
265.71	48369.95
265.78	48334.41
265.85	48291.68
265.92	48254.75
265.99	48224.84
266.06	48188.93
266.13	48141.78
266.20	48102.21
266.26	48058.83
266.33	48014.21
266.40	47963.32
266.47	47908.93
266.54	47847.93
266.61	47788.15
266.68	47721.79
266.74	47661.26
266.81	47615.00
266.88	47566.78
266.95	47518.43
267.02	47481.04
267.09	47439.89
267.16	47387.57
267.22	47349.88
267.29	47312.54
267.36	47271.89
267.43	47233.86
267.50	47200.73
267.57	47173.27
267.64	47139.45
267.70	47103.18
267.77	47070.05
267.84	47036.41
267.91	46986.33
267.98	46933.32
268.05	46887.81
268.11	46837.55
268.18	46781.07
268.25	46728.28
268.32	46687.26
268.39	46646.38
268.46	46600.80
268.53	46563.31
268.59	46528.31
268.66	46494.64
268.73	46453.23
268.80	46418.92
268.87	46369.76
268.94	46325.53
269.00	46275.61
269.07	46229.23
269.14	46188.40
269.21	46161.43
269.28	46122.99
269.35	46088.40
269.41	46052.72
269.48	46004.56
269.55	45947.18
269.62	45898.81
269.69	45852.51
269.76	45796.34
269.82	45756.93
269.89	45733.42
269.96	45711.35
270.03	45674.03
270.10	45649.90
270.17	45609.93
270.23	45564.49
270.30	45516.65
270.37	45489.20
270.44	45456.77
270.51	45425.14
270.58	45392.90
270.64	45363.58
270.71	45324.06
270.78	45286.21
270.85	45247.39
270.92	45213.09
270.99	45180.24
271.05	45151.97
271.12	45117.43
271.19	45089.95
271.26	45043.96
271.33	45004.80
271.39	44967.62
271.46	44921.03
271.53	44886.87
271.60	44868.33
271.67	44835.81
271.74	44794.88
271.80	44775.28
271.87	44747.53
271.94	44716.35
272.01	44686.73
272.08	44660.24
272.14	44619.05
272.21	44586.73
272.28	44556.72
272.35	44535.02
272.42	44509.02
272.48	44495.07
272.55	44470.77
272.62	44453.30
272.69	44426.45
272.76	44415.63
272.83	44389.85
272.89	44354.10
272.96	44314.40
273.03	44285.65
273.10	44249.37
273.17	44221.04
273.23	44200.88
273.30	44181.80
273.37	44153.98
273.44	44129.38
273.51	44104.90
273.57	44088.32
273.64	44061.51
273.71	44042.41
273.78	44009.68
273.85	43992.97
273.91	43964.00
273.98	43950.81
274.05	43929.72
274.12	43920.08
274.19	43897.12
274.25	43877.39
274.32	43845.36
274.39	43809.01
274.46	43764.03
274.53	43716.70
274.59	43666.47
274.66	43637.16
274.73	43620.69
274.80	43603.60
274.86	43579.41
274.93	43564.24
275.00	43526.57
275.07	43479.97
275.14	43445.04
275.20	43423.00
275.27	43400.11
275.34	43378.94
275.41	43368.41
275.48	43349.83
275.54	43328.02
275.61	43301.21
275.68	43281.14
275.75	43253.20
275.81	43222.58
275.88	43197.06
275.95	43176.45
276.02	43148.80
276.09	43120.41
276.15	43089.05
276.22	43065.22
276.29	43042.00
276.36	43017.72
276.42	42991.49
276.49	42967.75
276.56	42940.60
276.63	42910.78
276.70	42887.64
276.76	42873.01
276.83	42865.12
276.90	42849.08
276.97	42826.17
277.03	42809.21
277.10	42788.15
277.17	42760.55
277.24	42746.29
277.30	42735.55
277.37	42715.41
277.44	42701.30
277.51	42686.28
277.58	42650.28
277.64	42623.26
277.71	42603.26
277.78	42575.66
277.85	42551.64
277.91	42528.97
277.98	42507.38
278.05	42481.65
278.12	42466.07
278.18	42443.92
278.25	42422.78
278.32	42398.81
278.39	42382.55
278.45	42360.30
278.52	42343.94
278.59	42336.77
278.66	42324.25
278.72	42308.28
278.79	42284.37
278.86	42261.30
278.93	42237.42
278.99	42216.48
279.06	42192.66
279.13	42172.17
279.20	42155.63
279.26	42139.05
279.33	42118.68
279.40	42092.98
279.47	42065.12
279.53	42039.18
279.60	42007.15
279.67	41973.67
279.74	41944.05
279.80	41924.03
279.87	41906.81
279.94	41897.47
280.01	41890.40
280.07	41883.10
280.14	41866.58
280.21	41837.75
280.28	41801.50
280.34	41770.45
280.41	41742.00
280.48	41712.63
280.55	41687.11
280.61	41668.32
280.68	41646.79
280.75	41616.70
280.82	41584.22
280.88	41550.15
280.95	41501.19
281.02	41442.57
281.08	41374.05
281.15	41307.59
281.22	41238.60
281.29	41181.63
281.35	41125.26
281.42	41089.23
281.49	41057.57
281.56	41025.69
281.62	41000.76
281.69	40973.18
281.76	40943.66
281.82	40907.16
281.89	40876.30
281.96	40844.16
282.03	40818.92
282.09	40797.47
282.16	40778.43
282.23	40754.12
282.30	40722.66
282.36	40697.83
282.43	40672.04
282.50	40659.19
282.56	40630.55
282.63	40607.90
282.70	40587.83
282.77	40567.25
282.83	40536.24
282.90	40525.20
282.97	40510.74
283.03	40486.78
283.10	40462.43
283.17	40440.25
283.24	40421.65
283.30	40393.09
283.37	40366.44
283.44	40335.50
283.50	40305.59
283.57	40285.87
283.64	40257.35
283.71	40219.49
283.77	40175.59
283.84	40142.61
283.91	40086.28
283.97	40064.90
284.04	40072.53
284.11	40085.27
284.18	40091.22
284.24	40112.07
284.31	40121.69
284.38	40113.25
284.44	40099.34
284.51	40082.09
284.58	40068.06
284.64	40056.05
284.71	40045.09
284.78	40037.98
284.85	40029.52
284.91	40012.22
284.98	39987.61
285.05	39959.52
285.11	39940.11
285.18	39920.91
285.25	39910.07
285.31	39904.58
285.38	39904.07
285.45	39902.54
285.52	39901.18
285.58	39891.81
285.65	39875.74
285.72	39855.18
285.78	39835.46
285.85	39820.04
285.92	39804.02
285.98	39790.49
286.05	39782.55
286.12	39770.68
286.18	39762.79
286.25	39756.23
286.32	39745.81
286.39	39741.70
286.45	39734.32
286.52	39724.22
286.59	39718.57
286.65	39718.46
286.72	39708.85
286.79	39700.20
286.85	39683.85
286.92	39668.18
286.99	39646.74
287.05	39628.19
287.12	39623.36
287.19	39618.63
287.25	39613.74
287.32	39620.91
287.39	39624.37
287.45	39622.86
287.52	39630.15
287.59	39635.44
287.65	39628.45
287.72	39619.73
287.79	39604.78
287.86	39587.52
287.92	39567.30
287.99	39555.17
288.06	39549.37
288.12	39542.86
288.19	39534.15
288.26	39525.13
288.32	39516.62
288.39	39508.53
288.46	39516.68
288.52	39521.58
288.59	39524.63
288.66	39526.67
288.72	39531.85
288.79	39531.45
288.86	39534.60
288.92	39534.50
288.99	39528.99
289.06	39524.16
289.12	39516.29
289.19	39512.53
289.26	39519.17
289.32	39530.88
289.39	39533.40
289.45	39537.89
289.52	39531.04
289.59	39527.48
289.65	39528.86
289.72	39541.10
289.79	39547.58
289.85	39559.75
289.92	39561.86
289.99	39564.36
290.05	39555.26
290.12	39544.93
290.19	39536.83
290.25	39534.33
290.32	39528.85
290.39	39533.44
290.45	39536.67
290.52	39548.51
290.59	39556.31
290.65	39561.34
290.72	39560.53
290.79	39562.81
290.85	39567.66
290.92	39580.42
290.98	39591.57
291.05	39600.12
291.12	39612.52
291.18	39613.85
291.25	39613.51
291.32	39615.18
291.38	39621.12
291.45	39617.29
291.52	39616.45
291.58	39622.31
291.65	39633.11
291.72	39647.12
291.78	39667.75
291.85	39681.83
291.91	39689.19
291.98	39707.50
292.05	39716.88
292.11	39729.82
292.18	39743.95
292.25	39753.86
292.31	39741.35
292.38	39738.97
292.45	39733.08
292.51	39741.51
292.58	39744.18
292.64	39762.59
292.71	39769.53
292.78	39782.00
292.84	39773.14
292.91	39782.60
292.98	39790.95
293.04	39803.63
293.11	39807.95
293.17	39823.32
293.24	39834.59
293.31	39842.27
293.37	39856.72
293.44	39866.96
293.51	39883.96
293.57	39891.57
293.64	39896.13
293.70	39909.24
293.77	39929.36
293.84	39938.28
293.90	39944.73
293.97	39958.31
294.04	39963.35
294.10	39966.47
294.17	39979.99
294.23	39997.60
294.30	40004.99
294.37	40015.79
294.43	40035.67
294.50	40040.17
294.56	40050.71
294.63	40066.98
294.70	40086.21
294.76	40098.26
294.83	40119.98
294.90	40138.27
294.96	40152.68
295.03	40155.99
295.09	40168.70
295.16	40179.53
295.23	40183.06
295.29	40193.86
295.36	40207.69
295.42	40214.47
295.49	40228.67
295.56	40257.77
295.62	40274.84
295.69	40284.88
295.75	40300.52
295.82	40311.70
295.89	40314.36
295.95	40323.14
296.02	40337.33
296.08	40344.81
296.15	40349.65
296.22	40360.27
296.28	40373.96
296.35	40394.55
296.41	40407.16
296.48	40428.94
296.55	40449.52
296.61	40468.50
296.68	40484.77
296.74	40509.52
296.81	40535.92
296.88	40553.50
296.94	40567.75
297.01	40588.38
297.07	40599.88
297.14	40606.29
297.20	40622.13
297.27	40642.96
297.34	40657.67
297.40	40678.10
297.47	40695.56
297.53	40709.84
297.60	40723.61
297.67	40732.15
297.73	40747.13
297.80	40752.62
297.86	40763.81
297.93	40769.40
298.00	40787.22
298.06	40800.35
298.13	40827.01
298.19	40840.34
298.26	40859.55
298.32	40876.73
298.39	40890.82
298.46	40893.63
298.52	40912.04
298.59	40922.89
298.65	40931.90
298.72	40951.29
298.78	40975.83
298.85	40992.34
298.92	41007.30
298.98	41020.13
299.05	41024.69
299.11	41036.15
299.18	41043.94
299.24	41052.95
299.31	41062.66
299.38	41075.22
299.44	41076.71
299.51	41087.79
299.57	41103.91
299.64	41110.06
299.70	41122.46
299.77	41138.75
299.84	41148.63
299.90	41151.99
299.97	41157.63
300.03	41162.85
300.10	41179.01
300.16	41188.57
300.23	41204.07
300.30	41222.95
300.36	41232.45
300.43	41240.21
300.49	41248.49
300.56	41267.57
300.62	41289.30
300.69	41312.92
300.75	41320.51
300.82	41338.49
300.89	41342.75
300.95	41349.08
301.02	41344.93
301.08	41353.40
301.15	41353.36
301.21	41354.23
301.28	41350.60
301.34	41361.00
301.41	41356.16
301.48	41349.09
301.54	41340.93
301.61	41339.06
301.67	41332.13
301.74	41337.67
301.80	41340.90
301.87	41346.32
301.93	41341.50
302.00	41336.57
302.06	41329.53
302.13	41319.67
302.20	41315.70
302.26	41313.66
302.33	41313.34
302.39	41307.79
302.46	41308.16
302.52	41297.30
302.59	41292.85
302.65	41287.35
302.72	41286.62
302.78	41283.97
302.85	41285.98
302.91	41277.51
302.98	41268.55
303.05	41253.80
303.11	41242.26
303.18	41227.74
303.24	41221.17
303.31	41204.49
303.37	41193.63
303.44	41181.34
303.50	41171.65
303.57	41150.28
303.63	41135.61
303.70	41123.33
303.76	41107.73
303.83	41090.04
303.89	41082.45
303.96	41071.84
304.03	41055.19
304.09	41040.83
304.16	41024.87
304.22	40991.74
304.29	40971.08
304.35	40942.17
304.42	40921.83
304.48	40896.20
304.55	40885.06
304.61	40862.78
304.68	40849.97
304.74	40833.03
304.81	40823.35
304.87	40794.03
304.94	40769.06
305.00	40747.72
305.07	40713.89
305.13	40672.45
305.20	40644.09
305.26	40620.18
305.33	40589.82
305.39	40567.49
305.46	40536.96
305.52	40518.46
305.59	40493.92
305.66	40459.83
305.72	40422.95
305.79	40393.89
305.85	40356.34
305.92	40302.75
305.98	40193.53
306.05	39976.89
306.11	39680.87
306.18	39394.13
306.24	39210.67
306.31	39180.29
306.37	39305.31
306.44	39543.42
306.50	39777.24
306.57	39915.22
306.63	39964.86
306.70	39958.04
306.76	39916.98
306.83	39864.29
306.89	39806.84
306.96	39756.18
307.02	39709.75
307.09	39671.98
307.15	39632.65
307.22	39609.61
307.28	39574.98
307.35	39536.46
307.41	39483.14
307.48	39434.35
307.54	39379.60
307.61	39327.90
307.67	39275.76
307.74	39234.23
307.80	39192.76
307.87	39152.27
307.93	39104.51
308.00	39062.16
308.06	39015.90
308.13	38967.81
308.19	38914.51
308.26	38864.41
308.32	38822.90
308.38	38787.10
308.45	38741.25
308.51	38701.46
308.58	38646.80
308.64	38580.87
308.71	38525.37
308.77	38482.38
308.84	38431.83
308.90	38401.97
308.97	38381.23
309.03	38347.87
309.10	38301.81
309.16	38251.18
309.23	38191.34
309.29	38124.20
309.36	38040.86
309.42	37968.22
309.49	37902.72
309.55	37839.78
309.62	37769.08
309.68	37724.78
309.75	37667.94
309.81	37606.09
309.88	37558.42
309.94	37510.87
310.00	37452.22
310.07	37394.40
310.13	37350.64
310.20	37289.07
310.26	37237.00
310.33	37185.84
310.39	37145.27
310.46	37091.27
310.52	37036.42
310.59	36983.09
310.65	36925.49
310.72	36862.39
310.78	36803.29
310.85	36741.81
310.91	36682.87
310.97	36629.65
311.04	36575.94
311.10	36517.71
311.17	36471.01
311.23	36417.25
311.30	36362.48
311.36	36310.95
311.43	36262.50
311.49	36206.28
311.56	36148.46
311.62	36085.91
311.69	36021.11
311.75	35964.15
311.81	35893.65
311.88	35832.50
311.94	35778.64
312.01	35739.39
312.07	35684.98
312.14	35651.02
312.20	35610.15
312.27	35559.36
312.33	35490.02
312.40	35424.50
312.46	35351.50
312.52	35283.20
312.59	35223.02
312.65	35164.77
312.72	35102.28
312.78	35037.81
312.85	34968.78
312.91	34889.95
312.98	34818.82
313.04	34754.58
313.10	34699.06
313.17	34644.56
313.23	34597.37
313.30	34543.17
313.36	34479.21
313.43	34409.42
313.49	34343.96
313.56	34267.99
313.62	34198.13
313.68	34136.58
313.75	34081.43
313.81	34020.30
313.88	33958.03
313.94	33898.29
314.01	33841.29
314.07	33783.32
314.13	33718.07
314.20	33661.59
314.26	33597.43
314.33	33527.77
314.39	33449.48
314.46	33375.87
314.52	33309.12
314.58	33238.54
314.65	33166.89
314.71	33107.70
314.78	33048.40
314.84	32982.82
314.91	32923.23
314.97	32864.27
315.03	32799.42
315.10	32742.96
315.16	32678.76
315.23	32610.38
315.29	32545.49
315.36	32482.91
315.42	32414.90
315.48	32349.32
315.55	32285.24
315.61	32218.63
315.68	32154.38
315.74	32094.22
315.81	32032.08
315.87	31962.89
315.93	31906.28
316.00	31858.99
316.06	31811.11
316.13	31780.18
316.19	31732.52
316.25	31637.22
316.32	31471.85
316.38	31261.90
316.45	30977.80
316.51	30669.00
316.58	30332.82
316.64	29980.07
316.70	29603.70
316.77	29216.13
316.83	28804.19
316.90	28375.39
316.96	27939.45
317.02	27491.14
317.09	27032.32
317.15	26561.01
317.22	26075.72
317.28	25573.26
317.34	25052.46
317.41	24526.18
317.47	23993.99
317.54	23452.33
317.60	22904.05
317.66	22350.45
317.73	21783.20
317.79	21204.63
317.86	20632.06
317.92	20054.60
317.98	19461.63
318.05	18867.87
318.11	18276.98
318.18	17684.52
318.24	17091.24
318.30	16504.36
318.37	15919.58
318.43	15333.01
318.50	14746.72
318.56	14164.76
318.62	13599.40
318.69	13043.12
318.75	12496.90
318.82	11955.80
318.88	11430.18
318.94	10911.04
319.01	10401.83
319.07	9908.98
319.13	9428.12
319.20	8958.65
319.26	8499.27
319.33	8054.65
319.39	7618.26
319.45	7210.42
319.52	6817.48
319.58	6439.73
319.65	6078.34
319.71	5734.49
319.77	5397.92
319.84	5079.00
319.90	4780.96
319.96	4494.13
320.03	4224.74
320.09	3973.81
320.16	3732.77
320.22	3509.48
320.28	3300.23
320.35	3105.48
320.41	2923.17
320.47	2757.68
320.54	2598.16
320.60	2458.15
320.67	2328.25
320.73	2206.46
320.79	2093.53
320.86	1997.04
320.92	1901.68
320.98	1817.64
321.05	1741.75
321.11	1669.82
321.18	1603.05
321.24	1544.47
321.30	1486.24
321.37	1436.65
321.43	1397.30
321.49	1355.58
321.56	1318.46
321.62	1287.33
321.68	1251.56
321.75	1218.20
321.81	1189.75
321.88	1160.42
321.94	1136.16
322.00	1115.11
322.07	1087.46
322.13	1060.07
322.19	1032.20
322.26	998.49
322.32	968.19
322.38	942.91
322.45	921.78
322.51	896.21
322.58	877.48
322.64	849.75
322.70	825.19
322.77	793.47
322.83	772.16
322.89	740.68
322.96	714.43
323.02	686.48
323.08	659.02
323.15	629.59
323.21	605.68
323.27	581.02
323.34	556.40
323.40	532.56
323.46	507.83
323.53	476.17
323.59	402.01
323.65	300.74
323.72	187.71
323.78	78.90
323.85	-19.57
323.91	-68.52
323.97	-86.32
324.04	-86.60
