180.21	3429.09
180.28	-125.79
180.36	634.18
180.44	-43.80
180.51	-9.47
180.59	18.31
180.66	49.95
180.74	50.56
180.81	52.25
180.89	55.96
180.97	58.65
181.04	59.17
181.12	60.53
181.19	64.08
181.27	67.80
181.34	87.20
181.42	95.50
181.50	103.40
181.57	113.13
181.65	118.00
181.72	112.16
181.80	108.94
181.87	114.13
181.95	123.40
182.03	132.83
182.10	147.90
182.18	164.51
182.25	187.04
182.33	206.25
182.40	232.10
182.48	247.61
182.55	278.41
182.63	298.43
182.71	316.66
182.78	333.42
182.86	342.49
182.93	326.88
183.01	309.92
183.08	289.11
183.16	278.06
183.23	274.44
183.31	300.39
183.39	332.06
183.46	381.52
183.54	424.45
183.61	480.15
183.69	535.59
183.76	601.13
183.84	657.95
183.91	719.59
183.99	782.18
184.06	831.12
184.14	885.76
184.22	923.08
184.29	927.59
184.37	924.27
184.44	893.37
184.52	802.23
184.59	702.95
184.67	633.45
184.74	569.45
184.82	557.83
184.89	610.08
184.97	706.47
185.04	810.17
185.12	918.02
185.20	1019.60
185.27	1125.95
185.35	1215.09
185.42	1282.35
185.50	1359.33
185.57	1415.37
185.65	1469.20
185.72	1541.85
185.80	1619.67
185.87	1687.15
185.95	1773.99
186.02	1830.55
186.10	1831.82
186.17	1788.74
186.25	1655.99
186.33	1458.85
186.40	1290.68
186.48	1190.83
186.55	1172.90
186.63	1255.36
186.70	1426.30
186.78	1589.84
186.85	1736.54
186.93	1859.52
187.00	1995.82
187.08	2105.47
187.15	2238.12
187.23	2373.07
187.30	2490.84
187.38	2610.15
187.45	2744.90
187.53	2842.60
187.60	2931.14
187.68	3051.61
187.75	3130.08
187.83	3169.68
187.90	3203.76
187.98	3196.15
188.05	3074.42
188.13	2842.57
188.21	2584.36
188.28	2368.53
188.36	2204.15
188.43	2176.08
188.51	2312.22
188.58	2524.92
188.66	2719.29
188.73	2920.33
188.81	3104.33
188.88	3269.05
188.96	3405.20
189.03	3551.81
189.11	3689.90
189.18	3797.37
189.26	3899.19
189.33	4019.91
189.41	4114.77
189.48	4200.20
189.56	4307.85
189.63	4389.38
189.71	4439.82
189.78	4497.35
189.86	4520.20
189.93	4488.36
190.01	4412.42
190.08	4253.78
190.16	3969.12
190.23	3670.61
190.31	3461.35
190.38	3346.99
190.46	3365.06
190.53	3533.11
190.61	3773.94
190.68	3982.84
190.76	4182.11
190.83	4351.15
190.91	4514.73
190.98	4649.77
191.06	4796.70
191.13	4922.19
191.21	5033.65
191.28	5140.72
191.35	5252.25
191.43	5326.24
191.50	5402.31
191.58	5483.74
191.65	5533.12
191.73	5565.63
191.80	5602.80
191.88	5606.74
191.95	5597.24
192.03	5594.33
192.10	5580.55
192.18	5541.34
192.25	5454.73
192.33	5285.08
192.40	5088.88
192.48	4933.26
192.55	4843.66
192.63	4849.58
192.70	4980.38
192.78	5168.56
192.85	5359.85
192.93	5531.10
193.00	5677.27
193.08	5812.84
193.15	5927.55
193.22	6021.91
193.30	6097.18
193.37	6171.14
193.45	6218.25
193.52	6270.02
193.60	6320.19
193.67	6372.55
193.75	6417.52
193.82	6457.75
193.90	6485.35
193.97	6517.77
194.05	6551.56
194.12	6585.07
194.20	6631.97
194.27	6681.43
194.34	6709.20
194.42	6722.14
194.49	6729.76
194.57	6707.90
194.64	6633.75
194.72	6547.95
194.79	6473.23
194.87	6410.07
194.94	6381.41
195.02	6415.58
195.09	6481.64
195.17	6566.70
195.24	6664.29
195.31	6758.87
195.39	6859.41
195.46	6953.29
195.54	7038.07
195.61	7106.68
195.69	7162.05
195.76	7199.53
195.84	7236.56
195.91	7252.65
195.99	7259.57
196.06	7274.72
196.13	7287.82
196.21	7289.96
196.28	7292.68
196.36	7294.75
196.43	7279.70
196.51	7262.98
196.58	7259.99
196.66	7268.41
196.73	7298.59
196.80	7345.57
196.88	7403.66
196.95	7463.95
197.03	7518.70
197.10	7540.28
197.18	7558.45
197.25	7564.65
197.33	7577.65
197.40	7598.87
197.47	7628.99
197.55	7664.19
197.62	7698.68
197.70	7717.38
197.77	7729.17
197.85	7741.18
197.92	7728.96
197.99	7707.14
198.07	7676.70
198.14	7648.19
198.22	7644.71
198.29	7672.38
198.37	7732.89
198.44	7818.03
198.51	7905.57
198.59	7975.63
198.66	8045.27
198.74	8095.98
198.81	8136.44
198.89	8165.15
198.96	8198.36
199.03	8215.93
199.11	8236.23
199.18	8246.16
199.26	8257.86
199.33	8264.76
199.41	8263.68
199.48	8228.93
199.55	8188.92
199.63	8141.65
199.70	8109.92
199.78	8100.89
199.85	8146.25
199.93	8223.26
200.00	8327.84
200.07	8424.55
200.15	8517.80
200.22	8592.24
200.30	8643.64
200.37	8693.16
200.44	8737.66
200.52	8775.74
200.59	8811.98
200.67	8839.11
200.74	8844.08
200.81	8845.46
200.89	8838.77
200.96	8840.99
201.04	8836.68
201.11	8826.98
201.19	8810.13
201.26	8801.07
201.33	8787.72
201.41	8812.26
201.48	8871.25
201.56	8955.97
201.63	9058.17
201.70	9155.10
201.78	9237.75
201.85	9311.25
201.93	9368.16
202.00	9411.08
202.07	9458.23
202.15	9495.93
202.22	9526.19
202.30	9557.03
202.37	9581.11
202.44	9599.56
202.52	9618.09
202.59	9632.45
202.67	9639.67
202.74	9655.13
202.81	9665.09
202.89	9666.77
202.96	9684.00
203.04	9728.51
203.11	9784.16
203.18	9867.50
203.26	9968.29
203.33	10059.61
203.41	10132.09
203.48	10198.16
203.55	10242.27
203.63	10287.92
203.70	10340.75
203.77	10393.26
203.85	10435.90
203.92	10479.52
204.00	10534.21
204.07	10579.78
204.14	10626.48
204.22	10669.63
204.29	10713.65
204.37	10738.70
204.44	10761.22
204.51	10789.66
204.59	10823.24
204.66	10861.42
204.73	10916.87
204.81	10990.63
204.88	11071.55
204.96	11161.38
205.03	11250.27
205.10	11325.11
205.18	11392.26
205.25	11453.25
205.32	11513.70
205.40	11575.21
205.47	11643.02
205.55	11705.66
205.62	11769.48
205.69	11833.29
205.77	11891.40
205.84	11945.85
205.91	12003.71
205.99	12059.84
206.06	12107.17
206.14	12157.43
206.21	12214.84
206.28	12265.77
206.36	12322.26
206.43	12380.06
206.50	12456.18
206.58	12533.14
206.65	12620.06
206.72	12706.91
206.80	12801.41
206.87	12888.03
206.95	12978.65
207.02	13073.96
207.09	13166.86
207.17	13261.15
207.24	13352.91
207.31	13436.50
207.39	13507.80
207.46	13578.64
207.53	13642.62
207.61	13713.37
207.68	13785.39
207.75	13867.92
207.83	13953.23
207.90	14036.85
207.98	14101.29
208.05	14180.28
208.12	14253.56
208.20	14331.86
208.27	14419.62
208.34	14524.74
208.42	14613.49
208.49	14702.11
208.56	14787.19
208.64	14875.74
208.71	14957.93
208.78	15042.93
208.86	15146.99
208.93	15248.16
209.00	15347.72
209.08	15445.01
209.15	15549.47
209.22	15651.85
209.30	15749.92
209.37	15848.70
209.44	15953.68
209.52	16055.63
209.59	16143.05
209.67	16240.26
209.74	16331.22
209.81	16436.70
209.89	16536.65
209.96	16640.82
210.03	16750.51
210.11	16859.41
210.18	16952.89
210.25	17071.85
210.33	17190.13
210.40	17291.30
210.47	17402.99
210.55	17520.97
210.62	17615.83
210.69	17706.70
210.77	17813.59
210.84	17921.05
210.91	18037.05
210.99	18151.20
211.06	18271.06
211.13	18398.48
211.21	18518.56
211.28	18623.38
211.35	18739.73
211.42	18857.83
211.50	18960.93
211.57	19072.78
211.64	19191.38
211.72	19305.67
211.79	19417.77
211.86	19539.00
211.94	19669.69
212.01	19796.37
212.08	19923.83
212.16	20047.00
212.23	20171.21
212.30	20291.24
212.38	20410.10
212.45	20534.75
212.52	20663.65
212.60	20785.89
212.67	20909.93
212.74	21040.56
212.82	21159.81
212.89	21282.60
212.96	21409.83
213.03	21538.56
213.11	21670.19
213.18	21810.08
213.25	21957.04
213.33	22103.92
213.40	22236.89
213.47	22367.06
213.55	22490.27
213.62	22603.85
213.69	22719.82
213.77	22846.88
213.84	22973.70
213.91	23112.46
213.98	23257.36
214.06	23398.22
214.13	23544.69
214.20	23693.21
214.28	23847.45
214.35	23993.01
214.42	24135.70
214.50	24269.67
214.57	24396.76
214.64	24514.90
214.72	24631.85
214.79	24757.65
214.86	24885.75
214.93	25024.48
215.01	25171.27
215.08	25312.48
215.15	25450.95
215.23	25576.83
215.30	25707.88
215.37	25832.57
215.44	25981.21
215.52	26142.62
215.59	26309.03
215.66	26464.93
215.74	26617.31
215.81	26758.45
215.88	26893.20
215.95	27023.89
216.03	27152.38
216.10	27286.33
216.17	27429.27
216.25	27568.17
216.32	27725.20
216.39	27885.90
216.46	28037.21
216.54	28169.29
216.61	28303.37
216.68	28421.61
216.76	28550.77
216.83	28696.08
216.90	28859.37
216.97	29027.39
217.05	29198.70
217.12	29347.75
217.19	29468.73
217.27	29558.65
217.34	29643.75
217.41	29741.69
217.48	29853.32
217.56	29983.28
217.63	30143.31
217.70	30310.11
217.78	30470.66
217.85	30625.78
217.92	30787.71
217.99	30957.38
218.07	31103.53
218.14	31235.84
218.21	31385.71
218.28	31532.69
218.36	31671.71
218.43	31822.45
218.50	31979.98
218.57	32109.88
218.65	32236.35
218.72	32352.15
218.79	32482.66
218.87	32612.41
218.94	32754.91
219.01	32894.95
219.08	33035.17
219.16	33162.48
219.23	33283.80
219.30	33398.72
219.37	33517.70
219.45	33645.56
219.52	33781.50
219.59	33913.62
219.66	34042.79
219.74	34177.82
219.81	34332.46
219.88	34473.07
219.95	34621.09
220.03	34774.58
220.10	34918.75
220.17	35033.23
220.24	35157.34
220.32	35278.50
220.39	35400.70
220.46	35517.72
220.53	35645.31
220.61	35763.70
220.68	35892.03
220.75	36017.61
220.82	36154.99
220.90	36274.27
220.97	36367.09
221.04	36458.63
221.11	36554.49
221.19	36644.29
221.26	36749.38
221.33	36884.67
221.40	37018.18
221.48	37156.30
221.55	37289.48
221.62	37417.15
221.69	37544.41
221.77	37670.06
221.84	37792.26
221.91	37912.05
221.98	38039.60
222.06	38160.80
222.13	38289.13
222.20	38404.95
222.27	38516.15
222.35	38616.41
222.42	38719.93
222.49	38807.21
222.56	38883.28
222.63	38967.75
222.71	39068.40
222.78	39172.71
222.85	39286.96
222.92	39409.25
223.00	39521.49
223.07	39608.90
223.14	39688.27
223.21	39766.66
223.29	39865.73
223.36	39990.56
223.43	40123.09
223.50	40258.33
223.57	40392.90
223.65	40529.60
223.72	40634.30
223.79	40741.75
223.86	40843.62
223.94	40938.55
224.01	41015.30
224.08	41089.30
224.15	41154.86
224.22	41215.79
224.30	41268.70
224.37	41332.63
224.44	41415.81
224.51	41507.24
224.59	41610.02
224.66	41724.44
224.73	41834.07
224.80	41940.29
224.87	42046.03
224.95	42145.46
225.02	42246.05
225.09	42341.53
225.16	42429.17
225.23	42515.86
225.31	42607.48
225.38	42694.80
225.45	42784.93
225.52	42871.26
225.60	42948.98
225.67	43003.06
225.74	43048.84
225.81	43090.77
225.88	43148.20
225.96	43238.17
226.03	43353.68
226.10	43474.65
226.17	43600.98
226.24	43719.73
226.32	43807.37
226.39	43884.05
226.46	43949.85
226.53	44003.78
226.60	44057.58
226.68	44112.27
226.75	44175.89
226.82	44251.82
226.89	44335.18
226.96	44405.33
227.04	44456.95
227.11	44499.29
227.18	44539.97
227.25	44558.45
227.32	44605.38
227.40	44674.21
227.47	44742.63
227.54	44815.37
227.61	44900.86
227.68	44979.70
227.76	45058.64
227.83	45139.44
227.90	45210.84
227.97	45275.13
228.04	45331.88
228.11	45372.02
228.19	45406.81
228.26	45460.03
228.33	45530.91
228.40	45594.10
228.47	45664.24
228.55	45742.36
228.62	45808.65
228.69	45868.15
228.76	45924.05
228.83	45982.76
228.90	46037.71
228.98	46094.04
229.05	46154.66
229.12	46231.80
229.19	46303.22
229.26	46377.16
229.34	46424.11
229.41	46480.94
229.48	46522.93
229.55	46570.80
229.62	46619.65
229.69	46677.89
229.77	46714.30
229.84	46750.43
229.91	46782.92
229.98	46805.77
230.05	46834.82
230.12	46881.36
230.20	46947.75
230.27	47013.18
230.34	47086.83
230.41	47162.85
230.48	47225.10
230.55	47269.83
230.63	47316.51
230.70	47358.97
230.77	47384.18
230.84	47405.40
230.91	47430.91
230.98	47469.53
231.06	47508.06
231.13	47574.19
231.20	47655.74
231.27	47728.19
231.34	47780.55
231.41	47837.12
231.49	47882.45
231.56	47928.01
231.63	47983.41
231.70	48039.88
231.77	48072.01
231.84	48094.86
231.92	48101.25
231.99	48103.10
232.06	48119.27
232.13	48157.26
232.20	48208.33
232.27	48260.60
232.34	48312.07
232.42	48334.93
232.49	48362.31
232.56	48398.51
232.63	48458.48
232.70	48512.95
232.77	48583.35
232.85	48646.20
232.92	48690.72
232.99	48707.38
233.06	48733.73
233.13	48753.46
233.20	48761.09
233.27	48771.70
233.35	48775.49
233.42	48769.01
233.49	48772.70
233.56	48797.17
233.63	48816.76
233.70	48846.41
233.77	48876.79
233.85	48905.75
233.92	48937.72
233.99	48969.13
234.06	49013.05
234.13	49061.68
234.20	49115.73
234.27	49142.24
234.35	49164.28
234.42	49172.31
234.49	49179.42
234.56	49175.13
234.63	49172.95
234.70	49175.90
234.77	49169.52
234.84	49146.06
234.92	49119.89
234.99	49116.18
235.06	49128.14
235.13	49149.14
235.20	49187.79
235.27	49239.94
235.34	49273.60
235.41	49310.67
235.49	49339.30
235.56	49364.93
235.63	49372.72
235.70	49379.90
235.77	49358.86
235.84	49348.36
235.91	49335.94
235.98	49331.39
236.06	49330.39
236.13	49340.55
236.20	49348.51
236.27	49337.67
236.34	49341.59
236.41	49351.38
236.48	49347.43
236.55	49339.97
236.63	49341.71
236.70	49331.68
236.77	49321.60
236.84	49331.30
236.91	49327.40
236.98	49325.79
237.05	49330.60
237.12	49321.42
237.19	49299.15
237.27	49297.43
237.34	49296.55
237.41	49278.65
237.48	49265.22
237.55	49252.79
237.62	49239.85
237.69	49248.26
237.76	49267.56
237.83	49285.32
237.91	49303.61
237.98	49317.83
238.05	49308.93
238.12	49302.02
238.19	49300.91
238.26	49307.50
238.33	49297.07
238.40	49282.55
238.47	49260.65
238.54	49233.83
238.62	49199.19
238.69	49179.94
238.76	49159.25
238.83	49146.43
238.90	49154.70
238.97	49168.04
239.04	49179.05
239.11	49196.89
239.18	49213.70
239.25	49213.50
239.33	49192.58
239.40	49171.56
239.47	49135.42
239.54	49091.17
239.61	49034.59
239.68	48989.06
239.75	48952.01
239.82	48935.30
239.89	48922.03
239.96	48931.75
240.03	48942.11
240.11	48961.06
240.18	48981.01
240.25	48992.75
240.32	48990.09
240.39	48995.28
240.46	48995.37
240.53	49009.71
240.60	49036.94
240.67	49061.75
240.74	49080.27
240.81	49090.48
240.88	49076.68
240.96	49051.12
241.03	49029.30
241.10	49007.55
241.17	48985.82
241.24	48971.55
241.31	48963.37
241.38	48947.99
241.45	48945.34
241.52	48948.04
241.59	48945.72
241.66	48958.24
241.73	48977.57
241.80	48983.10
241.88	48971.90
241.95	48952.51
242.02	48905.92
242.09	48844.91
242.16	48788.39
242.23	48763.68
242.30	48751.10
242.37	48744.77
242.44	48768.87
242.51	48768.90
242.58	48751.70
242.65	48750.10
242.72	48762.05
242.79	48750.49
242.87	48770.81
242.94	48783.95
243.01	48773.00
243.08	48758.96
243.15	48748.20
243.22	48741.11
243.29	48746.05
243.36	48754.22
243.43	48774.80
243.50	48802.93
243.57	48824.88
243.64	48833.35
243.71	48857.46
243.78	48867.12
243.85	48857.13
243.92	48832.97
243.99	48819.28
244.07	48792.58
244.14	48758.16
244.21	48749.47
244.28	48757.19
244.35	48770.80
244.42	48790.18
244.49	48817.14
244.56	48842.21
244.63	48862.66
244.70	48863.61
244.77	48866.58
244.84	48866.93
244.91	48854.05
244.98	48841.10
245.05	48856.31
245.12	48881.07
245.19	48915.07
245.26	48948.06
245.33	48985.80
245.40	49013.14
245.47	49028.11
245.55	49037.86
245.62	49052.84
245.69	49067.36
245.76	49090.82
245.83	49111.36
245.90	49121.38
245.97	49124.64
246.04	49135.74
246.11	49128.45
246.18	49118.06
246.25	49113.46
246.32	49115.55
246.39	49112.05
246.46	49117.42
246.53	49136.78
246.60	49149.09
246.67	49170.94
246.74	49191.75
246.81	49223.70
246.88	49239.48
246.95	49270.75
247.02	49285.37
247.09	49298.62
247.16	49294.60
247.23	49283.50
247.30	49253.44
247.37	49229.80
247.44	49218.59
247.51	49206.32
247.58	49207.90
247.66	49244.42
247.73	49298.96
247.80	49338.87
247.87	49390.18
247.94	49451.86
248.01	49509.03
248.08	49551.39
248.15	49589.57
248.22	49619.02
248.29	49652.23
248.36	49665.69
248.43	49690.10
248.50	49717.56
248.57	49745.04
248.64	49755.97
248.71	49783.25
248.78	49812.56
248.85	49833.36
248.92	49859.29
248.99	49880.29
249.06	49878.01
249.13	49856.26
249.20	49845.78
249.27	49823.26
249.34	49813.98
249.41	49827.97
249.48	49847.26
249.55	49853.83
249.62	49872.09
249.69	49887.02
249.76	49911.55
249.83	49935.05
249.90	49975.02
249.97	50006.10
250.04	50057.94
250.11	50103.82
250.18	50157.77
250.25	50192.36
250.32	50224.76
250.39	50244.39
250.46	50255.96
250.53	50262.13
250.60	50282.53
250.67	50315.77
250.74	50344.18
250.81	50342.63
250.88	50338.43
250.95	50342.11
251.02	50330.31
251.09	50318.05
251.16	50343.86
251.23	50377.92
251.30	50410.14
251.37	50441.88
251.44	50474.48
251.51	50504.06
251.58	50526.19
251.65	50543.02
251.72	50569.67
251.79	50582.24
251.86	50570.88
251.93	50547.79
252.00	50509.06
252.07	50465.11
252.14	50447.48
252.21	50451.29
252.28	50472.81
252.35	50514.97
252.42	50576.20
252.49	50621.71
252.56	50655.68
252.63	50694.75
252.70	50718.88
252.77	50721.87
252.84	50729.42
252.91	50727.00
252.98	50705.61
253.05	50693.53
253.12	50694.84
253.19	50699.31
253.25	50726.88
253.32	50755.92
253.39	50791.48
253.46	50815.59
253.53	50838.21
253.60	50831.98
253.67	50838.31
253.74	50855.42
253.81	50885.64
253.88	50902.90
253.95	50933.95
254.02	50957.61
254.09	50960.60
254.16	50954.90
254.23	50943.30
254.30	50927.80
254.37	50921.70
254.44	50934.73
254.51	50954.47
254.58	50977.20
254.65	50998.38
254.72	51001.93
254.79	50971.72
254.86	50945.31
254.93	50917.79
255.00	50914.23
255.07	50920.18
255.14	50946.20
255.21	50941.81
255.28	50936.12
255.34	50908.52
255.41	50904.75
255.48	50905.07
255.55	50927.98
255.62	50956.75
255.69	50995.92
255.76	51019.26
255.83	51043.52
255.90	51060.57
255.97	51082.85
256.04	51083.70
256.11	51086.71
256.18	51077.11
256.25	51062.01
256.32	51035.57
256.39	51013.53
256.46	50983.28
256.53	50954.48
256.60	50926.87
256.67	50909.62
256.74	50902.45
256.80	50893.85
256.87	50879.46
256.94	50868.62
257.01	50857.46
257.08	50850.88
257.15	50850.44
257.22	50858.75
257.29	50856.15
257.36	50852.16
257.43	50851.18
257.50	50838.93
257.57	50815.03
257.64	50817.11
257.71	50803.25
257.78	50785.98
257.85	50777.24
257.92	50785.88
257.98	50780.75
258.05	50782.40
258.12	50775.84
258.19	50755.28
258.26	50712.05
258.33	50655.02
258.40	50614.35
258.47	50576.95
258.54	50565.05
258.61	50578.57
258.68	50605.45
258.75	50629.13
258.82	50652.02
258.89	50639.89
258.95	50602.22
259.02	50567.49
259.09	50524.11
259.16	50463.19
259.23	50411.48
259.30	50381.55
259.37	50356.04
259.44	50332.40
259.51	50329.23
259.58	50338.96
259.65	50330.05
259.72	50313.20
259.79	50284.23
259.85	50245.69
259.92	50207.75
259.99	50198.81
260.06	50191.29
260.13	50181.83
260.20	50174.28
260.27	50148.46
260.34	50096.46
260.41	50034.73
260.48	49988.45
260.55	49955.73
260.62	49922.34
260.68	49887.81
260.75	49871.35
260.82	49861.28
260.89	49842.81
260.96	49828.60
261.03	49827.48
261.10	49815.33
261.17	49799.43
261.24	49773.80
261.31	49742.60
261.38	49701.20
261.44	49656.44
261.51	49606.90
261.58	49567.23
261.65	49536.59
261.72	49497.39
261.79	49448.77
261.86	49399.87
261.93	49355.32
262.00	49317.02
262.07	49285.25
262.13	49267.40
262.20	49248.05
262.27	49221.11
262.34	49190.93
262.41	49150.91
262.48	49103.85
262.55	49065.13
262.62	49017.13
262.69	48959.14
262.76	48913.00
262.82	48873.07
262.89	48825.94
262.96	48781.57
263.03	48750.69
263.10	48719.53
263.17	48667.52
263.24	48614.45
263.31	48578.13
263.38	48539.32
263.44	48511.72
263.51	48489.91
263.58	48469.85
263.65	48433.58
263.72	48389.37
263.79	48320.98
263.86	48259.84
263.93	48205.11
264.00	48160.29
264.06	48123.53
264.13	48105.44
264.20	48091.64
264.27	48055.41
264.34	48024.42
264.41	47985.95
264.48	47941.14
264.55	47899.97
264.61	47877.76
264.68	47839.20
264.75	47804.60
264.82	47745.55
264.89	47671.91
264.96	47593.95
265.03	47522.88
265.10	47463.87
265.16	47434.59
265.23	47421.33
265.30	47414.31
265.37	47394.35
265.44	47370.31
265.51	47345.56
265.58	47310.14
265.65	47255.98
265.71	47205.89
265.78	47162.35
265.85	47102.54
265.92	47039.96
265.99	46982.76
266.06	46942.53
266.13	46880.60
266.20	46834.86
266.26	46808.23
266.33	46779.15
266.40	46724.16
266.47	46668.51
266.54	46591.80
266.61	46514.40
266.68	46446.57
266.74	46389.24
266.81	46344.38
266.88	46311.69
266.95	46260.33
267.02	46221.10
267.09	46178.08
267.16	46129.83
267.22	46093.14
267.29	46071.31
267.36	46047.30
267.43	46022.88
267.50	45989.54
267.57	45947.67
267.64	45899.92
267.70	45855.31
267.77	45800.97
267.84	45758.30
267.91	45712.95
267.98	45661.51
268.05	45588.31
268.11	45528.09
268.18	45461.95
268.25	45393.65
268.32	45341.50
268.39	45295.96
268.46	45263.28
268.53	45247.60
268.59	45241.63
268.66	45223.03
268.73	45208.05
268.80	45180.58
268.87	45129.50
268.94	45084.55
269.00	45042.60
269.07	44990.72
269.14	44945.59
269.21	44911.77
269.28	44871.65
269.35	44828.75
269.41	44792.63
269.48	44749.64
269.55	44691.12
269.62	44623.59
269.69	44565.63
269.76	44498.26
269.82	44432.56
269.89	44391.57
269.96	44366.39
270.03	44335.46
270.10	44321.65
270.17	44297.12
270.23	44267.14
270.30	44229.85
270.37	44199.24
270.44	44162.28
270.51	44137.87
270.58	44111.23
270.64	44085.62
270.71	44044.07
270.78	44003.25
270.85	43955.65
270.92	43898.25
270.99	43845.87
271.05	43798.97
271.12	43753.00
271.19	43704.82
271.26	43658.54
271.33	43609.94
271.39	43569.54
271.46	43515.00
271.53	43481.12
271.60	43456.75
271.67	43436.37
271.74	43409.50
271.80	43399.49
271.87	43386.54
271.94	43359.65
272.01	43312.93
272.08	43272.32
272.14	43226.59
272.21	43184.92
272.28	43157.48
272.35	43141.06
272.42	43119.40
272.48	43109.39
272.55	43088.26
272.62	43070.18
272.69	43062.35
272.76	43062.86
272.83	43038.25
272.89	43021.30
272.96	42991.12
273.03	42944.77
273.10	42888.57
273.17	42848.00
273.23	42797.68
273.30	42754.65
273.37	42720.02
273.44	42694.25
273.51	42673.23
273.57	42662.69
273.64	42650.53
273.71	42644.60
273.78	42630.54
273.85	42611.84
273.91	42583.67
273.98	42568.80
274.05	42540.49
274.12	42514.30
274.19	42488.41
274.25	42463.23
274.32	42431.13
274.39	42387.46
274.46	42335.51
274.53	42275.68
274.59	42212.39
274.66	42153.69
274.73	42112.46
274.80	42077.85
274.86	42051.69
274.93	42041.08
275.00	42022.34
275.07	41998.06
275.14	41971.14
275.20	41933.98
275.27	41897.20
275.34	41852.62
275.41	41814.68
275.48	41794.64
275.54	41785.62
275.61	41766.16
275.68	41748.96
275.75	41726.43
275.81	41692.60
275.88	41659.26
275.95	41626.06
276.02	41587.69
276.09	41550.66
276.15	41511.86
276.22	41479.88
276.29	41455.26
276.36	41427.77
276.42	41397.32
276.49	41363.45
276.56	41307.87
276.63	41239.80
276.70	41191.48
276.76	41166.35
276.83	41150.95
276.90	41151.47
276.97	41155.69
277.03	41161.53
277.10	41152.89
277.17	41145.98
277.24	41134.22
277.30	41117.26
277.37	41090.30
277.44	41068.73
277.51	41030.78
277.58	40990.94
277.64	40951.74
277.71	40923.22
277.78	40881.97
277.85	40838.75
277.91	40798.33
277.98	40762.23
278.05	40711.75
278.12	40672.40
278.18	40641.22
278.25	40613.18
278.32	40592.96
278.39	40590.84
278.45	40584.73
278.52	40577.48
278.59	40560.28
278.66	40534.91
278.72	40502.24
278.79	40470.09
278.86	40442.00
278.93	40430.14
278.99	40420.71
279.06	40404.14
279.13	40386.51
279.20	40375.52
279.26	40358.70
279.33	40338.10
279.40	40308.39
279.47	40278.03
279.53	40240.90
279.60	40203.57
279.67	40170.47
279.74	40135.35
279.80	40106.04
279.87	40080.86
279.94	40047.19
280.01	40019.74
280.07	39990.82
280.14	39957.06
280.21	39921.18
280.28	39884.12
280.34	39836.24
280.41	39798.93
280.48	39754.14
280.55	39711.64
280.61	39684.49
280.68	39668.55
280.75	39648.86
280.82	39622.17
280.88	39589.16
280.95	39530.52
281.02	39463.40
281.08	39398.62
281.15	39339.62
281.22	39277.85
281.29	39224.02
281.35	39160.75
281.42	39104.70
281.49	39041.88
281.56	38987.81
281.62	38957.19
281.69	38928.20
281.76	38898.56
281.82	38881.57
281.89	38867.55
281.96	38832.22
282.03	38800.67
282.09	38764.16
282.16	38729.30
282.23	38684.43
282.30	38645.12
282.36	38613.75
282.43	38592.96
282.50	38574.97
282.56	38539.71
282.63	38518.52
282.70	38492.90
282.77	38468.87
282.83	38442.85
282.90	38435.99
282.97	38416.59
283.03	38401.20
283.10	38385.76
283.17	38365.65
283.24	38337.75
283.30	38308.81
283.37	38281.21
283.44	38236.98
283.50	38195.47
283.57	38155.30
283.64	38100.91
283.71	38040.46
283.77	37998.20
283.84	37968.85
283.91	37937.33
283.97	37930.92
284.04	37933.24
284.11	37919.97
284.18	37901.04
284.24	37893.57
284.31	37881.55
284.38	37863.46
284.44	37856.18
284.51	37848.92
284.58	37840.65
284.64	37824.11
284.71	37810.38
284.78	37790.04
284.85	37769.30
284.91	37749.54
284.98	37731.79
285.05	37693.98
285.11	37660.12
285.18	37625.48
285.25	37595.52
285.31	37575.58
285.38	37567.77
285.45	37561.46
285.52	37553.43
285.58	37533.90
285.65	37505.54
285.72	37478.07
285.78	37452.61
285.85	37435.19
285.92	37419.80
285.98	37401.91
286.05	37390.27
286.12	37376.00
286.18	37357.00
286.25	37336.47
286.32	37316.82
286.39	37295.02
286.45	37271.68
286.52	37237.46
286.59	37208.45
286.65	37189.86
286.72	37182.72
286.79	37180.03
286.85	37184.23
286.92	37184.94
286.99	37180.24
287.05	37158.90
287.12	37146.09
287.19	37132.48
287.25	37127.12
287.32	37115.80
287.39	37115.14
287.45	37103.48
287.52	37089.04
287.59	37077.30
287.65	37065.89
287.72	37043.51
287.79	37011.50
287.86	36978.40
287.92	36940.73
287.99	36914.95
288.06	36906.76
288.12	36889.83
288.19	36884.12
288.26	36864.59
288.32	36842.56
288.39	36814.85
288.46	36812.55
288.52	36804.88
288.59	36811.99
288.66	36820.93
288.72	36820.51
288.79	36811.20
288.86	36796.63
288.92	36777.81
288.99	36749.05
289.06	36727.03
289.12	36697.82
289.19	36679.52
289.26	36664.94
289.32	36659.67
289.39	36650.34
289.45	36652.63
289.52	36642.81
289.59	36640.69
289.65	36628.79
289.72	36615.07
289.79	36601.05
289.85	36590.40
289.92	36571.83
289.99	36560.92
290.05	36551.49
290.12	36536.15
290.19	36519.97
290.25	36494.24
290.32	36469.14
290.39	36460.79
290.45	36452.59
290.52	36450.72
290.59	36457.78
290.65	36453.86
290.72	36433.26
290.79	36417.80
290.85	36407.39
290.92	36402.55
290.98	36397.52
291.05	36397.14
291.12	36389.81
291.18	36380.57
291.25	36365.20
291.32	36353.95
291.38	36335.74
291.45	36315.30
291.52	36296.53
291.58	36274.22
291.65	36258.14
291.72	36250.95
291.78	36248.54
291.85	36231.59
291.91	36218.57
291.98	36210.63
292.05	36191.97
292.11	36177.86
292.18	36173.03
292.25	36168.52
292.31	36145.74
292.38	36137.84
292.45	36135.04
292.51	36127.40
292.58	36113.62
292.64	36112.10
292.71	36100.28
292.78	36085.24
292.84	36066.93
292.91	36054.23
292.98	36038.15
293.04	36027.77
293.11	36010.00
293.17	35993.47
293.24	35987.39
293.31	35985.26
293.37	35978.77
293.44	35967.69
293.51	35963.29
293.57	35942.10
293.64	35921.65
293.70	35903.99
293.77	35889.05
293.84	35870.64
293.90	35859.35
293.97	35855.80
294.04	35847.48
294.10	35838.94
294.17	35835.56
294.23	35828.15
294.30	35809.03
294.37	35787.77
294.43	35772.32
294.50	35750.34
294.56	35735.04
294.63	35719.00
294.70	35707.11
294.76	35697.63
294.83	35689.83
294.90	35682.44
294.96	35674.50
295.03	35669.11
295.09	35663.51
295.16	35663.55
295.23	35646.56
295.29	35636.90
295.36	35620.94
295.42	35594.60
295.49	35566.05
295.56	35560.85
295.62	35550.18
295.69	35536.30
295.75	35532.65
295.82	35532.95
295.89	35510.81
295.95	35480.61
296.02	35457.10
296.08	35424.99
296.15	35383.69
296.22	35362.90
296.28	35351.25
296.35	35343.14
296.41	35330.81
296.48	35327.82
296.55	35322.33
296.61	35312.32
296.68	35311.03
296.74	35312.38
296.81	35311.50
296.88	35295.17
296.94	35275.00
297.01	35239.19
297.07	35212.47
297.14	35192.23
297.20	35182.43
297.27	35181.08
297.34	35195.38
297.40	35199.90
297.47	35184.66
297.53	35170.42
297.60	35151.87
297.67	35123.68
297.73	35102.92
297.80	35088.43
297.86	35057.72
297.93	35030.78
298.00	35013.24
298.06	34990.40
298.13	34979.86
298.19	34972.93
298.26	34967.16
298.32	34964.05
298.39	34956.75
298.46	34931.37
298.52	34914.20
298.59	34885.75
298.65	34844.91
298.72	34817.06
298.78	34796.57
298.85	34778.53
298.92	34764.47
298.98	34751.47
299.05	34731.60
299.11	34707.71
299.18	34675.96
299.24	34643.46
299.31	34601.16
299.38	34567.91
299.44	34544.71
299.51	34533.28
299.57	34526.92
299.64	34524.41
299.70	34518.37
299.77	34499.38
299.84	34473.93
299.90	34432.97
299.97	34393.15
300.03	34359.58
300.10	34338.52
300.16	34314.18
300.23	34299.24
300.30	34289.87
300.36	34264.83
300.43	34243.61
300.49	34215.48
300.56	34194.11
300.62	34167.85
300.69	34145.61
300.75	34118.21
300.82	34091.74
300.89	34065.84
300.95	34038.64
301.02	33998.27
301.08	33958.51
301.15	33929.96
301.21	33893.03
301.28	33866.74
301.34	33850.69
301.41	33822.61
301.48	33797.26
301.54	33770.11
301.61	33742.30
301.67	33711.53
301.74	33685.30
301.80	33649.11
301.87	33607.34
301.93	33558.29
302.00	33513.82
302.06	33467.08
302.13	33419.65
302.20	33392.71
302.26	33362.17
302.33	33337.66
302.39	33307.96
302.46	33277.24
302.52	33231.82
302.59	33190.83
302.65	33144.30
302.72	33097.86
302.78	33061.66
302.85	33033.69
302.91	32995.07
302.98	32960.39
303.05	32928.11
303.11	32889.25
303.18	32839.19
303.24	32803.67
303.31	32757.05
303.37	32716.95
303.44	32679.10
303.50	32643.33
303.57	32594.86
303.63	32548.27
303.70	32501.95
303.76	32448.76
303.83	32403.07
303.89	32356.99
303.96	32314.15
304.03	32266.95
304.09	32217.33
304.16	32160.34
304.22	32106.73
304.29	32057.93
304.35	32006.03
304.42	31966.73
304.48	31918.00
304.55	31867.90
304.61	31812.46
304.68	31764.44
304.74	31708.17
304.81	31663.90
304.87	31611.33
304.94	31565.25
305.00	31515.95
305.07	31456.70
305.13	31392.85
305.20	31335.25
305.26	31277.40
305.33	31218.11
305.39	31169.34
305.46	31114.62
305.52	31066.86
305.59	31021.34
305.66	30970.70
305.72	30921.73
305.79	30872.93
305.85	30819.81
305.92	30731.25
305.98	30614.95
306.05	30470.22
306.11	30317.28
306.18	30154.83
306.24	30015.45
306.31	29944.58
306.37	29934.24
306.44	29974.16
306.50	30033.51
306.57	30095.12
306.63	30121.49
306.70	30099.11
306.76	30037.44
306.83	29972.95
306.89	29900.67
306.96	29825.25
307.02	29764.11
307.09	29713.68
307.15	29654.15
307.22	29605.33
307.28	29550.99
307.35	29494.85
307.41	29421.12
307.48	29346.83
307.54	29275.30
307.61	29209.94
307.67	29136.88
307.74	29080.01
307.80	29030.03
307.87	28974.47
307.93	28919.40
308.00	28869.92
308.06	28817.17
308.13	28755.22
308.19	28692.18
308.26	28629.19
308.32	28573.90
308.38	28512.79
308.45	28449.39
308.51	28397.38
308.58	28339.19
308.64	28274.71
308.71	28214.33
308.77	28160.22
308.84	28088.78
308.90	28033.95
308.97	27974.66
309.03	27921.89
309.10	27864.55
309.16	27806.69
309.23	27730.75
309.29	27658.78
309.36	27568.85
309.42	27482.08
309.49	27411.30
309.55	27346.83
309.62	27281.44
309.68	27238.78
309.75	27185.71
309.81	27117.46
309.88	27060.13
309.94	26996.73
310.00	26927.88
310.07	26856.01
310.13	26800.43
310.20	26723.95
310.26	26664.34
310.33	26595.78
310.39	26542.26
310.46	26477.47
310.52	26422.73
310.59	26352.94
310.65	26292.15
310.72	26227.91
310.78	26164.78
310.85	26101.06
310.91	26048.42
310.97	25991.15
311.04	25933.42
311.10	25876.63
311.17	25821.68
311.23	25759.23
311.30	25704.03
311.36	25647.12
311.43	25594.28
311.49	25536.40
311.56	25484.53
311.62	25427.50
311.69	25371.63
311.75	25319.35
311.81	25260.74
311.88	25190.81
311.94	25124.76
312.01	25075.16
312.07	25010.02
312.14	24962.17
312.20	24923.38
312.27	24881.85
312.33	24818.73
312.40	24755.55
312.46	24690.65
312.52	24625.81
312.59	24557.38
312.65	24491.10
312.72	24427.00
312.78	24361.42
312.85	24299.12
312.91	24236.91
312.98	24177.04
313.04	24130.38
313.10	24079.77
313.17	24024.23
313.23	23973.68
313.30	23926.44
313.36	23863.34
313.43	23799.09
313.49	23742.80
313.56	23679.90
313.62	23613.43
313.68	23556.22
313.75	23507.42
313.81	23454.38
313.88	23401.63
313.94	23354.40
314.01	23309.26
314.07	23259.99
314.13	23207.64
314.20	23155.34
314.26	23099.38
314.33	23045.77
314.39	22987.00
314.46	22918.85
314.52	22871.21
314.58	22816.78
314.65	22762.42
314.71	22701.80
314.78	22653.08
314.84	22588.13
314.91	22532.84
314.97	22473.31
315.03	22422.61
315.10	22374.20
315.16	22318.42
315.23	22267.98
315.29	22222.65
315.36	22176.84
315.42	22129.90
315.48	22084.27
315.55	22038.48
315.61	21979.38
315.68	21928.07
315.74	21870.08
315.81	21810.42
315.87	21744.34
315.93	21703.43
316.00	21666.75
316.06	21633.50
316.13	21609.65
316.19	21561.21
316.25	21467.02
316.32	21326.71
316.38	21155.89
316.45	20940.40
316.51	20716.68
316.58	20483.46
316.64	20243.36
316.70	20009.00
316.77	19769.65
316.83	19522.05
316.90	19274.49
316.96	19034.38
317.02	18779.56
317.09	18539.69
317.15	18298.36
317.22	18054.06
317.28	17807.56
317.34	17564.71
317.41	17316.15
317.47	17077.22
317.54	16834.08
317.60	16592.46
317.66	16345.19
317.73	16098.06
317.79	15848.87
317.86	15607.14
317.92	15359.93
317.98	15110.29
318.05	14857.79
318.11	14606.80
318.18	14359.28
318.24	14106.65
318.30	13857.64
318.37	13610.75
318.43	13353.05
318.50	13085.21
318.56	12821.37
318.62	12560.25
318.69	12290.06
318.75	12026.80
318.82	11755.40
318.88	11487.65
318.94	11214.31
319.01	10942.67
319.07	10667.52
319.13	10397.17
319.20	10120.66
319.26	9837.78
319.33	9554.71
319.39	9266.50
319.45	8984.18
319.52	8703.64
319.58	8421.69
319.65	8140.82
319.71	7861.57
319.77	7580.07
319.84	7297.65
319.90	7025.42
319.96	6751.60
320.03	6481.51
320.09	6220.79
320.16	5957.81
320.22	5704.67
320.28	5456.99
320.35	5217.48
320.41	4982.16
320.47	4759.53
320.54	4534.23
320.60	4324.87
320.67	4121.73
320.73	3925.49
320.79	3732.67
320.86	3554.65
320.92	3378.31
320.98	3213.51
321.05	3056.37
321.11	2905.07
321.18	2763.10
321.24	2631.63
321.30	2500.00
321.37	2379.65
321.43	2275.29
321.49	2172.84
321.56	2075.79
321.62	1991.25
321.68	1902.83
321.75	1819.46
321.81	1744.38
321.88	1671.43
321.94	1606.34
322.00	1547.30
322.07	1484.02
322.13	1423.54
322.19	1364.42
322.26	1302.65
322.32	1247.16
322.38	1200.17
322.45	1157.61
322.51	1114.44
322.58	1076.76
322.64	1032.35
322.70	991.28
322.77	942.54
322.83	906.14
322.89	860.60
322.96	819.16
323.02	778.59
323.08	740.41
323.15	699.07
323.21	664.07
323.27	630.48
323.34	596.46
323.40	564.16
323.46	530.73
323.53	492.90
323.59	414.37
323.65	310.32
323.72	193.56
323.78	83.36
323.85	-16.04
323.91	-66.57
323.97	-85.59
324.04	-86.71
