180.21	3438.52
180.28	-127.05
180.36	636.04
180.44	-43.89
180.51	-9.37
180.59	17.88
180.66	49.38
180.74	49.21
180.81	50.47
180.89	54.26
180.97	56.06
181.04	55.18
181.12	55.16
181.19	56.87
181.27	57.90
181.34	76.39
181.42	83.81
181.50	91.83
181.57	103.49
181.65	109.19
181.72	103.99
181.80	100.43
181.87	103.67
181.95	108.34
182.03	113.97
182.10	124.25
182.18	135.69
182.25	152.53
182.33	165.09
182.40	184.16
182.48	192.86
182.55	217.48
182.63	232.27
182.71	247.00
182.78	260.51
182.86	269.63
182.93	259.39
183.01	251.06
183.08	238.29
183.16	233.84
183.23	233.73
183.31	256.63
183.39	280.69
183.46	322.08
183.54	355.65
183.61	402.22
183.69	447.28
183.76	502.46
183.84	548.98
183.91	599.78
183.99	651.79
184.06	694.57
184.14	742.59
184.22	774.97
184.29	783.37
184.37	785.19
184.44	759.98
184.52	683.40
184.59	605.57
184.67	552.83
184.74	502.65
184.82	502.01
184.89	555.40
184.97	642.58
185.04	734.00
185.12	830.55
185.20	922.60
185.27	1017.54
185.35	1099.04
185.42	1162.43
185.50	1236.04
185.57	1287.71
185.65	1343.64
185.72	1412.55
185.80	1486.18
185.87	1551.47
185.95	1634.74
186.02	1685.81
186.10	1688.50
186.17	1651.07
186.25	1529.28
186.33	1350.28
186.40	1201.84
186.48	1117.42
186.55	1109.43
186.63	1194.63
186.70	1360.30
186.78	1514.66
186.85	1652.96
186.93	1769.37
187.00	1899.40
187.08	2004.31
187.15	2133.37
187.23	2263.11
187.30	2378.72
187.38	2496.90
187.45	2629.35
187.53	2723.18
187.60	2815.15
187.68	2933.51
187.75	3008.64
187.83	3050.63
187.90	3091.51
187.98	3082.34
188.05	2962.93
188.13	2739.24
188.21	2491.77
188.28	2285.45
188.36	2135.94
188.43	2119.55
188.51	2259.34
188.58	2468.10
188.66	2657.17
188.73	2853.02
188.81	3031.48
188.88	3190.73
188.96	3324.87
189.03	3473.03
189.11	3608.79
189.18	3718.03
189.26	3826.15
189.33	3948.12
189.41	4042.16
189.48	4133.35
189.56	4240.42
189.63	4315.32
189.71	4367.14
189.78	4423.08
189.86	4438.16
189.93	4405.46
190.01	4332.70
190.08	4167.69
190.16	3885.85
190.23	3600.24
190.31	3401.95
190.38	3299.57
190.46	3332.17
190.53	3509.96
190.61	3753.99
190.68	3962.88
190.76	4160.35
190.83	4329.62
190.91	4490.79
190.98	4621.00
191.06	4767.49
191.13	4890.60
191.21	4997.08
191.28	5101.48
191.35	5212.32
191.43	5286.78
191.50	5363.31
191.58	5448.50
191.65	5503.75
191.73	5544.23
191.80	5583.71
191.88	5592.07
191.95	5586.31
192.03	5586.37
192.10	5571.86
192.18	5535.35
192.25	5448.68
192.33	5275.53
192.40	5077.19
192.48	4923.61
192.55	4832.01
192.63	4839.24
192.70	4974.16
192.78	5165.22
192.85	5356.59
192.93	5529.45
193.00	5674.27
193.08	5809.07
193.15	5923.63
193.22	6020.83
193.30	6107.72
193.37	6198.62
193.45	6262.38
193.52	6329.46
193.60	6386.60
193.67	6435.78
193.75	6475.03
193.82	6509.20
193.90	6528.16
193.97	6555.85
194.05	6582.53
194.12	6607.56
194.20	6648.39
194.27	6691.84
194.34	6714.97
194.42	6730.21
194.49	6739.41
194.57	6714.93
194.64	6642.11
194.72	6566.32
194.79	6500.01
194.87	6457.84
194.94	6463.12
195.02	6525.61
195.09	6612.73
195.17	6713.32
195.24	6812.30
195.31	6894.03
195.39	6972.51
195.46	7044.13
195.54	7111.22
195.61	7167.08
195.69	7211.55
195.76	7248.83
195.84	7283.09
195.91	7293.88
195.99	7295.55
196.06	7304.21
196.13	7315.03
196.21	7327.50
196.28	7351.04
196.36	7383.26
196.43	7411.54
196.51	7440.53
196.58	7468.61
196.66	7493.70
196.73	7520.31
196.80	7548.42
196.88	7576.08
196.95	7602.67
197.03	7627.27
197.10	7626.63
197.18	7620.37
197.25	7613.49
197.33	7616.93
197.40	7632.07
197.47	7654.95
197.55	7694.80
197.62	7731.85
197.70	7758.79
197.77	7783.04
197.85	7819.63
197.92	7843.11
197.99	7865.97
198.07	7891.31
198.14	7909.92
198.22	7931.81
198.29	7954.46
198.37	7981.57
198.44	8013.79
198.51	8047.54
198.59	8076.30
198.66	8114.73
198.74	8146.92
198.81	8173.17
198.89	8196.14
198.96	8217.46
199.03	8230.94
199.11	8253.52
199.18	8271.75
199.26	8292.76
199.33	8321.62
199.41	8349.78
199.48	8364.94
199.55	8378.60
199.63	8385.13
199.70	8396.70
199.78	8411.80
199.85	8437.48
199.93	8473.43
200.00	8522.34
200.07	8560.12
200.15	8604.59
200.22	8647.15
200.30	8677.84
200.37	8707.72
200.44	8735.39
200.52	8757.43
200.59	8788.79
200.67	8816.19
200.74	8836.31
200.81	8862.42
200.89	8885.22
200.96	8909.99
201.04	8936.69
201.11	8971.18
201.19	9002.25
201.26	9027.87
201.33	9044.78
201.41	9072.35
201.48	9105.16
201.56	9146.32
201.63	9204.38
201.70	9252.52
201.78	9298.29
201.85	9343.18
201.93	9378.72
202.00	9405.65
202.07	9442.03
202.15	9473.39
202.22	9499.79
202.30	9529.06
202.37	9558.52
202.44	9592.38
202.52	9635.69
202.59	9679.82
202.67	9718.18
202.74	9760.40
202.81	9796.63
202.89	9828.91
202.96	9863.37
203.04	9912.51
203.11	9959.49
203.18	10018.09
203.26	10074.76
203.33	10129.43
203.41	10173.91
203.48	10217.14
203.55	10238.31
203.63	10269.78
203.70	10305.36
203.77	10346.40
203.85	10390.67
203.92	10443.69
204.00	10507.54
204.07	10564.31
204.14	10624.74
204.22	10681.10
204.29	10741.28
204.37	10782.41
204.44	10824.90
204.51	10872.54
204.59	10918.52
204.66	10968.08
204.73	11026.22
204.81	11091.75
204.88	11152.64
204.96	11216.40
205.03	11274.05
205.10	11320.73
205.18	11363.52
205.25	11406.22
205.32	11458.90
205.40	11512.46
205.47	11575.97
205.55	11642.37
205.62	11715.54
205.69	11788.64
205.77	11859.87
205.84	11929.57
205.91	11998.36
205.99	12061.76
206.06	12111.69
206.14	12174.34
206.21	12240.43
206.28	12307.20
206.36	12374.18
206.43	12447.48
206.50	12519.75
206.58	12583.15
206.65	12643.16
206.72	12702.79
206.80	12761.09
206.87	12823.25
206.95	12901.64
207.02	12990.01
207.09	13083.44
207.17	13190.74
207.24	13291.03
207.31	13382.62
207.39	13466.58
207.46	13548.42
207.53	13618.83
207.61	13695.35
207.68	13768.61
207.75	13847.63
207.83	13931.85
207.90	14017.22
207.98	14091.59
208.05	14178.86
208.12	14263.48
208.20	14344.06
208.27	14421.35
208.34	14506.62
208.42	14577.86
208.49	14648.13
208.56	14716.17
208.64	14797.38
208.71	14880.17
208.78	14969.62
208.86	15076.15
208.93	15187.27
209.00	15292.74
209.08	15389.50
209.15	15497.59
209.22	15604.47
209.30	15705.20
209.37	15810.53
209.44	15932.48
209.52	16046.53
209.59	16143.93
209.67	16242.83
209.74	16332.25
209.81	16430.60
209.89	16526.77
209.96	16622.46
210.03	16718.87
210.11	16817.79
210.18	16899.36
210.25	16996.69
210.33	17098.79
210.40	17200.73
210.47	17317.14
210.55	17440.88
210.62	17545.74
210.69	17646.00
210.77	17757.92
210.84	17867.57
210.91	17987.46
210.99	18105.75
211.06	18239.08
211.13	18370.91
211.21	18493.97
211.28	18598.51
211.35	18720.72
211.42	18837.83
211.50	18947.08
211.57	19053.76
211.64	19167.86
211.72	19268.98
211.79	19363.35
211.86	19468.29
211.94	19592.85
212.01	19711.99
212.08	19841.77
212.16	19974.98
212.23	20109.55
212.30	20234.42
212.38	20363.42
212.45	20487.69
212.52	20611.79
212.60	20742.29
212.67	20871.31
212.74	21001.45
212.82	21131.02
212.89	21265.21
212.96	21388.61
213.03	21522.31
213.11	21660.68
213.18	21796.38
213.25	21935.25
213.33	22069.19
213.40	22195.66
213.47	22315.30
213.55	22428.22
213.62	22537.70
213.69	22654.96
213.77	22771.48
213.84	22897.91
213.91	23050.21
213.98	23199.83
214.06	23347.62
214.13	23498.79
214.20	23646.83
214.28	23795.79
214.35	23941.97
214.42	24085.27
214.50	24232.03
214.57	24370.12
214.64	24493.54
214.72	24624.84
214.79	24750.53
214.86	24878.19
214.93	25008.67
215.01	25147.40
215.08	25269.73
215.15	25396.51
215.23	25507.14
215.30	25632.85
215.37	25752.44
215.44	25904.40
215.52	26070.05
215.59	26241.65
215.66	26405.06
215.74	26561.41
215.81	26705.79
215.88	26845.97
215.95	26982.33
216.03	27117.89
216.10	27257.15
216.17	27402.92
216.25	27546.73
216.32	27700.84
216.39	27856.53
216.46	28009.99
216.54	28147.79
216.61	28281.53
216.68	28411.64
216.76	28542.49
216.83	28682.07
216.90	28829.18
216.97	28985.48
217.05	29141.09
217.12	29282.53
217.19	29399.32
217.27	29492.33
217.34	29581.11
217.41	29680.42
217.48	29796.05
217.56	29933.11
217.63	30101.31
217.70	30271.01
217.78	30437.05
217.85	30599.45
217.92	30773.23
217.99	30937.74
218.07	31079.38
218.14	31213.24
218.21	31357.44
218.28	31494.73
218.36	31635.70
218.43	31790.40
218.50	31945.76
218.57	32076.25
218.65	32197.46
218.72	32314.07
218.79	32433.26
218.87	32554.46
218.94	32691.45
219.01	32823.05
219.08	32953.97
219.16	33087.34
219.23	33210.12
219.30	33331.83
219.37	33464.29
219.45	33596.48
219.52	33737.61
219.59	33875.71
219.66	34007.12
219.74	34142.23
219.81	34302.25
219.88	34443.21
219.95	34585.53
220.03	34734.97
220.10	34879.65
220.17	34993.60
220.24	35115.48
220.32	35242.97
220.39	35363.34
220.46	35473.63
220.53	35597.98
220.61	35714.47
220.68	35835.49
220.75	35960.35
220.82	36094.28
220.90	36203.37
220.97	36302.39
221.04	36393.86
221.11	36488.64
221.19	36587.47
221.26	36703.91
221.33	36840.41
221.40	36974.08
221.48	37110.26
221.55	37241.31
221.62	37372.25
221.69	37500.32
221.77	37629.49
221.84	37750.11
221.91	37865.00
221.98	37982.76
222.06	38107.54
222.13	38236.88
222.20	38353.80
222.27	38469.79
222.35	38573.28
222.42	38665.09
222.49	38743.49
222.56	38821.84
222.63	38908.08
222.71	39005.73
222.78	39116.48
222.85	39232.41
222.92	39358.31
223.00	39461.85
223.07	39551.22
223.14	39628.54
223.21	39714.22
223.29	39805.60
223.36	39931.00
223.43	40062.69
223.50	40199.19
223.57	40332.00
223.65	40465.81
223.72	40578.32
223.79	40683.89
223.86	40778.57
223.94	40876.85
224.01	40960.06
224.08	41022.98
224.15	41085.26
224.22	41151.19
224.30	41200.40
224.37	41268.10
224.44	41354.10
224.51	41452.71
224.59	41548.09
224.66	41664.23
224.73	41768.23
224.80	41871.30
224.87	41972.93
224.95	42077.49
225.02	42176.39
225.09	42263.70
225.16	42348.60
225.23	42436.08
225.31	42522.83
225.38	42607.11
225.45	42702.98
225.52	42795.89
225.60	42869.82
225.67	42925.02
225.74	42965.18
225.81	43002.40
225.88	43052.58
225.96	43134.10
226.03	43248.51
226.10	43378.06
226.17	43507.67
226.24	43630.55
226.32	43717.69
226.39	43780.77
226.46	43836.52
226.53	43894.64
226.60	43947.64
226.68	44008.63
226.75	44084.11
226.82	44158.12
226.89	44226.21
226.96	44293.03
227.04	44344.43
227.11	44386.41
227.18	44429.37
227.25	44467.25
227.32	44520.85
227.40	44590.48
227.47	44657.97
227.54	44723.47
227.61	44796.08
227.68	44861.39
227.76	44937.24
227.83	45016.56
227.90	45090.49
227.97	45152.58
228.04	45213.97
228.11	45253.68
228.19	45291.01
228.26	45346.57
228.33	45411.95
228.40	45473.49
228.47	45544.95
228.55	45614.11
228.62	45682.61
228.69	45740.51
228.76	45799.74
228.83	45851.39
228.90	45902.91
228.98	45951.42
229.05	46014.96
229.12	46087.28
229.19	46161.26
229.26	46235.88
229.34	46284.81
229.41	46334.97
229.48	46371.93
229.55	46413.38
229.62	46457.95
229.69	46512.24
229.77	46550.72
229.84	46581.53
229.91	46615.57
229.98	46638.51
230.05	46674.69
230.12	46720.83
230.20	46786.94
230.27	46854.17
230.34	46928.02
230.41	46994.81
230.48	47048.51
230.55	47094.50
230.63	47130.48
230.70	47170.20
230.77	47194.36
230.84	47221.90
230.91	47253.67
230.98	47289.48
231.06	47329.42
231.13	47392.46
231.20	47468.13
231.27	47528.56
231.34	47581.88
231.41	47637.88
231.49	47687.27
231.56	47733.13
231.63	47780.15
231.70	47835.94
231.77	47862.19
231.84	47880.74
231.92	47888.96
231.99	47903.44
232.06	47916.06
232.13	47953.91
232.20	48002.80
232.27	48052.33
232.34	48091.90
232.42	48118.27
232.49	48140.59
232.56	48172.63
232.63	48222.93
232.70	48282.86
232.77	48351.32
232.85	48419.20
232.92	48466.39
232.99	48484.07
233.06	48501.07
233.13	48519.15
233.20	48520.05
233.27	48526.61
233.35	48537.96
233.42	48535.83
233.49	48544.29
233.56	48569.60
233.63	48588.22
233.70	48606.44
233.77	48641.38
233.85	48665.15
233.92	48691.26
233.99	48718.32
234.06	48765.93
234.13	48810.44
234.20	48861.31
234.27	48892.23
234.35	48921.27
234.42	48929.28
234.49	48929.02
234.56	48928.93
234.63	48925.64
234.70	48916.27
234.77	48905.23
234.84	48884.07
234.92	48854.06
234.99	48844.03
235.06	48853.63
235.13	48876.38
235.20	48909.26
235.27	48953.24
235.34	48986.25
235.41	49023.18
235.49	49043.63
235.56	49068.35
235.63	49073.31
235.70	49076.25
235.77	49055.88
235.84	49045.03
235.91	49032.28
235.98	49023.09
236.06	49022.64
236.13	49030.27
236.20	49035.48
236.27	49032.25
236.34	49035.80
236.41	49040.38
236.48	49036.84
236.55	49036.71
236.63	49032.23
236.70	49030.99
236.77	49021.75
236.84	49023.45
236.91	49018.92
236.98	49014.74
237.05	49009.74
237.12	48999.34
237.19	48979.47
237.27	48970.63
237.34	48971.82
237.41	48961.69
237.48	48947.39
237.55	48933.44
237.62	48918.88
237.69	48915.53
237.76	48930.49
237.83	48952.48
237.91	48974.58
237.98	48994.67
238.05	48990.33
238.12	48977.64
238.19	48965.24
238.26	48962.14
238.33	48943.53
238.40	48925.91
238.47	48900.15
238.54	48875.68
238.62	48843.48
238.69	48817.26
238.76	48792.51
238.83	48786.17
238.90	48796.60
238.97	48816.28
239.04	48837.17
239.11	48859.82
239.18	48882.61
239.25	48882.57
239.33	48859.34
239.40	48833.54
239.47	48810.08
239.54	48758.01
239.61	48698.09
239.68	48648.18
239.75	48614.32
239.82	48580.93
239.89	48558.00
239.96	48567.95
240.03	48577.68
240.11	48588.80
240.18	48605.47
240.25	48618.90
240.32	48617.61
240.39	48632.75
240.46	48641.79
240.53	48659.88
240.60	48693.20
240.67	48722.98
240.74	48730.68
240.81	48743.46
240.88	48739.26
240.96	48714.25
241.03	48691.18
241.10	48672.04
241.17	48639.89
241.24	48615.36
241.31	48597.76
241.38	48584.09
241.45	48590.06
241.52	48593.38
241.59	48595.55
241.66	48609.67
241.73	48621.67
241.80	48616.69
241.88	48611.54
241.95	48587.39
242.02	48550.18
242.09	48491.16
242.16	48435.81
242.23	48403.74
242.30	48392.71
242.37	48385.94
242.44	48407.61
242.51	48408.90
242.58	48395.98
242.65	48385.37
242.72	48384.77
242.79	48372.84
242.87	48392.48
242.94	48402.27
243.01	48405.42
243.08	48402.87
243.15	48396.93
243.22	48384.63
243.29	48393.98
243.36	48398.49
243.43	48412.11
243.50	48439.94
243.57	48458.99
243.64	48468.73
243.71	48489.30
243.78	48497.97
243.85	48491.62
243.92	48481.81
243.99	48469.48
244.07	48448.35
244.14	48423.40
244.21	48413.51
244.28	48421.23
244.35	48438.64
244.42	48461.20
244.49	48489.78
244.56	48516.58
244.63	48532.63
244.70	48528.56
244.77	48523.86
244.84	48517.30
244.91	48502.76
244.98	48492.34
245.05	48501.35
245.12	48529.71
245.19	48559.54
245.26	48592.79
245.33	48632.42
245.40	48669.10
245.47	48684.60
245.55	48704.54
245.62	48715.77
245.69	48727.01
245.76	48737.68
245.83	48759.98
245.90	48775.47
245.97	48789.75
246.04	48798.27
246.11	48802.44
246.18	48794.31
246.25	48784.17
246.32	48778.94
246.39	48780.63
246.46	48788.62
246.53	48799.15
246.60	48812.78
246.67	48836.81
246.74	48858.14
246.81	48885.86
246.88	48916.21
246.95	48943.61
247.02	48962.74
247.09	48972.36
247.16	48969.80
247.23	48954.34
247.30	48929.68
247.37	48904.62
247.44	48895.00
247.51	48884.07
247.58	48894.85
247.66	48935.66
247.73	48989.89
247.80	49031.68
247.87	49087.44
247.94	49144.67
248.01	49194.05
248.08	49237.27
248.15	49276.62
248.22	49304.48
248.29	49334.48
248.36	49354.13
248.43	49380.03
248.50	49404.71
248.57	49429.88
248.64	49443.78
248.71	49473.73
248.78	49493.70
248.85	49518.09
248.92	49538.88
248.99	49555.03
249.06	49550.37
249.13	49535.08
249.20	49520.86
249.27	49500.06
249.34	49493.35
249.41	49507.53
249.48	49526.42
249.55	49543.38
249.62	49568.17
249.69	49586.02
249.76	49610.35
249.83	49642.51
249.90	49676.59
249.97	49712.36
250.04	49769.37
250.11	49820.87
250.18	49866.78
250.25	49912.44
250.32	49946.35
250.39	49961.46
250.46	49971.42
250.53	49984.01
250.60	49994.36
250.67	50023.72
250.74	50055.43
250.81	50055.80
250.88	50058.86
250.95	50064.34
251.02	50056.07
251.09	50037.25
251.16	50062.29
251.23	50092.34
251.30	50130.58
251.37	50167.85
251.44	50197.48
251.51	50228.43
251.58	50251.21
251.65	50268.65
251.72	50287.28
251.79	50314.33
251.86	50302.07
251.93	50273.56
252.00	50226.87
252.07	50183.47
252.14	50155.15
252.21	50158.18
252.28	50178.64
252.35	50225.75
252.42	50295.58
252.49	50344.38
252.56	50384.33
252.63	50425.18
252.70	50447.20
252.77	50451.53
252.84	50457.45
252.91	50452.78
252.98	50440.52
253.05	50429.56
253.12	50427.41
253.19	50444.71
253.25	50470.25
253.32	50495.77
253.39	50533.57
253.46	50555.26
253.53	50564.57
253.60	50553.06
253.67	50555.42
253.74	50573.28
253.81	50600.52
253.88	50621.92
253.95	50659.46
254.02	50688.04
254.09	50693.28
254.16	50690.08
254.23	50686.23
254.30	50673.88
254.37	50668.92
254.44	50684.13
254.51	50705.04
254.58	50723.99
254.65	50747.16
254.72	50753.91
254.79	50725.99
254.86	50700.35
254.93	50673.18
255.00	50664.14
255.07	50672.60
255.14	50693.56
255.21	50690.17
255.28	50675.19
255.34	50647.57
255.41	50631.10
255.48	50628.47
255.55	50647.48
255.62	50688.73
255.69	50730.92
255.76	50764.75
255.83	50794.31
255.90	50815.25
255.97	50836.81
256.04	50837.88
256.11	50834.79
256.18	50825.21
256.25	50814.65
256.32	50798.96
256.39	50782.62
256.46	50755.10
256.53	50724.62
256.60	50692.44
256.67	50663.71
256.74	50653.58
256.80	50645.08
256.87	50636.05
256.94	50632.07
257.01	50627.07
257.08	50628.36
257.15	50629.18
257.22	50634.39
257.29	50627.00
257.36	50617.01
257.43	50602.06
257.50	50592.53
257.57	50574.17
257.64	50580.82
257.71	50575.22
257.78	50571.49
257.85	50561.49
257.92	50565.26
257.98	50560.50
258.05	50560.93
258.12	50549.12
258.19	50523.01
258.26	50479.41
258.33	50420.07
258.40	50374.88
258.47	50338.90
258.54	50334.85
258.61	50356.58
258.68	50387.06
258.75	50415.63
258.82	50434.92
258.89	50417.18
258.95	50379.06
259.02	50340.28
259.09	50290.96
259.16	50232.48
259.23	50183.19
259.30	50143.63
259.37	50120.00
259.44	50102.05
259.51	50099.48
259.58	50109.79
259.65	50106.00
259.72	50094.39
259.79	50060.42
259.85	50024.32
259.92	49991.55
259.99	49984.65
260.06	49973.80
260.13	49969.34
260.20	49963.28
260.27	49936.53
260.34	49879.76
260.41	49822.01
260.48	49783.05
260.55	49748.00
260.62	49715.70
260.68	49684.23
260.75	49660.65
260.82	49639.93
260.89	49620.82
260.96	49611.57
261.03	49612.79
261.10	49604.78
261.17	49594.34
261.24	49568.40
261.31	49536.91
261.38	49497.25
261.44	49458.84
261.51	49413.38
261.58	49378.63
261.65	49344.13
261.72	49300.99
261.79	49245.22
261.86	49186.82
261.93	49142.53
262.00	49107.69
262.07	49076.65
262.13	49053.59
262.20	49029.80
262.27	48997.20
262.34	48963.87
262.41	48927.93
262.48	48888.33
262.55	48856.69
262.62	48808.20
262.69	48746.30
262.76	48703.03
262.82	48660.01
262.89	48614.68
262.96	48570.76
263.03	48541.68
263.10	48502.17
263.17	48452.64
263.24	48399.25
263.31	48372.62
263.38	48339.76
263.44	48313.18
263.51	48293.64
263.58	48270.46
263.65	48228.80
263.72	48181.74
263.79	48124.96
263.86	48069.65
263.93	48010.54
264.00	47963.06
264.06	47930.13
264.13	47899.00
264.20	47879.23
264.27	47855.63
264.34	47820.82
264.41	47777.90
264.48	47735.98
264.55	47696.62
264.61	47671.26
264.68	47640.55
264.75	47607.22
264.82	47552.91
264.89	47476.99
264.96	47400.57
265.03	47331.94
265.10	47273.01
265.16	47237.82
265.23	47224.07
265.30	47211.59
265.37	47190.41
265.44	47160.16
265.51	47141.92
265.58	47105.65
265.65	47062.90
265.71	47012.28
265.78	46971.93
265.85	46907.50
265.92	46850.38
265.99	46786.66
266.06	46740.08
266.13	46680.19
266.20	46638.94
266.26	46611.45
266.33	46580.59
266.40	46531.83
266.47	46477.18
266.54	46394.00
266.61	46313.97
266.68	46244.10
266.74	46190.85
266.81	46149.66
266.88	46123.72
266.95	46075.85
267.02	46036.72
267.09	45988.52
267.16	45933.95
267.22	45892.32
267.29	45865.16
267.36	45841.30
267.43	45820.96
267.50	45794.08
267.57	45755.92
267.64	45707.72
267.70	45659.58
267.77	45605.03
267.84	45559.36
267.91	45512.25
267.98	45457.81
268.05	45393.03
268.11	45328.97
268.18	45269.10
268.25	45209.91
268.32	45160.92
268.39	45114.77
268.46	45078.75
268.53	45051.52
268.59	45034.41
268.66	45015.75
268.73	44989.98
268.80	44961.93
268.87	44916.67
268.94	44875.53
269.00	44838.87
269.07	44800.78
269.14	44758.88
269.21	44721.49
269.28	44680.13
269.35	44631.86
269.41	44589.61
269.48	44545.66
269.55	44489.55
269.62	44426.61
269.69	44371.52
269.76	44309.64
269.82	44249.30
269.89	44210.29
269.96	44184.19
270.03	44157.38
270.10	44136.63
270.17	44114.10
270.23	44085.67
270.30	44050.14
270.37	44014.41
270.44	43983.55
270.51	43954.07
270.58	43922.27
270.64	43884.36
270.71	43844.73
270.78	43806.48
270.85	43760.93
270.92	43713.41
270.99	43671.71
271.05	43627.05
271.12	43573.32
271.19	43530.18
271.26	43483.55
271.33	43440.31
271.39	43394.42
271.46	43344.62
271.53	43302.77
271.60	43271.44
271.67	43242.69
271.74	43221.26
271.80	43215.23
271.87	43210.28
271.94	43179.49
272.01	43135.28
272.08	43099.99
272.14	43051.48
272.21	43003.44
272.28	42983.98
272.35	42970.72
272.42	42943.07
272.48	42931.27
272.55	42911.35
272.62	42890.81
272.69	42878.09
272.76	42877.09
272.83	42853.58
272.89	42834.34
272.96	42799.94
273.03	42750.50
273.10	42696.72
273.17	42654.51
273.23	42605.33
273.30	42564.25
273.37	42532.58
273.44	42504.00
273.51	42483.44
273.57	42472.72
273.64	42465.07
273.71	42460.62
273.78	42447.85
273.85	42429.55
273.91	42405.32
273.98	42380.71
274.05	42354.70
274.12	42330.54
274.19	42303.10
274.25	42275.65
274.32	42242.54
274.39	42199.46
274.46	42142.66
274.53	42087.53
274.59	42028.22
274.66	41979.04
274.73	41941.15
274.80	41909.10
274.86	41878.96
274.93	41857.26
275.00	41838.04
275.07	41802.37
275.14	41776.14
275.20	41737.11
275.27	41697.94
275.34	41654.24
275.41	41627.41
275.48	41609.53
275.54	41608.55
275.61	41598.72
275.68	41579.05
275.75	41552.58
275.81	41513.13
275.88	41471.11
275.95	41434.46
276.02	41397.02
276.09	41359.29
276.15	41325.18
276.22	41297.91
276.29	41279.76
276.36	41252.86
276.42	41229.80
276.49	41201.46
276.56	41146.87
276.63	41075.63
276.70	41024.37
276.76	40989.59
276.83	40973.63
276.90	40972.53
276.97	40983.51
277.03	40997.19
277.10	40988.84
277.17	40971.16
277.24	40960.48
277.30	40946.02
277.37	40912.10
277.44	40887.92
277.51	40851.45
277.58	40809.68
277.64	40772.15
277.71	40742.56
277.78	40702.13
277.85	40658.13
277.91	40611.50
277.98	40562.85
278.05	40514.21
278.12	40481.48
278.18	40452.53
278.25	40435.18
278.32	40421.22
278.39	40420.76
278.45	40412.07
278.52	40413.07
278.59	40396.15
278.66	40371.30
278.72	40341.02
278.79	40307.89
278.86	40280.86
278.93	40260.48
278.99	40245.75
279.06	40224.48
279.13	40205.78
279.20	40188.98
279.26	40170.85
279.33	40154.98
279.40	40132.21
279.47	40105.01
279.53	40069.62
279.60	40035.59
279.67	39995.54
279.74	39954.95
279.80	39923.09
279.87	39894.09
279.94	39864.87
280.01	39835.62
280.07	39808.30
280.14	39776.49
280.21	39738.98
280.28	39698.16
280.34	39656.64
280.41	39617.37
280.48	39571.49
280.55	39531.49
280.61	39508.22
280.68	39485.67
280.75	39461.75
280.82	39438.71
280.88	39405.70
280.95	39350.66
281.02	39300.55
281.08	39243.48
281.15	39180.62
281.22	39125.35
281.29	39063.51
281.35	38990.93
281.42	38932.24
281.49	38874.78
281.56	38814.37
281.62	38779.63
281.69	38748.17
281.76	38726.18
281.82	38710.76
281.89	38697.32
281.96	38666.31
282.03	38638.86
282.09	38596.16
282.16	38554.39
282.23	38510.56
282.30	38472.46
282.36	38437.58
282.43	38415.22
282.50	38400.95
282.56	38365.02
282.63	38344.18
282.70	38320.79
282.77	38293.10
282.83	38261.30
282.90	38253.62
282.97	38237.59
283.03	38219.30
283.10	38207.47
283.17	38195.38
283.24	38172.98
283.30	38134.99
283.37	38107.06
283.44	38061.14
283.50	38008.95
283.57	37963.50
283.64	37913.70
283.71	37854.76
283.77	37813.70
283.84	37783.55
283.91	37758.33
283.97	37754.00
284.04	37758.85
284.11	37747.45
284.18	37736.76
284.24	37720.34
284.31	37711.77
284.38	37692.42
284.44	37682.94
284.51	37675.65
284.58	37671.61
284.64	37655.33
284.71	37641.39
284.78	37621.31
284.85	37594.99
284.91	37570.13
284.98	37544.84
285.05	37503.40
285.11	37476.34
285.18	37446.13
285.25	37419.82
285.31	37400.00
285.38	37397.71
285.45	37387.63
285.52	37379.83
285.58	37362.20
285.65	37334.71
285.72	37304.47
285.78	37282.03
285.85	37266.22
285.92	37252.53
285.98	37243.26
286.05	37234.01
286.12	37216.97
286.18	37190.76
286.25	37169.95
286.32	37146.34
286.39	37125.88
286.45	37100.60
286.52	37073.50
286.59	37038.62
286.65	37021.43
286.72	37012.94
286.79	37010.24
286.85	37015.31
286.92	37026.59
286.99	37023.39
287.05	37002.87
287.12	36990.30
287.19	36974.06
287.25	36960.38
287.32	36940.50
287.39	36933.89
287.45	36921.00
287.52	36906.52
287.59	36893.96
287.65	36891.50
287.72	36870.44
287.79	36841.54
287.86	36814.63
287.92	36780.65
287.99	36745.80
288.06	36738.44
288.12	36721.36
288.19	36711.10
288.26	36690.95
288.32	36672.15
288.39	36643.35
288.46	36638.78
288.52	36637.72
288.59	36642.88
288.66	36651.57
288.72	36653.86
288.79	36645.14
288.86	36620.85
288.92	36600.58
288.99	36571.04
289.06	36545.04
289.12	36526.07
289.19	36517.68
289.26	36507.00
289.32	36504.31
289.39	36493.27
289.45	36488.09
289.52	36471.08
289.59	36467.94
289.65	36457.88
289.72	36444.85
289.79	36432.81
289.85	36426.10
289.92	36410.75
289.99	36398.11
290.05	36395.42
290.12	36373.98
290.19	36356.04
290.25	36329.02
290.32	36303.94
290.39	36295.82
290.45	36289.88
290.52	36287.42
290.59	36296.62
290.65	36293.04
290.72	36272.48
290.79	36261.28
290.85	36248.75
290.92	36238.31
290.98	36234.83
291.05	36238.75
291.12	36231.31
291.18	36221.84
291.25	36210.68
291.32	36199.61
291.38	36173.12
291.45	36157.63
291.52	36143.53
291.58	36123.73
291.65	36105.85
291.72	36101.07
291.78	36094.62
291.85	36074.02
291.91	36056.58
291.98	36057.61
292.05	36044.23
292.11	36026.22
292.18	36023.31
292.25	36019.68
292.31	35996.56
292.38	35984.13
292.45	35980.77
292.51	35969.39
292.58	35952.11
292.64	35939.69
292.71	35928.12
292.78	35919.57
292.84	35910.73
292.91	35895.84
292.98	35886.12
293.04	35876.41
293.11	35854.80
293.17	35841.36
293.24	35838.64
293.31	35834.51
293.37	35824.97
293.44	35815.05
293.51	35802.66
293.57	35790.19
293.64	35769.06
293.70	35757.57
293.77	35742.80
293.84	35724.83
293.90	35706.95
293.97	35702.34
294.04	35690.97
294.10	35671.95
294.17	35663.99
294.23	35659.09
294.30	35639.68
294.37	35621.01
294.43	35620.80
294.50	35602.35
294.56	35587.78
294.63	35571.37
294.70	35560.34
294.76	35550.72
294.83	35544.88
294.90	35536.79
294.96	35533.16
295.03	35530.31
295.09	35525.09
295.16	35529.31
295.23	35522.78
295.29	35516.84
295.36	35495.64
295.42	35469.79
295.49	35440.23
295.56	35428.68
295.62	35413.05
295.69	35395.21
295.75	35390.43
295.82	35390.39
295.89	35359.96
295.95	35334.83
296.02	35315.05
296.08	35280.70
296.15	35237.50
296.22	35221.65
296.28	35205.04
296.35	35202.39
296.41	35192.69
296.48	35190.02
296.55	35185.93
296.61	35175.86
296.68	35165.82
296.74	35162.32
296.81	35155.55
296.88	35142.65
296.94	35126.45
297.01	35106.24
297.07	35080.83
297.14	35067.68
297.20	35055.08
297.27	35056.10
297.34	35060.34
297.40	35066.11
297.47	35054.95
297.53	35036.50
297.60	35014.53
297.67	34986.28
297.73	34966.35
297.80	34942.04
297.86	34911.02
297.93	34880.59
298.00	34855.92
298.06	34828.32
298.13	34819.88
298.19	34818.17
298.26	34813.69
298.32	34816.27
298.39	34806.75
298.46	34790.13
298.52	34770.36
298.59	34745.81
298.65	34711.62
298.72	34689.50
298.78	34666.63
298.85	34656.18
298.92	34643.44
298.98	34624.19
299.05	34599.93
299.11	34578.22
299.18	34543.81
299.24	34510.90
299.31	34473.95
299.38	34449.24
299.44	34418.07
299.51	34401.06
299.57	34391.75
299.64	34392.11
299.70	34383.20
299.77	34362.98
299.84	34337.15
299.90	34297.94
299.97	34250.65
300.03	34216.40
300.10	34192.24
300.16	34169.53
300.23	34151.74
300.30	34143.68
300.36	34117.23
300.43	34098.99
300.49	34073.52
300.56	34051.18
300.62	34029.75
300.69	34012.65
300.75	33989.98
300.82	33971.09
300.89	33943.19
300.95	33911.38
301.02	33874.64
301.08	33834.63
301.15	33795.75
301.21	33772.22
301.28	33749.54
301.34	33727.36
301.41	33704.63
301.48	33674.83
301.54	33644.31
301.61	33614.37
301.67	33583.33
301.74	33560.08
301.80	33524.48
301.87	33485.63
301.93	33438.71
302.00	33395.21
302.06	33339.05
302.13	33298.19
302.20	33264.54
302.26	33230.33
302.33	33204.53
302.39	33173.25
302.46	33139.41
302.52	33096.86
302.59	33058.19
302.65	33008.38
302.72	32969.39
302.78	32935.03
302.85	32907.49
302.91	32871.89
302.98	32841.63
303.05	32804.50
303.11	32771.56
303.18	32720.28
303.24	32682.35
303.31	32642.44
303.37	32608.70
303.44	32568.15
303.50	32530.52
303.57	32483.71
303.63	32433.31
303.70	32384.23
303.76	32334.53
303.83	32290.44
303.89	32247.20
303.96	32201.75
304.03	32153.37
304.09	32103.18
304.16	32047.84
304.22	31986.55
304.29	31934.55
304.35	31882.31
304.42	31836.48
304.48	31787.87
304.55	31743.93
304.61	31693.40
304.68	31642.24
304.74	31589.45
304.81	31546.78
304.87	31491.60
304.94	31442.58
305.00	31394.26
305.07	31334.98
305.13	31271.74
305.20	31221.76
305.26	31177.07
305.33	31124.90
305.39	31075.11
305.46	31021.74
305.52	30970.77
305.59	30910.79
305.66	30855.13
305.72	30805.27
305.79	30754.48
305.85	30697.97
305.92	30613.46
305.98	30501.62
306.05	30362.81
306.11	30212.95
306.18	30052.28
306.24	29913.22
306.31	29840.60
306.37	29831.74
306.44	29863.49
306.50	29915.08
306.57	29970.89
306.63	29999.61
306.70	29971.73
306.76	29914.65
306.83	29855.20
306.89	29789.43
306.96	29712.65
307.02	29654.48
307.09	29608.45
307.15	29551.55
307.22	29506.20
307.28	29450.79
307.35	29391.30
307.41	29317.00
307.48	29250.91
307.54	29173.37
307.61	29108.40
307.67	29043.28
307.74	28988.54
307.80	28928.54
307.87	28870.31
307.93	28810.93
308.00	28749.89
308.06	28690.78
308.13	28626.29
308.19	28568.90
308.26	28513.23
308.32	28461.36
308.38	28397.57
308.45	28336.34
308.51	28285.74
308.58	28217.72
308.64	28152.29
308.71	28100.07
308.77	28048.75
308.84	27976.78
308.90	27928.41
308.97	27873.48
309.03	27815.67
309.10	27755.74
309.16	27695.82
309.23	27619.99
309.29	27548.95
309.36	27460.98
309.42	27383.00
309.49	27311.13
309.55	27246.86
309.62	27177.23
309.68	27134.04
309.75	27072.63
309.81	27009.25
309.88	26951.05
309.94	26890.89
310.00	26819.54
310.07	26751.59
310.13	26699.78
310.20	26631.94
310.26	26573.35
310.33	26508.04
310.39	26455.35
310.46	26389.85
310.52	26330.09
310.59	26266.46
310.65	26213.78
310.72	26149.19
310.78	26084.99
310.85	26021.71
310.91	25963.53
310.97	25898.50
311.04	25840.07
311.10	25780.58
311.17	25721.32
311.23	25653.33
311.30	25592.54
311.36	25532.81
311.43	25483.28
311.49	25427.86
311.56	25381.12
311.62	25323.95
311.69	25271.74
311.75	25217.34
311.81	25159.18
311.88	25089.96
311.94	25037.14
312.01	24986.87
312.07	24921.91
312.14	24876.41
312.20	24833.41
312.27	24782.00
312.33	24719.04
312.40	24658.32
312.46	24589.78
312.52	24526.10
312.59	24462.44
312.65	24398.63
312.72	24332.18
312.78	24271.59
312.85	24210.29
312.91	24142.78
312.98	24084.76
313.04	24040.90
313.10	23985.93
313.17	23933.33
313.23	23883.96
313.30	23835.74
313.36	23773.46
313.43	23715.80
313.49	23659.93
313.56	23599.66
313.62	23530.36
313.68	23471.85
313.75	23418.37
313.81	23368.41
313.88	23316.52
313.94	23273.67
314.01	23224.76
314.07	23173.09
314.13	23116.76
314.20	23067.60
314.26	23008.89
314.33	22953.30
314.39	22894.73
314.46	22832.83
314.52	22782.81
314.58	22728.83
314.65	22675.20
314.71	22622.17
314.78	22569.92
314.84	22511.11
314.91	22459.27
314.97	22406.96
315.03	22352.23
315.10	22302.66
315.16	22241.62
315.23	22190.60
315.29	22144.81
315.36	22097.15
315.42	22049.03
315.48	22001.91
315.55	21953.74
315.61	21893.34
315.68	21843.75
315.74	21783.75
315.81	21723.43
315.87	21663.63
315.93	21619.03
316.00	21584.89
316.06	21554.41
316.13	21533.40
316.19	21480.18
316.25	21389.16
316.32	21252.23
316.38	21078.09
316.45	20862.18
316.51	20641.28
316.58	20411.62
316.64	20169.08
316.70	19943.71
316.77	19707.72
316.83	19458.28
316.90	19210.65
316.96	18966.31
317.02	18711.05
317.09	18469.16
317.15	18232.25
317.22	17991.90
317.28	17751.40
317.34	17506.12
317.41	17261.55
317.47	17020.49
317.54	16777.41
317.60	16537.28
317.66	16297.38
317.73	16050.70
317.79	15805.58
317.86	15565.47
317.92	15321.90
317.98	15069.82
318.05	14822.17
318.11	14574.52
318.18	14327.28
318.24	14072.50
318.30	13831.25
318.37	13581.77
318.43	13323.43
318.50	13061.16
318.56	12800.89
318.62	12540.64
318.69	12272.88
318.75	12010.29
318.82	11739.72
318.88	11475.70
318.94	11201.51
319.01	10934.10
319.07	10665.98
319.13	10396.69
319.20	10122.43
319.26	9839.55
319.33	9555.57
319.39	9265.17
319.45	8986.17
319.52	8705.72
319.58	8428.30
319.65	8150.62
319.71	7868.67
319.77	7585.93
319.84	7308.47
319.90	7037.14
319.96	6766.26
320.03	6503.67
320.09	6244.72
320.16	5980.53
320.22	5725.30
320.28	5477.13
320.35	5235.86
320.41	4998.41
320.47	4775.43
320.54	4555.02
320.60	4344.12
320.67	4143.57
320.73	3948.02
320.79	3756.62
320.86	3579.15
320.92	3407.35
320.98	3240.35
321.05	3082.34
321.11	2930.09
321.18	2784.80
321.24	2651.44
321.30	2520.31
321.37	2401.32
321.43	2297.43
321.49	2195.94
321.56	2098.77
321.62	2014.05
321.68	1925.91
321.75	1843.17
321.81	1767.33
321.88	1694.23
321.94	1628.71
322.00	1570.70
322.07	1506.55
322.13	1445.59
322.19	1385.13
322.26	1322.16
322.32	1264.73
322.38	1216.26
322.45	1173.75
322.51	1128.59
322.58	1090.77
322.64	1045.58
322.70	1003.70
322.77	954.21
322.83	919.48
322.89	873.75
322.96	831.96
323.02	790.83
323.08	750.68
323.15	707.74
323.21	672.34
323.27	638.22
323.34	602.67
323.40	570.30
323.46	536.39
323.53	497.03
323.59	417.83
323.65	313.66
323.72	196.22
323.78	85.08
323.85	-15.13
323.91	-66.55
323.97	-86.69
324.04	-87.16
