180.21	3437.67
180.28	-126.95
180.36	635.65
180.44	-43.98
180.51	-9.39
180.59	17.81
180.66	49.40
180.74	49.27
180.81	49.90
180.89	52.96
180.97	55.37
181.04	54.27
181.12	53.98
181.19	55.97
181.27	57.48
181.34	75.34
181.42	82.83
181.50	91.23
181.57	103.24
181.65	109.17
181.72	104.37
181.80	100.81
181.87	103.85
181.95	108.49
182.03	113.96
182.10	123.65
182.18	134.43
182.25	150.99
182.33	163.48
182.40	182.45
182.48	191.08
182.55	215.71
182.63	229.79
182.71	243.70
182.78	256.43
182.86	266.11
182.93	256.39
183.01	248.62
183.08	237.00
183.16	233.94
183.23	233.18
183.31	256.09
183.39	280.86
183.46	321.57
183.54	354.68
183.61	401.75
183.69	447.29
183.76	502.47
183.84	547.56
183.91	597.72
183.99	649.87
184.06	691.10
184.14	738.88
184.22	774.01
184.29	782.35
184.37	782.54
184.44	758.39
184.52	681.70
184.59	603.02
184.67	550.89
184.74	502.10
184.82	500.86
184.89	553.87
184.97	640.61
185.04	731.31
185.12	827.57
185.20	920.13
185.27	1016.96
185.35	1097.11
185.42	1161.13
185.50	1234.72
185.57	1285.87
185.65	1339.50
185.72	1409.86
185.80	1483.00
185.87	1548.20
185.95	1631.54
186.02	1682.78
186.10	1686.47
186.17	1648.39
186.25	1525.26
186.33	1346.52
186.40	1199.46
186.48	1114.50
186.55	1107.87
186.63	1193.94
186.70	1358.57
186.78	1512.10
186.85	1651.36
186.93	1768.09
187.00	1896.85
187.08	2001.72
187.15	2131.26
187.23	2260.15
187.30	2375.48
187.38	2495.31
187.45	2627.17
187.53	2721.82
187.60	2813.12
187.68	2931.43
187.75	3007.69
187.83	3049.94
187.90	3090.21
187.98	3081.29
188.05	2959.99
188.13	2734.75
188.21	2489.01
188.28	2280.25
188.36	2129.80
188.43	2114.87
188.51	2255.89
188.58	2462.58
188.66	2655.00
188.73	2851.21
188.81	3028.74
188.88	3186.87
188.96	3322.53
189.03	3469.08
189.11	3606.88
189.18	3716.64
189.26	3828.52
189.33	3950.03
189.41	4043.51
189.48	4132.27
189.56	4237.19
189.63	4310.17
189.71	4362.87
189.78	4419.53
189.86	4433.83
189.93	4401.98
190.01	4326.75
190.08	4162.11
190.16	3879.58
190.23	3596.79
190.31	3399.14
190.38	3299.08
190.46	3331.71
190.53	3510.09
190.61	3753.09
190.68	3964.22
190.76	4162.46
190.83	4330.36
190.91	4491.32
190.98	4623.06
191.06	4765.59
191.13	4886.03
191.21	4994.20
191.28	5098.85
191.35	5206.82
191.43	5282.15
191.50	5357.66
191.58	5443.69
191.65	5495.71
191.73	5534.04
191.80	5575.49
191.88	5585.35
191.95	5578.07
192.03	5580.15
192.10	5569.94
192.18	5534.21
192.25	5447.72
192.33	5276.25
192.40	5082.18
192.48	4925.59
192.55	4831.10
192.63	4838.45
192.70	4973.11
192.78	5159.50
192.85	5351.76
192.93	5525.54
193.00	5670.24
193.08	5803.58
193.15	5919.89
193.22	6020.87
193.30	6108.37
193.37	6197.62
193.45	6260.61
193.52	6323.79
193.60	6376.46
193.67	6425.51
193.75	6467.20
193.82	6500.92
193.90	6525.00
193.97	6551.60
194.05	6578.29
194.12	6602.26
194.20	6644.17
194.27	6683.37
194.34	6709.46
194.42	6724.61
194.49	6731.14
194.57	6707.39
194.64	6638.03
194.72	6558.25
194.79	6492.42
194.87	6450.13
194.94	6450.30
195.02	6512.06
195.09	6601.72
195.17	6700.25
195.24	6800.56
195.31	6887.15
195.39	6964.24
195.46	7036.09
195.54	7103.30
195.61	7157.52
195.69	7197.86
195.76	7236.61
195.84	7269.20
195.91	7281.58
195.99	7285.65
196.06	7294.91
196.13	7304.55
196.21	7317.04
196.28	7337.98
196.36	7371.16
196.43	7401.98
196.51	7432.97
196.58	7461.16
196.66	7489.29
196.73	7514.22
196.80	7541.77
196.88	7565.72
196.95	7593.70
197.03	7614.64
197.10	7612.50
197.18	7605.74
197.25	7600.92
197.33	7602.51
197.40	7619.56
197.47	7645.16
197.55	7685.75
197.62	7722.74
197.70	7747.85
197.77	7774.54
197.85	7809.69
197.92	7833.50
197.99	7860.11
198.07	7889.55
198.14	7903.39
198.22	7927.56
198.29	7949.29
198.37	7973.35
198.44	8005.72
198.51	8041.34
198.59	8068.20
198.66	8108.44
198.74	8143.36
198.81	8168.97
198.89	8192.31
198.96	8215.86
199.03	8224.97
199.11	8245.05
199.18	8262.18
199.26	8286.79
199.33	8316.36
199.41	8350.15
199.48	8362.97
199.55	8378.58
199.63	8381.59
199.70	8390.71
199.78	8398.47
199.85	8427.36
199.93	8460.70
200.00	8509.46
200.07	8548.25
200.15	8596.22
200.22	8636.46
200.30	8668.27
200.37	8702.45
200.44	8730.13
200.52	8754.13
200.59	8785.40
200.67	8815.55
200.74	8831.59
200.81	8857.37
200.89	8878.00
200.96	8902.09
201.04	8926.99
201.11	8960.44
201.19	8987.98
201.26	9018.26
201.33	9036.41
201.41	9064.30
201.48	9100.31
201.56	9144.15
201.63	9196.90
201.70	9247.44
201.78	9291.57
201.85	9331.79
201.93	9370.21
202.00	9397.56
202.07	9429.30
202.15	9459.80
202.22	9487.80
202.30	9517.62
202.37	9546.58
202.44	9584.47
202.52	9632.04
202.59	9678.32
202.67	9715.62
202.74	9762.85
202.81	9799.14
202.89	9828.69
202.96	9866.00
203.04	9913.12
203.11	9954.21
203.18	10009.00
203.26	10067.81
203.33	10116.70
203.41	10157.13
203.48	10199.81
203.55	10224.78
203.63	10256.67
203.70	10297.08
203.77	10342.67
203.85	10388.56
203.92	10439.24
204.00	10499.30
204.07	10555.70
204.14	10615.02
204.22	10669.57
204.29	10728.91
204.37	10770.15
204.44	10815.78
204.51	10860.30
204.59	10911.89
204.66	10959.77
204.73	11021.28
204.81	11079.35
204.88	11142.06
204.96	11203.43
205.03	11265.63
205.10	11312.90
205.18	11361.04
205.25	11405.15
205.32	11455.63
205.40	11506.79
205.47	11571.07
205.55	11636.54
205.62	11709.10
205.69	11784.62
205.77	11855.74
205.84	11920.59
205.91	11983.92
205.99	12044.58
206.06	12100.08
206.14	12162.11
206.21	12231.42
206.28	12299.98
206.36	12373.97
206.43	12441.42
206.50	12513.39
206.58	12576.38
206.65	12641.00
206.72	12697.96
206.80	12759.86
206.87	12822.82
206.95	12899.46
207.02	12987.79
207.09	13084.09
207.17	13183.94
207.24	13281.56
207.31	13376.78
207.39	13460.10
207.46	13539.19
207.53	13609.11
207.61	13688.21
207.68	13757.86
207.75	13841.29
207.83	13928.66
207.90	14017.30
207.98	14090.14
208.05	14180.60
208.12	14258.26
208.20	14333.03
208.27	14413.17
208.34	14498.18
208.42	14568.98
208.49	14639.49
208.56	14707.66
208.64	14791.07
208.71	14878.57
208.78	14961.60
208.86	15069.60
208.93	15179.31
209.00	15282.70
209.08	15384.06
209.15	15494.58
209.22	15596.76
209.30	15700.29
209.37	15803.41
209.44	15911.75
209.52	16025.17
209.59	16121.93
209.67	16223.49
209.74	16319.82
209.81	16432.03
209.89	16528.48
209.96	16625.27
210.03	16716.50
210.11	16808.75
210.18	16887.32
210.25	16982.80
210.33	17094.32
210.40	17197.78
210.47	17314.65
210.55	17433.98
210.62	17541.41
210.69	17637.04
210.77	17751.95
210.84	17858.25
210.91	17979.18
210.99	18101.18
211.06	18230.66
211.13	18359.36
211.21	18483.50
211.28	18592.03
211.35	18710.51
211.42	18829.19
211.50	18939.55
211.57	19050.22
211.64	19163.15
211.72	19267.34
211.79	19363.51
211.86	19466.93
211.94	19582.38
212.01	19700.80
212.08	19826.56
212.16	19957.16
212.23	20089.60
212.30	20223.03
212.38	20350.42
212.45	20481.59
212.52	20610.74
212.60	20738.86
212.67	20864.00
212.74	20995.06
212.82	21122.18
212.89	21251.79
212.96	21382.81
213.03	21520.68
213.11	21659.50
213.18	21797.47
213.25	21943.26
213.33	22082.75
213.40	22205.39
213.47	22322.09
213.55	22435.92
213.62	22539.96
213.69	22645.98
213.77	22768.68
213.84	22899.63
213.91	23043.31
213.98	23192.14
214.06	23341.58
214.13	23492.74
214.20	23642.70
214.28	23794.98
214.35	23937.45
214.42	24085.59
214.50	24227.16
214.57	24361.74
214.64	24486.57
214.72	24617.11
214.79	24741.40
214.86	24867.86
214.93	25002.14
215.01	25147.52
215.08	25278.99
215.15	25407.18
215.23	25518.59
215.30	25640.61
215.37	25751.55
215.44	25898.87
215.52	26062.39
215.59	26234.38
215.66	26390.38
215.74	26550.82
215.81	26696.86
215.88	26835.18
215.95	26968.18
216.03	27106.48
216.10	27247.80
216.17	27391.48
216.25	27536.76
216.32	27698.63
216.39	27859.95
216.46	28011.39
216.54	28146.55
216.61	28280.11
216.68	28405.24
216.76	28533.75
216.83	28673.28
216.90	28825.66
216.97	28982.59
217.05	29136.38
217.12	29278.31
217.19	29397.13
217.27	29491.37
217.34	29580.30
217.41	29684.83
217.48	29800.98
217.56	29931.95
217.63	30096.56
217.70	30270.87
217.78	30432.59
217.85	30594.91
217.92	30763.28
217.99	30928.83
218.07	31074.86
218.14	31213.54
218.21	31355.55
218.28	31502.19
218.36	31644.41
218.43	31794.91
218.50	31948.63
218.57	32083.73
218.65	32197.54
218.72	32305.51
218.79	32422.43
218.87	32546.46
218.94	32679.62
219.01	32825.85
219.08	32969.77
219.16	33097.01
219.23	33214.97
219.30	33333.99
219.37	33459.09
219.45	33585.80
219.52	33731.31
219.59	33870.30
219.66	34002.32
219.74	34137.45
219.81	34295.30
219.88	34437.26
219.95	34583.27
220.03	34739.47
220.10	34877.61
220.17	34987.30
220.24	35108.86
220.32	35236.77
220.39	35352.51
220.46	35468.13
220.53	35591.09
220.61	35704.06
220.68	35825.74
220.75	35955.08
220.82	36094.80
220.90	36214.50
220.97	36317.10
221.04	36404.90
221.11	36493.12
221.19	36580.08
221.26	36689.35
221.33	36824.01
221.40	36959.86
221.48	37100.48
221.55	37236.91
221.62	37372.04
221.69	37497.44
221.77	37621.13
221.84	37739.91
221.91	37859.96
221.98	37971.51
222.06	38091.80
222.13	38221.65
222.20	38339.85
222.27	38441.43
222.35	38547.97
222.42	38646.13
222.49	38733.07
222.56	38811.22
222.63	38904.66
222.71	39005.16
222.78	39118.68
222.85	39236.02
222.92	39361.53
223.00	39461.81
223.07	39549.69
223.14	39620.55
223.21	39698.60
223.29	39791.91
223.36	39920.33
223.43	40051.59
223.50	40191.94
223.57	40328.17
223.65	40455.09
223.72	40567.73
223.79	40678.88
223.86	40775.45
223.94	40868.07
224.01	40949.80
224.08	41009.55
224.15	41068.19
224.22	41128.95
224.30	41180.06
224.37	41252.54
224.44	41341.61
224.51	41436.85
224.59	41539.98
224.66	41655.50
224.73	41752.98
224.80	41861.87
224.87	41967.58
224.95	42070.23
225.02	42168.19
225.09	42264.41
225.16	42347.38
225.23	42437.02
225.31	42523.71
225.38	42608.47
225.45	42699.32
225.52	42789.93
225.60	42866.63
225.67	42920.00
225.74	42956.09
225.81	42991.94
225.88	43043.77
225.96	43127.32
226.03	43241.21
226.10	43377.11
226.17	43508.41
226.24	43628.27
226.32	43712.08
226.39	43785.64
226.46	43842.60
226.53	43899.48
226.60	43952.04
226.68	44013.69
226.75	44074.81
226.82	44152.91
226.89	44231.70
226.96	44299.40
227.04	44347.46
227.11	44391.65
227.18	44432.49
227.25	44458.76
227.32	44508.80
227.40	44584.42
227.47	44654.97
227.54	44716.99
227.61	44792.19
227.68	44865.05
227.76	44930.83
227.83	45001.35
227.90	45068.72
227.97	45132.95
228.04	45186.94
228.11	45230.73
228.19	45270.96
228.26	45330.39
228.33	45396.97
228.40	45463.31
228.47	45528.48
228.55	45599.43
228.62	45665.14
228.69	45725.47
228.76	45782.44
228.83	45836.52
228.90	45896.45
228.98	45953.17
229.05	46018.38
229.12	46091.35
229.19	46173.58
229.26	46245.10
229.34	46290.20
229.41	46331.37
229.48	46370.76
229.55	46407.57
229.62	46459.58
229.69	46521.66
229.77	46562.65
229.84	46596.90
229.91	46626.28
229.98	46642.11
230.05	46665.16
230.12	46711.64
230.20	46773.40
230.27	46839.37
230.34	46907.85
230.41	46980.18
230.48	47044.34
230.55	47100.53
230.63	47145.67
230.70	47193.06
230.77	47216.12
230.84	47236.86
230.91	47254.77
230.98	47285.28
231.06	47320.55
231.13	47390.19
231.20	47464.03
231.27	47535.74
231.34	47596.63
231.41	47648.79
231.49	47693.15
231.56	47736.30
231.63	47780.58
231.70	47829.87
231.77	47864.31
231.84	47878.65
231.92	47880.71
231.99	47890.73
232.06	47914.90
232.13	47950.33
232.20	48005.37
232.27	48065.49
232.34	48109.54
232.42	48128.63
232.49	48152.48
232.56	48189.53
232.63	48245.13
232.70	48300.73
232.77	48360.33
232.85	48412.24
232.92	48444.84
232.99	48458.76
233.06	48482.27
233.13	48509.66
233.20	48529.88
233.27	48544.40
233.35	48544.15
233.42	48534.29
233.49	48530.48
233.56	48547.51
233.63	48559.74
233.70	48588.03
233.77	48623.51
233.85	48656.26
233.92	48687.47
233.99	48724.59
234.06	48767.36
234.13	48810.19
234.20	48854.06
234.27	48882.85
234.35	48908.21
234.42	48921.08
234.49	48926.81
234.56	48927.06
234.63	48920.24
234.70	48918.18
234.77	48905.40
234.84	48879.25
234.92	48854.66
234.99	48857.47
235.06	48869.09
235.13	48891.07
235.20	48935.35
235.27	48980.71
235.34	49005.85
235.41	49035.85
235.49	49066.10
235.56	49087.46
235.63	49099.53
235.70	49106.86
235.77	49090.97
235.84	49077.34
235.91	49054.82
235.98	49038.47
236.06	49037.34
236.13	49042.19
236.20	49043.29
236.27	49041.96
236.34	49052.25
236.41	49056.82
236.48	49050.31
236.55	49049.00
236.63	49049.70
236.70	49039.97
236.77	49025.55
236.84	49029.17
236.91	49019.94
236.98	49011.84
237.05	49011.59
237.12	49007.05
237.19	48991.13
237.27	48991.05
237.34	48988.46
237.41	48982.94
237.48	48975.62
237.55	48958.04
237.62	48940.40
237.69	48941.50
237.76	48942.69
237.83	48947.50
237.91	48973.51
237.98	48984.62
238.05	48979.97
238.12	48969.89
238.19	48963.75
238.26	48964.97
238.33	48954.77
238.40	48937.21
238.47	48916.75
238.54	48895.11
238.62	48854.73
238.69	48827.40
238.76	48806.84
238.83	48798.52
238.90	48807.79
238.97	48822.13
239.04	48843.82
239.11	48864.31
239.18	48882.63
239.25	48878.00
239.33	48856.68
239.40	48835.27
239.47	48803.08
239.54	48756.63
239.61	48704.48
239.68	48657.64
239.75	48613.67
239.82	48587.55
239.89	48570.03
239.96	48570.60
240.03	48580.19
240.11	48599.25
240.18	48622.67
240.25	48635.05
240.32	48637.23
240.39	48648.85
240.46	48653.82
240.53	48668.60
240.60	48688.96
240.67	48712.91
240.74	48718.81
240.81	48728.01
240.88	48715.00
240.96	48698.41
241.03	48677.80
241.10	48666.25
241.17	48645.01
241.24	48624.66
241.31	48610.14
241.38	48595.13
241.45	48594.04
241.52	48593.10
241.59	48597.00
241.66	48609.63
241.73	48627.41
241.80	48626.43
241.88	48620.24
241.95	48594.75
242.02	48550.57
242.09	48491.61
242.16	48436.77
242.23	48412.34
242.30	48405.66
242.37	48409.06
242.44	48433.75
242.51	48437.14
242.58	48422.35
242.65	48415.58
242.72	48417.73
242.79	48406.19
242.87	48419.88
242.94	48425.92
243.01	48415.94
243.08	48403.28
243.15	48400.68
243.22	48398.98
243.29	48413.25
243.36	48432.09
243.43	48449.84
243.50	48472.41
243.57	48491.60
243.64	48492.85
243.71	48507.75
243.78	48523.07
243.85	48515.59
243.92	48492.97
243.99	48478.84
244.07	48454.22
244.14	48420.82
244.21	48409.25
244.28	48428.53
244.35	48450.13
244.42	48479.25
244.49	48506.97
244.56	48532.57
244.63	48542.87
244.70	48540.64
244.77	48541.82
244.84	48540.93
244.91	48533.04
244.98	48524.85
245.05	48534.75
245.12	48556.56
245.19	48587.78
245.26	48620.53
245.33	48662.10
245.40	48698.19
245.47	48711.75
245.55	48729.27
245.62	48741.72
245.69	48743.10
245.76	48750.50
245.83	48771.49
245.90	48782.61
245.97	48782.23
246.04	48800.17
246.11	48802.69
246.18	48791.25
246.25	48791.13
246.32	48800.35
246.39	48800.22
246.46	48816.79
246.53	48842.50
246.60	48851.66
246.67	48874.60
246.74	48895.93
246.81	48920.41
246.88	48933.04
246.95	48951.26
247.02	48968.67
247.09	48983.23
247.16	48982.17
247.23	48977.59
247.30	48952.83
247.37	48930.15
247.44	48920.82
247.51	48905.36
247.58	48904.23
247.66	48951.19
247.73	49001.09
247.80	49045.25
247.87	49104.74
247.94	49168.72
248.01	49225.97
248.08	49267.84
248.15	49297.82
248.22	49326.65
248.29	49357.18
248.36	49369.41
248.43	49396.51
248.50	49427.40
248.57	49452.62
248.64	49473.76
248.71	49502.53
248.78	49537.36
248.85	49557.52
248.92	49583.10
248.99	49593.72
249.06	49593.99
249.13	49563.54
249.20	49549.28
249.27	49525.94
249.34	49519.42
249.41	49530.24
249.48	49547.10
249.55	49569.78
249.62	49590.54
249.69	49607.06
249.76	49632.20
249.83	49673.62
249.90	49708.39
249.97	49749.57
250.04	49801.72
250.11	49849.61
250.18	49883.98
250.25	49918.96
250.32	49945.75
250.39	49972.33
250.46	49983.49
250.53	50007.56
250.60	50026.43
250.67	50059.97
250.74	50087.63
250.81	50084.65
250.88	50077.58
250.95	50084.24
251.02	50069.43
251.09	50050.35
251.16	50081.70
251.23	50113.62
251.30	50142.68
251.37	50178.95
251.44	50210.13
251.51	50241.56
251.58	50268.46
251.65	50289.70
251.72	50311.73
251.79	50336.13
251.86	50326.24
251.93	50298.99
252.00	50258.20
252.07	50217.29
252.14	50193.19
252.21	50195.63
252.28	50217.93
252.35	50258.81
252.42	50325.83
252.49	50372.95
252.56	50413.40
252.63	50460.13
252.70	50488.26
252.77	50495.15
252.84	50502.46
252.91	50496.02
252.98	50475.15
253.05	50458.47
253.12	50456.44
253.19	50471.93
253.25	50500.80
253.32	50532.08
253.39	50579.12
253.46	50607.62
253.53	50621.84
253.60	50611.28
253.67	50615.15
253.74	50628.07
253.81	50652.64
253.88	50672.20
253.95	50705.17
254.02	50721.75
254.09	50722.13
254.16	50713.05
254.23	50701.09
254.30	50691.76
254.37	50695.75
254.44	50710.15
254.51	50732.67
254.58	50755.64
254.65	50774.97
254.72	50778.39
254.79	50752.05
254.86	50731.54
254.93	50707.60
255.00	50696.90
255.07	50698.55
255.14	50717.41
255.21	50705.22
255.28	50685.97
255.34	50663.06
255.41	50659.03
255.48	50660.13
255.55	50687.41
255.62	50731.70
255.69	50773.82
255.76	50804.75
255.83	50835.60
255.90	50857.38
255.97	50876.94
256.04	50877.37
256.11	50876.56
256.18	50868.84
256.25	50853.60
256.32	50827.48
256.39	50808.52
256.46	50775.38
256.53	50746.03
256.60	50712.42
256.67	50699.11
256.74	50689.86
256.80	50683.23
256.87	50670.88
256.94	50663.06
257.01	50646.81
257.08	50640.72
257.15	50638.08
257.22	50634.10
257.29	50634.06
257.36	50633.78
257.43	50625.48
257.50	50615.49
257.57	50606.64
257.64	50611.02
257.71	50596.63
257.78	50594.51
257.85	50581.07
257.92	50586.54
257.98	50584.24
258.05	50589.92
258.12	50577.26
258.19	50557.91
258.26	50514.61
258.33	50457.91
258.40	50412.12
258.47	50379.61
258.54	50375.91
258.61	50387.70
258.68	50406.56
258.75	50437.77
258.82	50459.69
258.89	50445.35
258.95	50418.25
259.02	50392.02
259.09	50339.25
259.16	50272.24
259.23	50216.79
259.30	50174.20
259.37	50140.77
259.44	50124.83
259.51	50129.54
259.58	50142.34
259.65	50141.00
259.72	50130.07
259.79	50094.68
259.85	50054.20
259.92	50021.10
259.99	50010.10
260.06	49998.56
260.13	49989.53
260.20	49975.18
260.27	49942.52
260.34	49884.45
260.41	49830.37
260.48	49794.81
260.55	49771.76
260.62	49746.01
260.68	49718.76
260.75	49703.06
260.82	49680.30
260.89	49662.83
260.96	49650.88
261.03	49653.10
261.10	49637.67
261.17	49622.84
261.24	49591.11
261.31	49561.72
261.38	49519.43
261.44	49474.52
261.51	49432.70
261.58	49399.57
261.65	49364.90
261.72	49324.80
261.79	49277.78
261.86	49231.39
261.93	49184.45
262.00	49149.49
262.07	49119.27
262.13	49098.00
262.20	49075.51
262.27	49045.24
262.34	49019.61
262.41	48976.70
262.48	48935.36
262.55	48895.68
262.62	48844.02
262.69	48773.62
262.76	48731.43
262.82	48689.10
262.89	48638.51
262.96	48597.45
263.03	48568.10
263.10	48528.59
263.17	48479.50
263.24	48431.91
263.31	48401.24
263.38	48373.14
263.44	48349.58
263.51	48327.49
263.58	48303.76
263.65	48264.90
263.72	48217.43
263.79	48154.71
263.86	48094.20
263.93	48040.57
264.00	47993.16
264.06	47955.33
264.13	47930.36
264.20	47911.30
264.27	47880.90
264.34	47847.70
264.41	47801.82
264.48	47763.07
264.55	47731.37
264.61	47704.09
264.68	47672.05
264.75	47640.67
264.82	47573.87
264.89	47490.88
264.96	47415.90
265.03	47343.06
265.10	47286.14
265.16	47258.18
265.23	47245.95
265.30	47236.02
265.37	47219.04
265.44	47190.82
265.51	47168.23
265.58	47128.80
265.65	47086.43
265.71	47039.30
265.78	46994.45
265.85	46933.21
265.92	46879.93
265.99	46819.46
266.06	46773.72
266.13	46712.75
266.20	46673.06
266.26	46647.02
266.33	46610.47
266.40	46561.67
266.47	46508.82
266.54	46430.20
266.61	46345.52
266.68	46274.54
266.74	46207.02
266.81	46163.63
266.88	46130.71
266.95	46077.17
267.02	46038.11
267.09	45999.98
267.16	45950.37
267.22	45911.85
267.29	45891.47
267.36	45869.32
267.43	45848.93
267.50	45818.23
267.57	45780.03
267.64	45733.56
267.70	45680.28
267.77	45628.40
267.84	45585.51
267.91	45541.65
267.98	45490.04
268.05	45432.44
268.11	45368.74
268.18	45308.64
268.25	45241.46
268.32	45193.85
268.39	45144.64
268.46	45106.26
268.53	45083.45
268.59	45064.52
268.66	45043.00
268.73	45021.44
268.80	44991.44
268.87	44941.34
268.94	44905.75
269.00	44867.95
269.07	44825.57
269.14	44782.66
269.21	44744.38
269.28	44701.14
269.35	44654.30
269.41	44611.38
269.48	44569.20
269.55	44511.63
269.62	44440.62
269.69	44379.03
269.76	44312.91
269.82	44253.41
269.89	44218.55
269.96	44203.15
270.03	44182.02
270.10	44165.80
270.17	44141.24
270.23	44109.99
270.30	44070.71
270.37	44034.55
270.44	44005.00
270.51	43973.63
270.58	43940.67
270.64	43910.88
270.71	43864.95
270.78	43823.98
270.85	43782.79
270.92	43735.79
270.99	43689.70
271.05	43653.16
271.12	43603.71
271.19	43556.26
271.26	43515.94
271.33	43465.59
271.39	43417.58
271.46	43359.30
271.53	43317.44
271.60	43280.29
271.67	43260.18
271.74	43237.80
271.80	43233.19
271.87	43226.64
271.94	43199.67
272.01	43153.57
272.08	43109.95
272.14	43061.68
272.21	43015.50
272.28	42991.70
272.35	42972.29
272.42	42955.94
272.48	42947.18
272.55	42932.62
272.62	42919.22
272.69	42916.28
272.76	42918.19
272.83	42896.75
272.89	42869.72
272.96	42829.01
273.03	42776.02
273.10	42717.93
273.17	42676.24
273.23	42636.12
273.30	42599.45
273.37	42566.08
273.44	42540.34
273.51	42520.50
273.57	42508.05
273.64	42491.01
273.71	42491.38
273.78	42471.71
273.85	42454.03
273.91	42423.50
273.98	42405.55
274.05	42373.67
274.12	42349.69
274.19	42323.00
274.25	42296.73
274.32	42267.81
274.39	42228.74
274.46	42180.31
274.53	42119.85
274.59	42059.41
274.66	42005.34
274.73	41965.77
274.80	41926.14
274.86	41892.39
274.93	41873.71
275.00	41849.18
275.07	41817.58
275.14	41794.66
275.20	41760.00
275.27	41720.82
275.34	41677.15
275.41	41646.95
275.48	41629.54
275.54	41631.40
275.61	41621.08
275.68	41608.02
275.75	41580.26
275.81	41536.80
275.88	41492.01
275.95	41451.53
276.02	41417.04
276.09	41381.05
276.15	41349.65
276.22	41324.64
276.29	41307.65
276.36	41275.28
276.42	41252.05
276.49	41218.71
276.56	41163.45
276.63	41099.74
276.70	41044.38
276.76	41008.51
276.83	40992.79
276.90	40992.33
276.97	40998.15
277.03	41007.43
277.10	40993.09
277.17	40979.04
277.24	40964.78
277.30	40954.88
277.37	40934.13
277.44	40913.09
277.51	40881.63
277.58	40842.48
277.64	40792.85
277.71	40759.91
277.78	40723.40
277.85	40680.62
277.91	40635.17
277.98	40596.20
278.05	40552.55
278.12	40515.20
278.18	40478.50
278.25	40456.37
278.32	40434.66
278.39	40426.34
278.45	40421.49
278.52	40422.30
278.59	40405.05
278.66	40380.07
278.72	40346.44
278.79	40312.31
278.86	40282.27
278.93	40267.62
278.99	40259.08
279.06	40247.53
279.13	40226.75
279.20	40210.11
279.26	40191.84
279.33	40177.22
279.40	40150.71
279.47	40121.78
279.53	40081.80
279.60	40043.72
279.67	39992.87
279.74	39953.51
279.80	39922.92
279.87	39899.05
279.94	39870.77
280.01	39853.25
280.07	39825.91
280.14	39795.59
280.21	39762.65
280.28	39725.15
280.34	39678.70
280.41	39636.81
280.48	39586.99
280.55	39546.68
280.61	39516.10
280.68	39499.14
280.75	39477.14
280.82	39460.83
280.88	39432.12
280.95	39377.34
281.02	39319.64
281.08	39258.50
281.15	39194.50
281.22	39132.63
281.29	39077.08
281.35	39008.05
281.42	38949.25
281.49	38887.58
281.56	38827.14
281.62	38785.79
281.69	38754.31
281.76	38724.47
281.82	38708.82
281.89	38689.94
281.96	38660.72
282.03	38630.47
282.09	38592.65
282.16	38550.10
282.23	38512.89
282.30	38478.50
282.36	38444.96
282.43	38423.74
282.50	38414.83
282.56	38380.22
282.63	38358.03
282.70	38331.90
282.77	38312.00
282.83	38282.65
282.90	38274.50
282.97	38260.49
283.03	38249.29
283.10	38235.13
283.17	38219.67
283.24	38193.95
283.30	38156.44
283.37	38121.20
283.44	38080.52
283.50	38032.50
283.57	37990.86
283.64	37943.56
283.71	37889.91
283.77	37841.23
283.84	37809.19
283.91	37782.58
283.97	37765.84
284.04	37765.89
284.11	37750.98
284.18	37734.31
284.24	37716.02
284.31	37713.08
284.38	37698.76
284.44	37692.93
284.51	37681.64
284.58	37681.10
284.64	37667.37
284.71	37651.51
284.78	37629.55
284.85	37609.97
284.91	37581.74
284.98	37554.71
285.05	37518.67
285.11	37487.93
285.18	37460.16
285.25	37436.12
285.31	37419.84
285.38	37411.57
285.45	37410.80
285.52	37396.94
285.58	37376.05
285.65	37348.34
285.72	37317.10
285.78	37289.09
285.85	37272.53
285.92	37258.96
285.98	37248.30
286.05	37239.17
286.12	37232.99
286.18	37219.00
286.25	37201.24
286.32	37172.06
286.39	37153.05
286.45	37114.57
286.52	37076.09
286.59	37042.15
286.65	37028.13
286.72	37015.40
286.79	37009.75
286.85	37014.20
286.92	37019.29
286.99	37014.21
287.05	36999.47
287.12	36988.12
287.19	36975.56
287.25	36966.98
287.32	36956.70
287.39	36951.70
287.45	36940.60
287.52	36927.85
287.59	36916.07
287.65	36902.25
287.72	36878.06
287.79	36853.75
287.86	36821.80
287.92	36782.77
287.99	36756.51
288.06	36743.18
288.12	36728.99
288.19	36718.72
288.26	36699.72
288.32	36675.33
288.39	36653.06
288.46	36639.42
288.52	36632.73
288.59	36643.23
288.66	36648.99
288.72	36651.47
288.79	36647.84
288.86	36631.03
288.92	36607.71
288.99	36577.65
289.06	36555.73
289.12	36534.93
289.19	36522.25
289.26	36515.78
289.32	36519.64
289.39	36508.38
289.45	36504.18
289.52	36494.52
289.59	36484.70
289.65	36473.93
289.72	36460.96
289.79	36449.46
289.85	36441.16
289.92	36431.45
289.99	36416.15
290.05	36402.41
290.12	36378.64
290.19	36358.43
290.25	36332.26
290.32	36312.46
290.39	36303.60
290.45	36300.12
290.52	36298.70
290.59	36294.26
290.65	36287.28
290.72	36269.30
290.79	36254.15
290.85	36242.63
290.92	36241.02
290.98	36232.69
291.05	36237.47
291.12	36234.91
291.18	36228.06
291.25	36216.81
291.32	36209.90
291.38	36187.15
291.45	36170.86
291.52	36145.30
291.58	36121.13
291.65	36105.42
291.72	36099.52
291.78	36089.59
291.85	36075.02
291.91	36059.98
291.98	36056.70
292.05	36038.60
292.11	36029.94
292.18	36031.06
292.25	36028.19
292.31	36003.24
292.38	35996.77
292.45	35987.15
292.51	35976.88
292.58	35962.05
292.64	35958.83
292.71	35946.90
292.78	35931.59
292.84	35913.20
292.91	35908.32
292.98	35893.44
293.04	35880.03
293.11	35867.70
293.17	35858.67
293.24	35851.12
293.31	35842.04
293.37	35836.14
293.44	35822.92
293.51	35812.35
293.57	35796.23
293.64	35778.26
293.70	35765.72
293.77	35753.59
293.84	35736.97
293.90	35713.37
293.97	35707.55
294.04	35698.37
294.10	35685.95
294.17	35675.53
294.23	35674.06
294.30	35650.83
294.37	35630.48
294.43	35622.18
294.50	35602.35
294.56	35586.55
294.63	35576.17
294.70	35565.38
294.76	35554.55
294.83	35550.26
294.90	35541.00
294.96	35538.27
295.03	35526.60
295.09	35523.94
295.16	35527.50
295.23	35519.54
295.29	35508.10
295.36	35496.09
295.42	35470.96
295.49	35445.46
295.56	35437.31
295.62	35427.60
295.69	35416.71
295.75	35413.29
295.82	35407.96
295.89	35380.68
295.95	35348.58
296.02	35327.95
296.08	35294.72
296.15	35251.89
296.22	35233.34
296.28	35220.80
296.35	35207.79
296.41	35194.49
296.48	35194.92
296.55	35190.25
296.61	35184.97
296.68	35179.74
296.74	35179.12
296.81	35174.37
296.88	35161.48
296.94	35142.67
297.01	35118.67
297.07	35094.20
297.14	35071.83
297.20	35059.44
297.27	35060.90
297.34	35071.73
297.40	35070.54
297.47	35063.98
297.53	35043.27
297.60	35023.22
297.67	34990.15
297.73	34971.04
297.80	34943.29
297.86	34920.96
297.93	34891.43
298.00	34867.81
298.06	34842.15
298.13	34841.77
298.19	34835.37
298.26	34827.60
298.32	34828.65
298.39	34819.14
298.46	34793.31
298.52	34773.29
298.59	34747.66
298.65	34712.12
298.72	34689.55
298.78	34673.98
298.85	34653.52
298.92	34639.49
298.98	34624.78
299.05	34604.30
299.11	34579.34
299.18	34552.60
299.24	34522.15
299.31	34486.93
299.38	34455.23
299.44	34425.41
299.51	34406.60
299.57	34393.95
299.64	34387.85
299.70	34382.93
299.77	34367.37
299.84	34341.99
299.90	34306.60
299.97	34260.04
300.03	34223.18
300.10	34202.99
300.16	34185.94
300.23	34172.70
300.30	34165.89
300.36	34142.27
300.43	34117.78
300.49	34087.64
300.56	34060.35
300.62	34031.05
300.69	34012.55
300.75	33988.64
300.82	33970.80
300.89	33947.71
300.95	33924.48
301.02	33884.68
301.08	33845.69
301.15	33809.08
301.21	33775.76
301.28	33747.70
301.34	33724.62
301.41	33699.08
301.48	33673.10
301.54	33645.50
301.61	33621.50
301.67	33592.66
301.74	33570.76
301.80	33532.44
301.87	33490.12
301.93	33442.01
302.00	33399.99
302.06	33342.46
302.13	33298.05
302.20	33267.38
302.26	33232.63
302.33	33208.15
302.39	33179.21
302.46	33146.79
302.52	33099.82
302.59	33063.21
302.65	33013.69
302.72	32971.45
302.78	32935.63
302.85	32908.47
302.91	32867.45
302.98	32836.08
303.05	32802.15
303.11	32769.84
303.18	32725.65
303.24	32692.66
303.31	32651.70
303.37	32610.93
303.44	32575.33
303.50	32535.29
303.57	32484.26
303.63	32434.54
303.70	32391.79
303.76	32336.22
303.83	32292.65
303.89	32251.89
303.96	32210.22
304.03	32161.31
304.09	32110.14
304.16	32050.78
304.22	31991.30
304.29	31936.93
304.35	31885.64
304.42	31840.91
304.48	31799.41
304.55	31751.57
304.61	31702.97
304.68	31650.65
304.74	31600.36
304.81	31554.98
304.87	31504.07
304.94	31455.43
305.00	31410.30
305.07	31351.14
305.13	31285.86
305.20	31229.75
305.26	31173.28
305.33	31117.70
305.39	31066.31
305.46	31010.36
305.52	30960.34
305.59	30908.79
305.66	30854.66
305.72	30804.43
305.79	30754.28
305.85	30704.04
305.92	30619.90
305.98	30506.14
306.05	30365.15
306.11	30214.47
306.18	30045.65
306.24	29904.90
306.31	29825.91
306.37	29816.09
306.44	29856.26
306.50	29918.00
306.57	29979.65
306.63	30014.34
306.70	29991.77
306.76	29930.33
306.83	29864.10
306.89	29793.57
306.96	29718.09
307.02	29658.42
307.09	29615.24
307.15	29560.23
307.22	29514.33
307.28	29458.81
307.35	29393.27
307.41	29315.77
307.48	29243.41
307.54	29170.28
307.61	29104.46
307.67	29041.26
307.74	28983.16
307.80	28932.81
307.87	28872.56
307.93	28815.27
308.00	28762.15
308.06	28709.41
308.13	28645.66
308.19	28589.17
308.26	28527.90
308.32	28471.61
308.38	28409.29
308.45	28351.33
308.51	28293.85
308.58	28233.66
308.64	28169.12
308.71	28110.17
308.77	28050.70
308.84	27988.64
308.90	27934.94
308.97	27877.71
309.03	27821.62
309.10	27761.21
309.16	27698.33
309.23	27624.80
309.29	27554.16
309.36	27467.35
309.42	27390.07
309.49	27316.50
309.55	27251.97
309.62	27188.77
309.68	27145.88
309.75	27085.24
309.81	27022.24
309.88	26960.93
309.94	26897.41
310.00	26824.38
310.07	26758.51
310.13	26699.17
310.20	26635.44
310.26	26576.72
310.33	26512.06
310.39	26454.05
310.46	26392.58
310.52	26331.95
310.59	26264.43
310.65	26205.60
310.72	26147.17
310.78	26083.28
310.85	26018.22
310.91	25959.63
310.97	25903.82
311.04	25843.17
311.10	25778.12
311.17	25721.48
311.23	25659.21
311.30	25600.40
311.36	25546.78
311.43	25506.88
311.49	25451.25
311.56	25398.22
311.62	25338.99
311.69	25279.40
311.75	25223.89
311.81	25161.97
311.88	25092.73
311.94	25036.07
312.01	24987.99
312.07	24925.40
312.14	24883.79
312.20	24846.74
312.27	24795.65
312.33	24733.27
312.40	24667.27
312.46	24592.41
312.52	24526.50
312.59	24460.88
312.65	24393.74
312.72	24330.41
312.78	24273.44
312.85	24213.45
312.91	24152.45
312.98	24093.14
313.04	24048.53
313.10	23998.44
313.17	23944.14
313.23	23899.66
313.30	23849.55
313.36	23784.57
313.43	23720.98
313.49	23667.31
313.56	23597.44
313.62	23529.34
313.68	23472.94
313.75	23427.36
313.81	23372.62
313.88	23324.41
313.94	23284.82
314.01	23238.38
314.07	23178.73
314.13	23123.90
314.20	23069.94
314.26	23015.23
314.33	22957.19
314.39	22905.72
314.46	22841.11
314.52	22794.89
314.58	22738.23
314.65	22684.03
314.71	22627.44
314.78	22579.62
314.84	22518.55
314.91	22462.72
314.97	22407.50
315.03	22357.03
315.10	22303.33
315.16	22245.75
315.23	22194.60
315.29	22150.66
315.36	22100.61
315.42	22055.59
315.48	22009.12
315.55	21963.00
315.61	21903.77
315.68	21848.20
315.74	21794.08
315.81	21734.21
315.87	21677.29
315.93	21631.70
316.00	21603.12
316.06	21563.84
316.13	21539.93
316.19	21485.22
316.25	21394.60
316.32	21253.41
316.38	21082.54
316.45	20865.62
316.51	20641.42
316.58	20406.65
316.64	20170.68
316.70	19937.08
316.77	19701.08
316.83	19456.08
316.90	19215.19
316.96	18969.77
317.02	18723.63
317.09	18481.90
317.15	18247.02
317.22	18003.93
317.28	17761.83
317.34	17516.98
317.41	17272.45
317.47	17027.80
317.54	16785.96
317.60	16543.75
317.66	16299.99
317.73	16054.69
317.79	15809.31
317.86	15568.80
317.92	15324.76
317.98	15078.81
318.05	14826.49
318.11	14575.00
318.18	14333.52
318.24	14082.47
318.30	13832.92
318.37	13585.32
318.43	13329.30
318.50	13059.06
318.56	12796.54
318.62	12538.70
318.69	12276.97
318.75	12016.40
318.82	11745.94
318.88	11477.84
318.94	11204.39
319.01	10933.99
319.07	10662.57
319.13	10394.20
319.20	10120.04
319.26	9838.80
319.33	9553.70
319.39	9265.12
319.45	8988.28
319.52	8709.98
319.58	8428.24
319.65	8149.67
319.71	7869.78
319.77	7582.40
319.84	7303.19
319.90	7036.11
319.96	6764.25
320.03	6499.46
320.09	6243.85
320.16	5980.37
320.22	5722.14
320.28	5472.99
320.35	5230.48
320.41	4994.06
320.47	4770.47
320.54	4549.99
320.60	4342.90
320.67	4142.03
320.73	3944.85
320.79	3755.83
320.86	3579.18
320.92	3402.66
320.98	3238.30
321.05	3081.22
321.11	2929.81
321.18	2785.79
321.24	2654.30
321.30	2523.59
321.37	2403.97
321.43	2297.66
321.49	2194.40
321.56	2096.27
321.62	2010.00
321.68	1922.25
321.75	1839.44
321.81	1764.19
321.88	1691.53
321.94	1624.89
322.00	1566.31
322.07	1502.87
322.13	1441.20
322.19	1382.02
322.26	1320.46
322.32	1262.87
322.38	1213.62
322.45	1170.99
322.51	1126.16
322.58	1088.82
322.64	1042.37
322.70	1001.06
322.77	952.61
322.83	915.56
322.89	868.85
322.96	829.69
323.02	787.79
323.08	747.73
323.15	706.05
323.21	670.85
323.27	635.46
323.34	601.68
323.40	568.58
323.46	535.08
323.53	495.63
323.59	416.80
323.65	311.55
323.72	194.70
323.78	83.50
323.85	-16.20
323.91	-67.20
323.97	-86.28
324.04	-87.14
