180.21	3420.58
180.28	-124.63
180.36	630.63
180.44	-48.70
180.51	-18.30
180.59	4.73
180.66	31.67
180.74	30.34
180.81	30.52
180.89	32.85
180.97	34.00
181.04	32.29
181.12	31.38
181.19	31.80
181.27	32.50
181.34	48.60
181.42	55.18
181.50	62.37
181.57	73.05
181.65	78.11
181.72	72.32
181.80	67.99
181.87	68.98
181.95	70.92
182.03	72.72
182.10	78.10
182.18	84.23
182.25	94.73
182.33	101.22
182.40	115.60
182.48	119.61
182.55	139.66
182.63	152.60
182.71	165.67
182.78	179.22
182.86	194.98
182.93	191.36
183.01	185.04
183.08	173.48
183.16	165.22
183.23	155.10
183.31	165.85
183.39	180.65
183.46	209.56
183.54	231.40
183.61	269.26
183.69	301.34
183.76	347.34
183.84	385.24
183.91	426.19
183.99	477.59
184.06	516.95
184.14	559.85
184.22	610.21
184.29	641.50
184.37	650.81
184.44	658.86
184.52	616.75
184.59	534.09
184.67	463.70
184.74	399.29
184.82	361.79
184.89	373.09
184.97	438.17
185.04	522.21
185.12	607.86
185.20	700.99
185.27	791.91
185.35	886.31
185.42	949.49
185.50	1019.24
185.57	1074.62
185.65	1120.04
185.72	1171.44
185.80	1254.04
185.87	1320.09
185.95	1408.67
186.02	1519.49
186.10	1567.16
186.17	1568.60
186.25	1500.46
186.33	1310.09
186.40	1096.03
186.48	952.37
186.55	877.97
186.63	905.46
186.70	1057.39
186.78	1227.30
186.85	1374.40
186.93	1499.23
187.00	1617.01
187.08	1734.22
187.15	1849.45
187.23	1982.69
187.30	2109.87
187.38	2223.25
187.45	2352.42
187.53	2478.18
187.60	2560.86
187.68	2677.23
187.75	2801.75
187.83	2862.46
187.90	2931.65
187.98	3013.45
188.05	2980.11
188.13	2785.62
188.21	2503.83
188.28	2224.45
188.36	1971.25
188.43	1831.35
188.51	1895.06
188.58	2107.94
188.66	2315.73
188.73	2527.15
188.81	2734.80
188.88	2900.00
188.96	3055.77
189.03	3199.92
189.11	3347.03
189.18	3473.21
189.26	3586.85
189.33	3709.12
189.41	3831.25
189.48	3917.60
189.56	4025.05
189.63	4136.21
189.71	4190.09
189.78	4257.05
189.86	4335.72
189.93	4360.05
190.01	4338.89
190.08	4256.60
190.16	3999.97
190.23	3622.50
190.31	3305.41
190.38	3089.99
190.46	3004.50
190.53	3114.51
190.61	3374.01
190.68	3617.06
190.76	3839.13
190.83	4026.25
190.91	4195.01
190.98	4354.79
191.06	4502.77
191.13	4647.66
191.21	4773.10
191.28	4886.64
191.35	5003.78
191.43	5106.77
191.50	5179.73
191.58	5273.51
191.65	5353.42
191.73	5394.71
191.80	5445.71
191.88	5472.66
191.95	5464.68
192.03	5472.34
192.10	5492.23
192.18	5491.64
192.25	5451.29
192.33	5308.27
192.40	5060.00
192.48	4814.36
192.55	4628.88
192.63	4538.60
192.70	4609.03
192.78	4808.86
192.85	5034.76
192.93	5239.64
193.00	5418.53
193.08	5569.47
193.15	5711.76
193.22	5814.91
193.30	5911.15
193.37	6006.95
193.45	6074.78
193.52	6137.34
193.60	6211.98
193.67	6264.42
193.75	6313.17
193.82	6364.99
193.90	6387.31
193.97	6407.67
194.05	6437.38
194.12	6458.73
194.20	6495.67
194.27	6542.38
194.34	6582.99
194.42	6614.77
194.49	6646.01
194.57	6650.88
194.64	6599.64
194.72	6500.56
194.79	6397.08
194.87	6313.62
194.94	6267.43
195.02	6291.03
195.09	6377.91
195.17	6490.39
195.24	6592.56
195.31	6690.96
195.39	6780.46
195.46	6862.91
195.54	6936.13
195.61	7005.38
195.69	7058.34
195.76	7102.45
195.84	7148.56
195.91	7173.25
195.99	7183.59
196.06	7191.51
196.13	7205.98
196.21	7208.93
196.28	7225.52
196.36	7248.40
196.43	7266.20
196.51	7284.75
196.58	7306.22
196.66	7323.73
196.73	7349.01
196.80	7385.19
196.88	7419.96
196.95	7457.40
197.03	7495.10
197.10	7510.04
197.18	7507.63
197.25	7502.86
197.33	7503.40
197.40	7509.16
197.47	7520.80
197.55	7553.75
197.62	7587.59
197.70	7613.95
197.77	7644.07
197.85	7679.04
197.92	7703.30
197.99	7722.26
198.07	7735.06
198.14	7734.17
198.22	7748.03
198.29	7769.24
198.37	7801.55
198.44	7850.22
198.51	7902.16
198.59	7947.42
198.66	7997.48
198.74	8038.85
198.81	8070.22
198.89	8097.27
198.96	8121.78
199.03	8135.75
199.11	8158.87
199.18	8178.20
199.26	8197.25
199.33	8221.62
199.41	8245.56
199.48	8253.06
199.55	8253.20
199.63	8246.36
199.70	8244.06
199.78	8244.82
199.85	8259.57
199.93	8295.57
200.00	8357.26
200.07	8415.40
200.15	8483.02
200.22	8546.85
200.30	8592.23
200.37	8631.58
200.44	8661.46
200.52	8678.18
200.59	8702.07
200.67	8728.36
200.74	8744.22
200.81	8763.50
200.89	8781.41
200.96	8804.54
201.04	8820.81
201.11	8841.33
201.19	8855.67
201.26	8870.74
201.33	8877.96
201.41	8904.19
201.48	8940.38
201.56	8991.79
201.63	9060.55
201.70	9123.22
201.78	9180.02
201.85	9235.37
201.93	9283.81
202.00	9319.66
202.07	9356.46
202.15	9387.97
202.22	9414.04
202.30	9443.36
202.37	9475.47
202.44	9511.77
202.52	9550.98
202.59	9589.10
202.67	9618.63
202.74	9653.17
202.81	9679.56
202.89	9697.70
202.96	9728.37
203.04	9772.02
203.11	9815.41
203.18	9878.36
203.26	9952.76
203.33	10015.31
203.41	10071.36
203.48	10123.41
203.55	10154.06
203.63	10190.29
203.70	10232.32
203.77	10273.89
203.85	10315.84
203.92	10371.31
204.00	10432.63
204.07	10487.47
204.14	10544.84
204.22	10596.03
204.29	10645.78
204.37	10680.21
204.44	10718.88
204.51	10762.72
204.59	10815.23
204.66	10859.85
204.73	10918.94
204.81	10976.86
204.88	11041.10
204.96	11104.61
205.03	11172.24
205.10	11229.58
205.18	11288.66
205.25	11335.96
205.32	11388.62
205.40	11443.85
205.47	11502.29
205.55	11563.08
205.62	11628.24
205.69	11696.03
205.77	11766.09
205.84	11838.78
205.91	11913.71
205.99	11988.93
206.06	12051.13
206.14	12115.25
206.21	12185.37
206.28	12248.91
206.36	12315.74
206.43	12383.96
206.50	12455.01
206.58	12521.68
206.65	12590.51
206.72	12651.84
206.80	12719.86
206.87	12780.31
206.95	12849.12
207.02	12927.59
207.09	13014.78
207.17	13103.42
207.24	13199.66
207.31	13290.94
207.39	13376.19
207.46	13457.35
207.53	13538.52
207.61	13620.48
207.68	13696.37
207.75	13781.68
207.83	13869.50
207.90	13951.89
207.98	14032.13
208.05	14118.55
208.12	14194.38
208.20	14272.25
208.27	14352.51
208.34	14434.31
208.42	14509.31
208.49	14593.67
208.56	14673.27
208.64	14764.17
208.71	14851.68
208.78	14944.84
208.86	15044.74
208.93	15145.97
209.00	15245.26
209.08	15349.96
209.15	15459.38
209.22	15563.57
209.30	15671.96
209.37	15776.07
209.44	15879.79
209.52	15980.52
209.59	16074.71
209.67	16171.14
209.74	16268.25
209.81	16370.33
209.89	16468.32
209.96	16568.61
210.03	16666.51
210.11	16763.33
210.18	16848.72
210.25	16941.35
210.33	17033.84
210.40	17129.80
210.47	17243.92
210.55	17368.49
210.62	17488.68
210.69	17604.16
210.77	17730.66
210.84	17842.36
210.91	17966.18
210.99	18084.09
211.06	18212.31
211.13	18329.48
211.21	18452.36
211.28	18559.07
211.35	18678.85
211.42	18802.64
211.50	18923.23
211.57	19041.06
211.64	19162.96
211.72	19271.86
211.79	19368.00
211.86	19466.44
211.94	19578.62
212.01	19687.62
212.08	19813.70
212.16	19940.02
212.23	20077.13
212.30	20210.18
212.38	20343.87
212.45	20473.20
212.52	20612.22
212.60	20739.89
212.67	20865.86
212.74	20995.06
212.82	21119.62
212.89	21247.96
212.96	21374.80
213.03	21498.92
213.11	21632.91
213.18	21766.56
213.25	21898.36
213.33	22028.52
213.40	22152.63
213.47	22267.14
213.55	22386.87
213.62	22498.33
213.69	22625.03
213.77	22751.14
213.84	22893.04
213.91	23043.83
213.98	23197.29
214.06	23344.11
214.13	23508.98
214.20	23654.06
214.28	23798.04
214.35	23942.23
214.42	24081.23
214.50	24207.11
214.57	24338.70
214.64	24468.84
214.72	24602.13
214.79	24743.11
214.86	24886.33
214.93	25027.65
215.01	25174.69
215.08	25313.30
215.15	25445.66
215.23	25573.17
215.30	25704.37
215.37	25823.74
215.44	25962.56
215.52	26108.83
215.59	26259.04
215.66	26407.98
215.74	26558.78
215.81	26697.58
215.88	26841.18
215.95	26979.43
216.03	27118.77
216.10	27264.04
216.17	27411.76
216.25	27561.80
216.32	27723.17
216.39	27878.86
216.46	28033.20
216.54	28180.92
216.61	28323.03
216.68	28452.21
216.76	28589.31
216.83	28713.99
216.90	28848.69
216.97	28988.52
217.05	29131.87
217.12	29268.91
217.19	29416.51
217.27	29557.54
217.34	29685.35
217.41	29810.12
217.48	29940.25
217.56	30074.67
217.63	30220.86
217.70	30372.46
217.78	30531.36
217.85	30686.68
217.92	30838.53
217.99	30983.44
218.07	31124.06
218.14	31261.85
218.21	31410.11
218.28	31554.99
218.36	31694.37
218.43	31839.26
218.50	31988.32
218.57	32123.99
218.65	32255.51
218.72	32384.91
218.79	32512.44
218.87	32634.00
218.94	32762.95
219.01	32893.91
219.08	33034.41
219.16	33168.64
219.23	33317.45
219.30	33467.49
219.37	33614.01
219.45	33754.59
219.52	33907.47
219.59	34034.84
219.66	34156.05
219.74	34288.56
219.81	34432.86
219.88	34559.61
219.95	34698.58
220.03	34835.12
220.10	34965.67
220.17	35089.94
220.24	35222.42
220.32	35351.92
220.39	35485.72
220.46	35606.93
220.53	35730.91
220.61	35842.73
220.68	35956.54
220.75	36070.26
220.82	36205.05
220.90	36329.10
220.97	36458.69
221.04	36579.47
221.11	36696.31
221.19	36810.12
221.26	36922.75
221.33	37046.21
221.40	37178.28
221.48	37313.76
221.55	37436.61
221.62	37556.87
221.69	37675.06
221.77	37793.26
221.84	37914.53
221.91	38027.53
221.98	38149.30
222.06	38271.06
222.13	38394.67
222.20	38502.36
222.27	38619.72
222.35	38730.57
222.42	38841.35
222.49	38948.26
222.56	39059.54
222.63	39167.46
222.71	39272.70
222.78	39377.40
222.85	39478.07
222.92	39591.47
223.00	39702.91
223.07	39814.45
223.14	39923.10
223.21	40031.01
223.29	40127.23
223.36	40234.33
223.43	40342.11
223.50	40451.66
223.57	40567.00
223.65	40691.95
223.72	40800.27
223.79	40910.35
223.86	41008.26
223.94	41094.96
224.01	41172.37
224.08	41255.92
224.15	41340.47
224.22	41429.49
224.30	41523.66
224.37	41616.93
224.44	41716.96
224.51	41806.98
224.59	41889.56
224.66	41968.55
224.73	42055.13
224.80	42145.99
224.87	42237.27
224.95	42343.13
225.02	42457.48
225.09	42560.14
225.16	42649.33
225.23	42753.42
225.31	42849.27
225.38	42927.61
225.45	43011.57
225.52	43098.68
225.60	43171.84
225.67	43241.55
225.74	43320.43
225.81	43402.26
225.88	43483.79
225.96	43560.48
226.03	43639.11
226.10	43716.78
226.17	43785.91
226.24	43857.50
226.32	43939.42
226.39	44027.97
226.46	44104.84
226.53	44183.06
226.60	44267.75
226.68	44350.53
226.75	44431.85
226.82	44523.09
226.89	44615.16
226.96	44695.26
227.04	44757.11
227.11	44814.29
227.18	44871.69
227.25	44920.34
227.32	44974.92
227.40	45043.78
227.47	45110.50
227.54	45189.43
227.61	45270.86
227.68	45347.96
227.76	45422.40
227.83	45494.31
227.90	45560.84
227.97	45625.23
228.04	45682.65
228.11	45739.80
228.19	45788.38
228.26	45834.74
228.33	45890.58
228.40	45943.05
228.47	46000.58
228.55	46068.34
228.62	46131.86
228.69	46196.02
228.76	46261.76
228.83	46320.55
228.90	46378.48
228.98	46438.24
229.05	46494.68
229.12	46556.76
229.19	46618.73
229.26	46680.54
229.34	46732.79
229.41	46784.11
229.48	46830.79
229.55	46878.88
229.62	46939.03
229.69	47006.64
229.77	47067.27
229.84	47131.77
229.91	47186.58
229.98	47229.92
230.05	47268.75
230.12	47311.76
230.20	47356.76
230.27	47401.56
230.34	47458.51
230.41	47519.45
230.48	47578.70
230.55	47636.41
230.63	47703.48
230.70	47764.33
230.77	47808.84
230.84	47848.49
230.91	47879.19
230.98	47910.03
231.06	47939.98
231.13	47990.44
231.20	48053.50
231.27	48122.38
231.34	48189.46
231.41	48252.20
231.49	48301.10
231.56	48342.58
231.63	48383.64
231.70	48424.07
231.77	48461.58
231.84	48498.17
231.92	48529.54
231.99	48559.77
232.06	48598.26
232.13	48633.59
232.20	48675.99
232.27	48726.80
232.34	48771.22
232.42	48799.36
232.49	48829.22
232.56	48855.22
232.63	48879.94
232.70	48916.52
232.77	48970.85
232.85	49021.56
232.92	49069.76
232.99	49109.46
233.06	49137.56
233.13	49156.88
233.20	49172.97
233.27	49190.58
233.35	49200.84
233.42	49211.00
233.49	49226.63
233.56	49251.70
233.63	49282.69
233.70	49324.49
233.77	49375.76
233.85	49416.96
233.92	49459.55
233.99	49493.44
234.06	49522.71
234.13	49546.60
234.20	49573.97
234.27	49589.68
234.35	49599.40
234.42	49612.09
234.49	49626.64
234.56	49645.21
234.63	49654.93
234.70	49681.41
234.77	49700.35
234.84	49713.04
234.92	49711.53
234.99	49721.20
235.06	49723.40
235.13	49727.71
235.20	49737.25
235.27	49758.92
235.34	49780.11
235.41	49807.36
235.49	49830.27
235.56	49843.54
235.63	49853.93
235.70	49861.48
235.77	49856.65
235.84	49858.97
235.91	49857.96
235.98	49856.33
236.06	49850.62
236.13	49846.35
236.20	49834.46
236.27	49815.04
236.34	49789.22
236.41	49772.62
236.48	49758.05
236.55	49754.65
236.63	49757.50
236.70	49757.91
236.77	49763.74
236.84	49781.12
236.91	49787.85
236.98	49802.22
237.05	49820.18
237.12	49820.63
237.19	49809.88
237.27	49806.11
237.34	49801.22
237.41	49790.86
237.48	49781.66
237.55	49768.00
237.62	49754.14
237.69	49747.89
237.76	49744.87
237.83	49752.16
237.91	49763.26
237.98	49768.89
238.05	49763.09
238.12	49762.66
238.19	49757.86
238.26	49762.86
238.33	49760.02
238.40	49755.74
238.47	49740.66
238.54	49731.74
238.62	49707.37
238.69	49697.89
238.76	49690.46
238.83	49686.38
238.90	49681.44
238.97	49670.50
239.04	49662.92
239.11	49661.49
239.18	49662.06
239.25	49656.73
239.33	49645.76
239.40	49632.37
239.47	49611.67
239.54	49583.25
239.61	49544.89
239.68	49513.86
239.75	49487.42
239.82	49468.26
239.89	49457.40
239.96	49461.21
240.03	49473.59
240.11	49475.86
240.18	49471.18
240.25	49462.78
240.32	49447.65
240.39	49433.43
240.46	49416.78
240.53	49414.53
240.60	49412.84
240.67	49412.27
240.74	49405.07
240.81	49398.89
240.88	49385.30
240.96	49377.74
241.03	49365.46
241.10	49361.71
241.17	49362.54
241.24	49361.90
241.31	49360.40
241.38	49359.53
241.45	49350.53
241.52	49341.19
241.59	49324.93
241.66	49306.30
241.73	49290.84
241.80	49277.24
241.88	49261.34
241.95	49243.13
242.02	49222.07
242.09	49195.46
242.16	49171.43
242.23	49151.14
242.30	49134.39
242.37	49123.78
242.44	49131.45
242.51	49128.68
242.58	49136.22
242.65	49142.52
242.72	49143.39
242.79	49126.83
242.87	49127.12
242.94	49103.24
243.01	49097.76
243.08	49096.06
243.15	49098.52
243.22	49093.66
243.29	49102.46
243.36	49107.63
243.43	49114.23
243.50	49130.78
243.57	49149.26
243.64	49164.29
243.71	49172.97
243.78	49174.51
243.85	49163.09
243.92	49149.59
243.99	49132.74
244.07	49114.38
244.14	49099.29
244.21	49091.85
244.28	49087.05
244.35	49078.79
244.42	49070.23
244.49	49066.92
244.56	49063.82
244.63	49064.76
244.70	49063.15
244.77	49064.85
244.84	49070.08
244.91	49082.22
244.98	49092.21
245.05	49116.60
245.12	49134.95
245.19	49150.42
245.26	49155.13
245.33	49161.64
245.40	49178.76
245.47	49206.33
245.55	49220.62
245.62	49237.83
245.69	49239.66
245.76	49237.00
245.83	49232.21
245.90	49233.15
245.97	49231.49
246.04	49247.01
246.11	49259.14
246.18	49268.15
246.25	49274.03
246.32	49274.67
246.39	49273.74
246.46	49268.77
246.53	49269.81
246.60	49277.86
246.67	49298.15
246.74	49312.90
246.81	49334.14
246.88	49345.03
246.95	49363.86
247.02	49383.49
247.09	49402.99
247.16	49405.14
247.23	49405.65
247.30	49396.40
247.37	49382.40
247.44	49387.04
247.51	49405.00
247.58	49437.91
247.66	49474.75
247.73	49517.07
247.80	49542.38
247.87	49564.46
247.94	49585.70
248.01	49608.55
248.08	49621.58
248.15	49643.90
248.22	49663.40
248.29	49682.00
248.36	49695.31
248.43	49723.84
248.50	49745.06
248.57	49768.48
248.64	49777.77
248.71	49794.27
248.78	49809.59
248.85	49818.20
248.92	49828.04
248.99	49843.11
249.06	49855.50
249.13	49859.60
249.20	49880.04
249.27	49898.27
249.34	49914.20
249.41	49922.89
249.48	49920.47
249.55	49906.57
249.62	49902.50
249.69	49909.71
249.76	49931.86
249.83	49969.39
249.90	50014.91
249.97	50055.39
250.04	50093.23
250.11	50129.79
250.18	50157.09
250.25	50174.06
250.32	50188.70
250.39	50204.66
250.46	50214.59
250.53	50233.11
250.60	50258.36
250.67	50286.31
250.74	50299.94
250.81	50309.36
250.88	50316.63
250.95	50328.16
251.02	50340.31
251.09	50359.41
251.16	50386.64
251.23	50409.04
251.30	50416.53
251.37	50429.06
251.44	50441.96
251.51	50444.64
251.58	50453.27
251.65	50472.12
251.72	50474.36
251.79	50484.15
251.86	50501.38
251.93	50510.50
252.00	50514.86
252.07	50528.10
252.14	50537.74
252.21	50540.06
252.28	50553.63
252.35	50560.88
252.42	50579.88
252.49	50589.41
252.56	50600.95
252.63	50600.30
252.70	50603.49
252.77	50602.75
252.84	50613.35
252.91	50624.37
252.98	50645.27
253.05	50669.39
253.12	50681.33
253.19	50692.49
253.25	50704.89
253.32	50709.14
253.39	50725.38
253.46	50746.04
253.53	50759.61
253.60	50761.55
253.67	50776.03
253.74	50786.55
253.81	50799.45
253.88	50804.27
253.95	50822.87
254.02	50831.11
254.09	50835.63
254.16	50841.15
254.23	50850.44
254.30	50857.04
254.37	50866.12
254.44	50873.28
254.51	50878.64
254.58	50886.08
254.65	50895.87
254.72	50900.02
254.79	50899.70
254.86	50903.07
254.93	50901.79
255.00	50900.36
255.07	50900.84
255.14	50910.56
255.21	50898.76
255.28	50889.12
255.34	50868.17
255.41	50857.03
255.48	50842.38
255.55	50841.09
255.62	50854.05
255.69	50865.86
255.76	50869.16
255.83	50876.21
255.90	50883.87
255.97	50889.95
256.04	50886.11
256.11	50892.86
256.18	50887.72
256.25	50881.09
256.32	50866.02
256.39	50873.59
256.46	50865.66
256.53	50859.06
256.60	50855.32
256.67	50855.27
256.74	50850.29
256.80	50858.46
256.87	50862.49
256.94	50864.13
257.01	50856.12
257.08	50851.35
257.15	50828.63
257.22	50815.91
257.29	50788.53
257.36	50771.92
257.43	50755.71
257.50	50752.38
257.57	50735.36
257.64	50739.55
257.71	50725.30
257.78	50711.63
257.85	50690.76
257.92	50677.05
257.98	50653.98
258.05	50644.69
258.12	50619.34
258.19	50599.17
258.26	50576.61
258.33	50550.92
258.40	50537.01
258.47	50534.92
258.54	50537.40
258.61	50542.11
258.68	50551.01
258.75	50537.92
258.82	50522.98
258.89	50497.17
258.95	50472.38
259.02	50449.76
259.09	50432.93
259.16	50412.94
259.23	50389.99
259.30	50365.49
259.37	50347.47
259.44	50322.36
259.51	50307.92
259.58	50301.69
259.65	50286.29
259.72	50265.86
259.79	50242.00
259.85	50208.72
259.92	50163.88
259.99	50138.06
260.06	50111.85
260.13	50085.36
260.20	50059.79
260.27	50032.16
260.34	49992.40
260.41	49953.11
260.48	49924.21
260.55	49906.05
260.62	49900.19
260.68	49883.72
260.75	49865.34
260.82	49848.88
260.89	49823.67
260.96	49792.29
261.03	49773.39
261.10	49746.21
261.17	49718.23
261.24	49682.76
261.31	49646.56
261.38	49611.34
261.44	49574.07
261.51	49536.69
261.58	49498.46
261.65	49464.63
261.72	49421.28
261.79	49381.83
261.86	49347.64
261.93	49317.34
262.00	49282.86
262.07	49247.11
262.13	49219.35
262.20	49183.05
262.27	49140.86
262.34	49110.65
262.41	49088.01
262.48	49051.29
262.55	49021.26
262.62	48996.04
262.69	48956.76
262.76	48916.76
262.82	48887.06
262.89	48860.50
262.96	48831.41
263.03	48801.01
263.10	48771.29
263.17	48735.22
263.24	48690.15
263.31	48649.29
263.38	48613.11
263.44	48585.84
263.51	48547.92
263.58	48503.76
263.65	48464.99
263.72	48421.01
263.79	48369.24
263.86	48329.02
263.93	48294.71
264.00	48249.73
264.06	48215.00
264.13	48178.75
264.20	48152.09
264.27	48107.68
264.34	48065.75
264.41	48021.23
264.48	47978.27
264.55	47920.98
264.61	47879.92
264.68	47844.66
264.75	47804.38
264.82	47753.06
264.89	47709.78
264.96	47678.40
265.03	47635.62
265.10	47593.59
265.16	47566.22
265.23	47536.99
265.30	47501.55
265.37	47470.98
265.44	47438.07
265.51	47392.41
265.58	47344.64
265.65	47284.72
265.71	47231.63
265.78	47184.98
265.85	47146.43
265.92	47103.89
265.99	47069.56
266.06	47036.92
266.13	46991.05
266.20	46953.67
266.26	46916.88
266.33	46880.56
266.40	46831.82
266.47	46784.71
266.54	46718.03
266.61	46663.18
266.68	46601.03
266.74	46543.77
266.81	46495.01
266.88	46452.30
266.95	46396.70
267.02	46347.87
267.09	46303.41
267.16	46257.28
267.22	46212.65
267.29	46180.31
267.36	46147.07
267.43	46112.00
267.50	46077.20
267.57	46047.79
267.64	46010.01
267.70	45973.25
267.77	45938.65
267.84	45902.24
267.91	45852.24
267.98	45801.98
268.05	45755.84
268.11	45699.12
268.18	45643.30
268.25	45601.95
268.32	45563.81
268.39	45525.79
268.46	45495.08
268.53	45462.27
268.59	45425.88
268.66	45389.24
268.73	45341.26
268.80	45294.98
268.87	45247.49
268.94	45197.96
269.00	45152.73
269.07	45119.85
269.14	45089.30
269.21	45063.11
269.28	45033.82
269.35	44998.04
269.41	44959.83
269.48	44916.53
269.55	44858.71
269.62	44809.30
269.69	44766.18
269.76	44709.23
269.82	44660.96
269.89	44638.01
269.96	44610.50
270.03	44577.58
270.10	44550.33
270.17	44511.46
270.23	44467.91
270.30	44419.97
270.37	44390.16
270.44	44363.84
270.51	44334.23
270.58	44307.20
270.64	44288.76
270.71	44248.41
270.78	44214.35
270.85	44182.49
270.92	44145.71
270.99	44107.41
271.05	44075.05
271.12	44036.02
271.19	43999.86
271.26	43951.91
271.33	43912.56
271.39	43875.72
271.46	43828.71
271.53	43798.37
271.60	43780.83
271.67	43750.99
271.74	43714.19
271.80	43694.69
271.87	43665.26
271.94	43629.75
272.01	43596.80
272.08	43574.28
272.14	43542.33
272.21	43511.10
272.28	43487.68
272.35	43468.12
272.42	43440.10
272.48	43420.55
272.55	43395.85
272.62	43366.25
272.69	43343.79
272.76	43328.53
272.83	43302.49
272.89	43278.81
272.96	43253.66
273.03	43214.08
273.10	43175.46
273.17	43147.26
273.23	43121.55
273.30	43095.02
273.37	43076.00
273.44	43053.81
273.51	43032.10
273.57	43013.57
273.64	42996.68
273.71	42975.40
273.78	42947.72
273.85	42929.49
273.91	42907.06
273.98	42889.45
274.05	42875.99
274.12	42866.64
274.19	42845.26
274.25	42830.66
274.32	42805.79
274.39	42770.06
274.46	42734.63
274.53	42697.77
274.59	42643.41
274.66	42611.11
274.73	42589.49
274.80	42559.55
274.86	42526.21
274.93	42507.25
275.00	42472.15
275.07	42429.14
275.14	42399.62
275.20	42374.90
275.27	42345.78
275.34	42316.85
275.41	42302.78
275.48	42291.81
275.54	42276.03
275.61	42255.36
275.68	42237.59
275.75	42211.53
275.81	42174.65
275.88	42147.58
275.95	42128.27
276.02	42104.44
276.09	42078.50
276.15	42053.96
276.22	42027.63
276.29	42006.81
276.36	41984.26
276.42	41961.52
276.49	41938.22
276.56	41912.69
276.63	41881.07
276.70	41855.17
276.76	41841.60
276.83	41831.32
276.90	41815.88
276.97	41799.88
277.03	41781.67
277.10	41755.55
277.17	41731.80
277.24	41712.05
277.30	41697.02
277.37	41680.70
277.44	41669.04
277.51	41649.27
277.58	41622.82
277.64	41598.33
277.71	41582.97
277.78	41555.92
277.85	41526.47
277.91	41507.56
277.98	41484.88
278.05	41449.68
278.12	41432.16
278.18	41414.88
278.25	41399.13
278.32	41371.15
278.39	41356.99
278.45	41338.81
278.52	41323.17
278.59	41307.65
278.66	41298.40
278.72	41288.35
278.79	41263.24
278.86	41244.13
278.93	41227.62
278.99	41210.69
279.06	41182.24
279.13	41156.52
279.20	41133.76
279.26	41110.34
279.33	41087.17
279.40	41069.50
279.47	41052.95
279.53	41030.16
279.60	40996.76
279.67	40961.39
279.74	40934.84
279.80	40911.17
279.87	40901.25
279.94	40895.00
280.01	40888.98
280.07	40874.24
280.14	40857.81
280.21	40828.14
280.28	40796.25
280.34	40767.85
280.41	40738.85
280.48	40710.75
280.55	40685.71
280.61	40657.73
280.68	40638.64
280.75	40607.81
280.82	40576.86
280.88	40542.62
280.95	40496.86
281.02	40437.13
281.08	40370.39
281.15	40300.38
281.22	40232.78
281.29	40181.88
281.35	40128.75
281.42	40101.11
281.49	40069.52
281.56	40038.39
281.62	40009.46
281.69	39982.72
281.76	39947.75
281.82	39916.38
281.89	39887.42
281.96	39855.86
282.03	39830.78
282.09	39809.23
282.16	39790.36
282.23	39765.03
282.30	39743.63
282.36	39721.54
282.43	39694.27
282.50	39680.05
282.56	39658.41
282.63	39635.97
282.70	39615.73
282.77	39601.76
282.83	39579.69
282.90	39562.76
282.97	39547.53
283.03	39525.32
283.10	39500.17
283.17	39472.39
283.24	39449.81
283.30	39423.83
283.37	39397.23
283.44	39369.55
283.50	39342.25
283.57	39327.80
283.64	39300.15
283.71	39272.86
283.77	39239.64
283.84	39214.21
283.91	39159.45
283.97	39129.20
284.04	39119.31
284.11	39117.69
284.18	39123.12
284.24	39143.52
284.31	39155.65
284.38	39150.75
284.44	39144.00
284.51	39124.16
284.58	39107.06
284.64	39089.74
284.71	39080.21
284.78	39069.21
284.85	39060.76
284.91	39045.19
284.98	39036.21
285.05	39008.00
285.11	38990.66
285.18	38966.49
285.25	38953.99
285.31	38943.37
285.38	38944.95
285.45	38941.88
285.52	38948.34
285.58	38946.73
285.65	38935.64
285.72	38917.88
285.78	38901.85
285.85	38880.01
285.92	38861.67
285.98	38842.17
286.05	38834.56
286.12	38820.75
286.18	38811.13
286.25	38807.65
286.32	38800.88
286.39	38797.60
286.45	38796.02
286.52	38786.66
286.59	38770.11
286.65	38768.54
286.72	38759.87
286.79	38747.21
286.85	38737.32
286.92	38730.32
286.99	38718.75
287.05	38698.13
287.12	38694.73
287.19	38688.57
287.25	38685.02
287.32	38677.30
287.39	38681.31
287.45	38678.13
287.52	38680.79
287.59	38682.23
287.65	38687.05
287.72	38678.06
287.79	38664.92
287.86	38654.59
287.92	38640.71
287.99	38622.26
288.06	38620.42
288.12	38613.14
288.19	38605.00
288.26	38592.10
288.32	38577.30
288.39	38567.62
288.46	38565.72
288.52	38566.05
288.59	38571.44
288.66	38586.43
288.72	38590.55
288.79	38593.08
288.86	38592.66
288.92	38591.33
288.99	38584.69
289.06	38578.07
289.12	38573.70
289.19	38572.28
289.26	38573.81
289.32	38577.02
289.39	38580.04
289.45	38590.45
289.52	38587.55
289.59	38590.56
289.65	38594.93
289.72	38601.94
289.79	38607.41
289.85	38617.44
289.92	38618.11
289.99	38626.90
290.05	38631.16
290.12	38624.45
290.19	38626.02
290.25	38625.16
290.32	38614.99
290.39	38614.90
290.45	38619.47
290.52	38618.67
290.59	38627.30
290.65	38634.06
290.72	38632.96
290.79	38630.92
290.85	38640.86
290.92	38655.91
290.98	38670.42
291.05	38686.15
291.12	38694.61
291.18	38702.53
291.25	38699.47
291.32	38697.32
291.38	38697.79
291.45	38699.04
291.52	38697.94
291.58	38701.76
291.65	38707.62
291.72	38719.31
291.78	38735.48
291.85	38748.47
291.91	38766.24
291.98	38793.37
292.05	38799.49
292.11	38814.56
292.18	38826.06
292.25	38826.82
292.31	38812.35
292.38	38817.01
292.45	38816.75
292.51	38826.76
292.58	38837.92
292.64	38850.82
292.71	38857.45
292.78	38873.09
292.84	38868.36
292.91	38875.40
292.98	38887.71
293.04	38898.55
293.11	38899.39
293.17	38914.00
293.24	38928.75
293.31	38944.48
293.37	38958.25
293.44	38975.68
293.51	38991.91
293.57	39002.16
293.64	39010.18
293.70	39027.90
293.77	39041.64
293.84	39055.35
293.90	39055.69
293.97	39058.45
294.04	39058.59
294.10	39061.53
294.17	39067.34
294.23	39085.96
294.30	39107.32
294.37	39131.10
294.43	39151.09
294.50	39162.68
294.56	39175.46
294.63	39179.88
294.70	39185.34
294.76	39193.02
294.83	39201.12
294.90	39214.66
294.96	39232.55
295.03	39248.71
295.09	39266.20
295.16	39287.83
295.23	39299.71
295.29	39315.17
295.36	39321.77
295.42	39332.11
295.49	39339.67
295.56	39362.29
295.62	39382.06
295.69	39395.82
295.75	39408.46
295.82	39425.84
295.89	39429.29
295.95	39431.73
296.02	39444.44
296.08	39450.56
296.15	39452.76
296.22	39468.73
296.28	39483.61
296.35	39502.96
296.41	39525.33
296.48	39549.26
296.55	39568.49
296.61	39585.90
296.68	39606.89
296.74	39627.50
296.81	39661.01
296.88	39686.11
296.94	39708.44
297.01	39731.01
297.07	39744.85
297.14	39751.24
297.20	39760.50
297.27	39777.36
297.34	39793.11
297.40	39818.22
297.47	39833.76
297.53	39846.16
297.60	39863.50
297.67	39875.18
297.73	39884.35
297.80	39895.88
297.86	39908.53
297.93	39916.84
298.00	39933.41
298.06	39947.53
298.13	39976.44
298.19	40001.34
298.26	40018.25
298.32	40036.29
298.39	40056.34
298.46	40060.70
298.52	40072.85
298.59	40085.87
298.65	40095.81
298.72	40109.99
298.78	40130.84
298.85	40145.84
298.92	40162.30
298.98	40179.81
299.05	40198.14
299.11	40213.64
299.18	40228.39
299.24	40243.64
299.31	40252.67
299.38	40259.79
299.44	40266.14
299.51	40281.29
299.57	40296.48
299.64	40313.68
299.70	40329.48
299.77	40344.08
299.84	40350.26
299.90	40350.88
299.97	40350.17
300.03	40353.65
300.10	40369.67
300.16	40381.91
300.23	40402.62
300.30	40423.89
300.36	40438.76
300.43	40445.64
300.49	40459.62
300.56	40478.51
300.62	40500.46
300.69	40522.64
300.75	40538.43
300.82	40558.62
300.89	40563.06
300.95	40565.87
301.02	40567.51
301.08	40577.12
301.15	40576.33
301.21	40583.51
301.28	40594.29
301.34	40602.97
301.41	40603.34
301.48	40600.99
301.54	40599.47
301.61	40596.36
301.67	40595.51
301.74	40603.17
301.80	40610.47
301.87	40611.32
301.93	40614.22
302.00	40617.00
302.06	40605.18
302.13	40595.59
302.20	40595.45
302.26	40593.59
302.33	40590.80
302.39	40590.25
302.46	40595.75
302.52	40596.26
302.59	40595.77
302.65	40597.78
302.72	40604.70
302.78	40606.66
302.85	40603.96
302.91	40596.76
302.98	40589.21
303.05	40579.52
303.11	40578.06
303.18	40575.01
303.24	40568.35
303.31	40555.19
303.37	40546.20
303.44	40539.68
303.50	40530.87
303.57	40520.31
303.63	40511.85
303.70	40503.03
303.76	40483.95
303.83	40473.75
303.89	40469.26
303.96	40461.65
304.03	40444.90
304.09	40431.54
304.16	40411.20
304.22	40384.92
304.29	40368.54
304.35	40353.19
304.42	40342.14
304.48	40328.77
304.55	40322.99
304.61	40308.00
304.68	40302.02
304.74	40289.84
304.81	40280.61
304.87	40248.09
304.94	40225.65
305.00	40196.55
305.07	40164.67
305.13	40131.92
305.20	40112.06
305.26	40096.54
305.33	40086.39
305.39	40072.71
305.46	40051.08
305.52	40036.11
305.59	40016.55
305.66	39989.43
305.72	39962.36
305.79	39940.99
305.85	39916.01
305.92	39877.68
305.98	39820.53
306.05	39696.47
306.11	39464.68
306.18	39174.43
306.24	38919.91
306.31	38775.74
306.37	38785.84
306.44	38962.81
306.50	39207.44
306.57	39418.80
306.63	39544.91
306.70	39573.73
306.76	39545.40
306.83	39507.94
306.89	39462.43
306.96	39417.70
307.02	39380.04
307.09	39350.89
307.15	39320.51
307.22	39300.35
307.28	39270.01
307.35	39236.91
307.41	39195.18
307.48	39155.67
307.54	39117.98
307.61	39082.04
307.67	39041.35
307.74	39004.98
307.80	38963.60
307.87	38919.18
307.93	38878.29
308.00	38850.06
308.06	38812.79
308.13	38775.56
308.19	38736.44
308.26	38694.74
308.32	38658.71
308.38	38632.76
308.45	38603.92
308.51	38584.67
308.58	38548.86
308.64	38497.13
308.71	38444.86
308.77	38398.61
308.84	38340.33
308.90	38310.63
308.97	38293.64
309.03	38281.04
309.10	38255.97
309.16	38227.41
309.23	38185.50
309.29	38132.29
309.36	38064.77
309.42	38001.79
309.49	37945.94
309.55	37887.46
309.62	37828.10
309.68	37782.49
309.75	37733.09
309.81	37683.28
309.88	37643.88
309.94	37603.76
310.00	37552.38
310.07	37512.96
310.13	37478.51
310.20	37436.36
310.26	37404.86
310.33	37365.53
310.39	37327.95
310.46	37286.68
310.52	37245.45
310.59	37199.13
310.65	37167.11
310.72	37120.01
310.78	37073.01
310.85	37024.71
310.91	36984.11
310.97	36943.89
311.04	36903.75
311.10	36855.72
311.17	36813.63
311.23	36766.35
311.30	36721.13
311.36	36687.31
311.43	36660.07
311.49	36618.51
311.56	36573.39
311.62	36523.02
311.69	36475.47
311.75	36433.75
311.81	36389.44
311.88	36348.35
311.94	36316.56
312.01	36288.91
312.07	36250.10
312.14	36227.01
312.20	36204.82
312.27	36166.89
312.33	36113.15
312.40	36053.67
312.46	35996.05
312.52	35940.96
312.59	35895.89
312.65	35846.28
312.72	35805.81
312.78	35754.72
312.85	35703.14
312.91	35638.17
312.98	35587.75
313.04	35542.76
313.10	35504.15
313.17	35463.84
313.23	35440.98
313.30	35408.84
313.36	35362.67
313.43	35312.63
313.49	35266.12
313.56	35205.47
313.62	35150.81
313.68	35109.45
313.75	35070.29
313.81	35028.95
313.88	34988.89
313.94	34945.93
314.01	34905.51
314.07	34865.93
314.13	34826.24
314.20	34788.14
314.26	34746.56
314.33	34699.91
314.39	34653.09
314.46	34587.72
314.52	34537.17
314.58	34486.43
314.65	34432.02
314.71	34381.62
314.78	34344.20
314.84	34296.32
314.91	34261.15
314.97	34225.88
315.03	34188.98
315.10	34149.71
315.16	34100.76
315.23	34053.40
315.29	34004.19
315.36	33952.01
315.42	33906.34
315.48	33865.16
315.55	33820.34
315.61	33772.69
315.68	33728.30
315.74	33685.40
315.81	33649.03
315.87	33600.67
315.93	33564.38
316.00	33534.83
316.06	33502.70
316.13	33480.46
316.19	33448.66
316.25	33388.59
316.32	33296.34
316.38	33182.70
316.45	33028.44
316.51	32862.50
316.58	32690.81
316.64	32509.20
316.70	32321.57
316.77	32117.08
316.83	31903.60
316.90	31669.87
316.96	31425.38
317.02	31167.42
317.09	30899.13
317.15	30621.52
317.22	30332.39
317.28	30023.51
317.34	29694.12
317.41	29352.36
317.47	28997.51
317.54	28625.06
317.60	28236.91
317.66	27835.83
317.73	27420.00
317.79	26989.62
317.86	26546.75
317.92	26095.44
317.98	25621.69
318.05	25131.12
318.11	24624.87
318.18	24120.01
318.24	23599.19
318.30	23070.92
318.37	22537.82
318.43	21988.78
318.50	21422.31
318.56	20851.02
318.62	20280.93
318.69	19706.82
318.75	19133.15
318.82	18551.61
318.88	17976.28
318.94	17394.14
319.01	16808.79
319.07	16234.86
319.13	15659.54
319.20	15086.50
319.26	14511.86
319.33	13949.17
319.39	13373.57
319.45	12824.98
319.52	12280.81
319.58	11747.04
319.65	11217.91
319.71	10706.00
319.77	10195.40
319.84	9697.45
319.90	9219.21
319.96	8748.56
320.03	8289.74
320.09	7847.51
320.16	7414.06
320.22	6995.17
320.28	6595.57
320.35	6212.42
320.41	5844.05
320.47	5493.29
320.54	5157.51
320.60	4843.22
320.67	4546.35
320.73	4259.06
320.79	3988.14
320.86	3733.90
320.92	3489.55
320.98	3260.94
321.05	3050.46
321.11	2848.10
321.18	2661.16
321.24	2490.11
321.30	2324.36
321.37	2173.01
321.43	2044.37
321.49	1918.87
321.56	1801.00
321.62	1700.44
321.68	1603.43
321.75	1510.96
321.81	1429.81
321.88	1355.47
321.94	1289.09
322.00	1233.22
322.07	1174.61
322.13	1121.66
322.19	1070.94
322.26	1021.07
322.32	975.41
322.38	938.65
322.45	907.96
322.51	875.83
322.58	850.43
322.64	819.26
322.70	792.98
322.77	760.66
322.83	739.98
322.89	709.90
322.96	684.42
323.02	658.34
323.08	632.32
323.15	604.66
323.21	582.30
323.27	561.03
323.34	538.64
323.40	517.15
323.46	494.50
323.53	466.03
323.59	395.67
323.65	297.77
323.72	187.34
323.78	80.21
323.85	-17.27
323.91	-67.24
323.97	-85.30
324.04	-86.36
