180.21	3420.64
180.28	-125.46
180.36	630.46
180.44	-49.14
180.51	-18.54
180.59	4.43
180.66	31.32
180.74	29.88
180.81	29.97
180.89	32.35
180.97	33.76
181.04	31.95
181.12	31.24
181.19	32.02
181.27	32.64
181.34	48.66
181.42	55.43
181.50	62.43
181.57	73.05
181.65	77.97
181.72	72.45
181.80	68.31
181.87	69.64
181.95	71.27
182.03	73.40
182.10	78.70
182.18	84.75
182.25	94.75
182.33	101.91
182.40	116.13
182.48	120.27
182.55	139.72
182.63	152.86
182.71	165.27
182.78	178.81
182.86	194.24
182.93	191.01
183.01	184.85
183.08	173.30
183.16	165.24
183.23	154.80
183.31	165.69
183.39	179.51
183.46	209.46
183.54	230.80
183.61	268.97
183.69	300.55
183.76	347.19
183.84	383.75
183.91	426.05
183.99	476.47
184.06	516.46
184.14	559.40
184.22	610.41
184.29	640.79
184.37	651.43
184.44	659.18
184.52	617.14
184.59	534.55
184.67	464.21
184.74	399.64
184.82	362.68
184.89	374.05
184.97	438.08
185.04	521.78
185.12	608.21
185.20	700.70
185.27	791.12
185.35	886.21
185.42	948.83
185.50	1018.58
185.57	1074.04
185.65	1118.36
185.72	1169.59
185.80	1251.58
185.87	1315.48
185.95	1403.33
186.02	1514.35
186.10	1563.89
186.17	1567.70
186.25	1500.07
186.33	1310.73
186.40	1098.18
186.48	953.07
186.55	877.60
186.63	905.05
186.70	1056.80
186.78	1226.55
186.85	1375.06
186.93	1499.94
187.00	1615.68
187.08	1732.45
187.15	1847.76
187.23	1979.47
187.30	2107.61
187.38	2224.63
187.45	2354.37
187.53	2480.66
187.60	2564.31
187.68	2680.09
187.75	2803.21
187.83	2865.71
187.90	2936.40
187.98	3017.42
188.05	2982.60
188.13	2787.63
188.21	2503.36
188.28	2220.60
188.36	1967.63
188.43	1829.51
188.51	1894.33
188.58	2108.24
188.66	2318.80
188.73	2527.86
188.81	2732.90
188.88	2896.85
188.96	3052.23
189.03	3196.60
189.11	3348.84
189.18	3476.07
189.26	3589.41
189.33	3710.77
189.41	3831.55
189.48	3913.60
189.56	4021.50
189.63	4134.75
189.71	4188.52
189.78	4253.27
189.86	4332.68
189.93	4359.57
190.01	4336.80
190.08	4254.59
190.16	3999.37
190.23	3622.44
190.31	3302.41
190.38	3088.11
190.46	3003.60
190.53	3114.88
190.61	3374.41
190.68	3617.36
190.76	3839.39
190.83	4026.30
190.91	4194.18
190.98	4355.78
191.06	4504.98
191.13	4649.73
191.21	4776.31
191.28	4886.76
191.35	5002.12
191.43	5103.42
191.50	5172.35
191.58	5264.45
191.65	5348.70
191.73	5387.97
191.80	5438.50
191.88	5470.11
191.95	5464.87
192.03	5470.49
192.10	5492.03
192.18	5490.63
192.25	5450.40
192.33	5304.62
192.40	5056.97
192.48	4811.90
192.55	4629.19
192.63	4541.50
192.70	4613.52
192.78	4816.74
192.85	5042.35
192.93	5245.46
193.00	5419.40
193.08	5569.72
193.15	5709.90
193.22	5814.75
193.30	5912.66
193.37	6011.35
193.45	6081.28
193.52	6144.55
193.60	6216.46
193.67	6269.49
193.75	6317.01
193.82	6367.85
193.90	6388.68
193.97	6412.93
194.05	6441.83
194.12	6460.41
194.20	6495.59
194.27	6544.76
194.34	6583.58
194.42	6614.23
194.49	6648.14
194.57	6656.82
194.64	6603.14
194.72	6501.41
194.79	6401.96
194.87	6318.47
194.94	6267.62
195.02	6290.74
195.09	6380.33
195.17	6485.71
195.24	6589.60
195.31	6688.01
195.39	6780.17
195.46	6862.52
195.54	6939.15
195.61	7003.74
195.69	7057.72
195.76	7103.01
195.84	7146.75
195.91	7172.92
195.99	7185.12
196.06	7194.25
196.13	7205.24
196.21	7209.17
196.28	7222.12
196.36	7247.07
196.43	7267.47
196.51	7283.30
196.58	7300.44
196.66	7321.85
196.73	7344.12
196.80	7379.14
196.88	7415.60
196.95	7458.65
197.03	7495.86
197.10	7510.67
197.18	7506.77
197.25	7502.20
197.33	7502.28
197.40	7506.74
197.47	7519.89
197.55	7552.97
197.62	7588.36
197.70	7615.38
197.77	7645.19
197.85	7682.47
197.92	7707.63
197.99	7724.01
198.07	7732.71
198.14	7735.41
198.22	7745.23
198.29	7765.90
198.37	7800.76
198.44	7848.75
198.51	7900.35
198.59	7948.73
198.66	7995.57
198.74	8033.73
198.81	8066.90
198.89	8090.23
198.96	8111.99
199.03	8130.00
199.11	8156.60
199.18	8172.39
199.26	8190.96
199.33	8216.44
199.41	8239.25
199.48	8240.36
199.55	8246.28
199.63	8240.23
199.70	8240.09
199.78	8237.41
199.85	8259.98
199.93	8299.07
200.00	8362.10
200.07	8418.78
200.15	8484.19
200.22	8543.33
200.30	8585.98
200.37	8624.97
200.44	8654.78
200.52	8679.83
200.59	8708.18
200.67	8731.76
200.74	8746.15
200.81	8764.27
200.89	8779.24
200.96	8793.44
201.04	8809.55
201.11	8829.65
201.19	8843.38
201.26	8859.74
201.33	8874.26
201.41	8902.76
201.48	8942.50
201.56	8996.95
201.63	9064.61
201.70	9130.08
201.78	9187.59
201.85	9242.44
201.93	9287.10
202.00	9318.95
202.07	9351.36
202.15	9382.33
202.22	9408.20
202.30	9442.99
202.37	9474.56
202.44	9507.19
202.52	9545.20
202.59	9583.97
202.67	9614.33
202.74	9651.83
202.81	9683.74
202.89	9703.85
202.96	9732.42
203.04	9772.77
203.11	9816.25
203.18	9876.21
203.26	9951.95
203.33	10016.36
203.41	10074.07
203.48	10128.38
203.55	10157.88
203.63	10190.62
203.70	10228.31
203.77	10269.16
203.85	10313.58
203.92	10368.98
204.00	10424.59
204.07	10483.51
204.14	10537.85
204.22	10586.40
204.29	10641.61
204.37	10684.90
204.44	10726.10
204.51	10770.84
204.59	10819.21
204.66	10862.22
204.73	10919.52
204.81	10976.68
204.88	11041.94
204.96	11109.09
205.03	11177.08
205.10	11234.37
205.18	11289.78
205.25	11338.42
205.32	11389.45
205.40	11441.11
205.47	11497.62
205.55	11560.01
205.62	11623.66
205.69	11690.55
205.77	11763.77
205.84	11837.78
205.91	11912.23
205.99	11987.32
206.06	12053.46
206.14	12117.08
206.21	12185.62
206.28	12244.39
206.36	12307.26
206.43	12371.69
206.50	12441.56
206.58	12510.33
206.65	12584.44
206.72	12655.60
206.80	12725.01
206.87	12787.55
206.95	12857.89
207.02	12934.06
207.09	13013.82
207.17	13104.50
207.24	13201.55
207.31	13286.73
207.39	13372.31
207.46	13457.53
207.53	13539.30
207.61	13619.22
207.68	13702.28
207.75	13791.83
207.83	13877.05
207.90	13955.09
207.98	14029.39
208.05	14113.87
208.12	14187.56
208.20	14268.39
208.27	14357.33
208.34	14444.26
208.42	14519.34
208.49	14600.48
208.56	14674.01
208.64	14752.42
208.71	14836.30
208.78	14929.83
208.86	15029.96
208.93	15139.10
209.00	15245.53
209.08	15354.01
209.15	15457.99
209.22	15565.20
209.30	15667.17
209.37	15769.98
209.44	15876.11
209.52	15980.91
209.59	16075.44
209.67	16178.11
209.74	16276.79
209.81	16374.40
209.89	16466.26
209.96	16564.73
210.03	16658.45
210.11	16756.84
210.18	16847.21
210.25	16949.00
210.33	17045.41
210.40	17145.00
210.47	17250.31
210.55	17369.26
210.62	17487.18
210.69	17602.35
210.77	17725.71
210.84	17844.12
210.91	17970.16
210.99	18088.76
211.06	18216.34
211.13	18333.93
211.21	18460.67
211.28	18571.20
211.35	18690.46
211.42	18814.84
211.50	18932.97
211.57	19046.00
211.64	19163.08
211.72	19271.33
211.79	19366.61
211.86	19471.17
211.94	19580.81
212.01	19691.20
212.08	19816.30
212.16	19941.53
212.23	20065.51
212.30	20192.25
212.38	20326.75
212.45	20464.55
212.52	20602.82
212.60	20740.76
212.67	20877.13
212.74	21006.56
212.82	21126.99
212.89	21255.54
212.96	21382.32
213.03	21508.66
213.11	21642.09
213.18	21773.08
213.25	21904.86
213.33	22031.62
213.40	22146.86
213.47	22266.94
213.55	22389.63
213.62	22508.87
213.69	22637.43
213.77	22771.96
213.84	22904.10
213.91	23051.60
213.98	23199.62
214.06	23349.55
214.13	23507.78
214.20	23653.74
214.28	23796.96
214.35	23934.55
214.42	24070.45
214.50	24198.45
214.57	24337.50
214.64	24466.01
214.72	24605.95
214.79	24742.95
214.86	24888.29
214.93	25030.03
215.01	25173.57
215.08	25307.14
215.15	25448.34
215.23	25572.65
215.30	25699.76
215.37	25820.53
215.44	25961.77
215.52	26108.83
215.59	26261.10
215.66	26410.78
215.74	26565.43
215.81	26703.96
215.88	26843.76
215.95	26979.38
216.03	27117.03
216.10	27259.65
216.17	27408.32
216.25	27550.61
216.32	27703.35
216.39	27857.10
216.46	28007.46
216.54	28150.92
216.61	28300.95
216.68	28443.02
216.76	28577.91
216.83	28709.41
216.90	28852.45
216.97	28987.45
217.05	29122.13
217.12	29261.29
217.19	29403.20
217.27	29539.48
217.34	29667.26
217.41	29802.38
217.48	29934.30
217.56	30076.14
217.63	30219.96
217.70	30371.30
217.78	30525.54
217.85	30682.38
217.92	30831.62
217.99	30981.17
218.07	31124.27
218.14	31259.34
218.21	31407.30
218.28	31547.72
218.36	31683.91
218.43	31823.30
218.50	31978.81
218.57	32115.86
218.65	32259.17
218.72	32389.97
218.79	32521.51
218.87	32637.85
218.94	32761.26
219.01	32884.69
219.08	33018.63
219.16	33157.86
219.23	33298.92
219.30	33443.75
219.37	33583.63
219.45	33731.48
219.52	33882.37
219.59	34025.19
219.66	34155.11
219.74	34292.51
219.81	34435.55
219.88	34560.21
219.95	34697.27
220.03	34843.81
220.10	34981.86
220.17	35108.05
220.24	35243.64
220.32	35368.07
220.39	35484.30
220.46	35600.90
220.53	35717.50
220.61	35828.35
220.68	35948.29
220.75	36071.64
220.82	36203.31
220.90	36328.23
220.97	36456.99
221.04	36572.57
221.11	36687.15
221.19	36805.28
221.26	36924.35
221.33	37052.77
221.40	37189.99
221.48	37324.59
221.55	37442.69
221.62	37562.11
221.69	37675.34
221.77	37795.42
221.84	37912.67
221.91	38032.02
221.98	38157.49
222.06	38276.57
222.13	38389.23
222.20	38495.75
222.27	38614.63
222.35	38723.82
222.42	38836.72
222.49	38948.73
222.56	39068.84
222.63	39176.39
222.71	39277.36
222.78	39378.25
222.85	39478.26
222.92	39587.78
223.00	39694.35
223.07	39807.50
223.14	39917.11
223.21	40021.40
223.29	40119.70
223.36	40225.40
223.43	40330.65
223.50	40438.49
223.57	40560.39
223.65	40682.01
223.72	40792.71
223.79	40901.44
223.86	41003.06
223.94	41094.31
224.01	41178.41
224.08	41264.11
224.15	41348.93
224.22	41442.80
224.30	41525.29
224.37	41613.61
224.44	41708.97
224.51	41802.19
224.59	41878.94
224.66	41958.97
224.73	42046.46
224.80	42134.10
224.87	42227.92
224.95	42340.63
225.02	42455.26
225.09	42561.18
225.16	42663.77
225.23	42760.39
225.31	42849.13
225.38	42930.83
225.45	43009.34
225.52	43089.53
225.60	43169.89
225.67	43242.89
225.74	43322.87
225.81	43405.89
225.88	43478.97
225.96	43551.88
226.03	43627.23
226.10	43707.84
226.17	43785.86
226.24	43867.81
226.32	43949.16
226.39	44036.34
226.46	44105.57
226.53	44177.89
226.60	44262.55
226.68	44353.30
226.75	44434.96
226.82	44530.66
226.89	44620.71
226.96	44689.23
227.04	44744.19
227.11	44798.71
227.18	44851.24
227.25	44903.40
227.32	44961.83
227.40	45032.71
227.47	45108.95
227.54	45192.30
227.61	45269.23
227.68	45350.09
227.76	45424.53
227.83	45492.61
227.90	45549.50
227.97	45607.98
228.04	45670.39
228.11	45722.71
228.19	45776.34
228.26	45833.16
228.33	45888.94
228.40	45938.16
228.47	45996.96
228.55	46055.52
228.62	46115.13
228.69	46182.41
228.76	46247.21
228.83	46306.65
228.90	46370.44
228.98	46428.78
229.05	46491.36
229.12	46562.84
229.19	46632.32
229.26	46700.28
229.34	46761.97
229.41	46813.69
229.48	46855.13
229.55	46896.03
229.62	46945.07
229.69	47002.91
229.77	47055.19
229.84	47112.14
229.91	47167.45
229.98	47206.95
230.05	47248.13
230.12	47293.71
230.20	47341.49
230.27	47397.40
230.34	47466.42
230.41	47525.39
230.48	47583.49
230.55	47635.35
230.63	47689.59
230.70	47740.93
230.77	47795.74
230.84	47843.81
230.91	47875.80
230.98	47907.36
231.06	47939.19
231.13	47981.79
231.20	48038.16
231.27	48107.41
231.34	48173.61
231.41	48229.57
231.49	48271.91
231.56	48313.53
231.63	48365.79
231.70	48414.62
231.77	48463.49
231.84	48511.25
231.92	48546.79
231.99	48573.31
232.06	48597.89
232.13	48627.26
232.20	48669.09
232.27	48715.74
232.34	48757.37
232.42	48790.24
232.49	48818.91
232.56	48846.13
232.63	48884.09
232.70	48914.68
232.77	48968.19
232.85	49020.18
232.92	49066.27
232.99	49096.81
233.06	49132.68
233.13	49153.53
233.20	49173.22
233.27	49179.88
233.35	49187.44
233.42	49196.47
233.49	49213.39
233.56	49239.79
233.63	49277.60
233.70	49316.72
233.77	49362.78
233.85	49398.23
233.92	49435.54
233.99	49469.35
234.06	49501.57
234.13	49525.89
234.20	49558.83
234.27	49584.61
234.35	49606.26
234.42	49624.33
234.49	49645.59
234.56	49661.15
234.63	49668.46
234.70	49680.92
234.77	49695.95
234.84	49714.39
234.92	49722.25
234.99	49730.71
235.06	49740.30
235.13	49748.05
235.20	49752.65
235.27	49764.83
235.34	49775.39
235.41	49793.29
235.49	49807.26
235.56	49813.63
235.63	49829.79
235.70	49848.08
235.77	49852.65
235.84	49856.27
235.91	49857.08
235.98	49850.13
236.06	49838.47
236.13	49822.58
236.20	49814.99
236.27	49791.39
236.34	49775.12
236.41	49763.09
236.48	49754.59
236.55	49742.46
236.63	49752.48
236.70	49750.98
236.77	49758.89
236.84	49774.26
236.91	49791.13
236.98	49801.77
237.05	49816.45
237.12	49810.82
237.19	49800.89
237.27	49794.22
237.34	49794.55
237.41	49782.03
237.48	49775.19
237.55	49766.56
237.62	49759.56
237.69	49749.93
237.76	49756.22
237.83	49768.06
237.91	49781.27
237.98	49784.68
238.05	49778.06
238.12	49773.15
238.19	49765.32
238.26	49763.80
238.33	49755.80
238.40	49748.41
238.47	49734.74
238.54	49722.11
238.62	49705.44
238.69	49691.30
238.76	49682.03
238.83	49670.21
238.90	49661.76
238.97	49646.05
239.04	49646.14
239.11	49652.54
239.18	49660.56
239.25	49662.78
239.33	49654.23
239.40	49632.98
239.47	49600.84
239.54	49568.77
239.61	49534.50
239.68	49506.10
239.75	49490.80
239.82	49482.63
239.89	49469.51
239.96	49468.32
240.03	49474.58
240.11	49467.90
240.18	49458.33
240.25	49448.77
240.32	49434.87
240.39	49418.46
240.46	49405.20
240.53	49408.03
240.60	49414.04
240.67	49412.36
240.74	49409.22
240.81	49407.09
240.88	49394.23
240.96	49376.49
241.03	49360.40
241.10	49355.11
241.17	49350.11
241.24	49345.97
241.31	49350.29
241.38	49344.54
241.45	49332.31
241.52	49320.81
241.59	49303.96
241.66	49282.33
241.73	49277.45
241.80	49268.24
241.88	49252.48
241.95	49241.03
242.02	49221.42
242.09	49195.92
242.16	49178.58
242.23	49170.21
242.30	49160.48
242.37	49152.21
242.44	49155.46
242.51	49152.92
242.58	49148.55
242.65	49144.36
242.72	49151.74
242.79	49138.52
242.87	49127.82
242.94	49116.34
243.01	49110.53
243.08	49109.47
243.15	49110.91
243.22	49110.13
243.29	49115.99
243.36	49113.57
243.43	49106.19
243.50	49118.63
243.57	49131.45
243.64	49131.23
243.71	49139.22
243.78	49142.22
243.85	49131.59
243.92	49124.39
243.99	49119.71
244.07	49111.44
244.14	49102.08
244.21	49095.19
244.28	49082.35
244.35	49073.40
244.42	49060.97
244.49	49054.60
244.56	49055.61
244.63	49060.47
244.70	49053.64
244.77	49049.60
244.84	49051.39
244.91	49054.90
244.98	49063.30
245.05	49085.77
245.12	49111.66
245.19	49131.69
245.26	49145.06
245.33	49156.93
245.40	49179.49
245.47	49208.47
245.55	49229.54
245.62	49244.70
245.69	49249.94
245.76	49252.26
245.83	49248.80
245.90	49244.31
245.97	49240.06
246.04	49251.46
246.11	49258.60
246.18	49261.22
246.25	49264.00
246.32	49264.95
246.39	49260.95
246.46	49258.86
246.53	49265.23
246.60	49277.19
246.67	49297.63
246.74	49318.52
246.81	49337.15
246.88	49350.39
246.95	49366.77
247.02	49387.90
247.09	49405.08
247.16	49407.90
247.23	49404.44
247.30	49391.60
247.37	49371.11
247.44	49367.85
247.51	49376.80
247.58	49405.68
247.66	49446.44
247.73	49493.47
247.80	49527.35
247.87	49556.57
247.94	49580.70
248.01	49605.30
248.08	49627.08
248.15	49645.64
248.22	49672.76
248.29	49698.23
248.36	49713.55
248.43	49730.02
248.50	49750.48
248.57	49766.89
248.64	49769.09
248.71	49783.90
248.78	49804.65
248.85	49816.50
248.92	49832.02
248.99	49849.95
249.06	49863.99
249.13	49870.03
249.20	49890.28
249.27	49904.43
249.34	49918.69
249.41	49921.09
249.48	49907.37
249.55	49891.77
249.62	49893.65
249.69	49903.62
249.76	49935.62
249.83	49982.82
249.90	50029.03
249.97	50062.68
250.04	50097.86
250.11	50128.62
250.18	50155.37
250.25	50170.42
250.32	50180.35
250.39	50187.40
250.46	50191.40
250.53	50205.96
250.60	50229.39
250.67	50258.88
250.74	50287.39
250.81	50303.25
250.88	50319.85
250.95	50329.66
251.02	50338.44
251.09	50347.43
251.16	50368.77
251.23	50384.59
251.30	50399.66
251.37	50409.85
251.44	50423.16
251.51	50439.22
251.58	50454.06
251.65	50466.96
251.72	50476.43
251.79	50490.90
251.86	50505.80
251.93	50513.13
252.00	50526.21
252.07	50540.12
252.14	50547.39
252.21	50539.04
252.28	50543.41
252.35	50554.11
252.42	50575.18
252.49	50591.31
252.56	50605.87
252.63	50613.42
252.70	50610.27
252.77	50606.13
252.84	50603.88
252.91	50615.37
252.98	50633.85
253.05	50650.63
253.12	50654.56
253.19	50659.85
253.25	50671.70
253.32	50673.33
253.39	50697.22
253.46	50723.48
253.53	50752.10
253.60	50750.10
253.67	50763.18
253.74	50775.61
253.81	50794.52
253.88	50797.19
253.95	50821.83
254.02	50827.10
254.09	50830.86
254.16	50831.88
254.23	50836.58
254.30	50842.76
254.37	50857.36
254.44	50864.86
254.51	50872.79
254.58	50885.34
254.65	50889.11
254.72	50891.78
254.79	50883.49
254.86	50880.62
254.93	50870.63
255.00	50869.70
255.07	50870.61
255.14	50878.76
255.21	50879.45
255.28	50882.60
255.34	50869.91
255.41	50864.52
255.48	50850.28
255.55	50837.88
255.62	50840.41
255.69	50847.68
255.76	50848.28
255.83	50857.42
255.90	50868.14
255.97	50877.42
256.04	50880.69
256.11	50887.54
256.18	50880.84
256.25	50871.90
256.32	50863.01
256.39	50865.26
256.46	50858.90
256.53	50856.45
256.60	50859.02
256.67	50853.77
256.74	50849.56
256.80	50847.16
256.87	50851.34
256.94	50848.71
257.01	50845.48
257.08	50840.20
257.15	50825.21
257.22	50812.87
257.29	50789.37
257.36	50767.12
257.43	50747.00
257.50	50736.99
257.57	50723.54
257.64	50724.87
257.71	50718.62
257.78	50707.38
257.85	50693.22
257.92	50676.90
257.98	50656.40
258.05	50637.41
258.12	50606.71
258.19	50587.39
258.26	50566.83
258.33	50548.45
258.40	50539.08
258.47	50543.63
258.54	50543.72
258.61	50546.16
258.68	50543.52
258.75	50523.40
258.82	50507.26
258.89	50477.64
258.95	50455.55
259.02	50439.19
259.09	50427.71
259.16	50409.97
259.23	50388.62
259.30	50356.16
259.37	50325.39
259.44	50300.97
259.51	50281.06
259.58	50275.86
259.65	50268.32
259.72	50256.35
259.79	50232.11
259.85	50204.55
259.92	50165.15
259.99	50133.47
260.06	50100.21
260.13	50078.16
260.20	50045.59
260.27	50010.50
260.34	49970.73
260.41	49941.25
260.48	49912.63
260.55	49899.16
260.62	49894.19
260.68	49883.13
260.75	49852.16
260.82	49827.34
260.89	49806.19
260.96	49772.38
261.03	49745.14
261.10	49724.77
261.17	49702.43
261.24	49661.95
261.31	49636.33
261.38	49612.30
261.44	49584.23
261.51	49541.06
261.58	49501.13
261.65	49460.38
261.72	49412.92
261.79	49368.05
261.86	49339.46
261.93	49319.17
262.00	49288.69
262.07	49258.56
262.13	49234.65
262.20	49200.49
262.27	49150.17
262.34	49119.29
262.41	49088.53
262.48	49053.58
262.55	49022.70
262.62	48995.53
262.69	48960.53
262.76	48926.46
262.82	48892.60
262.89	48855.88
262.96	48827.49
263.03	48799.23
263.10	48769.64
263.17	48739.91
263.24	48707.12
263.31	48670.80
263.38	48632.87
263.44	48592.62
263.51	48542.80
263.58	48497.05
263.65	48452.65
263.72	48406.45
263.79	48360.93
263.86	48319.09
263.93	48284.58
264.00	48248.81
264.06	48210.51
264.13	48177.10
264.20	48150.67
264.27	48104.72
264.34	48060.34
264.41	48018.26
264.48	47974.07
264.55	47925.92
264.61	47884.21
264.68	47845.75
264.75	47806.97
264.82	47754.55
264.89	47709.98
264.96	47670.97
265.03	47623.45
265.10	47586.94
265.16	47563.87
265.23	47535.20
265.30	47514.85
265.37	47486.07
265.44	47441.76
265.51	47396.42
265.58	47346.99
265.65	47282.44
265.71	47236.30
265.78	47191.49
265.85	47145.93
265.92	47103.84
265.99	47064.37
266.06	47022.58
266.13	46980.15
266.20	46943.82
266.26	46905.52
266.33	46863.04
266.40	46820.46
266.47	46773.95
266.54	46710.43
266.61	46651.53
266.68	46604.70
266.74	46550.40
266.81	46495.68
266.88	46449.37
266.95	46403.67
267.02	46358.20
267.09	46307.36
267.16	46264.15
267.22	46229.11
267.29	46190.21
267.36	46147.64
267.43	46109.91
267.50	46072.71
267.57	46041.02
267.64	46000.84
267.70	45964.01
267.77	45929.50
267.84	45890.37
267.91	45840.47
267.98	45797.12
268.05	45750.13
268.11	45702.43
268.18	45655.12
268.25	45612.13
268.32	45567.78
268.39	45526.99
268.46	45493.25
268.53	45456.30
268.59	45416.07
268.66	45383.64
268.73	45342.36
268.80	45297.77
268.87	45252.43
268.94	45205.47
269.00	45161.41
269.07	45125.60
269.14	45100.72
269.21	45073.59
269.28	45041.09
269.35	44996.86
269.41	44954.62
269.48	44897.65
269.55	44838.26
269.62	44790.19
269.69	44751.77
269.76	44700.97
269.82	44658.59
269.89	44630.73
269.96	44606.28
270.03	44566.85
270.10	44541.84
270.17	44503.17
270.23	44464.20
270.30	44417.71
270.37	44393.82
270.44	44363.63
270.51	44335.97
270.58	44303.96
270.64	44275.80
270.71	44238.78
270.78	44202.56
270.85	44169.46
270.92	44137.01
270.99	44097.13
271.05	44063.43
271.12	44023.93
271.19	43986.62
271.26	43941.24
271.33	43902.16
271.39	43858.85
271.46	43813.03
271.53	43781.97
271.60	43759.15
271.67	43739.69
271.74	43713.89
271.80	43690.15
271.87	43662.72
271.94	43635.90
272.01	43599.17
272.08	43569.49
272.14	43538.35
272.21	43504.77
272.28	43477.53
272.35	43458.35
272.42	43429.60
272.48	43415.70
272.55	43390.23
272.62	43362.60
272.69	43338.40
272.76	43331.08
272.83	43300.13
272.89	43274.04
272.96	43245.02
273.03	43215.77
273.10	43170.15
273.17	43142.75
273.23	43119.17
273.30	43100.70
273.37	43077.05
273.44	43056.64
273.51	43038.44
273.57	43019.51
273.64	42997.07
273.71	42973.51
273.78	42949.87
273.85	42926.49
273.91	42903.20
273.98	42885.81
274.05	42869.15
274.12	42861.21
274.19	42844.10
274.25	42823.55
274.32	42792.82
274.39	42764.88
274.46	42716.34
274.53	42664.40
274.59	42615.85
274.66	42580.42
274.73	42552.12
274.80	42529.56
274.86	42511.65
274.93	42500.50
275.00	42471.54
275.07	42427.78
275.14	42399.46
275.20	42370.38
275.27	42342.80
275.34	42319.09
275.41	42306.55
275.48	42297.11
275.54	42283.20
275.61	42260.36
275.68	42246.65
275.75	42221.99
275.81	42180.95
275.88	42155.25
275.95	42122.50
276.02	42092.10
276.09	42063.29
276.15	42035.04
276.22	42010.81
276.29	41998.81
276.36	41971.70
276.42	41949.94
276.49	41930.04
276.56	41904.88
276.63	41872.51
276.70	41854.58
276.76	41838.53
276.83	41829.55
276.90	41812.59
276.97	41800.12
277.03	41782.61
277.10	41757.44
277.17	41732.36
277.24	41713.70
277.30	41699.82
277.37	41674.98
277.44	41662.77
277.51	41644.84
277.58	41616.34
277.64	41583.49
277.71	41566.82
277.78	41540.33
277.85	41512.45
277.91	41487.46
277.98	41461.15
278.05	41434.05
278.12	41416.40
278.18	41390.94
278.25	41378.26
278.32	41363.56
278.39	41345.59
278.45	41324.27
278.52	41319.09
278.59	41305.13
278.66	41284.70
278.72	41269.24
278.79	41252.74
278.86	41229.85
278.93	41216.65
278.99	41208.10
279.06	41191.39
279.13	41167.21
279.20	41148.01
279.26	41125.99
279.33	41098.36
279.40	41075.05
279.47	41058.10
279.53	41031.82
279.60	40996.63
279.67	40966.68
279.74	40936.56
279.80	40912.69
279.87	40897.40
279.94	40890.10
280.01	40884.99
280.07	40876.66
280.14	40859.80
280.21	40832.19
280.28	40803.90
280.34	40774.10
280.41	40744.72
280.48	40715.12
280.55	40692.35
280.61	40666.88
280.68	40646.88
280.75	40618.20
280.82	40585.51
280.88	40548.37
280.95	40491.26
281.02	40431.38
281.08	40361.05
281.15	40289.41
281.22	40229.75
281.29	40177.99
281.35	40125.16
281.42	40089.93
281.49	40058.27
281.56	40025.02
281.62	40004.16
281.69	39972.25
281.76	39946.89
281.82	39918.59
281.89	39884.61
281.96	39847.73
282.03	39822.16
282.09	39790.68
282.16	39769.06
282.23	39745.77
282.30	39721.49
282.36	39700.91
282.43	39683.24
282.50	39669.58
282.56	39651.04
282.63	39634.65
282.70	39617.35
282.77	39609.75
282.83	39583.67
282.90	39570.10
282.97	39552.65
283.03	39529.90
283.10	39490.07
283.17	39474.46
283.24	39446.75
283.30	39416.18
283.37	39388.20
283.44	39364.25
283.50	39328.86
283.57	39308.01
283.64	39289.40
283.71	39265.04
283.77	39236.39
283.84	39209.07
283.91	39163.01
283.97	39130.40
284.04	39120.50
284.11	39117.27
284.18	39122.82
284.24	39140.68
284.31	39148.35
284.38	39142.48
284.44	39130.11
284.51	39108.88
284.58	39090.27
284.64	39076.43
284.71	39070.40
284.78	39063.82
284.85	39061.04
284.91	39044.45
284.98	39030.85
285.05	38996.20
285.11	38974.84
285.18	38948.97
285.25	38943.12
285.31	38936.75
285.38	38939.15
285.45	38934.35
285.52	38935.67
285.58	38924.11
285.65	38908.51
285.72	38890.42
285.78	38874.87
285.85	38860.99
285.92	38847.90
285.98	38833.75
286.05	38824.19
286.12	38821.26
286.18	38804.26
286.25	38804.44
286.32	38796.57
286.39	38795.99
286.45	38787.07
286.52	38783.01
286.59	38765.20
286.65	38759.75
286.72	38753.45
286.79	38744.43
286.85	38737.01
286.92	38726.63
286.99	38713.77
287.05	38691.32
287.12	38686.45
287.19	38673.00
287.25	38667.72
287.32	38668.90
287.39	38673.39
287.45	38668.81
287.52	38671.64
287.59	38673.23
287.65	38671.84
287.72	38666.33
287.79	38659.61
287.86	38652.77
287.92	38636.57
287.99	38625.94
288.06	38626.33
288.12	38615.61
288.19	38606.43
288.26	38598.38
288.32	38588.69
288.39	38577.06
288.46	38572.47
288.52	38575.75
288.59	38582.76
288.66	38586.05
288.72	38586.53
288.79	38590.33
288.86	38591.03
288.92	38597.24
288.99	38593.85
289.06	38591.52
289.12	38586.08
289.19	38580.61
289.26	38578.56
289.32	38584.29
289.39	38588.89
289.45	38600.91
289.52	38598.29
289.59	38597.43
289.65	38599.81
289.72	38599.50
289.79	38605.88
289.85	38627.70
289.92	38634.03
289.99	38636.65
290.05	38641.74
290.12	38627.86
290.19	38616.55
290.25	38613.45
290.32	38610.58
290.39	38615.70
290.45	38625.23
290.52	38626.13
290.59	38634.30
290.65	38636.06
290.72	38627.65
290.79	38626.31
290.85	38633.43
290.92	38644.54
290.98	38655.09
291.05	38668.83
291.12	38677.84
291.18	38685.93
291.25	38681.56
291.32	38688.96
291.38	38689.42
291.45	38691.48
291.52	38689.77
291.58	38693.30
291.65	38701.64
291.72	38720.80
291.78	38744.39
291.85	38764.88
291.91	38783.90
291.98	38803.31
292.05	38807.86
292.11	38809.20
292.18	38819.15
292.25	38818.68
292.31	38805.23
292.38	38811.06
292.45	38818.43
292.51	38823.55
292.58	38830.60
292.64	38850.86
292.71	38855.77
292.78	38865.94
292.84	38866.41
292.91	38881.29
292.98	38888.15
293.04	38898.50
293.11	38907.40
293.17	38919.55
293.24	38929.90
293.31	38938.20
293.37	38952.07
293.44	38952.82
293.51	38969.39
293.57	38980.96
293.64	38994.40
293.70	39011.50
293.77	39033.23
293.84	39042.04
293.90	39044.23
293.97	39051.84
294.04	39056.12
294.10	39064.58
294.17	39069.08
294.23	39084.54
294.30	39094.74
294.37	39105.84
294.43	39124.05
294.50	39141.83
294.56	39160.90
294.63	39173.20
294.70	39183.25
294.76	39188.25
294.83	39204.50
294.90	39215.30
294.96	39235.37
295.03	39254.19
295.09	39277.29
295.16	39291.63
295.23	39305.87
295.29	39315.15
295.36	39321.85
295.42	39321.57
295.49	39327.66
295.56	39345.94
295.62	39369.99
295.69	39387.52
295.75	39412.85
295.82	39434.49
295.89	39441.14
295.95	39442.89
296.02	39456.90
296.08	39454.87
296.15	39454.14
296.22	39469.88
296.28	39483.51
296.35	39504.01
296.41	39528.01
296.48	39554.55
296.55	39571.21
296.61	39590.27
296.68	39601.50
296.74	39625.79
296.81	39648.55
296.88	39670.96
296.94	39695.51
297.01	39722.17
297.07	39737.69
297.14	39753.61
297.20	39766.33
297.27	39777.47
297.34	39794.05
297.40	39815.22
297.47	39833.32
297.53	39843.81
297.60	39869.61
297.67	39884.46
297.73	39898.32
297.80	39903.16
297.86	39918.65
297.93	39917.95
298.00	39926.86
298.06	39940.13
298.13	39965.41
298.19	39988.05
298.26	40016.09
298.32	40042.10
298.39	40062.62
298.46	40069.25
298.52	40079.89
298.59	40087.11
298.65	40096.47
298.72	40110.53
298.78	40139.58
298.85	40159.92
298.92	40181.30
298.98	40197.87
299.05	40211.31
299.11	40220.90
299.18	40230.50
299.24	40242.88
299.31	40251.47
299.38	40262.75
299.44	40272.71
299.51	40288.08
299.57	40298.06
299.64	40313.81
299.70	40326.75
299.77	40339.75
299.84	40352.52
299.90	40355.08
299.97	40356.51
300.03	40360.59
300.10	40373.95
300.16	40388.44
300.23	40410.98
300.30	40429.96
300.36	40438.54
300.43	40447.53
300.49	40457.71
300.56	40473.20
300.62	40493.35
300.69	40522.10
300.75	40539.93
300.82	40555.51
300.89	40568.55
300.95	40579.14
301.02	40579.91
301.08	40583.10
301.15	40584.07
301.21	40588.36
301.28	40595.58
301.34	40607.08
301.41	40614.65
301.48	40616.99
301.54	40616.43
301.61	40615.41
301.67	40613.22
301.74	40623.58
301.80	40625.83
301.87	40626.63
301.93	40619.73
302.00	40617.34
302.06	40603.73
302.13	40601.32
302.20	40602.39
302.26	40599.90
302.33	40602.77
302.39	40601.76
302.46	40605.28
302.52	40599.78
302.59	40608.34
302.65	40608.37
302.72	40610.17
302.78	40606.08
302.85	40611.83
302.91	40605.94
302.98	40601.94
303.05	40595.65
303.11	40594.94
303.18	40582.98
303.24	40576.04
303.31	40560.47
303.37	40554.39
303.44	40547.06
303.50	40535.89
303.57	40523.97
303.63	40514.49
303.70	40504.56
303.76	40484.50
303.83	40471.35
303.89	40460.30
303.96	40453.03
304.03	40439.33
304.09	40431.32
304.16	40420.97
304.22	40396.61
304.29	40382.25
304.35	40359.82
304.42	40340.44
304.48	40323.27
304.55	40314.87
304.61	40297.55
304.68	40289.38
304.74	40280.51
304.81	40273.83
304.87	40254.00
304.94	40232.91
305.00	40208.70
305.07	40176.45
305.13	40144.36
305.20	40121.75
305.26	40100.95
305.33	40087.26
305.39	40073.76
305.46	40043.25
305.52	40022.48
305.59	40005.48
305.66	39981.48
305.72	39957.60
305.79	39936.59
305.85	39913.63
305.92	39872.86
305.98	39811.24
306.05	39681.94
306.11	39459.64
306.18	39166.79
306.24	38912.35
306.31	38772.96
306.37	38790.95
306.44	38959.03
306.50	39206.13
306.57	39422.24
306.63	39541.67
306.70	39565.07
306.76	39542.63
306.83	39503.56
306.89	39461.58
306.96	39422.73
307.02	39388.64
307.09	39356.89
307.15	39327.17
307.22	39305.11
307.28	39276.74
307.35	39242.11
307.41	39205.06
307.48	39166.68
307.54	39124.30
307.61	39083.10
307.67	39042.85
307.74	39000.45
307.80	38961.24
307.87	38924.44
307.93	38886.82
308.00	38862.11
308.06	38832.12
308.13	38800.34
308.19	38757.69
308.26	38718.25
308.32	38683.47
308.38	38652.48
308.45	38617.21
308.51	38596.35
308.58	38556.75
308.64	38499.79
308.71	38447.18
308.77	38398.98
308.84	38344.79
308.90	38317.72
308.97	38299.57
309.03	38282.16
309.10	38254.26
309.16	38223.97
309.23	38179.93
309.29	38133.05
309.36	38066.97
309.42	38006.50
309.49	37947.41
309.55	37888.80
309.62	37828.96
309.68	37789.56
309.75	37744.07
309.81	37696.00
309.88	37660.71
309.94	37615.37
310.00	37563.62
310.07	37522.34
310.13	37493.23
310.20	37442.64
310.26	37407.38
310.33	37366.44
310.39	37332.97
310.46	37285.80
310.52	37248.14
310.59	37211.97
310.65	37181.08
310.72	37132.54
310.78	37084.20
310.85	37035.95
310.91	36987.27
310.97	36941.71
311.04	36902.24
311.10	36851.80
311.17	36809.22
311.23	36772.20
311.30	36726.19
311.36	36688.25
311.43	36662.72
311.49	36628.19
311.56	36583.52
311.62	36542.39
311.69	36491.68
311.75	36446.83
311.81	36393.08
311.88	36343.82
311.94	36307.52
312.01	36278.91
312.07	36245.37
312.14	36225.54
312.20	36199.55
312.27	36160.65
312.33	36108.89
312.40	36054.23
312.46	35995.46
312.52	35944.32
312.59	35898.70
312.65	35852.21
312.72	35808.69
312.78	35759.32
312.85	35703.90
312.91	35642.22
312.98	35593.27
313.04	35542.50
313.10	35498.72
313.17	35460.35
313.23	35436.25
313.30	35400.26
313.36	35355.91
313.43	35313.37
313.49	35267.19
313.56	35199.05
313.62	35147.30
313.68	35102.80
313.75	35064.24
313.81	35027.43
313.88	34993.21
313.94	34949.35
314.01	34907.98
314.07	34865.77
314.13	34817.44
314.20	34778.03
314.26	34739.03
314.33	34698.33
314.39	34650.29
314.46	34592.85
314.52	34544.67
314.58	34488.16
314.65	34431.70
314.71	34379.42
314.78	34343.15
314.84	34297.34
314.91	34257.65
314.97	34223.12
315.03	34187.14
315.10	34151.76
315.16	34099.29
315.23	34058.98
315.29	34012.41
315.36	33964.22
315.42	33909.26
315.48	33871.07
315.55	33822.08
315.61	33771.48
315.68	33727.50
315.74	33689.28
315.81	33648.59
315.87	33611.68
315.93	33579.17
316.00	33548.08
316.06	33511.48
316.13	33493.03
316.19	33454.20
316.25	33394.10
316.32	33299.56
316.38	33189.45
316.45	33036.54
316.51	32872.77
316.58	32696.98
316.64	32518.42
316.70	32333.34
316.77	32128.41
316.83	31910.91
316.90	31679.25
316.96	31432.83
317.02	31167.44
317.09	30905.29
317.15	30628.49
317.22	30334.68
317.28	30026.77
317.34	29700.34
317.41	29351.75
317.47	29001.20
317.54	28629.15
317.60	28240.95
317.66	27837.07
317.73	27422.29
317.79	26984.84
317.86	26548.15
317.92	26097.71
317.98	25626.26
318.05	25137.47
318.11	24631.00
318.18	24123.08
318.24	23599.72
318.30	23072.62
318.37	22537.22
318.43	21992.11
318.50	21426.72
318.56	20855.97
318.62	20284.77
318.69	19707.18
318.75	19130.61
318.82	18549.22
318.88	17978.04
318.94	17397.68
319.01	16817.69
319.07	16243.03
319.13	15669.67
319.20	15091.16
319.26	14517.10
319.33	13948.99
319.39	13378.47
319.45	12826.93
319.52	12284.05
319.58	11745.94
319.65	11217.78
319.71	10703.49
319.77	10193.37
319.84	9694.95
319.90	9214.72
319.96	8744.38
320.03	8284.67
320.09	7842.15
320.16	7409.38
320.22	6994.70
320.28	6595.65
320.35	6213.92
320.41	5847.01
320.47	5497.68
320.54	5161.03
320.60	4846.72
320.67	4548.73
320.73	4262.74
320.79	3989.71
320.86	3737.44
320.92	3490.42
320.98	3262.31
321.05	3048.04
321.11	2847.66
321.18	2660.56
321.24	2489.49
321.30	2324.82
321.37	2175.28
321.43	2044.84
321.49	1917.96
321.56	1803.12
321.62	1701.66
321.68	1602.76
321.75	1510.43
321.81	1430.31
321.88	1354.32
321.94	1289.80
322.00	1233.59
322.07	1175.29
322.13	1121.13
322.19	1071.33
322.26	1018.56
322.32	973.85
322.38	938.02
322.45	908.06
322.51	876.90
322.58	852.42
322.64	821.57
322.70	794.36
322.77	762.19
322.83	742.06
322.89	712.19
322.96	686.64
323.02	660.88
323.08	635.39
323.15	606.55
323.21	584.48
323.27	562.61
323.34	539.00
323.40	517.05
323.46	494.17
323.53	465.90
323.59	395.95
323.65	298.56
323.72	187.84
323.78	80.84
323.85	-17.00
323.91	-67.09
323.97	-85.15
324.04	-85.77
