180.21	3429.55
180.28	-126.48
180.36	634.25
180.44	-43.76
180.51	-9.18
180.59	18.47
180.66	50.12
180.74	50.94
180.81	52.76
180.89	57.08
180.97	59.98
181.04	60.48
181.12	61.83
181.19	65.55
181.27	68.93
181.34	88.74
181.42	97.06
181.50	105.49
181.57	115.71
181.65	120.33
181.72	114.55
181.80	111.53
181.87	116.12
181.95	124.87
182.03	135.08
182.10	149.99
182.18	166.50
182.25	189.52
182.33	209.41
182.40	235.15
182.48	251.65
182.55	283.96
182.63	304.82
182.71	323.52
182.78	340.73
182.86	349.49
182.93	332.82
183.01	314.98
183.08	292.98
183.16	280.89
183.23	277.75
183.31	305.01
183.39	337.44
183.46	388.00
183.54	432.92
183.61	490.07
183.69	545.63
183.76	612.51
183.84	670.01
183.91	730.92
183.99	792.39
184.06	841.55
184.14	896.13
184.22	934.32
184.29	939.84
184.37	936.51
184.44	903.89
184.52	810.23
184.59	708.75
184.67	637.65
184.74	572.51
184.82	561.63
184.89	615.47
184.97	711.49
185.04	815.01
185.12	923.82
185.20	1027.27
185.27	1133.60
185.35	1223.88
185.42	1292.23
185.50	1370.05
185.57	1424.28
185.65	1478.67
185.72	1550.93
185.80	1627.88
185.87	1693.43
185.95	1781.27
186.02	1836.37
186.10	1837.78
186.17	1796.10
186.25	1664.22
186.33	1465.57
186.40	1297.26
186.48	1198.55
186.55	1180.77
186.63	1264.19
186.70	1436.03
186.78	1600.11
186.85	1745.81
186.93	1867.69
187.00	2002.56
187.08	2111.34
187.15	2244.41
187.23	2377.43
187.30	2495.89
187.38	2614.50
187.45	2748.98
187.53	2847.55
187.60	2938.19
187.68	3057.87
187.75	3136.27
187.83	3174.61
187.90	3208.78
187.98	3199.63
188.05	3079.51
188.13	2848.60
188.21	2590.15
188.28	2370.39
188.36	2206.91
188.43	2177.33
188.51	2312.02
188.58	2526.11
188.66	2722.22
188.73	2922.77
188.81	3104.12
188.88	3265.45
188.96	3399.62
189.03	3544.19
189.11	3682.29
189.18	3788.67
189.26	3895.11
189.33	4015.35
189.41	4106.90
189.48	4190.85
189.56	4300.94
189.63	4379.74
189.71	4433.13
189.78	4494.16
189.86	4515.44
189.93	4482.31
190.01	4405.26
190.08	4241.43
190.16	3956.03
190.23	3659.42
190.31	3449.39
190.38	3333.47
190.46	3352.83
190.53	3519.03
190.61	3753.72
190.68	3960.23
190.76	4159.41
190.83	4327.08
190.91	4491.62
190.98	4630.61
191.06	4777.43
191.13	4905.84
191.21	5017.65
191.28	5123.72
191.35	5234.74
191.43	5312.63
191.50	5381.71
191.58	5458.56
191.65	5504.13
191.73	5529.44
191.80	5558.75
191.88	5561.99
191.95	5551.36
192.03	5548.74
192.10	5536.02
192.18	5495.73
192.25	5409.73
192.33	5241.32
192.40	5045.16
192.48	4894.76
192.55	4808.51
192.63	4819.23
192.70	4950.80
192.78	5142.30
192.85	5331.21
192.93	5504.10
193.00	5643.37
193.08	5777.27
193.15	5886.23
193.22	5972.72
193.30	6035.65
193.37	6101.46
193.45	6138.44
193.52	6183.62
193.60	6232.26
193.67	6285.58
193.75	6334.94
193.82	6381.52
193.90	6416.80
193.97	6454.16
194.05	6492.15
194.12	6531.45
194.20	6582.53
194.27	6628.10
194.34	6658.84
194.42	6673.57
194.49	6677.73
194.57	6651.75
194.64	6579.69
194.72	6486.87
194.79	6402.62
194.87	6327.15
194.94	6283.29
195.02	6300.89
195.09	6358.84
195.17	6441.23
195.24	6542.72
195.31	6651.68
195.39	6764.96
195.46	6867.03
195.54	6961.82
195.61	7040.08
195.69	7096.70
195.76	7134.52
195.84	7176.65
195.91	7194.01
195.99	7202.73
196.06	7213.48
196.13	7225.83
196.21	7221.06
196.28	7210.38
196.36	7190.53
196.43	7156.95
196.51	7118.56
196.58	7094.04
196.66	7096.04
196.73	7127.89
196.80	7186.95
196.88	7256.80
196.95	7335.22
197.03	7405.40
197.10	7445.66
197.18	7469.67
197.25	7491.36
197.33	7512.42
197.40	7537.12
197.47	7560.97
197.55	7595.13
197.62	7620.70
197.70	7633.11
197.77	7637.40
197.85	7639.88
197.92	7614.59
197.99	7566.71
198.07	7505.42
198.14	7445.77
198.22	7428.47
198.29	7460.62
198.37	7543.64
198.44	7663.53
198.51	7784.89
198.59	7881.56
198.66	7967.76
198.74	8031.17
198.81	8075.17
198.89	8111.04
198.96	8146.15
199.03	8157.82
199.11	8173.40
199.18	8174.87
199.26	8175.79
199.33	8176.31
199.41	8167.27
199.48	8113.97
199.55	8046.86
199.63	7969.21
199.70	7907.95
199.78	7882.98
199.85	7930.86
199.93	8033.12
200.00	8172.34
200.07	8302.03
200.15	8421.55
200.22	8514.80
200.30	8580.13
200.37	8637.32
200.44	8690.25
200.52	8734.08
200.59	8775.55
200.67	8799.96
200.74	8797.08
200.81	8782.33
200.89	8764.17
200.96	8750.69
201.04	8728.63
201.11	8696.97
201.19	8658.67
201.26	8624.03
201.33	8596.61
201.41	8617.12
201.48	8693.28
201.56	8802.31
201.63	8937.33
201.70	9058.25
201.78	9166.75
201.85	9254.92
201.93	9328.86
202.00	9380.13
202.07	9430.91
202.15	9464.77
202.22	9492.58
202.30	9516.79
202.37	9533.18
202.44	9547.22
202.52	9558.35
202.59	9560.25
202.67	9553.85
202.74	9555.22
202.81	9543.52
202.89	9526.39
202.96	9532.66
203.04	9576.82
203.11	9646.01
203.18	9752.46
203.26	9884.04
203.33	10001.25
203.41	10094.85
203.48	10171.83
203.55	10221.74
203.63	10272.36
203.70	10324.98
203.77	10372.84
203.85	10408.50
203.92	10452.49
204.00	10500.79
204.07	10542.45
204.14	10586.52
204.22	10628.08
204.29	10666.38
204.37	10677.90
204.44	10691.40
204.51	10706.28
204.59	10727.23
204.66	10756.21
204.73	10822.22
204.81	10904.93
204.88	11001.13
204.96	11109.95
205.03	11214.26
205.10	11297.87
205.18	11367.40
205.25	11431.98
205.32	11490.28
205.40	11550.75
205.47	11616.20
205.55	11685.12
205.62	11748.33
205.69	11814.01
205.77	11871.82
205.84	11927.11
205.91	11985.25
205.99	12040.20
206.06	12084.48
206.14	12133.23
206.21	12182.97
206.28	12223.25
206.36	12271.97
206.43	12328.24
206.50	12404.80
206.58	12489.66
206.65	12582.41
206.72	12681.62
206.80	12783.04
206.87	12872.94
206.95	12961.23
207.02	13059.33
207.09	13148.95
207.17	13239.82
207.24	13329.85
207.31	13415.41
207.39	13490.97
207.46	13563.17
207.53	13624.64
207.61	13695.99
207.68	13765.66
207.75	13839.32
207.83	13920.88
207.90	14003.28
207.98	14066.57
208.05	14136.25
208.12	14211.77
208.20	14294.69
208.27	14384.18
208.34	14487.73
208.42	14586.30
208.49	14680.63
208.56	14762.58
208.64	14857.88
208.71	14947.12
208.78	15032.55
208.86	15133.64
208.93	15240.77
209.00	15337.57
209.08	15435.72
209.15	15541.16
209.22	15647.13
209.30	15744.46
209.37	15841.57
209.44	15947.62
209.52	16056.57
209.59	16142.56
209.67	16237.05
209.74	16331.62
209.81	16432.05
209.89	16529.90
209.96	16630.01
210.03	16731.29
210.11	16840.01
210.18	16937.65
210.25	17045.50
210.33	17163.26
210.40	17277.47
210.47	17392.03
210.55	17507.07
210.62	17607.25
210.69	17701.49
210.77	17803.88
210.84	17910.95
210.91	18028.07
210.99	18145.68
211.06	18270.03
211.13	18397.80
211.21	18518.62
211.28	18626.49
211.35	18745.22
211.42	18862.16
211.50	18972.49
211.57	19079.75
211.64	19197.06
211.72	19313.47
211.79	19426.48
211.86	19537.96
211.94	19669.92
212.01	19793.37
212.08	19912.31
212.16	20032.87
212.23	20164.10
212.30	20284.52
212.38	20405.72
212.45	20534.50
212.52	20665.21
212.60	20790.55
212.67	20915.47
212.74	21041.16
212.82	21163.71
212.89	21289.47
212.96	21417.99
213.03	21550.68
213.11	21691.74
213.18	21829.13
213.25	21972.31
213.33	22110.66
213.40	22239.85
213.47	22365.65
213.55	22489.83
213.62	22604.07
213.69	22724.00
213.77	22851.64
213.84	22977.16
213.91	23114.15
213.98	23250.57
214.06	23390.10
214.13	23532.47
214.20	23685.34
214.28	23839.68
214.35	23991.54
214.42	24135.08
214.50	24279.66
214.57	24410.16
214.64	24532.04
214.72	24656.33
214.79	24786.74
214.86	24901.68
214.93	25032.65
215.01	25178.19
215.08	25316.29
215.15	25453.69
215.23	25581.70
215.30	25711.89
215.37	25833.05
215.44	25990.71
215.52	26145.06
215.59	26314.80
215.66	26473.09
215.74	26631.53
215.81	26765.87
215.88	26904.64
215.95	27028.43
216.03	27158.91
216.10	27289.37
216.17	27426.96
216.25	27564.10
216.32	27728.33
216.39	27886.84
216.46	28044.30
216.54	28182.32
216.61	28319.62
216.68	28447.26
216.76	28579.43
216.83	28720.67
216.90	28878.51
216.97	29048.04
217.05	29219.23
217.12	29370.14
217.19	29489.06
217.27	29580.36
217.34	29667.17
217.41	29758.38
217.48	29864.04
217.56	29996.43
217.63	30161.64
217.70	30327.05
217.78	30489.70
217.85	30654.01
217.92	30820.12
217.99	30984.27
218.07	31126.02
218.14	31262.69
218.21	31403.78
218.28	31545.55
218.36	31684.71
218.43	31834.92
218.50	31989.56
218.57	32127.39
218.65	32251.72
218.72	32377.22
218.79	32507.29
218.87	32633.09
218.94	32773.05
219.01	32920.52
219.08	33049.63
219.16	33177.12
219.23	33297.84
219.30	33411.18
219.37	33524.21
219.45	33650.80
219.52	33790.62
219.59	33921.76
219.66	34049.66
219.74	34185.09
219.81	34342.18
219.88	34477.06
219.95	34621.99
220.03	34777.42
220.10	34917.03
220.17	35031.86
220.24	35157.37
220.32	35287.01
220.39	35411.03
220.46	35531.97
220.53	35666.54
220.61	35784.53
220.68	35908.54
220.75	36035.37
220.82	36177.91
220.90	36290.31
220.97	36386.52
221.04	36478.37
221.11	36565.16
221.19	36653.84
221.26	36761.42
221.33	36899.44
221.40	37030.09
221.48	37164.69
221.55	37291.34
221.62	37418.99
221.69	37543.03
221.77	37671.22
221.84	37798.40
221.91	37921.65
221.98	38040.12
222.06	38163.29
222.13	38291.56
222.20	38409.62
222.27	38520.30
222.35	38625.64
222.42	38723.52
222.49	38809.02
222.56	38887.59
222.63	38978.82
222.71	39080.54
222.78	39194.28
222.85	39308.89
222.92	39435.40
223.00	39535.44
223.07	39627.35
223.14	39701.63
223.21	39783.73
223.29	39876.22
223.36	40007.03
223.43	40134.13
223.50	40262.55
223.57	40394.22
223.65	40531.86
223.72	40640.49
223.79	40749.22
223.86	40855.25
223.94	40957.52
224.01	41034.74
224.08	41101.66
224.15	41166.17
224.22	41232.77
224.30	41284.12
224.37	41351.36
224.44	41438.25
224.51	41535.36
224.59	41639.37
224.66	41757.87
224.73	41867.06
224.80	41976.28
224.87	42083.11
224.95	42184.06
225.02	42281.35
225.09	42370.90
225.16	42451.52
225.23	42532.87
225.31	42622.00
225.38	42703.38
225.45	42795.23
225.52	42891.06
225.60	42973.29
225.67	43021.72
225.74	43065.68
225.81	43108.42
225.88	43163.69
225.96	43253.62
226.03	43373.62
226.10	43506.62
226.17	43628.69
226.24	43747.18
226.32	43828.83
226.39	43906.12
226.46	43965.39
226.53	44032.63
226.60	44087.02
226.68	44151.50
226.75	44221.40
226.82	44299.60
226.89	44372.14
226.96	44435.69
227.04	44483.90
227.11	44518.42
227.18	44551.75
227.25	44582.63
227.32	44639.67
227.40	44716.98
227.47	44794.76
227.54	44873.17
227.61	44953.01
227.68	45025.91
227.76	45093.19
227.83	45163.34
227.90	45234.12
227.97	45297.79
228.04	45348.38
228.11	45391.73
228.19	45432.91
228.26	45489.79
228.33	45558.04
228.40	45627.15
228.47	45696.07
228.55	45769.48
228.62	45835.03
228.69	45893.43
228.76	45954.08
228.83	46010.24
228.90	46069.55
228.98	46126.91
229.05	46193.10
229.12	46270.83
229.19	46344.98
229.26	46415.85
229.34	46463.47
229.41	46515.13
229.48	46555.14
229.55	46602.74
229.62	46652.70
229.69	46714.96
229.77	46755.70
229.84	46789.17
229.91	46821.11
229.98	46844.82
230.05	46869.49
230.12	46909.59
230.20	46975.97
230.27	47036.54
230.34	47105.69
230.41	47183.48
230.48	47253.77
230.55	47300.69
230.63	47345.39
230.70	47389.58
230.77	47418.02
230.84	47438.51
230.91	47466.79
230.98	47512.29
231.06	47551.64
231.13	47604.16
231.20	47682.32
231.27	47751.22
231.34	47797.78
231.41	47853.34
231.49	47902.51
231.56	47948.55
231.63	48002.12
231.70	48066.64
231.77	48100.24
231.84	48122.68
231.92	48132.97
231.99	48141.57
232.06	48160.05
232.13	48201.54
232.20	48254.44
232.27	48308.62
232.34	48354.91
232.42	48375.44
232.49	48396.91
232.56	48439.79
232.63	48491.45
232.70	48544.55
232.77	48613.95
232.85	48678.76
232.92	48712.01
232.99	48726.55
233.06	48750.21
233.13	48766.63
233.20	48774.45
233.27	48790.97
233.35	48800.64
233.42	48793.39
233.49	48798.81
233.56	48820.03
233.63	48836.40
233.70	48856.87
233.77	48891.92
233.85	48925.47
233.92	48963.42
233.99	48998.32
234.06	49045.06
234.13	49097.97
234.20	49154.95
234.27	49184.69
234.35	49219.34
234.42	49236.63
234.49	49237.50
234.56	49235.91
234.63	49228.98
234.70	49218.76
234.77	49214.78
234.84	49193.18
234.92	49161.52
234.99	49160.42
235.06	49172.21
235.13	49187.06
235.20	49227.98
235.27	49274.71
235.34	49304.99
235.41	49345.76
235.49	49375.37
235.56	49403.41
235.63	49412.93
235.70	49415.03
235.77	49392.30
235.84	49380.10
235.91	49361.09
235.98	49351.58
236.06	49353.63
236.13	49356.16
236.20	49364.34
236.27	49358.12
236.34	49364.45
236.41	49375.97
236.48	49380.27
236.55	49376.07
236.63	49375.20
236.70	49375.80
236.77	49360.72
236.84	49366.00
236.91	49366.48
236.98	49367.30
237.05	49364.05
237.12	49355.79
237.19	49340.68
237.27	49335.97
237.34	49337.36
237.41	49332.26
237.48	49331.28
237.55	49314.52
237.62	49297.05
237.69	49302.35
237.76	49306.32
237.83	49318.39
237.91	49337.84
237.98	49349.62
238.05	49345.86
238.12	49339.23
238.19	49327.64
238.26	49331.97
238.33	49329.42
238.40	49311.02
238.47	49288.05
238.54	49266.81
238.62	49235.62
238.69	49206.88
238.76	49189.53
238.83	49184.27
238.90	49197.98
238.97	49210.70
239.04	49233.39
239.11	49246.67
239.18	49268.20
239.25	49269.45
239.33	49252.32
239.40	49226.12
239.47	49197.58
239.54	49146.48
239.61	49092.32
239.68	49050.44
239.75	49021.06
239.82	48995.11
239.89	48976.81
239.96	48973.14
240.03	48971.36
240.11	48980.97
240.18	49000.92
240.25	49019.82
240.32	49018.26
240.39	49033.26
240.46	49036.25
240.53	49047.53
240.60	49066.71
240.67	49100.22
240.74	49109.20
240.81	49118.79
240.88	49110.39
240.96	49092.93
241.03	49071.15
241.10	49054.98
241.17	49035.75
241.24	49016.71
241.31	49002.27
241.38	48988.48
241.45	48987.67
241.52	48978.29
241.59	48985.23
241.66	48994.53
241.73	49003.91
241.80	49005.82
241.88	49004.79
241.95	48979.47
242.02	48941.80
242.09	48892.71
242.16	48833.84
242.23	48807.65
242.30	48802.02
242.37	48798.53
242.44	48806.24
242.51	48810.67
242.58	48795.75
242.65	48783.09
242.72	48785.55
242.79	48784.80
242.87	48800.28
242.94	48805.99
243.01	48800.82
243.08	48797.03
243.15	48795.48
243.22	48788.76
243.29	48797.16
243.36	48808.74
243.43	48823.37
243.50	48849.92
243.57	48867.82
243.64	48876.21
243.71	48900.51
243.78	48902.11
243.85	48888.08
243.92	48869.99
243.99	48858.17
244.07	48827.99
244.14	48800.13
244.21	48792.51
244.28	48814.53
244.35	48829.22
244.42	48849.71
244.49	48884.20
244.56	48903.25
244.63	48904.58
244.70	48908.89
244.77	48914.21
244.84	48916.22
244.91	48907.37
244.98	48899.38
245.05	48908.11
245.12	48926.78
245.19	48948.72
245.26	48981.00
245.33	49021.97
245.40	49049.66
245.47	49067.15
245.55	49077.88
245.62	49090.92
245.69	49098.16
245.76	49116.38
245.83	49128.43
245.90	49144.13
245.97	49149.66
246.04	49164.86
246.11	49162.20
246.18	49149.92
246.25	49145.79
246.32	49141.79
246.39	49136.48
246.46	49145.52
246.53	49168.95
246.60	49183.57
246.67	49218.58
246.74	49243.90
246.81	49272.46
246.88	49298.38
246.95	49324.08
247.02	49338.41
247.09	49350.65
247.16	49348.46
247.23	49333.76
247.30	49306.92
247.37	49277.54
247.44	49259.63
247.51	49239.30
247.58	49242.25
247.66	49279.45
247.73	49333.66
247.80	49379.74
247.87	49439.28
247.94	49501.67
248.01	49553.21
248.08	49594.94
248.15	49631.96
248.22	49664.25
248.29	49691.55
248.36	49708.08
248.43	49724.71
248.50	49751.52
248.57	49774.53
248.64	49795.53
248.71	49828.56
248.78	49862.70
248.85	49885.29
248.92	49909.10
248.99	49915.96
249.06	49904.66
249.13	49876.90
249.20	49851.09
249.27	49826.53
249.34	49821.82
249.41	49836.46
249.48	49857.22
249.55	49879.91
249.62	49901.96
249.69	49921.37
249.76	49946.17
249.83	49980.00
249.90	50019.61
249.97	50054.26
250.04	50100.83
250.11	50145.80
250.18	50189.53
250.25	50227.10
250.32	50258.57
250.39	50290.87
250.46	50302.72
250.53	50311.50
250.60	50323.33
250.67	50353.40
250.74	50373.37
250.81	50372.03
250.88	50369.81
250.95	50371.93
251.02	50359.65
251.09	50340.54
251.16	50364.51
251.23	50401.17
251.30	50440.91
251.37	50476.67
251.44	50515.16
251.51	50551.57
251.58	50574.69
251.65	50594.02
251.72	50622.17
251.79	50640.79
251.86	50630.37
251.93	50605.95
252.00	50558.40
252.07	50505.93
252.14	50475.05
252.21	50467.91
252.28	50479.14
252.35	50522.55
252.42	50589.06
252.49	50637.03
252.56	50679.92
252.63	50727.07
252.70	50751.32
252.77	50760.52
252.84	50772.22
252.91	50766.02
252.98	50742.46
253.05	50726.80
253.12	50720.79
253.19	50727.58
253.25	50754.95
253.32	50790.00
253.39	50828.65
253.46	50852.82
253.53	50869.03
253.60	50860.47
253.67	50859.51
253.74	50874.89
253.81	50903.03
253.88	50920.77
253.95	50952.24
254.02	50970.52
254.09	50974.30
254.16	50971.27
254.23	50962.04
254.30	50945.05
254.37	50945.38
254.44	50962.26
254.51	50979.25
254.58	51001.64
254.65	51029.70
254.72	51038.57
254.79	51008.15
254.86	50981.92
254.93	50954.35
255.00	50942.08
255.07	50948.06
255.14	50969.47
255.21	50963.76
255.28	50951.90
255.34	50927.39
255.41	50916.45
255.48	50921.65
255.55	50942.85
255.62	50981.81
255.69	51025.52
255.76	51051.99
255.83	51073.61
255.90	51100.06
255.97	51127.24
256.04	51132.10
256.11	51132.44
256.18	51119.02
256.25	51101.69
256.32	51068.33
256.39	51042.03
256.46	51017.87
256.53	50997.04
256.60	50968.94
256.67	50953.78
256.74	50946.81
256.80	50933.57
256.87	50915.67
256.94	50904.85
257.01	50893.64
257.08	50889.11
257.15	50887.35
257.22	50890.46
257.29	50885.11
257.36	50883.50
257.43	50877.91
257.50	50869.31
257.57	50853.42
257.64	50849.72
257.71	50828.80
257.78	50812.77
257.85	50795.31
257.92	50795.54
257.98	50795.46
258.05	50795.92
258.12	50784.67
258.19	50767.56
258.26	50726.48
258.33	50671.75
258.40	50639.58
258.47	50611.49
258.54	50598.84
258.61	50612.50
258.68	50642.25
258.75	50661.65
258.82	50681.12
258.89	50669.39
258.95	50636.86
259.02	50597.94
259.09	50543.22
259.16	50478.70
259.23	50430.12
259.30	50390.55
259.37	50363.80
259.44	50352.88
259.51	50349.33
259.58	50360.90
259.65	50362.47
259.72	50346.92
259.79	50307.40
259.85	50275.38
259.92	50235.42
259.99	50222.41
260.06	50218.47
260.13	50212.26
260.20	50201.26
260.27	50174.77
260.34	50118.92
260.41	50056.06
260.48	50016.55
260.55	49975.47
260.62	49939.92
260.68	49909.18
260.75	49884.42
260.82	49873.12
260.89	49855.84
260.96	49847.00
261.03	49843.41
261.10	49834.72
261.17	49808.45
261.24	49780.44
261.31	49747.79
261.38	49710.53
261.44	49666.21
261.51	49617.72
261.58	49584.83
261.65	49547.04
261.72	49504.65
261.79	49463.48
261.86	49420.15
261.93	49378.75
262.00	49348.38
262.07	49307.58
262.13	49281.10
262.20	49262.28
262.27	49227.84
262.34	49194.69
262.41	49169.19
262.48	49126.46
262.55	49084.52
262.62	49034.53
262.69	48974.45
262.76	48927.72
262.82	48883.76
262.89	48834.65
262.96	48794.08
263.03	48765.51
263.10	48725.79
263.17	48681.99
263.24	48633.11
263.31	48598.95
263.38	48558.12
263.44	48532.87
263.51	48501.39
263.58	48476.12
263.65	48439.00
263.72	48397.36
263.79	48333.62
263.86	48282.03
263.93	48225.56
264.00	48180.61
264.06	48144.02
264.13	48117.56
264.20	48094.98
264.27	48068.39
264.34	48032.38
264.41	47995.25
264.48	47958.89
264.55	47917.92
264.61	47893.60
264.68	47864.28
264.75	47829.08
264.82	47768.30
264.89	47699.54
264.96	47620.44
265.03	47544.74
265.10	47485.97
265.16	47458.00
265.23	47437.80
265.30	47431.69
265.37	47420.15
265.44	47389.95
265.51	47362.65
265.58	47327.67
265.65	47280.03
265.71	47226.62
265.78	47178.99
265.85	47111.77
265.92	47051.77
265.99	46993.52
266.06	46950.27
266.13	46900.81
266.20	46861.74
266.26	46834.58
266.33	46801.16
266.40	46747.73
266.47	46680.23
266.54	46602.01
266.61	46523.38
266.68	46449.33
266.74	46383.91
266.81	46348.47
266.88	46314.10
266.95	46262.64
267.02	46230.98
267.09	46191.27
267.16	46135.72
267.22	46098.70
267.29	46077.37
267.36	46047.55
267.43	46026.98
267.50	45995.30
267.57	45953.90
267.64	45900.45
267.70	45849.35
267.77	45793.89
267.84	45758.43
267.91	45714.55
267.98	45665.72
268.05	45598.61
268.11	45534.50
268.18	45468.43
268.25	45408.19
268.32	45358.76
268.39	45317.11
268.46	45289.14
268.53	45269.72
268.59	45251.50
268.66	45233.03
268.73	45203.87
268.80	45175.58
268.87	45127.35
268.94	45090.70
269.00	45049.60
269.07	45011.77
269.14	44964.67
269.21	44922.06
269.28	44874.18
269.35	44834.25
269.41	44797.41
269.48	44753.94
269.55	44699.96
269.62	44634.20
269.69	44564.47
269.76	44495.35
269.82	44432.51
269.89	44393.36
269.96	44376.07
270.03	44353.13
270.10	44336.74
270.17	44310.79
270.23	44279.96
270.30	44237.23
270.37	44205.57
270.44	44174.13
270.51	44147.26
270.58	44112.80
270.64	44086.86
270.71	44043.53
270.78	44006.83
270.85	43965.59
270.92	43918.26
270.99	43861.43
271.05	43817.76
271.12	43770.20
271.19	43718.17
271.26	43675.36
271.33	43636.01
271.39	43598.74
271.46	43534.43
271.53	43498.66
271.60	43470.63
271.67	43444.31
271.74	43414.57
271.80	43410.76
271.87	43399.91
271.94	43367.69
272.01	43325.45
272.08	43287.36
272.14	43239.05
272.21	43198.90
272.28	43177.26
272.35	43157.49
272.42	43131.92
272.48	43123.70
272.55	43098.94
272.62	43078.95
272.69	43072.22
272.76	43072.65
272.83	43050.21
272.89	43031.48
272.96	42994.16
273.03	42943.89
273.10	42886.80
273.17	42842.57
273.23	42796.44
273.30	42753.73
273.37	42718.20
273.44	42698.19
273.51	42679.66
273.57	42663.65
273.64	42654.39
273.71	42651.71
273.78	42632.58
273.85	42615.14
273.91	42590.49
273.98	42571.35
274.05	42543.00
274.12	42522.86
274.19	42494.21
274.25	42469.57
274.32	42439.21
274.39	42394.97
274.46	42341.68
274.53	42286.61
274.59	42223.44
274.66	42165.68
274.73	42126.36
274.80	42091.02
274.86	42056.88
274.93	42044.36
275.00	42028.05
275.07	42004.03
275.14	41976.27
275.20	41946.30
275.27	41903.13
275.34	41855.98
275.41	41820.52
275.48	41804.86
275.54	41795.48
275.61	41783.56
275.68	41769.29
275.75	41743.96
275.81	41699.59
275.88	41657.52
275.95	41617.70
276.02	41577.49
276.09	41535.04
276.15	41501.43
276.22	41474.50
276.29	41459.72
276.36	41436.88
276.42	41423.73
276.49	41390.89
276.56	41335.19
276.63	41264.26
276.70	41212.10
276.76	41174.46
276.83	41159.36
276.90	41160.61
276.97	41166.90
277.03	41172.97
277.10	41161.27
277.17	41149.91
277.24	41131.72
277.30	41117.70
277.37	41095.19
277.44	41068.02
277.51	41026.77
277.58	40991.38
277.64	40950.54
277.71	40911.31
277.78	40876.49
277.85	40834.81
277.91	40792.85
277.98	40747.24
278.05	40702.92
278.12	40664.43
278.18	40635.43
278.25	40611.46
278.32	40598.62
278.39	40595.28
278.45	40588.18
278.52	40582.76
278.59	40565.42
278.66	40541.77
278.72	40509.98
278.79	40477.89
278.86	40448.48
278.93	40434.52
278.99	40421.74
279.06	40403.11
279.13	40381.79
279.20	40366.42
279.26	40348.01
279.33	40329.76
279.40	40309.20
279.47	40283.43
279.53	40253.13
279.60	40211.61
279.67	40170.60
279.74	40131.66
279.80	40103.45
279.87	40070.15
279.94	40042.82
280.01	40023.15
280.07	39991.60
280.14	39961.14
280.21	39929.01
280.28	39894.08
280.34	39845.18
280.41	39810.08
280.48	39756.62
280.55	39716.86
280.61	39686.64
280.68	39666.35
280.75	39640.09
280.82	39619.64
280.88	39583.39
280.95	39533.41
281.02	39474.86
281.08	39411.15
281.15	39349.05
281.22	39290.14
281.29	39226.42
281.35	39156.80
281.42	39107.58
281.49	39051.20
281.56	38993.77
281.62	38957.25
281.69	38927.12
281.76	38899.06
281.82	38874.47
281.89	38862.67
281.96	38838.46
282.03	38806.22
282.09	38767.63
282.16	38737.53
282.23	38696.63
282.30	38651.50
282.36	38617.74
282.43	38586.64
282.50	38567.04
282.56	38526.99
282.63	38507.45
282.70	38480.34
282.77	38460.56
282.83	38429.81
282.90	38416.97
282.97	38397.90
283.03	38392.37
283.10	38384.74
283.17	38377.42
283.24	38359.87
283.30	38324.67
283.37	38288.43
283.44	38239.80
283.50	38182.14
283.57	38137.69
283.64	38088.01
283.71	38035.47
283.77	37990.37
283.84	37965.52
283.91	37939.70
283.97	37933.27
284.04	37930.95
284.11	37916.92
284.18	37898.86
284.24	37884.05
284.31	37871.55
284.38	37861.08
284.44	37856.97
284.51	37846.76
284.58	37839.67
284.64	37827.76
284.71	37806.66
284.78	37780.39
284.85	37760.94
284.91	37739.24
284.98	37716.08
285.05	37678.49
285.11	37653.89
285.18	37622.61
285.25	37597.39
285.31	37579.21
285.38	37576.21
285.45	37571.87
285.52	37563.59
285.58	37542.15
285.65	37511.42
285.72	37480.10
285.78	37449.10
285.85	37428.70
285.92	37416.55
285.98	37401.31
286.05	37385.70
286.12	37374.53
286.18	37351.89
286.25	37335.02
286.32	37314.39
286.39	37294.20
286.45	37265.91
286.52	37241.95
286.59	37205.42
286.65	37187.55
286.72	37181.55
286.79	37180.74
286.85	37178.55
286.92	37184.87
286.99	37178.48
287.05	37156.93
287.12	37142.45
287.19	37127.67
287.25	37115.27
287.32	37106.23
287.39	37103.67
287.45	37089.84
287.52	37077.93
287.59	37059.16
287.65	37047.73
287.72	37028.51
287.79	36997.82
287.86	36971.81
287.92	36945.62
287.99	36910.72
288.06	36894.67
288.12	36883.61
288.19	36872.14
288.26	36846.07
288.32	36829.47
288.39	36802.62
288.46	36792.98
288.52	36783.56
288.59	36794.32
288.66	36804.91
288.72	36814.90
288.79	36808.45
288.86	36794.04
288.92	36770.58
288.99	36741.07
289.06	36716.17
289.12	36695.82
289.19	36683.23
289.26	36669.52
289.32	36667.26
289.39	36652.32
289.45	36649.58
289.52	36630.98
289.59	36629.87
289.65	36615.95
289.72	36601.57
289.79	36583.72
289.85	36586.57
289.92	36573.68
289.99	36563.97
290.05	36558.95
290.12	36539.11
290.19	36515.93
290.25	36483.98
290.32	36455.94
290.39	36444.82
290.45	36442.86
290.52	36436.77
290.59	36441.59
290.65	36437.61
290.72	36422.54
290.79	36407.59
290.85	36399.55
290.92	36395.17
290.98	36394.47
291.05	36390.35
291.12	36386.00
291.18	36381.72
291.25	36367.48
291.32	36352.06
291.38	36330.19
291.45	36309.37
291.52	36284.80
291.58	36267.86
291.65	36253.98
291.72	36249.08
291.78	36247.40
291.85	36231.02
291.91	36216.38
291.98	36208.74
292.05	36188.43
292.11	36171.87
292.18	36167.13
292.25	36159.63
292.31	36139.58
292.38	36137.47
292.45	36126.42
292.51	36114.43
292.58	36102.48
292.64	36099.42
292.71	36081.97
292.78	36074.10
292.84	36060.95
292.91	36043.63
292.98	36030.14
293.04	36020.07
293.11	36004.43
293.17	35989.81
293.24	35985.94
293.31	35974.30
293.37	35965.55
293.44	35948.60
293.51	35944.59
293.57	35930.52
293.64	35912.34
293.70	35902.87
293.77	35891.22
293.84	35872.70
293.90	35860.60
293.97	35858.75
294.04	35844.84
294.10	35828.58
294.17	35814.17
294.23	35808.04
294.30	35787.45
294.37	35771.06
294.43	35767.84
294.50	35755.32
294.56	35731.55
294.63	35712.29
294.70	35693.94
294.76	35680.42
294.83	35672.28
294.90	35667.25
294.96	35671.06
295.03	35665.66
295.09	35658.62
295.16	35657.05
295.23	35647.73
295.29	35633.61
295.36	35623.04
295.42	35600.82
295.49	35569.09
295.56	35560.06
295.62	35541.42
295.69	35522.02
295.75	35513.54
295.82	35513.63
295.89	35490.19
295.95	35468.26
296.02	35448.03
296.08	35416.49
296.15	35382.92
296.22	35359.69
296.28	35342.92
296.35	35337.36
296.41	35327.43
296.48	35319.13
296.55	35312.96
296.61	35303.05
296.68	35292.91
296.74	35290.84
296.81	35286.00
296.88	35272.30
296.94	35255.57
297.01	35235.21
297.07	35206.47
297.14	35190.65
297.20	35176.85
297.27	35171.10
297.34	35174.02
297.40	35180.10
297.47	35161.30
297.53	35144.49
297.60	35126.69
297.67	35092.76
297.73	35077.46
297.80	35063.28
297.86	35040.66
297.93	35015.84
298.00	35005.12
298.06	34979.37
298.13	34970.22
298.19	34962.12
298.26	34958.93
298.32	34956.16
298.39	34945.46
298.46	34922.62
298.52	34909.52
298.59	34885.25
298.65	34850.53
298.72	34823.67
298.78	34807.42
298.85	34781.26
298.92	34759.93
298.98	34737.03
299.05	34719.97
299.11	34691.34
299.18	34667.43
299.24	34637.59
299.31	34604.10
299.38	34565.69
299.44	34536.88
299.51	34519.42
299.57	34508.95
299.64	34504.76
299.70	34501.88
299.77	34489.64
299.84	34456.24
299.90	34415.79
299.97	34372.92
300.03	34341.17
300.10	34319.20
300.16	34298.88
300.23	34283.93
300.30	34276.33
300.36	34250.78
300.43	34227.87
300.49	34208.88
300.56	34190.70
300.62	34168.52
300.69	34145.76
300.75	34121.30
300.82	34094.55
300.89	34063.02
300.95	34030.95
301.02	33993.41
301.08	33952.65
301.15	33916.65
301.21	33885.18
301.28	33853.96
301.34	33833.61
301.41	33803.76
301.48	33773.87
301.54	33742.75
301.61	33721.00
301.67	33690.60
301.74	33666.91
301.80	33637.10
301.87	33605.73
301.93	33558.14
302.00	33514.51
302.06	33465.04
302.13	33417.48
302.20	33380.28
302.26	33342.46
302.33	33309.97
302.39	33279.71
302.46	33244.93
302.52	33200.17
302.59	33159.61
302.65	33118.72
302.72	33072.72
302.78	33036.81
302.85	33008.30
302.91	32973.59
302.98	32935.90
303.05	32903.69
303.11	32869.67
303.18	32817.76
303.24	32782.71
303.31	32744.06
303.37	32708.50
303.44	32669.89
303.50	32635.25
303.57	32586.48
303.63	32540.12
303.70	32489.36
303.76	32438.09
303.83	32395.39
303.89	32348.98
303.96	32300.78
304.03	32255.51
304.09	32201.52
304.16	32144.54
304.22	32088.16
304.29	32033.03
304.35	31974.77
304.42	31941.86
304.48	31896.40
304.55	31855.30
304.61	31808.99
304.68	31762.04
304.74	31701.16
304.81	31655.68
304.87	31596.04
304.94	31553.99
305.00	31506.09
305.07	31453.10
305.13	31384.44
305.20	31333.11
305.26	31268.12
305.33	31211.12
305.39	31159.23
305.46	31104.28
305.52	31048.47
305.59	31000.82
305.66	30949.79
305.72	30897.39
305.79	30846.70
305.85	30800.71
305.92	30711.36
305.98	30596.59
306.05	30453.17
306.11	30303.41
306.18	30132.05
306.24	30000.80
306.31	29930.11
306.37	29923.59
306.44	29961.05
306.50	30022.97
306.57	30081.78
306.63	30108.56
306.70	30080.26
306.76	30024.82
306.83	29963.45
306.89	29887.02
306.96	29811.58
307.02	29749.45
307.09	29701.66
307.15	29640.25
307.22	29595.70
307.28	29538.47
307.35	29483.02
307.41	29409.48
307.48	29342.11
307.54	29271.66
307.61	29210.85
307.67	29139.19
307.74	29079.93
307.80	29020.38
307.87	28960.99
307.93	28900.65
308.00	28849.01
308.06	28795.73
308.13	28730.06
308.19	28668.53
308.26	28611.48
308.32	28554.54
308.38	28489.52
308.45	28432.97
308.51	28377.26
308.58	28315.64
308.64	28252.62
308.71	28197.41
308.77	28147.39
308.84	28079.60
308.90	28020.52
308.97	27962.96
309.03	27905.14
309.10	27840.58
309.16	27783.97
309.23	27710.14
309.29	27638.70
309.36	27550.06
309.42	27471.62
309.49	27400.51
309.55	27336.57
309.62	27274.90
309.68	27231.15
309.75	27168.99
309.81	27099.40
309.88	27040.73
309.94	26976.08
310.00	26901.01
310.07	26835.27
310.13	26781.11
310.20	26715.32
310.26	26653.97
310.33	26591.16
310.39	26539.97
310.46	26474.07
310.52	26411.39
310.59	26349.79
310.65	26296.23
310.72	26224.65
310.78	26159.32
310.85	26095.74
310.91	26036.01
310.97	25974.97
311.04	25921.81
311.10	25867.19
311.17	25805.77
311.23	25745.29
311.30	25682.97
311.36	25625.50
311.43	25573.62
311.49	25521.36
311.56	25464.83
311.62	25412.40
311.69	25356.98
311.75	25306.45
311.81	25246.13
311.88	25179.44
311.94	25112.40
312.01	25059.61
312.07	24995.46
312.14	24950.89
312.20	24909.20
312.27	24869.29
312.33	24805.92
312.40	24738.83
312.46	24664.91
312.52	24600.12
312.59	24531.44
312.65	24466.74
312.72	24405.24
312.78	24348.25
312.85	24286.12
312.91	24219.38
312.98	24162.32
313.04	24116.56
313.10	24070.42
313.17	24017.63
313.23	23971.24
313.30	23917.23
313.36	23850.79
313.43	23781.09
313.49	23728.31
313.56	23667.56
313.62	23609.54
313.68	23549.82
313.75	23503.45
313.81	23445.49
313.88	23389.01
313.94	23340.07
314.01	23293.26
314.07	23241.77
314.13	23189.78
314.20	23141.58
314.26	23084.85
314.33	23035.61
314.39	22979.39
314.46	22914.28
314.52	22861.88
314.58	22806.69
314.65	22753.27
314.71	22694.18
314.78	22646.01
314.84	22591.23
314.91	22538.36
314.97	22481.78
315.03	22431.01
315.10	22379.24
315.16	22316.94
315.23	22262.11
315.29	22213.14
315.36	22161.90
315.42	22113.61
315.48	22071.50
315.55	22027.38
315.61	21968.73
315.68	21917.97
315.74	21859.76
315.81	21797.98
315.87	21731.61
315.93	21689.85
316.00	21654.21
316.06	21618.87
316.13	21596.91
316.19	21550.91
316.25	21457.55
316.32	21321.80
316.38	21149.86
316.45	20930.50
316.51	20705.84
316.58	20474.02
316.64	20235.90
316.70	20006.63
316.77	19766.83
316.83	19518.35
316.90	19268.12
316.96	19020.58
317.02	18770.12
317.09	18528.60
317.15	18291.15
317.22	18047.28
317.28	17803.72
317.34	17556.88
317.41	17312.85
317.47	17068.06
317.54	16826.62
317.60	16579.16
317.66	16332.87
317.73	16083.17
317.79	15835.93
317.86	15593.07
317.92	15350.37
317.98	15104.00
318.05	14856.15
318.11	14607.95
318.18	14364.09
318.24	14114.22
318.30	13862.51
318.37	13610.27
318.43	13348.55
318.50	13079.38
318.56	12810.32
318.62	12548.12
318.69	12280.77
318.75	12018.30
318.82	11750.81
318.88	11487.74
318.94	11212.97
319.01	10942.07
319.07	10673.58
319.13	10398.27
319.20	10119.26
319.26	9837.19
319.33	9554.66
319.39	9257.68
319.45	8981.68
319.52	8699.86
319.58	8419.85
319.65	8134.64
319.71	7855.40
319.77	7568.16
319.84	7290.65
319.90	7018.63
319.96	6748.49
320.03	6484.12
320.09	6222.89
320.16	5958.04
320.22	5703.76
320.28	5456.75
320.35	5213.69
320.41	4979.12
320.47	4754.87
320.54	4532.06
320.60	4321.87
320.67	4121.69
320.73	3923.70
320.79	3734.05
320.86	3554.57
320.92	3378.97
320.98	3213.30
321.05	3056.72
321.11	2904.60
321.18	2762.16
321.24	2631.99
321.30	2501.85
321.37	2381.97
321.43	2279.12
321.49	2177.99
321.56	2079.44
321.62	1994.02
321.68	1907.13
321.75	1823.84
321.81	1747.55
321.88	1674.85
321.94	1609.09
322.00	1549.69
322.07	1484.87
322.13	1425.53
322.19	1367.24
322.26	1306.15
322.32	1251.55
322.38	1204.21
322.45	1161.34
322.51	1116.38
322.58	1078.93
322.64	1032.63
322.70	991.15
322.77	942.53
322.83	906.66
322.89	861.02
322.96	821.28
323.02	780.90
323.08	742.93
323.15	701.20
323.21	665.24
323.27	631.46
323.34	597.34
323.40	564.72
323.46	531.54
323.53	493.87
323.59	414.67
323.65	310.30
323.72	193.30
323.78	83.32
323.85	-16.14
323.91	-66.77
323.97	-85.99
324.04	-86.60
