180.21	3429.19
180.28	-126.33
180.36	633.49
180.44	-44.96
180.51	-10.53
180.59	17.03
180.66	48.95
180.74	50.53
180.81	52.66
180.89	56.79
180.97	59.57
181.04	59.96
181.12	61.36
181.19	65.32
181.27	69.05
181.34	88.81
181.42	97.25
181.50	105.13
181.57	115.43
181.65	120.27
181.72	114.82
181.80	111.57
181.87	116.53
181.95	125.32
182.03	134.86
182.10	150.30
182.18	167.57
182.25	191.57
182.33	212.10
182.40	239.46
182.48	255.70
182.55	287.31
182.63	307.64
182.71	326.79
182.78	343.93
182.86	352.92
182.93	336.87
183.01	318.72
183.08	295.76
183.16	282.89
183.23	279.33
183.31	305.81
183.39	339.35
183.46	390.88
183.54	435.74
183.61	493.59
183.69	550.80
183.76	616.77
183.84	673.96
183.91	735.33
183.99	796.83
184.06	844.69
184.14	899.85
184.22	937.84
184.29	943.00
184.37	938.68
184.44	908.22
184.52	814.35
184.59	712.54
184.67	641.00
184.74	576.86
184.82	564.17
184.89	616.98
184.97	714.10
185.04	817.85
185.12	926.52
185.20	1030.01
185.27	1137.85
185.35	1228.44
185.42	1298.14
185.50	1375.55
185.57	1431.32
185.65	1486.03
185.72	1557.25
185.80	1634.71
185.87	1701.46
185.95	1789.10
186.02	1845.01
186.10	1846.95
186.17	1804.67
186.25	1671.71
186.33	1471.95
186.40	1302.91
186.48	1202.47
186.55	1183.91
186.63	1267.65
186.70	1439.23
186.78	1603.55
186.85	1749.08
186.93	1870.04
187.00	2003.85
187.08	2112.87
187.15	2244.85
187.23	2379.52
187.30	2500.59
187.38	2621.86
187.45	2757.25
187.53	2854.23
187.60	2942.90
187.68	3062.77
187.75	3140.29
187.83	3179.73
187.90	3216.88
187.98	3209.18
188.05	3086.12
188.13	2852.85
188.21	2592.02
188.28	2371.21
188.36	2207.26
188.43	2175.44
188.51	2311.24
188.58	2525.39
188.66	2719.14
188.73	2917.53
188.81	3101.94
188.88	3265.58
188.96	3400.43
189.03	3545.96
189.11	3687.21
189.18	3796.96
189.26	3900.52
189.33	4019.75
189.41	4115.42
189.48	4202.09
189.56	4307.84
189.63	4388.78
189.71	4444.64
189.78	4500.72
189.86	4520.27
189.93	4487.39
190.01	4411.18
190.08	4247.23
190.16	3965.62
190.23	3665.47
190.31	3456.72
190.38	3339.50
190.46	3355.52
190.53	3519.51
190.61	3760.97
190.68	3967.82
190.76	4167.01
190.83	4334.00
190.91	4498.97
190.98	4635.18
191.06	4781.38
191.13	4908.86
191.21	5023.17
191.28	5129.96
191.35	5236.57
191.43	5313.40
191.50	5383.26
191.58	5461.36
191.65	5506.52
191.73	5538.15
191.80	5566.24
191.88	5569.90
191.95	5560.36
192.03	5557.17
192.10	5539.96
192.18	5501.17
192.25	5413.88
192.33	5243.63
192.40	5050.89
192.48	4899.89
192.55	4815.81
192.63	4826.51
192.70	4961.11
192.78	5148.82
192.85	5339.54
192.93	5510.00
193.00	5650.06
193.08	5779.77
193.15	5887.35
193.22	5975.47
193.30	6042.17
193.37	6108.31
193.45	6147.14
193.52	6193.83
193.60	6241.30
193.67	6289.62
193.75	6334.71
193.82	6380.49
193.90	6414.62
193.97	6454.93
194.05	6499.13
194.12	6538.18
194.20	6590.12
194.27	6640.54
194.34	6664.99
194.42	6675.51
194.49	6682.32
194.57	6652.77
194.64	6577.23
194.72	6488.12
194.79	6403.19
194.87	6326.92
194.94	6284.45
195.02	6300.19
195.09	6356.62
195.17	6439.52
195.24	6547.32
195.31	6658.63
195.39	6773.94
195.46	6877.77
195.54	6972.92
195.61	7043.14
195.69	7097.77
195.76	7137.31
195.84	7178.56
195.91	7194.48
195.99	7205.76
196.06	7218.70
196.13	7230.19
196.21	7223.36
196.28	7214.39
196.36	7195.30
196.43	7159.77
196.51	7117.97
196.58	7093.71
196.66	7096.05
196.73	7128.87
196.80	7188.74
196.88	7262.32
196.95	7344.30
197.03	7413.80
197.10	7453.98
197.18	7480.78
197.25	7499.92
197.33	7518.24
197.40	7544.02
197.47	7563.30
197.55	7594.85
197.62	7621.91
197.70	7635.00
197.77	7633.98
197.85	7640.02
197.92	7614.02
197.99	7566.48
198.07	7505.50
198.14	7450.70
198.22	7434.92
198.29	7466.01
198.37	7550.19
198.44	7669.18
198.51	7790.52
198.59	7888.47
198.66	7971.77
198.74	8031.00
198.81	8077.04
198.89	8112.83
198.96	8146.10
199.03	8163.97
199.11	8182.19
199.18	8185.28
199.26	8188.75
199.33	8185.47
199.41	8170.74
199.48	8115.00
199.55	8044.17
199.63	7963.63
199.70	7906.52
199.78	7884.44
199.85	7937.60
199.93	8039.55
200.00	8179.04
200.07	8307.56
200.15	8429.90
200.22	8519.49
200.30	8585.53
200.37	8643.08
200.44	8693.58
200.52	8735.97
200.59	8776.98
200.67	8801.36
200.74	8802.69
200.81	8791.77
200.89	8772.69
200.96	8760.59
201.04	8737.45
201.11	8701.52
201.19	8659.04
201.26	8628.86
201.33	8602.47
201.41	8625.67
201.48	8701.04
201.56	8815.14
201.63	8946.57
201.70	9069.39
201.78	9176.37
201.85	9266.10
201.93	9334.75
202.00	9382.76
202.07	9430.72
202.15	9468.88
202.22	9491.64
202.30	9517.25
202.37	9535.61
202.44	9546.74
202.52	9553.06
202.59	9561.07
202.67	9557.44
202.74	9561.15
202.81	9554.95
202.89	9539.50
202.96	9543.80
203.04	9588.91
203.11	9651.36
203.18	9753.92
203.26	9885.49
203.33	10001.26
203.41	10090.27
203.48	10168.53
203.55	10218.24
203.63	10268.26
203.70	10322.83
203.77	10374.09
203.85	10418.33
203.92	10462.13
204.00	10510.34
204.07	10553.66
204.14	10597.43
204.22	10634.55
204.29	10675.16
204.37	10685.68
204.44	10699.37
204.51	10719.23
204.59	10741.76
204.66	10770.23
204.73	10835.35
204.81	10913.20
204.88	11005.50
204.96	11112.74
205.03	11215.19
205.10	11294.45
205.18	11371.25
205.25	11435.93
205.32	11495.12
205.40	11557.26
205.47	11627.90
205.55	11689.97
205.62	11754.60
205.69	11819.10
205.77	11875.53
205.84	11928.50
205.91	11987.66
205.99	12041.62
206.06	12083.00
206.14	12133.42
206.21	12189.49
206.28	12233.44
206.36	12282.18
206.43	12343.14
206.50	12419.11
206.58	12499.83
206.65	12591.90
206.72	12688.66
206.80	12787.64
206.87	12877.98
206.95	12970.81
207.02	13069.73
207.09	13161.82
207.17	13257.87
207.24	13350.72
207.31	13435.03
207.39	13505.68
207.46	13576.47
207.53	13635.79
207.61	13706.98
207.68	13772.34
207.75	13851.59
207.83	13933.99
207.90	14017.07
207.98	14080.96
208.05	14157.55
208.12	14230.75
208.20	14307.75
208.27	14399.64
208.34	14499.93
208.42	14591.17
208.49	14683.38
208.56	14769.71
208.64	14862.12
208.71	14955.75
208.78	15047.02
208.86	15151.98
208.93	15259.26
209.00	15358.11
209.08	15451.21
209.15	15556.68
209.22	15653.97
209.30	15752.30
209.37	15849.37
209.44	15959.63
209.52	16063.47
209.59	16154.38
209.67	16254.27
209.74	16348.73
209.81	16448.79
209.89	16547.98
209.96	16648.59
210.03	16745.87
210.11	16848.11
210.18	16940.99
210.25	17046.31
210.33	17161.96
210.40	17270.60
210.47	17384.26
210.55	17503.91
210.62	17613.31
210.69	17714.43
210.77	17823.40
210.84	17927.53
210.91	18043.44
210.99	18154.79
211.06	18278.73
211.13	18407.01
211.21	18535.35
211.28	18638.62
211.35	18755.12
211.42	18866.68
211.50	18973.03
211.57	19085.19
211.64	19203.53
211.72	19314.71
211.79	19430.50
211.86	19551.70
211.94	19678.18
212.01	19800.81
212.08	19925.80
212.16	20045.27
212.23	20170.14
212.30	20286.53
212.38	20411.06
212.45	20543.89
212.52	20673.72
212.60	20798.63
212.67	20925.99
212.74	21055.42
212.82	21174.75
212.89	21297.34
212.96	21417.46
213.03	21550.42
213.11	21687.60
213.18	21829.70
213.25	21979.31
213.33	22126.35
213.40	22259.52
213.47	22387.89
213.55	22505.15
213.62	22616.81
213.69	22731.51
213.77	22857.06
213.84	22980.97
213.91	23122.42
213.98	23261.41
214.06	23405.80
214.13	23546.89
214.20	23698.12
214.28	23852.97
214.35	24004.09
214.42	24146.17
214.50	24295.02
214.57	24423.42
214.64	24546.25
214.72	24670.97
214.79	24796.41
214.86	24913.45
214.93	25045.22
215.01	25186.97
215.08	25316.11
215.15	25454.04
215.23	25581.19
215.30	25715.54
215.37	25835.62
215.44	25995.11
215.52	26154.42
215.59	26321.81
215.66	26479.26
215.74	26638.56
215.81	26776.14
215.88	26913.24
215.95	27044.79
216.03	27175.47
216.10	27315.29
216.17	27463.42
216.25	27605.57
216.32	27757.05
216.39	27918.39
216.46	28063.16
216.54	28193.81
216.61	28325.05
216.68	28449.56
216.76	28579.78
216.83	28729.20
216.90	28888.24
216.97	29056.96
217.05	29228.07
217.12	29379.18
217.19	29492.55
217.27	29585.22
217.34	29672.66
217.41	29770.52
217.48	29878.57
217.56	30012.84
217.63	30170.65
217.70	30337.26
217.78	30494.58
217.85	30653.49
217.92	30820.09
217.99	30988.06
218.07	31130.03
218.14	31271.81
218.21	31423.67
218.28	31571.47
218.36	31714.20
218.43	31865.76
218.50	32014.82
218.57	32147.20
218.65	32263.73
218.72	32383.98
218.79	32514.04
218.87	32645.68
218.94	32781.63
219.01	32927.52
219.08	33061.56
219.16	33184.39
219.23	33303.74
219.30	33410.72
219.37	33528.70
219.45	33655.85
219.52	33793.25
219.59	33923.86
219.66	34062.69
219.74	34201.84
219.81	34356.92
219.88	34502.28
219.95	34649.22
220.03	34801.17
220.10	34939.74
220.17	35058.19
220.24	35180.08
220.32	35306.20
220.39	35425.06
220.46	35544.34
220.53	35668.01
220.61	35791.17
220.68	35919.74
220.75	36056.02
220.82	36191.02
220.90	36309.28
220.97	36404.70
221.04	36498.81
221.11	36581.74
221.19	36675.99
221.26	36784.25
221.33	36913.97
221.40	37044.59
221.48	37186.05
221.55	37312.07
221.62	37435.53
221.69	37568.99
221.77	37693.64
221.84	37813.29
221.91	37935.21
221.98	38061.87
222.06	38180.61
222.13	38306.44
222.20	38420.82
222.27	38534.94
222.35	38639.91
222.42	38740.49
222.49	38825.53
222.56	38910.11
222.63	38993.36
222.71	39087.14
222.78	39203.04
222.85	39323.32
222.92	39449.00
223.00	39554.90
223.07	39649.48
223.14	39713.55
223.21	39795.07
223.29	39890.37
223.36	40019.28
223.43	40153.78
223.50	40299.89
223.57	40428.53
223.65	40556.74
223.72	40668.03
223.79	40772.80
223.86	40873.97
223.94	40977.41
224.01	41058.07
224.08	41130.27
224.15	41195.59
224.22	41257.51
224.30	41311.19
224.37	41384.33
224.44	41466.17
224.51	41561.64
224.59	41661.53
224.66	41776.38
224.73	41877.64
224.80	41983.13
224.87	42088.94
224.95	42187.45
225.02	42288.59
225.09	42382.53
225.16	42473.98
225.23	42561.96
225.31	42655.50
225.38	42738.81
225.45	42824.97
225.52	42909.29
225.60	42983.42
225.67	43027.91
225.74	43067.27
225.81	43115.41
225.88	43175.74
225.96	43264.75
226.03	43394.61
226.10	43528.24
226.17	43656.13
226.24	43773.78
226.32	43859.77
226.39	43929.14
226.46	43985.93
226.53	44046.26
226.60	44103.81
226.68	44165.87
226.75	44224.63
226.82	44302.02
226.89	44375.88
226.96	44437.82
227.04	44488.85
227.11	44535.84
227.18	44578.01
227.25	44605.81
227.32	44652.70
227.40	44719.48
227.47	44793.62
227.54	44861.12
227.61	44942.74
227.68	45022.31
227.76	45101.74
227.83	45173.81
227.90	45244.00
227.97	45304.82
228.04	45361.01
228.11	45396.32
228.19	45441.61
228.26	45501.90
228.33	45575.58
228.40	45648.34
228.47	45729.84
228.55	45800.13
228.62	45862.82
228.69	45917.89
228.76	45975.31
228.83	46026.07
228.90	46078.92
228.98	46140.80
229.05	46205.66
229.12	46273.45
229.19	46343.41
229.26	46414.55
229.34	46464.07
229.41	46511.86
229.48	46561.14
229.55	46607.01
229.62	46665.99
229.69	46724.85
229.77	46768.68
229.84	46797.25
229.91	46826.95
229.98	46842.87
230.05	46866.69
230.12	46907.69
230.20	46970.28
230.27	47049.81
230.34	47129.61
230.41	47209.22
230.48	47274.09
230.55	47329.20
230.63	47366.28
230.70	47405.10
230.77	47427.48
230.84	47455.77
230.91	47477.41
230.98	47514.64
231.06	47549.28
231.13	47613.51
231.20	47687.82
231.27	47757.78
231.34	47806.17
231.41	47867.02
231.49	47911.44
231.56	47962.70
231.63	48017.15
231.70	48081.83
231.77	48113.14
231.84	48135.95
231.92	48141.66
231.99	48145.97
232.06	48162.78
232.13	48206.30
232.20	48265.09
232.27	48316.84
232.34	48365.06
232.42	48388.71
232.49	48413.57
232.56	48441.38
232.63	48500.10
232.70	48557.68
232.77	48624.85
232.85	48679.63
232.92	48725.16
232.99	48746.23
233.06	48773.76
233.13	48794.27
233.20	48810.98
233.27	48823.63
233.35	48826.35
233.42	48823.77
233.49	48830.76
233.56	48855.60
233.63	48877.12
233.70	48900.57
233.77	48930.35
233.85	48964.91
233.92	48996.64
233.99	49028.85
234.06	49072.67
234.13	49115.60
234.20	49164.87
234.27	49192.99
234.35	49217.27
234.42	49229.52
234.49	49239.41
234.56	49237.12
234.63	49230.19
234.70	49226.77
234.77	49223.92
234.84	49205.23
234.92	49182.38
234.99	49181.81
235.06	49200.20
235.13	49222.90
235.20	49257.46
235.27	49297.54
235.34	49329.93
235.41	49361.86
235.49	49387.53
235.56	49413.02
235.63	49422.62
235.70	49426.29
235.77	49409.42
235.84	49399.48
235.91	49384.73
235.98	49378.19
236.06	49376.90
236.13	49387.81
236.20	49392.10
236.27	49386.34
236.34	49392.03
236.41	49401.04
236.48	49397.76
236.55	49400.27
236.63	49405.87
236.70	49401.43
236.77	49393.83
236.84	49397.39
236.91	49390.82
236.98	49380.51
237.05	49379.92
237.12	49370.03
237.19	49346.98
237.27	49341.87
237.34	49345.93
237.41	49342.93
237.48	49329.73
237.55	49322.28
237.62	49307.99
237.69	49314.03
237.76	49316.78
237.83	49335.15
237.91	49352.72
237.98	49366.69
238.05	49361.45
238.12	49353.54
238.19	49343.92
238.26	49343.93
238.33	49335.62
238.40	49318.86
238.47	49303.54
238.54	49289.33
238.62	49259.12
238.69	49229.87
238.76	49209.87
238.83	49195.55
238.90	49201.25
238.97	49219.32
239.04	49247.46
239.11	49262.22
239.18	49281.34
239.25	49274.89
239.33	49253.61
239.40	49224.18
239.47	49194.31
239.54	49148.43
239.61	49098.01
239.68	49053.62
239.75	49022.57
239.82	48997.05
239.89	48980.23
239.96	48985.49
240.03	48990.88
240.11	48997.95
240.18	49021.86
240.25	49035.51
240.32	49042.87
240.39	49053.13
240.46	49059.69
240.53	49069.03
240.60	49091.91
240.67	49109.04
240.74	49121.55
240.81	49135.92
240.88	49128.45
240.96	49113.50
241.03	49096.50
241.10	49078.33
241.17	49052.11
241.24	49031.83
241.31	49015.47
241.38	48998.92
241.45	48995.91
241.52	48993.54
241.59	48997.76
241.66	49008.33
241.73	49029.24
241.80	49038.30
241.88	49032.50
241.95	49009.81
242.02	48969.93
242.09	48909.67
242.16	48845.50
242.23	48821.97
242.30	48816.58
242.37	48816.62
242.44	48834.56
242.51	48843.83
242.58	48829.16
242.65	48817.11
242.72	48816.65
242.79	48813.89
242.87	48823.81
242.94	48830.14
243.01	48823.47
243.08	48810.83
243.15	48798.32
243.22	48795.29
243.29	48805.76
243.36	48821.00
243.43	48841.26
243.50	48869.15
243.57	48886.03
243.64	48890.66
243.71	48902.44
243.78	48913.39
243.85	48897.30
243.92	48880.15
243.99	48866.92
244.07	48849.31
244.14	48818.69
244.21	48814.33
244.28	48829.33
244.35	48852.19
244.42	48880.37
244.49	48909.51
244.56	48933.74
244.63	48938.67
244.70	48935.82
244.77	48933.64
244.84	48933.68
244.91	48926.42
244.98	48926.17
245.05	48936.48
245.12	48960.83
245.19	48982.62
245.26	49013.82
245.33	49050.21
245.40	49075.30
245.47	49083.44
245.55	49100.86
245.62	49111.37
245.69	49116.04
245.76	49136.27
245.83	49154.36
245.90	49168.21
245.97	49170.57
246.04	49185.99
246.11	49184.50
246.18	49172.67
246.25	49162.13
246.32	49163.02
246.39	49157.11
246.46	49165.28
246.53	49184.94
246.60	49205.82
246.67	49232.83
246.74	49259.98
246.81	49282.90
246.88	49306.63
246.95	49330.58
247.02	49344.63
247.09	49354.23
247.16	49351.28
247.23	49341.70
247.30	49314.46
247.37	49289.41
247.44	49274.43
247.51	49266.88
247.58	49271.20
247.66	49311.25
247.73	49367.68
247.80	49409.80
247.87	49460.77
247.94	49519.89
248.01	49570.36
248.08	49610.86
248.15	49652.96
248.22	49679.22
248.29	49702.66
248.36	49716.42
248.43	49736.69
248.50	49756.12
248.57	49780.53
248.64	49800.66
248.71	49830.51
248.78	49857.79
248.85	49878.89
248.92	49905.66
248.99	49917.11
249.06	49909.26
249.13	49890.12
249.20	49875.13
249.27	49854.44
249.34	49848.52
249.41	49863.81
249.48	49883.28
249.55	49900.97
249.62	49922.43
249.69	49938.19
249.76	49963.72
249.83	49994.17
249.90	50029.06
249.97	50063.66
250.04	50117.20
250.11	50165.88
250.18	50206.67
250.25	50241.41
250.32	50272.70
250.39	50294.73
250.46	50300.31
250.53	50315.31
250.60	50334.47
250.67	50363.55
250.74	50386.47
250.81	50388.47
250.88	50383.41
250.95	50385.82
251.02	50373.49
251.09	50356.53
251.16	50382.03
251.23	50410.19
251.30	50449.01
251.37	50482.45
251.44	50522.02
251.51	50550.49
251.58	50579.44
251.65	50597.69
251.72	50623.57
251.79	50640.12
251.86	50629.97
251.93	50604.78
252.00	50562.06
252.07	50514.74
252.14	50485.86
252.21	50490.52
252.28	50514.25
252.35	50555.65
252.42	50619.71
252.49	50671.29
252.56	50705.20
252.63	50742.27
252.70	50764.00
252.77	50769.80
252.84	50775.43
252.91	50772.29
252.98	50748.07
253.05	50734.74
253.12	50731.26
253.19	50744.07
253.25	50773.94
253.32	50811.79
253.39	50855.46
253.46	50882.22
253.53	50896.79
253.60	50885.42
253.67	50878.73
253.74	50888.43
253.81	50914.17
253.88	50926.86
253.95	50957.65
254.02	50988.22
254.09	50992.38
254.16	50990.22
254.23	50979.38
254.30	50966.52
254.37	50961.31
254.44	50975.60
254.51	50994.38
254.58	51015.46
254.65	51034.45
254.72	51036.94
254.79	51002.59
254.86	50970.32
254.93	50944.92
255.00	50942.03
255.07	50944.97
255.14	50972.67
255.21	50975.59
255.28	50970.97
255.34	50943.87
255.41	50937.78
255.48	50935.71
255.55	50955.95
255.62	50989.35
255.69	51029.74
255.76	51056.63
255.83	51080.29
255.90	51100.97
255.97	51120.57
256.04	51119.84
256.11	51124.28
256.18	51121.88
256.25	51107.39
256.32	51082.36
256.39	51061.82
256.46	51027.21
256.53	50992.47
256.60	50963.12
256.67	50943.94
256.74	50938.09
256.80	50934.82
256.87	50927.54
256.94	50924.55
257.01	50919.10
257.08	50911.72
257.15	50905.86
257.22	50902.98
257.29	50888.62
257.36	50876.93
257.43	50872.70
257.50	50869.08
257.57	50857.77
257.64	50854.22
257.71	50836.33
257.78	50817.99
257.85	50795.14
257.92	50787.90
257.98	50791.82
258.05	50805.07
258.12	50801.88
258.19	50783.15
258.26	50750.23
258.33	50689.96
258.40	50641.53
258.47	50606.24
258.54	50600.17
258.61	50614.58
258.68	50640.80
258.75	50669.91
258.82	50692.22
258.89	50679.70
258.95	50645.85
259.02	50615.66
259.09	50557.14
259.16	50494.93
259.23	50443.50
259.30	50406.84
259.37	50379.16
259.44	50375.96
259.51	50372.07
259.58	50382.30
259.65	50374.97
259.72	50357.92
259.79	50316.62
259.85	50282.99
259.92	50246.85
259.99	50237.78
260.06	50233.25
260.13	50228.01
260.20	50209.42
260.27	50179.05
260.34	50122.07
260.41	50063.82
260.48	50019.94
260.55	49995.10
260.62	49966.32
260.68	49935.15
260.75	49907.32
260.82	49895.60
260.89	49872.77
260.96	49854.82
261.03	49859.73
261.10	49853.11
261.17	49829.95
261.24	49801.34
261.31	49778.10
261.38	49737.62
261.44	49685.90
261.51	49639.12
261.58	49605.18
261.65	49563.90
261.72	49513.45
261.79	49470.56
261.86	49421.35
261.93	49375.58
262.00	49348.01
262.07	49319.69
262.13	49298.14
262.20	49274.73
262.27	49244.36
262.34	49209.44
262.41	49178.62
262.48	49142.31
262.55	49108.84
262.62	49057.38
262.69	48994.84
262.76	48944.27
262.82	48894.49
262.89	48841.75
262.96	48805.87
263.03	48777.71
263.10	48739.58
263.17	48690.39
263.24	48639.19
263.31	48604.97
263.38	48562.40
263.44	48532.57
263.51	48508.12
263.58	48486.48
263.65	48444.23
263.72	48398.08
263.79	48336.48
263.86	48281.49
263.93	48229.57
264.00	48182.81
264.06	48154.75
264.13	48134.12
264.20	48115.72
264.27	48083.68
264.34	48050.52
264.41	48005.73
264.48	47968.24
264.55	47930.61
264.61	47904.01
264.68	47874.09
264.75	47839.90
264.82	47771.18
264.89	47692.12
264.96	47620.43
265.03	47543.17
265.10	47485.85
265.16	47457.80
265.23	47443.34
265.30	47434.97
265.37	47419.02
265.44	47382.61
265.51	47358.62
265.58	47326.19
265.65	47274.54
265.71	47226.66
265.78	47190.87
265.85	47128.09
265.92	47069.59
265.99	47014.66
266.06	46971.62
266.13	46914.56
266.20	46876.01
266.26	46847.72
266.33	46806.21
266.40	46754.80
266.47	46696.59
266.54	46616.66
266.61	46537.46
266.68	46469.91
266.74	46409.02
266.81	46367.67
266.88	46333.95
266.95	46281.17
267.02	46248.31
267.09	46205.06
267.16	46158.91
267.22	46123.02
267.29	46100.30
267.36	46067.33
267.43	46048.41
267.50	46006.53
267.57	45962.35
267.64	45910.48
267.70	45862.45
267.77	45802.48
267.84	45763.02
267.91	45716.35
267.98	45663.25
268.05	45599.45
268.11	45537.99
268.18	45474.23
268.25	45415.94
268.32	45368.92
268.39	45324.60
268.46	45293.97
268.53	45276.82
268.59	45258.36
268.66	45241.32
268.73	45221.94
268.80	45189.10
268.87	45133.78
268.94	45092.50
269.00	45056.16
269.07	45011.31
269.14	44970.99
269.21	44936.37
269.28	44893.45
269.35	44843.10
269.41	44801.79
269.48	44750.05
269.55	44690.27
269.62	44621.66
269.69	44561.99
269.76	44492.86
269.82	44431.47
269.89	44397.54
269.96	44380.60
270.03	44359.45
270.10	44345.16
270.17	44321.46
270.23	44292.66
270.30	44255.21
270.37	44217.17
270.44	44186.48
270.51	44159.53
270.58	44125.57
270.64	44094.71
270.71	44049.32
270.78	44010.55
270.85	43962.97
270.92	43913.08
270.99	43859.15
271.05	43820.49
271.12	43767.62
271.19	43731.06
271.26	43686.23
271.33	43644.23
271.39	43599.65
271.46	43544.04
271.53	43495.50
271.60	43469.89
271.67	43446.17
271.74	43418.37
271.80	43407.79
271.87	43403.60
271.94	43373.99
272.01	43330.20
272.08	43293.67
272.14	43244.44
272.21	43204.39
272.28	43185.13
272.35	43169.19
272.42	43143.64
272.48	43138.27
272.55	43111.25
272.62	43086.37
272.69	43076.43
272.76	43076.37
272.83	43054.15
272.89	43029.99
272.96	42997.09
273.03	42948.02
273.10	42896.44
273.17	42851.17
273.23	42809.05
273.30	42765.10
273.37	42732.75
273.44	42706.87
273.51	42685.65
273.57	42675.77
273.64	42666.31
273.71	42660.49
273.78	42643.93
273.85	42630.04
273.91	42598.70
273.98	42577.24
274.05	42551.43
274.12	42527.97
274.19	42503.01
274.25	42478.79
274.32	42443.60
274.39	42401.81
274.46	42350.46
274.53	42294.86
274.59	42230.86
274.66	42178.93
274.73	42138.34
274.80	42104.25
274.86	42072.39
274.93	42065.00
275.00	42044.11
275.07	42019.30
275.14	41985.86
275.20	41942.80
275.27	41894.66
275.34	41851.22
275.41	41809.95
275.48	41795.92
275.54	41793.54
275.61	41779.48
275.68	41763.87
275.75	41737.04
275.81	41692.29
275.88	41653.24
275.95	41622.92
276.02	41582.71
276.09	41548.94
276.15	41516.09
276.22	41488.39
276.29	41471.49
276.36	41448.73
276.42	41426.21
276.49	41396.14
276.56	41341.38
276.63	41268.15
276.70	41214.26
276.76	41177.15
276.83	41159.02
276.90	41157.57
276.97	41162.75
277.03	41170.76
277.10	41166.26
277.17	41152.52
277.24	41148.09
277.30	41134.75
277.37	41112.12
277.44	41082.03
277.51	41053.44
277.58	41009.40
277.64	40973.10
277.71	40938.65
277.78	40900.79
277.85	40850.91
277.91	40806.09
277.98	40761.98
278.05	40711.89
278.12	40674.16
278.18	40643.16
278.25	40619.55
278.32	40601.60
278.39	40596.49
278.45	40600.60
278.52	40600.68
278.59	40584.33
278.66	40553.43
278.72	40525.78
278.79	40483.51
278.86	40454.35
278.93	40440.76
278.99	40432.06
279.06	40406.89
279.13	40382.83
279.20	40367.67
279.26	40343.65
279.33	40327.35
279.40	40310.86
279.47	40285.18
279.53	40245.94
279.60	40209.89
279.67	40168.25
279.74	40129.31
279.80	40104.52
279.87	40079.27
279.94	40053.68
280.01	40028.30
280.07	39998.33
280.14	39962.19
280.21	39921.66
280.28	39877.27
280.34	39834.64
280.41	39798.28
280.48	39750.66
280.55	39714.72
280.61	39692.07
280.68	39672.61
280.75	39651.57
280.82	39628.05
280.88	39591.45
280.95	39537.36
281.02	39477.07
281.08	39410.99
281.15	39358.79
281.22	39302.43
281.29	39244.23
281.35	39169.98
281.42	39111.96
281.49	39044.39
281.56	38982.28
281.62	38938.73
281.69	38912.02
281.76	38886.34
281.82	38868.28
281.89	38853.95
281.96	38829.61
282.03	38802.52
282.09	38765.44
282.16	38729.82
282.23	38691.78
282.30	38646.31
282.36	38612.34
282.43	38581.92
282.50	38565.66
282.56	38531.11
282.63	38514.07
282.70	38493.30
282.77	38468.90
282.83	38437.16
282.90	38425.92
282.97	38410.62
283.03	38392.64
283.10	38387.54
283.17	38378.06
283.24	38361.19
283.30	38329.46
283.37	38296.57
283.44	38251.03
283.50	38193.14
283.57	38144.90
283.64	38093.68
283.71	38038.82
283.77	37994.35
283.84	37966.60
283.91	37934.03
283.97	37918.91
284.04	37918.51
284.11	37905.26
284.18	37889.57
284.24	37880.07
284.31	37873.92
284.38	37865.14
284.44	37862.73
284.51	37858.83
284.58	37859.90
284.64	37843.88
284.71	37823.31
284.78	37793.05
284.85	37774.39
284.91	37742.59
284.98	37724.66
285.05	37687.72
285.11	37663.14
285.18	37625.36
285.25	37598.57
285.31	37574.00
285.38	37570.92
285.45	37567.78
285.52	37560.52
285.58	37540.23
285.65	37517.34
285.72	37483.73
285.78	37453.45
285.85	37435.18
285.92	37427.33
285.98	37412.25
286.05	37399.56
286.12	37389.89
286.18	37371.38
286.25	37347.87
286.32	37320.47
286.39	37297.40
286.45	37266.87
286.52	37235.99
286.59	37202.92
286.65	37186.67
286.72	37181.36
286.79	37182.57
286.85	37188.39
286.92	37198.17
286.99	37191.63
287.05	37167.30
287.12	37146.46
287.19	37132.87
287.25	37117.15
287.32	37111.08
287.39	37113.64
287.45	37108.71
287.52	37088.54
287.59	37080.63
287.65	37069.66
287.72	37051.46
287.79	37016.51
287.86	36984.50
287.92	36945.14
287.99	36913.44
288.06	36897.45
288.12	36882.42
288.19	36874.20
288.26	36854.78
288.32	36837.69
288.39	36812.46
288.46	36808.87
288.52	36800.69
288.59	36807.08
288.66	36810.30
288.72	36809.26
288.79	36800.42
288.86	36787.11
288.92	36763.77
288.99	36734.04
289.06	36711.20
289.12	36689.82
289.19	36675.60
289.26	36666.92
289.32	36661.69
289.39	36649.42
289.45	36642.23
289.52	36628.60
289.59	36623.35
289.65	36614.79
289.72	36601.39
289.79	36587.94
289.85	36584.20
289.92	36566.80
289.99	36556.67
290.05	36551.17
290.12	36530.62
290.19	36508.74
290.25	36488.08
290.32	36463.68
290.39	36450.41
290.45	36447.91
290.52	36443.54
290.59	36440.90
290.65	36433.16
290.72	36417.47
290.79	36402.64
290.85	36395.94
290.92	36396.33
290.98	36397.01
291.05	36397.27
291.12	36391.41
291.18	36383.76
291.25	36368.57
291.32	36353.69
291.38	36332.77
291.45	36319.14
291.52	36293.46
291.58	36273.22
291.65	36258.27
291.72	36248.71
291.78	36239.88
291.85	36223.64
291.91	36206.49
291.98	36204.43
292.05	36190.62
292.11	36180.64
292.18	36180.57
292.25	36177.03
292.31	36150.88
292.38	36147.41
292.45	36133.33
292.51	36125.22
292.58	36109.15
292.64	36101.37
292.71	36086.08
292.78	36078.73
292.84	36058.41
292.91	36044.34
292.98	36030.87
293.04	36015.35
293.11	35994.32
293.17	35982.49
293.24	35982.42
293.31	35972.22
293.37	35963.17
293.44	35954.01
293.51	35947.85
293.57	35928.91
293.64	35917.67
293.70	35907.72
293.77	35892.82
293.84	35876.67
293.90	35864.66
293.97	35856.80
294.04	35844.93
294.10	35830.42
294.17	35815.76
294.23	35812.07
294.30	35793.88
294.37	35779.45
294.43	35772.39
294.50	35760.03
294.56	35739.67
294.63	35724.17
294.70	35704.24
294.76	35690.67
294.83	35675.32
294.90	35671.99
294.96	35664.66
295.03	35662.18
295.09	35660.85
295.16	35667.13
295.23	35647.08
295.29	35639.93
295.36	35620.79
295.42	35594.67
295.49	35564.81
295.56	35561.05
295.62	35546.33
295.69	35534.43
295.75	35532.56
295.82	35528.94
295.89	35507.77
295.95	35481.44
296.02	35457.11
296.08	35422.88
296.15	35389.30
296.22	35368.31
296.28	35353.43
296.35	35348.27
296.41	35336.41
296.48	35330.95
296.55	35324.11
296.61	35316.82
296.68	35303.42
296.74	35300.94
296.81	35298.23
296.88	35280.40
296.94	35257.06
297.01	35238.50
297.07	35215.21
297.14	35191.17
297.20	35180.43
297.27	35184.77
297.34	35193.34
297.40	35198.82
297.47	35186.34
297.53	35163.78
297.60	35141.74
297.67	35108.11
297.73	35079.49
297.80	35065.82
297.86	35045.22
297.93	35017.46
298.00	35000.88
298.06	34982.93
298.13	34970.54
298.19	34964.24
298.26	34959.63
298.32	34958.52
298.39	34947.60
298.46	34926.40
298.52	34908.00
298.59	34883.77
298.65	34848.20
298.72	34823.45
298.78	34805.93
298.85	34785.18
298.92	34761.35
298.98	34743.57
299.05	34717.07
299.11	34691.85
299.18	34658.57
299.24	34630.23
299.31	34588.39
299.38	34565.88
299.44	34529.92
299.51	34520.09
299.57	34507.77
299.64	34504.64
299.70	34485.62
299.77	34472.89
299.84	34441.03
299.90	34406.49
299.97	34369.61
300.03	34341.54
300.10	34326.81
300.16	34308.43
300.23	34294.64
300.30	34282.60
300.36	34260.57
300.43	34231.72
300.49	34207.81
300.56	34185.44
300.62	34160.30
300.69	34135.53
300.75	34112.99
300.82	34084.58
300.89	34061.08
300.95	34039.60
301.02	34002.57
301.08	33960.67
301.15	33931.00
301.21	33898.08
301.28	33861.91
301.34	33843.78
301.41	33817.67
301.48	33788.35
301.54	33755.78
301.61	33731.21
301.67	33706.43
301.74	33684.71
301.80	33652.21
301.87	33614.73
301.93	33570.51
302.00	33523.90
302.06	33469.38
302.13	33419.61
302.20	33387.34
302.26	33348.71
302.33	33318.47
302.39	33289.29
302.46	33254.63
302.52	33207.54
302.59	33168.78
302.65	33119.61
302.72	33076.06
302.78	33043.52
302.85	33016.85
302.91	32976.64
302.98	32942.42
303.05	32906.56
303.11	32870.66
303.18	32821.73
303.24	32790.42
303.31	32753.35
303.37	32716.91
303.44	32680.23
303.50	32637.05
303.57	32587.30
303.63	32537.01
303.70	32489.47
303.76	32437.25
303.83	32401.38
303.89	32359.97
303.96	32315.58
304.03	32267.56
304.09	32215.32
304.16	32155.80
304.22	32097.66
304.29	32045.99
304.35	31994.43
304.42	31950.97
304.48	31902.37
304.55	31856.68
304.61	31805.75
304.68	31754.75
304.74	31697.71
304.81	31650.73
304.87	31591.78
304.94	31544.40
305.00	31497.81
305.07	31450.28
305.13	31388.61
305.20	31337.60
305.26	31281.90
305.33	31227.87
305.39	31174.99
305.46	31117.27
305.52	31066.03
305.59	31014.43
305.66	30961.23
305.72	30906.79
305.79	30859.80
305.85	30806.31
305.92	30719.14
305.98	30602.00
306.05	30461.35
306.11	30310.40
306.18	30141.23
306.24	30011.01
306.31	29944.83
306.37	29938.02
306.44	29977.66
306.50	30044.65
306.57	30100.29
306.63	30117.04
306.70	30090.36
306.76	30026.56
306.83	29962.51
306.89	29884.43
306.96	29813.46
307.02	29748.77
307.09	29703.97
307.15	29647.56
307.22	29603.55
307.28	29549.35
307.35	29493.37
307.41	29420.28
307.48	29343.67
307.54	29271.25
307.61	29207.03
307.67	29136.82
307.74	29077.03
307.80	29023.50
307.87	28969.24
307.93	28911.16
308.00	28861.33
308.06	28807.03
308.13	28743.70
308.19	28677.21
308.26	28618.82
308.32	28562.03
308.38	28503.97
308.45	28445.90
308.51	28398.07
308.58	28335.87
308.64	28268.48
308.71	28207.10
308.77	28148.40
308.84	28077.50
308.90	28019.11
308.97	27965.03
309.03	27908.85
309.10	27850.16
309.16	27784.74
309.23	27712.89
309.29	27637.57
309.36	27550.93
309.42	27466.73
309.49	27398.53
309.55	27332.08
309.62	27269.82
309.68	27227.32
309.75	27166.29
309.81	27099.30
309.88	27038.86
309.94	26976.03
310.00	26899.53
310.07	26841.17
310.13	26786.79
310.20	26720.21
310.26	26658.97
310.33	26593.26
310.39	26535.03
310.46	26473.68
310.52	26419.25
310.59	26355.93
310.65	26298.89
310.72	26238.05
310.78	26171.93
310.85	26103.50
310.91	26043.32
310.97	25984.40
311.04	25926.35
311.10	25865.18
311.17	25805.83
311.23	25743.62
311.30	25683.37
311.36	25621.15
311.43	25576.31
311.49	25515.92
311.56	25462.59
311.62	25408.62
311.69	25359.24
311.75	25304.00
311.81	25248.17
311.88	25183.82
311.94	25120.11
312.01	25063.55
312.07	24998.25
312.14	24955.88
312.20	24913.60
312.27	24868.03
312.33	24805.44
312.40	24743.49
312.46	24673.12
312.52	24606.39
312.59	24541.44
312.65	24475.26
312.72	24409.31
312.78	24347.24
312.85	24286.42
312.91	24219.14
312.98	24162.86
313.04	24117.43
313.10	24070.69
313.17	24021.64
313.23	23974.09
313.30	23923.49
313.36	23857.33
313.43	23790.72
313.49	23729.44
313.56	23672.24
313.62	23608.00
313.68	23553.83
313.75	23503.19
313.81	23453.13
313.88	23400.35
313.94	23351.32
314.01	23301.20
314.07	23245.19
314.13	23186.16
314.20	23133.59
314.26	23077.50
314.33	23023.24
314.39	22973.55
314.46	22910.76
314.52	22858.48
314.58	22806.87
314.65	22753.67
314.71	22692.84
314.78	22648.90
314.84	22588.51
314.91	22535.42
314.97	22477.88
315.03	22423.98
315.10	22369.54
315.16	22309.98
315.23	22255.92
315.29	22216.01
315.36	22166.60
315.42	22114.88
315.48	22070.15
315.55	22020.46
315.61	21957.80
315.68	21907.73
315.74	21847.26
315.81	21790.27
315.87	21730.93
315.93	21686.51
316.00	21649.98
316.06	21624.43
316.13	21600.76
316.19	21550.86
316.25	21455.23
316.32	21316.62
316.38	21142.64
316.45	20924.06
316.51	20701.34
316.58	20473.03
316.64	20240.60
316.70	20006.45
316.77	19768.25
316.83	19522.86
316.90	19272.12
316.96	19022.49
317.02	18772.68
317.09	18528.54
317.15	18285.96
317.22	18045.23
317.28	17803.55
317.34	17555.45
317.41	17312.93
317.47	17067.10
317.54	16824.21
317.60	16580.57
317.66	16335.26
317.73	16086.84
317.79	15844.31
317.86	15599.92
317.92	15355.12
317.98	15108.29
318.05	14855.37
318.11	14601.92
318.18	14354.33
318.24	14101.52
318.30	13850.38
318.37	13602.56
318.43	13344.92
318.50	13083.55
318.56	12817.99
318.62	12558.31
318.69	12292.40
318.75	12028.42
318.82	11753.70
318.88	11488.44
318.94	11212.95
319.01	10939.21
319.07	10668.50
319.13	10397.66
319.20	10119.94
319.26	9839.77
319.33	9556.96
319.39	9264.32
319.45	8986.21
319.52	8704.73
319.58	8422.84
319.65	8143.32
319.71	7863.15
319.77	7575.94
319.84	7297.65
319.90	7026.28
319.96	6750.37
320.03	6482.27
320.09	6223.77
320.16	5958.45
320.22	5701.25
320.28	5454.46
320.35	5213.16
320.41	4976.21
320.47	4751.50
320.54	4528.53
320.60	4320.33
320.67	4120.47
320.73	3922.02
320.79	3733.49
320.86	3556.30
320.92	3379.16
320.98	3214.97
321.05	3058.40
321.11	2906.18
321.18	2764.17
321.24	2632.12
321.30	2501.76
321.37	2383.67
321.43	2279.27
321.49	2175.88
321.56	2078.18
321.62	1990.08
321.68	1902.78
321.75	1819.43
321.81	1744.53
321.88	1672.34
321.94	1607.85
322.00	1549.54
322.07	1486.91
322.13	1427.34
322.19	1368.87
322.26	1307.69
322.32	1251.28
322.38	1202.23
322.45	1158.88
322.51	1113.65
322.58	1075.63
322.64	1030.37
322.70	989.92
322.77	941.79
322.83	906.90
322.89	861.40
322.96	820.97
323.02	780.11
323.08	741.58
323.15	699.57
323.21	665.00
323.27	631.01
323.34	596.93
323.40	564.27
323.46	531.13
323.53	492.81
323.59	414.24
323.65	310.59
323.72	194.14
323.78	83.97
323.85	-15.75
323.91	-66.31
323.97	-85.73
324.04	-86.42
