180.21	3429.12
180.28	-126.27
180.36	634.25
180.44	-43.56
180.51	-9.27
180.59	18.23
180.66	49.69
180.74	50.58
180.81	52.16
180.89	56.94
180.97	59.93
181.04	60.96
181.12	62.73
181.19	66.48
181.27	69.67
181.34	89.32
181.42	97.80
181.50	105.52
181.57	116.07
181.65	120.73
181.72	115.06
181.80	111.67
181.87	116.93
181.95	125.51
182.03	135.87
182.10	151.32
182.18	168.59
182.25	192.23
182.33	212.55
182.40	239.13
182.48	255.38
182.55	287.14
182.63	307.20
182.71	326.52
182.78	343.12
182.86	351.82
182.93	335.28
183.01	317.85
183.08	295.04
183.16	283.11
183.23	279.51
183.31	305.91
183.39	338.70
183.46	390.21
183.54	434.98
183.61	493.20
183.69	549.77
183.76	616.61
183.84	673.03
183.91	734.79
183.99	796.36
184.06	845.11
184.14	900.49
184.22	940.58
184.29	946.77
184.37	942.48
184.44	911.27
184.52	816.90
184.59	714.26
184.67	641.62
184.74	576.81
184.82	564.59
184.89	617.18
184.97	713.12
185.04	816.25
185.12	924.22
185.20	1027.88
185.27	1135.01
185.35	1226.37
185.42	1296.09
185.50	1374.91
185.57	1429.51
185.65	1484.20
185.72	1556.76
185.80	1634.42
185.87	1701.25
185.95	1790.54
186.02	1844.99
186.10	1845.52
186.17	1802.03
186.25	1669.73
186.33	1468.07
186.40	1299.81
186.48	1199.39
186.55	1181.91
186.63	1266.15
186.70	1439.45
186.78	1605.25
186.85	1751.10
186.93	1872.86
187.00	2006.33
187.08	2116.53
187.15	2247.85
187.23	2383.00
187.30	2500.88
187.38	2618.78
187.45	2753.88
187.53	2851.58
187.60	2940.10
187.68	3061.08
187.75	3142.35
187.83	3179.30
187.90	3213.72
187.98	3206.55
188.05	3085.82
188.13	2852.38
188.21	2594.19
188.28	2375.58
188.36	2210.75
188.43	2178.66
188.51	2315.12
188.58	2528.92
188.66	2722.96
188.73	2924.05
188.81	3108.39
188.88	3271.11
188.96	3405.28
189.03	3552.12
189.11	3687.84
189.18	3795.96
189.26	3898.75
189.33	4019.11
189.41	4112.07
189.48	4198.72
189.56	4308.69
189.63	4388.62
189.71	4442.02
189.78	4500.83
189.86	4520.26
189.93	4484.14
190.01	4408.63
190.08	4244.13
190.16	3960.01
190.23	3664.13
190.31	3453.13
190.38	3335.27
190.46	3353.48
190.53	3518.21
190.61	3755.95
190.68	3964.44
190.76	4164.05
190.83	4330.55
190.91	4497.52
190.98	4633.06
191.06	4776.98
191.13	4903.17
191.21	5016.35
191.28	5121.04
191.35	5233.58
191.43	5314.07
191.50	5384.81
191.58	5465.48
191.65	5509.67
191.73	5537.78
191.80	5566.68
191.88	5569.58
191.95	5558.45
192.03	5554.23
192.10	5536.69
192.18	5496.03
192.25	5409.88
192.33	5239.21
192.40	5047.21
192.48	4894.43
192.55	4811.01
192.63	4822.85
192.70	4956.55
192.78	5147.54
192.85	5338.59
192.93	5507.76
193.00	5647.28
193.08	5779.36
193.15	5886.86
193.22	5976.10
193.30	6043.73
193.37	6109.39
193.45	6148.09
193.52	6194.17
193.60	6242.47
193.67	6292.89
193.75	6340.15
193.82	6383.85
193.90	6414.63
193.97	6452.85
194.05	6494.33
194.12	6532.01
194.20	6584.47
194.27	6637.85
194.34	6666.10
194.42	6677.43
194.49	6685.63
194.57	6657.88
194.64	6583.47
194.72	6492.53
194.79	6406.89
194.87	6328.03
194.94	6286.95
195.02	6302.86
195.09	6360.73
195.17	6442.87
195.24	6546.99
195.31	6652.13
195.39	6762.82
195.46	6863.78
195.54	6958.76
195.61	7035.11
195.69	7091.92
195.76	7131.59
195.84	7173.87
195.91	7191.22
195.99	7201.18
196.06	7215.41
196.13	7225.62
196.21	7220.08
196.28	7210.49
196.36	7190.40
196.43	7152.43
196.51	7118.03
196.58	7094.95
196.66	7099.08
196.73	7132.17
196.80	7193.69
196.88	7264.76
196.95	7344.18
197.03	7411.22
197.10	7450.68
197.18	7475.81
197.25	7494.62
197.33	7514.58
197.40	7538.18
197.47	7561.41
197.55	7596.26
197.62	7621.79
197.70	7634.06
197.77	7638.06
197.85	7639.15
197.92	7612.77
197.99	7565.20
198.07	7503.60
198.14	7448.58
198.22	7432.18
198.29	7460.43
198.37	7544.04
198.44	7663.25
198.51	7784.46
198.59	7885.68
198.66	7972.26
198.74	8036.07
198.81	8081.95
198.89	8119.12
198.96	8148.82
199.03	8161.08
199.11	8175.13
199.18	8178.89
199.26	8179.67
199.33	8179.58
199.41	8170.45
199.48	8118.07
199.55	8048.96
199.63	7970.23
199.70	7911.48
199.78	7887.10
199.85	7936.31
199.93	8037.27
200.00	8178.27
200.07	8308.93
200.15	8434.03
200.22	8527.40
200.30	8595.67
200.37	8648.11
200.44	8698.63
200.52	8741.39
200.59	8780.84
200.67	8800.90
200.74	8802.93
200.81	8792.14
200.89	8774.30
200.96	8764.00
201.04	8743.20
201.11	8711.33
201.19	8671.15
201.26	8633.96
201.33	8606.10
201.41	8626.85
201.48	8699.93
201.56	8810.71
201.63	8943.44
201.70	9062.37
201.78	9166.34
201.85	9255.42
201.93	9324.67
202.00	9374.89
202.07	9427.02
202.15	9467.76
202.22	9493.64
202.30	9518.71
202.37	9536.62
202.44	9548.13
202.52	9556.50
202.59	9559.98
202.67	9557.29
202.74	9562.48
202.81	9554.35
202.89	9539.33
202.96	9544.50
203.04	9586.32
203.11	9650.55
203.18	9754.59
203.26	9883.58
203.33	10001.26
203.41	10093.78
203.48	10171.40
203.55	10223.19
203.63	10271.05
203.70	10328.08
203.77	10377.96
203.85	10415.15
203.92	10456.85
204.00	10508.96
204.07	10550.22
204.14	10595.55
204.22	10639.55
204.29	10675.47
204.37	10687.69
204.44	10698.80
204.51	10711.78
204.59	10732.27
204.66	10768.76
204.73	10833.76
204.81	10916.18
204.88	11014.28
204.96	11121.96
205.03	11225.37
205.10	11308.81
205.18	11384.49
205.25	11444.09
205.32	11507.24
205.40	11561.58
205.47	11628.65
205.55	11688.77
205.62	11755.57
205.69	11817.19
205.77	11877.84
205.84	11933.41
205.91	11994.00
205.99	12050.45
206.06	12092.85
206.14	12141.88
206.21	12192.79
206.28	12234.61
206.36	12283.13
206.43	12340.08
206.50	12417.64
206.58	12494.35
206.65	12586.40
206.72	12683.46
206.80	12782.35
206.87	12873.05
206.95	12967.18
207.02	13064.04
207.09	13156.18
207.17	13255.43
207.24	13345.08
207.31	13430.66
207.39	13503.42
207.46	13575.35
207.53	13633.74
207.61	13702.65
207.68	13769.78
207.75	13857.23
207.83	13942.87
207.90	14029.46
207.98	14095.09
208.05	14169.99
208.12	14231.78
208.20	14307.09
208.27	14394.46
208.34	14496.63
208.42	14593.95
208.49	14691.17
208.56	14774.25
208.64	14866.86
208.71	14960.48
208.78	15049.10
208.86	15152.30
208.93	15261.47
209.00	15356.22
209.08	15447.51
209.15	15551.84
209.22	15648.87
209.30	15747.60
209.37	15849.24
209.44	15953.75
209.52	16054.21
209.59	16143.90
209.67	16236.01
209.74	16331.52
209.81	16439.13
209.89	16545.65
209.96	16648.85
210.03	16753.08
210.11	16858.11
210.18	16951.51
210.25	17056.95
210.33	17176.82
210.40	17284.42
210.47	17401.05
210.55	17518.06
210.62	17618.94
210.69	17710.59
210.77	17821.23
210.84	17920.82
210.91	18037.78
210.99	18152.80
211.06	18280.54
211.13	18405.55
211.21	18528.22
211.28	18636.06
211.35	18752.48
211.42	18867.04
211.50	18974.04
211.57	19084.33
211.64	19201.12
211.72	19313.22
211.79	19420.98
211.86	19535.26
211.94	19668.38
212.01	19792.52
212.08	19922.88
212.16	20050.19
212.23	20182.67
212.30	20300.93
212.38	20419.25
212.45	20543.48
212.52	20672.27
212.60	20793.95
212.67	20925.40
212.74	21057.95
212.82	21182.63
212.89	21305.62
212.96	21429.20
213.03	21558.50
213.11	21695.88
213.18	21837.09
213.25	21980.18
213.33	22126.64
213.40	22253.46
213.47	22377.77
213.55	22493.85
213.62	22607.41
213.69	22721.36
213.77	22848.17
213.84	22971.78
213.91	23113.59
213.98	23255.51
214.06	23396.73
214.13	23539.38
214.20	23694.17
214.28	23844.99
214.35	23994.46
214.42	24141.26
214.50	24284.13
214.57	24415.55
214.64	24538.42
214.72	24664.50
214.79	24790.04
214.86	24914.09
214.93	25047.82
215.01	25195.27
215.08	25333.23
215.15	25462.63
215.23	25586.08
215.30	25719.33
215.37	25845.46
215.44	25996.08
215.52	26165.55
215.59	26331.91
215.66	26484.95
215.74	26634.57
215.81	26772.37
215.88	26912.09
215.95	27043.45
216.03	27173.98
216.10	27315.25
216.17	27460.93
216.25	27599.44
216.32	27757.69
216.39	27918.36
216.46	28063.35
216.54	28195.22
216.61	28328.60
216.68	28458.28
216.76	28592.13
216.83	28738.71
216.90	28898.43
216.97	29056.20
217.05	29220.03
217.12	29362.73
217.19	29481.68
217.27	29569.38
217.34	29657.27
217.41	29750.20
217.48	29860.23
217.56	29991.55
217.63	30160.13
217.70	30332.76
217.78	30496.59
217.85	30654.59
217.92	30818.10
217.99	30979.30
218.07	31124.96
218.14	31260.68
218.21	31408.22
218.28	31554.03
218.36	31697.14
218.43	31848.01
218.50	32005.61
218.57	32142.36
218.65	32263.36
218.72	32380.73
218.79	32506.76
218.87	32631.08
218.94	32770.23
219.01	32921.85
219.08	33059.02
219.16	33190.71
219.23	33309.11
219.30	33426.73
219.37	33542.43
219.45	33669.82
219.52	33809.13
219.59	33943.61
219.66	34071.13
219.74	34207.64
219.81	34356.68
219.88	34491.17
219.95	34640.71
220.03	34793.35
220.10	34928.16
220.17	35051.72
220.24	35174.42
220.32	35294.60
220.39	35413.40
220.46	35532.74
220.53	35658.78
220.61	35780.28
220.68	35906.05
220.75	36040.10
220.82	36182.18
220.90	36299.40
220.97	36398.65
221.04	36492.17
221.11	36584.63
221.19	36672.90
221.26	36785.18
221.33	36916.08
221.40	37054.38
221.48	37189.51
221.55	37320.99
221.62	37444.34
221.69	37577.56
221.77	37697.06
221.84	37813.48
221.91	37932.90
221.98	38052.86
222.06	38166.47
222.13	38300.13
222.20	38415.13
222.27	38522.58
222.35	38624.20
222.42	38726.44
222.49	38807.62
222.56	38896.85
222.63	38989.81
222.71	39092.97
222.78	39207.03
222.85	39326.14
222.92	39446.97
223.00	39551.36
223.07	39643.91
223.14	39715.92
223.21	39795.69
223.29	39891.80
223.36	40018.68
223.43	40147.19
223.50	40287.10
223.57	40420.16
223.65	40544.06
223.72	40650.69
223.79	40758.68
223.86	40855.34
223.94	40954.18
224.01	41037.46
224.08	41108.41
224.15	41174.42
224.22	41239.98
224.30	41292.84
224.37	41370.39
224.44	41459.81
224.51	41558.58
224.59	41662.57
224.66	41781.91
224.73	41884.87
224.80	41988.33
224.87	42088.21
224.95	42189.13
225.02	42288.00
225.09	42379.57
225.16	42464.08
225.23	42553.02
225.31	42635.17
225.38	42716.22
225.45	42806.78
225.52	42895.48
225.60	42972.55
225.67	43025.83
225.74	43072.16
225.81	43108.21
225.88	43166.08
225.96	43254.10
226.03	43382.32
226.10	43511.43
226.17	43645.73
226.24	43768.10
226.32	43856.28
226.39	43923.94
226.46	43985.13
226.53	44045.11
226.60	44097.99
226.68	44154.89
226.75	44218.50
226.82	44288.60
226.89	44361.93
226.96	44430.05
227.04	44481.85
227.11	44522.12
227.18	44570.61
227.25	44600.24
227.32	44648.71
227.40	44719.56
227.47	44795.66
227.54	44866.04
227.61	44943.54
227.68	45016.69
227.76	45090.35
227.83	45169.16
227.90	45233.49
227.97	45298.42
228.04	45353.80
228.11	45392.84
228.19	45431.15
228.26	45491.14
228.33	45568.34
228.40	45641.23
228.47	45715.37
228.55	45788.62
228.62	45851.18
228.69	45908.42
228.76	45963.96
228.83	46017.98
228.90	46072.09
228.98	46134.24
229.05	46196.80
229.12	46269.93
229.19	46348.01
229.26	46421.03
229.34	46472.69
229.41	46515.78
229.48	46565.43
229.55	46614.18
229.62	46665.82
229.69	46721.49
229.77	46765.57
229.84	46793.53
229.91	46819.74
229.98	46839.63
230.05	46867.08
230.12	46910.77
230.20	46980.48
230.27	47045.23
230.34	47111.19
230.41	47185.96
230.48	47248.95
230.55	47292.39
230.63	47341.60
230.70	47397.66
230.77	47424.70
230.84	47453.62
230.91	47481.95
230.98	47516.09
231.06	47544.21
231.13	47603.67
231.20	47679.35
231.27	47755.81
231.34	47812.93
231.41	47878.18
231.49	47926.06
231.56	47969.55
231.63	48013.83
231.70	48062.80
231.77	48093.61
231.84	48120.05
231.92	48128.76
231.99	48137.80
232.06	48166.80
232.13	48203.49
232.20	48258.23
232.27	48314.66
232.34	48359.79
232.42	48380.24
232.49	48406.61
232.56	48440.18
232.63	48494.45
232.70	48549.71
232.77	48618.51
232.85	48680.87
232.92	48717.12
232.99	48735.01
233.06	48761.18
233.13	48777.81
233.20	48784.20
233.27	48792.59
233.35	48799.62
233.42	48793.61
233.49	48799.68
233.56	48825.48
233.63	48853.73
233.70	48877.23
233.77	48915.47
233.85	48949.68
233.92	48989.29
233.99	49022.55
234.06	49062.59
234.13	49099.88
234.20	49146.70
234.27	49169.98
234.35	49197.36
234.42	49216.53
234.49	49223.49
234.56	49223.93
234.63	49225.43
234.70	49221.51
234.77	49217.40
234.84	49204.36
234.92	49183.07
234.99	49179.30
235.06	49191.01
235.13	49217.01
235.20	49247.35
235.27	49291.27
235.34	49318.86
235.41	49354.88
235.49	49377.15
235.56	49408.63
235.63	49413.89
235.70	49416.83
235.77	49391.96
235.84	49373.99
235.91	49356.45
235.98	49355.25
236.06	49357.43
236.13	49363.61
236.20	49369.22
236.27	49362.08
236.34	49367.04
236.41	49378.12
236.48	49385.40
236.55	49388.82
236.63	49395.31
236.70	49385.54
236.77	49373.59
236.84	49378.17
236.91	49376.16
236.98	49369.08
237.05	49369.36
237.12	49361.97
237.19	49342.63
237.27	49334.74
237.34	49335.51
237.41	49333.06
237.48	49323.96
237.55	49308.23
237.62	49297.98
237.69	49301.69
237.76	49304.68
237.83	49316.13
237.91	49337.90
237.98	49349.07
238.05	49344.55
238.12	49340.10
238.19	49328.21
238.26	49333.08
238.33	49325.86
238.40	49307.06
238.47	49284.24
238.54	49276.93
238.62	49245.98
238.69	49217.25
238.76	49199.81
238.83	49188.62
238.90	49187.69
238.97	49196.43
239.04	49215.35
239.11	49233.97
239.18	49254.73
239.25	49255.55
239.33	49238.74
239.40	49218.72
239.47	49190.71
239.54	49141.88
239.61	49092.86
239.68	49043.12
239.75	49010.38
239.82	48989.07
239.89	48969.00
239.96	48965.27
240.03	48974.70
240.11	48984.37
240.18	48998.33
240.25	49014.64
240.32	49019.01
240.39	49030.31
240.46	49037.18
240.53	49051.07
240.60	49080.18
240.67	49105.31
240.74	49117.29
240.81	49125.73
240.88	49119.59
240.96	49100.94
241.03	49085.70
241.10	49066.78
241.17	49045.33
241.24	49025.38
241.31	49013.74
241.38	48996.22
241.45	48993.53
241.52	48986.95
241.59	48989.42
241.66	48997.28
241.73	49012.01
241.80	49019.48
241.88	49018.46
241.95	48993.11
242.02	48952.59
242.09	48893.39
242.16	48833.97
242.23	48808.30
242.30	48800.96
242.37	48801.90
242.44	48824.12
242.51	48823.71
242.58	48803.27
242.65	48789.43
242.72	48786.77
242.79	48774.51
242.87	48794.51
242.94	48803.35
243.01	48802.03
243.08	48786.54
243.15	48780.14
243.22	48770.88
243.29	48779.97
243.36	48788.81
243.43	48811.30
243.50	48834.27
243.57	48851.78
243.64	48856.28
243.71	48875.27
243.78	48881.79
243.85	48877.24
243.92	48862.01
243.99	48858.06
244.07	48834.96
244.14	48808.02
244.21	48794.19
244.28	48805.49
244.35	48817.25
244.42	48839.55
244.49	48872.18
244.56	48900.02
244.63	48910.25
244.70	48913.02
244.77	48912.28
244.84	48902.76
244.91	48892.67
244.98	48886.16
245.05	48898.36
245.12	48920.48
245.19	48953.33
245.26	48984.64
245.33	49024.41
245.40	49054.94
245.47	49080.32
245.55	49093.08
245.62	49100.99
245.69	49107.32
245.76	49117.35
245.83	49128.69
245.90	49142.13
245.97	49143.48
246.04	49156.43
246.11	49154.88
246.18	49149.26
246.25	49147.18
246.32	49151.51
246.39	49148.97
246.46	49157.06
246.53	49171.45
246.60	49179.64
246.67	49209.70
246.74	49232.88
246.81	49253.09
246.88	49273.77
246.95	49299.16
247.02	49312.19
247.09	49325.74
247.16	49330.04
247.23	49316.73
247.30	49288.54
247.37	49262.98
247.44	49247.15
247.51	49232.55
247.58	49235.42
247.66	49273.97
247.73	49324.94
247.80	49370.77
247.87	49428.24
247.94	49493.09
248.01	49550.35
248.08	49596.85
248.15	49632.72
248.22	49655.76
248.29	49676.25
248.36	49691.71
248.43	49712.28
248.50	49739.18
248.57	49764.00
248.64	49781.15
248.71	49803.52
248.78	49835.13
248.85	49852.73
248.92	49883.51
248.99	49899.50
249.06	49895.74
249.13	49863.49
249.20	49846.34
249.27	49820.49
249.34	49819.74
249.41	49840.92
249.48	49863.04
249.55	49881.78
249.62	49906.62
249.69	49918.59
249.76	49936.43
249.83	49973.01
249.90	50008.35
249.97	50043.46
250.04	50094.23
250.11	50146.34
250.18	50189.64
250.25	50231.28
250.32	50255.84
250.39	50281.86
250.46	50287.53
250.53	50295.11
250.60	50303.48
250.67	50334.43
250.74	50357.94
250.81	50362.80
250.88	50360.61
250.95	50366.22
251.02	50362.38
251.09	50344.96
251.16	50363.62
251.23	50401.61
251.30	50438.23
251.37	50474.09
251.44	50517.70
251.51	50554.88
251.58	50579.52
251.65	50599.53
251.72	50618.23
251.79	50629.79
251.86	50616.60
251.93	50583.24
252.00	50540.33
252.07	50493.44
252.14	50464.81
252.21	50460.80
252.28	50484.59
252.35	50524.31
252.42	50595.91
252.49	50647.19
252.56	50681.43
252.63	50719.87
252.70	50750.78
252.77	50752.49
252.84	50758.55
252.91	50766.82
252.98	50748.10
253.05	50727.69
253.12	50726.49
253.19	50733.94
253.25	50755.96
253.32	50788.53
253.39	50832.31
253.46	50852.96
253.53	50865.17
253.60	50850.49
253.67	50848.95
253.74	50859.43
253.81	50891.46
253.88	50917.90
253.95	50955.61
254.02	50978.03
254.09	50977.22
254.16	50959.97
254.23	50944.36
254.30	50925.46
254.37	50924.05
254.44	50935.74
254.51	50964.56
254.58	50982.98
254.65	51006.73
254.72	51012.68
254.79	50994.96
254.86	50972.06
254.93	50949.46
255.00	50943.13
255.07	50944.88
255.14	50957.94
255.21	50950.58
255.28	50941.01
255.34	50918.18
255.41	50913.78
255.48	50922.48
255.55	50941.49
255.62	50971.28
255.69	51008.16
255.76	51029.33
255.83	51052.98
255.90	51073.84
255.97	51091.23
256.04	51093.84
256.11	51100.16
256.18	51087.76
256.25	51072.37
256.32	51059.77
256.39	51040.76
256.46	51009.01
256.53	50984.70
256.60	50953.79
256.67	50927.53
256.74	50917.55
256.80	50910.61
256.87	50894.96
256.94	50883.56
257.01	50874.24
257.08	50864.10
257.15	50860.50
257.22	50865.73
257.29	50861.91
257.36	50860.40
257.43	50854.34
257.50	50849.50
257.57	50827.48
257.64	50826.87
257.71	50811.52
257.78	50805.24
257.85	50784.03
257.92	50786.35
257.98	50785.53
258.05	50788.84
258.12	50776.58
258.19	50761.28
258.26	50724.42
258.33	50670.48
258.40	50628.06
258.47	50596.41
258.54	50587.19
258.61	50599.57
258.68	50621.71
258.75	50646.40
258.82	50666.04
258.89	50660.50
258.95	50628.69
259.02	50598.30
259.09	50553.15
259.16	50495.64
259.23	50437.71
259.30	50396.50
259.37	50366.61
259.44	50352.78
259.51	50348.64
259.58	50357.34
259.65	50354.63
259.72	50339.93
259.79	50304.05
259.85	50263.71
259.92	50233.86
259.99	50224.67
260.06	50220.57
260.13	50201.63
260.20	50186.49
260.27	50148.18
260.34	50087.64
260.41	50026.15
260.48	49989.41
260.55	49957.32
260.62	49931.72
260.68	49905.36
260.75	49880.73
260.82	49865.42
260.89	49851.02
260.96	49839.78
261.03	49839.18
261.10	49836.59
261.17	49817.95
261.24	49784.68
261.31	49749.82
261.38	49709.42
261.44	49653.82
261.51	49609.59
261.58	49580.41
261.65	49543.07
261.72	49495.99
261.79	49453.31
261.86	49406.20
261.93	49359.57
262.00	49330.47
262.07	49302.43
262.13	49278.78
262.20	49253.13
262.27	49215.57
262.34	49178.15
262.41	49142.13
262.48	49106.09
262.55	49067.93
262.62	49026.03
262.69	48959.25
262.76	48910.32
262.82	48862.31
262.89	48814.38
262.96	48769.31
263.03	48737.75
263.10	48703.09
263.17	48656.38
263.24	48607.00
263.31	48580.21
263.38	48557.06
263.44	48529.51
263.51	48500.35
263.58	48475.78
263.65	48434.75
263.72	48386.70
263.79	48324.34
263.86	48272.63
263.93	48216.86
264.00	48165.64
264.06	48132.45
264.13	48104.41
264.20	48087.25
264.27	48057.27
264.34	48031.32
264.41	47980.80
264.48	47941.94
264.55	47894.84
264.61	47866.71
264.68	47830.98
264.75	47797.93
264.82	47738.77
264.89	47669.68
264.96	47595.02
265.03	47521.21
265.10	47466.69
265.16	47438.33
265.23	47421.67
265.30	47414.18
265.37	47396.20
265.44	47364.69
265.51	47342.95
265.58	47308.46
265.65	47258.03
265.71	47211.67
265.78	47171.84
265.85	47103.21
265.92	47043.23
265.99	46988.67
266.06	46941.32
266.13	46877.93
266.20	46841.49
266.26	46818.76
266.33	46787.23
266.40	46737.93
266.47	46686.87
266.54	46603.32
266.61	46520.26
266.68	46448.84
266.74	46387.25
266.81	46347.36
266.88	46322.25
266.95	46269.55
267.02	46234.22
267.09	46187.95
267.16	46135.54
267.22	46089.49
267.29	46069.29
267.36	46039.49
267.43	46026.69
267.50	45996.96
267.57	45960.15
267.64	45909.01
267.70	45860.76
267.77	45801.35
267.84	45752.90
267.91	45702.48
267.98	45650.63
268.05	45591.53
268.11	45529.48
268.18	45468.19
268.25	45411.00
268.32	45363.57
268.39	45313.42
268.46	45277.28
268.53	45265.03
268.59	45249.34
268.66	45231.73
268.73	45207.79
268.80	45181.35
268.87	45123.55
268.94	45083.06
269.00	45045.24
269.07	45004.85
269.14	44965.60
269.21	44926.68
269.28	44881.74
269.35	44833.87
269.41	44789.27
269.48	44733.23
269.55	44676.94
269.62	44610.29
269.69	44547.84
269.76	44486.09
269.82	44426.36
269.89	44389.96
269.96	44367.63
270.03	44343.59
270.10	44329.85
270.17	44311.54
270.23	44279.40
270.30	44238.02
270.37	44202.19
270.44	44163.74
270.51	44129.12
270.58	44097.81
270.64	44069.27
270.71	44030.07
270.78	43996.95
270.85	43960.16
270.92	43918.47
270.99	43869.92
271.05	43828.66
271.12	43770.79
271.19	43723.32
271.26	43675.82
271.33	43636.71
271.39	43596.57
271.46	43541.51
271.53	43502.94
271.60	43475.28
271.67	43448.46
271.74	43416.51
271.80	43410.21
271.87	43397.93
271.94	43360.61
272.01	43315.99
272.08	43275.71
272.14	43230.45
272.21	43187.54
272.28	43166.55
272.35	43145.84
272.42	43120.43
272.48	43109.08
272.55	43088.01
272.62	43071.68
272.69	43070.20
272.76	43075.06
272.83	43053.80
272.89	43030.71
272.96	42997.14
273.03	42940.98
273.10	42881.37
273.17	42840.29
273.23	42795.72
273.30	42746.06
273.37	42714.11
273.44	42691.42
273.51	42666.55
273.57	42651.46
273.64	42645.74
273.71	42643.81
273.78	42628.73
273.85	42612.93
273.91	42593.73
273.98	42576.34
274.05	42544.25
274.12	42521.54
274.19	42495.56
274.25	42465.36
274.32	42436.95
274.39	42400.03
274.46	42345.42
274.53	42288.28
274.59	42225.73
274.66	42162.28
274.73	42118.59
274.80	42076.38
274.86	42043.76
274.93	42029.15
275.00	42011.26
275.07	41986.95
275.14	41965.52
275.20	41930.06
275.27	41886.77
275.34	41843.76
275.41	41806.71
275.48	41792.47
275.54	41786.53
275.61	41777.55
275.68	41762.65
275.75	41738.33
275.81	41691.38
275.88	41654.35
275.95	41613.49
276.02	41576.39
276.09	41537.30
276.15	41506.03
276.22	41472.45
276.29	41456.10
276.36	41425.24
276.42	41403.57
276.49	41374.46
276.56	41321.18
276.63	41253.19
276.70	41202.53
276.76	41169.02
276.83	41149.58
276.90	41150.79
276.97	41156.97
277.03	41167.44
277.10	41157.06
277.17	41148.06
277.24	41138.68
277.30	41121.04
277.37	41094.42
277.44	41068.15
277.51	41031.89
277.58	40988.93
277.64	40954.08
277.71	40916.22
277.78	40885.42
277.85	40837.71
277.91	40793.06
277.98	40748.77
278.05	40704.78
278.12	40661.23
278.18	40629.46
278.25	40605.65
278.32	40588.10
278.39	40590.40
278.45	40588.84
278.52	40590.34
278.59	40570.32
278.66	40547.08
278.72	40510.77
278.79	40476.84
278.86	40447.28
278.93	40441.67
278.99	40432.82
279.06	40417.54
279.13	40393.77
279.20	40377.95
279.26	40353.26
279.33	40332.61
279.40	40304.11
279.47	40275.37
279.53	40237.50
279.60	40197.36
279.67	40153.72
279.74	40119.70
279.80	40089.97
279.87	40062.55
279.94	40034.68
280.01	40006.11
280.07	39977.13
280.14	39945.75
280.21	39913.40
280.28	39882.36
280.34	39842.67
280.41	39801.66
280.48	39753.77
280.55	39711.19
280.61	39681.09
280.68	39661.07
280.75	39636.60
280.82	39616.96
280.88	39583.98
280.95	39532.46
281.02	39471.87
281.08	39411.53
281.15	39349.93
281.22	39290.68
281.29	39228.60
281.35	39162.95
281.42	39106.76
281.49	39044.88
281.56	38987.24
281.62	38950.18
281.69	38921.64
281.76	38896.21
281.82	38879.06
281.89	38864.43
281.96	38833.56
282.03	38799.65
282.09	38760.34
282.16	38725.03
282.23	38683.87
282.30	38644.46
282.36	38612.13
282.43	38587.24
282.50	38570.50
282.56	38534.26
282.63	38511.72
282.70	38484.58
282.77	38461.08
282.83	38430.33
282.90	38420.46
282.97	38402.93
283.03	38393.70
283.10	38378.42
283.17	38361.57
283.24	38336.79
283.30	38299.47
283.37	38260.38
283.44	38220.49
283.50	38173.02
283.57	38132.72
283.64	38086.68
283.71	38039.04
283.77	37994.08
283.84	37965.45
283.91	37943.25
283.97	37932.76
284.04	37930.72
284.11	37916.21
284.18	37899.88
284.24	37881.20
284.31	37875.91
284.38	37858.23
284.44	37852.99
284.51	37837.87
284.58	37832.41
284.64	37815.80
284.71	37801.09
284.78	37769.71
284.85	37758.39
284.91	37735.56
284.98	37716.40
285.05	37676.41
285.11	37661.60
285.18	37623.92
285.25	37592.93
285.31	37570.17
285.38	37568.08
285.45	37560.91
285.52	37556.70
285.58	37540.99
285.65	37516.32
285.72	37486.94
285.78	37455.59
285.85	37434.44
285.92	37416.15
285.98	37397.42
286.05	37384.83
286.12	37371.73
286.18	37353.80
286.25	37332.14
286.32	37309.66
286.39	37292.25
286.45	37264.32
286.52	37232.69
286.59	37205.18
286.65	37193.48
286.72	37181.65
286.79	37178.34
286.85	37179.40
286.92	37180.48
286.99	37170.84
287.05	37152.83
287.12	37144.67
287.19	37129.02
287.25	37123.88
287.32	37112.15
287.39	37112.54
287.45	37102.46
287.52	37089.09
287.59	37077.28
287.65	37071.07
287.72	37042.79
287.79	37010.23
287.86	36986.57
287.92	36949.36
287.99	36914.19
288.06	36901.04
288.12	36881.24
288.19	36864.60
288.26	36839.28
288.32	36819.23
288.39	36795.60
288.46	36791.59
288.52	36789.93
288.59	36804.00
288.66	36809.23
288.72	36812.27
288.79	36798.93
288.86	36782.79
288.92	36762.73
288.99	36732.29
289.06	36707.27
289.12	36686.32
289.19	36668.54
289.26	36652.29
289.32	36652.18
289.39	36642.03
289.45	36641.91
289.52	36628.44
289.59	36623.86
289.65	36618.94
289.72	36605.48
289.79	36592.89
289.85	36591.01
289.92	36578.44
289.99	36562.74
290.05	36555.40
290.12	36530.58
290.19	36506.28
290.25	36476.65
290.32	36450.32
290.39	36435.25
290.45	36434.99
290.52	36434.72
290.59	36441.23
290.65	36431.63
290.72	36420.61
290.79	36404.88
290.85	36397.53
290.92	36392.19
290.98	36399.86
291.05	36398.45
291.12	36392.29
291.18	36382.10
291.25	36370.53
291.32	36355.66
291.38	36331.13
291.45	36314.38
291.52	36287.20
291.58	36266.18
291.65	36246.37
291.72	36237.16
291.78	36227.22
291.85	36216.69
291.91	36201.13
291.98	36193.29
292.05	36177.53
292.11	36166.76
292.18	36156.71
292.25	36148.92
292.31	36127.80
292.38	36124.60
292.45	36120.01
292.51	36114.32
292.58	36102.04
292.64	36103.70
292.71	36092.34
292.78	36080.30
292.84	36063.24
292.91	36052.56
292.98	36030.93
293.04	36021.79
293.11	36004.86
293.17	35995.08
293.24	35989.61
293.31	35983.11
293.37	35970.20
293.44	35955.77
293.51	35941.95
293.57	35922.94
293.64	35911.26
293.70	35899.39
293.77	35886.49
293.84	35874.97
293.90	35860.03
293.97	35844.78
294.04	35836.85
294.10	35819.20
294.17	35808.17
294.23	35800.61
294.30	35784.43
294.37	35765.92
294.43	35761.32
294.50	35748.75
294.56	35733.40
294.63	35720.07
294.70	35705.93
294.76	35701.70
294.83	35693.80
294.90	35686.48
294.96	35683.78
295.03	35679.04
295.09	35666.79
295.16	35663.43
295.23	35654.90
295.29	35643.64
295.36	35623.12
295.42	35592.98
295.49	35562.57
295.56	35553.98
295.62	35541.98
295.69	35520.52
295.75	35520.88
295.82	35520.53
295.89	35492.80
295.95	35459.57
296.02	35446.16
296.08	35415.15
296.15	35376.92
296.22	35357.53
296.28	35349.76
296.35	35340.30
296.41	35328.52
296.48	35326.50
296.55	35324.99
296.61	35312.85
296.68	35301.86
296.74	35300.72
296.81	35292.45
296.88	35272.17
296.94	35253.46
297.01	35233.30
297.07	35204.97
297.14	35184.83
297.20	35169.57
297.27	35170.96
297.34	35180.27
297.40	35184.40
297.47	35177.23
297.53	35162.33
297.60	35142.72
297.67	35109.26
297.73	35089.67
297.80	35060.94
297.86	35041.35
297.93	35017.50
298.00	34998.82
298.06	34974.28
298.13	34973.89
298.19	34961.03
298.26	34946.75
298.32	34945.23
298.39	34933.78
298.46	34913.26
298.52	34899.42
298.59	34878.88
298.65	34850.83
298.72	34831.33
298.78	34806.03
298.85	34777.94
298.92	34762.87
298.98	34734.00
299.05	34706.59
299.11	34684.47
299.18	34658.59
299.24	34622.52
299.31	34586.08
299.38	34559.38
299.44	34527.50
299.51	34514.38
299.57	34508.64
299.64	34510.01
299.70	34501.73
299.77	34485.47
299.84	34461.70
299.90	34423.25
299.97	34381.10
300.03	34349.74
300.10	34334.01
300.16	34309.51
300.23	34290.68
300.30	34278.03
300.36	34247.80
300.43	34221.68
300.49	34195.11
300.56	34174.63
300.62	34154.07
300.69	34134.96
300.75	34108.43
300.82	34081.98
300.89	34051.02
300.95	34020.50
301.02	33979.23
301.08	33940.65
301.15	33912.24
301.21	33888.30
301.28	33860.37
301.34	33837.41
301.41	33811.72
301.48	33782.64
301.54	33744.39
301.61	33720.79
301.67	33696.81
301.74	33673.88
301.80	33641.65
301.87	33608.11
301.93	33559.88
302.00	33522.79
302.06	33470.11
302.13	33419.95
302.20	33384.01
302.26	33346.68
302.33	33313.99
302.39	33286.82
302.46	33255.11
302.52	33210.38
302.59	33175.51
302.65	33122.93
302.72	33081.11
302.78	33047.96
302.85	33016.90
302.91	32974.94
302.98	32951.03
303.05	32915.25
303.11	32881.05
303.18	32839.62
303.24	32805.38
303.31	32757.50
303.37	32719.98
303.44	32678.23
303.50	32641.48
303.57	32589.08
303.63	32536.99
303.70	32484.95
303.76	32429.68
303.83	32384.95
303.89	32344.02
303.96	32303.68
304.03	32256.26
304.09	32207.73
304.16	32149.65
304.22	32086.97
304.29	32034.88
304.35	31980.92
304.42	31939.40
304.48	31893.28
304.55	31857.49
304.61	31807.27
304.68	31761.13
304.74	31707.31
304.81	31661.22
304.87	31597.30
304.94	31549.42
305.00	31503.06
305.07	31447.61
305.13	31384.38
305.20	31339.02
305.26	31286.53
305.33	31229.15
305.39	31180.62
305.46	31124.61
305.52	31069.07
305.59	31010.67
305.66	30958.06
305.72	30902.46
305.79	30854.71
305.85	30803.30
305.92	30722.46
305.98	30605.37
306.05	30467.07
306.11	30312.28
306.18	30145.68
306.24	30009.43
306.31	29937.08
306.37	29923.74
306.44	29966.26
306.50	30024.21
306.57	30082.38
306.63	30111.57
306.70	30090.08
306.76	30032.03
306.83	29971.17
306.89	29900.33
306.96	29826.85
307.02	29767.50
307.09	29711.82
307.15	29649.87
307.22	29599.60
307.28	29541.39
307.35	29479.78
307.41	29405.94
307.48	29332.91
307.54	29256.97
307.61	29191.72
307.67	29118.17
307.74	29061.28
307.80	29010.29
307.87	28956.52
307.93	28900.06
308.00	28849.28
308.06	28793.15
308.13	28727.23
308.19	28667.01
308.26	28606.08
308.32	28548.89
308.38	28485.79
308.45	28423.61
308.51	28371.73
308.58	28308.69
308.64	28250.76
308.71	28199.17
308.77	28148.78
308.84	28075.38
308.90	28024.09
308.97	27961.18
309.03	27900.84
309.10	27838.15
309.16	27775.67
309.23	27696.21
309.29	27627.74
309.36	27540.12
309.42	27464.60
309.49	27396.43
309.55	27335.33
309.62	27269.39
309.68	27224.10
309.75	27161.70
309.81	27100.80
309.88	27042.77
309.94	26979.53
310.00	26910.09
310.07	26845.84
310.13	26787.65
310.20	26718.01
310.26	26657.42
310.33	26590.67
310.39	26535.76
310.46	26470.37
310.52	26413.28
310.59	26345.74
310.65	26288.93
310.72	26221.05
310.78	26159.75
310.85	26091.65
310.91	26037.25
310.97	25982.93
311.04	25928.07
311.10	25870.39
311.17	25815.24
311.23	25753.88
311.30	25690.28
311.36	25631.53
311.43	25578.38
311.49	25524.50
311.56	25467.80
311.62	25409.95
311.69	25356.03
311.75	25305.52
311.81	25245.88
311.88	25181.60
311.94	25122.31
312.01	25067.55
312.07	24998.25
312.14	24950.63
312.20	24907.82
312.27	24865.75
312.33	24803.70
312.40	24741.67
312.46	24672.41
312.52	24610.87
312.59	24539.00
312.65	24475.16
312.72	24412.74
312.78	24353.81
312.85	24289.31
312.91	24225.99
312.98	24172.20
313.04	24127.23
313.10	24073.51
313.17	24018.71
313.23	23971.02
313.30	23916.96
313.36	23852.07
313.43	23789.72
313.49	23735.41
313.56	23672.02
313.62	23609.28
313.68	23548.65
313.75	23498.26
313.81	23444.60
313.88	23392.83
313.94	23345.43
314.01	23301.98
314.07	23249.76
314.13	23194.09
314.20	23143.32
314.26	23087.52
314.33	23032.42
314.39	22973.42
314.46	22912.94
314.52	22862.26
314.58	22808.77
314.65	22753.84
314.71	22701.37
314.78	22653.80
314.84	22594.27
314.91	22539.27
314.97	22485.78
315.03	22426.09
315.10	22371.57
315.16	22312.75
315.23	22264.11
315.29	22217.42
315.36	22175.18
315.42	22127.03
315.48	22081.73
315.55	22027.54
315.61	21965.65
315.68	21915.64
315.74	21855.64
315.81	21799.50
315.87	21740.26
315.93	21696.86
316.00	21655.28
316.06	21623.77
316.13	21595.70
316.19	21545.15
316.25	21453.82
316.32	21320.37
316.38	21150.33
316.45	20935.95
316.51	20713.24
316.58	20485.34
316.64	20244.58
316.70	20012.69
316.77	19774.08
316.83	19526.57
316.90	19272.63
316.96	19029.19
317.02	18775.10
317.09	18529.47
317.15	18287.44
317.22	18045.27
317.28	17799.48
317.34	17553.64
317.41	17310.65
317.47	17068.99
317.54	16827.08
317.60	16582.39
317.66	16340.08
317.73	16091.06
317.79	15845.47
317.86	15604.63
317.92	15362.94
317.98	15111.65
318.05	14860.54
318.11	14607.16
318.18	14357.98
318.24	14106.98
318.30	13858.40
318.37	13608.64
318.43	13356.03
318.50	13093.55
318.56	12824.23
318.62	12558.27
318.69	12292.98
318.75	12024.22
318.82	11748.93
318.88	11484.17
318.94	11213.18
319.01	10937.68
319.07	10667.96
319.13	10398.71
319.20	10124.73
319.26	9840.25
319.33	9556.92
319.39	9262.13
319.45	8979.77
319.52	8695.10
319.58	8415.38
319.65	8136.04
319.71	7856.21
319.77	7573.51
319.84	7296.01
319.90	7026.54
319.96	6753.27
320.03	6486.54
320.09	6225.06
320.16	5959.21
320.22	5703.23
320.28	5457.11
320.35	5217.77
320.41	4980.53
320.47	4757.96
320.54	4533.24
320.60	4323.50
320.67	4121.50
320.73	3924.02
320.79	3732.19
320.86	3557.24
320.92	3381.14
320.98	3216.44
321.05	3059.42
321.11	2907.65
321.18	2764.00
321.24	2631.21
321.30	2499.12
321.37	2380.78
321.43	2276.40
321.49	2172.89
321.56	2075.55
321.62	1990.43
321.68	1903.40
321.75	1820.64
321.81	1745.13
321.88	1673.64
321.94	1609.02
322.00	1550.43
322.07	1488.51
322.13	1428.18
322.19	1368.48
322.26	1305.50
322.32	1250.32
322.38	1201.02
322.45	1158.91
322.51	1114.70
322.58	1077.63
322.64	1031.23
322.70	989.95
322.77	941.83
322.83	906.65
322.89	861.57
322.96	822.70
323.02	782.11
323.08	743.57
323.15	701.74
323.21	666.29
323.27	631.32
323.34	597.16
323.40	564.40
323.46	531.81
323.53	493.44
323.59	414.85
323.65	310.98
323.72	194.66
323.78	83.58
323.85	-15.65
323.91	-66.44
323.97	-86.28
324.04	-87.09
