180.21	3429.00
180.28	-126.31
180.36	632.52
180.44	-47.91
180.51	-16.59
180.59	7.22
180.66	34.76
180.74	33.26
180.81	32.95
180.89	35.15
180.97	36.33
181.04	34.40
181.12	33.14
181.19	33.91
181.27	33.95
181.34	49.91
181.42	56.53
181.50	63.46
181.57	74.48
181.65	80.35
181.72	75.33
181.80	71.03
181.87	72.15
181.95	72.59
182.03	72.83
182.10	75.87
182.18	79.19
182.25	85.88
182.33	88.71
182.40	99.01
182.48	98.34
182.55	113.30
182.63	122.49
182.71	130.23
182.78	138.72
182.86	153.39
182.93	153.92
183.01	153.49
183.08	148.86
183.16	146.62
183.23	137.24
183.31	144.60
183.39	151.46
183.46	172.47
183.54	183.34
183.61	211.06
183.69	231.35
183.76	265.10
183.84	291.81
183.91	320.75
183.99	362.73
184.06	394.84
184.14	427.36
184.22	472.98
184.29	507.88
184.37	518.46
184.44	536.44
184.52	524.58
184.59	465.98
184.67	411.40
184.74	360.75
184.82	326.38
184.89	322.27
184.97	366.99
185.04	437.76
185.12	508.76
185.20	588.48
185.27	663.84
185.35	752.75
185.42	812.43
185.50	874.59
185.57	929.89
185.65	972.62
185.72	1012.01
185.80	1090.32
185.87	1148.93
185.95	1216.68
186.02	1333.06
186.10	1400.52
186.17	1424.07
186.25	1413.62
186.33	1271.67
186.40	1069.91
186.48	923.95
186.55	831.29
186.63	817.68
186.70	942.61
186.78	1107.78
186.85	1250.49
186.93	1375.65
187.00	1478.57
187.08	1593.05
187.15	1699.63
187.23	1824.58
187.30	1956.97
187.38	2068.11
187.45	2186.71
187.53	2324.59
187.60	2406.69
187.68	2507.86
187.75	2655.64
187.83	2727.23
187.90	2785.16
187.98	2897.25
188.05	2924.56
188.13	2783.26
188.21	2527.23
188.28	2258.99
188.36	1992.17
188.43	1797.93
188.51	1799.22
188.58	1992.13
188.66	2201.01
188.73	2404.85
188.81	2622.27
188.88	2785.87
188.96	2950.28
189.03	3089.85
189.11	3240.68
189.18	3376.71
189.26	3493.49
189.33	3610.18
189.41	3748.41
189.48	3831.53
189.56	3929.62
189.63	4060.21
189.71	4115.22
189.78	4169.26
189.86	4269.31
189.93	4316.34
190.01	4313.68
190.08	4292.78
190.16	4107.01
190.23	3736.39
190.31	3389.92
190.38	3142.36
190.46	2997.03
190.53	3045.97
190.61	3292.51
190.68	3552.27
190.76	3782.77
190.83	3982.36
190.91	4144.12
190.98	4315.29
191.06	4459.60
191.13	4608.74
191.21	4741.91
191.28	4858.86
191.35	4974.28
191.43	5090.37
191.50	5158.18
191.58	5250.76
191.65	5351.75
191.73	5395.00
191.80	5451.29
191.88	5505.03
191.95	5503.27
192.03	5504.26
192.10	5533.69
192.18	5549.65
192.25	5542.55
192.33	5444.71
192.40	5213.20
192.48	4951.32
192.55	4739.76
192.63	4594.45
192.70	4612.69
192.78	4794.10
192.85	5028.82
192.93	5239.22
193.00	5433.75
193.08	5590.00
193.15	5747.22
193.22	5861.62
193.30	5970.40
193.37	6083.23
193.45	6162.76
193.52	6232.26
193.60	6311.25
193.67	6363.57
193.75	6406.93
193.82	6464.16
193.90	6483.05
193.97	6504.03
194.05	6533.55
194.12	6546.24
194.20	6574.81
194.27	6624.00
194.34	6666.86
194.42	6699.65
194.49	6740.61
194.57	6766.57
194.64	6738.00
194.72	6646.90
194.79	6549.56
194.87	6469.37
194.94	6415.75
195.02	6428.65
195.09	6514.85
195.17	6635.49
195.24	6741.33
195.31	6838.23
195.39	6915.92
195.46	6997.51
195.54	7062.82
195.61	7125.03
195.69	7173.34
195.76	7219.44
195.84	7258.73
195.91	7291.20
195.99	7311.12
196.06	7331.25
196.13	7353.16
196.21	7367.62
196.28	7386.66
196.36	7421.98
196.43	7451.34
196.51	7487.85
196.58	7526.87
196.66	7559.44
196.73	7582.05
196.80	7609.48
196.88	7633.39
196.95	7656.40
197.03	7684.03
197.10	7690.23
197.18	7679.67
197.25	7663.53
197.33	7655.73
197.40	7650.71
197.47	7664.01
197.55	7704.11
197.62	7747.31
197.70	7782.11
197.77	7820.25
197.85	7859.24
197.92	7892.67
197.99	7929.82
198.07	7969.90
198.14	7998.31
198.22	8032.99
198.29	8055.95
198.37	8079.02
198.44	8094.80
198.51	8117.06
198.59	8134.73
198.66	8165.64
198.74	8193.98
198.81	8228.25
198.89	8251.36
198.96	8275.98
199.03	8299.38
199.11	8329.28
199.18	8354.49
199.26	8381.33
199.33	8412.29
199.41	8443.93
199.48	8463.93
199.55	8489.20
199.63	8515.93
199.70	8545.54
199.78	8563.22
199.85	8582.47
199.93	8598.06
200.00	8622.24
200.07	8642.53
200.15	8673.78
200.22	8709.60
200.30	8747.80
200.37	8786.81
200.44	8821.06
200.52	8854.90
200.59	8889.07
200.67	8916.01
200.74	8935.53
200.81	8957.66
200.89	8975.71
200.96	9002.31
201.04	9026.76
201.11	9063.00
201.19	9101.14
201.26	9140.01
201.33	9168.11
201.41	9206.83
201.48	9241.17
201.56	9274.60
201.63	9313.51
201.70	9349.06
201.78	9384.37
201.85	9424.58
201.93	9467.36
202.00	9503.05
202.07	9547.39
202.15	9584.72
202.22	9615.81
202.30	9648.68
202.37	9681.35
202.44	9716.03
202.52	9759.24
202.59	9805.86
202.67	9845.55
202.74	9895.23
202.81	9931.88
202.89	9969.67
202.96	10010.35
203.04	10056.04
203.11	10095.32
203.18	10149.68
203.26	10200.71
203.33	10245.96
203.41	10287.44
203.48	10333.59
203.55	10369.76
203.63	10415.12
203.70	10461.22
203.77	10509.26
203.85	10557.77
203.92	10610.40
204.00	10662.86
204.07	10715.71
204.14	10770.97
204.22	10821.47
204.29	10874.45
204.37	10918.31
204.44	10963.67
204.51	11016.88
204.59	11072.86
204.66	11125.96
204.73	11186.88
204.81	11250.81
204.88	11309.88
204.96	11367.66
205.03	11428.93
205.10	11483.86
205.18	11538.98
205.25	11590.31
205.32	11650.82
205.40	11710.56
205.47	11776.17
205.55	11836.91
205.62	11902.34
205.69	11963.90
205.77	12029.00
205.84	12098.43
205.91	12170.73
205.99	12247.22
206.06	12316.94
206.14	12387.97
206.21	12463.31
206.28	12532.97
206.36	12606.84
206.43	12679.28
206.50	12752.73
206.58	12815.51
206.65	12885.29
206.72	12952.69
206.80	13025.68
206.87	13102.22
206.95	13181.97
207.02	13266.85
207.09	13346.35
207.17	13433.86
207.24	13513.15
207.31	13598.26
207.39	13682.63
207.46	13768.75
207.53	13844.82
207.61	13925.46
207.68	14004.20
207.75	14089.20
207.83	14176.11
207.90	14261.32
207.98	14350.39
208.05	14444.00
208.12	14529.26
208.20	14616.06
208.27	14711.53
208.34	14807.57
208.42	14889.94
208.49	14980.64
208.56	15065.31
208.64	15154.21
208.71	15239.52
208.78	15332.30
208.86	15433.18
208.93	15537.57
209.00	15639.72
209.08	15742.06
209.15	15846.63
209.22	15944.12
209.30	16045.39
209.37	16147.05
209.44	16254.35
209.52	16362.33
209.59	16464.29
209.67	16571.40
209.74	16676.57
209.81	16782.09
209.89	16881.92
209.96	16990.15
210.03	17095.98
210.11	17203.95
210.18	17305.16
210.25	17418.68
210.33	17529.13
210.40	17634.63
210.47	17748.64
210.55	17870.64
210.62	17983.16
210.69	18087.87
210.77	18210.08
210.84	18327.90
210.91	18452.55
210.99	18572.92
211.06	18701.27
211.13	18822.53
211.21	18940.68
211.28	19052.37
211.35	19173.69
211.42	19296.26
211.50	19422.17
211.57	19549.72
211.64	19677.53
211.72	19797.88
211.79	19916.84
211.86	20031.05
211.94	20158.01
212.01	20276.04
212.08	20407.68
212.16	20540.01
212.23	20669.42
212.30	20794.57
212.38	20929.34
212.45	21065.02
212.52	21197.01
212.60	21328.37
212.67	21460.16
212.74	21588.32
212.82	21711.44
212.89	21839.78
212.96	21974.57
213.03	22102.43
213.11	22242.10
213.18	22378.17
213.25	22520.33
213.33	22652.25
213.40	22787.83
213.47	22919.51
213.55	23055.64
213.62	23185.15
213.69	23326.19
213.77	23465.26
213.84	23606.44
213.91	23755.38
213.98	23909.16
214.06	24054.08
214.13	24209.36
214.20	24354.46
214.28	24500.96
214.35	24643.06
214.42	24786.78
214.50	24927.23
214.57	25068.16
214.64	25198.39
214.72	25334.20
214.79	25478.58
214.86	25614.44
214.93	25759.98
215.01	25912.12
215.08	26056.06
215.15	26198.28
215.23	26344.25
215.30	26495.23
215.37	26639.50
215.44	26790.63
215.52	26942.04
215.59	27089.73
215.66	27229.58
215.74	27373.71
215.81	27509.03
215.88	27653.65
215.95	27796.85
216.03	27948.30
216.10	28100.62
216.17	28262.49
216.25	28407.53
216.32	28565.27
216.39	28716.68
216.46	28869.36
216.54	29012.79
216.61	29168.47
216.68	29309.34
216.76	29453.64
216.83	29589.08
216.90	29737.95
216.97	29887.41
217.05	30046.66
217.12	30194.52
217.19	30346.11
217.27	30488.26
217.34	30617.64
217.41	30742.49
217.48	30875.04
217.56	31013.77
217.63	31164.93
217.70	31321.67
217.78	31484.77
217.85	31639.18
217.92	31793.54
217.99	31940.62
218.07	32086.28
218.14	32228.85
218.21	32381.28
218.28	32529.35
218.36	32673.98
218.43	32822.93
218.50	32973.60
218.57	33118.11
218.65	33257.81
218.72	33398.60
218.79	33533.61
218.87	33667.73
218.94	33802.84
219.01	33946.53
219.08	34087.66
219.16	34231.09
219.23	34373.15
219.30	34513.90
219.37	34652.93
219.45	34799.13
219.52	34948.10
219.59	35087.34
219.66	35222.02
219.74	35359.26
219.81	35503.39
219.88	35632.15
219.95	35774.07
220.03	35920.99
220.10	36054.84
220.17	36182.83
220.24	36318.49
220.32	36452.05
220.39	36579.92
220.46	36707.60
220.53	36831.32
220.61	36960.86
220.68	37078.20
220.75	37201.07
220.82	37340.57
220.90	37467.84
220.97	37590.52
221.04	37714.31
221.11	37833.68
221.19	37950.03
221.26	38078.95
221.33	38205.91
221.40	38343.00
221.48	38477.40
221.55	38599.71
221.62	38710.96
221.69	38830.09
221.77	38946.01
221.84	39069.03
221.91	39187.23
221.98	39318.51
222.06	39441.23
222.13	39563.19
222.20	39674.06
222.27	39794.16
222.35	39907.93
222.42	40022.92
222.49	40137.97
222.56	40254.78
222.63	40362.66
222.71	40470.35
222.78	40585.08
222.85	40689.77
222.92	40804.01
223.00	40919.06
223.07	41034.05
223.14	41134.31
223.21	41237.86
223.29	41338.54
223.36	41446.61
223.43	41547.72
223.50	41659.56
223.57	41771.95
223.65	41889.71
223.72	41999.55
223.79	42111.01
223.86	42206.86
223.94	42296.97
224.01	42381.89
224.08	42470.98
224.15	42558.55
224.22	42649.66
224.30	42740.07
224.37	42831.06
224.44	42925.75
224.51	43012.49
224.59	43097.68
224.66	43186.42
224.73	43275.81
224.80	43361.72
224.87	43457.68
224.95	43567.04
225.02	43675.22
225.09	43778.65
225.16	43875.60
225.23	43973.67
225.31	44059.12
225.38	44137.79
225.45	44222.75
225.52	44307.52
225.60	44388.59
225.67	44468.90
225.74	44543.13
225.81	44614.87
225.88	44688.95
225.96	44760.15
226.03	44831.99
226.10	44917.29
226.17	44997.04
226.24	45072.94
226.32	45154.55
226.39	45234.31
226.46	45309.76
226.53	45382.01
226.60	45471.11
226.68	45553.45
226.75	45640.70
226.82	45727.91
226.89	45818.08
226.96	45890.47
227.04	45947.06
227.11	46004.73
227.18	46058.66
227.25	46100.68
227.32	46148.03
227.40	46218.36
227.47	46284.37
227.54	46361.88
227.61	46445.64
227.68	46519.33
227.76	46592.11
227.83	46667.32
227.90	46732.36
227.97	46799.72
228.04	46867.15
228.11	46915.27
228.19	46957.13
228.26	47009.64
228.33	47060.00
228.40	47104.22
228.47	47156.99
228.55	47214.61
228.62	47268.48
228.69	47329.67
228.76	47398.17
228.83	47462.56
228.90	47527.20
228.98	47592.76
229.05	47648.72
229.12	47718.17
229.19	47783.57
229.26	47843.46
229.34	47887.67
229.41	47934.98
229.48	47972.79
229.55	48019.46
229.62	48073.40
229.69	48137.44
229.77	48190.76
229.84	48246.65
229.91	48298.10
229.98	48337.48
230.05	48371.93
230.12	48414.01
230.20	48463.66
230.27	48510.80
230.34	48566.07
230.41	48621.96
230.48	48680.37
230.55	48730.66
230.63	48789.71
230.70	48847.17
230.77	48890.90
230.84	48932.16
230.91	48960.76
230.98	48997.02
231.06	49030.55
231.13	49087.31
231.20	49146.20
231.27	49217.27
231.34	49267.31
231.41	49329.20
231.49	49379.25
231.56	49428.59
231.63	49469.38
231.70	49508.49
231.77	49543.67
231.84	49563.90
231.92	49586.78
231.99	49612.00
232.06	49653.30
232.13	49682.35
232.20	49734.07
232.27	49775.88
232.34	49809.68
232.42	49833.01
232.49	49865.42
232.56	49892.27
232.63	49928.40
232.70	49966.03
232.77	50015.34
232.85	50060.57
232.92	50097.77
232.99	50124.35
233.06	50154.48
233.13	50169.58
233.20	50181.16
233.27	50186.65
233.35	50195.79
233.42	50201.66
233.49	50229.04
233.56	50257.86
233.63	50294.79
233.70	50330.48
233.77	50372.11
233.85	50395.22
233.92	50425.04
233.99	50454.37
234.06	50483.35
234.13	50511.03
234.20	50544.23
234.27	50560.60
234.35	50569.40
234.42	50584.56
234.49	50596.49
234.56	50601.33
234.63	50611.88
234.70	50637.68
234.77	50649.54
234.84	50657.50
234.92	50660.52
234.99	50666.80
235.06	50672.37
235.13	50667.59
235.20	50673.11
235.27	50694.06
235.34	50702.60
235.41	50710.77
235.49	50725.67
235.56	50742.11
235.63	50747.20
235.70	50758.87
235.77	50761.21
235.84	50768.64
235.91	50758.35
235.98	50747.78
236.06	50725.39
236.13	50707.45
236.20	50690.65
236.27	50662.56
236.34	50639.50
236.41	50631.01
236.48	50625.31
236.55	50618.23
236.63	50628.85
236.70	50629.30
236.77	50631.51
236.84	50638.57
236.91	50640.86
236.98	50635.46
237.05	50639.31
237.12	50633.66
237.19	50616.03
237.27	50605.82
237.34	50609.93
237.41	50604.33
237.48	50593.95
237.55	50582.77
237.62	50569.45
237.69	50557.55
237.76	50550.19
237.83	50561.06
237.91	50570.61
237.98	50576.91
238.05	50570.26
238.12	50562.93
238.19	50543.95
238.26	50544.70
238.33	50537.33
238.40	50525.08
238.47	50518.29
238.54	50516.38
238.62	50493.25
238.69	50480.21
238.76	50469.38
238.83	50456.24
238.90	50441.48
238.97	50426.70
239.04	50411.41
239.11	50398.55
239.18	50390.58
239.25	50379.93
239.33	50363.30
239.40	50347.67
239.47	50334.86
239.54	50299.36
239.61	50267.51
239.68	50236.84
239.75	50216.85
239.82	50201.87
239.89	50197.72
239.96	50199.69
240.03	50203.81
240.11	50197.85
240.18	50181.90
240.25	50170.60
240.32	50147.24
240.39	50129.72
240.46	50121.98
240.53	50120.61
240.60	50115.26
240.67	50112.00
240.74	50111.13
240.81	50101.52
240.88	50095.47
240.96	50087.33
241.03	50083.92
241.10	50079.77
241.17	50071.46
241.24	50059.84
241.31	50055.08
241.38	50049.42
241.45	50037.19
241.52	50028.90
241.59	50015.33
241.66	50001.80
241.73	49986.48
241.80	49974.12
241.88	49959.44
241.95	49946.90
242.02	49927.26
242.09	49901.75
242.16	49875.81
242.23	49862.13
242.30	49848.61
242.37	49841.16
242.44	49843.12
242.51	49835.49
242.58	49826.23
242.65	49825.06
242.72	49827.32
242.79	49819.50
242.87	49822.15
242.94	49812.08
243.01	49807.96
243.08	49803.49
243.15	49802.74
243.22	49806.67
243.29	49819.73
243.36	49817.27
243.43	49820.36
243.50	49840.22
243.57	49859.09
243.64	49870.59
243.71	49879.09
243.78	49877.61
243.85	49862.11
243.92	49852.22
243.99	49847.80
244.07	49843.01
244.14	49833.61
244.21	49828.62
244.28	49817.42
244.35	49797.13
244.42	49790.84
244.49	49793.99
244.56	49800.66
244.63	49806.30
244.70	49812.58
244.77	49822.00
244.84	49830.69
244.91	49837.89
244.98	49846.47
245.05	49865.38
245.12	49879.64
245.19	49889.86
245.26	49895.19
245.33	49905.51
245.40	49925.35
245.47	49955.36
245.55	49980.94
245.62	50000.17
245.69	50002.76
245.76	50000.18
245.83	49993.40
245.90	49992.30
245.97	49998.66
246.04	50025.13
246.11	50036.21
246.18	50046.09
246.25	50047.75
246.32	50046.46
246.39	50039.97
246.46	50049.02
246.53	50061.13
246.60	50081.70
246.67	50105.34
246.74	50133.00
246.81	50156.22
246.88	50168.16
246.95	50190.66
247.02	50215.53
247.09	50232.18
247.16	50241.88
247.23	50245.24
247.30	50239.28
247.37	50233.54
247.44	50242.84
247.51	50254.90
247.58	50284.09
247.66	50315.83
247.73	50357.38
247.80	50390.68
247.87	50419.88
247.94	50449.38
248.01	50485.67
248.08	50505.80
248.15	50529.57
248.22	50560.92
248.29	50586.38
248.36	50602.32
248.43	50629.82
248.50	50650.51
248.57	50672.49
248.64	50680.57
248.71	50700.89
248.78	50724.18
248.85	50741.58
248.92	50759.13
248.99	50783.68
249.06	50800.07
249.13	50807.09
249.20	50819.70
249.27	50835.46
249.34	50849.15
249.41	50858.17
249.48	50858.16
249.55	50856.24
249.62	50867.97
249.69	50879.71
249.76	50907.77
249.83	50951.75
249.90	51002.34
249.97	51041.31
250.04	51092.89
250.11	51129.67
250.18	51155.75
250.25	51173.07
250.32	51186.57
250.39	51202.19
250.46	51220.80
250.53	51249.28
250.60	51283.25
250.67	51314.84
250.74	51337.19
250.81	51348.94
250.88	51364.92
250.95	51378.43
251.02	51395.14
251.09	51420.04
251.16	51451.80
251.23	51471.09
251.30	51487.20
251.37	51498.94
251.44	51505.89
251.51	51516.93
251.58	51534.81
251.65	51551.35
251.72	51559.37
251.79	51575.27
251.86	51592.34
251.93	51607.31
252.00	51621.83
252.07	51640.32
252.14	51657.95
252.21	51661.30
252.28	51666.93
252.35	51679.56
252.42	51703.86
252.49	51712.56
252.56	51728.76
252.63	51738.71
252.70	51746.69
252.77	51752.06
252.84	51761.03
252.91	51771.41
252.98	51790.19
253.05	51803.43
253.12	51812.71
253.19	51830.27
253.25	51851.19
253.32	51861.30
253.39	51886.65
253.46	51914.44
253.53	51939.97
253.60	51950.72
253.67	51963.88
253.74	51974.84
253.81	51989.79
253.88	51989.86
253.95	52005.73
254.02	52020.39
254.09	52034.37
254.16	52041.56
254.23	52057.92
254.30	52066.22
254.37	52081.34
254.44	52093.48
254.51	52099.01
254.58	52105.98
254.65	52115.05
254.72	52118.81
254.79	52110.93
254.86	52115.87
254.93	52116.51
255.00	52126.02
255.07	52133.56
255.14	52153.20
255.21	52150.04
255.28	52150.26
255.34	52132.51
255.41	52122.88
255.48	52104.71
255.55	52109.14
255.62	52116.95
255.69	52127.90
255.76	52133.16
255.83	52143.76
255.90	52150.16
255.97	52159.73
256.04	52161.99
256.11	52163.41
256.18	52158.60
256.25	52152.39
256.32	52139.00
256.39	52145.90
256.46	52147.45
256.53	52155.09
256.60	52153.37
256.67	52152.24
256.74	52141.85
256.80	52144.67
256.87	52144.25
256.94	52151.80
257.01	52154.16
257.08	52151.12
257.15	52134.51
257.22	52119.80
257.29	52093.95
257.36	52069.63
257.43	52058.08
257.50	52053.59
257.57	52044.73
257.64	52050.42
257.71	52041.91
257.78	52031.53
257.85	52012.77
257.92	51998.28
257.98	51976.89
258.05	51973.10
258.12	51949.39
258.19	51935.45
258.26	51914.71
258.33	51897.85
258.40	51884.06
258.47	51889.95
258.54	51886.68
258.61	51890.78
258.68	51886.85
258.75	51874.43
258.82	51856.98
258.89	51835.56
258.95	51814.98
259.02	51800.12
259.09	51781.32
259.16	51758.35
259.23	51738.42
259.30	51713.01
259.37	51696.31
259.44	51682.28
259.51	51669.94
259.58	51667.38
259.65	51656.99
259.72	51631.98
259.79	51600.85
259.85	51569.17
259.92	51525.30
259.99	51492.67
260.06	51464.45
260.13	51436.66
260.20	51404.42
260.27	51375.38
260.34	51342.76
260.41	51317.87
260.48	51301.54
260.55	51289.04
260.62	51279.60
260.68	51261.99
260.75	51235.22
260.82	51208.42
260.89	51183.97
260.96	51154.16
261.03	51134.30
261.10	51105.16
261.17	51082.06
261.24	51051.17
261.31	51024.66
261.38	50995.28
261.44	50967.66
261.51	50922.31
261.58	50885.96
261.65	50847.41
261.72	50804.00
261.79	50763.40
261.86	50739.15
261.93	50712.91
262.00	50679.60
262.07	50642.35
262.13	50612.17
262.20	50577.49
262.27	50534.76
262.34	50504.90
262.41	50479.56
262.48	50443.91
262.55	50402.74
262.62	50369.16
262.69	50324.81
262.76	50286.86
262.82	50249.06
262.89	50217.89
262.96	50188.22
263.03	50163.66
263.10	50143.83
263.17	50122.74
263.24	50088.43
263.31	50055.27
263.38	50014.53
263.44	49969.15
263.51	49915.77
263.58	49867.88
263.65	49824.75
263.72	49774.01
263.79	49729.16
263.86	49694.60
263.93	49661.05
264.00	49618.06
264.06	49591.63
264.13	49552.17
264.20	49519.01
264.27	49479.05
264.34	49434.18
264.41	49385.22
264.48	49339.51
264.55	49292.69
264.61	49244.77
264.68	49207.30
264.75	49171.23
264.82	49125.26
264.89	49084.69
264.96	49049.22
265.03	49004.79
265.10	48966.18
265.16	48930.79
265.23	48889.79
265.30	48861.71
265.37	48830.95
265.44	48783.19
265.51	48743.03
265.58	48699.14
265.65	48639.57
265.71	48583.49
265.78	48550.20
265.85	48505.25
265.92	48461.27
265.99	48423.06
266.06	48391.93
266.13	48342.07
266.20	48308.11
266.26	48270.38
266.33	48228.37
266.40	48179.88
266.47	48130.75
266.54	48062.73
266.61	47997.25
266.68	47940.94
266.74	47879.62
266.81	47823.15
266.88	47774.40
266.95	47725.01
267.02	47675.75
267.09	47636.74
267.16	47593.42
267.22	47559.86
267.29	47531.46
267.36	47487.94
267.43	47447.69
267.50	47407.94
267.57	47376.62
267.64	47342.54
267.70	47309.57
267.77	47272.15
267.84	47238.57
267.91	47179.54
267.98	47120.80
268.05	47072.11
268.11	47018.66
268.18	46962.13
268.25	46919.04
268.32	46877.36
268.39	46835.31
268.46	46795.69
268.53	46760.49
268.59	46728.16
268.66	46695.22
268.73	46657.41
268.80	46617.57
268.87	46568.84
268.94	46521.44
269.00	46472.46
269.07	46428.57
269.14	46396.99
269.21	46370.50
269.28	46330.85
269.35	46289.48
269.41	46246.50
269.48	46193.09
269.55	46132.85
269.62	46083.23
269.69	46039.94
269.76	45994.61
269.82	45951.49
269.89	45925.62
269.96	45898.90
270.03	45865.08
270.10	45833.42
270.17	45794.62
270.23	45753.31
270.30	45705.00
270.37	45670.15
270.44	45642.16
270.51	45608.90
270.58	45574.46
270.64	45551.18
270.71	45510.36
270.78	45472.20
270.85	45435.53
270.92	45398.37
270.99	45357.01
271.05	45327.61
271.12	45282.86
271.19	45253.87
271.26	45210.99
271.33	45174.50
271.39	45137.36
271.46	45097.77
271.53	45062.46
271.60	45042.61
271.67	45014.58
271.74	44974.22
271.80	44948.45
271.87	44919.87
271.94	44881.82
272.01	44841.55
272.08	44815.86
272.14	44780.88
272.21	44746.97
272.28	44724.56
272.35	44705.13
272.42	44674.99
272.48	44657.95
272.55	44630.26
272.62	44602.28
272.69	44584.90
272.76	44579.09
272.83	44551.96
272.89	44522.94
272.96	44492.51
273.03	44449.42
273.10	44400.72
273.17	44368.96
273.23	44345.99
273.30	44324.37
273.37	44306.36
273.44	44293.48
273.51	44277.76
273.57	44258.12
273.64	44237.66
273.71	44208.86
273.78	44178.19
273.85	44153.44
273.91	44124.53
273.98	44101.95
274.05	44086.80
274.12	44071.02
274.19	44051.40
274.25	44038.78
274.32	44010.05
274.39	43979.63
274.46	43933.36
274.53	43885.57
274.59	43832.98
274.66	43802.14
274.73	43784.03
274.80	43769.06
274.86	43745.64
274.93	43721.87
275.00	43680.66
275.07	43628.12
275.14	43599.57
275.20	43571.30
275.27	43555.63
275.34	43537.29
275.41	43526.48
275.48	43506.01
275.54	43484.86
275.61	43456.17
275.68	43436.21
275.75	43405.76
275.81	43371.29
275.88	43349.16
275.95	43330.66
276.02	43302.04
276.09	43284.42
276.15	43255.89
276.22	43224.31
276.29	43198.79
276.36	43171.57
276.42	43136.82
276.49	43119.70
276.56	43095.03
276.63	43063.99
276.70	43041.17
276.76	43023.59
276.83	43001.54
276.90	42987.76
276.97	42965.78
277.03	42949.78
277.10	42928.30
277.17	42914.99
277.24	42896.38
277.30	42880.94
277.37	42862.91
277.44	42846.24
277.51	42823.60
277.58	42795.96
277.64	42778.00
277.71	42755.96
277.78	42739.64
277.85	42705.64
277.91	42683.15
277.98	42652.18
278.05	42619.41
278.12	42589.67
278.18	42572.02
278.25	42555.57
278.32	42544.95
278.39	42537.69
278.45	42523.40
278.52	42507.14
278.59	42488.50
278.66	42459.97
278.72	42439.09
278.79	42412.01
278.86	42390.57
278.93	42374.66
278.99	42358.99
279.06	42335.55
279.13	42314.41
279.20	42296.31
279.26	42272.22
279.33	42253.65
279.40	42231.55
279.47	42213.55
279.53	42185.72
279.60	42155.63
279.67	42124.01
279.74	42094.43
279.80	42065.40
279.87	42055.25
279.94	42049.04
280.01	42041.15
280.07	42027.73
280.14	42006.16
280.21	41977.65
280.28	41946.32
280.34	41910.88
280.41	41888.27
280.48	41869.34
280.55	41840.67
280.61	41814.08
280.68	41793.30
280.75	41760.82
280.82	41727.13
280.88	41693.34
280.95	41644.27
281.02	41585.59
281.08	41516.00
281.15	41444.03
281.22	41371.30
281.29	41310.62
281.35	41255.85
281.42	41223.27
281.49	41184.64
281.56	41156.15
281.62	41133.79
281.69	41102.64
281.76	41062.91
281.82	41034.53
281.89	41005.56
281.96	40973.67
282.03	40946.85
282.09	40922.54
282.16	40900.06
282.23	40870.75
282.30	40838.42
282.36	40816.91
282.43	40796.86
282.50	40784.01
282.56	40759.44
282.63	40743.84
282.70	40729.77
282.77	40714.47
282.83	40685.45
282.90	40673.74
282.97	40650.25
283.03	40616.31
283.10	40587.69
283.17	40569.49
283.24	40539.35
283.30	40510.12
283.37	40488.45
283.44	40463.70
283.50	40434.31
283.57	40417.16
283.64	40394.29
283.71	40356.70
283.77	40312.64
283.84	40272.23
283.91	40228.66
283.97	40208.64
284.04	40212.80
284.11	40222.21
284.18	40232.46
284.24	40248.24
284.31	40247.11
284.38	40236.32
284.44	40223.91
284.51	40202.26
284.58	40180.19
284.64	40168.95
284.71	40157.17
284.78	40144.00
284.85	40139.36
284.91	40130.50
284.98	40110.30
285.05	40083.79
285.11	40068.81
285.18	40049.46
285.25	40035.15
285.31	40034.32
285.38	40036.17
285.45	40035.71
285.52	40032.68
285.58	40025.56
285.65	40005.99
285.72	39978.66
285.78	39953.42
285.85	39938.78
285.92	39919.78
285.98	39901.60
286.05	39891.53
286.12	39887.41
286.18	39876.04
286.25	39871.63
286.32	39869.23
286.39	39873.24
286.45	39859.17
286.52	39846.23
286.59	39833.37
286.65	39823.94
286.72	39813.00
286.79	39807.79
286.85	39798.76
286.92	39785.08
286.99	39777.29
287.05	39762.93
287.12	39755.08
287.19	39751.69
287.25	39750.84
287.32	39745.15
287.39	39747.13
287.45	39741.67
287.52	39739.91
287.59	39735.90
287.65	39733.59
287.72	39723.61
287.79	39711.11
287.86	39698.84
287.92	39682.81
287.99	39674.88
288.06	39672.12
288.12	39667.71
288.19	39663.28
288.26	39657.28
288.32	39645.68
288.39	39635.21
288.46	39638.96
288.52	39639.94
288.59	39647.68
288.66	39648.21
288.72	39651.34
288.79	39651.35
288.86	39652.32
288.92	39648.34
288.99	39646.26
289.06	39640.33
289.12	39632.35
289.19	39627.49
289.26	39632.90
289.32	39642.37
289.39	39645.04
289.45	39647.43
289.52	39642.20
289.59	39637.41
289.65	39634.51
289.72	39641.18
289.79	39657.32
289.85	39673.55
289.92	39685.09
289.99	39695.75
290.05	39695.39
290.12	39675.54
290.19	39670.14
290.25	39662.19
290.32	39653.40
290.39	39657.64
290.45	39666.82
290.52	39666.14
290.59	39674.04
290.65	39681.01
290.72	39678.17
290.79	39683.42
290.85	39694.39
290.92	39704.36
290.98	39708.30
291.05	39717.59
291.12	39722.39
291.18	39726.09
291.25	39723.76
291.32	39724.23
291.38	39720.78
291.45	39721.86
291.52	39714.36
291.58	39718.24
291.65	39728.79
291.72	39743.49
291.78	39764.28
291.85	39785.59
291.91	39803.70
291.98	39824.56
292.05	39834.75
292.11	39838.33
292.18	39853.45
292.25	39857.83
292.31	39847.21
292.38	39854.02
292.45	39861.61
292.51	39869.32
292.58	39873.66
292.64	39886.87
292.71	39887.36
292.78	39893.28
292.84	39883.97
292.91	39894.61
292.98	39901.43
293.04	39913.40
293.11	39922.55
293.17	39937.95
293.24	39946.52
293.31	39962.98
293.37	39982.06
293.44	39986.78
293.51	40004.83
293.57	40009.68
293.64	40014.26
293.70	40025.29
293.77	40046.95
293.84	40056.67
293.90	40070.30
293.97	40075.69
294.04	40082.44
294.10	40090.15
294.17	40095.72
294.23	40108.52
294.30	40125.78
294.37	40136.77
294.43	40151.86
294.50	40163.87
294.56	40173.95
294.63	40186.87
294.70	40199.09
294.76	40207.75
294.83	40221.65
294.90	40242.16
294.96	40253.64
295.03	40267.02
295.09	40287.66
295.16	40305.80
295.23	40313.91
295.29	40326.04
295.36	40336.39
295.42	40336.13
295.49	40341.13
295.56	40356.06
295.62	40374.78
295.69	40383.87
295.75	40399.64
295.82	40415.46
295.89	40421.48
295.95	40427.19
296.02	40441.16
296.08	40445.57
296.15	40447.83
296.22	40461.96
296.28	40473.58
296.35	40492.39
296.41	40516.08
296.48	40541.75
296.55	40563.07
296.61	40584.21
296.68	40600.23
296.74	40624.54
296.81	40656.32
296.88	40672.66
296.94	40691.94
297.01	40711.76
297.07	40721.94
297.14	40722.67
297.20	40740.75
297.27	40755.76
297.34	40777.71
297.40	40800.66
297.47	40811.83
297.53	40816.36
297.60	40833.40
297.67	40845.07
297.73	40860.11
297.80	40881.88
297.86	40898.95
297.93	40906.76
298.00	40917.40
298.06	40927.33
298.13	40946.55
298.19	40972.61
298.26	40995.33
298.32	41017.87
298.39	41025.02
298.46	41029.41
298.52	41035.51
298.59	41040.07
298.65	41044.47
298.72	41068.92
298.78	41087.96
298.85	41102.48
298.92	41119.41
298.98	41132.82
299.05	41138.76
299.11	41153.78
299.18	41165.54
299.24	41177.21
299.31	41182.81
299.38	41194.70
299.44	41201.78
299.51	41218.62
299.57	41228.93
299.64	41242.66
299.70	41253.02
299.77	41266.54
299.84	41267.06
299.90	41264.74
299.97	41270.30
300.03	41279.59
300.10	41288.48
300.16	41300.86
300.23	41323.04
300.30	41340.25
300.36	41344.15
300.43	41362.42
300.49	41374.50
300.56	41394.64
300.62	41411.77
300.69	41431.47
300.75	41428.05
300.82	41443.93
300.89	41447.03
300.95	41458.20
301.02	41460.39
301.08	41466.55
301.15	41461.22
301.21	41466.75
301.28	41463.09
301.34	41472.15
301.41	41478.02
301.48	41478.11
301.54	41467.14
301.61	41461.65
301.67	41454.55
301.74	41455.74
301.80	41461.65
301.87	41463.57
301.93	41461.67
302.00	41462.02
302.06	41445.73
302.13	41428.39
302.20	41425.06
302.26	41421.99
302.33	41418.24
302.39	41420.91
302.46	41426.66
302.52	41420.77
302.59	41414.99
302.65	41410.50
302.72	41406.62
302.78	41400.17
302.85	41399.94
302.91	41392.99
302.98	41379.28
303.05	41374.05
303.11	41371.12
303.18	41353.92
303.24	41338.87
303.31	41328.27
303.37	41305.97
303.44	41288.28
303.50	41275.75
303.57	41262.22
303.63	41242.81
303.70	41239.02
303.76	41224.26
303.83	41216.41
303.89	41205.31
303.96	41195.82
304.03	41178.09
304.09	41162.27
304.16	41135.51
304.22	41114.04
304.29	41096.89
304.35	41072.83
304.42	41055.49
304.48	41038.76
304.55	41019.81
304.61	40990.27
304.68	40971.63
304.74	40948.31
304.81	40926.06
304.87	40894.95
304.94	40869.67
305.00	40845.63
305.07	40813.18
305.13	40776.57
305.20	40751.08
305.26	40732.59
305.33	40707.28
305.39	40682.74
305.46	40650.78
305.52	40630.60
305.59	40604.01
305.66	40570.48
305.72	40535.36
305.79	40512.25
305.85	40480.26
305.92	40430.37
305.98	40322.50
306.05	40110.44
306.11	39817.78
306.18	39529.30
306.24	39343.43
306.31	39308.39
306.37	39433.48
306.44	39665.78
306.50	39894.81
306.57	40032.73
306.63	40082.02
306.70	40071.00
306.76	40037.34
306.83	39989.90
306.89	39933.75
306.96	39887.08
307.02	39841.51
307.09	39801.11
307.15	39763.95
307.22	39737.97
307.28	39693.18
307.35	39653.62
307.41	39599.68
307.48	39550.74
307.54	39504.72
307.61	39454.16
307.67	39402.87
307.74	39356.42
307.80	39316.81
307.87	39265.07
307.93	39223.75
308.00	39181.41
308.06	39142.87
308.13	39087.61
308.19	39035.01
308.26	38983.90
308.32	38939.22
308.38	38899.19
308.45	38858.49
308.51	38828.15
308.58	38776.55
308.64	38715.26
308.71	38654.58
308.77	38604.13
308.84	38546.25
308.90	38523.86
308.97	38502.71
309.03	38474.55
309.10	38428.08
309.16	38383.51
309.23	38316.28
309.29	38247.43
309.36	38165.58
309.42	38096.15
309.49	38023.47
309.55	37954.92
309.62	37887.09
309.68	37838.44
309.75	37779.39
309.81	37723.92
309.88	37676.41
309.94	37625.49
310.00	37560.39
310.07	37507.21
310.13	37459.40
310.20	37399.36
310.26	37348.06
310.33	37297.72
310.39	37255.19
310.46	37197.53
310.52	37151.20
310.59	37098.61
310.65	37051.82
310.72	36990.96
310.78	36932.79
310.85	36863.11
310.91	36806.52
310.97	36749.93
311.04	36693.66
311.10	36633.90
311.17	36585.82
311.23	36530.86
311.30	36476.73
311.36	36422.04
311.43	36379.34
311.49	36318.99
311.56	36257.83
311.62	36192.59
311.69	36133.92
311.75	36076.36
311.81	36016.68
311.88	35952.55
311.94	35900.03
312.01	35851.50
312.07	35795.11
312.14	35750.36
312.20	35708.92
312.27	35659.63
312.33	35599.50
312.40	35536.84
312.46	35467.52
312.52	35404.59
312.59	35338.92
312.65	35266.41
312.72	35197.96
312.78	35133.27
312.85	35067.27
312.91	34993.71
312.98	34927.92
313.04	34870.21
313.10	34810.73
313.17	34749.20
313.23	34701.41
313.30	34658.19
313.36	34589.03
313.43	34521.22
313.49	34456.36
313.56	34375.68
313.62	34294.39
313.68	34231.77
313.75	34176.00
313.81	34118.25
313.88	34061.22
313.94	34004.89
314.01	33947.49
314.07	33886.11
314.13	33822.42
314.20	33773.01
314.26	33712.85
314.33	33650.22
314.39	33582.96
314.46	33501.93
314.52	33422.94
314.58	33350.68
314.65	33279.03
314.71	33212.56
314.78	33153.80
314.84	33093.08
314.91	33032.48
314.97	32973.45
315.03	32913.39
315.10	32858.60
315.16	32789.75
315.23	32724.23
315.29	32661.26
315.36	32600.40
315.42	32534.19
315.48	32474.56
315.55	32410.84
315.61	32338.74
315.68	32271.71
315.74	32206.94
315.81	32135.88
315.87	32061.38
315.93	32007.16
316.00	31960.10
316.06	31916.79
316.13	31889.83
316.19	31845.41
316.25	31740.44
316.32	31574.61
316.38	31357.18
316.45	31074.83
316.51	30759.42
316.58	30426.72
316.64	30079.35
316.70	29716.87
316.77	29330.28
316.83	28921.09
316.90	28494.83
316.96	28053.65
317.02	27595.05
317.09	27132.48
317.15	26659.88
317.22	26177.13
317.28	25674.89
317.34	25157.48
317.41	24633.25
317.47	24101.74
317.54	23555.40
317.60	23004.90
317.66	22444.44
317.73	21872.97
317.79	21295.66
317.86	20721.18
317.92	20138.76
317.98	19552.05
318.05	18957.89
318.11	18363.00
318.18	17771.91
318.24	17177.58
318.30	16587.98
318.37	16000.91
318.43	15413.41
318.50	14823.96
318.56	14241.86
318.62	13673.43
318.69	13110.51
318.75	12558.76
318.82	12013.17
318.88	11486.25
318.94	10964.16
319.01	10456.20
319.07	9963.12
319.13	9479.93
319.20	9009.33
319.26	8545.70
319.33	8100.57
319.39	7659.89
319.45	7249.28
319.52	6852.23
319.58	6474.20
319.65	6110.20
319.71	5762.67
319.77	5425.04
319.84	5102.80
319.90	4802.33
319.96	4512.69
320.03	4245.69
320.09	3994.73
320.16	3751.54
320.22	3524.65
320.28	3316.05
320.35	3119.48
320.41	2934.08
320.47	2769.59
320.54	2611.34
320.60	2468.20
320.67	2336.15
320.73	2214.72
320.79	2100.02
320.86	2001.43
320.92	1906.91
320.98	1825.34
321.05	1748.31
321.11	1675.41
321.18	1606.69
321.24	1547.88
321.30	1487.41
321.37	1436.68
321.43	1397.26
321.49	1357.93
321.56	1319.63
321.62	1288.01
321.68	1254.14
321.75	1221.66
321.81	1192.77
321.88	1165.84
321.94	1141.34
322.00	1119.20
322.07	1090.06
322.13	1062.94
322.19	1033.28
322.26	1000.55
322.32	970.19
322.38	945.56
322.45	924.52
322.51	899.02
322.58	879.89
322.64	851.84
322.70	827.61
322.77	794.41
322.83	774.18
322.89	743.21
322.96	716.77
323.02	687.88
323.08	660.79
323.15	630.06
323.21	605.43
323.27	581.83
323.34	557.41
323.40	533.74
323.46	508.74
323.53	477.19
323.59	402.94
323.65	302.73
323.72	189.44
323.78	80.61
323.85	-17.64
323.91	-67.23
323.97	-85.26
324.04	-86.31
