3429.0769
-125.7043
633.9284
-44.5132
-10.4456
16.8728
48.3048
49.0005
50.7885
54.9624
57.5896
57.67
58.7054
61.9691
64.7235
84.1462
92.5053
100.2634
111.0666
116.1376
110.5297
107.2768
112.1786
119.8413
128.9747
142.8613
158.323
180.4538
199.2143
223.9028
238.8174
269.1849
288.1852
305.8088
322.322
331.3891
316.473
300.8516
280.847
270.3636
267.3582
293.2441
324.5387
373.5989
416.1135
471.5856
525.8832
589.9247
644.7507
704.1313
763.9566
811.2239
865.3653
903.4412
909.5591
907.0671
877.7359
787.2269
690.0078
621.8536
559.9834
549.3834
602.2216
696.5919
798.0307
903.7277
1005.2998
1110.345
1199.1528
1266.737
1344.2786
1398.4069
1453.4997
1525.3035
1602.1996
1668.6196
1755.9462
1810.4512
1811.9551
1770.7409
1640.0115
1444.6449
1279.1003
1181.4028
1164.6017
1247.9998
1418.2425
1580.3524
1724.8634
1846.0092
1979.8674
2088.1647
2220.1053
2353.4527
2471.2417
2591.028
2725.9909
2823.1441
2913.2507
3033.2725
3111.0604
3150.7586
3187.8527
3181.1207
3059.9506
2829.0462
2571.6974
2353.6604
2190.9033
2163.5294
2300.0116
2512.0552
2706.0876
2905.2694
3087.3873
3248.7527
3383.6446
3530.3872
3669.3246
3778.3727
3884.3847
4005.7539
4099.3627
4185.1281
4292.614
4370.7326
4422.033
4479.524
4499.3582
4465.9585
4391.3459
4229.9232
3947.3978
3652.0069
3444.5881
3331.1319
3351.9245
3520.1013
3761.2721
3970.6117
4170.4392
4338.2411
4502.1117
4636.2264
4781.6767
4907.0804
5018.9307
5124.4286
5235.4834
5312.4863
5385.6087
5467.4427
5516.7364
5549.8909
5584.4371
5590.6326
5581.8994
5581.956
5568.1713
5530.2704
5443.9576
5273.4757
5075.8023
4919.5441
4829.5106
4836.3277
4967.4864
5156.9956
5349.1088
5521.3813
5665.4484
5799.7111
5912.8884
6007.58
6084.1874
6161.3926
6211.3279
6265.2994
6315.88
6365.1883
6408.9798
6448.8952
6477.0179
6510.7913
6544.4787
6575.8496
6621.9957
6667.7718
6693.8033
6707.6755
6716.3753
6692.9575
6620.9206
6537.1982
6462.8419
6400.8568
6376.4329
6412.6834
6481.7619
6570.2641
6670.5979
6767.5867
6865.0978
6952.4017
7033.3261
7098.8099
7148.6256
7185.8159
7226.967
7243.8616
7253.4182
7267.3414
7280.6157
7281.9444
7286.7336
7289.5644
7281.7159
7273.1982
7272.6923
7285.1996
7315.5593
7361.6111
7411.6698
7467.418
7513.3627
7533.1942
7543.3611
7551.3528
7563.4867
7585.3808
7611.055
7647.8036
7680.4233
7701.3448
7715.3506
7731.7024
7728.8839
7713.4713
7689.402
7665.7099
7667.2599
7692.9574
7750.007
7829.292
7909.3852
7973.852
8036.6566
8085.4144
8123.9384
8156.5463
8186.6356
8203.1759
8223.1737
8232.8734
8243.1748
8254.9169
8261.1868
8236.6677
8205.9593
8166.0737
8139.3641
8130.3195
8169.1651
8238.7079
8334.1855
8421.0971
8508.4332
8577.8401
8629.045
8676.8463
8720.527
8757.6784
8794.7621
8820.6489
8828.9929
8832.4932
8831.8373
8836.4365
8835.3878
8831.3218
8822.0964
8814.571
8807.6489
8832.9918
8890.3908
8968.6857
9065.1547
9153.5661
9231.2756
9299.6089
9356.7324
9399.5634
9443.2323
9478.998
9505.876
9534.7392
9556.9877
9579.5324
9603.2298
9624.4731
9637.4024
9658.619
9670.691
9676.6719
9696.2544
9741.8657
9796.2221
9876.9181
9973.0492
10060.0654
10129.2735
10193.5663
10235.3016
10280.1006
10329.6398
10376.4964
10417.8248
10464.0727
10517.8312
10565.4014
10617.2735
10662.2089
10708.665
10734.0729
10759.8948
10788.569
10823.6231
10862.9265
10925.1638
10996.4484
11077.333
11165.8398
11248.9657
11316.9772
11380.7894
11436.8325
11492.7761
11549.9297
11613.3814
11677.2619
11743.2832
11809.3845
11872.6955
11931.8805
11992.6726
12049.5722
12098.8401
12153.3012
12212.6766
12264.5713
12324.0749
12385.1965
12458.0188
12531.2121
12612.4307
12694.0334
12782.6664
12865.0215
12952.5733
13045.674
13139.8982
13235.0635
13327.7031
13413.9723
13492.6735
13565.418
13629.8562
13702.1328
13771.9354
13851.5046
13934.8416
14019.5105
14088.4172
14169.5425
14242.2309
14320.3134
14406.4586
14504.3154
14592.0141
14681.0738
14762.0808
14851.4779
14939.3093
15026.7471
15130.0953
15236.5902
15336.2269
15431.8817
15536.1771
15635.6921
15735.2805
15833.7803
15943.2399
16049.3046
16142.1524
16239.2079
16334.1862
16437.5506
16537.1366
16640.6692
16742.5929
16846.3848
16937.3777
17044.3033
17157.0897
17264.3877
17378.111
17496.9777
17598.7303
17692.0789
17799.1103
17903.0502
18019.4982
18135.7475
18262.9967
18388.0569
18511.0472
18617.5308
18734.9515
18850.3108
18960.1204
19071.1315
19187.9699
19300.946
19410.428
19525.348
19653.3286
19776.0792
19901.8191
20026.4538
20155.0648
20274.3595
20394.6724
20520.4774
20652.5368
20776.6357
20905.3212
21036.5959
21159.8815
21280.5452
21406.6811
21538.7537
21676.9507
21815.5384
21963.2267
22106.8922
22239.3753
22365.6707
22485.5591
22596.5702
22712.7079
22834.3254
22958.5299
23102.5785
23244.3659
23386.117
23533.6112
23684.6271
23835.3457
23982.0937
24126.9684
24268.1091
24399.4459
24520.4312
24646.1413
24770.8242
24894.5597
25026.6979
25172.1179
25308.4769
25442.9875
25564.2868
25696.6841
25820.9767
25972.3489
26134.3499
26303.0166
26458.5314
26611.4381
26752.3466
26891.1683
27022.8204
27155.1702
27293.9114
27436.9358
27576.2433
27733.3092
27891.8125
28041.0253
28174.5783
28307.3146
28431.4708
28565.8084
28708.3303
28868.7241
29035.676
29202.0812
29347.0949
29465.9541
29557.0736
29644.7885
29743.5482
29855.1417
29988.5174
30151.6082
30318.4608
30480.5587
30640.6723
30806.5352
30971.0431
31115.3494
31249.8811
31394.6935
31538.6535
31679.4299
31826.6502
31979.9687
32116.0972
32236.828
32355.2051
32483.5373
32613.8083
32751.8222
32897.0539
33033.6439
33163.7082
33282.3525
33397.0747
33516.4083
33643.3633
33782.6656
33917.5178
34045.5778
34180.6615
34336.0997
34475.0558
34620.4976
34776.4556
34915.0147
35029.5527
35152.625
35277.9743
35397.0542
35515.0008
35639.7192
35758.044
35883.0483
36013.1541
36151.9114
36268.9238
36367.8644
36456.3627
36543.4297
36636.7908
36745.7061
36876.9013
37012.2698
37151.0967
37278.3822
37407.643
37538.2686
37662.2923
37780.6417
37902.3754
38022.6717
38141.0361
38269.0725
38386.2811
38495.7828
38601.2638
38701.3741
38785.1898
38867.8088
38956.2737
39054.7589
39167.4533
39288.0823
39409.3294
39512.8222
39602.8435
39673.903
39752.9978
39851.6361
39978.0371
40108.87
40245.7859
40380.4627
40511.0434
40621.3378
40725.8545
40826.0188
40922.4713
40999.5948
41065.2707
41128.8593
41190.9054
41241.4858
41311.9035
41403.2925
41500.6381
41602.914
41718.0261
41825.0479
41928.6387
42031.1255
42132.1195
42231.7355
42322.6935
42406.7996
42493.7917
42581.594
42665.303
42756.2016
42846.8453
42923.7172
42973.4791
43014.361
43052.6158
43105.8531
43191.4599
43313.0183
43443.3768
43571.8941
43690.5305
43777.5053
43847.7476
43906.7412
43966.1974
44018.958
44078.0264
44145.0314
44220.8763
44296.4864
44366.38
44418.1635
44460.1345
44501.2487
44529.6115
44579.7847
44651.3376
44721.9049
44788.9133
44865.1244
44937.8503
45010.2041
45086.2343
45158.6241
45223.0298
45277.5268
45317.7835
45356.0847
45411.807
45481.5709
45546.3831
45616.9517
45688.9673
45754.8282
45811.4068
45868.666
45924.3401
45979.9802
46037.2113
46102.0146
46176.2007
46247.7329
46317.3084
46366.4429
46411.6333
46453.9682
46498.2278
46548.3695
46604.5874
46646.723
46680.7844
46714.0047
46735.2296
46762.3398
46808.9062
46872.9392
46938.5276
47008.5778
47082.402
47143.3032
47190.9305
47235.0266
47282.8107
47307.149
47333.3239
47356.9884
47391.9282
47426.7879
47489.1528
47562.5847
47633.3906
47686.2179
47743.4405
47789.8692
47834.0761
47884.119
47937.9966
47970.3318
47992.4489
47999.665
48007.1782
48028.7918
48062.6691
48112.5853
48166.7558
48212.2516
48234.8415
48261.1627
48295.305
48348.4735
48402.4986
48467.5308
48527.6078
48568.2095
48586.9687
48612.2996
48629.9735
48637.9954
48649.0457
48654.204
48649.0866
48654.585
48677.957
48696.8958
48718.4438
48750.9448
48782.8081
48815.2146
48845.5208
48888.6581
48932.1059
48978.7018
49006.6464
49035.6174
49046.5828
49049.3019
49048.9554
49042.6186
49036.5293
49030.5196
49012.9101
48986.9389
48985.0743
48996.1516
49019.5343
49056.9339
49106.1675
49135.9119
49170.9434
49196.4102
49218.6167
49222.4941
49228.6387
49210.8954
49199.1916
49182.1616
49173.6387
49173.2417
49176.7708
49179.1114
49174.0378
49181.0109
49188.5976
49189.5457
49189.1791
49191.7161
49183.6105
49170.1087
49172.338
49164.9442
49158.7556
49159.2253
49152.4732
49135.4066
49128.9124
49129.0873
49119.8036
49109.0488
49096.9587
49084.3796
49087.2462
49094.0034
49105.4039
49121.7022
49137.9542
49134.738
49128.1126
49121.9985
49124.5065
49114.8357
49094.1311
49072.6721
49054.6136
49021.6883
48994.1665
48974.917
48962.3504
48968.933
48984.2611
49002.2728
49019.7067
49041.0963
49036.9043
49015.4488
48993.326
48961.9511
48911.3032
48860.1843
48813.6296
48778.5822
48757.3521
48741.4576
48740.9118
48747.0714
48757.5223
48772.2159
48785.7863
48787.7381
48798.63
48801.9292
48816.9663
48842.7093
48870.3735
48885.333
48899.3051
48888.3725
48867.4235
48845.5241
48825.1789
48800.7815
48785.2041
48770.9411
48757.6984
48754.5645
48753.698
48754.181
48766.6009
48778.1051
48783.1939
48775.9264
48753.1843
48711.281
48657.2551
48598.5828
48573.8027
48566.6297
48566.9155
48583.707
48586.2426
48570.1902
48558.5078
48559.9195
48550.5897
48566.2941
48572.913
48566.7174
48555.3057
48550.8365
48544.9895
48554.9985
48569.7977
48588.3734
48612.9791
48632.5486
48639.5525
48655.7748
48663.9434
48655.1515
48636.4937
48623.4884
48600.081
48570.1124
48563.2043
48578.088
48596.3658
48620.7615
48652.7291
48674.0044
48682.0733
48679.5459
48679.8933
48675.6888
48665.3041
48657.1586
48668.3344
48689.1309
48718.8045
48750.713
48790.9808
48823.5723
48841.0385
48853.3497
48865.6967
48874.7667
48890.3787
48908.8231
48921.3436
48927.0692
48940.6631
48939.1149
48929.8499
48925.3803
48926.0054
48921.9182
48929.4116
48946.8389
48961.4157
48989.7681
49015.9369
49044.6519
49067.3295
49090.1815
49103.9578
49113.0019
49110.2203
49095.2079
49070.5964
49044.8941
49033.8756
49021.5218
49028.4535
49067.245
49120.9827
49164.7213
49218.9275
49281.022
49334.1232
49373.5195
49408.5279
49436.6738
49462.3941
49479.2635
49505.4028
49532.163
49559.8874
49579.576
49609.8483
49638.0174
49659.8679
49683.8486
49698.6699
49692.533
49668.4561
49654.0323
49631.3853
49621.5323
49636.0926
49655.8041
49670.4774
49693.6046
49713.1645
49736.8403
49768.0785
49805.9872
49841.371
49891.2221
49940.7217
49987.6477
50027.8078
50058.1876
50082.525
50092.7417
50105.592
50118.2612
50147.3099
50171.171
50170.4665
50166.6548
50170.4658
50158.834
50145.4044
50170.0258
50204.6247
50242.3667
50279.6585
50314.1864
50348.2033
50371.4331
50391.8112
50416.5907
50436.582
50425.0023
50397.9058
50352.8458
50306.5877
50279.97
50279.4134
50300.0488
50341.0939
50406.4652
50452.8071
50492.6118
50534.8278
50560.4459
50563.4141
50571.0868
50567.2321
50548.9902
50536.542
50536.9321
50548.5752
50578.007
50606.6889
50645.3809
50667.7539
50682.8331
50669.6801
50671.0038
50685.0734
50713.8346
50734.5049
50769.2363
50795.5843
50800.6113
50795.5555
50784.5292
50769.625
50767.3672
50779.4744
50799.495
50818.5092
50841.8784
50846.5931
50821.2315
50795.7044
50772.7875
50766.3374
50771.0315
50790.313
50785.1727
50770.7289
50743.1327
50733.9151
50737.7612
50760.0884
50797.5396
50837.9182
50865.3021
50891.0519
50912.4085
50935.1408
50939.1392
50943.2296
50934.7771
50919.4766
50896.2339
50876.497
50845.8557
50816.0415
50788.6399
50768.9159
50757.8242
50750.3966
50737.2378
50726.2783
50716.6494
50713.3082
50709.6269
50713.0966
50708.7165
50704.8427
50696.1157
50687.2033
50668.9869
50670.6631
50657.8483
50647.258
50631.8414
50633.9855
50631.215
50631.562
50623.3606
50607.1368
50566.7591
50511.735
50471.0884
50439.113
50428.9736
50444.2219
50470.0319
50493.2019
50511.2019
50498.7445
50465.7627
50432.931
50386.0748
50327.6769
50275.6531
50237.4184
50207.8796
50190.6084
50185.6443
50196.5121
50193.357
50179.7445
50145.1986
50108.0442
50072.5522
50060.9955
50054.6778
50046.8415
50037.9762
50008.893
49954.2592
49893.7532
49852.2546
49818.0781
49786.4266
49754.5037
49731.943
49717.2677
49700.4088
49689.2998
49691.2566
49681.3862
49665.1461
49636.4434
49607.0253
49567.2443
49524.5947
49478.2976
49442.2025
49407.1089
49364.1089
49319.7599
49270.8295
49228.1466
49193.9798
49164.709
49140.5656
49118.4036
49086.6662
49056.4166
49020.0445
48980.2405
48942.249
48895.5748
48832.2514
48786.0634
48739.3135
48689.4867
48645.0998
48613.0864
48574.8835
48527.0715
48478.467
48449.7806
48416.067
48389.2547
48364.5852
48341.2389
48301.4247
48254.9322
48192.4968
48136.4087
48080.1118
48032.8747
48000.2915
47976.3322
47960.3755
47932.4086
47899.0759
47855.5356
47815.8447
47774.818
47748.9277
47717.2989
47685.1205
47623.015
47547.6136
47471.1476
47397.4743
47338.642
47311.0041
47297.2371
47288.1619
47271.8764
47242.6619
47218.4649
47184.1571
47136.6122
47086.6366
47044.716
46979.945
46917.4143
46859.5636
46813.8553
46754.4458
46716.1064
46692.3646
46661.0818
46611.6171
46555.2187
46475.2544
46394.6878
46323.1548
46262.7814
46222.5308
46192.4405
46141.6328
46104.4343
46063.0647
46010.4789
45969.5833
45944.8727
45916.7056
45894.1038
45863.8964
45822.3572
45773.2574
45725.0296
45670.805
45628.7275
45581.72
45531.7875
45469.933
45408.344
45346.9292
45290.2971
45240.1309
45193.0869
45159.7921
45139.8626
45123.2993
45104.6695
45082.1566
45051.4297
44999.3093
44956.9483
44919.9524
44876.7635
44835.7807
44799.7479
44758.4753
44713.9159
44674.4498
44628.0279
44571.1784
44504.6642
44442.6729
44375.3698
44312.3474
44273.6686
44255.9316
44231.0773
44215.4455
44192.2294
44162.6943
44120.5406
44084.9744
44052.0912
44025.0636
43992.7544
43962.9575
43922.277
43885.6671
43843.0751
43797.4385
43748.3265
43706.7988
43655.5435
43608.014
43560.0359
43515.4415
43474.4575
43418.177
43377.5232
43350.5525
43327.7179
43299.9218
43292.8705
43284.4411
43252.6481
43207.1999
43167.9585
43122.9772
43084.7182
43063.4636
43045.3018
43021.4817
43009.5743
42985.0951
42965.3224
42959.1445
42960.1558
42941.3088
42919.358
42884.8787
42836.0764
42782.2757
42738.3418
42693.4025
42652.519
42617.6354
42591.3765
42570.5482
42559.2216
42547.7071
42544.7934
42530.821
42514.8285
42489.2913
42471.3728
42441.4303
42416.1287
42391.5709
42365.9925
42334.1694
42296.3081
42242.8831
42184.0197
42119.5135
42062.6436
42020.246
41983.1989
41949.3484
41935.7151
41918.2596
41891.7784
41867.099
41832.4983
41791.5639
41745.8643
41710.8372
41693.8438
41688.6364
41675.7139
41662.264
41636.4524
41595.0037
41557.5875
41522.6054
41482.6449
41446.6015
41412.3663
41384.5668
41363.7908
41337.6776
41313.6973
41283.8917
41228.5666
41163.8622
41113.9612
41081.5645
41063.6336
41063.4919
41067.1708
41072.7955
41062.5119
41051.7297
41038.7619
41024.8089
40998.6007
40971.315
40937.2461
40897.1031
40857.0271
40825.8001
40791.377
40745.3297
40700.27
40658.9489
40612.7155
40573.818
40542.3654
40521.1649
40503.9752
40501.4162
40498.8972
40500.2695
40484.0838
40454.1392
40421.4013
40389.4751
40358.1907
40345.3326
40337.0904
40323.001
40299.5659
40285.3058
40264.5914
40247.8649
40220.8504
40192.3967
40155.5639
40118.7846
40078.4691
40041.2671
40013.044
39984.4445
39955.1071
39927.6829
39899.9932
39869.1202
39835.5622
39798.8951
39757.7956
39717.0103
39668.6194
39628.626
39598.4997
39578.4369
39556.8377
39534.6684
39501.9267
39450.019
39393.1549
39331.6935
39270.6582
39211.1933
39151.7626
39084.1476
39028.575
38970.5841
38913.9952
38876.1138
38844.0726
38815.6444
38796.8381
38779.8117
38751.4798
38721.3052
38684.2496
38646.6917
38607.9307
38569.4724
38536.7202
38509.3594
38492.1678
38455.9513
38432.0376
38406.2658
38384.7425
38355.9143
38345.0216
38329.49
38317.1887
38305.6104
38293.233
38271.1007
38237.5168
38204.8026
38160.46
38109.2747
38066.6031
38017.6438
37962.0046
37918.6277
37891.1533
37864.3783
37854.6802
37855.3257
37842.2063
37827.4559
37813.4439
37804.5065
37791.3679
37785.3596
37774.2206
37769.6313
37755.2808
37738.5229
37713.2667
37694.2983
37671.259
37649.2758
37612.9976
37588.4662
37556.5531
37529.1311
37508.3715
37501.4155
37493.8277
37484.6711
37463.7975
37438.8268
37409.7518
37384.1627
37366.872
37354.9669
37340.6313
37328.5426
37313.7603
37292.7948
37272.4817
37246.3343
37226.3996
37199.8458
37168.6679
37138.4114
37122.1702
37111.6996
37109.8941
37114.4333
37117.7744
37114.2401
37094.368
37080.7321
37064.8688
37055.1404
37042.644
37040.7276
37028.3504
37015.8496
37002.5403
36994.7963
36973.5832
36945.9308
36916.0664
36880.4666
36848.7016
36836.8973
36821.0392
36811.3003
36793.072
36775.0451
36750.5421
36741.2709
36734.6788
36742.5121
36749.3718
36750.6036
36746.5235
36730.988
36708.6165
36678.2105
36655.9336
36631.6108
36616.9457
36606.2011
36601.7377
36589.8864
36587.2184
36573.0336
36568.0015
36560.7312
36546.6532
36533.5957
36530.717
36516.937
36503.313
36494.9553
36473.3186
36451.0146
36424.1222
36400.0333
36388.5131
36385.753
36383.7689
36386.6654
36382.0804
36367.1077
36353.4255
36343.5556
36338.5361
36335.2356
36335.3613
36329.8305
36322.6324
36309.1437
36295.9309
36274.8348
36256.2866
36233.3077
36215.1475
36200.6825
36192.3173
36184.9391
36169.6053
36154.1055
36147.968
36133.3391
36122.2457
36118.5366
36113.9854
36093.3573
36086.5333
36078.3366
36071.2923
36057.1596
36055.2882
36043.885
36032.8218
36014.8155
36003.4457
35985.2981
35973.3673
35955.7384
35944.4915
35937.4236
35929.2358
35920.2917
35908.2218
35899.9595
35883.3665
35868.2403
35856.9915
35844.1728
35828.0702
35814.3157
35806.6172
35796.8149
35782.7263
35771.8973
35764.2911
35744.548
35724.9739
35721.1933
35705.6271
35692.2366
35679.6022
35667.3411
35654.2195
35646.3402
35637.5524
35633.2628
35625.1202
35620.1029
35620.707
35608.2852
35597.5415
35582.4516
35553.8701
35524.2095
35515.8611
35502.718
35485.8831
35482.8375
35480.8559
35456.3331
35429.147
35409.1369
35379.0517
35341.5477
35322.4865
35309.2484
35301.6599
35290.8555
35286.2355
35281.4333
35272.4293
35263.1038
35259.9411
35256.2086
35240.3948
35222.7953
35203.8687
35177.8567
35159.2113
35150.172
35149.1565
35152.3483
35157.0384
35143.6571
35123.929
35104.7889
35075.8165
35053.1925
35032.1069
35007.7902
34980.7428
34959.6881
34938.3709
34933.3138
34925.5561
34919.1114
34919.2334
34908.2881
34885.9734
34867.3552
34842.2654
34809.0098
34788.151
34769.4929
34750.7799
34733.6972
34714.0104
34689.1491
34663.5844
34632.8841
34600.7317
34563.3892
34534.609
34501.7122
34487.9164
34479.0574
34478.466
34469.7849
34456.3839
34429.7185
34390.0612
34346.8492
34312.8955
34296.039
34275.8474
34262.6787
34251.9018
34228.4979
34202.553
34172.9938
34150.5367
34126.8134
34106.2762
34080.768
34059.7809
34031.3962
34004.8475
33966.0251
33928.9629
33895.9709
33866.7411
33837.8706
33817.5059
33789.3646
33760.041
33729.5143
33702.0731
33673.5902
33651.6922
33617.521
33579.4205
33531.4553
33487.3998
33434.3652
33389.7395
33358.6169
33326.5335
33298.9754
33269.4366
33237.3004
33190.716
33149.1461
33100.0997
33058.6627
33021.1617
32991.782
32955.495
32924.854
32889.304
32857.0197
32811.1433
32777.4005
32732.7091
32694.2555
32654.509
32616.3557
32565.6478
32517.6125
32471.6918
32418.4158
32374.5131
32331.4934
32289.0945
32238.7415
32189.0965
32132.7503
32075.8075
32023.9011
31970.9539
31929.15
31882.766
31837.8385
31785.9872
31739.836
31683.014
31635.9419
31580.1065
31534.8775
31487.8448
31433.6931
31371.8786
31318.3845
31262.8329
31207.2864
31157.8505
31101.3933
31049.7302
30997.6201
30941.7043
30888.7285
30841.0208
30787.9495
30702.0514
30586.4976
30444.5163
30291.1656
30124.8214
29990.1186
29919.2826
29910.9286
29949.565
30011.6407
30069.691
30096.17
30071.7644
30013.7157
29950.348
29877.8177
29806.6794
29745.1068
29696.1126
29639.5729
29592.659
29535.7119
29477.6074
29403.965
29330.1165
29256.1232
29189.8253
29121.8971
29063.3496
29010.1163
28953.2223
28893.9541
28840.1717
28786.7296
28721.4944
28661.1585
28602.7801
28545.6231
28482.7002
28423.8443
28371.0661
28311.3888
28248.2372
28194.2238
28140.3385
28071.7213
28014.5578
27957.5059
27898.7448
27838.0764
27776.7369
27704.9691
27635.0088
27545.8133
27466.0135
27395.875
27330.2586
27265.4179
27221.5062
27163.018
27096.84
27038.1639
26973.5802
26902.6855
26835.7287
26782.119
26712.3614
26651.9162
26584.6271
26529.218
26462.9994
26406.9984
26343.3903
26286.5533
26221.7374
26159.3118
26092.0984
26031.9888
25974.4839
25917.1912
25854.1003
25795.3616
25733.8526
25673.3636
25615.5901
25569.2416
25514.5543
25461.6968
25406.4403
25352.6495
25300.3274
25241.1216
25176.4609
25116.9995
25064.9324
25000.0974
24954.2679
24911.5087
24863.4868
24799.3164
24734.1849
24665.1595
24600.1898
24533.829
24469.716
24406.048
24345.0889
24282.4133
24215.1355
24158.2043
24112.6719
24062.2444
24008.3018
23962.5791
23909.4687
23845.9048
23783.4475
23728.465
23665.321
23603.0961
23545.3768
23495.5473
23443.4334
23391.9905
23344.956
23299.6982
23245.2749
23191.1553
23139.7107
23083.3249
23025.8358
22971.0655
22907.2814
22858.1593
22804.2741
22751.0002
22694.6027
22646.1726
22586.5083
22532.771
22478.7706
22426.5705
22373.367
22313.0776
22261.1983
22214.924
22166.7558
22117.339
22072.0456
22024.3978
21963.2337
21911.8716
21854.0444
21797.2617
21735.474
21693.5608
21656.4246
21623.8127
21597.255
21547.0946
21453.9109
21316.1155
21144.7776
20929.6398
20703.8082
20473.2044
20234.361
20000.0637
19760.5259
19514.6076
19265.0464
19019.8631
18769.5077
18527.5879
18288.102
18044.3852
17801.0793
17555.6627
17310.3695
17066.5925
16824.6964
16580.5657
16335.472
16086.4742
15841.5596
15599.3314
15355.8534
15107.1643
14857.6542
14606.1799
14359.0953
14106.0554
13857.3545
13609.2371
13350.8398
13085.7791
12820.3268
12559.3889
12291.0929
12027.2157
11755.1889
11490.1361
11215.6519
10944.2551
10673.6539
10402.179
10125.0181
9842.5103
9558.5669
9265.8461
8986.1523
8705.2118
8424.6962
8143.3582
7864.105
7579.5362
7300.8513
7029.4196
6757.5207
6490.9319
6230.9704
5965.3263
5709.8324
5461.796
5220.2929
4983.7266
4760.9124
4537.6382
4327.9842
4126.5532
3929.945
3739.1402
3561.9511
3385.9628
3220.5995
3062.8913
2910.7567
2767.193
2634.6672
2503.9826
2385.0261
2280.4836
2177.4701
2080.9447
1994.6988
1907.6187
1824.618
1749.6908
1676.8081
1612.103
1552.8551
1489.6278
1429.4179
1370.375
1308.2565
1252.4554
1203.9939
1161.0234
1116.3252
1078.5862
1032.9593
991.8243
943.408
907.6518
862.0873
821.9133
781.3316
742.3637
700.9433
665.6958
631.6253
597.3378
564.7667
531.3637
493.3426
414.3503
310.1036
193.7486
83.3412
-16.1528
-66.631
-85.643
-86.2929
