180.21	3421.48
180.28	-125.01
180.36	631.70
180.44	-47.15
180.51	-15.76
180.59	8.13
180.66	35.92
180.74	34.63
180.81	34.96
180.89	37.60
180.97	38.86
181.04	37.57
181.12	36.83
181.19	37.97
181.27	39.26
181.34	56.27
181.42	63.75
181.50	71.37
181.57	82.29
181.65	86.72
181.72	81.15
181.80	76.40
181.87	77.90
181.95	80.34
182.03	83.89
182.10	90.92
182.18	98.86
182.25	111.83
182.33	122.32
182.40	140.68
182.48	147.19
182.55	170.97
182.63	187.11
182.71	201.63
182.78	218.31
182.86	236.79
182.93	231.56
183.01	221.36
183.08	205.62
183.16	191.86
183.23	177.08
183.31	188.60
183.39	206.09
183.46	240.38
183.54	267.37
183.61	312.22
183.69	349.93
183.76	402.36
183.84	446.51
183.91	494.03
183.99	550.90
184.06	595.14
184.14	643.19
184.22	698.64
184.29	730.52
184.37	741.20
184.44	747.89
184.52	697.99
184.59	601.22
184.67	518.81
184.74	442.13
184.82	397.40
184.89	408.01
184.97	477.44
185.04	567.96
185.12	661.58
185.20	761.39
185.27	857.52
185.35	958.63
185.42	1026.80
185.50	1099.57
185.57	1157.68
185.65	1204.10
185.72	1254.72
185.80	1337.68
185.87	1402.81
185.95	1491.39
186.02	1606.16
186.10	1657.19
186.17	1658.30
186.25	1585.46
186.33	1384.77
186.40	1157.47
186.48	1002.03
186.55	920.09
186.63	946.20
186.70	1103.61
186.78	1281.47
186.85	1434.67
186.93	1562.53
187.00	1681.96
187.08	1801.61
187.15	1917.11
187.23	2051.66
187.30	2183.42
187.38	2300.11
187.45	2427.63
187.53	2553.73
187.60	2637.40
187.68	2751.79
187.75	2879.12
187.83	2942.68
187.90	3012.05
187.98	3091.67
188.05	3057.97
188.13	2857.25
188.21	2567.69
188.28	2279.35
188.36	2018.98
188.43	1872.55
188.51	1933.62
188.58	2145.77
188.66	2357.48
188.73	2570.11
188.81	2777.57
188.88	2943.15
188.96	3101.57
189.03	3244.81
189.11	3392.69
189.18	3520.40
189.26	3630.72
189.33	3748.86
189.41	3867.94
189.48	3951.54
189.56	4058.86
189.63	4174.26
189.71	4231.99
189.78	4301.55
189.86	4380.85
189.93	4405.01
190.01	4378.86
190.08	4295.17
190.16	4040.33
190.23	3660.99
190.31	3337.99
190.38	3120.96
190.46	3028.27
190.53	3130.75
190.61	3386.19
190.68	3627.34
190.76	3845.53
190.83	4030.01
190.91	4195.83
190.98	4356.64
191.06	4506.82
191.13	4655.80
191.21	4787.17
191.28	4902.88
191.35	5018.79
191.43	5118.55
191.50	5185.17
191.58	5273.29
191.65	5350.48
191.73	5385.99
191.80	5430.83
191.88	5454.67
191.95	5444.26
192.03	5445.36
192.10	5459.97
192.18	5456.55
192.25	5416.78
192.33	5271.66
192.40	5028.07
192.48	4792.13
192.55	4614.19
192.63	4528.52
192.70	4602.18
192.78	4801.05
192.85	5024.53
192.93	5226.25
193.00	5399.95
193.08	5546.23
193.15	5685.82
193.22	5782.89
193.30	5867.53
193.37	5948.78
193.45	5999.92
193.52	6046.99
193.60	6107.90
193.67	6156.21
193.75	6207.17
193.82	6268.71
193.90	6297.64
193.97	6332.27
194.05	6373.29
194.12	6402.84
194.20	6443.07
194.27	6499.30
194.34	6539.05
194.42	6568.78
194.49	6596.19
194.57	6599.80
194.64	6542.52
194.72	6437.50
194.79	6329.41
194.87	6231.23
194.94	6157.30
195.02	6152.13
195.09	6214.28
195.17	6304.01
195.24	6400.97
195.31	6514.44
195.39	6622.70
195.46	6730.45
195.54	6827.89
195.61	6916.38
195.69	6981.47
195.76	7033.02
195.84	7077.61
195.91	7104.61
195.99	7114.15
196.06	7118.56
196.13	7128.38
196.21	7126.33
196.28	7127.79
196.36	7128.62
196.43	7114.75
196.51	7091.66
196.58	7071.65
196.66	7060.20
196.73	7075.86
196.80	7122.87
196.88	7185.99
196.95	7264.50
197.03	7340.57
197.10	7386.98
197.18	7408.41
197.25	7419.67
197.33	7424.89
197.40	7433.13
197.47	7444.76
197.55	7472.33
197.62	7501.60
197.70	7525.53
197.77	7547.82
197.85	7569.45
197.92	7571.59
197.99	7552.51
198.07	7508.20
198.14	7449.17
198.22	7419.89
198.29	7427.06
198.37	7484.53
198.44	7581.18
198.51	7699.74
198.59	7801.57
198.66	7890.98
198.74	7954.62
198.81	8002.18
198.89	8033.99
198.96	8064.77
199.03	8076.42
199.11	8089.69
199.18	8094.17
199.26	8099.21
199.33	8108.27
199.41	8120.52
199.48	8099.83
199.55	8060.68
199.63	7995.46
199.70	7937.07
199.78	7889.63
199.85	7900.92
199.93	7970.69
200.00	8095.00
200.07	8218.34
200.15	8346.09
200.22	8447.46
200.30	8514.46
200.37	8564.61
200.44	8599.73
200.52	8629.05
200.59	8659.64
200.67	8685.09
200.74	8689.57
200.81	8691.71
200.89	8687.11
200.96	8687.72
201.04	8682.46
201.11	8671.80
201.19	8644.82
201.26	8614.41
201.33	8588.57
201.41	8596.45
201.48	8645.88
201.56	8739.83
201.63	8867.31
201.70	8982.34
201.78	9086.02
201.85	9173.84
201.93	9240.85
202.00	9282.80
202.07	9323.40
202.15	9352.46
202.22	9377.93
202.30	9405.37
202.37	9434.72
202.44	9461.72
202.52	9486.79
202.59	9501.54
202.67	9510.38
202.74	9520.63
202.81	9524.16
202.89	9510.91
202.96	9510.75
203.04	9542.39
203.11	9592.71
203.18	9678.18
203.26	9796.38
203.33	9913.67
203.41	10004.07
203.48	10079.08
203.55	10120.77
203.63	10156.14
203.70	10195.48
203.77	10235.30
203.85	10277.78
203.92	10328.72
204.00	10387.85
204.07	10442.15
204.14	10499.22
204.22	10540.14
204.29	10586.18
204.37	10616.21
204.44	10638.71
204.51	10666.73
204.59	10702.14
204.66	10729.59
204.73	10780.61
204.81	10849.64
204.88	10930.13
204.96	11021.33
205.03	11114.48
205.10	11193.16
205.18	11260.34
205.25	11310.14
205.32	11359.52
205.40	11411.57
205.47	11468.23
205.55	11527.78
205.62	11592.28
205.69	11660.51
205.77	11730.72
205.84	11803.46
205.91	11875.24
205.99	11950.65
206.06	12013.96
206.14	12075.12
206.21	12134.83
206.28	12186.62
206.36	12237.54
206.43	12291.55
206.50	12362.44
206.58	12438.01
206.65	12523.99
206.72	12605.70
206.80	12685.15
206.87	12750.59
206.95	12816.48
207.02	12891.42
207.09	12972.61
207.17	13062.43
207.24	13161.63
207.31	13258.07
207.39	13346.59
207.46	13434.68
207.53	13519.89
207.61	13603.39
207.68	13680.97
207.75	13767.22
207.83	13853.77
207.90	13935.90
207.98	14000.89
208.05	14075.96
208.12	14144.32
208.20	14217.89
208.27	14296.35
208.34	14389.28
208.42	14467.68
208.49	14553.88
208.56	14629.77
208.64	14718.35
208.71	14809.20
208.78	14909.58
208.86	15016.21
208.93	15122.95
209.00	15228.55
209.08	15331.49
209.15	15442.77
209.22	15543.42
209.30	15653.34
209.37	15751.67
209.44	15857.81
209.52	15959.06
209.59	16054.41
209.67	16151.61
209.74	16248.31
209.81	16345.30
209.89	16436.94
209.96	16535.51
210.03	16630.02
210.11	16728.85
210.18	16812.34
210.25	16902.25
210.33	17001.41
210.40	17098.62
210.47	17206.77
210.55	17335.40
210.62	17463.12
210.69	17578.33
210.77	17704.19
210.84	17827.40
210.91	17955.94
210.99	18073.72
211.06	18200.16
211.13	18320.23
211.21	18439.12
211.28	18544.23
211.35	18663.21
211.42	18786.64
211.50	18910.82
211.57	19034.04
211.64	19153.33
211.72	19258.32
211.79	19350.38
211.86	19443.75
211.94	19546.53
212.01	19653.13
212.08	19780.87
212.16	19913.16
212.23	20046.88
212.30	20176.83
212.38	20307.31
212.45	20439.28
212.52	20574.91
212.60	20705.44
212.67	20839.07
212.74	20976.95
212.82	21108.72
212.89	21240.47
212.96	21372.52
213.03	21501.41
213.11	21638.92
213.18	21764.68
213.25	21897.55
213.33	22026.47
213.40	22143.72
213.47	22255.45
213.55	22374.29
213.62	22485.70
213.69	22608.87
213.77	22738.80
213.84	22874.97
213.91	23022.44
213.98	23168.40
214.06	23315.09
214.13	23469.56
214.20	23615.10
214.28	23762.70
214.35	23909.62
214.42	24047.73
214.50	24184.59
214.57	24316.04
214.64	24446.30
214.72	24583.81
214.79	24726.83
214.86	24871.08
214.93	25020.35
215.01	25165.60
215.08	25296.67
215.15	25426.99
215.23	25541.19
215.30	25663.24
215.37	25783.20
215.44	25923.28
215.52	26070.30
215.59	26218.62
215.66	26365.51
215.74	26515.20
215.81	26653.47
215.88	26798.02
215.95	26945.46
216.03	27094.36
216.10	27241.38
216.17	27393.38
216.25	27537.53
216.32	27689.89
216.39	27837.57
216.46	27984.06
216.54	28125.17
216.61	28276.34
216.68	28416.33
216.76	28552.32
216.83	28687.57
216.90	28821.35
216.97	28949.62
217.05	29090.12
217.12	29228.62
217.19	29365.82
217.27	29506.33
217.34	29638.92
217.41	29765.52
217.48	29899.68
217.56	30047.73
217.63	30201.14
217.70	30354.19
217.78	30509.55
217.85	30663.42
217.92	30804.78
217.99	30946.55
218.07	31083.46
218.14	31219.89
218.21	31368.85
218.28	31515.83
218.36	31658.61
218.43	31811.49
218.50	31965.71
218.57	32104.33
218.65	32244.88
218.72	32372.06
218.79	32491.31
218.87	32603.45
218.94	32727.94
219.01	32849.01
219.08	32980.95
219.16	33125.44
219.23	33276.72
219.30	33420.31
219.37	33567.01
219.45	33718.09
219.52	33864.37
219.59	33996.50
219.66	34125.33
219.74	34261.64
219.81	34401.00
219.88	34527.02
219.95	34671.11
220.03	34815.69
220.10	34952.08
220.17	35078.24
220.24	35211.73
220.32	35339.45
220.39	35464.02
220.46	35580.76
220.53	35701.18
220.61	35821.00
220.68	35930.48
220.75	36042.38
220.82	36169.78
220.90	36293.72
220.97	36416.32
221.04	36540.12
221.11	36663.80
221.19	36780.97
221.26	36903.07
221.33	37031.93
221.40	37169.18
221.48	37304.45
221.55	37431.44
221.62	37547.57
221.69	37662.25
221.77	37783.50
221.84	37904.74
221.91	38020.08
221.98	38145.08
222.06	38269.32
222.13	38390.58
222.20	38498.98
222.27	38621.75
222.35	38737.60
222.42	38845.27
222.49	38942.49
222.56	39057.76
222.63	39159.95
222.71	39263.36
222.78	39369.20
222.85	39473.18
222.92	39574.67
223.00	39684.37
223.07	39794.22
223.14	39899.82
223.21	40008.42
223.29	40108.98
223.36	40221.00
223.43	40335.37
223.50	40453.71
223.57	40573.69
223.65	40701.28
223.72	40805.88
223.79	40910.39
223.86	41004.62
223.94	41094.29
224.01	41180.05
224.08	41270.07
224.15	41360.06
224.22	41449.89
224.30	41538.14
224.37	41623.13
224.44	41716.80
224.51	41802.32
224.59	41882.34
224.66	41966.64
224.73	42053.77
224.80	42142.74
224.87	42227.62
224.95	42332.03
225.02	42443.18
225.09	42547.75
225.16	42644.32
225.23	42754.55
225.31	42855.91
225.38	42943.81
225.45	43026.31
225.52	43111.98
225.60	43185.99
225.67	43258.65
225.74	43330.02
225.81	43412.48
225.88	43492.30
225.96	43567.98
226.03	43644.74
226.10	43725.26
226.17	43800.70
226.24	43872.44
226.32	43958.18
226.39	44044.68
226.46	44121.78
226.53	44201.29
226.60	44292.73
226.68	44382.13
226.75	44467.90
226.82	44559.13
226.89	44648.60
226.96	44729.34
227.04	44784.28
227.11	44837.81
227.18	44897.84
227.25	44948.60
227.32	45003.81
227.40	45073.96
227.47	45150.06
227.54	45229.42
227.61	45315.68
227.68	45388.37
227.76	45466.17
227.83	45538.76
227.90	45600.61
227.97	45662.15
228.04	45728.82
228.11	45788.73
228.19	45842.99
228.26	45907.37
228.33	45966.92
228.40	46020.43
228.47	46077.79
228.55	46138.46
228.62	46195.05
228.69	46248.48
228.76	46311.80
228.83	46373.58
228.90	46437.22
228.98	46493.03
229.05	46563.78
229.12	46633.27
229.19	46694.47
229.26	46756.98
229.34	46814.45
229.41	46862.21
229.48	46909.24
229.55	46968.25
229.62	47021.61
229.69	47086.08
229.77	47148.56
229.84	47206.38
229.91	47253.52
229.98	47301.97
230.05	47345.40
230.12	47387.62
230.20	47434.15
230.27	47484.50
230.34	47535.62
230.41	47589.99
230.48	47649.98
230.55	47706.66
230.63	47766.65
230.70	47833.43
230.77	47890.79
230.84	47936.67
230.91	47974.64
230.98	48011.72
231.06	48039.62
231.13	48083.94
231.20	48141.44
231.27	48207.07
231.34	48267.65
231.41	48340.29
231.49	48394.12
231.56	48447.60
231.63	48495.07
231.70	48545.10
231.77	48582.17
231.84	48618.34
231.92	48642.80
231.99	48673.70
232.06	48705.44
232.13	48736.50
232.20	48782.97
232.27	48833.07
232.34	48874.97
232.42	48904.25
232.49	48941.46
232.56	48970.93
232.63	49005.80
232.70	49041.18
232.77	49101.83
232.85	49153.96
232.92	49202.66
232.99	49239.43
233.06	49271.79
233.13	49293.31
233.20	49307.79
233.27	49314.72
233.35	49326.73
233.42	49344.49
233.49	49362.40
233.56	49391.87
233.63	49428.52
233.70	49467.52
233.77	49512.49
233.85	49542.03
233.92	49580.22
233.99	49616.65
234.06	49649.10
234.13	49675.60
234.20	49715.52
234.27	49734.92
234.35	49758.52
234.42	49776.12
234.49	49790.94
234.56	49807.29
234.63	49820.27
234.70	49830.09
234.77	49842.74
234.84	49854.81
234.92	49861.21
234.99	49874.77
235.06	49887.37
235.13	49896.88
235.20	49905.09
235.27	49918.07
235.34	49929.93
235.41	49948.35
235.49	49969.14
235.56	49991.10
235.63	50006.74
235.70	50017.89
235.77	50018.93
235.84	50026.05
235.91	50022.92
235.98	50025.11
236.06	50020.23
236.13	50016.33
236.20	50005.43
236.27	49986.81
236.34	49960.85
236.41	49946.01
236.48	49934.42
236.55	49929.95
236.63	49932.27
236.70	49939.02
236.77	49952.32
236.84	49971.99
236.91	49983.91
236.98	49990.70
237.05	50001.19
237.12	49994.53
237.19	49983.07
237.27	49971.32
237.34	49982.93
237.41	49985.37
237.48	49981.20
237.55	49974.26
237.62	49965.61
237.69	49956.63
237.76	49948.16
237.83	49956.03
237.91	49960.47
237.98	49971.10
238.05	49961.69
238.12	49958.15
238.19	49956.11
238.26	49963.62
238.33	49953.30
238.40	49950.63
238.47	49935.03
238.54	49920.77
238.62	49899.90
238.69	49893.13
238.76	49887.67
238.83	49885.55
238.90	49879.02
238.97	49871.62
239.04	49865.50
239.11	49862.24
239.18	49866.35
239.25	49867.37
239.33	49856.40
239.40	49842.56
239.47	49820.53
239.54	49787.60
239.61	49749.15
239.68	49716.68
239.75	49693.08
239.82	49675.58
239.89	49666.76
239.96	49673.94
240.03	49682.23
240.11	49681.79
240.18	49677.50
240.25	49671.68
240.32	49655.93
240.39	49642.08
240.46	49626.42
240.53	49629.24
240.60	49624.41
240.67	49619.56
240.74	49610.98
240.81	49614.54
240.88	49602.32
240.96	49599.18
241.03	49590.04
241.10	49584.46
241.17	49572.88
241.24	49564.47
241.31	49555.03
241.38	49553.77
241.45	49551.43
241.52	49546.08
241.59	49530.71
241.66	49516.14
241.73	49499.06
241.80	49485.62
241.88	49472.55
241.95	49457.70
242.02	49435.58
242.09	49418.21
242.16	49393.69
242.23	49380.41
242.30	49370.60
242.37	49362.86
242.44	49361.65
242.51	49364.13
242.58	49357.32
242.65	49353.74
242.72	49355.60
242.79	49343.30
242.87	49334.30
242.94	49314.98
243.01	49309.27
243.08	49309.21
243.15	49314.60
243.22	49315.06
243.29	49333.15
243.36	49332.82
243.43	49332.64
243.50	49343.55
243.57	49355.26
243.64	49364.18
243.71	49374.46
243.78	49376.32
243.85	49362.52
243.92	49350.53
243.99	49335.02
244.07	49326.16
244.14	49315.88
244.21	49307.22
244.28	49300.29
244.35	49284.33
244.42	49272.54
244.49	49263.95
244.56	49260.42
244.63	49264.35
244.70	49268.16
244.77	49267.67
244.84	49272.04
244.91	49277.73
244.98	49286.78
245.05	49301.96
245.12	49321.97
245.19	49334.71
245.26	49345.81
245.33	49358.14
245.40	49381.38
245.47	49403.00
245.55	49424.73
245.62	49435.01
245.69	49430.14
245.76	49422.41
245.83	49419.24
245.90	49405.39
245.97	49404.28
246.04	49423.55
246.11	49436.17
246.18	49437.53
246.25	49445.74
246.32	49453.39
246.39	49447.05
246.46	49442.68
246.53	49448.03
246.60	49462.52
246.67	49476.93
246.74	49492.08
246.81	49516.27
246.88	49528.73
246.95	49539.76
247.02	49560.28
247.09	49582.47
247.16	49579.47
247.23	49580.86
247.30	49572.54
247.37	49562.67
247.44	49558.72
247.51	49569.71
247.58	49593.77
247.66	49633.39
247.73	49669.54
247.80	49691.77
247.87	49712.73
247.94	49735.34
248.01	49755.63
248.08	49767.31
248.15	49790.68
248.22	49813.23
248.29	49836.69
248.36	49850.72
248.43	49878.00
248.50	49901.16
248.57	49925.04
248.64	49927.47
248.71	49946.24
248.78	49961.30
248.85	49969.02
248.92	49983.09
248.99	50002.27
249.06	50014.25
249.13	50023.56
249.20	50041.92
249.27	50050.76
249.34	50063.59
249.41	50067.10
249.48	50051.29
249.55	50025.66
249.62	50021.49
249.69	50025.55
249.76	50052.00
249.83	50092.06
249.90	50151.26
249.97	50189.29
250.04	50225.67
250.11	50249.90
250.18	50268.43
250.25	50275.18
250.32	50289.28
250.39	50304.20
250.46	50318.34
250.53	50339.31
250.60	50365.32
250.67	50389.09
250.74	50407.70
250.81	50412.25
250.88	50426.41
250.95	50437.09
251.02	50447.77
251.09	50458.75
251.16	50483.18
251.23	50505.25
251.30	50516.93
251.37	50524.25
251.44	50527.81
251.51	50538.58
251.58	50544.85
251.65	50558.71
251.72	50570.23
251.79	50589.22
251.86	50606.47
251.93	50616.12
252.00	50619.78
252.07	50626.35
252.14	50634.20
252.21	50629.60
252.28	50634.66
252.35	50647.31
252.42	50672.10
252.49	50688.42
252.56	50700.36
252.63	50704.30
252.70	50703.32
252.77	50699.09
252.84	50695.35
252.91	50702.71
252.98	50719.25
253.05	50736.19
253.12	50747.46
253.19	50757.40
253.25	50769.02
253.32	50773.64
253.39	50789.82
253.46	50804.06
253.53	50828.36
253.60	50836.38
253.67	50848.04
253.74	50855.52
253.81	50870.66
253.88	50876.65
253.95	50896.13
254.02	50914.15
254.09	50922.43
254.16	50924.05
254.23	50927.19
254.30	50921.82
254.37	50925.09
254.44	50934.63
254.51	50943.80
254.58	50948.40
254.65	50954.63
254.72	50951.71
254.79	50934.71
254.86	50933.01
254.93	50925.27
255.00	50924.61
255.07	50925.31
255.14	50938.38
255.21	50931.12
255.28	50924.79
255.34	50906.27
255.41	50897.35
255.48	50891.31
255.55	50886.47
255.62	50890.83
255.69	50905.42
255.76	50907.23
255.83	50906.82
255.90	50915.10
255.97	50926.64
256.04	50922.89
256.11	50927.76
256.18	50922.25
256.25	50913.13
256.32	50901.04
256.39	50899.50
256.46	50892.96
256.53	50891.03
256.60	50888.75
256.67	50884.46
256.74	50882.93
256.80	50877.78
256.87	50881.54
256.94	50880.65
257.01	50876.66
257.08	50867.67
257.15	50861.03
257.22	50846.93
257.29	50815.69
257.36	50795.01
257.43	50776.14
257.50	50768.35
257.57	50750.51
257.64	50753.04
257.71	50736.83
257.78	50717.79
257.85	50686.83
257.92	50674.95
257.98	50655.84
258.05	50650.81
258.12	50636.40
258.19	50622.75
258.26	50599.77
258.33	50583.81
258.40	50569.12
258.47	50562.84
258.54	50554.97
258.61	50552.76
258.68	50541.14
258.75	50523.98
258.82	50510.23
258.89	50490.77
258.95	50462.92
259.02	50452.15
259.09	50430.47
259.16	50405.23
259.23	50382.89
259.30	50363.62
259.37	50342.60
259.44	50327.30
259.51	50323.29
259.58	50316.67
259.65	50301.54
259.72	50279.04
259.79	50251.24
259.85	50216.87
259.92	50176.42
259.99	50146.37
260.06	50122.83
260.13	50104.05
260.20	50073.55
260.27	50043.21
260.34	50004.62
260.41	49965.06
260.48	49929.23
260.55	49908.17
260.62	49897.43
260.68	49882.39
260.75	49860.98
260.82	49842.95
260.89	49816.27
260.96	49786.01
261.03	49761.30
261.10	49736.28
261.17	49706.45
261.24	49678.13
261.31	49646.11
261.38	49614.30
261.44	49581.70
261.51	49537.96
261.58	49496.43
261.65	49455.12
261.72	49413.42
261.79	49377.83
261.86	49351.96
261.93	49324.81
262.00	49301.89
262.07	49275.42
262.13	49241.34
262.20	49209.33
262.27	49166.24
262.34	49132.50
262.41	49098.35
262.48	49059.43
262.55	49022.69
262.62	48989.94
262.69	48947.91
262.76	48915.06
262.82	48882.02
262.89	48847.72
262.96	48823.02
263.03	48795.33
263.10	48759.63
263.17	48734.00
263.24	48701.60
263.31	48664.56
263.38	48628.60
263.44	48597.52
263.51	48546.10
263.58	48497.23
263.65	48448.44
263.72	48403.69
263.79	48352.95
263.86	48317.20
263.93	48279.81
264.00	48246.75
264.06	48213.01
264.13	48182.58
264.20	48149.75
264.27	48117.15
264.34	48079.73
264.41	48040.37
264.48	47999.08
264.55	47952.00
264.61	47904.69
264.68	47854.75
264.75	47801.86
264.82	47745.18
264.89	47702.12
264.96	47663.54
265.03	47623.17
265.10	47591.55
265.16	47565.25
265.23	47534.31
265.30	47506.80
265.37	47483.88
265.44	47444.35
265.51	47402.64
265.58	47355.49
265.65	47293.55
265.71	47235.50
265.78	47195.63
265.85	47149.47
265.92	47103.83
265.99	47066.66
266.06	47030.94
266.13	46979.40
266.20	46943.41
266.26	46908.78
266.33	46868.31
266.40	46816.73
266.47	46768.63
266.54	46702.31
266.61	46641.33
266.68	46582.91
266.74	46534.92
266.81	46486.14
266.88	46443.83
266.95	46389.69
267.02	46347.91
267.09	46298.85
267.16	46248.33
267.22	46205.90
267.29	46177.60
267.36	46137.42
267.43	46104.09
267.50	46074.13
267.57	46043.82
267.64	46005.83
267.70	45967.20
267.77	45921.37
267.84	45884.53
267.91	45833.29
267.98	45780.79
268.05	45732.53
268.11	45695.87
268.18	45645.26
268.25	45604.59
268.32	45563.46
268.39	45530.93
268.46	45488.63
268.53	45447.69
268.59	45407.60
268.66	45373.20
268.73	45333.87
268.80	45288.01
268.87	45238.28
268.94	45199.46
269.00	45158.43
269.07	45114.55
269.14	45089.32
269.21	45070.27
269.28	45032.01
269.35	44998.08
269.41	44957.89
269.48	44910.18
269.55	44851.98
269.62	44799.00
269.69	44753.45
269.76	44704.17
269.82	44656.72
269.89	44627.44
269.96	44605.57
270.03	44570.17
270.10	44543.36
270.17	44506.57
270.23	44466.72
270.30	44414.02
270.37	44377.66
270.44	44350.21
270.51	44322.42
270.58	44292.64
270.64	44276.35
270.71	44241.53
270.78	44200.51
270.85	44164.90
270.92	44130.64
270.99	44095.11
271.05	44061.05
271.12	44023.00
271.19	43983.87
271.26	43938.70
271.33	43895.70
271.39	43859.82
271.46	43819.53
271.53	43780.52
271.60	43756.47
271.67	43725.60
271.74	43693.45
271.80	43666.42
271.87	43650.24
271.94	43619.00
272.01	43587.70
272.08	43561.24
272.14	43529.58
272.21	43493.62
272.28	43470.15
272.35	43446.89
272.42	43418.05
272.48	43399.26
272.55	43375.85
272.62	43348.69
272.69	43332.93
272.76	43323.19
272.83	43298.43
272.89	43275.39
272.96	43243.32
273.03	43208.01
273.10	43166.63
273.17	43140.74
273.23	43115.89
273.30	43102.43
273.37	43079.44
273.44	43059.34
273.51	43034.19
273.57	43007.79
273.64	42979.33
273.71	42961.89
273.78	42935.30
273.85	42918.27
273.91	42897.89
273.98	42882.47
274.05	42867.84
274.12	42857.09
274.19	42838.61
274.25	42818.94
274.32	42789.49
274.39	42749.06
274.46	42707.62
274.53	42662.11
274.59	42614.72
274.66	42581.02
274.73	42564.82
274.80	42543.12
274.86	42521.89
274.93	42510.16
275.00	42480.12
275.07	42430.52
275.14	42394.82
275.20	42361.40
275.27	42325.23
275.34	42297.34
275.41	42285.83
275.48	42273.78
275.54	42257.12
275.61	42244.92
275.68	42232.94
275.75	42209.52
275.81	42176.01
275.88	42153.60
275.95	42128.73
276.02	42097.54
276.09	42069.95
276.15	42046.90
276.22	42023.65
276.29	42000.72
276.36	41980.05
276.42	41953.18
276.49	41927.52
276.56	41892.27
276.63	41859.05
276.70	41836.54
276.76	41817.50
276.83	41802.87
276.90	41798.95
276.97	41780.38
277.03	41763.08
277.10	41741.10
277.17	41720.43
277.24	41701.45
277.30	41687.96
277.37	41666.02
277.44	41654.98
277.51	41641.48
277.58	41607.73
277.64	41586.33
277.71	41567.12
277.78	41541.99
277.85	41510.13
277.91	41489.68
277.98	41465.40
278.05	41441.70
278.12	41424.64
278.18	41408.25
278.25	41385.37
278.32	41364.48
278.39	41346.75
278.45	41325.72
278.52	41310.07
278.59	41297.95
278.66	41278.10
278.72	41256.36
278.79	41239.11
278.86	41219.15
278.93	41206.48
278.99	41188.52
279.06	41170.35
279.13	41144.37
279.20	41122.76
279.26	41100.10
279.33	41083.59
279.40	41063.53
279.47	41042.82
279.53	41015.71
279.60	40987.19
279.67	40957.67
279.74	40927.84
279.80	40907.32
279.87	40896.45
279.94	40884.36
280.01	40874.02
280.07	40855.86
280.14	40832.07
280.21	40803.11
280.28	40779.67
280.34	40751.87
280.41	40735.87
280.48	40715.02
280.55	40690.95
280.61	40669.37
280.68	40653.94
280.75	40628.41
280.82	40598.74
280.88	40565.27
280.95	40511.38
281.02	40445.22
281.08	40372.89
281.15	40304.84
281.22	40234.90
281.29	40180.73
281.35	40127.03
281.42	40089.78
281.49	40056.38
281.56	40031.36
281.62	40005.91
281.69	39982.80
281.76	39957.19
281.82	39924.57
281.89	39887.61
281.96	39853.76
282.03	39826.68
282.09	39799.20
282.16	39781.70
282.23	39762.62
282.30	39739.11
282.36	39719.25
282.43	39698.17
282.50	39679.32
282.56	39654.78
282.63	39634.58
282.70	39610.61
282.77	39593.97
282.83	39568.64
282.90	39556.45
282.97	39533.18
283.03	39506.50
283.10	39478.76
283.17	39454.86
283.24	39427.08
283.30	39401.17
283.37	39381.63
283.44	39357.92
283.50	39327.77
283.57	39313.29
283.64	39291.42
283.71	39263.80
283.77	39226.48
283.84	39205.11
283.91	39159.79
283.97	39128.49
284.04	39117.58
284.11	39117.51
284.18	39117.66
284.24	39129.21
284.31	39141.97
284.38	39137.45
284.44	39128.79
284.51	39109.97
284.58	39093.23
284.64	39081.57
284.71	39072.58
284.78	39064.48
284.85	39059.13
284.91	39051.16
284.98	39031.54
285.05	38996.88
285.11	38976.35
285.18	38957.90
285.25	38943.13
285.31	38936.00
285.38	38947.97
285.45	38944.73
285.52	38939.55
285.58	38930.76
285.65	38921.36
285.72	38900.11
285.78	38884.18
285.85	38876.24
285.92	38861.32
285.98	38839.09
286.05	38829.88
286.12	38824.23
286.18	38812.41
286.25	38805.41
286.32	38800.73
286.39	38796.70
286.45	38789.33
286.52	38772.68
286.59	38763.08
286.65	38760.57
286.72	38758.92
286.79	38748.11
286.85	38739.86
286.92	38730.37
286.99	38720.12
287.05	38691.22
287.12	38683.80
287.19	38680.23
287.25	38676.35
287.32	38665.88
287.39	38671.69
287.45	38667.65
287.52	38667.68
287.59	38670.87
287.65	38671.68
287.72	38667.47
287.79	38659.70
287.86	38649.53
287.92	38634.97
287.99	38624.56
288.06	38623.52
288.12	38618.77
288.19	38616.64
288.26	38604.01
288.32	38595.39
288.39	38584.62
288.46	38580.95
288.52	38574.54
288.59	38583.02
288.66	38583.10
288.72	38582.22
288.79	38587.19
288.86	38590.13
288.92	38584.40
288.99	38583.63
289.06	38578.72
289.12	38568.51
289.19	38564.35
289.26	38566.83
289.32	38573.92
289.39	38581.69
289.45	38592.29
289.52	38595.03
289.59	38602.23
289.65	38608.30
289.72	38609.83
289.79	38611.91
289.85	38616.53
289.92	38618.48
289.99	38622.08
290.05	38623.71
290.12	38617.17
290.19	38619.48
290.25	38614.41
290.32	38613.12
290.39	38619.54
290.45	38625.31
290.52	38630.12
290.59	38638.50
290.65	38637.04
290.72	38630.26
290.79	38624.82
290.85	38624.37
290.92	38633.62
290.98	38646.38
291.05	38660.35
291.12	38673.90
291.18	38687.18
291.25	38687.83
291.32	38686.27
291.38	38685.92
291.45	38692.07
291.52	38689.32
291.58	38694.10
291.65	38707.79
291.72	38726.84
291.78	38749.17
291.85	38764.41
291.91	38779.47
291.98	38802.59
292.05	38811.22
292.11	38818.99
292.18	38825.81
292.25	38828.53
292.31	38812.06
292.38	38812.62
292.45	38804.70
292.51	38816.74
292.58	38824.71
292.64	38839.78
292.71	38847.30
292.78	38861.16
292.84	38858.28
292.91	38863.27
292.98	38875.12
293.04	38886.26
293.11	38892.59
293.17	38905.31
293.24	38922.89
293.31	38934.46
293.37	38956.46
293.44	38971.76
293.51	38989.21
293.57	39003.23
293.64	39011.97
293.70	39019.92
293.77	39034.33
293.84	39044.97
293.90	39048.15
293.97	39057.16
294.04	39059.33
294.10	39064.97
294.17	39072.85
294.23	39081.87
294.30	39092.35
294.37	39106.20
294.43	39126.50
294.50	39141.40
294.56	39158.18
294.63	39173.48
294.70	39184.65
294.76	39190.68
294.83	39197.84
294.90	39212.76
294.96	39229.92
295.03	39254.17
295.09	39280.37
295.16	39306.97
295.23	39321.40
295.29	39329.91
295.36	39332.80
295.42	39329.99
295.49	39335.87
295.56	39358.74
295.62	39384.19
295.69	39402.56
295.75	39419.22
295.82	39429.41
295.89	39427.04
295.95	39428.57
296.02	39437.10
296.08	39445.85
296.15	39451.90
296.22	39469.19
296.28	39483.71
296.35	39504.59
296.41	39526.44
296.48	39552.15
296.55	39574.37
296.61	39589.21
296.68	39606.79
296.74	39632.90
296.81	39661.04
296.88	39679.98
296.94	39703.66
297.01	39726.56
297.07	39739.54
297.14	39752.88
297.20	39765.95
297.27	39778.82
297.34	39791.50
297.40	39811.50
297.47	39826.56
297.53	39842.24
297.60	39866.70
297.67	39875.78
297.73	39887.32
297.80	39901.63
297.86	39913.29
297.93	39916.68
298.00	39936.20
298.06	39948.46
298.13	39969.06
298.19	39985.31
298.26	40005.97
298.32	40019.64
298.39	40034.88
298.46	40042.62
298.52	40059.86
298.59	40069.36
298.65	40082.91
298.72	40106.24
298.78	40127.61
298.85	40143.72
298.92	40163.15
298.98	40183.22
299.05	40192.97
299.11	40207.03
299.18	40220.76
299.24	40235.78
299.31	40245.45
299.38	40259.89
299.44	40264.52
299.51	40280.57
299.57	40292.69
299.64	40310.02
299.70	40322.08
299.77	40338.27
299.84	40346.27
299.90	40352.09
299.97	40347.96
300.03	40350.82
300.10	40362.10
300.16	40378.34
300.23	40400.89
300.30	40422.12
300.36	40436.75
300.43	40453.78
300.49	40464.83
300.56	40479.55
300.62	40500.23
300.69	40525.63
300.75	40542.50
300.82	40555.99
300.89	40566.01
300.95	40578.89
301.02	40577.45
301.08	40573.19
301.15	40579.73
301.21	40584.95
301.28	40588.25
301.34	40600.80
301.41	40607.04
301.48	40601.58
301.54	40600.90
301.61	40602.92
301.67	40601.72
301.74	40616.11
301.80	40632.47
301.87	40636.77
301.93	40633.55
302.00	40631.94
302.06	40613.48
302.13	40594.13
302.20	40588.42
302.26	40588.51
302.33	40591.27
302.39	40591.98
302.46	40597.83
302.52	40596.94
302.59	40594.55
302.65	40593.57
302.72	40600.91
302.78	40599.81
302.85	40607.13
302.91	40601.50
302.98	40590.87
303.05	40578.95
303.11	40580.90
303.18	40567.40
303.24	40566.45
303.31	40562.30
303.37	40559.20
303.44	40550.85
303.50	40538.76
303.57	40525.66
303.63	40520.31
303.70	40512.80
303.76	40494.92
303.83	40491.34
303.89	40487.92
303.96	40476.08
304.03	40460.65
304.09	40454.39
304.16	40434.82
304.22	40412.04
304.29	40391.69
304.35	40377.11
304.42	40357.17
304.48	40336.42
304.55	40320.00
304.61	40307.88
304.68	40295.34
304.74	40288.94
304.81	40291.31
304.87	40269.75
304.94	40247.22
305.00	40224.37
305.07	40191.91
305.13	40154.90
305.20	40133.27
305.26	40115.64
305.33	40098.06
305.39	40086.49
305.46	40063.45
305.52	40052.65
305.59	40033.05
305.66	40004.84
305.72	39971.87
305.79	39950.26
305.85	39917.82
305.92	39879.39
305.98	39823.82
306.05	39702.28
306.11	39473.90
306.18	39179.80
306.24	38924.11
306.31	38787.53
306.37	38798.10
306.44	38968.65
306.50	39214.74
306.57	39431.79
306.63	39552.38
306.70	39583.82
306.76	39556.48
306.83	39518.20
306.89	39472.95
306.96	39432.66
307.02	39395.36
307.09	39368.93
307.15	39342.62
307.22	39316.38
307.28	39282.37
307.35	39254.62
307.41	39206.10
307.48	39162.96
307.54	39125.32
307.61	39090.62
307.67	39042.17
307.74	39011.31
307.80	38975.49
307.87	38935.75
307.93	38889.71
308.00	38861.32
308.06	38824.67
308.13	38782.40
308.19	38744.26
308.26	38706.64
308.32	38678.62
308.38	38651.50
308.45	38628.96
308.51	38601.72
308.58	38564.24
308.64	38507.53
308.71	38457.16
308.77	38407.57
308.84	38354.99
308.90	38325.44
308.97	38308.11
309.03	38294.74
309.10	38263.56
309.16	38233.32
309.23	38196.22
309.29	38144.27
309.36	38075.23
309.42	38023.51
309.49	37966.88
309.55	37905.60
309.62	37848.14
309.68	37804.12
309.75	37748.71
309.81	37701.10
309.88	37664.60
309.94	37622.09
310.00	37577.84
310.07	37537.68
310.13	37503.27
310.20	37455.28
310.26	37413.58
310.33	37367.94
310.39	37332.35
310.46	37292.87
310.52	37251.69
310.59	37216.35
310.65	37183.39
310.72	37137.30
310.78	37084.84
310.85	37037.22
310.91	36993.76
310.97	36953.04
311.04	36919.53
311.10	36873.96
311.17	36834.14
311.23	36787.90
311.30	36739.16
311.36	36697.27
311.43	36668.97
311.49	36626.00
311.56	36588.76
311.62	36544.61
311.69	36492.21
311.75	36451.23
311.81	36410.51
311.88	36356.26
311.94	36317.42
312.01	36298.16
312.07	36262.32
312.14	36236.27
312.20	36219.08
312.27	36190.76
312.33	36130.19
312.40	36078.19
312.46	36015.49
312.52	35957.88
312.59	35909.78
312.65	35865.56
312.72	35822.94
312.78	35784.36
312.85	35733.57
312.91	35670.99
312.98	35622.42
313.04	35574.63
313.10	35531.16
313.17	35493.48
313.23	35469.67
313.30	35435.85
313.36	35386.10
313.43	35334.78
313.49	35290.93
313.56	35230.44
313.62	35178.85
313.68	35138.52
313.75	35103.15
313.81	35056.38
313.88	35010.39
313.94	34965.53
314.01	34923.31
314.07	34884.79
314.13	34843.63
314.20	34814.52
314.26	34778.43
314.33	34729.67
314.39	34679.39
314.46	34623.12
314.52	34569.94
314.58	34508.41
314.65	34459.47
314.71	34406.16
314.78	34364.65
314.84	34318.77
314.91	34284.85
314.97	34246.77
315.03	34210.98
315.10	34168.58
315.16	34116.25
315.23	34073.50
315.29	34031.62
315.36	33977.60
315.42	33937.68
315.48	33896.06
315.55	33852.78
315.61	33798.97
315.68	33762.88
315.74	33715.11
315.81	33677.19
315.87	33624.62
315.93	33589.10
316.00	33556.66
316.06	33530.02
316.13	33509.79
316.19	33481.56
316.25	33420.80
316.32	33327.93
316.38	33213.78
316.45	33060.02
316.51	32893.48
316.58	32724.19
316.64	32544.27
316.70	32355.63
316.77	32147.00
316.83	31927.84
316.90	31693.19
316.96	31447.16
317.02	31187.60
317.09	30932.73
317.15	30661.37
317.22	30367.97
317.28	30058.32
317.34	29725.89
317.41	29383.55
317.47	29031.58
317.54	28667.67
317.60	28288.31
317.66	27894.50
317.73	27473.93
317.79	27040.49
317.86	26600.95
317.92	26147.99
317.98	25667.53
318.05	25182.38
318.11	24679.62
318.18	24175.76
318.24	23654.55
318.30	23135.50
318.37	22603.83
318.43	22054.04
318.50	21484.44
318.56	20915.58
318.62	20346.72
318.69	19771.16
318.75	19202.10
318.82	18624.79
318.88	18047.92
318.94	17465.93
319.01	16884.67
319.07	16307.39
319.13	15732.03
319.20	15153.98
319.26	14574.54
319.33	14005.23
319.39	13431.83
319.45	12877.92
319.52	12335.72
319.58	11804.17
319.65	11276.21
319.71	10764.73
319.77	10253.98
319.84	9756.37
319.90	9276.29
319.96	8801.28
320.03	8338.89
320.09	7895.73
320.16	7458.26
320.22	7037.54
320.28	6636.05
320.35	6251.47
320.41	5882.80
320.47	5532.82
320.54	5196.33
320.60	4879.04
320.67	4577.28
320.73	4289.38
320.79	4015.31
320.86	3759.15
320.92	3514.81
320.98	3287.26
321.05	3071.26
321.11	2868.59
321.18	2680.52
321.24	2506.63
321.30	2338.70
321.37	2188.12
321.43	2056.58
321.49	1930.43
321.56	1814.59
321.62	1713.02
321.68	1614.98
321.75	1522.95
321.81	1441.45
321.88	1365.62
321.94	1299.96
322.00	1240.94
322.07	1180.40
322.13	1125.99
322.19	1074.83
322.26	1023.04
322.32	978.62
322.38	942.93
322.45	911.78
322.51	879.91
322.58	855.53
322.64	823.47
322.70	797.46
322.77	764.42
322.83	744.46
322.89	714.11
322.96	688.77
323.02	661.97
323.08	636.96
323.15	608.71
323.21	585.79
323.27	564.48
323.34	540.94
323.40	518.79
323.46	495.41
323.53	468.42
323.59	397.61
323.65	300.84
323.72	189.72
323.78	82.42
323.85	-16.62
323.91	-66.50
323.97	-85.15
324.04	-85.75
