180.21	3421.28
180.28	-125.35
180.36	631.38
180.44	-47.30
180.51	-15.53
180.59	8.34
180.66	36.49
180.74	35.18
180.81	35.14
180.89	37.47
180.97	38.88
181.04	36.94
181.12	36.50
181.19	37.92
181.27	39.37
181.34	56.66
181.42	63.82
181.50	71.14
181.57	81.87
181.65	86.50
181.72	80.69
181.80	76.77
181.87	78.52
181.95	81.73
182.03	84.77
182.10	91.94
182.18	99.85
182.25	112.22
182.33	122.28
182.40	139.69
182.48	145.54
182.55	168.94
182.63	185.43
182.71	199.72
182.78	216.52
182.86	234.89
182.93	230.07
183.01	220.06
183.08	204.13
183.16	191.46
183.23	177.83
183.31	189.47
183.39	207.31
183.46	241.65
183.54	268.68
183.61	313.10
183.69	350.09
183.76	402.56
183.84	447.12
183.91	494.53
183.99	550.87
184.06	595.63
184.14	643.08
184.22	698.31
184.29	729.79
184.37	740.17
184.44	747.11
184.52	698.03
184.59	601.60
184.67	520.17
184.74	444.24
184.82	398.89
184.89	409.81
184.97	478.36
185.04	569.23
185.12	662.32
185.20	762.50
185.27	858.27
185.35	959.91
185.42	1025.50
185.50	1098.37
185.57	1155.89
185.65	1201.36
185.72	1251.45
185.80	1338.68
185.87	1405.17
185.95	1495.45
186.02	1611.21
186.10	1662.98
186.17	1662.82
186.25	1589.77
186.33	1388.26
186.40	1159.89
186.48	1004.09
186.55	921.05
186.63	947.75
186.70	1104.40
186.78	1282.07
186.85	1434.59
186.93	1564.10
187.00	1682.50
187.08	1802.15
187.15	1918.49
187.23	2055.92
187.30	2184.94
187.38	2301.30
187.45	2429.67
187.53	2556.82
187.60	2638.54
187.68	2753.61
187.75	2880.98
187.83	2943.42
187.90	3010.83
187.98	3090.07
188.05	3055.64
188.13	2854.81
188.21	2564.72
188.28	2276.70
188.36	2017.22
188.43	1872.72
188.51	1934.64
188.58	2148.20
188.66	2360.86
188.73	2572.35
188.81	2780.48
188.88	2945.24
188.96	3104.20
189.03	3245.16
189.11	3396.43
189.18	3522.33
189.26	3632.10
189.33	3748.29
189.41	3870.17
189.48	3950.91
189.56	4057.22
189.63	4172.32
189.71	4228.86
189.78	4298.77
189.86	4379.52
189.93	4407.89
190.01	4385.47
190.08	4300.91
190.16	4042.22
190.23	3661.13
190.31	3336.10
190.38	3115.73
190.46	3026.90
190.53	3132.22
190.61	3388.00
190.68	3628.17
190.76	3850.03
190.83	4035.86
190.91	4201.79
190.98	4362.85
191.06	4512.66
191.13	4656.55
191.21	4786.58
191.28	4899.84
191.35	5016.98
191.43	5117.87
191.50	5186.99
191.58	5276.15
191.65	5355.62
191.73	5386.23
191.80	5429.49
191.88	5453.10
191.95	5441.08
192.03	5441.38
192.10	5460.60
192.18	5459.56
192.25	5418.16
192.33	5273.01
192.40	5029.20
192.48	4791.23
192.55	4614.78
192.63	4530.38
192.70	4604.66
192.78	4805.44
192.85	5031.84
192.93	5231.68
193.00	5406.96
193.08	5552.71
193.15	5687.64
193.22	5782.83
193.30	5866.46
193.37	5946.40
193.45	5997.36
193.52	6046.95
193.60	6109.11
193.67	6157.90
193.75	6208.12
193.82	6268.68
193.90	6300.54
193.97	6336.80
194.05	6377.85
194.12	6407.26
194.20	6451.63
194.27	6504.99
194.34	6540.51
194.42	6567.99
194.49	6596.71
194.57	6600.53
194.64	6542.19
194.72	6439.37
194.79	6331.70
194.87	6232.32
194.94	6157.58
195.02	6152.95
195.09	6211.64
195.17	6301.00
195.24	6400.71
195.31	6509.12
195.39	6620.77
195.46	6730.87
195.54	6828.77
195.61	6914.90
195.69	6979.07
195.76	7025.62
195.84	7067.07
195.91	7095.46
195.99	7105.07
196.06	7111.56
196.13	7125.06
196.21	7128.53
196.28	7129.57
196.36	7131.04
196.43	7118.48
196.51	7095.40
196.58	7074.59
196.66	7066.44
196.73	7085.03
196.80	7132.29
196.88	7196.06
196.95	7274.06
197.03	7346.89
197.10	7390.78
197.18	7412.06
197.25	7424.31
197.33	7430.37
197.40	7437.96
197.47	7444.57
197.55	7471.61
197.62	7495.97
197.70	7519.16
197.77	7540.81
197.85	7567.87
197.92	7572.49
197.99	7554.65
198.07	7507.74
198.14	7449.79
198.22	7418.68
198.29	7426.47
198.37	7482.63
198.44	7581.62
198.51	7700.71
198.59	7805.55
198.66	7890.71
198.74	7960.40
198.81	8009.65
198.89	8038.80
198.96	8064.33
199.03	8081.19
199.11	8088.71
199.18	8091.36
199.26	8100.24
199.33	8110.34
199.41	8123.06
199.48	8105.83
199.55	8063.32
199.63	7998.49
199.70	7942.85
199.78	7894.93
199.85	7908.30
199.93	7980.65
200.00	8101.54
200.07	8223.64
200.15	8346.52
200.22	8444.20
200.30	8514.19
200.37	8565.16
200.44	8600.33
200.52	8631.63
200.59	8663.14
200.67	8688.11
200.74	8695.81
200.81	8700.64
200.89	8692.89
200.96	8691.56
201.04	8685.41
201.11	8673.32
201.19	8642.14
201.26	8614.34
201.33	8588.61
201.41	8594.49
201.48	8644.31
201.56	8738.93
201.63	8861.55
201.70	8981.40
201.78	9084.26
201.85	9170.28
201.93	9236.59
202.00	9283.64
202.07	9322.92
202.15	9356.31
202.22	9380.34
202.30	9410.31
202.37	9438.13
202.44	9464.57
202.52	9487.47
202.59	9503.26
202.67	9513.28
202.74	9526.42
202.81	9526.47
202.89	9511.61
202.96	9511.25
203.04	9539.20
203.11	9584.84
203.18	9671.94
203.26	9790.21
203.33	9907.42
203.41	9999.62
203.48	10078.32
203.55	10115.27
203.63	10151.45
203.70	10191.54
203.77	10231.77
203.85	10272.92
203.92	10327.24
204.00	10387.81
204.07	10441.15
204.14	10494.45
204.22	10538.70
204.29	10580.88
204.37	10604.02
204.44	10627.38
204.51	10652.87
204.59	10681.33
204.66	10713.94
204.73	10765.76
204.81	10834.35
204.88	10919.20
204.96	11013.00
205.03	11103.36
205.10	11184.55
205.18	11251.58
205.25	11301.72
205.32	11349.73
205.40	11402.46
205.47	11459.67
205.55	11520.68
205.62	11589.50
205.69	11660.01
205.77	11734.27
205.84	11807.75
205.91	11883.51
205.99	11953.85
206.06	12016.38
206.14	12075.14
206.21	12136.83
206.28	12185.93
206.36	12239.90
206.43	12294.34
206.50	12362.46
206.58	12434.87
206.65	12517.29
206.72	12597.74
206.80	12676.22
206.87	12745.86
206.95	12813.60
207.02	12888.85
207.09	12972.10
207.17	13064.15
207.24	13161.97
207.31	13255.10
207.39	13344.01
207.46	13428.92
207.53	13511.62
207.61	13594.97
207.68	13682.07
207.75	13774.36
207.83	13856.14
207.90	13935.03
207.98	14006.33
208.05	14079.48
208.12	14144.53
208.20	14227.06
208.27	14309.66
208.34	14396.62
208.42	14470.00
208.49	14556.71
208.56	14630.84
208.64	14721.49
208.71	14810.58
208.78	14909.84
208.86	15015.99
208.93	15126.02
209.00	15229.51
209.08	15334.27
209.15	15443.00
209.22	15547.42
209.30	15654.08
209.37	15757.75
209.44	15865.56
209.52	15972.33
209.59	16061.17
209.67	16163.40
209.74	16257.95
209.81	16357.66
209.89	16446.63
209.96	16549.76
210.03	16636.10
210.11	16730.92
210.18	16815.03
210.25	16903.04
210.33	16994.13
210.40	17094.55
210.47	17205.63
210.55	17329.91
210.62	17461.71
210.69	17581.25
210.77	17709.93
210.84	17828.02
210.91	17951.96
210.99	18068.44
211.06	18195.10
211.13	18313.73
211.21	18439.21
211.28	18551.29
211.35	18672.74
211.42	18794.43
211.50	18912.75
211.57	19027.79
211.64	19143.80
211.72	19245.55
211.79	19335.37
211.86	19433.34
211.94	19541.92
212.01	19652.48
212.08	19779.97
212.16	19911.35
212.23	20044.61
212.30	20173.93
212.38	20303.13
212.45	20436.13
212.52	20573.90
212.60	20703.44
212.67	20837.28
212.74	20972.05
212.82	21101.07
212.89	21235.75
212.96	21368.26
213.03	21496.42
213.11	21631.42
213.18	21759.51
213.25	21889.32
213.33	22017.47
213.40	22133.40
213.47	22244.86
213.55	22362.34
213.62	22476.05
213.69	22597.64
213.77	22733.80
213.84	22871.43
213.91	23021.27
213.98	23174.21
214.06	23320.08
214.13	23473.61
214.20	23620.26
214.28	23770.52
214.35	23911.69
214.42	24057.76
214.50	24193.46
214.57	24330.74
214.64	24460.07
214.72	24594.20
214.79	24730.79
214.86	24867.86
214.93	25005.95
215.01	25147.97
215.08	25281.80
215.15	25412.82
215.23	25532.29
215.30	25659.21
215.37	25777.22
215.44	25915.08
215.52	26059.58
215.59	26214.00
215.66	26364.08
215.74	26516.16
215.81	26654.06
215.88	26802.69
215.95	26941.64
216.03	27085.85
216.10	27229.80
216.17	27379.71
216.25	27519.95
216.32	27673.00
216.39	27828.40
216.46	27981.01
216.54	28128.86
216.61	28280.47
216.68	28424.69
216.76	28559.91
216.83	28692.36
216.90	28825.22
216.97	28955.20
217.05	29089.13
217.12	29222.31
217.19	29358.84
217.27	29497.86
217.34	29632.77
217.41	29766.31
217.48	29902.60
217.56	30050.47
217.63	30200.42
217.70	30347.85
217.78	30502.75
217.85	30660.07
217.92	30807.46
217.99	30952.40
218.07	31092.85
218.14	31226.74
218.21	31367.85
218.28	31510.25
218.36	31656.43
218.43	31797.78
218.50	31950.61
218.57	32093.91
218.65	32230.60
218.72	32355.82
218.79	32488.75
218.87	32605.97
218.94	32727.11
219.01	32855.04
219.08	32987.41
219.16	33130.52
219.23	33278.63
219.30	33425.93
219.37	33572.01
219.45	33721.30
219.52	33868.72
219.59	33999.25
219.66	34122.13
219.74	34253.21
219.81	34394.91
219.88	34524.14
219.95	34673.84
220.03	34819.58
220.10	34956.85
220.17	35084.62
220.24	35218.59
220.32	35344.59
220.39	35470.65
220.46	35589.85
220.53	35704.58
220.61	35816.24
220.68	35927.27
220.75	36048.43
220.82	36179.16
220.90	36305.27
220.97	36430.72
221.04	36557.78
221.11	36671.73
221.19	36782.59
221.26	36903.01
221.33	37034.14
221.40	37166.37
221.48	37300.70
221.55	37430.28
221.62	37550.85
221.69	37664.25
221.77	37773.29
221.84	37899.30
221.91	38014.30
221.98	38136.69
222.06	38253.52
222.13	38376.67
222.20	38481.15
222.27	38594.80
222.35	38709.73
222.42	38821.62
222.49	38927.15
222.56	39042.24
222.63	39153.38
222.71	39255.87
222.78	39362.91
222.85	39466.72
222.92	39574.50
223.00	39682.64
223.07	39790.85
223.14	39897.76
223.21	40011.47
223.29	40111.27
223.36	40218.04
223.43	40324.26
223.50	40429.27
223.57	40542.30
223.65	40665.17
223.72	40782.23
223.79	40895.91
223.86	41002.73
223.94	41094.45
224.01	41175.24
224.08	41254.63
224.15	41337.53
224.22	41431.37
224.30	41521.17
224.37	41613.61
224.44	41719.07
224.51	41818.00
224.59	41897.04
224.66	41979.98
224.73	42066.01
224.80	42144.60
224.87	42233.08
224.95	42336.35
225.02	42446.35
225.09	42551.70
225.16	42652.85
225.23	42748.42
225.31	42851.90
225.38	42932.32
225.45	43020.52
225.52	43107.53
225.60	43193.11
225.67	43263.42
225.74	43345.00
225.81	43417.95
225.88	43499.12
225.96	43574.37
226.03	43647.05
226.10	43730.17
226.17	43807.33
226.24	43874.22
226.32	43951.34
226.39	44039.32
226.46	44114.89
226.53	44195.06
226.60	44283.69
226.68	44373.09
226.75	44464.84
226.82	44557.31
226.89	44645.70
226.96	44725.24
227.04	44783.63
227.11	44825.93
227.18	44882.37
227.25	44934.13
227.32	44988.07
227.40	45058.15
227.47	45138.18
227.54	45214.12
227.61	45298.77
227.68	45381.80
227.76	45463.05
227.83	45542.91
227.90	45606.88
227.97	45665.75
228.04	45729.10
228.11	45780.04
228.19	45826.35
228.26	45888.96
228.33	45955.12
228.40	46008.74
228.47	46070.01
228.55	46131.84
228.62	46183.99
228.69	46236.61
228.76	46288.22
228.83	46346.94
228.90	46412.07
228.98	46477.99
229.05	46544.67
229.12	46626.79
229.19	46695.90
229.26	46754.27
229.34	46813.16
229.41	46866.34
229.48	46908.65
229.55	46961.27
229.62	47023.25
229.69	47079.64
229.77	47139.45
229.84	47204.24
229.91	47260.19
229.98	47303.46
230.05	47339.38
230.12	47378.05
230.20	47419.43
230.27	47465.58
230.34	47522.10
230.41	47588.10
230.48	47650.67
230.55	47709.94
230.63	47774.88
230.70	47841.95
230.77	47892.94
230.84	47937.14
230.91	47974.20
230.98	48008.77
231.06	48031.99
231.13	48085.24
231.20	48150.12
231.27	48214.90
231.34	48276.21
231.41	48340.44
231.49	48387.92
231.56	48438.53
231.63	48488.67
231.70	48530.70
231.77	48577.06
231.84	48618.11
231.92	48641.71
231.99	48669.85
232.06	48706.11
232.13	48739.24
232.20	48783.14
232.27	48834.91
232.34	48872.89
232.42	48903.80
232.49	48933.82
232.56	48965.89
232.63	49003.51
232.70	49042.39
232.77	49094.47
232.85	49148.13
232.92	49195.20
232.99	49229.86
233.06	49266.57
233.13	49293.71
233.20	49311.21
233.27	49322.51
233.35	49331.25
233.42	49343.11
233.49	49357.22
233.56	49383.71
233.63	49415.49
233.70	49455.03
233.77	49497.19
233.85	49534.99
233.92	49573.65
233.99	49606.39
234.06	49639.53
234.13	49674.00
234.20	49706.47
234.27	49729.60
234.35	49748.66
234.42	49765.53
234.49	49775.87
234.56	49786.96
234.63	49801.18
234.70	49823.73
234.77	49842.37
234.84	49859.83
234.92	49868.33
234.99	49875.46
235.06	49886.79
235.13	49895.04
235.20	49901.77
235.27	49923.20
235.34	49936.76
235.41	49947.42
235.49	49962.24
235.56	49981.11
235.63	49987.44
235.70	50007.76
235.77	50017.92
235.84	50031.98
235.91	50033.32
235.98	50034.61
236.06	50018.55
236.13	50002.77
236.20	49986.47
236.27	49963.34
236.34	49950.84
236.41	49933.42
236.48	49924.30
236.55	49916.96
236.63	49919.14
236.70	49918.82
236.77	49934.84
236.84	49954.74
236.91	49967.68
236.98	49982.84
237.05	49995.48
237.12	50000.10
237.19	49989.98
237.27	49981.05
237.34	49980.04
237.41	49973.27
237.48	49961.95
237.55	49951.80
237.62	49949.06
237.69	49945.35
237.76	49951.53
237.83	49962.86
237.91	49977.29
237.98	49978.98
238.05	49974.35
238.12	49961.34
238.19	49956.19
238.26	49956.48
238.33	49954.99
238.40	49946.67
238.47	49933.07
238.54	49922.88
238.62	49907.01
238.69	49893.11
238.76	49884.62
238.83	49880.19
238.90	49868.62
238.97	49861.55
239.04	49853.80
239.11	49853.19
239.18	49862.84
239.25	49862.82
239.33	49847.69
239.40	49838.07
239.47	49816.71
239.54	49782.45
239.61	49746.35
239.68	49716.49
239.75	49689.90
239.82	49676.13
239.89	49667.20
239.96	49672.77
240.03	49677.12
240.11	49685.55
240.18	49682.89
240.25	49673.35
240.32	49661.46
240.39	49651.94
240.46	49632.04
240.53	49631.46
240.60	49636.70
240.67	49630.62
240.74	49630.22
240.81	49628.23
240.88	49615.29
240.96	49599.01
241.03	49592.66
241.10	49583.25
241.17	49574.76
241.24	49567.09
241.31	49563.57
241.38	49554.50
241.45	49544.39
241.52	49535.62
241.59	49525.65
241.66	49510.21
241.73	49499.42
241.80	49489.58
241.88	49473.22
241.95	49455.49
242.02	49438.80
242.09	49414.43
242.16	49384.63
242.23	49375.37
242.30	49364.74
242.37	49352.71
242.44	49355.51
242.51	49355.93
242.58	49346.56
242.65	49338.25
242.72	49340.60
242.79	49330.89
242.87	49321.34
242.94	49309.53
243.01	49306.29
243.08	49304.62
243.15	49304.43
243.22	49306.73
243.29	49310.58
243.36	49310.38
243.43	49313.68
243.50	49323.67
243.57	49345.82
243.64	49360.04
243.71	49368.68
243.78	49365.26
243.85	49354.20
243.92	49338.36
243.99	49327.86
244.07	49317.98
244.14	49309.02
244.21	49302.51
244.28	49297.10
244.35	49284.21
244.42	49264.38
244.49	49259.84
244.56	49260.36
244.63	49259.35
244.70	49255.58
244.77	49262.85
244.84	49262.21
244.91	49265.30
244.98	49276.26
245.05	49299.11
245.12	49317.98
245.19	49333.48
245.26	49344.53
245.33	49353.61
245.40	49373.80
245.47	49402.90
245.55	49424.57
245.62	49431.69
245.69	49431.54
245.76	49430.61
245.83	49420.24
245.90	49411.69
245.97	49417.56
246.04	49432.11
246.11	49436.15
246.18	49442.21
246.25	49446.39
246.32	49439.62
246.39	49436.51
246.46	49431.97
246.53	49438.62
246.60	49448.47
246.67	49467.17
246.74	49479.44
246.81	49505.72
246.88	49518.50
246.95	49542.42
247.02	49568.57
247.09	49586.70
247.16	49584.05
247.23	49579.74
247.30	49568.10
247.37	49547.57
247.44	49550.25
247.51	49564.30
247.58	49591.55
247.66	49618.26
247.73	49658.63
247.80	49682.95
247.87	49705.50
247.94	49735.01
248.01	49768.24
248.08	49786.81
248.15	49802.96
248.22	49821.97
248.29	49833.38
248.36	49841.93
248.43	49862.49
248.50	49884.68
248.57	49902.06
248.64	49910.88
248.71	49929.27
248.78	49952.43
248.85	49969.62
248.92	49987.25
248.99	50006.59
249.06	50017.86
249.13	50019.75
249.20	50031.67
249.27	50048.14
249.34	50058.33
249.41	50067.04
249.48	50059.52
249.55	50046.67
249.62	50040.86
249.69	50046.65
249.76	50064.66
249.83	50105.63
249.90	50157.36
249.97	50190.78
250.04	50221.28
250.11	50247.62
250.18	50263.43
250.25	50273.03
250.32	50290.54
250.39	50314.75
250.46	50322.52
250.53	50341.36
250.60	50361.48
250.67	50380.08
250.74	50389.10
250.81	50404.47
250.88	50417.60
250.95	50424.97
251.02	50434.80
251.09	50453.80
251.16	50477.97
251.23	50491.95
251.30	50508.15
251.37	50519.56
251.44	50524.80
251.51	50529.68
251.58	50546.95
251.65	50563.05
251.72	50575.19
251.79	50592.24
251.86	50606.49
251.93	50612.21
252.00	50610.13
252.07	50613.13
252.14	50622.40
252.21	50624.12
252.28	50628.99
252.35	50642.84
252.42	50669.70
252.49	50671.69
252.56	50679.49
252.63	50685.41
252.70	50684.74
252.77	50680.30
252.84	50694.30
252.91	50703.73
252.98	50720.92
253.05	50735.56
253.12	50740.64
253.19	50744.08
253.25	50754.08
253.32	50757.08
253.39	50783.05
253.46	50806.93
253.53	50821.03
253.60	50832.10
253.67	50837.61
253.74	50838.65
253.81	50848.04
253.88	50861.42
253.95	50873.67
254.02	50889.99
254.09	50898.36
254.16	50901.18
254.23	50902.10
254.30	50912.20
254.37	50927.75
254.44	50940.80
254.51	50951.07
254.58	50954.19
254.65	50954.76
254.72	50948.67
254.79	50931.34
254.86	50928.05
254.93	50927.02
255.00	50927.12
255.07	50926.46
255.14	50935.80
255.21	50932.38
255.28	50931.09
255.34	50916.30
255.41	50908.97
255.48	50896.44
255.55	50893.54
255.62	50887.60
255.69	50889.14
255.76	50890.94
255.83	50899.56
255.90	50901.26
255.97	50918.14
256.04	50922.00
256.11	50926.22
256.18	50921.02
256.25	50917.77
256.32	50899.80
256.39	50900.00
256.46	50886.60
256.53	50881.23
256.60	50880.27
256.67	50882.80
256.74	50877.98
256.80	50874.83
256.87	50876.80
256.94	50863.70
257.01	50855.96
257.08	50848.99
257.15	50840.90
257.22	50826.39
257.29	50804.57
257.36	50780.63
257.43	50763.24
257.50	50747.78
257.57	50730.24
257.64	50731.57
257.71	50716.80
257.78	50697.93
257.85	50679.55
257.92	50669.70
257.98	50655.87
258.05	50653.17
258.12	50629.94
258.19	50613.21
258.26	50598.53
258.33	50578.75
258.40	50570.58
258.47	50576.10
258.54	50583.79
258.61	50576.09
258.68	50568.11
258.75	50546.31
258.82	50529.55
258.89	50498.51
258.95	50471.93
259.02	50454.93
259.09	50437.40
259.16	50417.84
259.23	50397.95
259.30	50374.35
259.37	50354.33
259.44	50334.86
259.51	50321.73
259.58	50315.68
259.65	50301.18
259.72	50276.64
259.79	50244.95
259.85	50207.40
259.92	50163.17
259.99	50142.59
260.06	50119.85
260.13	50095.08
260.20	50064.17
260.27	50037.94
260.34	49995.62
260.41	49956.62
260.48	49923.43
260.55	49907.04
260.62	49893.24
260.68	49872.71
260.75	49847.67
260.82	49830.03
260.89	49803.51
260.96	49771.58
261.03	49747.66
261.10	49733.11
261.17	49710.06
261.24	49677.87
261.31	49649.30
261.38	49624.70
261.44	49586.72
261.51	49543.85
261.58	49498.00
261.65	49452.61
261.72	49403.63
261.79	49355.58
261.86	49323.55
261.93	49309.74
262.00	49289.48
262.07	49255.88
262.13	49228.19
262.20	49198.10
262.27	49150.39
262.34	49115.56
262.41	49089.96
262.48	49055.21
262.55	49023.39
262.62	48994.88
262.69	48957.23
262.76	48923.58
262.82	48894.20
262.89	48860.42
262.96	48832.15
263.03	48804.98
263.10	48774.83
263.17	48745.56
263.24	48707.54
263.31	48673.16
263.38	48632.92
263.44	48597.37
263.51	48546.61
263.58	48502.09
263.65	48455.43
263.72	48405.74
263.79	48356.32
263.86	48318.26
263.93	48274.79
264.00	48233.21
264.06	48202.23
264.13	48161.82
264.20	48130.23
264.27	48091.36
264.34	48048.84
264.41	48001.40
264.48	47963.30
264.55	47917.75
264.61	47882.50
264.68	47840.03
264.75	47801.53
264.82	47750.33
264.89	47707.54
264.96	47668.06
265.03	47627.09
265.10	47595.69
265.16	47566.11
265.23	47530.85
265.30	47503.49
265.37	47479.68
265.44	47433.09
265.51	47394.39
265.58	47352.55
265.65	47294.72
265.71	47237.47
265.78	47190.32
265.85	47139.72
265.92	47091.97
265.99	47054.08
266.06	47020.27
266.13	46983.23
266.20	46954.93
266.26	46920.61
266.33	46881.84
266.40	46834.05
266.47	46784.57
266.54	46714.86
266.61	46659.81
266.68	46596.67
266.74	46536.43
266.81	46483.76
266.88	46439.79
266.95	46384.13
267.02	46338.15
267.09	46298.96
267.16	46257.83
267.22	46215.83
267.29	46177.48
267.36	46136.99
267.43	46097.30
267.50	46054.41
267.57	46024.37
267.64	45990.53
267.70	45956.50
267.77	45919.08
267.84	45890.56
267.91	45844.64
267.98	45796.01
268.05	45750.15
268.11	45706.61
268.18	45650.21
268.25	45601.17
268.32	45561.06
268.39	45520.25
268.46	45479.35
268.53	45442.20
268.59	45404.75
268.66	45360.81
268.73	45320.22
268.80	45273.35
268.87	45224.95
268.94	45186.19
269.00	45151.20
269.07	45110.97
269.14	45082.22
269.21	45060.94
269.28	45023.84
269.35	44983.16
269.41	44951.72
269.48	44903.15
269.55	44845.09
269.62	44794.97
269.69	44752.07
269.76	44695.13
269.82	44653.57
269.89	44622.86
269.96	44597.33
270.03	44566.25
270.10	44542.65
270.17	44507.60
270.23	44467.43
270.30	44424.56
270.37	44390.82
270.44	44360.50
270.51	44324.56
270.58	44290.84
270.64	44263.49
270.71	44226.49
270.78	44192.05
270.85	44163.84
270.92	44133.49
270.99	44093.55
271.05	44062.17
271.12	44021.12
271.19	43978.10
271.26	43931.60
271.33	43896.22
271.39	43860.14
271.46	43814.91
271.53	43787.04
271.60	43769.74
271.67	43736.42
271.74	43698.13
271.80	43677.90
271.87	43658.85
271.94	43625.73
272.01	43597.86
272.08	43570.61
272.14	43530.90
272.21	43492.12
272.28	43466.75
272.35	43447.28
272.42	43424.02
272.48	43414.06
272.55	43387.85
272.62	43357.01
272.69	43330.82
272.76	43322.02
272.83	43294.81
272.89	43270.20
272.96	43247.28
273.03	43214.12
273.10	43173.05
273.17	43141.79
273.23	43113.26
273.30	43090.62
273.37	43066.11
273.44	43040.62
273.51	43020.05
273.57	43004.52
273.64	42974.43
273.71	42958.90
273.78	42933.94
273.85	42912.86
273.91	42888.40
273.98	42876.56
274.05	42856.65
274.12	42845.60
274.19	42826.66
274.25	42805.60
274.32	42778.44
274.39	42743.19
274.46	42700.82
274.53	42655.94
274.59	42612.05
274.66	42579.15
274.73	42556.14
274.80	42534.23
274.86	42511.41
274.93	42493.45
275.00	42454.29
275.07	42411.29
275.14	42374.55
275.20	42341.47
275.27	42309.73
275.34	42291.02
275.41	42277.76
275.48	42264.82
275.54	42251.38
275.61	42234.88
275.68	42219.06
275.75	42197.37
275.81	42168.16
275.88	42141.50
275.95	42119.78
276.02	42089.25
276.09	42058.73
276.15	42032.45
276.22	42007.75
276.29	41983.93
276.36	41962.37
276.42	41942.02
276.49	41915.64
276.56	41892.65
276.63	41868.15
276.70	41843.82
276.76	41827.49
276.83	41818.74
276.90	41803.14
276.97	41781.56
277.03	41765.71
277.10	41737.53
277.17	41712.09
277.24	41701.13
277.30	41686.25
277.37	41663.80
277.44	41655.54
277.51	41635.77
277.58	41604.84
277.64	41579.16
277.71	41565.58
277.78	41540.67
277.85	41522.72
277.91	41496.02
277.98	41471.42
278.05	41440.42
278.12	41423.45
278.18	41396.09
278.25	41378.19
278.32	41356.68
278.39	41341.99
278.45	41322.16
278.52	41312.65
278.59	41300.58
278.66	41285.08
278.72	41270.77
278.79	41249.50
278.86	41230.13
278.93	41212.36
278.99	41203.37
279.06	41178.90
279.13	41147.41
279.20	41129.36
279.26	41111.95
279.33	41089.98
279.40	41073.80
279.47	41065.33
279.53	41032.59
279.60	41001.55
279.67	40967.09
279.74	40932.76
279.80	40906.38
279.87	40897.12
279.94	40882.71
280.01	40874.14
280.07	40861.32
280.14	40844.40
280.21	40813.42
280.28	40788.57
280.34	40756.45
280.41	40733.71
280.48	40705.30
280.55	40678.24
280.61	40657.24
280.68	40641.39
280.75	40610.52
280.82	40574.51
280.88	40540.85
280.95	40486.31
281.02	40420.00
281.08	40352.50
281.15	40288.37
281.22	40224.93
281.29	40174.56
281.35	40123.33
281.42	40086.25
281.49	40053.17
281.56	40017.54
281.62	39985.32
281.69	39957.14
281.76	39932.09
281.82	39901.36
281.89	39878.50
281.96	39853.81
282.03	39829.12
282.09	39801.21
282.16	39778.11
282.23	39750.61
282.30	39722.13
282.36	39700.28
282.43	39683.16
282.50	39672.73
282.56	39652.75
282.63	39633.23
282.70	39618.40
282.77	39599.39
282.83	39575.36
282.90	39558.65
282.97	39539.56
283.03	39509.76
283.10	39478.18
283.17	39449.39
283.24	39425.79
283.30	39391.89
283.37	39368.98
283.44	39346.15
283.50	39323.60
283.57	39303.25
283.64	39289.44
283.71	39263.63
283.77	39233.24
283.84	39205.89
283.91	39161.97
283.97	39126.90
284.04	39118.54
284.11	39115.19
284.18	39120.36
284.24	39137.35
284.31	39151.55
284.38	39150.90
284.44	39142.07
284.51	39123.78
284.58	39103.79
284.64	39087.92
284.71	39072.59
284.78	39061.58
284.85	39044.23
284.91	39035.13
284.98	39018.74
285.05	38988.43
285.11	38965.33
285.18	38952.65
285.25	38941.58
285.31	38938.31
285.38	38939.95
285.45	38943.18
285.52	38940.21
285.58	38927.83
285.65	38907.86
285.72	38894.05
285.78	38877.75
285.85	38865.57
285.92	38853.28
285.98	38846.03
286.05	38833.52
286.12	38822.83
286.18	38808.17
286.25	38798.82
286.32	38784.65
286.39	38784.81
286.45	38781.96
286.52	38774.35
286.59	38767.17
286.65	38763.41
286.72	38752.71
286.79	38738.43
286.85	38727.09
286.92	38712.14
286.99	38705.70
287.05	38682.89
287.12	38682.29
287.19	38675.67
287.25	38676.99
287.32	38670.09
287.39	38682.14
287.45	38673.95
287.52	38679.32
287.59	38676.71
287.65	38672.06
287.72	38660.35
287.79	38651.49
287.86	38641.40
287.92	38626.69
287.99	38617.77
288.06	38618.94
288.12	38610.98
288.19	38606.03
288.26	38596.62
288.32	38593.14
288.39	38581.03
288.46	38581.83
288.52	38575.62
288.59	38585.21
288.66	38583.69
288.72	38579.33
288.79	38583.70
288.86	38584.87
288.92	38582.45
288.99	38573.03
289.06	38574.23
289.12	38562.65
289.19	38563.92
289.26	38564.34
289.32	38576.36
289.39	38577.33
289.45	38594.08
289.52	38584.00
289.59	38586.29
289.65	38590.56
289.72	38602.39
289.79	38603.71
289.85	38621.78
289.92	38628.04
289.99	38633.03
290.05	38627.57
290.12	38616.27
290.19	38605.39
290.25	38600.76
290.32	38597.91
290.39	38604.15
290.45	38616.35
290.52	38623.08
290.59	38629.83
290.65	38623.67
290.72	38619.14
290.79	38612.52
290.85	38621.77
290.92	38635.07
290.98	38647.86
291.05	38661.25
291.12	38673.06
291.18	38685.07
291.25	38683.61
291.32	38690.25
291.38	38690.04
291.45	38687.04
291.52	38680.13
291.58	38682.31
291.65	38694.07
291.72	38715.53
291.78	38741.10
291.85	38754.22
291.91	38768.81
291.98	38787.12
292.05	38785.00
292.11	38794.87
292.18	38809.69
292.25	38817.75
292.31	38803.90
292.38	38815.40
292.45	38812.67
292.51	38821.95
292.58	38826.58
292.64	38848.04
292.71	38856.06
292.78	38870.09
292.84	38876.17
292.91	38886.27
292.98	38891.99
293.04	38898.51
293.11	38899.90
293.17	38906.99
293.24	38921.09
293.31	38933.35
293.37	38947.63
293.44	38966.32
293.51	38979.02
293.57	38984.39
293.64	38990.97
293.70	39002.21
293.77	39013.57
293.84	39027.08
293.90	39034.54
293.97	39041.79
294.04	39055.79
294.10	39064.99
294.17	39069.64
294.23	39086.51
294.30	39099.00
294.37	39104.69
294.43	39122.12
294.50	39136.60
294.56	39151.27
294.63	39162.95
294.70	39177.55
294.76	39187.56
294.83	39199.44
294.90	39214.13
294.96	39238.45
295.03	39260.14
295.09	39278.60
295.16	39301.17
295.23	39307.19
295.29	39314.19
295.36	39317.46
295.42	39317.46
295.49	39318.10
295.56	39343.40
295.62	39361.79
295.69	39374.74
295.75	39394.97
295.82	39416.65
295.89	39421.68
295.95	39424.61
296.02	39434.74
296.08	39442.41
296.15	39444.92
296.22	39452.06
296.28	39475.15
296.35	39501.78
296.41	39521.77
296.48	39548.85
296.55	39578.06
296.61	39592.98
296.68	39607.83
296.74	39632.00
296.81	39656.95
296.88	39674.91
296.94	39692.50
297.01	39711.47
297.07	39723.63
297.14	39735.45
297.20	39750.91
297.27	39774.75
297.34	39795.21
297.40	39814.82
297.47	39829.58
297.53	39849.16
297.60	39867.39
297.67	39881.03
297.73	39897.88
297.80	39909.35
297.86	39910.84
297.93	39913.88
298.00	39923.35
298.06	39934.54
298.13	39964.81
298.19	39982.43
298.26	40002.14
298.32	40026.42
298.39	40041.25
298.46	40043.54
298.52	40066.65
298.59	40077.92
298.65	40087.26
298.72	40112.14
298.78	40139.01
298.85	40161.86
298.92	40181.78
298.98	40204.05
299.05	40213.92
299.11	40224.88
299.18	40230.47
299.24	40246.83
299.31	40251.66
299.38	40267.24
299.44	40269.12
299.51	40283.33
299.57	40292.66
299.64	40310.10
299.70	40318.16
299.77	40336.35
299.84	40342.86
299.90	40343.27
299.97	40334.38
300.03	40341.90
300.10	40354.12
300.16	40370.88
300.23	40396.30
300.30	40425.94
300.36	40436.99
300.43	40447.50
300.49	40459.20
300.56	40472.67
300.62	40493.04
300.69	40516.68
300.75	40530.54
300.82	40540.58
300.89	40553.06
300.95	40565.75
301.02	40570.06
301.08	40579.87
301.15	40584.11
301.21	40590.69
301.28	40590.10
301.34	40602.33
301.41	40603.98
301.48	40613.26
301.54	40608.81
301.61	40610.27
301.67	40606.35
301.74	40616.89
301.80	40622.47
301.87	40624.68
301.93	40618.43
302.00	40617.19
302.06	40612.20
302.13	40605.41
302.20	40608.82
302.26	40612.28
302.33	40615.19
302.39	40606.61
302.46	40603.64
302.52	40593.22
302.59	40592.03
302.65	40589.78
302.72	40593.25
302.78	40594.50
302.85	40610.25
302.91	40604.53
302.98	40601.10
303.05	40592.98
303.11	40588.28
303.18	40568.88
303.24	40567.30
303.31	40554.20
303.37	40551.95
303.44	40547.16
303.50	40538.77
303.57	40528.71
303.63	40520.53
303.70	40511.48
303.76	40495.82
303.83	40490.87
303.89	40478.11
303.96	40461.88
304.03	40440.70
304.09	40427.94
304.16	40405.77
304.22	40383.05
304.29	40371.87
304.35	40352.86
304.42	40341.12
304.48	40329.19
304.55	40320.67
304.61	40305.95
304.68	40302.97
304.74	40293.11
304.81	40288.64
304.87	40266.63
304.94	40251.07
305.00	40225.39
305.07	40193.51
305.13	40157.83
305.20	40131.69
305.26	40108.93
305.33	40096.81
305.39	40085.50
305.46	40065.84
305.52	40054.50
305.59	40033.52
305.66	40004.90
305.72	39973.42
305.79	39944.05
305.85	39914.22
305.92	39875.67
305.98	39820.19
306.05	39693.03
306.11	39466.22
306.18	39175.56
306.24	38920.65
306.31	38773.85
306.37	38789.41
306.44	38956.50
306.50	39207.69
306.57	39428.38
306.63	39558.00
306.70	39586.63
306.76	39567.80
306.83	39529.38
306.89	39482.36
306.96	39436.23
307.02	39400.98
307.09	39377.64
307.15	39342.28
307.22	39318.04
307.28	39288.05
307.35	39254.44
307.41	39202.85
307.48	39169.25
307.54	39130.51
307.61	39096.28
307.67	39054.55
307.74	39020.19
307.80	38983.75
307.87	38942.86
307.93	38900.15
308.00	38870.57
308.06	38837.71
308.13	38799.28
308.19	38761.84
308.26	38722.45
308.32	38685.97
308.38	38657.28
308.45	38623.27
308.51	38589.87
308.58	38548.31
308.64	38494.59
308.71	38445.35
308.77	38393.04
308.84	38342.55
308.90	38320.79
308.97	38300.63
309.03	38281.91
309.10	38258.32
309.16	38234.45
309.23	38189.67
309.29	38146.28
309.36	38085.59
309.42	38027.95
309.49	37969.88
309.55	37908.85
309.62	37847.67
309.68	37799.39
309.75	37749.37
309.81	37704.90
309.88	37671.37
309.94	37629.44
310.00	37583.58
310.07	37544.75
310.13	37509.17
310.20	37464.22
310.26	37430.91
310.33	37393.86
310.39	37354.23
310.46	37309.74
310.52	37269.66
310.59	37222.83
310.65	37180.81
310.72	37137.99
310.78	37088.71
310.85	37039.66
310.91	36997.62
310.97	36954.85
311.04	36914.68
311.10	36869.73
311.17	36827.58
311.23	36785.33
311.30	36740.96
311.36	36698.06
311.43	36669.73
311.49	36626.81
311.56	36589.96
311.62	36548.20
311.69	36501.50
311.75	36458.63
311.81	36412.69
311.88	36361.35
311.94	36327.52
312.01	36304.64
312.07	36269.67
312.14	36242.45
312.20	36219.78
312.27	36178.02
312.33	36121.27
312.40	36066.16
312.46	36015.15
312.52	35960.76
312.59	35910.52
312.65	35864.68
312.72	35812.55
312.78	35761.90
312.85	35712.20
312.91	35657.41
312.98	35611.34
313.04	35576.31
313.10	35538.10
313.17	35496.90
313.23	35465.74
313.30	35432.11
313.36	35380.78
313.43	35326.25
313.49	35278.07
313.56	35220.08
313.62	35163.00
313.68	35119.29
313.75	35080.05
313.81	35036.41
313.88	34997.14
313.94	34956.54
314.01	34917.13
314.07	34882.65
314.13	34837.82
314.20	34804.61
314.26	34765.27
314.33	34719.25
314.39	34664.85
314.46	34612.48
314.52	34554.81
314.58	34502.30
314.65	34448.93
314.71	34402.55
314.78	34361.28
314.84	34319.46
314.91	34277.30
314.97	34243.23
315.03	34202.66
315.10	34164.87
315.16	34115.55
315.23	34072.50
315.29	34025.04
315.36	33977.82
315.42	33931.05
315.48	33891.73
315.55	33842.89
315.61	33789.89
315.68	33751.73
315.74	33712.05
315.81	33671.52
315.87	33630.76
315.93	33599.31
316.00	33568.89
316.06	33532.22
316.13	33511.48
316.19	33477.53
316.25	33414.04
316.32	33318.56
316.38	33203.49
316.45	33046.10
316.51	32883.78
316.58	32719.56
316.64	32535.98
316.70	32354.40
316.77	32155.13
316.83	31935.13
316.90	31703.02
316.96	31465.63
317.02	31210.74
317.09	30948.35
317.15	30673.59
317.22	30375.93
317.28	30064.42
317.34	29729.01
317.41	29382.39
317.47	29026.79
317.54	28657.13
317.60	28273.38
317.66	27878.95
317.73	27466.89
317.79	27035.20
317.86	26598.89
317.92	26145.78
317.98	25672.37
318.05	25182.33
318.11	24684.04
318.18	24178.80
318.24	23661.15
318.30	23138.72
318.37	22607.45
318.43	22060.03
318.50	21494.41
318.56	20922.17
318.62	20349.42
318.69	19770.98
318.75	19196.48
318.82	18617.94
318.88	18042.96
318.94	17461.69
319.01	16883.37
319.07	16312.48
319.13	15736.64
319.20	15160.61
319.26	14584.06
319.33	14017.14
319.39	13435.66
319.45	12882.31
319.52	12338.82
319.58	11803.97
319.65	11274.82
319.71	10762.15
319.77	10251.55
319.84	9755.85
319.90	9273.98
319.96	8801.67
320.03	8342.62
320.09	7898.43
320.16	7460.55
320.22	7042.50
320.28	6638.70
320.35	6254.16
320.41	5885.92
320.47	5535.45
320.54	5195.89
320.60	4879.41
320.67	4578.12
320.73	4289.94
320.79	4016.80
320.86	3761.54
320.92	3516.37
320.98	3288.14
321.05	3071.85
321.11	2866.62
321.18	2678.03
321.24	2502.98
321.30	2335.69
321.37	2186.03
321.43	2054.69
321.49	1929.39
321.56	1814.06
321.62	1712.20
321.68	1612.48
321.75	1520.42
321.81	1437.51
321.88	1361.79
321.94	1296.62
322.00	1239.30
322.07	1179.96
322.13	1126.14
322.19	1075.49
322.26	1023.29
322.32	977.65
322.38	941.00
322.45	910.22
322.51	878.65
322.58	854.59
322.64	823.90
322.70	797.81
322.77	764.52
322.83	743.73
322.89	712.53
322.96	687.35
323.02	661.06
323.08	636.25
323.15	607.51
323.21	585.73
323.27	563.76
323.34	540.92
323.40	518.96
323.46	496.44
323.53	468.70
323.59	398.36
323.65	300.63
323.72	189.62
323.78	82.38
323.85	-16.40
323.91	-66.59
323.97	-85.00
324.04	-86.23
