180.21	3377.39
180.28	-117.29
180.36	618.65
180.44	-57.83
180.51	-34.11
180.59	-17.03
180.66	3.15
180.74	3.23
180.81	3.83
180.89	5.86
180.97	6.81
181.04	5.20
181.12	5.00
181.19	6.47
181.27	7.24
181.34	19.71
181.42	25.73
181.50	31.27
181.57	38.83
181.65	42.22
181.72	37.87
181.80	34.69
181.87	36.10
181.95	38.28
182.03	42.11
182.10	48.38
182.18	55.66
182.25	66.47
182.33	76.97
182.40	92.88
182.48	100.88
182.55	122.04
182.63	138.51
182.71	152.94
182.78	169.23
182.86	186.79
182.93	183.34
183.01	172.33
183.08	156.79
183.16	142.20
183.23	128.63
183.31	137.67
183.39	155.59
183.46	187.67
183.54	216.57
183.61	259.36
183.69	298.00
183.76	348.01
183.84	393.96
183.91	441.20
183.99	497.61
184.06	543.63
184.14	591.99
184.22	647.78
184.29	682.98
184.37	693.80
184.44	703.16
184.52	662.09
184.59	567.27
184.67	479.88
184.74	402.92
184.82	351.03
184.89	351.72
184.97	415.81
185.04	508.13
185.12	602.70
185.20	703.85
185.27	802.19
185.35	903.61
185.42	977.69
185.50	1050.91
185.57	1113.74
185.65	1163.55
185.72	1216.65
185.80	1299.66
185.87	1368.29
185.95	1455.37
186.02	1570.32
186.10	1628.02
186.17	1628.49
186.25	1562.64
186.33	1367.21
186.40	1134.99
186.48	968.45
186.55	878.33
186.63	894.37
186.70	1042.24
186.78	1221.04
186.85	1378.06
186.93	1514.98
187.00	1635.08
187.08	1759.67
187.15	1880.52
187.23	2017.62
187.30	2150.81
187.38	2268.96
187.45	2395.56
187.53	2524.74
187.60	2611.00
187.68	2722.56
187.75	2852.91
187.83	2922.02
187.90	2988.56
187.98	3072.91
188.05	3048.17
188.13	2859.21
188.21	2568.92
188.28	2271.93
188.36	2003.93
188.43	1844.17
188.51	1886.90
188.58	2093.41
188.66	2315.87
188.73	2531.84
188.81	2745.06
188.88	2917.99
188.96	3082.17
189.03	3228.19
189.11	3376.96
189.18	3511.76
189.26	3627.81
189.33	3747.88
189.41	3870.90
189.48	3955.75
189.56	4054.74
189.63	4167.65
189.71	4224.62
189.78	4289.92
189.86	4377.55
189.93	4412.61
190.01	4395.88
190.08	4321.92
190.16	4078.99
190.23	3694.06
190.31	3353.38
190.38	3120.75
190.46	3017.09
190.53	3109.96
190.61	3365.48
190.68	3624.33
190.76	3848.85
190.83	4043.34
190.91	4210.89
190.98	4380.09
191.06	4526.32
191.13	4672.64
191.21	4800.73
191.28	4913.02
191.35	5025.96
191.43	5130.06
191.50	5205.75
191.58	5298.66
191.65	5386.75
191.73	5429.38
191.80	5482.46
191.88	5519.57
191.95	5517.97
192.03	5524.99
192.10	5548.60
192.18	5553.11
192.25	5517.48
192.33	5379.05
192.40	5127.23
192.48	4867.55
192.55	4664.86
192.63	4554.50
192.70	4608.16
192.78	4803.41
192.85	5031.30
192.93	5239.18
193.00	5426.09
193.08	5583.06
193.15	5736.09
193.22	5855.91
193.30	5966.21
193.37	6072.03
193.45	6151.05
193.52	6218.98
193.60	6291.68
193.67	6343.88
193.75	6390.48
193.82	6437.91
193.90	6454.42
193.97	6473.26
194.05	6502.37
194.12	6520.15
194.20	6552.31
194.27	6601.28
194.34	6642.97
194.42	6675.24
194.49	6707.40
194.57	6716.09
194.64	6664.85
194.72	6565.03
194.79	6462.46
194.87	6381.30
194.94	6342.66
195.02	6374.38
195.09	6468.41
195.17	6583.25
195.24	6688.28
195.31	6777.99
195.39	6854.90
195.46	6927.09
195.54	6989.74
195.61	7049.29
195.69	7098.18
195.76	7141.42
195.84	7184.95
195.91	7218.34
195.99	7236.04
196.06	7254.42
196.13	7277.03
196.21	7288.22
196.28	7308.30
196.36	7342.96
196.43	7373.72
196.51	7406.01
196.58	7441.16
196.66	7472.25
196.73	7494.07
196.80	7518.04
196.88	7541.67
196.95	7565.59
197.03	7581.18
197.10	7582.81
197.18	7567.57
197.25	7549.21
197.33	7538.89
197.40	7544.36
197.47	7561.85
197.55	7605.01
197.62	7650.92
197.70	7692.72
197.77	7730.03
197.85	7767.11
197.92	7802.05
197.99	7834.34
198.07	7869.18
198.14	7899.50
198.22	7931.65
198.29	7953.34
198.37	7975.46
198.44	7996.00
198.51	8017.70
198.59	8038.78
198.66	8067.73
198.74	8096.61
198.81	8120.95
198.89	8136.41
198.96	8161.27
199.03	8183.24
199.11	8211.79
199.18	8241.42
199.26	8274.27
199.33	8301.64
199.41	8329.90
199.48	8349.43
199.55	8368.56
199.63	8388.23
199.70	8416.12
199.78	8433.13
199.85	8452.47
199.93	8470.34
200.00	8497.71
200.07	8521.27
200.15	8556.06
200.22	8589.95
200.30	8625.36
200.37	8657.21
200.44	8688.40
200.52	8720.18
200.59	8756.29
200.67	8785.46
200.74	8811.15
200.81	8835.84
200.89	8858.79
200.96	8885.89
201.04	8914.33
201.11	8948.44
201.19	8981.28
201.26	9016.52
201.33	9046.42
201.41	9079.91
201.48	9113.88
201.56	9147.93
201.63	9187.03
201.70	9218.38
201.78	9254.95
201.85	9297.11
201.93	9336.38
202.00	9368.97
202.07	9408.88
202.15	9447.58
202.22	9478.71
202.30	9513.26
202.37	9549.95
202.44	9589.11
202.52	9627.37
202.59	9670.00
202.67	9706.31
202.74	9746.28
202.81	9783.36
202.89	9820.15
202.96	9861.55
203.04	9910.81
203.11	9950.62
203.18	9996.61
203.26	10045.77
203.33	10087.25
203.41	10126.25
203.48	10174.93
203.55	10216.83
203.63	10260.36
203.70	10306.90
203.77	10355.39
203.85	10406.32
203.92	10453.97
204.00	10509.06
204.07	10560.45
204.14	10614.07
204.22	10654.34
204.29	10710.37
204.37	10753.01
204.44	10802.73
204.51	10852.16
204.59	10913.99
204.66	10966.17
204.73	11028.19
204.81	11083.22
204.88	11139.56
204.96	11195.36
205.03	11252.34
205.10	11305.86
205.18	11362.37
205.25	11419.11
205.32	11476.64
205.40	11536.18
205.47	11596.46
205.55	11654.18
205.62	11715.45
205.69	11777.49
205.77	11837.94
205.84	11904.01
205.91	11975.67
205.99	12046.26
206.06	12111.44
206.14	12181.75
206.21	12253.42
206.28	12322.57
206.36	12392.93
206.43	12464.12
206.50	12538.93
206.58	12603.08
206.65	12671.26
206.72	12741.87
206.80	12817.11
206.87	12890.11
206.95	12969.42
207.02	13052.61
207.09	13131.48
207.17	13214.25
207.24	13292.93
207.31	13375.10
207.39	13454.39
207.46	13532.03
207.53	13610.79
207.61	13694.04
207.68	13774.04
207.75	13856.85
207.83	13942.44
207.90	14023.43
207.98	14102.90
208.05	14193.56
208.12	14274.52
208.20	14361.90
208.27	14449.75
208.34	14543.75
208.42	14626.15
208.49	14723.27
208.56	14812.09
208.64	14901.71
208.71	14988.43
208.78	15078.95
208.86	15171.71
208.93	15266.89
209.00	15365.33
209.08	15466.06
209.15	15566.46
209.22	15661.41
209.30	15763.97
209.37	15865.98
209.44	15965.06
209.52	16070.75
209.59	16167.48
209.67	16266.87
209.74	16366.52
209.81	16463.97
209.89	16556.10
209.96	16668.41
210.03	16776.82
210.11	16884.61
210.18	16991.64
210.25	17104.15
210.33	17207.38
210.40	17308.96
210.47	17412.43
210.55	17528.68
210.62	17639.23
210.69	17747.12
210.77	17865.10
210.84	17978.95
210.91	18098.51
210.99	18218.79
211.06	18338.16
211.13	18445.86
211.21	18571.22
211.28	18679.17
211.35	18792.06
211.42	18913.15
211.50	19036.87
211.57	19149.74
211.64	19273.03
211.72	19391.72
211.79	19514.45
211.86	19633.07
211.94	19767.74
212.01	19898.29
212.08	20028.51
212.16	20144.97
212.23	20275.02
212.30	20393.68
212.38	20510.51
212.45	20636.85
212.52	20772.08
212.60	20895.53
212.67	21020.85
212.74	21154.90
212.82	21279.50
212.89	21402.82
212.96	21533.64
213.03	21661.16
213.11	21789.89
213.18	21918.85
213.25	22053.29
213.33	22180.72
213.40	22308.92
213.47	22437.07
213.55	22576.44
213.62	22704.70
213.69	22843.38
213.77	22981.62
213.84	23114.88
213.91	23254.89
213.98	23399.96
214.06	23547.40
214.13	23698.26
214.20	23849.62
214.28	23997.90
214.35	24142.16
214.42	24277.22
214.50	24409.11
214.57	24538.17
214.64	24659.05
214.72	24788.65
214.79	24924.68
214.86	25063.41
214.93	25205.70
215.01	25354.92
215.08	25504.51
215.15	25646.70
215.23	25780.29
215.30	25921.18
215.37	26059.06
215.44	26203.06
215.52	26352.67
215.59	26507.36
215.66	26654.51
215.74	26791.72
215.81	26926.24
215.88	27066.87
215.95	27196.85
216.03	27333.01
216.10	27475.11
216.17	27620.02
216.25	27757.31
216.32	27911.21
216.39	28062.38
216.46	28215.18
216.54	28361.00
216.61	28515.14
216.68	28657.44
216.76	28799.53
216.83	28941.86
216.90	29080.29
216.97	29224.16
217.05	29377.97
217.12	29524.23
217.19	29666.28
217.27	29813.75
217.34	29948.64
217.41	30074.64
217.48	30191.85
217.56	30319.96
217.63	30463.64
217.70	30603.85
217.78	30751.40
217.85	30913.25
217.92	31068.01
217.99	31211.14
218.07	31354.94
218.14	31492.64
218.21	31638.06
218.28	31782.14
218.36	31920.81
218.43	32058.14
218.50	32206.94
218.57	32351.56
218.65	32489.94
218.72	32628.37
218.79	32765.23
218.87	32895.53
218.94	33025.72
219.01	33163.57
219.08	33296.20
219.16	33436.36
219.23	33580.69
219.30	33719.53
219.37	33859.83
219.45	34004.14
219.52	34149.90
219.59	34283.18
219.66	34412.26
219.74	34540.80
219.81	34677.43
219.88	34800.76
219.95	34932.76
220.03	35072.91
220.10	35211.59
220.17	35338.95
220.24	35476.75
220.32	35609.21
220.39	35732.15
220.46	35850.00
220.53	35972.99
220.61	36093.22
220.68	36214.89
220.75	36343.32
220.82	36484.26
220.90	36614.11
220.97	36739.40
221.04	36857.98
221.11	36968.11
221.19	37074.49
221.26	37190.66
221.33	37312.82
221.40	37442.18
221.48	37574.25
221.55	37691.08
221.62	37799.45
221.69	37910.45
221.77	38030.19
221.84	38157.28
221.91	38281.90
221.98	38409.52
222.06	38533.15
222.13	38649.91
222.20	38747.53
222.27	38858.81
222.35	38968.97
222.42	39086.86
222.49	39194.45
222.56	39317.47
222.63	39431.89
222.71	39538.62
222.78	39641.13
222.85	39745.65
222.92	39851.20
223.00	39954.74
223.07	40067.11
223.14	40165.82
223.21	40266.90
223.29	40366.02
223.36	40474.85
223.43	40577.26
223.50	40684.40
223.57	40799.95
223.65	40912.86
223.72	41018.11
223.79	41121.51
223.86	41223.01
223.94	41314.51
224.01	41401.00
224.08	41482.87
224.15	41567.36
224.22	41662.79
224.30	41753.68
224.37	41845.66
224.44	41948.27
224.51	42044.71
224.59	42122.67
224.66	42201.16
224.73	42282.11
224.80	42360.83
224.87	42444.59
224.95	42543.32
225.02	42649.76
225.09	42752.89
225.16	42847.77
225.23	42945.86
225.31	43038.36
225.38	43116.04
225.45	43197.17
225.52	43279.12
225.60	43355.15
225.67	43433.81
225.74	43514.97
225.81	43591.58
225.88	43671.43
225.96	43750.87
226.03	43819.69
226.10	43888.29
226.17	43971.18
226.24	44047.22
226.32	44126.42
226.39	44212.83
226.46	44293.39
226.53	44360.22
226.60	44437.88
226.68	44516.96
226.75	44592.74
226.82	44680.67
226.89	44765.24
226.96	44838.47
227.04	44897.09
227.11	44954.21
227.18	45007.57
227.25	45055.34
227.32	45101.51
227.40	45166.15
227.47	45241.66
227.54	45324.94
227.61	45410.75
227.68	45496.64
227.76	45574.05
227.83	45643.31
227.90	45702.18
227.97	45760.83
228.04	45822.58
228.11	45870.14
228.19	45910.73
228.26	45956.56
228.33	46003.61
228.40	46044.73
228.47	46102.36
228.55	46166.14
228.62	46224.41
228.69	46289.68
228.76	46358.51
228.83	46419.96
228.90	46482.48
228.98	46543.04
229.05	46599.60
229.12	46668.16
229.19	46732.86
229.26	46784.85
229.34	46838.70
229.41	46892.02
229.48	46932.53
229.55	46978.11
229.62	47036.93
229.69	47094.73
229.77	47155.33
229.84	47214.24
229.91	47264.28
229.98	47306.99
230.05	47345.18
230.12	47376.68
230.20	47420.82
230.27	47467.62
230.34	47521.36
230.41	47589.31
230.48	47647.35
230.55	47691.95
230.63	47754.35
230.70	47816.62
230.77	47859.18
230.84	47906.77
230.91	47944.96
230.98	47977.97
231.06	48003.49
231.13	48051.53
231.20	48110.26
231.27	48177.26
231.34	48240.78
231.41	48302.18
231.49	48345.66
231.56	48379.99
231.63	48421.35
231.70	48454.91
231.77	48488.96
231.84	48524.53
231.92	48558.57
231.99	48590.31
232.06	48629.47
232.13	48667.52
232.20	48711.34
232.27	48753.57
232.34	48790.75
232.42	48816.69
232.49	48849.27
232.56	48881.50
232.63	48915.24
232.70	48947.09
232.77	48997.15
232.85	49035.71
232.92	49076.66
232.99	49111.41
233.06	49138.88
233.13	49150.08
233.20	49166.91
233.27	49169.24
233.35	49172.84
233.42	49186.62
233.49	49206.28
233.56	49232.73
233.63	49268.53
233.70	49312.02
233.77	49356.71
233.85	49393.72
233.92	49436.12
233.99	49466.14
234.06	49491.64
234.13	49511.69
234.20	49534.05
234.27	49541.73
234.35	49557.11
234.42	49567.46
234.49	49575.46
234.56	49595.63
234.63	49613.40
234.70	49628.20
234.77	49644.80
234.84	49662.05
234.92	49664.57
234.99	49670.26
235.06	49673.25
235.13	49676.01
235.20	49680.42
235.27	49692.74
235.34	49697.56
235.41	49716.52
235.49	49730.66
235.56	49745.86
235.63	49752.41
235.70	49765.38
235.77	49763.66
235.84	49768.53
235.91	49760.11
235.98	49757.85
236.06	49745.71
236.13	49732.98
236.20	49714.98
236.27	49695.74
236.34	49675.00
236.41	49661.74
236.48	49653.40
236.55	49650.21
236.63	49652.81
236.70	49634.61
236.77	49626.86
236.84	49633.53
236.91	49634.69
236.98	49635.94
237.05	49660.41
237.12	49666.14
237.19	49651.91
237.27	49650.18
237.34	49648.50
237.41	49643.32
237.48	49634.09
237.55	49626.83
237.62	49613.70
237.69	49606.16
237.76	49601.01
237.83	49608.51
237.91	49614.79
237.98	49616.71
238.05	49609.22
238.12	49604.12
238.19	49591.57
238.26	49593.37
238.33	49584.57
238.40	49575.30
238.47	49555.42
238.54	49548.48
238.62	49525.74
238.69	49509.74
238.76	49504.43
238.83	49501.61
238.90	49490.11
238.97	49478.62
239.04	49476.00
239.11	49474.25
239.18	49470.93
239.25	49465.70
239.33	49454.41
239.40	49438.21
239.47	49411.43
239.54	49373.87
239.61	49345.19
239.68	49315.98
239.75	49287.64
239.82	49273.64
239.89	49271.26
239.96	49267.31
240.03	49269.26
240.11	49269.50
240.18	49261.76
240.25	49248.94
240.32	49232.65
240.39	49212.78
240.46	49198.34
240.53	49190.55
240.60	49184.76
240.67	49173.82
240.74	49170.89
240.81	49165.86
240.88	49153.66
240.96	49144.89
241.03	49137.68
241.10	49134.90
241.17	49129.86
241.24	49127.77
241.31	49126.08
241.38	49112.74
241.45	49093.72
241.52	49075.66
241.59	49060.12
241.66	49041.73
241.73	49035.81
241.80	49032.73
241.88	49021.59
241.95	49005.08
242.02	48984.91
242.09	48966.21
242.16	48937.39
242.23	48928.90
242.30	48922.63
242.37	48907.14
242.44	48904.05
242.51	48905.42
242.58	48904.11
242.65	48891.05
242.72	48897.73
242.79	48882.91
242.87	48879.35
242.94	48859.09
243.01	48857.65
243.08	48862.04
243.15	48864.39
243.22	48862.24
243.29	48870.12
243.36	48869.59
243.43	48866.29
243.50	48884.10
243.57	48898.97
243.64	48911.21
243.71	48920.67
243.78	48924.66
243.85	48909.51
243.92	48892.89
243.99	48875.91
244.07	48864.41
244.14	48848.60
244.21	48847.47
244.28	48845.86
244.35	48836.21
244.42	48821.27
244.49	48806.91
244.56	48798.87
244.63	48798.66
244.70	48790.64
244.77	48789.04
244.84	48803.11
244.91	48815.47
244.98	48826.08
245.05	48855.27
245.12	48880.99
245.19	48899.64
245.26	48904.11
245.33	48915.12
245.40	48937.32
245.47	48963.37
245.55	48977.33
245.62	48992.13
245.69	48989.50
245.76	48987.79
245.83	48980.11
245.90	48977.90
245.97	48982.78
246.04	48999.48
246.11	49004.55
246.18	49007.42
246.25	49006.63
246.32	49001.79
246.39	48999.04
246.46	48998.72
246.53	49004.91
246.60	49016.89
246.67	49033.61
246.74	49046.14
246.81	49063.41
246.88	49085.31
246.95	49105.23
247.02	49122.79
247.09	49144.76
247.16	49148.42
247.23	49140.38
247.30	49136.34
247.37	49126.23
247.44	49123.07
247.51	49133.39
247.58	49163.32
247.66	49197.06
247.73	49243.08
247.80	49280.23
247.87	49308.03
247.94	49327.56
248.01	49352.46
248.08	49369.55
248.15	49382.25
248.22	49404.43
248.29	49426.88
248.36	49439.42
248.43	49465.08
248.50	49486.12
248.57	49503.64
248.64	49519.93
248.71	49541.97
248.78	49552.34
248.85	49566.16
248.92	49586.90
248.99	49601.17
249.06	49615.61
249.13	49627.85
249.20	49649.93
249.27	49661.62
249.34	49673.57
249.41	49665.13
249.48	49655.46
249.55	49635.08
249.62	49639.36
249.69	49646.42
249.76	49675.89
249.83	49716.20
249.90	49764.54
249.97	49798.18
250.04	49836.51
250.11	49870.94
250.18	49894.69
250.25	49920.08
250.32	49933.98
250.39	49950.92
250.46	49963.74
250.53	49990.44
250.60	50012.50
250.67	50041.63
250.74	50064.88
250.81	50072.13
250.88	50080.01
250.95	50091.07
251.02	50106.12
251.09	50125.18
251.16	50157.90
251.23	50179.35
251.30	50187.26
251.37	50193.51
251.44	50192.46
251.51	50192.90
251.58	50201.85
251.65	50223.17
251.72	50231.36
251.79	50249.20
251.86	50269.23
251.93	50275.45
252.00	50277.40
252.07	50288.89
252.14	50298.69
252.21	50297.21
252.28	50302.83
252.35	50318.24
252.42	50347.77
252.49	50360.33
252.56	50369.27
252.63	50376.66
252.70	50374.96
252.77	50365.61
252.84	50369.68
252.91	50383.81
252.98	50406.25
253.05	50421.23
253.12	50422.79
253.19	50427.71
253.25	50438.81
253.32	50440.90
253.39	50464.15
253.46	50500.17
253.53	50527.49
253.60	50537.48
253.67	50547.76
253.74	50551.89
253.81	50555.66
253.88	50561.72
253.95	50577.05
254.02	50590.34
254.09	50600.65
254.16	50607.60
254.23	50611.73
254.30	50618.76
254.37	50631.72
254.44	50637.81
254.51	50640.30
254.58	50648.58
254.65	50656.17
254.72	50655.71
254.79	50650.24
254.86	50652.59
254.93	50645.62
255.00	50641.31
255.07	50642.81
255.14	50654.55
255.21	50653.87
255.28	50646.99
255.34	50632.59
255.41	50622.13
255.48	50606.83
255.55	50600.01
255.62	50604.92
255.69	50615.56
255.76	50617.23
255.83	50624.96
255.90	50636.58
255.97	50643.76
256.04	50636.56
256.11	50637.90
256.18	50634.90
256.25	50626.88
256.32	50620.13
256.39	50630.29
256.46	50629.19
256.53	50626.48
256.60	50619.96
256.67	50612.90
256.74	50604.44
256.80	50603.15
256.87	50602.70
256.94	50594.63
257.01	50595.70
257.08	50584.31
257.15	50573.17
257.22	50559.71
257.29	50545.04
257.36	50520.25
257.43	50507.93
257.50	50498.04
257.57	50482.96
257.64	50483.51
257.71	50483.13
257.78	50476.46
257.85	50455.15
257.92	50444.18
257.98	50424.11
258.05	50412.04
258.12	50381.99
258.19	50362.14
258.26	50331.12
258.33	50302.09
258.40	50281.08
258.47	50285.93
258.54	50288.23
258.61	50291.16
258.68	50293.87
258.75	50279.38
258.82	50260.53
258.89	50227.78
258.95	50213.30
259.02	50204.59
259.09	50189.21
259.16	50168.06
259.23	50157.91
259.30	50125.63
259.37	50091.85
259.44	50078.18
259.51	50063.04
259.58	50051.84
259.65	50039.08
259.72	50023.06
259.79	49992.79
259.85	49963.36
259.92	49929.17
259.99	49910.51
260.06	49882.49
260.13	49855.15
260.20	49823.69
260.27	49784.94
260.34	49739.39
260.41	49712.02
260.48	49687.56
260.55	49674.87
260.62	49667.18
260.68	49655.58
260.75	49628.20
260.82	49601.24
260.89	49573.15
260.96	49540.81
261.03	49520.93
261.10	49494.83
261.17	49475.51
261.24	49435.81
261.31	49406.36
261.38	49370.97
261.44	49344.19
261.51	49294.80
261.58	49256.87
261.65	49211.21
261.72	49169.13
261.79	49124.05
261.86	49094.80
261.93	49073.99
262.00	49049.11
262.07	49017.80
262.13	48989.89
262.20	48956.66
262.27	48914.28
262.34	48882.03
262.41	48851.72
262.48	48815.98
262.55	48789.12
262.62	48760.14
262.69	48723.84
262.76	48684.66
262.82	48653.25
262.89	48619.34
262.96	48594.64
263.03	48566.55
263.10	48540.69
263.17	48507.79
263.24	48462.32
263.31	48418.68
263.38	48389.05
263.44	48356.21
263.51	48316.79
263.58	48280.69
263.65	48240.75
263.72	48181.49
263.79	48132.97
263.86	48087.90
263.93	48051.46
264.00	48013.17
264.06	47987.74
264.13	47950.34
264.20	47919.19
264.27	47875.50
264.34	47829.21
264.41	47781.74
264.48	47734.32
264.55	47687.97
264.61	47645.26
264.68	47607.09
264.75	47572.43
264.82	47526.21
264.89	47481.66
264.96	47451.41
265.03	47415.72
265.10	47382.67
265.16	47353.88
265.23	47327.71
265.30	47295.98
265.37	47258.48
265.44	47209.82
265.51	47168.13
265.58	47117.96
265.65	47055.94
265.71	46996.28
265.78	46952.18
265.85	46903.76
265.92	46858.05
265.99	46819.45
266.06	46793.86
266.13	46748.87
266.20	46715.18
266.26	46685.58
266.33	46653.62
266.40	46605.10
266.47	46557.78
266.54	46495.60
266.61	46438.06
266.68	46378.31
266.74	46326.75
266.81	46272.73
266.88	46231.40
266.95	46174.29
267.02	46121.02
267.09	46068.00
267.16	46023.79
267.22	45979.91
267.29	45941.07
267.36	45907.61
267.43	45875.24
267.50	45843.85
267.57	45806.00
267.64	45772.89
267.70	45736.59
267.77	45696.90
267.84	45658.23
267.91	45614.70
267.98	45565.07
268.05	45518.72
268.11	45474.54
268.18	45418.62
268.25	45375.75
268.32	45335.09
268.39	45295.92
268.46	45254.91
268.53	45221.29
268.59	45183.15
268.66	45146.72
268.73	45106.89
268.80	45069.56
268.87	45026.25
268.94	44980.98
269.00	44940.18
269.07	44899.12
269.14	44868.47
269.21	44841.04
269.28	44809.59
269.35	44768.01
269.41	44731.02
269.48	44675.94
269.55	44620.77
269.62	44570.25
269.69	44530.42
269.76	44478.66
269.82	44436.06
269.89	44414.23
269.96	44392.70
270.03	44358.41
270.10	44332.46
270.17	44297.76
270.23	44251.13
270.30	44202.14
270.37	44170.97
270.44	44138.57
270.51	44104.68
270.58	44066.01
270.64	44041.73
270.71	44002.93
270.78	43969.74
270.85	43937.65
270.92	43913.49
270.99	43878.16
271.05	43849.79
271.12	43813.32
271.19	43779.71
271.26	43737.35
271.33	43697.87
271.39	43653.71
271.46	43608.85
271.53	43576.81
271.60	43559.24
271.67	43532.25
271.74	43505.31
271.80	43477.87
271.87	43455.21
271.94	43423.02
272.01	43389.10
272.08	43365.81
272.14	43338.51
272.21	43306.11
272.28	43277.05
272.35	43256.98
272.42	43227.23
272.48	43207.69
272.55	43183.91
272.62	43159.02
272.69	43140.62
272.76	43126.57
272.83	43101.46
272.89	43071.73
272.96	43038.29
273.03	43001.32
273.10	42967.97
273.17	42937.28
273.23	42910.28
273.30	42890.88
273.37	42874.10
273.44	42851.23
273.51	42831.22
273.57	42814.82
273.64	42790.43
273.71	42770.02
273.78	42742.08
273.85	42727.27
273.91	42713.19
273.98	42702.51
274.05	42682.49
274.12	42679.95
274.19	42661.57
274.25	42632.99
274.32	42602.90
274.39	42566.96
274.46	42522.76
274.53	42477.32
274.59	42435.46
274.66	42402.87
274.73	42387.77
274.80	42365.64
274.86	42348.33
274.93	42334.13
275.00	42307.09
275.07	42257.82
275.14	42229.67
275.20	42198.59
275.27	42167.63
275.34	42143.30
275.41	42141.14
275.48	42119.11
275.54	42103.54
275.61	42090.62
275.68	42071.95
275.75	42041.74
275.81	42007.84
275.88	41979.77
275.95	41952.79
276.02	41922.12
276.09	41897.76
276.15	41882.18
276.22	41861.25
276.29	41841.95
276.36	41819.64
276.42	41792.02
276.49	41768.47
276.56	41747.63
276.63	41717.91
276.70	41706.69
276.76	41693.15
276.83	41674.55
276.90	41651.91
276.97	41630.47
277.03	41606.27
277.10	41580.24
277.17	41564.86
277.24	41551.88
277.30	41536.51
277.37	41516.25
277.44	41508.11
277.51	41488.58
277.58	41455.87
277.64	41432.79
277.71	41415.31
277.78	41387.31
277.85	41360.70
277.91	41341.77
277.98	41322.58
278.05	41298.20
278.12	41285.56
278.18	41265.69
278.25	41248.51
278.32	41230.33
278.39	41215.86
278.45	41194.63
278.52	41182.79
278.59	41164.97
278.66	41147.26
278.72	41127.56
278.79	41109.02
278.86	41084.12
278.93	41072.41
278.99	41061.68
279.06	41045.30
279.13	41018.45
279.20	40999.21
279.26	40975.45
279.33	40948.02
279.40	40927.76
279.47	40910.08
279.53	40883.98
279.60	40858.83
279.67	40830.98
279.74	40799.14
279.80	40779.15
279.87	40764.83
279.94	40751.96
280.01	40739.52
280.07	40729.54
280.14	40711.41
280.21	40691.42
280.28	40665.08
280.34	40643.36
280.41	40620.20
280.48	40588.79
280.55	40564.82
280.61	40540.71
280.68	40513.97
280.75	40482.83
280.82	40458.72
280.88	40423.54
280.95	40377.98
281.02	40318.61
281.08	40247.50
281.15	40177.47
281.22	40109.35
281.29	40047.30
281.35	39997.65
281.42	39962.59
281.49	39929.20
281.56	39901.77
281.62	39880.91
281.69	39857.99
281.76	39833.54
281.82	39805.48
281.89	39775.70
281.96	39749.41
282.03	39719.50
282.09	39691.73
282.16	39665.60
282.23	39638.06
282.30	39606.65
282.36	39584.53
282.43	39563.59
282.50	39551.83
282.56	39529.07
282.63	39520.31
282.70	39502.54
282.77	39491.75
282.83	39473.14
282.90	39461.38
282.97	39434.65
283.03	39414.16
283.10	39385.96
283.17	39362.75
283.24	39337.98
283.30	39310.51
283.37	39282.41
283.44	39254.29
283.50	39226.81
283.57	39213.62
283.64	39197.50
283.71	39171.94
283.77	39145.91
283.84	39111.24
283.91	39056.21
283.97	39021.34
284.04	39013.55
284.11	39006.72
284.18	39011.11
284.24	39030.70
284.31	39044.26
284.38	39040.29
284.44	39031.66
284.51	39017.68
284.58	39006.96
284.64	38994.07
284.71	38985.24
284.78	38976.93
284.85	38969.02
284.91	38953.57
284.98	38933.10
285.05	38901.19
285.11	38885.11
285.18	38866.25
285.25	38852.74
285.31	38851.05
285.38	38856.02
285.45	38850.68
285.52	38845.58
285.58	38846.67
285.65	38832.15
285.72	38815.62
285.78	38800.65
285.85	38792.02
285.92	38772.87
285.98	38760.99
286.05	38748.96
286.12	38735.48
286.18	38724.10
286.25	38718.16
286.32	38705.50
286.39	38707.35
286.45	38706.49
286.52	38699.40
286.59	38691.71
286.65	38689.22
286.72	38684.11
286.79	38681.21
286.85	38666.84
286.92	38652.05
286.99	38638.81
287.05	38614.94
287.12	38606.23
287.19	38604.72
287.25	38608.77
287.32	38609.85
287.39	38616.63
287.45	38609.83
287.52	38606.41
287.59	38595.86
287.65	38592.65
287.72	38580.78
287.79	38570.76
287.86	38563.77
287.92	38555.19
287.99	38540.19
288.06	38539.11
288.12	38533.57
288.19	38526.30
288.26	38516.73
288.32	38512.93
288.39	38503.19
288.46	38502.09
288.52	38500.62
288.59	38506.54
288.66	38511.29
288.72	38516.76
288.79	38522.35
288.86	38528.10
288.92	38531.27
288.99	38525.15
289.06	38521.36
289.12	38513.57
289.19	38513.67
289.26	38513.72
289.32	38527.56
289.39	38530.71
289.45	38535.73
289.52	38527.34
289.59	38528.86
289.65	38524.54
289.72	38528.85
289.79	38539.50
289.85	38559.02
289.92	38568.46
289.99	38581.98
290.05	38591.53
290.12	38582.87
290.19	38579.09
290.25	38573.77
290.32	38570.09
290.39	38571.21
290.45	38576.95
290.52	38580.09
290.59	38587.35
290.65	38588.46
290.72	38585.28
290.79	38588.64
290.85	38593.85
290.92	38603.10
290.98	38608.82
291.05	38623.11
291.12	38629.26
291.18	38636.41
291.25	38638.97
291.32	38642.91
291.38	38641.89
291.45	38646.31
291.52	38638.95
291.58	38638.15
291.65	38646.52
291.72	38660.47
291.78	38676.12
291.85	38698.65
291.91	38715.60
291.98	38735.78
292.05	38746.82
292.11	38760.16
292.18	38773.84
292.25	38779.85
292.31	38780.68
292.38	38784.23
292.45	38788.70
292.51	38797.07
292.58	38804.16
292.64	38814.03
292.71	38817.77
292.78	38830.82
292.84	38828.26
292.91	38839.44
292.98	38847.19
293.04	38858.10
293.11	38855.34
293.17	38867.14
293.24	38880.53
293.31	38896.98
293.37	38915.35
293.44	38932.06
293.51	38951.67
293.57	38964.87
293.64	38972.08
293.70	38987.24
293.77	39006.77
293.84	39017.55
293.90	39026.53
293.97	39038.35
294.04	39043.21
294.10	39048.80
294.17	39059.79
294.23	39071.92
294.30	39077.09
294.37	39089.90
294.43	39110.44
294.50	39116.90
294.56	39130.66
294.63	39149.50
294.70	39164.53
294.76	39167.41
294.83	39184.71
294.90	39197.22
294.96	39209.06
295.03	39220.94
295.09	39241.33
295.16	39259.82
295.23	39271.72
295.29	39282.10
295.36	39292.47
295.42	39294.76
295.49	39303.36
295.56	39320.58
295.62	39345.70
295.69	39362.39
295.75	39385.12
295.82	39402.89
295.89	39416.41
295.95	39420.56
296.02	39430.29
296.08	39438.04
296.15	39445.77
296.22	39458.70
296.28	39471.88
296.35	39489.69
296.41	39505.37
296.48	39518.38
296.55	39537.26
296.61	39557.37
296.68	39579.79
296.74	39604.58
296.81	39629.65
296.88	39649.66
296.94	39672.65
297.01	39694.61
297.07	39711.32
297.14	39728.96
297.20	39740.42
297.27	39755.52
297.34	39771.39
297.40	39791.69
297.47	39808.25
297.53	39825.28
297.60	39843.63
297.67	39855.14
297.73	39870.54
297.80	39891.68
297.86	39903.81
297.93	39915.52
298.00	39931.57
298.06	39945.50
298.13	39958.95
298.19	39976.88
298.26	39994.02
298.32	40014.34
298.39	40030.01
298.46	40041.72
298.52	40060.70
298.59	40073.16
298.65	40085.96
298.72	40102.25
298.78	40125.31
298.85	40140.15
298.92	40163.11
298.98	40176.67
299.05	40190.51
299.11	40199.25
299.18	40209.09
299.24	40217.99
299.31	40224.69
299.38	40235.17
299.44	40241.96
299.51	40260.65
299.57	40273.34
299.64	40292.83
299.70	40308.38
299.77	40327.62
299.84	40338.91
299.90	40340.95
299.97	40343.02
300.03	40349.55
300.10	40363.39
300.16	40373.08
300.23	40393.94
300.30	40416.15
300.36	40427.14
300.43	40438.84
300.49	40456.86
300.56	40472.51
300.62	40490.00
300.69	40511.84
300.75	40526.28
300.82	40538.91
300.89	40549.03
300.95	40558.59
301.02	40562.01
301.08	40569.25
301.15	40567.11
301.21	40574.78
301.28	40576.74
301.34	40586.24
301.41	40586.77
301.48	40599.89
301.54	40595.10
301.61	40596.96
301.67	40597.81
301.74	40610.23
301.80	40606.22
301.87	40611.78
301.93	40607.23
302.00	40609.94
302.06	40593.57
302.13	40592.98
302.20	40595.40
302.26	40600.83
302.33	40600.06
302.39	40601.10
302.46	40600.43
302.52	40597.96
302.59	40595.19
302.65	40595.24
302.72	40599.67
302.78	40604.66
302.85	40605.21
302.91	40599.78
302.98	40599.05
303.05	40591.33
303.11	40579.24
303.18	40564.36
303.24	40565.29
303.31	40545.89
303.37	40542.04
303.44	40532.51
303.50	40528.05
303.57	40510.34
303.63	40505.46
303.70	40491.94
303.76	40474.12
303.83	40463.31
303.89	40459.13
303.96	40452.18
304.03	40439.01
304.09	40436.78
304.16	40422.53
304.22	40403.54
304.29	40380.19
304.35	40361.66
304.42	40344.15
304.48	40330.05
304.55	40316.90
304.61	40306.55
304.68	40297.11
304.74	40285.05
304.81	40275.76
304.87	40250.32
304.94	40225.83
305.00	40204.39
305.07	40180.00
305.13	40143.04
305.20	40120.89
305.26	40103.15
305.33	40082.09
305.39	40063.80
305.46	40038.75
305.52	40021.11
305.59	39998.70
305.66	39973.16
305.72	39945.17
305.79	39929.09
305.85	39905.63
305.92	39871.93
305.98	39815.76
306.05	39688.52
306.11	39458.49
306.18	39164.90
306.24	38911.44
306.31	38773.34
306.37	38781.90
306.44	38947.82
306.50	39193.11
306.57	39407.01
306.63	39529.17
306.70	39567.33
306.76	39550.66
306.83	39508.07
306.89	39460.69
306.96	39413.28
307.02	39377.14
307.09	39347.13
307.15	39319.05
307.22	39296.52
307.28	39270.53
307.35	39235.98
307.41	39193.31
307.48	39156.29
307.54	39119.82
307.61	39080.05
307.67	39035.67
307.74	38990.63
307.80	38956.29
307.87	38910.22
307.93	38877.57
308.00	38846.42
308.06	38822.41
308.13	38783.52
308.19	38751.71
308.26	38712.73
308.32	38677.16
308.38	38643.88
308.45	38607.09
308.51	38580.93
308.58	38538.87
308.64	38491.31
308.71	38442.94
308.77	38405.76
308.84	38353.31
308.90	38329.57
308.97	38314.97
309.03	38294.96
309.10	38266.28
309.16	38231.13
309.23	38177.98
309.29	38124.33
309.36	38056.01
309.42	37994.15
309.49	37942.53
309.55	37886.73
309.62	37827.21
309.68	37785.87
309.75	37731.06
309.81	37680.45
309.88	37644.20
309.94	37606.20
310.00	37559.75
310.07	37527.13
310.13	37488.60
310.20	37442.62
310.26	37401.80
310.33	37360.03
310.39	37315.67
310.46	37279.88
310.52	37239.75
310.59	37198.38
310.65	37165.75
310.72	37125.42
310.78	37073.14
310.85	37025.21
310.91	36982.36
310.97	36938.90
311.04	36894.36
311.10	36850.87
311.17	36812.06
311.23	36769.66
311.30	36727.91
311.36	36691.04
311.43	36662.29
311.49	36625.06
311.56	36581.13
311.62	36534.74
311.69	36488.63
311.75	36441.76
311.81	36393.89
311.88	36349.04
311.94	36309.62
312.01	36282.96
312.07	36244.08
312.14	36214.35
312.20	36191.13
312.27	36157.86
312.33	36106.11
312.40	36054.45
312.46	35997.23
312.52	35943.71
312.59	35894.36
312.65	35844.41
312.72	35800.70
312.78	35759.74
312.85	35702.18
312.91	35644.68
312.98	35597.61
313.04	35552.49
313.10	35509.56
313.17	35475.18
313.23	35446.72
313.30	35413.05
313.36	35365.60
313.43	35310.16
313.49	35256.13
313.56	35194.67
313.62	35142.04
313.68	35097.69
313.75	35059.64
313.81	35023.44
313.88	34984.01
313.94	34939.78
314.01	34904.06
314.07	34867.47
314.13	34828.58
314.20	34789.06
314.26	34749.14
314.33	34702.01
314.39	34653.28
314.46	34593.76
314.52	34548.84
314.58	34497.16
314.65	34446.58
314.71	34395.94
314.78	34353.84
314.84	34304.92
314.91	34263.92
314.97	34222.62
315.03	34189.03
315.10	34150.30
315.16	34099.33
315.23	34051.81
315.29	34008.11
315.36	33954.48
315.42	33907.91
315.48	33870.84
315.55	33827.12
315.61	33777.51
315.68	33734.61
315.74	33696.45
315.81	33655.02
315.87	33613.90
315.93	33578.21
316.00	33549.03
316.06	33509.77
316.13	33479.93
316.19	33441.58
316.25	33383.45
316.32	33287.31
316.38	33171.59
316.45	33021.11
316.51	32850.79
316.58	32673.63
316.64	32488.60
316.70	32295.23
316.77	32090.51
316.83	31876.27
316.90	31636.70
316.96	31384.73
317.02	31124.58
317.09	30852.54
317.15	30563.47
317.22	30265.94
317.28	29949.99
317.34	29616.48
317.41	29270.20
317.47	28910.18
317.54	28535.45
317.60	28149.12
317.66	27742.86
317.73	27319.51
317.79	26882.21
317.86	26436.08
317.92	25976.98
317.98	25497.31
318.05	25004.08
318.11	24497.16
318.18	23981.70
318.24	23456.74
318.30	22929.35
318.37	22386.54
318.43	21829.57
318.50	21258.39
318.56	20683.87
318.62	20105.61
318.69	19530.41
318.75	18959.55
318.82	18382.01
318.88	17804.73
318.94	17223.74
319.01	16639.95
319.07	16065.46
319.13	15492.86
319.20	14919.88
319.26	14350.08
319.33	13787.03
319.39	13217.36
319.45	12668.37
319.52	12125.12
319.58	11591.58
319.65	11068.11
319.71	10560.62
319.77	10054.87
319.84	9563.71
319.90	9085.52
319.96	8620.53
320.03	8164.03
320.09	7726.18
320.16	7297.82
320.22	6888.46
320.28	6494.42
320.35	6118.16
320.41	5756.20
320.47	5412.98
320.54	5081.32
320.60	4769.09
320.67	4474.06
320.73	4191.02
320.79	3920.98
320.86	3668.74
320.92	3425.83
320.98	3199.33
321.05	2988.90
321.11	2791.88
321.18	2607.76
321.24	2439.13
321.30	2278.54
321.37	2131.37
321.43	2000.84
321.49	1877.11
321.56	1763.38
321.62	1661.05
321.68	1564.33
321.75	1474.45
321.81	1394.92
321.88	1321.85
321.94	1258.12
322.00	1199.52
322.07	1142.02
322.13	1089.12
322.19	1037.90
322.26	988.75
322.32	945.88
322.38	909.78
322.45	879.39
322.51	848.12
322.58	821.99
322.64	791.85
322.70	764.98
322.77	734.00
322.83	712.56
322.89	684.19
322.96	659.64
323.02	634.62
323.08	610.38
323.15	584.55
323.21	562.94
323.27	540.64
323.34	518.72
323.40	497.18
323.46	474.60
323.53	446.59
323.59	376.94
323.65	279.78
323.72	173.17
323.78	70.69
323.85	-22.49
323.91	-67.97
323.97	-82.04
324.04	-82.99
