180.21	3421.00
180.28	-124.51
180.36	631.50
180.44	-47.30
180.51	-15.99
180.59	7.92
180.66	35.47
180.74	33.78
180.81	34.11
180.89	36.41
180.97	37.61
181.04	36.14
181.12	35.74
181.19	36.97
181.27	38.51
181.34	55.93
181.42	63.85
181.50	71.56
181.57	82.45
181.65	86.92
181.72	80.82
181.80	76.05
181.87	77.25
181.95	79.30
182.03	82.89
182.10	90.25
182.18	98.71
182.25	112.11
182.33	123.21
182.40	141.42
182.48	148.71
182.55	172.42
182.63	189.54
182.71	205.33
182.78	222.81
182.86	240.76
182.93	235.36
183.01	224.40
183.08	207.53
183.16	193.15
183.23	179.30
183.31	191.00
183.39	208.76
183.46	243.31
183.54	271.22
183.61	316.55
183.69	355.28
183.76	409.06
183.84	454.17
183.91	502.70
183.99	560.01
184.06	606.14
184.14	654.71
184.22	710.97
184.29	743.86
184.37	754.22
184.44	760.37
184.52	710.13
184.59	611.63
184.67	526.53
184.74	448.54
184.82	401.53
184.89	410.66
184.97	480.97
185.04	574.56
185.12	669.07
185.20	769.57
185.27	868.66
185.35	971.81
185.42	1039.83
185.50	1114.15
185.57	1173.97
185.65	1219.26
185.72	1270.52
185.80	1354.94
185.87	1421.03
185.95	1511.34
186.02	1627.22
186.10	1676.61
186.17	1676.66
186.25	1603.45
186.33	1399.32
186.40	1169.04
186.48	1012.36
186.55	928.89
186.63	954.15
186.70	1112.31
186.78	1290.41
186.85	1444.76
186.93	1575.06
187.00	1695.01
187.08	1816.71
187.15	1934.58
187.23	2071.48
187.30	2202.20
187.38	2320.56
187.45	2448.92
187.53	2577.98
187.60	2660.66
187.68	2779.81
187.75	2906.71
187.83	2972.01
187.90	3040.63
187.98	3121.22
188.05	3083.06
188.13	2880.24
188.21	2585.86
188.28	2293.29
188.36	2031.75
188.43	1885.72
188.51	1948.11
188.58	2163.20
188.66	2377.61
188.73	2590.24
188.81	2798.73
188.88	2965.07
188.96	3122.61
189.03	3267.56
189.11	3418.05
189.18	3547.59
189.26	3659.81
189.33	3779.42
189.41	3899.56
189.48	3982.22
189.56	4088.08
189.63	4203.46
189.71	4260.39
189.78	4327.66
189.86	4408.51
189.93	4433.80
190.01	4409.58
190.08	4323.77
190.16	4067.22
190.23	3683.35
190.31	3357.37
190.38	3134.32
190.46	3043.92
190.53	3149.24
190.61	3409.28
190.68	3651.50
190.76	3875.00
190.83	4063.53
190.91	4232.68
190.98	4393.71
191.06	4543.30
191.13	4689.28
191.21	4820.67
191.28	4933.00
191.35	5050.13
191.43	5152.89
191.50	5221.66
191.58	5311.20
191.65	5392.88
191.73	5424.87
191.80	5470.17
191.88	5496.19
191.95	5483.83
192.03	5481.55
192.10	5502.85
192.18	5503.33
192.25	5462.54
192.33	5317.37
192.40	5073.90
192.48	4830.10
192.55	4647.90
192.63	4560.74
192.70	4632.19
192.78	4832.23
192.85	5059.03
192.93	5259.73
193.00	5436.90
193.08	5588.01
193.15	5726.01
193.22	5826.22
193.30	5916.83
193.37	5999.81
193.45	6054.21
193.52	6107.56
193.60	6172.07
193.67	6224.73
193.75	6276.85
193.82	6335.75
193.90	6364.88
193.97	6396.35
194.05	6430.61
194.12	6457.51
194.20	6498.13
194.27	6552.17
194.34	6593.05
194.42	6621.40
194.49	6652.23
194.57	6654.87
194.64	6598.87
194.72	6494.20
194.79	6388.56
194.87	6288.25
194.94	6222.53
195.02	6221.04
195.09	6283.28
195.17	6375.19
195.24	6476.86
195.31	6584.21
195.39	6692.12
195.46	6797.69
195.54	6890.67
195.61	6973.56
195.69	7033.49
195.76	7083.47
195.84	7129.03
195.91	7155.73
195.99	7164.75
196.06	7177.71
196.13	7188.31
196.21	7189.05
196.28	7196.57
196.36	7203.38
196.43	7189.40
196.51	7174.90
196.58	7165.96
196.66	7162.51
196.73	7182.67
196.80	7230.72
196.88	7284.25
196.95	7351.95
197.03	7418.99
197.10	7454.40
197.18	7469.05
197.25	7478.01
197.33	7481.60
197.40	7488.41
197.47	7503.51
197.55	7533.62
197.62	7565.02
197.70	7589.27
197.77	7613.94
197.85	7638.36
197.92	7646.60
197.99	7637.13
198.07	7605.10
198.14	7559.34
198.22	7538.71
198.29	7547.46
198.37	7596.85
198.44	7685.90
198.51	7789.20
198.59	7877.62
198.66	7958.74
198.74	8019.31
198.81	8059.63
198.89	8086.91
198.96	8114.54
199.03	8128.34
199.11	8141.13
199.18	8151.86
199.26	8165.34
199.33	8182.81
199.41	8196.45
199.48	8185.69
199.55	8152.35
199.63	8100.95
199.70	8052.43
199.78	8019.44
199.85	8029.14
199.93	8094.05
200.00	8200.97
200.07	8306.63
200.15	8413.43
200.22	8505.65
200.30	8569.09
200.37	8613.38
200.44	8650.44
200.52	8681.42
200.59	8712.30
200.67	8734.53
200.74	8744.91
200.81	8751.18
200.89	8750.14
200.96	8757.94
201.04	8764.37
201.11	8766.63
201.19	8747.92
201.26	8731.01
201.33	8708.75
201.41	8713.91
201.48	8760.65
201.56	8849.63
201.63	8957.25
201.70	9062.98
201.78	9156.98
201.85	9234.72
201.93	9294.41
202.00	9336.75
202.07	9377.02
202.15	9406.58
202.22	9429.05
202.30	9457.38
202.37	9485.68
202.44	9512.78
202.52	9540.41
202.59	9563.58
202.67	9576.49
202.74	9596.42
202.81	9607.40
202.89	9610.04
202.96	9612.53
203.04	9647.93
203.11	9696.08
203.18	9777.07
203.26	9877.43
203.33	9983.06
203.41	10064.00
203.48	10134.34
203.55	10171.91
203.63	10207.15
203.70	10247.46
203.77	10290.35
203.85	10333.22
203.92	10387.56
204.00	10447.42
204.07	10502.00
204.14	10558.48
204.22	10602.49
204.29	10648.66
204.37	10679.76
204.44	10708.02
204.51	10737.55
204.59	10774.06
204.66	10803.13
204.73	10855.24
204.81	10919.74
204.88	10999.01
204.96	11084.90
205.03	11173.69
205.10	11248.34
205.18	11314.32
205.25	11363.36
205.32	11414.70
205.40	11469.99
205.47	11525.28
205.55	11587.73
205.62	11657.12
205.69	11726.38
205.77	11795.26
205.84	11872.65
205.91	11944.93
205.99	12016.22
206.06	12078.23
206.14	12139.38
206.21	12199.59
206.28	12250.71
206.36	12307.81
206.43	12364.81
206.50	12437.44
206.58	12515.11
206.65	12598.22
206.72	12676.76
206.80	12754.81
206.87	12822.90
206.95	12891.52
207.02	12968.81
207.09	13048.26
207.17	13137.62
207.24	13230.09
207.31	13318.87
207.39	13411.26
207.46	13498.16
207.53	13584.24
207.61	13667.53
207.68	13750.13
207.75	13835.78
207.83	13924.91
207.90	14005.53
207.98	14078.81
208.05	14153.98
208.12	14224.07
208.20	14299.86
208.27	14382.06
208.34	14467.31
208.42	14546.41
208.49	14631.32
208.56	14706.73
208.64	14793.93
208.71	14888.59
208.78	14982.41
208.86	15084.98
208.93	15192.92
209.00	15299.11
209.08	15401.62
209.15	15516.63
209.22	15622.22
209.30	15729.33
209.37	15831.11
209.44	15939.12
209.52	16044.53
209.59	16139.08
209.67	16239.41
209.74	16340.05
209.81	16440.82
209.89	16533.23
209.96	16635.52
210.03	16726.07
210.11	16814.62
210.18	16895.26
210.25	16987.37
210.33	17078.90
210.40	17179.94
210.47	17294.02
210.55	17421.00
210.62	17543.79
210.69	17667.65
210.77	17793.17
210.84	17910.57
210.91	18038.16
210.99	18156.59
211.06	18277.08
211.13	18395.18
211.21	18521.30
211.28	18633.84
211.35	18753.94
211.42	18874.04
211.50	18997.28
211.57	19115.93
211.64	19228.97
211.72	19332.46
211.79	19430.39
211.86	19529.57
211.94	19635.19
212.01	19749.43
212.08	19878.22
212.16	20013.19
212.23	20147.14
212.30	20279.72
212.38	20404.25
212.45	20538.28
212.52	20670.20
212.60	20800.84
212.67	20933.66
212.74	21069.77
212.82	21198.16
212.89	21328.95
212.96	21457.99
213.03	21585.97
213.11	21721.10
213.18	21852.15
213.25	21981.32
213.33	22109.54
213.40	22229.03
213.47	22344.71
213.55	22463.82
213.62	22587.77
213.69	22709.19
213.77	22847.07
213.84	22983.93
213.91	23131.51
213.98	23276.64
214.06	23430.61
214.13	23577.28
214.20	23722.85
214.28	23871.30
214.35	24015.31
214.42	24155.00
214.50	24289.19
214.57	24424.00
214.64	24553.35
214.72	24688.97
214.79	24832.62
214.86	24978.95
214.93	25122.23
215.01	25266.47
215.08	25399.60
215.15	25528.41
215.23	25646.54
215.30	25776.14
215.37	25899.49
215.44	26045.51
215.52	26190.35
215.59	26343.92
215.66	26485.98
215.74	26633.34
215.81	26768.10
215.88	26910.61
215.95	27047.58
216.03	27203.28
216.10	27354.26
216.17	27508.71
216.25	27656.43
216.32	27817.38
216.39	27967.40
216.46	28111.91
216.54	28251.99
216.61	28397.95
216.68	28536.83
216.76	28674.24
216.83	28809.56
216.90	28947.13
216.97	29087.61
217.05	29220.56
217.12	29354.73
217.19	29497.26
217.27	29638.01
217.34	29765.52
217.41	29902.06
217.48	30040.23
217.56	30184.23
217.63	30335.84
217.70	30488.29
217.78	30641.55
217.85	30796.66
217.92	30943.42
217.99	31085.10
218.07	31229.53
218.14	31372.21
218.21	31512.11
218.28	31653.77
218.36	31799.79
218.43	31946.61
218.50	32096.79
218.57	32242.36
218.65	32375.61
218.72	32497.96
218.79	32621.41
218.87	32739.71
218.94	32860.53
219.01	32991.84
219.08	33126.07
219.16	33265.88
219.23	33410.22
219.30	33558.05
219.37	33706.29
219.45	33859.58
219.52	34009.93
219.59	34151.25
219.66	34285.82
219.74	34420.11
219.81	34559.01
219.88	34683.76
219.95	34821.21
220.03	34960.61
220.10	35098.15
220.17	35226.87
220.24	35365.06
220.32	35495.27
220.39	35620.69
220.46	35732.95
220.53	35848.33
220.61	35963.69
220.68	36077.64
220.75	36193.22
220.82	36331.54
220.90	36462.71
220.97	36587.83
221.04	36704.43
221.11	36825.18
221.19	36942.50
221.26	37059.83
221.33	37184.73
221.40	37322.66
221.48	37452.14
221.55	37574.31
221.62	37692.29
221.69	37809.96
221.77	37928.23
221.84	38052.25
221.91	38170.46
221.98	38295.65
222.06	38417.01
222.13	38542.76
222.20	38655.37
222.27	38772.89
222.35	38887.29
222.42	38999.39
222.49	39100.70
222.56	39209.24
222.63	39312.84
222.71	39414.79
222.78	39518.21
222.85	39624.72
222.92	39737.14
223.00	39845.21
223.07	39957.37
223.14	40064.84
223.21	40166.14
223.29	40266.46
223.36	40380.58
223.43	40491.35
223.50	40601.69
223.57	40719.15
223.65	40842.25
223.72	40949.64
223.79	41061.40
223.86	41165.76
223.94	41260.71
224.01	41342.48
224.08	41425.66
224.15	41503.99
224.22	41598.04
224.30	41681.85
224.37	41773.38
224.44	41875.04
224.51	41966.73
224.59	42045.82
224.66	42131.00
224.73	42219.61
224.80	42309.82
224.87	42410.71
224.95	42516.31
225.02	42627.86
225.09	42723.53
225.16	42819.71
225.23	42915.63
225.31	43008.64
225.38	43093.10
225.45	43185.62
225.52	43274.30
225.60	43352.18
225.67	43429.83
225.74	43508.10
225.81	43584.58
225.88	43653.88
225.96	43730.54
226.03	43804.82
226.10	43885.26
226.17	43967.57
226.24	44053.77
226.32	44136.12
226.39	44223.07
226.46	44302.24
226.53	44376.19
226.60	44452.79
226.68	44540.73
226.75	44622.52
226.82	44712.09
226.89	44799.31
226.96	44881.29
227.04	44937.11
227.11	44989.65
227.18	45043.35
227.25	45097.57
227.32	45147.21
227.40	45214.90
227.47	45294.39
227.54	45372.24
227.61	45449.00
227.68	45530.41
227.76	45613.50
227.83	45685.69
227.90	45755.76
227.97	45823.58
228.04	45889.17
228.11	45942.60
228.19	45989.52
228.26	46045.80
228.33	46104.18
228.40	46153.65
228.47	46210.20
228.55	46274.03
228.62	46324.92
228.69	46381.89
228.76	46445.28
228.83	46508.11
228.90	46572.96
228.98	46634.84
229.05	46701.92
229.12	46778.04
229.19	46844.48
229.26	46903.94
229.34	46961.85
229.41	47016.14
229.48	47053.34
229.55	47100.44
229.62	47159.84
229.69	47219.43
229.77	47270.96
229.84	47330.08
229.91	47381.36
229.98	47421.85
230.05	47465.62
230.12	47510.15
230.20	47561.35
230.27	47619.28
230.34	47678.49
230.41	47737.76
230.48	47799.70
230.55	47854.42
230.63	47913.41
230.70	47980.04
230.77	48029.28
230.84	48078.82
230.91	48112.31
230.98	48147.99
231.06	48180.26
231.13	48238.27
231.20	48295.56
231.27	48362.96
231.34	48426.30
231.41	48484.72
231.49	48528.53
231.56	48582.44
231.63	48636.92
231.70	48679.13
231.77	48723.00
231.84	48765.55
231.92	48791.29
231.99	48818.02
232.06	48851.51
232.13	48877.33
232.20	48921.47
232.27	48958.05
232.34	48993.79
232.42	49028.73
232.49	49062.89
232.56	49092.06
232.63	49139.20
232.70	49184.47
232.77	49238.96
232.85	49300.21
232.92	49344.51
232.99	49375.94
233.06	49406.51
233.13	49422.67
233.20	49436.15
233.27	49449.72
233.35	49464.88
233.42	49474.47
233.49	49490.02
233.56	49519.98
233.63	49553.84
233.70	49587.52
233.77	49634.36
233.85	49672.63
233.92	49709.72
233.99	49747.03
234.06	49783.76
234.13	49811.36
234.20	49846.45
234.27	49873.06
234.35	49891.70
234.42	49906.47
234.49	49924.60
234.56	49942.21
234.63	49945.28
234.70	49956.72
234.77	49971.46
234.84	49975.30
234.92	49977.43
234.99	49990.96
235.06	50002.15
235.13	50005.31
235.20	50026.12
235.27	50047.66
235.34	50058.48
235.41	50077.34
235.49	50098.88
235.56	50115.81
235.63	50124.36
235.70	50137.99
235.77	50141.31
235.84	50149.78
235.91	50148.97
235.98	50152.67
236.06	50153.95
236.13	50154.63
236.20	50147.52
236.27	50127.11
236.34	50105.79
236.41	50083.65
236.48	50063.64
236.55	50054.37
236.63	50052.45
236.70	50047.72
236.77	50053.76
236.84	50068.07
236.91	50077.95
236.98	50089.40
237.05	50107.01
237.12	50109.96
237.19	50098.44
237.27	50089.65
237.34	50085.24
237.41	50072.51
237.48	50063.13
237.55	50060.75
237.62	50056.38
237.69	50056.91
237.76	50057.01
237.83	50065.04
237.91	50072.65
237.98	50079.11
238.05	50075.96
238.12	50068.33
238.19	50059.84
238.26	50058.88
238.33	50048.04
238.40	50035.64
238.47	50025.61
238.54	50018.25
238.62	49999.03
238.69	49987.31
238.76	49982.30
238.83	49981.76
238.90	49972.01
238.97	49963.54
239.04	49957.90
239.11	49954.61
239.18	49953.09
239.25	49948.16
239.33	49937.60
239.40	49925.49
239.47	49903.96
239.54	49869.08
239.61	49834.33
239.68	49804.13
239.75	49788.89
239.82	49780.51
239.89	49773.92
239.96	49786.44
240.03	49793.03
240.11	49787.56
240.18	49776.05
240.25	49765.79
240.32	49739.67
240.39	49724.65
240.46	49706.08
240.53	49708.88
240.60	49712.42
240.67	49721.27
240.74	49719.19
240.81	49714.53
240.88	49697.13
240.96	49685.07
241.03	49667.58
241.10	49660.56
241.17	49655.11
241.24	49647.57
241.31	49650.53
241.38	49650.25
241.45	49646.47
241.52	49645.22
241.59	49638.64
241.66	49623.95
241.73	49614.94
241.80	49597.25
241.88	49570.75
241.95	49547.00
242.02	49524.04
242.09	49495.19
242.16	49471.86
242.23	49461.08
242.30	49449.76
242.37	49438.95
242.44	49443.02
242.51	49436.04
242.58	49429.08
242.65	49430.28
242.72	49428.43
242.79	49410.64
242.87	49411.37
242.94	49406.64
243.01	49401.86
243.08	49403.74
243.15	49405.69
243.22	49408.98
243.29	49416.25
243.36	49413.60
243.43	49416.47
243.50	49432.75
243.57	49444.36
243.64	49449.36
243.71	49461.99
243.78	49460.92
243.85	49447.79
243.92	49437.30
243.99	49426.16
244.07	49405.40
244.14	49392.15
244.21	49383.51
244.28	49370.86
244.35	49357.31
244.42	49351.16
244.49	49343.04
244.56	49341.00
244.63	49343.48
244.70	49350.20
244.77	49359.62
244.84	49377.76
244.91	49391.21
244.98	49403.80
245.05	49420.85
245.12	49432.82
245.19	49440.51
245.26	49441.51
245.33	49445.02
245.40	49455.28
245.47	49483.75
245.55	49501.70
245.62	49516.50
245.69	49517.88
245.76	49521.27
245.83	49514.19
245.90	49507.23
245.97	49508.05
246.04	49527.31
246.11	49531.56
246.18	49533.93
246.25	49544.61
246.32	49551.09
246.39	49546.92
246.46	49546.09
246.53	49549.72
246.60	49552.27
246.67	49568.06
246.74	49582.25
246.81	49603.09
246.88	49619.19
246.95	49634.36
247.02	49648.93
247.09	49670.63
247.16	49680.54
247.23	49676.45
247.30	49667.27
247.37	49653.90
247.44	49650.91
247.51	49654.82
247.58	49677.95
247.66	49704.89
247.73	49743.94
247.80	49772.59
247.87	49798.20
247.94	49827.56
248.01	49862.82
248.08	49882.40
248.15	49899.99
248.22	49916.26
248.29	49933.21
248.36	49941.82
248.43	49964.45
248.50	49981.57
248.57	50001.78
248.64	50011.29
248.71	50031.16
248.78	50043.41
248.85	50058.90
248.92	50083.55
248.99	50099.07
249.06	50103.79
249.13	50116.51
249.20	50131.92
249.27	50135.34
249.34	50146.85
249.41	50165.22
249.48	50151.41
249.55	50134.81
249.62	50132.60
249.69	50140.77
249.76	50153.20
249.83	50194.63
249.90	50239.17
249.97	50274.41
250.04	50310.22
250.11	50343.46
250.18	50367.93
250.25	50386.29
250.32	50400.72
250.39	50413.41
250.46	50425.13
250.53	50443.55
250.60	50463.03
250.67	50487.51
250.74	50504.54
250.81	50513.66
250.88	50522.01
250.95	50532.55
251.02	50546.62
251.09	50567.55
251.16	50594.99
251.23	50612.51
251.30	50625.57
251.37	50629.54
251.44	50627.85
251.51	50631.75
251.58	50638.33
251.65	50651.09
251.72	50661.75
251.79	50671.92
251.86	50684.55
251.93	50696.28
252.00	50705.54
252.07	50716.38
252.14	50735.65
252.21	50735.02
252.28	50742.87
252.35	50751.59
252.42	50771.50
252.49	50774.77
252.56	50787.34
252.63	50794.55
252.70	50791.34
252.77	50785.56
252.84	50789.06
252.91	50799.38
252.98	50807.69
253.05	50828.15
253.12	50836.19
253.19	50848.97
253.25	50850.58
253.32	50852.82
253.39	50876.10
253.46	50901.58
253.53	50918.62
253.60	50937.56
253.67	50953.88
253.74	50955.59
253.81	50965.14
253.88	50971.86
253.95	50984.09
254.02	50995.67
254.09	51004.21
254.16	51010.12
254.23	51014.92
254.30	51017.82
254.37	51023.53
254.44	51026.42
254.51	51030.93
254.58	51039.24
254.65	51041.82
254.72	51050.11
254.79	51040.55
254.86	51037.21
254.93	51030.52
255.00	51028.86
255.07	51025.25
255.14	51035.40
255.21	51029.32
255.28	51022.33
255.34	51002.17
255.41	50988.52
255.48	50970.82
255.55	50966.85
255.62	50970.18
255.69	50989.91
255.76	50995.63
255.83	51005.71
255.90	51008.28
255.97	51016.49
256.04	51004.48
256.11	51001.49
256.18	50996.60
256.25	50985.59
256.32	50974.36
256.39	50985.51
256.46	50988.45
256.53	50987.48
256.60	50994.51
256.67	50990.50
256.74	50982.07
256.80	50972.87
256.87	50968.49
256.94	50962.91
257.01	50962.95
257.08	50955.35
257.15	50942.19
257.22	50931.16
257.29	50911.51
257.36	50886.71
257.43	50868.16
257.50	50862.86
257.57	50846.79
257.64	50844.05
257.71	50830.86
257.78	50814.39
257.85	50790.44
257.92	50777.46
257.98	50758.13
258.05	50746.01
258.12	50722.12
258.19	50700.37
258.26	50676.29
258.33	50656.71
258.40	50650.36
258.47	50648.72
258.54	50654.47
258.61	50657.49
258.68	50652.34
258.75	50630.65
258.82	50617.05
258.89	50589.22
258.95	50564.73
259.02	50550.53
259.09	50537.25
259.16	50520.60
259.23	50498.21
259.30	50473.69
259.37	50446.79
259.44	50426.01
259.51	50409.60
259.58	50401.90
259.65	50382.54
259.72	50362.65
259.79	50337.26
259.85	50305.32
259.92	50264.91
259.99	50243.80
260.06	50216.73
260.13	50187.56
260.20	50156.81
260.27	50131.23
260.34	50089.76
260.41	50056.16
260.48	50025.22
260.55	50002.05
260.62	49988.60
260.68	49974.23
260.75	49945.28
260.82	49922.37
260.89	49897.69
260.96	49866.07
261.03	49840.82
261.10	49821.24
261.17	49793.23
261.24	49757.94
261.31	49723.89
261.38	49692.29
261.44	49665.88
261.51	49628.99
261.58	49591.69
261.65	49550.81
261.72	49511.61
261.79	49463.40
261.86	49429.89
261.93	49409.22
262.00	49386.44
262.07	49351.67
262.13	49321.09
262.20	49286.23
262.27	49235.59
262.34	49203.79
262.41	49174.17
262.48	49140.12
262.55	49106.10
262.62	49079.56
262.69	49035.49
262.76	49006.71
262.82	48975.62
262.89	48951.49
262.96	48924.25
263.03	48898.79
263.10	48864.17
263.17	48832.63
263.24	48785.47
263.31	48747.46
263.38	48706.99
263.44	48672.53
263.51	48627.51
263.58	48591.85
263.65	48549.19
263.72	48492.64
263.79	48439.13
263.86	48403.31
263.93	48364.08
264.00	48320.58
264.06	48292.64
264.13	48257.22
264.20	48218.76
264.27	48172.61
264.34	48132.54
264.41	48096.95
264.48	48057.29
264.55	48009.65
264.61	47968.42
264.68	47927.16
264.75	47883.43
264.82	47831.69
264.89	47786.54
264.96	47752.87
265.03	47712.18
265.10	47673.25
265.16	47638.74
265.23	47606.57
265.30	47573.96
265.37	47544.07
265.44	47503.61
265.51	47467.11
265.58	47417.91
265.65	47358.91
265.71	47301.74
265.78	47258.54
265.85	47210.26
265.92	47174.06
265.99	47135.76
266.06	47106.34
266.13	47058.36
266.20	47024.54
266.26	46978.95
266.33	46935.91
266.40	46885.97
266.47	46840.76
266.54	46773.80
266.61	46718.44
266.68	46666.45
266.74	46602.58
266.81	46547.94
266.88	46502.38
266.95	46450.10
267.02	46409.86
267.09	46367.92
267.16	46324.59
267.22	46285.76
267.29	46253.56
267.36	46211.14
267.43	46180.82
267.50	46144.59
267.57	46113.46
267.64	46079.66
267.70	46040.60
267.77	45997.47
267.84	45964.36
267.91	45919.07
267.98	45864.69
268.05	45817.58
268.11	45771.25
268.18	45716.92
268.25	45666.81
268.32	45625.15
268.39	45579.39
268.46	45542.06
268.53	45504.55
268.59	45468.78
268.66	45430.36
268.73	45393.33
268.80	45348.29
268.87	45295.53
268.94	45247.91
269.00	45205.84
269.07	45167.70
269.14	45144.39
269.21	45128.61
269.28	45099.08
269.35	45061.28
269.41	45028.14
269.48	44975.93
269.55	44915.23
269.62	44860.91
269.69	44818.01
269.76	44758.85
269.82	44711.56
269.89	44683.55
269.96	44661.80
270.03	44630.76
270.10	44604.06
270.17	44567.95
270.23	44533.58
270.30	44484.16
270.37	44450.66
270.44	44423.12
270.51	44397.83
270.58	44364.32
270.64	44343.81
270.71	44304.81
270.78	44268.77
270.85	44231.32
270.92	44192.59
270.99	44151.74
271.05	44122.40
271.12	44085.16
271.19	44048.36
271.26	44006.71
271.33	43968.02
271.39	43925.05
271.46	43881.25
271.53	43844.48
271.60	43815.70
271.67	43787.03
271.74	43757.96
271.80	43730.27
271.87	43713.44
271.94	43691.16
272.01	43659.05
272.08	43630.25
272.14	43595.98
272.21	43556.17
272.28	43524.63
272.35	43506.79
272.42	43480.72
272.48	43465.97
272.55	43441.67
272.62	43416.84
272.69	43397.23
272.76	43388.65
272.83	43366.52
272.89	43339.96
272.96	43308.80
273.03	43269.99
273.10	43225.01
273.17	43191.54
273.23	43167.89
273.30	43148.06
273.37	43124.56
273.44	43106.16
273.51	43082.60
273.57	43056.45
273.64	43029.92
273.71	43010.31
273.78	42984.47
273.85	42969.23
273.91	42956.81
273.98	42951.60
274.05	42933.76
274.12	42924.92
274.19	42904.57
274.25	42879.26
274.32	42846.65
274.39	42812.76
274.46	42766.74
274.53	42725.06
274.59	42675.85
274.66	42634.88
274.73	42616.52
274.80	42595.31
274.86	42571.84
274.93	42561.31
275.00	42529.90
275.07	42477.22
275.14	42444.07
275.20	42411.79
275.27	42377.75
275.34	42350.42
275.41	42342.55
275.48	42331.08
275.54	42317.46
275.61	42303.34
275.68	42296.11
275.75	42271.02
275.81	42231.95
275.88	42207.76
275.95	42179.93
276.02	42145.34
276.09	42118.44
276.15	42092.70
276.22	42061.21
276.29	42038.38
276.36	42012.51
276.42	41991.57
276.49	41970.24
276.56	41942.26
276.63	41916.50
276.70	41899.36
276.76	41884.13
276.83	41874.32
276.90	41860.85
276.97	41843.57
277.03	41821.20
277.10	41789.55
277.17	41766.63
277.24	41751.79
277.30	41731.15
277.37	41713.73
277.44	41703.72
277.51	41684.15
277.58	41655.80
277.64	41633.97
277.71	41620.82
277.78	41593.45
277.85	41563.80
277.91	41540.65
277.98	41515.73
278.05	41484.39
278.12	41469.85
278.18	41451.83
278.25	41434.16
278.32	41415.31
278.39	41399.88
278.45	41382.73
278.52	41371.35
278.59	41360.71
278.66	41340.85
278.72	41320.99
278.79	41298.28
278.86	41271.93
278.93	41252.03
278.99	41238.31
279.06	41218.80
279.13	41196.76
279.20	41183.37
279.26	41162.66
279.33	41142.10
279.40	41115.63
279.47	41087.98
279.53	41058.70
279.60	41032.22
279.67	41007.38
279.74	40984.48
279.80	40970.61
279.87	40961.52
279.94	40946.49
280.01	40935.93
280.07	40923.66
280.14	40899.46
280.21	40864.39
280.28	40837.38
280.34	40806.35
280.41	40783.91
280.48	40760.21
280.55	40737.55
280.61	40711.19
280.68	40691.96
280.75	40666.76
280.82	40633.23
280.88	40600.75
280.95	40554.78
281.02	40493.71
281.08	40418.11
281.15	40351.77
281.22	40283.12
281.29	40230.16
281.35	40174.36
281.42	40141.06
281.49	40104.18
281.56	40077.24
281.62	40045.63
281.69	40019.21
281.76	39991.38
281.82	39964.61
281.89	39933.56
281.96	39904.55
282.03	39880.23
282.09	39847.25
282.16	39822.69
282.23	39796.45
282.30	39770.61
282.36	39746.26
282.43	39729.04
282.50	39718.05
282.56	39696.77
282.63	39678.17
282.70	39654.25
282.77	39641.43
282.83	39613.95
282.90	39601.98
282.97	39586.68
283.03	39568.36
283.10	39539.50
283.17	39521.65
283.24	39489.15
283.30	39452.64
283.37	39426.06
283.44	39395.21
283.50	39359.99
283.57	39344.77
283.64	39328.46
283.71	39300.31
283.77	39270.86
283.84	39246.10
283.91	39197.89
283.97	39161.56
284.04	39158.02
284.11	39156.27
284.18	39162.91
284.24	39183.81
284.31	39205.06
284.38	39198.41
284.44	39188.84
284.51	39172.08
284.58	39156.31
284.64	39138.91
284.71	39125.14
284.78	39113.45
284.85	39099.33
284.91	39079.97
284.98	39055.52
285.05	39022.78
285.11	39007.26
285.18	38987.55
285.25	38977.56
285.31	38972.18
285.38	38979.45
285.45	38980.68
285.52	38980.62
285.58	38973.29
285.65	38960.67
285.72	38937.41
285.78	38919.66
285.85	38904.19
285.92	38890.06
285.98	38876.95
286.05	38873.77
286.12	38855.61
286.18	38843.64
286.25	38832.76
286.32	38833.18
286.39	38830.16
286.45	38830.55
286.52	38824.38
286.59	38814.40
286.65	38797.46
286.72	38791.36
286.79	38781.75
286.85	38766.61
286.92	38757.22
286.99	38753.12
287.05	38730.65
287.12	38721.87
287.19	38721.71
287.25	38721.91
287.32	38716.79
287.39	38724.54
287.45	38723.32
287.52	38722.65
287.59	38724.19
287.65	38721.23
287.72	38709.75
287.79	38700.27
287.86	38687.48
287.92	38669.53
287.99	38659.66
288.06	38657.01
288.12	38652.00
288.19	38653.73
288.26	38642.96
288.32	38632.63
288.39	38625.63
288.46	38619.42
288.52	38608.75
288.59	38614.85
288.66	38618.32
288.72	38615.42
288.79	38616.14
288.86	38617.90
288.92	38617.46
288.99	38609.31
289.06	38603.94
289.12	38604.55
289.19	38598.70
289.26	38599.29
289.32	38607.72
289.39	38615.59
289.45	38620.63
289.52	38621.75
289.59	38621.10
289.65	38628.89
289.72	38634.28
289.79	38640.63
289.85	38656.39
289.92	38666.76
289.99	38669.41
290.05	38670.14
290.12	38655.04
290.19	38645.92
290.25	38639.41
290.32	38629.91
290.39	38635.29
290.45	38647.65
290.52	38654.10
290.59	38664.51
290.65	38670.54
290.72	38658.15
290.79	38656.71
290.85	38666.05
290.92	38671.92
290.98	38679.04
291.05	38703.56
291.12	38718.74
291.18	38723.79
291.25	38732.44
291.32	38741.79
291.38	38734.13
291.45	38731.96
291.52	38733.83
291.58	38734.38
291.65	38741.30
291.72	38765.83
291.78	38787.61
291.85	38802.21
291.91	38812.12
291.98	38834.52
292.05	38832.37
292.11	38833.81
292.18	38839.06
292.25	38842.31
292.31	38832.59
292.38	38838.37
292.45	38842.06
292.51	38856.29
292.58	38868.21
292.64	38883.83
292.71	38890.81
292.78	38904.27
292.84	38903.17
292.91	38910.31
292.98	38916.49
293.04	38929.60
293.11	38935.09
293.17	38946.92
293.24	38959.08
293.31	38969.79
293.37	38984.47
293.44	39000.08
293.51	39017.45
293.57	39028.41
293.64	39038.39
293.70	39050.01
293.77	39061.25
293.84	39074.62
293.90	39084.64
293.97	39095.54
294.04	39100.20
294.10	39107.69
294.17	39109.26
294.23	39120.10
294.30	39129.56
294.37	39146.01
294.43	39158.53
294.50	39172.08
294.56	39182.39
294.63	39190.40
294.70	39200.93
294.76	39211.51
294.83	39226.61
294.90	39244.57
294.96	39272.42
295.03	39291.44
295.09	39312.54
295.16	39325.15
295.23	39337.36
295.29	39347.09
295.36	39358.92
295.42	39365.85
295.49	39377.04
295.56	39399.90
295.62	39417.25
295.69	39428.27
295.75	39447.96
295.82	39467.34
295.89	39468.39
295.95	39468.52
296.02	39474.49
296.08	39473.50
296.15	39472.95
296.22	39489.33
296.28	39510.36
296.35	39540.68
296.41	39563.92
296.48	39586.82
296.55	39611.11
296.61	39624.13
296.68	39637.07
296.74	39661.07
296.81	39692.49
296.88	39709.15
296.94	39737.97
297.01	39761.71
297.07	39776.89
297.14	39791.51
297.20	39803.43
297.27	39811.79
297.34	39827.29
297.40	39843.74
297.47	39853.81
297.53	39869.30
297.60	39893.59
297.67	39901.45
297.73	39916.74
297.80	39930.40
297.86	39940.81
297.93	39944.60
298.00	39960.93
298.06	39974.32
298.13	40001.96
298.19	40021.49
298.26	40042.04
298.32	40062.11
298.39	40076.72
298.46	40074.48
298.52	40097.13
298.59	40112.99
298.65	40122.34
298.72	40143.93
298.78	40172.41
298.85	40186.68
298.92	40202.43
298.98	40218.76
299.05	40228.92
299.11	40239.13
299.18	40251.71
299.24	40262.22
299.31	40278.25
299.38	40299.91
299.44	40307.95
299.51	40319.22
299.57	40332.29
299.64	40348.41
299.70	40361.23
299.77	40381.45
299.84	40392.64
299.90	40394.74
299.97	40388.56
300.03	40385.34
300.10	40393.81
300.16	40409.55
300.23	40432.70
300.30	40456.79
300.36	40472.30
300.43	40485.55
300.49	40494.94
300.56	40508.06
300.62	40531.54
300.69	40556.37
300.75	40569.63
300.82	40581.04
300.89	40591.59
300.95	40602.15
301.02	40603.28
301.08	40611.58
301.15	40621.36
301.21	40632.06
301.28	40630.40
301.34	40639.74
301.41	40648.13
301.48	40652.55
301.54	40647.09
301.61	40649.64
301.67	40649.59
301.74	40654.13
301.80	40657.81
301.87	40662.93
301.93	40654.48
302.00	40651.16
302.06	40639.10
302.13	40627.48
302.20	40626.16
302.26	40626.47
302.33	40625.27
302.39	40626.21
302.46	40628.96
302.52	40625.34
302.59	40630.36
302.65	40633.65
302.72	40637.00
302.78	40639.58
302.85	40643.66
302.91	40646.91
302.98	40641.11
303.05	40630.21
303.11	40621.81
303.18	40609.52
303.24	40597.19
303.31	40587.71
303.37	40578.20
303.44	40578.25
303.50	40564.39
303.57	40548.23
303.63	40535.90
303.70	40529.40
303.76	40510.81
303.83	40507.30
303.89	40504.25
303.96	40499.06
304.03	40488.54
304.09	40481.66
304.16	40460.89
304.22	40436.64
304.29	40419.35
304.35	40394.67
304.42	40370.63
304.48	40354.08
304.55	40340.94
304.61	40327.16
304.68	40324.96
304.74	40316.86
304.81	40314.84
304.87	40297.79
304.94	40271.97
305.00	40248.47
305.07	40220.12
305.13	40188.82
305.20	40162.46
305.26	40144.56
305.33	40127.27
305.39	40110.04
305.46	40081.93
305.52	40066.45
305.59	40051.64
305.66	40020.47
305.72	39990.98
305.79	39969.57
305.85	39942.25
305.92	39900.49
305.98	39845.58
306.05	39718.05
306.11	39489.75
306.18	39195.60
306.24	38941.45
306.31	38798.57
306.37	38813.62
306.44	38984.86
306.50	39232.85
306.57	39446.39
306.63	39571.91
306.70	39603.21
306.76	39581.39
306.83	39547.32
306.89	39503.97
306.96	39464.40
307.02	39429.11
307.09	39400.11
307.15	39366.13
307.22	39347.24
307.28	39311.74
307.35	39273.95
307.41	39229.69
307.48	39189.81
307.54	39148.18
307.61	39113.17
307.67	39073.77
307.74	39032.45
307.80	38996.05
307.87	38953.93
307.93	38915.32
308.00	38889.09
308.06	38860.19
308.13	38816.86
308.19	38780.08
308.26	38739.77
308.32	38702.41
308.38	38676.53
308.45	38650.23
308.51	38620.93
308.58	38581.91
308.64	38531.25
308.71	38478.26
308.77	38433.08
308.84	38379.56
308.90	38350.78
308.97	38333.62
309.03	38314.91
309.10	38286.69
309.16	38259.85
309.23	38219.82
309.29	38170.61
309.36	38107.23
309.42	38050.16
309.49	37998.29
309.55	37940.40
309.62	37880.43
309.68	37833.34
309.75	37786.30
309.81	37736.97
309.88	37697.26
309.94	37655.43
310.00	37610.18
310.07	37567.11
310.13	37529.58
310.20	37480.42
310.26	37441.33
310.33	37399.70
310.39	37364.73
310.46	37317.32
310.52	37277.00
310.59	37234.24
310.65	37198.79
310.72	37147.33
310.78	37100.53
310.85	37052.58
310.91	37012.73
310.97	36971.36
311.04	36931.20
311.10	36887.89
311.17	36848.85
311.23	36807.91
311.30	36762.69
311.36	36726.24
311.43	36696.98
311.49	36656.44
311.56	36613.77
311.62	36566.99
311.69	36523.02
311.75	36482.50
311.81	36433.65
311.88	36386.17
311.94	36351.34
312.01	36322.42
312.07	36286.22
312.14	36259.91
312.20	36231.81
312.27	36194.65
312.33	36141.48
312.40	36084.53
312.46	36027.16
312.52	35976.19
312.59	35928.57
312.65	35883.45
312.72	35838.01
312.78	35800.10
312.85	35748.89
312.91	35688.29
312.98	35630.93
313.04	35587.18
313.10	35540.02
313.17	35498.16
313.23	35474.63
313.30	35446.64
313.36	35400.02
313.43	35350.77
313.49	35303.82
313.56	35243.74
313.62	35186.70
313.68	35144.58
313.75	35104.25
313.81	35061.14
313.88	35016.54
313.94	34974.95
314.01	34934.16
314.07	34897.43
314.13	34855.66
314.20	34819.71
314.26	34780.16
314.33	34730.96
314.39	34680.70
314.46	34622.89
314.52	34571.72
314.58	34514.96
314.65	34458.78
314.71	34411.52
314.78	34372.67
314.84	34331.53
314.91	34288.49
314.97	34253.31
315.03	34212.60
315.10	34173.11
315.16	34121.15
315.23	34081.06
315.29	34034.67
315.36	33988.38
315.42	33941.58
315.48	33900.90
315.55	33855.91
315.61	33807.18
315.68	33763.77
315.74	33724.97
315.81	33687.63
315.87	33645.85
315.93	33612.45
316.00	33579.86
316.06	33544.75
316.13	33519.48
316.19	33485.45
316.25	33423.76
316.32	33330.87
316.38	33217.17
316.45	33064.96
316.51	32898.82
316.58	32725.89
316.64	32544.17
316.70	32356.60
316.77	32153.87
316.83	31937.63
316.90	31702.33
316.96	31453.95
317.02	31195.61
317.09	30928.84
317.15	30649.06
317.22	30354.56
317.28	30044.58
317.34	29712.64
317.41	29369.58
317.47	29014.87
317.54	28651.63
317.60	28269.65
317.66	27867.90
317.73	27445.64
317.79	27015.97
317.86	26573.61
317.92	26117.70
317.98	25642.48
318.05	25158.67
318.11	24657.82
318.18	24150.04
318.24	23630.30
318.30	23107.51
318.37	22571.34
318.43	22016.78
318.50	21451.58
318.56	20881.78
318.62	20311.46
318.69	19736.39
318.75	19163.50
318.82	18580.04
318.88	18001.82
318.94	17418.00
319.01	16838.21
319.07	16261.15
319.13	15690.78
319.20	15118.30
319.26	14541.87
319.33	13971.42
319.39	13402.24
319.45	12851.15
319.52	12306.65
319.58	11774.29
319.65	11248.04
319.71	10730.23
319.77	10216.85
319.84	9719.40
319.90	9240.00
319.96	8770.61
320.03	8313.65
320.09	7873.21
320.16	7437.49
320.22	7018.74
320.28	6615.82
320.35	6234.46
320.41	5866.87
320.47	5519.97
320.54	5182.95
320.60	4866.90
320.67	4565.81
320.73	4277.66
320.79	4002.45
320.86	3748.19
320.92	3502.46
320.98	3276.27
321.05	3062.90
321.11	2860.44
321.18	2670.84
321.24	2499.51
321.30	2332.06
321.37	2180.97
321.43	2050.37
321.49	1926.48
321.56	1809.70
321.62	1707.53
321.68	1608.48
321.75	1517.22
321.81	1435.89
321.88	1360.95
321.94	1296.47
322.00	1239.12
322.07	1179.46
322.13	1125.42
322.19	1074.80
322.26	1021.71
322.32	976.37
322.38	940.53
322.45	910.38
322.51	878.56
322.58	855.61
322.64	824.00
322.70	797.45
322.77	763.81
322.83	742.37
322.89	711.11
322.96	686.94
323.02	661.22
323.08	636.82
323.15	609.38
323.21	587.28
323.27	565.28
323.34	541.75
323.40	519.95
323.46	497.24
323.53	468.96
323.59	398.62
323.65	301.30
323.72	189.69
323.78	82.29
323.85	-15.97
323.91	-66.54
323.97	-85.49
324.04	-85.62
