180.21	3428.58
180.28	-125.90
180.36	632.29
180.44	-48.27
180.51	-17.00
180.59	6.51
180.66	34.08
180.74	32.68
180.81	32.43
180.89	34.39
180.97	35.84
181.04	33.84
181.12	32.42
181.19	33.18
181.27	33.33
181.34	49.38
181.42	55.87
181.50	63.20
181.57	74.65
181.65	80.68
181.72	75.30
181.80	71.33
181.87	72.00
181.95	72.01
182.03	71.73
182.10	75.50
182.18	78.53
182.25	85.30
182.33	87.99
182.40	98.81
182.48	97.82
182.55	113.10
182.63	122.14
182.71	130.50
182.78	139.02
182.86	153.62
182.93	154.21
183.01	153.58
183.08	148.43
183.16	146.62
183.23	137.57
183.31	144.46
183.39	151.71
183.46	172.63
183.54	182.94
183.61	210.57
183.69	232.30
183.76	266.14
183.84	293.33
183.91	323.63
183.99	365.30
184.06	396.81
184.14	429.16
184.22	474.50
184.29	508.10
184.37	519.43
184.44	537.34
184.52	525.79
184.59	468.25
184.67	413.57
184.74	362.65
184.82	327.07
184.89	322.91
184.97	367.06
185.04	438.07
185.12	508.37
185.20	588.51
185.27	664.31
185.35	753.77
185.42	814.36
185.50	877.71
185.57	935.21
185.65	979.35
185.72	1018.15
185.80	1097.02
185.87	1155.37
185.95	1222.79
186.02	1337.32
186.10	1406.31
186.17	1430.26
186.25	1419.39
186.33	1276.52
186.40	1075.52
186.48	927.25
186.55	832.42
186.63	818.25
186.70	942.72
186.78	1107.16
186.85	1252.67
186.93	1379.35
187.00	1485.22
187.08	1602.32
187.15	1710.92
187.23	1836.73
187.30	1969.83
187.38	2080.84
187.45	2197.84
187.53	2333.69
187.60	2415.15
187.68	2514.97
187.75	2663.02
187.83	2736.03
187.90	2797.19
187.98	2907.49
188.05	2935.16
188.13	2790.42
188.21	2533.51
188.28	2263.00
188.36	1997.80
188.43	1803.17
188.51	1806.60
188.58	1998.51
188.66	2208.61
188.73	2412.34
188.81	2632.53
188.88	2797.09
188.96	2960.74
189.03	3101.63
189.11	3251.03
189.18	3387.07
189.26	3503.04
189.33	3622.87
189.41	3761.55
189.48	3845.68
189.56	3941.65
189.63	4072.02
189.71	4125.85
189.78	4179.12
189.86	4282.70
189.93	4330.78
190.01	4329.47
190.08	4309.89
190.16	4124.41
190.23	3749.41
190.31	3401.41
190.38	3150.72
190.46	3005.77
190.53	3053.72
190.61	3300.42
190.68	3560.68
190.76	3792.03
190.83	3991.34
190.91	4153.09
190.98	4325.88
191.06	4471.39
191.13	4622.88
191.21	4756.95
191.28	4874.00
191.35	4989.69
191.43	5107.61
191.50	5176.58
191.58	5267.64
191.65	5371.10
191.73	5414.06
191.80	5469.36
191.88	5525.17
191.95	5525.48
192.03	5525.72
192.10	5555.61
192.18	5572.30
192.25	5562.26
192.33	5463.11
192.40	5229.79
192.48	4965.94
192.55	4751.29
192.63	4607.47
192.70	4622.83
192.78	4803.44
192.85	5038.29
192.93	5251.22
193.00	5443.50
193.08	5598.88
193.15	5760.76
193.22	5878.01
193.30	5985.56
193.37	6098.22
193.45	6180.12
193.52	6246.89
193.60	6329.36
193.67	6385.42
193.75	6428.56
193.82	6487.71
193.90	6504.06
193.97	6518.98
194.05	6544.97
194.12	6558.93
194.20	6586.37
194.27	6636.68
194.34	6681.71
194.42	6718.81
194.49	6761.13
194.57	6786.77
194.64	6760.68
194.72	6669.90
194.79	6569.83
194.87	6490.81
194.94	6439.62
195.02	6450.26
195.09	6535.97
195.17	6655.21
195.24	6758.31
195.31	6855.28
195.39	6937.02
195.46	7016.55
195.54	7081.27
195.61	7144.47
195.69	7192.75
195.76	7237.15
195.84	7283.01
195.91	7317.67
195.99	7338.72
196.06	7354.87
196.13	7376.92
196.21	7383.47
196.28	7401.77
196.36	7435.47
196.43	7469.15
196.51	7501.64
196.58	7540.94
196.66	7574.81
196.73	7597.78
196.80	7627.78
196.88	7654.11
196.95	7680.10
197.03	7704.96
197.10	7712.84
197.18	7696.29
197.25	7679.71
197.33	7672.05
197.40	7669.99
197.47	7682.63
197.55	7726.60
197.62	7773.16
197.70	7811.19
197.77	7851.60
197.85	7894.54
197.92	7928.72
197.99	7965.19
198.07	8003.95
198.14	8032.87
198.22	8064.67
198.29	8088.05
198.37	8109.23
198.44	8127.53
198.51	8146.17
198.59	8161.38
198.66	8189.44
198.74	8214.74
198.81	8239.09
198.89	8263.35
198.96	8294.37
199.03	8319.85
199.11	8354.89
199.18	8389.37
199.26	8417.49
199.33	8444.78
199.41	8474.91
199.48	8494.28
199.55	8511.48
199.63	8533.56
199.70	8562.04
199.78	8577.16
199.85	8600.38
199.93	8621.14
200.00	8649.03
200.07	8670.28
200.15	8703.59
200.22	8734.77
200.30	8770.51
200.37	8812.13
200.44	8846.47
200.52	8883.43
200.59	8918.87
200.67	8950.58
200.74	8968.85
200.81	8994.50
200.89	9012.72
200.96	9037.97
201.04	9061.68
201.11	9095.62
201.19	9128.44
201.26	9164.11
201.33	9196.12
201.41	9234.82
201.48	9270.73
201.56	9301.97
201.63	9344.97
201.70	9379.89
201.78	9417.88
201.85	9457.86
201.93	9501.79
202.00	9532.33
202.07	9574.15
202.15	9613.36
202.22	9646.58
202.30	9684.25
202.37	9723.56
202.44	9761.21
202.52	9800.47
202.59	9846.99
202.67	9883.73
202.74	9923.62
202.81	9964.53
202.89	9999.22
202.96	10044.39
203.04	10093.92
203.11	10137.83
203.18	10184.99
203.26	10236.91
203.33	10275.46
203.41	10313.16
203.48	10360.22
203.55	10398.36
203.63	10444.39
203.70	10493.43
203.77	10546.00
203.85	10600.80
203.92	10650.98
204.00	10707.41
204.07	10758.89
204.14	10813.31
204.22	10854.55
204.29	10910.63
204.37	10951.82
204.44	11001.82
204.51	11051.97
204.59	11113.27
204.66	11165.16
204.73	11228.37
204.81	11285.02
204.88	11345.67
204.96	11405.21
205.03	11464.02
205.10	11521.16
205.18	11577.55
205.25	11636.27
205.32	11699.58
205.40	11766.15
205.47	11828.63
205.55	11889.04
205.62	11951.99
205.69	12011.89
205.77	12073.71
205.84	12143.56
205.91	12216.33
205.99	12288.13
206.06	12357.10
206.14	12423.72
206.21	12495.95
206.28	12564.67
206.36	12638.42
206.43	12709.73
206.50	12788.16
206.58	12857.27
206.65	12934.57
206.72	13002.39
206.80	13078.76
206.87	13154.37
206.95	13233.43
207.02	13317.03
207.09	13402.53
207.17	13486.27
207.24	13570.32
207.31	13653.47
207.39	13733.98
207.46	13816.66
207.53	13895.76
207.61	13976.49
207.68	14054.67
207.75	14141.77
207.83	14227.59
207.90	14310.76
207.98	14395.80
208.05	14490.26
208.12	14572.32
208.20	14659.40
208.27	14756.47
208.34	14856.20
208.42	14946.10
208.49	15045.43
208.56	15133.43
208.64	15224.70
208.71	15310.45
208.78	15398.03
208.86	15496.17
208.93	15596.40
209.00	15690.19
209.08	15791.29
209.15	15897.05
209.22	15996.45
209.30	16103.12
209.37	16211.09
209.44	16313.63
209.52	16415.72
209.59	16507.82
209.67	16606.44
209.74	16708.71
209.81	16817.55
209.89	16923.88
209.96	17039.17
210.03	17151.56
210.11	17265.12
210.18	17370.65
210.25	17479.07
210.33	17588.94
210.40	17699.03
210.47	17810.27
210.55	17929.78
210.62	18049.24
210.69	18156.90
210.77	18273.87
210.84	18389.60
210.91	18513.21
210.99	18630.36
211.06	18756.83
211.13	18877.75
211.21	19001.17
211.28	19113.03
211.35	19235.18
211.42	19361.04
211.50	19483.12
211.57	19602.06
211.64	19731.23
211.72	19854.97
211.79	19978.94
211.86	20102.87
211.94	20242.83
212.01	20371.91
212.08	20505.78
212.16	20625.52
212.23	20754.20
212.30	20877.12
212.38	21001.63
212.45	21133.26
212.52	21275.46
212.60	21405.34
212.67	21531.85
212.74	21665.48
212.82	21789.94
212.89	21920.45
212.96	22051.93
213.03	22185.14
213.11	22319.72
213.18	22456.81
213.25	22592.69
213.33	22728.87
213.40	22864.94
213.47	22999.39
213.55	23143.20
213.62	23283.22
213.69	23420.22
213.77	23559.74
213.84	23704.62
213.91	23847.07
213.98	23989.35
214.06	24139.72
214.13	24293.00
214.20	24439.02
214.28	24583.98
214.35	24728.49
214.42	24871.39
214.50	25009.44
214.57	25143.79
214.64	25279.15
214.72	25419.35
214.79	25560.33
214.86	25702.30
214.93	25848.14
215.01	25993.91
215.08	26134.18
215.15	26284.25
215.23	26430.58
215.30	26583.20
215.37	26723.62
215.44	26877.64
215.52	27025.16
215.59	27174.13
215.66	27315.37
215.74	27468.59
215.81	27608.94
215.88	27758.37
215.95	27899.34
216.03	28047.02
216.10	28195.79
216.17	28348.40
216.25	28493.15
216.32	28647.23
216.39	28800.59
216.46	28953.43
216.54	29101.53
216.61	29257.37
216.68	29402.09
216.76	29550.66
216.83	29694.11
216.90	29842.93
216.97	29989.43
217.05	30150.29
217.12	30300.79
217.19	30452.50
217.27	30594.08
217.34	30730.82
217.41	30862.07
217.48	30999.82
217.56	31139.53
217.63	31294.78
217.70	31450.00
217.78	31606.38
217.85	31755.74
217.92	31910.79
217.99	32058.30
218.07	32201.84
218.14	32338.62
218.21	32490.31
218.28	32636.80
218.36	32779.48
218.43	32925.23
218.50	33081.60
218.57	33226.99
218.65	33365.74
218.72	33505.62
218.79	33646.32
218.87	33781.89
218.94	33922.97
219.01	34057.24
219.08	34197.31
219.16	34337.45
219.23	34483.88
219.30	34625.49
219.37	34770.34
219.45	34920.69
219.52	35072.53
219.59	35202.43
219.66	35325.40
219.74	35460.58
219.81	35598.55
219.88	35726.29
219.95	35876.63
220.03	36029.24
220.10	36167.20
220.17	36299.92
220.24	36434.93
220.32	36561.47
220.39	36686.01
220.46	36813.87
220.53	36943.83
220.61	37074.20
220.68	37203.34
220.75	37330.97
220.82	37470.79
220.90	37593.16
220.97	37712.81
221.04	37834.41
221.11	37951.00
221.19	38065.55
221.26	38184.88
221.33	38316.72
221.40	38447.66
221.48	38575.39
221.55	38695.62
221.62	38811.10
221.69	38920.77
221.77	39039.25
221.84	39169.70
221.91	39292.74
221.98	39422.76
222.06	39556.33
222.13	39676.91
222.20	39787.21
222.27	39902.17
222.35	40019.04
222.42	40133.31
222.49	40241.40
222.56	40356.30
222.63	40471.89
222.71	40578.66
222.78	40683.04
222.85	40796.12
222.92	40912.25
223.00	41022.85
223.07	41133.72
223.14	41245.43
223.21	41350.17
223.29	41447.67
223.36	41560.53
223.43	41670.15
223.50	41775.06
223.57	41882.62
223.65	42007.85
223.72	42114.05
223.79	42222.43
223.86	42321.70
223.94	42412.02
224.01	42485.94
224.08	42567.82
224.15	42650.97
224.22	42746.54
224.30	42840.97
224.37	42931.64
224.44	43039.54
224.51	43140.06
224.59	43220.70
224.66	43306.84
224.73	43399.56
224.80	43476.52
224.87	43560.58
224.95	43662.87
225.02	43774.32
225.09	43879.39
225.16	43976.42
225.23	44076.94
225.31	44168.79
225.38	44243.10
225.45	44320.76
225.52	44405.89
225.60	44482.44
225.67	44559.14
225.74	44639.14
225.81	44717.98
225.88	44791.10
225.96	44868.55
226.03	44934.24
226.10	45007.06
226.17	45084.02
226.24	45160.90
226.32	45236.55
226.39	45329.39
226.46	45404.77
226.53	45480.96
226.60	45561.07
226.68	45647.78
226.75	45731.58
226.82	45823.68
226.89	45910.00
226.96	45982.78
227.04	46033.89
227.11	46084.20
227.18	46133.87
227.25	46180.08
227.32	46234.00
227.40	46304.61
227.47	46373.16
227.54	46450.45
227.61	46525.82
227.68	46603.10
227.76	46674.05
227.83	46746.95
227.90	46816.97
227.97	46883.21
228.04	46943.40
228.11	46996.75
228.19	47040.90
228.26	47091.82
228.33	47136.21
228.40	47183.02
228.47	47234.94
228.55	47292.65
228.62	47344.86
228.69	47411.05
228.76	47472.37
228.83	47532.07
228.90	47587.59
228.98	47646.22
229.05	47713.79
229.12	47787.34
229.19	47852.64
229.26	47915.15
229.34	47962.37
229.41	47993.29
229.48	48026.01
229.55	48068.42
229.62	48121.52
229.69	48184.67
229.77	48247.66
229.84	48304.25
229.91	48361.30
229.98	48406.23
230.05	48442.67
230.12	48484.90
230.20	48530.10
230.27	48570.95
230.34	48620.33
230.41	48674.61
230.48	48728.48
230.55	48784.28
230.63	48853.14
230.70	48921.80
230.77	48974.24
230.84	49008.79
230.91	49035.91
230.98	49056.82
231.06	49078.46
231.13	49123.43
231.20	49188.98
231.27	49253.20
231.34	49318.63
231.41	49378.21
231.49	49427.73
231.56	49469.48
231.63	49510.51
231.70	49549.49
231.77	49581.37
231.84	49607.01
231.92	49634.26
231.99	49661.08
232.06	49682.97
232.13	49712.27
232.20	49751.71
232.27	49790.19
232.34	49823.26
232.42	49850.35
232.49	49877.52
232.56	49904.26
232.63	49939.41
232.70	49981.62
232.77	50035.06
232.85	50086.90
232.92	50132.28
232.99	50166.02
233.06	50193.65
233.13	50207.32
233.20	50216.38
233.27	50218.56
233.35	50217.46
233.42	50223.51
233.49	50243.32
233.56	50270.81
233.63	50304.80
233.70	50340.21
233.77	50375.91
233.85	50400.15
233.92	50435.56
233.99	50469.55
234.06	50502.84
234.13	50532.11
234.20	50563.98
234.27	50575.55
234.35	50577.52
234.42	50577.07
234.49	50585.66
234.56	50588.39
234.63	50592.31
234.70	50610.74
234.77	50624.87
234.84	50631.67
234.92	50635.00
234.99	50645.82
235.06	50647.71
235.13	50654.44
235.20	50659.37
235.27	50679.98
235.34	50685.67
235.41	50699.79
235.49	50711.77
235.56	50724.09
235.63	50727.62
235.70	50739.52
235.77	50743.61
235.84	50753.68
235.91	50749.45
235.98	50748.16
236.06	50732.79
236.13	50720.79
236.20	50700.65
236.27	50674.34
236.34	50645.23
236.41	50623.59
236.48	50598.97
236.55	50582.73
236.63	50582.11
236.70	50584.37
236.77	50594.04
236.84	50610.68
236.91	50617.57
236.98	50617.45
237.05	50614.73
237.12	50604.99
237.19	50586.30
237.27	50572.52
237.34	50570.93
237.41	50567.54
237.48	50556.31
237.55	50544.57
237.62	50541.78
237.69	50532.52
237.76	50532.77
237.83	50540.76
237.91	50548.60
237.98	50546.05
238.05	50544.05
238.12	50527.84
238.19	50514.28
238.26	50510.39
238.33	50502.23
238.40	50482.85
238.47	50467.34
238.54	50457.51
238.62	50442.08
238.69	50424.19
238.76	50416.71
238.83	50409.77
238.90	50396.11
238.97	50382.64
239.04	50378.56
239.11	50376.88
239.18	50372.64
239.25	50362.29
239.33	50336.97
239.40	50307.07
239.47	50273.12
239.54	50238.36
239.61	50203.62
239.68	50168.78
239.75	50152.52
239.82	50142.91
239.89	50134.50
239.96	50131.54
240.03	50142.38
240.11	50142.06
240.18	50131.93
240.25	50116.73
240.32	50104.47
240.39	50092.42
240.46	50077.14
240.53	50079.67
240.60	50089.32
240.67	50090.31
240.74	50083.67
240.81	50075.21
240.88	50056.66
240.96	50036.24
241.03	50027.15
241.10	50022.91
241.17	50018.51
241.24	50013.34
241.31	50018.10
241.38	50007.46
241.45	49992.55
241.52	49984.29
241.59	49974.30
241.66	49949.48
241.73	49929.92
241.80	49920.14
241.88	49901.30
241.95	49875.36
242.02	49851.12
242.09	49831.37
242.16	49803.64
242.23	49787.88
242.30	49780.45
242.37	49774.52
242.44	49778.25
242.51	49778.01
242.58	49779.75
242.65	49779.99
242.72	49780.15
242.79	49770.70
242.87	49769.71
242.94	49756.45
243.01	49747.48
243.08	49749.18
243.15	49748.97
243.22	49750.46
243.29	49762.76
243.36	49771.72
243.43	49774.06
243.50	49789.95
243.57	49806.23
243.64	49807.59
243.71	49809.14
243.78	49803.59
243.85	49783.35
243.92	49766.25
243.99	49756.22
244.07	49746.44
244.14	49737.62
244.21	49732.57
244.28	49731.49
244.35	49725.16
244.42	49723.71
244.49	49730.61
244.56	49733.38
244.63	49735.82
244.70	49735.96
244.77	49742.13
244.84	49752.60
244.91	49771.77
244.98	49787.70
245.05	49808.70
245.12	49831.03
245.19	49841.73
245.26	49842.25
245.33	49850.88
245.40	49875.11
245.47	49896.54
245.55	49921.57
245.62	49945.52
245.69	49947.29
245.76	49944.00
245.83	49939.41
245.90	49930.68
245.97	49935.08
246.04	49952.27
246.11	49968.87
246.18	49971.73
246.25	49978.73
246.32	49976.25
246.39	49975.42
246.46	49974.38
246.53	49987.40
246.60	50002.93
246.67	50027.27
246.74	50051.04
246.81	50074.90
246.88	50096.99
246.95	50119.79
247.02	50145.41
247.09	50167.54
247.16	50169.98
247.23	50167.81
247.30	50163.40
247.37	50161.57
247.44	50170.42
247.51	50194.74
247.58	50226.84
247.66	50258.92
247.73	50290.90
247.80	50315.30
247.87	50341.68
247.94	50370.87
248.01	50406.31
248.08	50436.25
248.15	50467.26
248.22	50504.00
248.29	50531.34
248.36	50550.90
248.43	50575.32
248.50	50594.67
248.57	50601.97
248.64	50608.14
248.71	50621.15
248.78	50635.89
248.85	50653.30
248.92	50683.53
248.99	50711.56
249.06	50737.89
249.13	50753.27
249.20	50775.25
249.27	50792.46
249.34	50802.84
249.41	50811.58
249.48	50802.97
249.55	50785.06
249.62	50783.51
249.69	50796.22
249.76	50823.41
249.83	50876.77
249.90	50933.81
249.97	50981.37
250.04	51028.61
250.11	51068.52
250.18	51089.75
250.25	51112.67
250.32	51122.71
250.39	51140.42
250.46	51153.53
250.53	51192.71
250.60	51221.75
250.67	51253.91
250.74	51275.06
250.81	51285.71
250.88	51290.49
250.95	51305.06
251.02	51327.05
251.09	51351.81
251.16	51387.19
251.23	51411.01
251.30	51427.66
251.37	51437.04
251.44	51445.21
251.51	51458.79
251.58	51476.59
251.65	51497.95
251.72	51512.75
251.79	51533.77
251.86	51546.54
251.93	51558.30
252.00	51564.36
252.07	51584.56
252.14	51596.49
252.21	51605.07
252.28	51612.75
252.35	51631.92
252.42	51649.23
252.49	51662.97
252.56	51673.55
252.63	51681.21
252.70	51688.31
252.77	51690.97
252.84	51704.75
252.91	51715.86
252.98	51741.75
253.05	51757.72
253.12	51768.62
253.19	51778.39
253.25	51802.64
253.32	51806.41
253.39	51832.19
253.46	51854.18
253.53	51875.71
253.60	51888.69
253.67	51911.00
253.74	51921.71
253.81	51940.56
253.88	51947.87
253.95	51960.72
254.02	51968.10
254.09	51985.01
254.16	51999.97
254.23	52007.52
254.30	52011.94
254.37	52033.73
254.44	52040.50
254.51	52043.92
254.58	52055.80
254.65	52068.70
254.72	52073.00
254.79	52070.44
254.86	52080.83
254.93	52081.45
255.00	52080.77
255.07	52073.49
255.14	52079.92
255.21	52071.40
255.28	52068.67
255.34	52061.51
255.41	52065.45
255.48	52061.82
255.55	52059.90
255.62	52072.64
255.69	52087.47
255.76	52088.63
255.83	52095.88
255.90	52104.32
255.97	52114.26
256.04	52111.37
256.11	52117.96
256.18	52114.02
256.25	52115.55
256.32	52104.49
256.39	52110.28
256.46	52101.58
256.53	52103.46
256.60	52099.58
256.67	52099.78
256.74	52095.27
256.80	52101.54
256.87	52105.38
256.94	52108.90
257.01	52102.72
257.08	52102.93
257.15	52090.48
257.22	52075.67
257.29	52055.71
257.36	52039.15
257.43	52023.63
257.50	52024.24
257.57	52012.96
257.64	52017.65
257.71	52011.14
257.78	51999.43
257.85	51977.30
257.92	51964.92
257.98	51944.37
258.05	51938.24
258.12	51918.27
258.19	51901.85
258.26	51881.98
258.33	51867.40
258.40	51856.17
258.47	51858.58
258.54	51863.79
258.61	51867.75
258.68	51855.64
258.75	51844.56
258.82	51829.71
258.89	51801.54
258.95	51780.35
259.02	51772.63
259.09	51750.52
259.16	51734.26
259.23	51712.23
259.30	51689.11
259.37	51667.28
259.44	51653.15
259.51	51631.23
259.58	51621.53
259.65	51600.54
259.72	51575.36
259.79	51540.06
259.85	51509.05
259.92	51474.54
259.99	51450.44
260.06	51424.98
260.13	51407.36
260.20	51375.87
260.27	51346.06
260.34	51311.66
260.41	51278.44
260.48	51251.27
260.55	51239.14
260.62	51231.50
260.68	51217.17
260.75	51189.42
260.82	51163.82
260.89	51135.47
260.96	51105.36
261.03	51082.65
261.10	51059.86
261.17	51034.36
261.24	51004.90
261.31	50971.80
261.38	50940.43
261.44	50912.29
261.51	50869.05
261.58	50829.04
261.65	50791.16
261.72	50747.88
261.79	50707.78
261.86	50686.47
261.93	50663.88
262.00	50637.40
262.07	50607.76
262.13	50580.34
262.20	50542.50
262.27	50496.29
262.34	50465.62
262.41	50435.62
262.48	50400.52
262.55	50366.57
262.62	50339.44
262.69	50295.90
262.76	50256.14
262.82	50225.23
262.89	50195.07
262.96	50168.98
263.03	50140.62
263.10	50112.54
263.17	50074.01
263.24	50032.60
263.31	49989.85
263.38	49953.41
263.44	49917.93
263.51	49870.96
263.58	49823.72
263.65	49783.51
263.72	49741.67
263.79	49704.12
263.86	49676.12
263.93	49644.53
264.00	49602.88
264.06	49566.67
264.13	49523.85
264.20	49493.72
264.27	49450.97
264.34	49412.44
264.41	49366.79
264.48	49315.38
264.55	49261.08
264.61	49214.57
264.68	49172.49
264.75	49136.25
264.82	49091.80
264.89	49046.92
264.96	49015.37
265.03	48967.77
265.10	48926.86
265.16	48895.34
265.23	48860.77
265.30	48834.12
265.37	48807.43
265.44	48763.37
265.51	48722.37
265.58	48671.03
265.65	48605.63
265.71	48551.02
265.78	48511.33
265.85	48464.81
265.92	48424.80
265.99	48386.91
266.06	48350.68
266.13	48298.39
266.20	48263.54
266.26	48228.41
266.33	48188.28
266.40	48135.37
266.47	48086.23
266.54	48017.99
266.61	47956.01
266.68	47896.05
266.74	47841.22
266.81	47790.94
266.88	47746.38
266.95	47689.65
267.02	47643.73
267.09	47598.74
267.16	47554.17
267.22	47511.72
267.29	47477.62
267.36	47431.22
267.43	47392.62
267.50	47354.62
267.57	47325.55
267.64	47292.57
267.70	47264.52
267.77	47224.94
267.84	47189.55
267.91	47137.92
267.98	47082.64
268.05	47025.23
268.11	46976.07
268.18	46915.97
268.25	46864.49
268.32	46821.72
268.39	46783.93
268.46	46753.90
268.53	46724.19
268.59	46691.82
268.66	46662.82
268.73	46624.92
268.80	46572.18
268.87	46519.48
268.94	46473.91
269.00	46424.83
269.07	46383.24
269.14	46353.41
269.21	46323.77
269.28	46285.43
269.35	46243.99
269.41	46203.07
269.48	46153.00
269.55	46092.84
269.62	46041.78
269.69	45998.34
269.76	45951.43
269.82	45907.80
269.89	45885.57
269.96	45856.19
270.03	45823.16
270.10	45797.48
270.17	45758.90
270.23	45713.87
270.30	45671.11
270.37	45634.47
270.44	45596.69
270.51	45565.01
270.58	45532.12
270.64	45507.18
270.71	45471.56
270.78	45431.72
270.85	45393.45
270.92	45360.00
270.99	45316.32
271.05	45276.92
271.12	45234.00
271.19	45197.60
271.26	45156.82
271.33	45118.51
271.39	45084.90
271.46	45044.71
271.53	45012.31
271.60	44986.49
271.67	44960.07
271.74	44926.80
271.80	44903.28
271.87	44879.37
271.94	44846.60
272.01	44814.68
272.08	44786.67
272.14	44749.46
272.21	44717.13
272.28	44688.89
272.35	44663.31
272.42	44635.66
272.48	44622.42
272.55	44593.86
272.62	44569.85
272.69	44549.02
272.76	44533.67
272.83	44505.17
272.89	44474.12
272.96	44442.45
273.03	44403.27
273.10	44363.25
273.17	44335.11
273.23	44314.94
273.30	44291.82
273.37	44266.41
273.44	44245.98
273.51	44222.01
273.57	44200.40
273.64	44177.47
273.71	44167.78
273.78	44142.81
273.85	44123.82
273.91	44097.51
273.98	44079.89
274.05	44054.38
274.12	44038.90
274.19	44022.83
274.25	44004.79
274.32	43975.92
274.39	43937.58
274.46	43894.06
274.53	43839.16
274.59	43787.54
274.66	43747.14
274.73	43732.84
274.80	43716.21
274.86	43699.46
274.93	43681.52
275.00	43646.36
275.07	43592.46
275.14	43556.12
275.20	43523.56
275.27	43498.24
275.34	43478.84
275.41	43470.48
275.48	43452.66
275.54	43436.15
275.61	43412.44
275.68	43396.30
275.75	43369.99
275.81	43339.44
275.88	43319.00
275.95	43296.16
276.02	43266.42
276.09	43234.19
276.15	43206.06
276.22	43174.01
276.29	43157.01
276.36	43129.63
276.42	43109.63
276.49	43085.62
276.56	43059.60
276.63	43023.01
276.70	43008.87
276.76	42991.17
276.83	42975.55
276.90	42959.11
276.97	42940.79
277.03	42916.33
277.10	42895.52
277.17	42877.26
277.24	42865.10
277.30	42850.07
277.37	42832.80
277.44	42816.46
277.51	42798.50
277.58	42764.44
277.64	42742.05
277.71	42720.73
277.78	42695.62
277.85	42663.56
277.91	42632.18
277.98	42607.40
278.05	42577.70
278.12	42561.47
278.18	42545.12
278.25	42537.34
278.32	42510.21
278.39	42492.10
278.45	42470.87
278.52	42452.15
278.59	42433.76
278.66	42418.83
278.72	42403.26
278.79	42378.33
278.86	42355.74
278.93	42343.57
278.99	42322.60
279.06	42301.09
279.13	42280.94
279.20	42267.35
279.26	42240.28
279.33	42224.69
279.40	42198.34
279.47	42173.78
279.53	42137.47
279.60	42106.69
279.67	42079.82
279.74	42053.48
279.80	42036.86
279.87	42029.98
279.94	42018.44
280.01	42002.24
280.07	41992.15
280.14	41972.61
280.21	41941.24
280.28	41916.66
280.34	41888.07
280.41	41860.39
280.48	41822.17
280.55	41792.51
280.61	41763.57
280.68	41735.67
280.75	41706.72
280.82	41681.99
280.88	41653.31
280.95	41602.86
281.02	41549.81
281.08	41476.18
281.15	41401.78
281.22	41330.89
281.29	41276.38
281.35	41219.28
281.42	41193.13
281.49	41164.77
281.56	41138.38
281.62	41108.95
281.69	41081.95
281.76	41045.77
281.82	41009.72
281.89	40975.01
281.96	40945.16
282.03	40922.26
282.09	40896.78
282.16	40876.29
282.23	40851.32
282.30	40824.70
282.36	40797.96
282.43	40770.43
282.50	40754.45
282.56	40733.49
282.63	40711.44
282.70	40692.78
282.77	40677.42
282.83	40652.81
282.90	40642.07
282.97	40620.74
283.03	40593.14
283.10	40570.61
283.17	40545.54
283.24	40508.67
283.30	40481.28
283.37	40460.94
283.44	40428.95
283.50	40402.90
283.57	40387.98
283.64	40366.47
283.71	40329.32
283.77	40291.35
283.84	40251.23
283.91	40204.33
283.97	40175.07
284.04	40176.55
284.11	40187.17
284.18	40200.77
284.24	40215.06
284.31	40221.88
284.38	40208.05
284.44	40192.67
284.51	40177.34
284.58	40161.38
284.64	40145.98
284.71	40138.74
284.78	40125.51
284.85	40109.46
284.91	40095.14
284.98	40072.22
285.05	40045.80
285.11	40026.16
285.18	40005.78
285.25	39990.61
285.31	39986.81
285.38	39986.48
285.45	39991.85
285.52	39994.32
285.58	39990.13
285.65	39980.20
285.72	39957.50
285.78	39930.14
285.85	39910.65
285.92	39889.30
285.98	39871.37
286.05	39865.53
286.12	39863.77
286.18	39858.25
286.25	39854.14
286.32	39852.42
286.39	39850.70
286.45	39840.40
286.52	39824.69
286.59	39814.07
286.65	39798.72
286.72	39792.73
286.79	39782.61
286.85	39777.25
286.92	39761.88
286.99	39759.37
287.05	39735.56
287.12	39732.27
287.19	39717.07
287.25	39717.92
287.32	39710.23
287.39	39712.13
287.45	39703.60
287.52	39706.84
287.59	39701.12
287.65	39701.24
287.72	39690.02
287.79	39675.90
287.86	39661.95
287.92	39647.62
287.99	39631.75
288.06	39632.98
288.12	39629.25
288.19	39633.11
288.26	39623.31
288.32	39611.83
288.39	39600.97
288.46	39599.39
288.52	39588.04
288.59	39596.39
288.66	39609.85
288.72	39612.02
288.79	39616.20
288.86	39630.01
288.92	39626.58
288.99	39614.63
289.06	39606.55
289.12	39601.99
289.19	39596.40
289.26	39601.77
289.32	39609.02
289.39	39615.69
289.45	39619.21
289.52	39608.17
289.59	39612.47
289.65	39615.15
289.72	39619.76
289.79	39629.77
289.85	39650.81
289.92	39650.67
289.99	39657.44
290.05	39654.78
290.12	39644.10
290.19	39636.27
290.25	39630.26
290.32	39621.21
290.39	39626.65
290.45	39625.94
290.52	39630.30
290.59	39645.62
290.65	39651.07
290.72	39646.44
290.79	39650.79
290.85	39653.92
290.92	39664.73
290.98	39667.98
291.05	39683.37
291.12	39693.32
291.18	39700.97
291.25	39695.63
291.32	39705.35
291.38	39696.86
291.45	39694.74
291.52	39692.65
291.58	39694.68
291.65	39702.77
291.72	39727.69
291.78	39754.16
291.85	39770.98
291.91	39785.25
291.98	39803.25
292.05	39808.73
292.11	39811.32
292.18	39819.16
292.25	39825.16
292.31	39819.43
292.38	39823.48
292.45	39829.78
292.51	39842.32
292.58	39848.62
292.64	39857.61
292.71	39855.53
292.78	39855.94
292.84	39852.39
292.91	39862.09
292.98	39867.04
293.04	39879.04
293.11	39890.11
293.17	39896.26
293.24	39906.17
293.31	39926.47
293.37	39945.16
293.44	39953.19
293.51	39970.40
293.57	39981.44
293.64	39979.32
293.70	39993.82
293.77	40009.37
293.84	40022.81
293.90	40025.37
293.97	40043.72
294.04	40044.55
294.10	40051.06
294.17	40061.71
294.23	40082.47
294.30	40092.45
294.37	40107.15
294.43	40128.82
294.50	40134.88
294.56	40141.77
294.63	40148.99
294.70	40164.29
294.76	40170.54
294.83	40184.53
294.90	40205.46
294.96	40228.12
295.03	40243.79
295.09	40263.11
295.16	40283.68
295.23	40288.67
295.29	40295.63
295.36	40303.41
295.42	40312.07
295.49	40314.74
295.56	40337.67
295.62	40360.44
295.69	40377.37
295.75	40389.66
295.82	40407.92
295.89	40410.97
295.95	40415.02
296.02	40422.74
296.08	40425.08
296.15	40423.38
296.22	40433.67
296.28	40448.01
296.35	40472.98
296.41	40493.34
296.48	40521.97
296.55	40541.96
296.61	40555.45
296.68	40565.37
296.74	40596.02
296.81	40623.28
296.88	40646.03
296.94	40671.32
297.01	40688.53
297.07	40694.53
297.14	40697.79
297.20	40706.01
297.27	40713.43
297.34	40733.65
297.40	40750.20
297.47	40764.78
297.53	40781.32
297.60	40800.11
297.67	40809.36
297.73	40823.65
297.80	40838.07
297.86	40849.49
297.93	40858.13
298.00	40873.24
298.06	40884.30
298.13	40908.01
298.19	40925.30
298.26	40946.04
298.32	40959.63
298.39	40975.44
298.46	40975.90
298.52	40990.65
298.59	40995.81
298.65	41003.91
298.72	41021.10
298.78	41044.70
298.85	41058.48
298.92	41081.17
298.98	41096.71
299.05	41104.64
299.11	41117.82
299.18	41128.17
299.24	41138.11
299.31	41139.52
299.38	41153.65
299.44	41158.48
299.51	41168.54
299.57	41178.62
299.64	41200.01
299.70	41207.94
299.77	41218.26
299.84	41225.50
299.90	41225.31
299.97	41226.53
300.03	41239.51
300.10	41257.07
300.16	41273.25
300.23	41293.93
300.30	41310.87
300.36	41314.38
300.43	41322.97
300.49	41329.18
300.56	41345.38
300.62	41365.25
300.69	41389.17
300.75	41396.02
300.82	41409.70
300.89	41411.50
300.95	41423.22
301.02	41416.57
301.08	41424.83
301.15	41425.20
301.21	41430.74
301.28	41427.47
301.34	41437.27
301.41	41433.04
301.48	41434.92
301.54	41424.57
301.61	41420.23
301.67	41417.92
301.74	41421.92
301.80	41423.38
301.87	41432.83
301.93	41434.29
302.00	41435.03
302.06	41427.80
302.13	41415.96
302.20	41409.66
302.26	41401.79
302.33	41397.96
302.39	41394.23
302.46	41392.99
302.52	41383.67
302.59	41383.69
302.65	41376.32
302.72	41375.83
302.78	41376.36
302.85	41376.58
302.91	41368.43
302.98	41358.22
303.05	41346.56
303.11	41338.89
303.18	41323.68
303.24	41305.49
303.31	41288.84
303.37	41274.43
303.44	41258.84
303.50	41245.68
303.57	41225.31
303.63	41213.79
303.70	41202.01
303.76	41181.73
303.83	41165.59
303.89	41161.36
303.96	41150.10
304.03	41128.99
304.09	41116.36
304.16	41094.80
304.22	41071.45
304.29	41056.10
304.35	41039.37
304.42	41018.12
304.48	40997.00
304.55	40981.21
304.61	40954.68
304.68	40934.70
304.74	40920.26
304.81	40909.25
304.87	40875.01
304.94	40843.31
305.00	40811.34
305.07	40772.84
305.13	40736.75
305.20	40711.29
305.26	40689.12
305.33	40672.79
305.39	40652.81
305.46	40618.00
305.52	40593.12
305.59	40564.67
305.66	40532.91
305.72	40500.70
305.79	40475.96
305.85	40446.79
305.92	40397.87
305.98	40280.00
306.05	40067.65
306.11	39771.87
306.18	39481.35
306.24	39298.51
306.31	39267.11
306.37	39382.33
306.44	39619.51
306.50	39853.07
306.57	39991.25
306.63	40044.67
306.70	40034.16
306.76	39987.22
306.83	39936.68
306.89	39880.21
306.96	39826.20
307.02	39783.12
307.09	39746.43
307.15	39704.76
307.22	39673.27
307.28	39634.67
307.35	39593.01
307.41	39541.54
307.48	39492.00
307.54	39443.61
307.61	39394.30
307.67	39341.82
307.74	39297.73
307.80	39255.15
307.87	39211.22
307.93	39167.80
308.00	39132.39
308.06	39092.19
308.13	39044.42
308.19	38995.23
308.26	38950.06
308.32	38911.29
308.38	38871.02
308.45	38833.87
308.51	38795.59
308.58	38739.88
308.64	38669.95
308.71	38612.17
308.77	38557.78
308.84	38503.13
308.90	38475.37
308.97	38449.12
309.03	38422.54
309.10	38380.80
309.16	38336.90
309.23	38278.27
309.29	38214.53
309.36	38128.74
309.42	38056.84
309.49	37983.99
309.55	37911.93
309.62	37842.22
309.68	37791.34
309.75	37736.05
309.81	37683.86
309.88	37639.96
309.94	37588.88
310.00	37531.37
310.07	37472.63
310.13	37420.90
310.20	37353.74
310.26	37309.57
310.33	37259.85
310.39	37211.74
310.46	37161.52
310.52	37111.85
310.59	37053.54
310.65	37002.03
310.72	36940.24
310.78	36873.11
310.85	36809.12
310.91	36753.36
310.97	36701.52
311.04	36645.27
311.10	36591.85
311.17	36540.47
311.23	36484.95
311.30	36422.56
311.36	36375.81
311.43	36327.58
311.49	36273.52
311.56	36211.60
311.62	36149.92
311.69	36091.12
311.75	36032.06
311.81	35966.27
311.88	35902.98
311.94	35853.22
312.01	35804.08
312.07	35748.05
312.14	35707.92
312.20	35667.86
312.27	35617.50
312.33	35550.66
312.40	35484.47
312.46	35408.67
312.52	35339.04
312.59	35271.14
312.65	35215.53
312.72	35152.67
312.78	35091.91
312.85	35020.96
312.91	34943.55
312.98	34867.64
313.04	34805.89
313.10	34743.77
313.17	34690.07
313.23	34646.06
313.30	34598.18
313.36	34534.66
313.43	34471.69
313.49	34407.17
313.56	34331.90
313.62	34258.11
313.68	34196.48
313.75	34140.22
313.81	34085.11
313.88	34021.79
313.94	33959.96
314.01	33903.03
314.07	33843.10
314.13	33777.97
314.20	33718.99
314.26	33661.55
314.33	33592.62
314.39	33519.29
314.46	33437.62
314.52	33368.70
314.58	33296.18
314.65	33228.40
314.71	33168.99
314.78	33118.19
314.84	33057.86
314.91	32997.05
314.97	32933.87
315.03	32870.18
315.10	32805.20
315.16	32734.74
315.23	32664.49
315.29	32599.58
315.36	32533.97
315.42	32463.93
315.48	32403.05
315.55	32340.72
315.61	32269.33
315.68	32202.00
315.74	32142.49
315.81	32074.63
315.87	32003.12
315.93	31955.14
316.00	31910.56
316.06	31871.03
316.13	31840.54
316.19	31792.03
316.25	31686.93
316.32	31520.27
316.38	31296.48
316.45	31015.22
316.51	30702.85
316.58	30365.16
316.64	30013.69
316.70	29649.35
316.77	29260.83
316.83	28849.81
316.90	28425.10
316.96	27989.15
317.02	27537.70
317.09	27078.17
317.15	26605.24
317.22	26117.38
317.28	25611.90
317.34	25090.06
317.41	24563.48
317.47	24034.20
317.54	23492.35
317.60	22944.03
317.66	22388.00
317.73	21818.70
317.79	21242.07
317.86	20665.58
317.92	20082.17
317.98	19493.01
318.05	18899.06
318.11	18301.90
318.18	17712.52
318.24	17123.28
318.30	16533.86
318.37	15949.91
318.43	15366.26
318.50	14775.60
318.56	14192.44
318.62	13626.05
318.69	13062.59
318.75	12512.41
318.82	11969.97
318.88	11442.99
318.94	10918.28
319.01	10412.00
319.07	9918.51
319.13	9438.68
319.20	8969.71
319.26	8514.22
319.33	8069.64
319.39	7632.89
319.45	7224.32
319.52	6830.40
319.58	6451.16
319.65	6086.62
319.71	5742.10
319.77	5407.72
319.84	5091.06
319.90	4792.47
319.96	4507.68
320.03	4237.68
320.09	3986.10
320.16	3740.16
320.22	3513.34
320.28	3304.47
320.35	3109.94
320.41	2925.45
320.47	2761.91
320.54	2603.32
320.60	2462.15
320.67	2331.35
320.73	2210.58
320.79	2096.80
320.86	2001.45
320.92	1904.97
320.98	1821.64
321.05	1744.60
321.11	1670.95
321.18	1603.65
321.24	1546.87
321.30	1487.93
321.37	1437.19
321.43	1398.21
321.49	1356.18
321.56	1318.63
321.62	1288.01
321.68	1252.72
321.75	1218.53
321.81	1191.46
321.88	1161.81
321.94	1136.64
322.00	1116.01
322.07	1089.63
322.13	1060.23
322.19	1032.18
322.26	999.19
322.32	968.36
322.38	943.37
322.45	922.46
322.51	897.17
322.58	877.87
322.64	850.86
322.70	826.47
322.77	794.42
322.83	773.94
322.89	742.08
322.96	715.57
323.02	687.75
323.08	660.36
323.15	629.58
323.21	605.91
323.27	581.88
323.34	556.42
323.40	532.76
323.46	508.39
323.53	477.83
323.59	403.71
323.65	303.08
323.72	190.00
323.78	81.09
323.85	-18.28
323.91	-67.54
323.97	-86.30
324.04	-86.07
