180.21	3421.59
180.28	-125.03
180.36	629.92
180.44	-50.44
180.51	-20.77
180.59	1.35
180.66	27.25
180.74	25.92
180.81	25.85
180.89	28.02
180.97	29.07
181.04	27.06
181.12	25.70
181.19	26.18
181.27	26.47
181.34	41.18
181.42	47.00
181.50	54.06
181.57	64.48
181.65	69.60
181.72	64.96
181.80	61.37
181.87	61.59
181.95	62.16
182.03	62.03
182.10	65.29
182.18	68.10
182.25	74.70
182.33	77.06
182.40	86.79
182.48	86.06
182.55	100.32
182.63	109.19
182.71	116.59
182.78	125.04
182.86	138.47
182.93	138.74
183.01	138.16
183.08	133.49
183.16	131.60
183.23	123.38
183.31	130.32
183.39	137.01
183.46	156.78
183.54	166.97
183.61	193.54
183.69	214.63
183.76	246.67
183.84	273.03
183.91	301.10
183.99	341.13
184.06	371.40
184.14	402.46
184.22	446.09
184.29	480.38
184.37	491.25
184.44	508.47
184.52	498.25
184.59	443.46
184.67	390.07
184.74	341.24
184.82	308.03
184.89	303.25
184.97	345.83
185.04	414.47
185.12	482.94
185.20	560.14
185.27	634.32
185.35	720.67
185.42	779.67
185.50	840.75
185.57	895.20
185.65	937.86
185.72	975.89
185.80	1053.55
185.87	1111.72
185.95	1178.37
186.02	1292.37
186.10	1362.04
186.17	1385.55
186.25	1377.25
186.33	1240.82
186.40	1043.56
186.48	897.71
186.55	805.70
186.63	789.56
186.70	910.45
186.78	1072.09
186.85	1214.77
186.93	1339.89
187.00	1443.66
187.08	1556.40
187.15	1662.24
187.23	1785.17
187.30	1913.80
187.38	2023.33
187.45	2140.08
187.53	2274.76
187.60	2354.72
187.68	2454.07
187.75	2598.87
187.83	2670.81
187.90	2728.75
187.98	2841.21
188.05	2872.45
188.13	2737.42
188.21	2486.32
188.28	2219.96
188.36	1954.98
188.43	1762.59
188.51	1759.57
188.58	1946.52
188.66	2156.48
188.73	2359.31
188.81	2573.78
188.88	2735.57
188.96	2899.67
189.03	3038.14
189.11	3184.20
189.18	3319.35
189.26	3434.16
189.33	3549.50
189.41	3684.98
189.48	3768.39
189.56	3856.57
189.63	3987.37
189.71	4043.52
189.78	4098.05
189.86	4197.62
189.93	4251.31
190.01	4249.75
190.08	4229.58
190.16	4053.64
190.23	3692.05
190.31	3348.88
190.38	3100.54
190.46	2957.54
190.53	2999.09
190.61	3237.70
190.68	3495.61
190.76	3723.81
190.83	3920.67
190.91	4080.32
190.98	4253.10
191.06	4395.30
191.13	4542.44
191.21	4673.92
191.28	4786.47
191.35	4899.14
191.43	5015.54
191.50	5084.14
191.58	5172.84
191.65	5276.15
191.73	5318.65
191.80	5374.23
191.88	5430.73
191.95	5431.21
192.03	5432.42
192.10	5462.62
192.18	5474.64
192.25	5465.66
192.33	5371.74
192.40	5143.49
192.48	4883.11
192.55	4674.80
192.63	4534.43
192.70	4549.96
192.78	4726.63
192.85	4958.42
192.93	5166.63
193.00	5359.06
193.08	5510.51
193.15	5669.12
193.22	5784.25
193.30	5892.57
193.37	5996.35
193.45	6076.78
193.52	6144.30
193.60	6223.13
193.67	6274.67
193.75	6322.72
193.82	6378.80
193.90	6395.91
193.97	6414.71
194.05	6447.12
194.12	6461.02
194.20	6491.70
194.27	6542.54
194.34	6588.05
194.42	6625.33
194.49	6668.43
194.57	6694.97
194.64	6668.83
194.72	6580.12
194.79	6475.52
194.87	6392.37
194.94	6338.57
195.02	6349.01
195.09	6427.89
195.17	6549.11
195.24	6654.82
195.31	6752.27
195.39	6830.05
195.46	6914.28
195.54	6981.97
195.61	7044.23
195.69	7093.32
195.76	7137.11
195.84	7179.53
195.91	7208.21
195.99	7229.11
196.06	7246.54
196.13	7273.74
196.21	7284.77
196.28	7305.16
196.36	7336.39
196.43	7368.16
196.51	7402.88
196.58	7438.50
196.66	7475.18
196.73	7504.89
196.80	7529.39
196.88	7551.44
196.95	7581.24
197.03	7599.35
197.10	7602.58
197.18	7592.99
197.25	7576.07
197.33	7565.39
197.40	7569.42
197.47	7583.65
197.55	7625.62
197.62	7674.48
197.70	7713.54
197.77	7754.12
197.85	7794.89
197.92	7826.50
197.99	7860.00
198.07	7893.49
198.14	7919.77
198.22	7951.61
198.29	7975.60
198.37	7994.87
198.44	8017.06
198.51	8038.65
198.59	8057.69
198.66	8092.27
198.74	8122.83
198.81	8152.42
198.89	8176.25
198.96	8203.97
199.03	8226.22
199.11	8258.30
199.18	8288.57
199.26	8318.92
199.33	8348.80
199.41	8378.06
199.48	8396.00
199.55	8416.14
199.63	8434.80
199.70	8462.40
199.78	8480.58
199.85	8503.06
199.93	8522.33
200.00	8551.12
200.07	8571.78
200.15	8604.03
200.22	8641.93
200.30	8677.86
200.37	8718.45
200.44	8756.93
200.52	8792.99
200.59	8830.09
200.67	8861.62
200.74	8884.87
200.81	8903.15
200.89	8919.13
200.96	8940.89
201.04	8964.31
201.11	8996.33
201.19	9033.82
201.26	9074.86
201.33	9102.94
201.41	9141.27
201.48	9175.81
201.56	9211.95
201.63	9254.77
201.70	9295.80
201.78	9332.93
201.85	9377.59
201.93	9420.46
202.00	9454.86
202.07	9496.07
202.15	9537.77
202.22	9573.37
202.30	9611.92
202.37	9648.72
202.44	9687.97
202.52	9730.92
202.59	9770.82
202.67	9803.57
202.74	9843.09
202.81	9878.87
202.89	9909.85
202.96	9951.15
203.04	9999.03
203.11	10041.07
203.18	10092.07
203.26	10147.33
203.33	10190.93
203.41	10236.22
203.48	10288.90
203.55	10330.98
203.63	10375.60
203.70	10424.76
203.77	10476.42
203.85	10524.63
203.92	10574.78
204.00	10630.97
204.07	10688.58
204.14	10739.97
204.22	10786.87
204.29	10841.05
204.37	10886.65
204.44	10929.51
204.51	10982.40
204.59	11042.35
204.66	11094.13
204.73	11156.24
204.81	11216.60
204.88	11274.75
204.96	11335.52
205.03	11399.72
205.10	11455.65
205.18	11514.06
205.25	11570.68
205.32	11631.64
205.40	11693.61
205.47	11755.29
205.55	11820.63
205.62	11886.14
205.69	11950.91
205.77	12017.28
205.84	12088.49
205.91	12157.23
205.99	12233.52
206.06	12303.02
206.14	12371.61
206.21	12449.12
206.28	12519.93
206.36	12591.03
206.43	12657.80
206.50	12735.65
206.58	12799.40
206.65	12874.13
206.72	12947.51
206.80	13029.98
206.87	13105.80
206.95	13191.19
207.02	13274.03
207.09	13358.61
207.17	13444.05
207.24	13525.37
207.31	13606.70
207.39	13693.12
207.46	13775.78
207.53	13854.71
207.61	13937.81
207.68	14016.80
207.75	14100.20
207.83	14184.22
207.90	14271.69
207.98	14357.34
208.05	14449.77
208.12	14527.62
208.20	14616.62
208.27	14708.33
208.34	14803.45
208.42	14892.88
208.49	14995.15
208.56	15084.23
208.64	15174.71
208.71	15268.14
208.78	15359.61
208.86	15463.27
208.93	15566.65
209.00	15666.11
209.08	15762.64
209.15	15867.44
209.22	15965.88
209.30	16068.02
209.37	16171.74
209.44	16281.44
209.52	16388.72
209.59	16488.88
209.67	16592.00
209.74	16695.87
209.81	16805.01
209.89	16906.05
209.96	17020.04
210.03	17134.21
210.11	17248.63
210.18	17355.41
210.25	17471.60
210.33	17576.55
210.40	17684.73
210.47	17797.99
210.55	17914.22
210.62	18026.62
210.69	18140.91
210.77	18255.24
210.84	18370.58
210.91	18498.84
210.99	18620.64
211.06	18750.82
211.13	18872.72
211.21	18994.52
211.28	19104.57
211.35	19229.66
211.42	19350.64
211.50	19479.47
211.57	19608.42
211.64	19738.60
211.72	19862.17
211.79	19983.84
211.86	20112.88
211.94	20243.76
212.01	20369.80
212.08	20496.65
212.16	20620.21
212.23	20742.00
212.30	20867.31
212.38	20996.03
212.45	21133.61
212.52	21275.04
212.60	21410.15
212.67	21540.03
212.74	21671.94
212.82	21800.61
212.89	21928.59
212.96	22054.38
213.03	22185.51
213.11	22324.69
213.18	22452.49
213.25	22592.06
213.33	22739.42
213.40	22877.67
213.47	23011.77
213.55	23161.39
213.62	23297.07
213.69	23429.17
213.77	23572.12
213.84	23715.16
213.91	23860.93
213.98	24010.33
214.06	24161.95
214.13	24315.19
214.20	24457.59
214.28	24603.47
214.35	24743.12
214.42	24886.05
214.50	25020.95
214.57	25159.50
214.64	25295.57
214.72	25437.22
214.79	25570.09
214.86	25714.02
214.93	25862.63
215.01	26010.72
215.08	26153.11
215.15	26312.17
215.23	26459.45
215.30	26614.02
215.37	26758.66
215.44	26917.96
215.52	27068.24
215.59	27223.18
215.66	27362.68
215.74	27512.19
215.81	27653.46
215.88	27800.37
215.95	27934.68
216.03	28082.11
216.10	28227.41
216.17	28381.12
216.25	28524.11
216.32	28687.10
216.39	28846.76
216.46	29001.55
216.54	29144.48
216.61	29303.78
216.68	29445.86
216.76	29587.58
216.83	29728.30
216.90	29884.44
216.97	30036.35
217.05	30193.14
217.12	30349.59
217.19	30499.73
217.27	30636.17
217.34	30768.23
217.41	30895.19
217.48	31022.01
217.56	31164.98
217.63	31316.83
217.70	31465.22
217.78	31628.88
217.85	31788.60
217.92	31938.11
217.99	32089.08
218.07	32242.50
218.14	32381.37
218.21	32536.76
218.28	32694.01
218.36	32839.56
218.43	32977.73
218.50	33132.19
218.57	33266.77
218.65	33400.08
218.72	33537.07
218.79	33682.69
218.87	33817.37
218.94	33961.77
219.01	34102.74
219.08	34239.30
219.16	34376.18
219.23	34517.39
219.30	34656.26
219.37	34801.70
219.45	34951.81
219.52	35098.86
219.59	35228.85
219.66	35353.62
219.74	35487.89
219.81	35623.83
219.88	35750.30
219.95	35898.19
220.03	36050.47
220.10	36184.97
220.17	36325.44
220.24	36464.96
220.32	36594.73
220.39	36718.78
220.46	36839.85
220.53	36958.17
220.61	37079.20
220.68	37198.71
220.75	37321.97
220.82	37459.38
220.90	37588.31
220.97	37717.40
221.04	37844.39
221.11	37962.04
221.19	38076.37
221.26	38189.97
221.33	38317.39
221.40	38447.55
221.48	38579.90
221.55	38702.97
221.62	38814.83
221.69	38924.44
221.77	39037.59
221.84	39162.46
221.91	39282.34
221.98	39413.82
222.06	39538.50
222.13	39662.27
222.20	39764.27
222.27	39876.00
222.35	39994.34
222.42	40108.81
222.49	40221.78
222.56	40336.61
222.63	40445.16
222.71	40547.41
222.78	40654.24
222.85	40756.04
222.92	40871.36
223.00	40980.96
223.07	41092.58
223.14	41193.58
223.21	41287.59
223.29	41381.32
223.36	41486.07
223.43	41588.77
223.50	41695.04
223.57	41804.94
223.65	41924.65
223.72	42033.69
223.79	42142.42
223.86	42239.34
223.94	42325.47
224.01	42401.66
224.08	42482.11
224.15	42550.88
224.22	42640.17
224.30	42732.32
224.37	42826.24
224.44	42921.87
224.51	43017.77
224.59	43092.37
224.66	43171.77
224.73	43248.37
224.80	43330.60
224.87	43424.26
224.95	43528.60
225.02	43643.18
225.09	43744.61
225.16	43833.51
225.23	43917.66
225.31	44003.07
225.38	44077.15
225.45	44157.70
225.52	44244.96
225.60	44324.44
225.67	44398.07
225.74	44467.15
225.81	44536.70
225.88	44609.62
225.96	44677.24
226.03	44746.77
226.10	44819.92
226.17	44892.65
226.24	44960.90
226.32	45044.80
226.39	45121.57
226.46	45187.83
226.53	45260.95
226.60	45340.30
226.68	45411.77
226.75	45490.79
226.82	45583.54
226.89	45664.87
226.96	45731.99
227.04	45787.06
227.11	45834.57
227.18	45880.98
227.25	45925.45
227.32	45976.19
227.40	46040.65
227.47	46109.19
227.54	46182.08
227.61	46255.88
227.68	46331.85
227.76	46401.17
227.83	46468.55
227.90	46527.26
227.97	46582.51
228.04	46630.51
228.11	46673.28
228.19	46714.56
228.26	46752.91
228.33	46794.68
228.40	46828.99
228.47	46875.67
228.55	46932.51
228.62	46995.80
228.69	47055.40
228.76	47119.91
228.83	47181.51
228.90	47230.84
228.98	47279.97
229.05	47336.72
229.12	47402.94
229.19	47463.92
229.26	47517.78
229.34	47560.63
229.41	47601.03
229.48	47634.79
229.55	47670.62
229.62	47723.24
229.69	47784.16
229.77	47839.93
229.84	47896.11
229.91	47948.60
229.98	47984.78
230.05	48014.76
230.12	48041.89
230.20	48073.72
230.27	48104.38
230.34	48147.84
230.41	48198.06
230.48	48249.69
230.55	48301.90
230.63	48351.85
230.70	48412.77
230.77	48459.75
230.84	48495.39
230.91	48512.68
230.98	48541.06
231.06	48560.62
231.13	48594.84
231.20	48648.12
231.27	48708.53
231.34	48767.57
231.41	48818.37
231.49	48862.26
231.56	48900.40
231.63	48939.72
231.70	48972.00
231.77	49002.69
231.84	49030.27
231.92	49053.91
231.99	49081.22
232.06	49106.72
232.13	49131.57
232.20	49166.44
232.27	49203.82
232.34	49231.04
232.42	49248.81
232.49	49276.85
232.56	49300.26
232.63	49326.98
232.70	49350.73
232.77	49395.81
232.85	49433.69
232.92	49472.80
232.99	49498.94
233.06	49527.12
233.13	49537.84
233.20	49539.45
233.27	49532.65
233.35	49537.03
233.42	49543.49
233.49	49559.33
233.56	49589.96
233.63	49617.78
233.70	49638.61
233.77	49673.63
233.85	49696.99
233.92	49725.71
233.99	49748.92
234.06	49777.17
234.13	49786.25
234.20	49804.43
234.27	49809.36
234.35	49815.57
234.42	49825.42
234.49	49834.98
234.56	49844.72
234.63	49850.88
234.70	49860.36
234.77	49869.80
234.84	49876.15
234.92	49881.90
234.99	49884.43
235.06	49888.85
235.13	49875.07
235.20	49874.11
235.27	49877.67
235.34	49872.23
235.41	49879.79
235.49	49890.74
235.56	49899.05
235.63	49903.48
235.70	49918.50
235.77	49913.92
235.84	49910.21
235.91	49898.10
235.98	49876.09
236.06	49852.97
236.13	49835.74
236.20	49819.95
236.27	49792.20
236.34	49766.66
236.41	49741.40
236.48	49723.27
236.55	49711.63
236.63	49703.57
236.70	49696.41
236.77	49695.92
236.84	49698.86
236.91	49697.02
236.98	49699.10
237.05	49706.11
237.12	49697.79
237.19	49683.82
237.27	49672.46
237.34	49673.10
237.41	49665.22
237.48	49654.63
237.55	49637.47
237.62	49618.11
237.69	49597.31
237.76	49589.18
237.83	49593.61
237.91	49599.58
237.98	49597.58
238.05	49588.61
238.12	49570.31
238.19	49549.97
238.26	49541.83
238.33	49524.51
238.40	49515.30
238.47	49505.34
238.54	49498.09
238.62	49475.66
238.69	49462.94
238.76	49442.70
238.83	49421.27
238.90	49398.38
238.97	49374.11
239.04	49360.20
239.11	49357.31
239.18	49357.15
239.25	49354.03
239.33	49341.08
239.40	49326.26
239.47	49299.37
239.54	49260.58
239.61	49217.29
239.68	49182.36
239.75	49156.85
239.82	49139.17
239.89	49128.21
239.96	49131.23
240.03	49133.81
240.11	49126.49
240.18	49119.19
240.25	49116.25
240.32	49097.79
240.39	49085.64
240.46	49071.98
240.53	49058.07
240.60	49050.69
240.67	49045.79
240.74	49034.54
240.81	49030.46
240.88	49022.41
240.96	49006.27
241.03	48996.47
241.10	48991.87
241.17	48984.69
241.24	48975.45
241.31	48981.03
241.38	48968.10
241.45	48951.70
241.52	48931.97
241.59	48916.14
241.66	48887.82
241.73	48884.32
241.80	48878.17
241.88	48866.40
241.95	48855.97
242.02	48838.49
242.09	48812.83
242.16	48790.24
242.23	48780.76
242.30	48768.84
242.37	48755.61
242.44	48753.44
242.51	48742.67
242.58	48733.55
242.65	48729.31
242.72	48739.31
242.79	48732.32
242.87	48739.28
242.94	48739.15
243.01	48732.62
243.08	48730.68
243.15	48729.82
243.22	48729.93
243.29	48740.70
243.36	48746.44
243.43	48752.22
243.50	48768.76
243.57	48785.19
243.64	48780.17
243.71	48786.01
243.78	48787.03
243.85	48774.49
243.92	48765.56
243.99	48761.73
244.07	48757.25
244.14	48744.23
244.21	48739.73
244.28	48730.67
244.35	48727.33
244.42	48721.36
244.49	48719.01
244.56	48725.62
244.63	48740.81
244.70	48739.59
244.77	48738.15
244.84	48753.81
244.91	48770.23
244.98	48783.44
245.05	48809.27
245.12	48839.84
245.19	48853.95
245.26	48857.30
245.33	48874.68
245.40	48900.43
245.47	48937.29
245.55	48968.38
245.62	48994.69
245.69	49003.29
245.76	49004.10
245.83	48990.67
245.90	48988.17
245.97	48990.22
246.04	49000.47
246.11	49017.05
246.18	49034.04
246.25	49043.15
246.32	49054.22
246.39	49057.72
246.46	49065.12
246.53	49082.78
246.60	49102.01
246.67	49122.13
246.74	49148.07
246.81	49173.44
246.88	49192.43
246.95	49215.63
247.02	49253.95
247.09	49281.93
247.16	49293.61
247.23	49289.37
247.30	49285.60
247.37	49271.79
247.44	49275.33
247.51	49291.92
247.58	49334.50
247.66	49374.43
247.73	49420.71
247.80	49457.80
247.87	49491.60
247.94	49527.52
248.01	49571.07
248.08	49604.88
248.15	49633.80
248.22	49664.94
248.29	49685.50
248.36	49701.58
248.43	49727.31
248.50	49755.65
248.57	49778.47
248.64	49792.61
248.71	49817.01
248.78	49841.64
248.85	49859.53
248.92	49892.53
248.99	49927.21
249.06	49948.58
249.13	49960.42
249.20	49985.07
249.27	49998.22
249.34	50017.12
249.41	50029.05
249.48	50031.04
249.55	50023.78
249.62	50036.49
249.69	50055.05
249.76	50089.36
249.83	50133.62
249.90	50189.27
249.97	50234.70
250.04	50279.48
250.11	50325.29
250.18	50362.76
250.25	50387.42
250.32	50404.29
250.39	50425.79
250.46	50442.39
250.53	50473.43
250.60	50512.82
250.67	50551.49
250.74	50579.13
250.81	50592.59
250.88	50609.69
250.95	50625.04
251.02	50649.58
251.09	50673.08
251.16	50717.76
251.23	50744.89
251.30	50764.56
251.37	50778.49
251.44	50793.98
251.51	50804.46
251.58	50826.01
251.65	50851.79
251.72	50872.87
251.79	50896.85
251.86	50917.11
251.93	50933.88
252.00	50946.61
252.07	50957.75
252.14	50975.67
252.21	50983.31
252.28	50995.25
252.35	51010.55
252.42	51037.81
252.49	51050.79
252.56	51070.11
252.63	51088.89
252.70	51102.00
252.77	51111.46
252.84	51123.61
252.91	51136.17
252.98	51158.82
253.05	51185.25
253.12	51196.95
253.19	51211.95
253.25	51233.27
253.32	51237.72
253.39	51263.07
253.46	51298.79
253.53	51335.61
253.60	51356.35
253.67	51381.32
253.74	51393.67
253.81	51407.83
253.88	51414.65
253.95	51432.61
254.02	51451.66
254.09	51467.25
254.16	51479.77
254.23	51489.86
254.30	51503.34
254.37	51518.09
254.44	51533.92
254.51	51545.87
254.58	51562.37
254.65	51568.77
254.72	51575.28
254.79	51571.08
254.86	51581.75
254.93	51588.38
255.00	51600.56
255.07	51605.68
255.14	51622.78
255.21	51622.42
255.28	51619.45
255.34	51607.13
255.41	51598.88
255.48	51591.13
255.55	51596.68
255.62	51607.88
255.69	51626.75
255.76	51642.88
255.83	51655.31
255.90	51662.41
255.97	51683.27
256.04	51690.79
256.11	51699.46
256.18	51704.20
256.25	51705.24
256.32	51689.97
256.39	51691.80
256.46	51692.00
256.53	51688.47
256.60	51688.42
256.67	51690.11
256.74	51692.07
256.80	51695.26
256.87	51700.89
256.94	51703.48
257.01	51713.64
257.08	51712.89
257.15	51699.92
257.22	51695.64
257.29	51679.97
257.36	51653.04
257.43	51638.50
257.50	51639.74
257.57	51623.62
257.64	51631.39
257.71	51634.22
257.78	51626.17
257.85	51606.39
257.92	51606.24
257.98	51583.46
258.05	51571.39
258.12	51551.18
258.19	51542.95
258.26	51518.01
258.33	51504.86
258.40	51499.53
258.47	51504.52
258.54	51502.99
258.61	51514.18
258.68	51517.15
258.75	51504.23
258.82	51490.78
258.89	51473.44
258.95	51448.49
259.02	51437.43
259.09	51428.75
259.16	51412.92
259.23	51397.32
259.30	51381.06
259.37	51348.33
259.44	51324.67
259.51	51313.19
259.58	51296.42
259.65	51277.08
259.72	51265.12
259.79	51236.35
259.85	51196.52
259.92	51166.75
259.99	51142.36
260.06	51124.85
260.13	51106.03
260.20	51090.14
260.27	51059.89
260.34	51025.58
260.41	50993.77
260.48	50964.47
260.55	50943.37
260.62	50934.87
260.68	50922.38
260.75	50898.23
260.82	50882.96
260.89	50867.72
260.96	50847.14
261.03	50836.62
261.10	50808.46
261.17	50781.05
261.24	50743.56
261.31	50715.21
261.38	50678.68
261.44	50658.95
261.51	50620.45
261.58	50580.39
261.65	50535.79
261.72	50494.96
261.79	50452.82
261.86	50424.04
261.93	50406.20
262.00	50384.66
262.07	50355.36
262.13	50329.81
262.20	50300.79
262.27	50259.57
262.34	50221.59
262.41	50192.38
262.48	50153.43
262.55	50123.87
262.62	50095.74
262.69	50058.78
262.76	50024.64
262.82	49991.00
262.89	49959.91
262.96	49931.99
263.03	49909.23
263.10	49876.18
263.17	49848.74
263.24	49809.68
263.31	49775.31
263.38	49729.44
263.44	49694.25
263.51	49645.86
263.58	49604.55
263.65	49563.11
263.72	49526.17
263.79	49483.75
263.86	49454.02
263.93	49412.94
264.00	49364.24
264.06	49330.47
264.13	49292.46
264.20	49258.88
264.27	49216.57
264.34	49182.37
264.41	49137.26
264.48	49096.61
264.55	49048.89
264.61	49009.54
264.68	48967.31
264.75	48925.38
264.82	48873.46
264.89	48834.65
264.96	48802.47
265.03	48760.52
265.10	48724.87
265.16	48702.48
265.23	48673.11
265.30	48649.68
265.37	48618.76
265.44	48577.05
265.51	48532.02
265.58	48478.88
265.65	48412.08
265.71	48358.67
265.78	48318.66
265.85	48273.01
265.92	48235.74
265.99	48200.07
266.06	48169.71
266.13	48122.19
266.20	48081.77
266.26	48037.96
266.33	47990.63
266.40	47938.57
266.47	47889.32
266.54	47824.47
266.61	47768.18
266.68	47715.45
266.74	47655.59
266.81	47603.16
266.88	47565.97
266.95	47510.96
267.02	47468.65
267.09	47432.06
267.16	47388.13
267.22	47342.06
267.29	47307.93
267.36	47263.17
267.43	47221.47
267.50	47187.44
267.57	47159.91
267.64	47127.21
267.70	47096.48
267.77	47059.01
267.84	47027.28
267.91	46974.00
267.98	46916.96
268.05	46862.03
268.11	46814.25
268.18	46754.07
268.25	46709.14
268.32	46669.78
268.39	46635.36
268.46	46596.60
268.53	46568.67
268.59	46535.32
268.66	46500.04
268.73	46455.73
268.80	46415.12
268.87	46355.82
268.94	46306.15
269.00	46258.03
269.07	46216.17
269.14	46184.92
269.21	46159.26
269.28	46122.86
269.35	46089.58
269.41	46055.53
269.48	46004.42
269.55	45951.10
269.62	45902.16
269.69	45855.49
269.76	45803.08
269.82	45758.88
269.89	45734.76
269.96	45710.27
270.03	45671.56
270.10	45643.94
270.17	45604.71
270.23	45558.87
270.30	45513.14
270.37	45490.53
270.44	45456.04
270.51	45421.78
270.58	45389.90
270.64	45364.36
270.71	45318.30
270.78	45282.13
270.85	45248.16
270.92	45214.00
270.99	45174.30
271.05	45145.15
271.12	45111.49
271.19	45080.99
271.26	45036.42
271.33	44994.89
271.39	44956.19
271.46	44904.10
271.53	44868.17
271.60	44844.97
271.67	44817.55
271.74	44784.04
271.80	44762.02
271.87	44735.76
271.94	44703.31
272.01	44674.46
272.08	44647.41
272.14	44613.14
272.21	44586.45
272.28	44562.88
272.35	44537.50
272.42	44503.98
272.48	44485.27
272.55	44455.90
272.62	44432.97
272.69	44411.80
272.76	44405.94
272.83	44388.61
272.89	44359.54
272.96	44322.28
273.03	44285.99
273.10	44243.17
273.17	44213.17
273.23	44189.83
273.30	44173.45
273.37	44150.38
273.44	44132.80
273.51	44103.10
273.57	44090.02
273.64	44059.27
273.71	44040.63
273.78	44013.49
273.85	44001.24
273.91	43969.31
273.98	43953.39
274.05	43935.03
274.12	43919.30
274.19	43892.79
274.25	43868.48
274.32	43840.96
274.39	43800.66
274.46	43756.04
274.53	43708.76
274.59	43660.08
274.66	43623.32
274.73	43607.95
274.80	43588.69
274.86	43567.75
274.93	43550.26
275.00	43518.65
275.07	43468.92
275.14	43437.76
275.20	43406.42
275.27	43385.95
275.34	43366.11
275.41	43356.56
275.48	43338.92
275.54	43324.36
275.61	43296.39
275.68	43275.73
275.75	43247.62
275.81	43213.41
275.88	43187.48
275.95	43164.22
276.02	43136.22
276.09	43106.86
276.15	43079.52
276.22	43053.08
276.29	43033.20
276.36	43006.14
276.42	42984.30
276.49	42964.93
276.56	42938.82
276.63	42909.57
276.70	42891.95
276.76	42877.43
276.83	42861.77
276.90	42842.06
276.97	42827.11
277.03	42810.05
277.10	42785.26
277.17	42766.53
277.24	42759.92
277.30	42743.95
277.37	42729.14
277.44	42713.76
277.51	42690.15
277.58	42655.91
277.64	42630.78
277.71	42600.28
277.78	42577.26
277.85	42554.15
277.91	42530.74
277.98	42508.62
278.05	42486.42
278.12	42469.23
278.18	42445.42
278.25	42425.37
278.32	42399.21
278.39	42386.76
278.45	42365.32
278.52	42345.17
278.59	42332.19
278.66	42318.52
278.72	42296.98
278.79	42271.15
278.86	42256.54
278.93	42242.82
278.99	42223.40
279.06	42202.60
279.13	42182.19
279.20	42162.90
279.26	42133.88
279.33	42112.20
279.40	42088.69
279.47	42070.96
279.53	42040.49
279.60	42013.54
279.67	41987.92
279.74	41962.24
279.80	41940.20
279.87	41926.55
279.94	41909.53
280.01	41893.37
280.07	41873.44
280.14	41849.60
280.21	41825.67
280.28	41805.11
280.34	41778.73
280.41	41755.82
280.48	41729.30
280.55	41699.06
280.61	41674.14
280.68	41654.92
280.75	41627.33
280.82	41603.96
280.88	41576.27
280.95	41525.97
281.02	41461.84
281.08	41389.60
281.15	41310.50
281.22	41240.67
281.29	41185.95
281.35	41132.08
281.42	41094.90
281.49	41064.80
281.56	41035.42
281.62	41006.32
281.69	40975.27
281.76	40944.55
281.82	40907.38
281.89	40871.71
281.96	40840.75
282.03	40821.88
282.09	40802.48
282.16	40787.11
282.23	40762.37
282.30	40736.04
282.36	40709.66
282.43	40681.91
282.50	40663.02
282.56	40634.62
282.63	40613.14
282.70	40592.21
282.77	40578.29
282.83	40555.31
282.90	40544.72
282.97	40517.69
283.03	40495.54
283.10	40469.91
283.17	40449.38
283.24	40426.74
283.30	40401.79
283.37	40365.21
283.44	40337.70
283.50	40304.31
283.57	40284.14
283.64	40261.34
283.71	40232.16
283.77	40186.64
283.84	40150.98
283.91	40108.13
283.97	40084.83
284.04	40096.54
284.11	40114.90
284.18	40122.69
284.24	40132.36
284.31	40139.67
284.38	40124.81
284.44	40101.28
284.51	40084.77
284.58	40068.90
284.64	40049.77
284.71	40038.38
284.78	40028.34
284.85	40018.67
284.91	40009.99
284.98	39994.62
285.05	39966.65
285.11	39954.16
285.18	39933.38
285.25	39915.96
285.31	39909.01
285.38	39913.77
285.45	39909.77
285.52	39910.53
285.58	39898.04
285.65	39882.85
285.72	39857.45
285.78	39836.62
285.85	39821.21
285.92	39805.88
285.98	39785.31
286.05	39774.41
286.12	39767.85
286.18	39759.18
286.25	39752.60
286.32	39750.60
286.39	39744.96
286.45	39732.05
286.52	39722.90
286.59	39714.54
286.65	39715.08
286.72	39715.04
286.79	39709.82
286.85	39689.60
286.92	39672.76
286.99	39655.20
287.05	39634.89
287.12	39634.42
287.19	39639.07
287.25	39648.54
287.32	39644.97
287.39	39645.87
287.45	39634.89
287.52	39628.06
287.59	39622.15
287.65	39623.29
287.72	39612.75
287.79	39605.72
287.86	39593.48
287.92	39581.99
287.99	39572.26
288.06	39575.10
288.12	39561.70
288.19	39559.62
288.26	39541.80
288.32	39529.18
288.39	39517.03
288.46	39521.41
288.52	39522.68
288.59	39535.90
288.66	39540.11
288.72	39540.20
288.79	39535.62
288.86	39531.02
288.92	39528.00
288.99	39523.26
289.06	39522.53
289.12	39520.44
289.19	39530.55
289.26	39526.53
289.32	39531.71
289.39	39532.02
289.45	39542.72
289.52	39529.98
289.59	39541.92
289.65	39548.57
289.72	39554.87
289.79	39562.41
289.85	39569.82
289.92	39565.51
289.99	39565.08
290.05	39562.99
290.12	39551.07
290.19	39556.66
290.25	39556.55
290.32	39552.51
290.39	39557.25
290.45	39560.90
290.52	39561.43
290.59	39571.12
290.65	39575.78
290.72	39574.98
290.79	39581.77
290.85	39588.09
290.92	39594.78
290.98	39605.77
291.05	39615.74
291.12	39621.88
291.18	39627.72
291.25	39629.45
291.32	39634.48
291.38	39633.65
291.45	39627.17
291.52	39624.97
291.58	39624.81
291.65	39632.62
291.72	39642.83
291.78	39665.17
291.85	39675.52
291.91	39694.26
291.98	39712.57
292.05	39723.42
292.11	39732.43
292.18	39742.46
292.25	39743.97
292.31	39729.78
292.38	39735.58
292.45	39738.93
292.51	39754.17
292.58	39759.27
292.64	39770.54
292.71	39776.89
292.78	39785.93
292.84	39783.51
292.91	39794.56
292.98	39800.02
293.04	39811.76
293.11	39818.27
293.17	39824.30
293.24	39833.46
293.31	39855.72
293.37	39871.89
293.44	39879.02
293.51	39900.92
293.57	39913.07
293.64	39916.79
293.70	39924.63
293.77	39941.67
293.84	39951.33
293.90	39955.20
293.97	39967.62
294.04	39975.82
294.10	39987.24
294.17	39994.01
294.23	40014.70
294.30	40026.21
294.37	40039.62
294.43	40051.30
294.50	40059.13
294.56	40070.65
294.63	40082.69
294.70	40092.88
294.76	40105.15
294.83	40123.96
294.90	40133.23
294.96	40150.55
295.03	40165.68
295.09	40178.47
295.16	40190.51
295.23	40199.18
295.29	40204.29
295.36	40213.63
295.42	40224.82
295.49	40239.05
295.56	40266.01
295.62	40290.97
295.69	40300.27
295.75	40314.65
295.82	40327.87
295.89	40330.34
295.95	40328.08
296.02	40343.88
296.08	40349.12
296.15	40350.45
296.22	40369.09
296.28	40398.54
296.35	40424.27
296.41	40442.14
296.48	40464.34
296.55	40477.55
296.61	40483.84
296.68	40494.65
296.74	40518.25
296.81	40542.38
296.88	40563.43
296.94	40587.56
297.01	40605.97
297.07	40614.45
297.14	40622.81
297.20	40631.27
297.27	40645.36
297.34	40668.40
297.40	40689.29
297.47	40710.02
297.53	40724.90
297.60	40735.06
297.67	40736.19
297.73	40751.51
297.80	40762.13
297.86	40770.51
297.93	40782.10
298.00	40801.53
298.06	40814.23
298.13	40837.27
298.19	40861.69
298.26	40881.86
298.32	40899.51
298.39	40915.43
298.46	40921.47
298.52	40928.97
298.59	40937.32
298.65	40944.79
298.72	40956.71
298.78	40974.27
298.85	40994.13
298.92	41009.79
298.98	41026.05
299.05	41038.85
299.11	41057.87
299.18	41072.69
299.24	41087.93
299.31	41094.93
299.38	41112.77
299.44	41110.88
299.51	41119.76
299.57	41131.18
299.64	41151.17
299.70	41157.06
299.77	41169.07
299.84	41175.11
299.90	41174.69
299.97	41172.04
300.03	41179.01
300.10	41199.27
300.16	41215.38
300.23	41237.56
300.30	41252.83
300.36	41259.51
300.43	41274.57
300.49	41280.97
300.56	41293.22
300.62	41306.11
300.69	41330.82
300.75	41332.70
300.82	41352.42
300.89	41353.92
300.95	41364.78
301.02	41360.94
301.08	41362.52
301.15	41353.18
301.21	41361.47
301.28	41362.57
301.34	41372.30
301.41	41375.23
301.48	41375.23
301.54	41366.84
301.61	41370.50
301.67	41365.89
301.74	41366.73
301.80	41372.50
301.87	41369.19
301.93	41353.85
302.00	41351.10
302.06	41340.29
302.13	41327.61
302.20	41328.60
302.26	41327.35
302.33	41324.38
302.39	41320.29
302.46	41323.81
302.52	41314.55
302.59	41308.73
302.65	41303.14
302.72	41303.48
302.78	41296.91
302.85	41302.88
302.91	41298.82
302.98	41289.28
303.05	41277.36
303.11	41276.03
303.18	41256.60
303.24	41253.19
303.31	41239.76
303.37	41226.07
303.44	41208.25
303.50	41200.34
303.57	41175.86
303.63	41159.48
303.70	41148.92
303.76	41125.48
303.83	41106.63
303.89	41092.26
303.96	41082.72
304.03	41069.50
304.09	41056.13
304.16	41034.37
304.22	41012.12
304.29	40988.88
304.35	40962.49
304.42	40949.76
304.48	40934.79
304.55	40920.38
304.61	40899.53
304.68	40882.75
304.74	40860.56
304.81	40844.57
304.87	40816.93
304.94	40790.24
305.00	40762.53
305.07	40728.41
305.13	40685.36
305.20	40653.44
305.26	40630.98
305.33	40607.15
305.39	40584.74
305.46	40557.28
305.52	40537.76
305.59	40508.39
305.66	40472.27
305.72	40442.42
305.79	40418.46
305.85	40392.37
305.92	40341.92
305.98	40237.95
306.05	40020.56
306.11	39720.02
306.18	39425.44
306.24	39238.05
306.31	39205.25
306.37	39329.25
306.44	39566.07
306.50	39798.41
306.57	39943.62
306.63	39989.92
306.70	39979.27
306.76	39939.47
306.83	39890.09
306.89	39832.35
306.96	39777.10
307.02	39732.87
307.09	39693.94
307.15	39656.18
307.22	39621.58
307.28	39588.10
307.35	39549.73
307.41	39505.01
307.48	39462.15
307.54	39413.26
307.61	39360.65
307.67	39305.06
307.74	39249.18
307.80	39193.43
307.87	39151.27
307.93	39110.72
308.00	39069.98
308.06	39038.23
308.13	38994.13
308.19	38947.37
308.26	38904.27
308.32	38861.64
308.38	38818.77
308.45	38780.95
308.51	38743.08
308.58	38681.14
308.64	38617.76
308.71	38554.87
308.77	38499.93
308.84	38437.87
308.90	38414.95
308.97	38394.39
309.03	38370.45
309.10	38330.68
309.16	38292.52
309.23	38225.82
309.29	38160.79
309.36	38079.65
309.42	38005.67
309.49	37931.41
309.55	37867.44
309.62	37796.01
309.68	37741.23
309.75	37684.25
309.81	37632.56
309.88	37585.64
309.94	37534.05
310.00	37472.27
310.07	37417.29
310.13	37373.38
310.20	37308.52
310.26	37255.42
310.33	37209.49
310.39	37168.96
310.46	37110.98
310.52	37058.28
310.59	37006.85
310.65	36953.41
310.72	36889.23
310.78	36824.00
310.85	36765.45
310.91	36703.10
310.97	36651.70
311.04	36593.04
311.10	36532.88
311.17	36482.07
311.23	36427.72
311.30	36370.41
311.36	36323.20
311.43	36283.90
311.49	36224.90
311.56	36170.74
311.62	36107.80
311.69	36040.44
311.75	35980.53
311.81	35921.40
311.88	35859.38
311.94	35804.32
312.01	35764.78
312.07	35704.48
312.14	35660.22
312.20	35618.90
312.27	35564.18
312.33	35490.43
312.40	35428.12
312.46	35354.66
312.52	35288.74
312.59	35232.19
312.65	35173.27
312.72	35111.05
312.78	35048.71
312.85	34980.69
312.91	34908.00
312.98	34842.37
313.04	34780.91
313.10	34727.34
313.17	34669.03
313.23	34616.04
313.30	34564.00
313.36	34499.95
313.43	34431.39
313.49	34367.09
313.56	34291.62
313.62	34217.72
313.68	34154.63
313.75	34097.49
313.81	34032.31
313.88	33977.69
313.94	33921.71
314.01	33862.99
314.07	33802.59
314.13	33741.06
314.20	33678.34
314.26	33612.65
314.33	33548.09
314.39	33475.53
314.46	33398.93
314.52	33329.16
314.58	33263.23
314.65	33194.27
314.71	33131.43
314.78	33073.31
314.84	33013.49
314.91	32947.80
314.97	32885.35
315.03	32827.37
315.10	32769.56
315.16	32699.61
315.23	32636.20
315.29	32570.26
315.36	32501.86
315.42	32436.21
315.48	32372.24
315.55	32306.77
315.61	32241.07
315.68	32177.70
315.74	32114.29
315.81	32050.06
315.87	31981.95
315.93	31924.57
316.00	31882.11
316.06	31837.76
316.13	31804.38
316.19	31752.88
316.25	31651.82
316.32	31483.45
316.38	31268.77
316.45	30991.52
316.51	30680.68
316.58	30348.22
316.64	29993.28
316.70	29627.76
316.77	29238.10
316.83	28826.57
316.90	28397.52
316.96	27964.33
317.02	27510.93
317.09	27052.01
317.15	26581.30
317.22	26101.80
317.28	25599.20
317.34	25083.54
317.41	24557.42
317.47	24023.56
317.54	23477.90
317.60	22925.15
317.66	22366.70
317.73	21798.37
317.79	21226.53
317.86	20648.62
317.92	20066.04
317.98	19475.69
318.05	18879.21
318.11	18284.33
318.18	17697.88
318.24	17111.41
318.30	16522.08
318.37	15944.06
318.43	15357.08
318.50	14767.69
318.56	14184.87
318.62	13620.03
318.69	13056.95
318.75	12509.82
318.82	11967.20
318.88	11438.17
318.94	10913.87
319.01	10406.72
319.07	9914.44
319.13	9431.22
319.20	8964.24
319.26	8506.27
319.33	8061.28
319.39	7622.78
319.45	7218.17
319.52	6824.17
319.58	6447.36
319.65	6081.69
319.71	5737.79
319.77	5400.84
319.84	5082.90
319.90	4784.13
319.96	4502.22
320.03	4232.33
320.09	3982.95
320.16	3738.01
320.22	3513.50
320.28	3302.88
320.35	3108.07
320.41	2925.57
320.47	2761.69
320.54	2602.37
320.60	2461.37
320.67	2331.92
320.73	2209.17
320.79	2096.45
320.86	1999.19
320.92	1904.26
320.98	1820.80
321.05	1743.19
321.11	1670.04
321.18	1603.45
321.24	1544.83
321.30	1484.84
321.37	1435.05
321.43	1396.57
321.49	1355.81
321.56	1317.99
321.62	1288.13
321.68	1253.56
321.75	1220.08
321.81	1191.32
321.88	1163.32
321.94	1138.57
322.00	1116.56
322.07	1088.11
322.13	1060.40
322.19	1030.04
322.26	996.78
322.32	966.99
322.38	941.42
322.45	919.73
322.51	896.82
322.58	876.88
322.64	849.77
322.70	826.82
322.77	794.82
322.83	773.01
322.89	741.94
322.96	714.98
323.02	686.47
323.08	658.64
323.15	628.72
323.21	604.09
323.27	580.38
323.34	555.57
323.40	532.15
323.46	507.28
323.53	476.64
323.59	401.89
323.65	300.58
323.72	187.70
323.78	79.06
323.85	-19.67
323.91	-68.45
323.97	-85.97
324.04	-85.82
