180.21	3428.50
180.28	-126.17
180.36	632.33
180.44	-47.95
180.51	-16.54
180.59	6.83
180.66	34.57
180.74	32.99
180.81	32.60
180.89	34.87
180.97	36.56
181.04	34.38
181.12	33.23
181.19	34.19
181.27	34.47
181.34	50.25
181.42	56.77
181.50	63.83
181.57	74.75
181.65	80.03
181.72	74.79
181.80	70.74
181.87	71.19
181.95	71.79
182.03	72.25
182.10	75.74
182.18	78.94
182.25	85.83
182.33	88.30
182.40	98.29
182.48	98.08
182.55	113.35
182.63	123.01
182.71	131.38
182.78	140.64
182.86	155.03
182.93	155.92
183.01	155.57
183.08	150.67
183.16	148.32
183.23	139.23
183.31	146.80
183.39	153.83
183.46	175.26
183.54	186.66
183.61	214.91
183.69	235.65
183.76	269.88
183.84	297.78
183.91	328.27
183.99	370.09
184.06	402.18
184.14	435.71
184.22	481.16
184.29	515.05
184.37	526.44
184.44	544.76
184.52	531.31
184.59	471.37
184.67	415.66
184.74	363.55
184.82	328.47
184.89	324.74
184.97	370.74
185.04	441.94
185.12	513.56
185.20	594.19
185.27	669.79
185.35	758.93
185.42	819.20
185.50	882.22
185.57	937.42
185.65	980.12
185.72	1019.82
185.80	1097.93
185.87	1156.21
185.95	1225.30
186.02	1342.91
186.10	1411.61
186.17	1435.29
186.25	1423.96
186.33	1279.19
186.40	1075.81
186.48	926.90
186.55	832.79
186.63	818.63
186.70	944.69
186.78	1111.82
186.85	1256.90
186.93	1384.37
187.00	1490.76
187.08	1604.75
187.15	1709.58
187.23	1834.05
187.30	1965.30
187.38	2073.07
187.45	2192.10
187.53	2328.31
187.60	2410.26
187.68	2509.64
187.75	2656.91
187.83	2728.64
187.90	2789.35
187.98	2900.38
188.05	2928.96
188.13	2787.63
188.21	2530.40
188.28	2259.97
188.36	1991.23
188.43	1797.71
188.51	1800.43
188.58	1992.63
188.66	2203.12
188.73	2408.27
188.81	2624.24
188.88	2785.67
188.96	2949.27
189.03	3087.96
189.11	3238.46
189.18	3375.67
189.26	3491.27
189.33	3609.63
189.41	3749.16
189.48	3833.12
189.56	3930.47
189.63	4066.35
189.71	4124.08
189.78	4178.19
189.86	4277.64
189.93	4325.79
190.01	4318.96
190.08	4293.09
190.16	4104.50
190.23	3731.98
190.31	3383.63
190.38	3136.51
190.46	2992.97
190.53	3041.05
190.61	3287.81
190.68	3546.69
190.76	3775.63
190.83	3974.56
190.91	4137.65
190.98	4311.50
191.06	4456.15
191.13	4606.87
191.21	4742.32
191.28	4859.27
191.35	4974.32
191.43	5091.41
191.50	5157.99
191.58	5243.75
191.65	5344.55
191.73	5385.44
191.80	5439.97
191.88	5493.14
191.95	5493.44
192.03	5493.54
192.10	5522.23
192.18	5536.91
192.25	5532.22
192.33	5436.18
192.40	5203.20
192.48	4943.08
192.55	4731.43
192.63	4584.68
192.70	4599.16
192.78	4780.98
192.85	5013.84
192.93	5222.69
193.00	5416.28
193.08	5573.84
193.15	5727.83
193.22	5838.66
193.30	5945.87
193.37	6057.31
193.45	6137.37
193.52	6210.27
193.60	6294.28
193.67	6353.40
193.75	6399.96
193.82	6460.05
193.90	6478.58
193.97	6499.16
194.05	6528.60
194.12	6542.25
194.20	6566.91
194.27	6616.06
194.34	6656.10
194.42	6684.77
194.49	6722.26
194.57	6749.76
194.64	6718.55
194.72	6624.99
194.79	6524.45
194.87	6438.49
194.94	6384.51
195.02	6398.78
195.09	6485.98
195.17	6611.49
195.24	6723.61
195.31	6821.69
195.39	6901.75
195.46	6984.45
195.54	7048.82
195.61	7112.54
195.69	7161.78
195.76	7207.72
195.84	7254.99
195.91	7285.77
195.99	7295.96
196.06	7303.59
196.13	7318.05
196.21	7319.25
196.28	7335.24
196.36	7374.02
196.43	7414.97
196.51	7458.37
196.58	7501.83
196.66	7541.86
196.73	7573.14
196.80	7600.19
196.88	7621.64
196.95	7651.28
197.03	7676.63
197.10	7680.54
197.18	7671.58
197.25	7658.49
197.33	7642.65
197.40	7634.28
197.47	7638.93
197.55	7668.70
197.62	7705.54
197.70	7737.05
197.77	7772.23
197.85	7814.68
197.92	7851.78
197.99	7892.57
198.07	7937.04
198.14	7972.13
198.22	8011.77
198.29	8038.45
198.37	8059.79
198.44	8081.70
198.51	8104.85
198.59	8124.49
198.66	8157.79
198.74	8189.27
198.81	8215.66
198.89	8234.35
198.96	8257.00
199.03	8270.17
199.11	8288.32
199.18	8304.84
199.26	8326.77
199.33	8348.82
199.41	8383.72
199.48	8411.67
199.55	8444.12
199.63	8470.23
199.70	8506.78
199.78	8528.40
199.85	8552.43
199.93	8574.41
200.00	8609.77
200.07	8629.82
200.15	8663.26
200.22	8703.80
200.30	8739.35
200.37	8772.10
200.44	8795.95
200.52	8812.39
200.59	8830.64
200.67	8847.17
200.74	8862.77
200.81	8887.55
200.89	8916.75
200.96	8946.67
201.04	8977.55
201.11	9017.85
201.19	9058.42
201.26	9098.15
201.33	9133.07
201.41	9173.27
201.48	9207.76
201.56	9246.56
201.63	9291.88
201.70	9331.34
201.78	9371.44
201.85	9409.66
201.93	9439.14
202.00	9464.15
202.07	9494.66
202.15	9519.46
202.22	9543.60
202.30	9577.44
202.37	9611.17
202.44	9648.88
202.52	9697.80
202.59	9751.41
202.67	9797.00
202.74	9846.03
202.81	9890.10
202.89	9929.19
202.96	9975.48
203.04	10028.04
203.11	10074.12
203.18	10127.87
203.26	10180.83
203.33	10221.81
203.41	10258.15
203.48	10297.63
203.55	10316.29
203.63	10339.69
203.70	10365.01
203.77	10402.62
203.85	10445.37
203.92	10504.05
204.00	10571.76
204.07	10639.79
204.14	10703.81
204.22	10758.87
204.29	10818.85
204.37	10872.86
204.44	10925.42
204.51	10982.85
204.59	11051.67
204.66	11107.32
204.73	11167.98
204.81	11229.19
204.88	11286.46
204.96	11338.85
205.03	11389.45
205.10	11428.82
205.18	11473.36
205.25	11517.19
205.32	11563.69
205.40	11616.99
205.47	11677.32
205.55	11739.25
205.62	11803.49
205.69	11873.48
205.77	11948.27
205.84	12032.80
205.91	12115.64
205.99	12198.88
206.06	12271.86
206.14	12343.94
206.21	12416.52
206.28	12483.11
206.36	12556.84
206.43	12632.46
206.50	12711.00
206.58	12778.27
206.65	12848.60
206.72	12902.99
206.80	12958.18
206.87	13006.50
206.95	13064.56
207.02	13128.22
207.09	13213.91
207.17	13301.69
207.24	13403.76
207.31	13504.69
207.39	13603.25
207.46	13692.20
207.53	13780.18
207.61	13869.27
207.68	13948.59
207.75	14038.66
207.83	14129.96
207.90	14222.34
207.98	14302.97
208.05	14398.51
208.12	14482.55
208.20	14567.69
208.27	14653.24
208.34	14738.18
208.42	14807.76
208.49	14883.03
208.56	14950.52
208.64	15023.73
208.71	15106.81
208.78	15202.24
208.86	15305.78
208.93	15417.38
209.00	15529.39
209.08	15643.85
209.15	15758.95
209.22	15870.08
209.30	15981.20
209.37	16087.95
209.44	16196.62
209.52	16305.94
209.59	16404.98
209.67	16510.03
209.74	16616.44
209.81	16727.90
209.89	16822.16
209.96	16929.98
210.03	17023.62
210.11	17115.86
210.18	17195.45
210.25	17290.85
210.33	17383.05
210.40	17489.64
210.47	17603.95
210.55	17732.66
210.62	17854.33
210.69	17971.65
210.77	18093.75
210.84	18217.93
210.91	18348.15
210.99	18477.08
211.06	18611.76
211.13	18736.13
211.21	18860.64
211.28	18970.75
211.35	19091.04
211.42	19218.45
211.50	19347.51
211.57	19474.08
211.64	19604.46
211.72	19716.97
211.79	19813.52
211.86	19905.96
211.94	20015.24
212.01	20119.70
212.08	20246.75
212.16	20378.00
212.23	20521.86
212.30	20658.46
212.38	20797.35
212.45	20938.89
212.52	21084.22
212.60	21216.57
212.67	21349.40
212.74	21482.20
212.82	21611.35
212.89	21745.19
212.96	21883.71
213.03	22018.45
213.11	22161.79
213.18	22300.71
213.25	22437.58
213.33	22571.05
213.40	22691.96
213.47	22809.56
213.55	22928.14
213.62	23042.83
213.69	23165.27
213.77	23304.99
213.84	23448.43
213.91	23601.33
213.98	23765.25
214.06	23925.32
214.13	24084.95
214.20	24237.92
214.28	24389.97
214.35	24528.73
214.42	24674.06
214.50	24816.87
214.57	24957.00
214.64	25094.80
214.72	25240.19
214.79	25382.19
214.86	25526.78
214.93	25669.11
215.01	25815.58
215.08	25955.00
215.15	26094.74
215.23	26213.01
215.30	26342.28
215.37	26467.58
215.44	26608.31
215.52	26753.23
215.59	26910.52
215.66	27064.71
215.74	27222.01
215.81	27363.75
215.88	27511.33
215.95	27657.80
216.03	27811.86
216.10	27963.11
216.17	28128.31
216.25	28283.23
216.32	28445.80
216.39	28605.62
216.46	28761.39
216.54	28906.69
216.61	29063.05
216.68	29209.46
216.76	29350.11
216.83	29492.42
216.90	29633.22
216.97	29769.27
217.05	29912.65
217.12	30051.54
217.19	30187.34
217.27	30326.81
217.34	30463.69
217.41	30597.67
217.48	30744.23
217.56	30896.20
217.63	31054.37
217.70	31214.07
217.78	31376.75
217.85	31527.09
217.92	31679.37
217.99	31828.16
218.07	31972.41
218.14	32112.13
218.21	32268.11
218.28	32416.23
218.36	32563.16
218.43	32714.64
218.50	32872.19
218.57	33014.34
218.65	33162.21
218.72	33297.70
218.79	33423.51
218.87	33544.80
218.94	33670.77
219.01	33792.94
219.08	33923.26
219.16	34068.06
219.23	34215.67
219.30	34366.80
219.37	34517.57
219.45	34673.56
219.52	34829.85
219.59	34967.29
219.66	35099.82
219.74	35243.02
219.81	35389.79
219.88	35522.51
219.95	35670.23
220.03	35823.05
220.10	35958.70
220.17	36090.25
220.24	36224.31
220.32	36354.37
220.39	36471.80
220.46	36596.76
220.53	36718.53
220.61	36842.11
220.68	36951.74
220.75	37075.86
220.82	37204.18
220.90	37328.17
220.97	37450.18
221.04	37585.00
221.11	37705.57
221.19	37822.63
221.26	37954.19
221.33	38084.09
221.40	38225.79
221.48	38364.85
221.55	38495.57
221.62	38605.23
221.69	38726.54
221.77	38841.49
221.84	38970.26
221.91	39093.92
221.98	39228.37
222.06	39355.18
222.13	39485.64
222.20	39595.79
222.27	39710.07
222.35	39823.16
222.42	39933.01
222.49	40035.32
222.56	40152.80
222.63	40264.10
222.71	40370.37
222.78	40479.63
222.85	40589.06
222.92	40694.87
223.00	40805.94
223.07	40921.66
223.14	41025.36
223.21	41132.16
223.29	41233.43
223.36	41345.03
223.43	41454.36
223.50	41568.23
223.57	41683.03
223.65	41811.90
223.72	41921.29
223.79	42026.31
223.86	42124.77
223.94	42220.14
224.01	42292.64
224.08	42378.01
224.15	42467.76
224.22	42560.52
224.30	42643.47
224.37	42746.29
224.44	42850.74
224.51	42944.15
224.59	43034.27
224.66	43125.27
224.73	43211.06
224.80	43298.76
224.87	43390.51
224.95	43499.39
225.02	43614.38
225.09	43716.88
225.16	43819.04
225.23	43925.80
225.31	44014.99
225.38	44095.89
225.45	44183.75
225.52	44263.86
225.60	44338.11
225.67	44418.29
225.74	44494.60
225.81	44570.14
225.88	44651.94
225.96	44736.64
226.03	44813.26
226.10	44896.42
226.17	44974.03
226.24	45044.86
226.32	45119.19
226.39	45199.30
226.46	45269.41
226.53	45350.12
226.60	45436.79
226.68	45524.72
226.75	45608.12
226.82	45704.00
226.89	45792.54
226.96	45868.73
227.04	45927.85
227.11	45991.90
227.18	46048.95
227.25	46095.59
227.32	46151.18
227.40	46217.88
227.47	46287.60
227.54	46366.69
227.61	46452.47
227.68	46528.05
227.76	46604.68
227.83	46673.38
227.90	46739.20
227.97	46803.09
228.04	46866.03
228.11	46919.63
228.19	46976.09
228.26	47028.04
228.33	47077.96
228.40	47128.89
228.47	47187.33
228.55	47238.64
228.62	47296.39
228.69	47363.56
228.76	47429.54
228.83	47489.80
228.90	47558.45
228.98	47623.20
229.05	47682.93
229.12	47752.47
229.19	47820.67
229.26	47877.13
229.34	47927.40
229.41	47977.84
229.48	48021.58
229.55	48068.42
229.62	48125.50
229.69	48193.15
229.77	48261.92
229.84	48323.56
229.91	48383.03
229.98	48433.69
230.05	48467.47
230.12	48494.55
230.20	48538.39
230.27	48576.97
230.34	48624.74
230.41	48689.74
230.48	48754.50
230.55	48810.05
230.63	48869.99
230.70	48935.75
230.77	48978.05
230.84	49017.27
230.91	49044.09
230.98	49081.18
231.06	49108.68
231.13	49155.10
231.20	49211.33
231.27	49282.13
231.34	49345.10
231.41	49410.77
231.49	49467.43
231.56	49521.82
231.63	49570.42
231.70	49615.18
231.77	49654.83
231.84	49684.32
231.92	49714.14
231.99	49740.91
232.06	49771.62
232.13	49800.87
232.20	49843.47
232.27	49882.85
232.34	49919.30
232.42	49948.39
232.49	49983.92
232.56	50022.08
232.63	50068.52
232.70	50111.80
232.77	50168.79
232.85	50217.65
232.92	50256.74
232.99	50282.10
233.06	50306.26
233.13	50315.29
233.20	50327.07
233.27	50335.97
233.35	50344.41
233.42	50362.32
233.49	50388.09
233.56	50418.76
233.63	50450.06
233.70	50484.20
233.77	50523.70
233.85	50551.31
233.92	50583.33
233.99	50619.00
234.06	50652.01
234.13	50676.75
234.20	50711.52
234.27	50732.02
234.35	50746.76
234.42	50767.47
234.49	50781.88
234.56	50795.08
234.63	50807.63
234.70	50823.85
234.77	50831.83
234.84	50841.28
234.92	50848.31
234.99	50854.46
235.06	50856.46
235.13	50854.86
235.20	50860.62
235.27	50872.65
235.34	50880.08
235.41	50896.43
235.49	50915.04
235.56	50933.19
235.63	50940.24
235.70	50959.29
235.77	50967.19
235.84	50972.79
235.91	50968.05
235.98	50960.31
236.06	50940.72
236.13	50922.89
236.20	50912.29
236.27	50887.26
236.34	50869.81
236.41	50849.58
236.48	50844.85
236.55	50831.87
236.63	50833.53
236.70	50837.40
236.77	50854.90
236.84	50861.08
236.91	50870.82
236.98	50880.48
237.05	50887.30
237.12	50880.55
237.19	50872.93
237.27	50869.32
237.34	50866.62
237.41	50855.67
237.48	50842.26
237.55	50831.86
237.62	50816.32
237.69	50812.24
237.76	50813.26
237.83	50823.55
237.91	50828.83
237.98	50835.50
238.05	50821.99
238.12	50813.63
238.19	50803.19
238.26	50804.19
238.33	50790.78
238.40	50783.75
238.47	50772.76
238.54	50767.21
238.62	50744.27
238.69	50733.46
238.76	50723.60
238.83	50712.78
238.90	50696.51
238.97	50685.10
239.04	50675.91
239.11	50669.49
239.18	50670.24
239.25	50664.58
239.33	50649.73
239.40	50634.38
239.47	50618.73
239.54	50585.14
239.61	50553.30
239.68	50526.50
239.75	50504.70
239.82	50481.94
239.89	50471.45
239.96	50474.88
240.03	50482.14
240.11	50484.27
240.18	50480.70
240.25	50475.22
240.32	50460.95
240.39	50441.48
240.46	50424.35
240.53	50421.50
240.60	50417.15
240.67	50402.69
240.74	50397.24
240.81	50393.05
240.88	50383.61
240.96	50365.12
241.03	50358.80
241.10	50353.84
241.17	50345.45
241.24	50331.17
241.31	50333.60
241.38	50329.31
241.45	50316.25
241.52	50302.24
241.59	50291.15
241.66	50279.13
241.73	50270.00
241.80	50264.17
241.88	50250.25
241.95	50234.64
242.02	50211.62
242.09	50182.36
242.16	50155.85
242.23	50148.51
242.30	50135.82
242.37	50122.32
242.44	50127.77
242.51	50122.60
242.58	50114.73
242.65	50113.14
242.72	50116.10
242.79	50097.91
242.87	50097.21
242.94	50087.76
243.01	50083.18
243.08	50086.48
243.15	50093.95
243.22	50091.41
243.29	50097.80
243.36	50101.94
243.43	50103.93
243.50	50114.51
243.57	50132.94
243.64	50138.04
243.71	50143.60
243.78	50136.85
243.85	50126.50
243.92	50112.40
243.99	50100.99
244.07	50089.42
244.14	50082.13
244.21	50080.71
244.28	50070.06
244.35	50055.78
244.42	50054.42
244.49	50050.41
244.56	50042.67
244.63	50049.75
244.70	50064.25
244.77	50067.37
244.84	50075.69
244.91	50087.55
244.98	50097.34
245.05	50108.34
245.12	50126.65
245.19	50142.60
245.26	50153.59
245.33	50167.59
245.40	50197.08
245.47	50225.16
245.55	50247.19
245.62	50263.96
245.69	50272.46
245.76	50273.06
245.83	50259.28
245.90	50251.56
245.97	50251.00
246.04	50259.27
246.11	50261.39
246.18	50274.77
246.25	50280.11
246.32	50282.30
246.39	50279.18
246.46	50282.54
246.53	50295.65
246.60	50318.54
246.67	50340.57
246.74	50369.87
246.81	50400.44
246.88	50417.97
246.95	50432.27
247.02	50459.26
247.09	50477.87
247.16	50480.51
247.23	50479.19
247.30	50472.95
247.37	50461.06
247.44	50470.51
247.51	50487.45
247.58	50512.98
247.66	50546.70
247.73	50587.34
247.80	50602.48
247.87	50617.83
247.94	50649.04
248.01	50682.81
248.08	50710.96
248.15	50740.96
248.22	50783.71
248.29	50811.42
248.36	50827.67
248.43	50849.53
248.50	50870.43
248.57	50883.12
248.64	50884.60
248.71	50903.43
248.78	50919.51
248.85	50936.43
248.92	50961.28
248.99	50986.14
249.06	51002.91
249.13	51014.03
249.20	51036.02
249.27	51050.36
249.34	51061.01
249.41	51077.09
249.48	51075.50
249.55	51055.04
249.62	51052.77
249.69	51063.77
249.76	51085.31
249.83	51126.73
249.90	51180.74
249.97	51226.52
250.04	51276.04
250.11	51306.92
250.18	51329.66
250.25	51353.19
250.32	51366.54
250.39	51380.86
250.46	51395.75
250.53	51422.96
250.60	51451.64
250.67	51473.83
250.74	51488.40
250.81	51507.09
250.88	51521.94
250.95	51540.35
251.02	51564.30
251.09	51588.97
251.16	51605.98
251.23	51630.28
251.30	51648.82
251.37	51657.96
251.44	51664.39
251.51	51678.66
251.58	51683.91
251.65	51692.83
251.72	51710.72
251.79	51731.07
251.86	51754.97
251.93	51769.26
252.00	51780.10
252.07	51784.34
252.14	51794.65
252.21	51790.00
252.28	51802.93
252.35	51818.85
252.42	51845.17
252.49	51854.97
252.56	51872.29
252.63	51879.45
252.70	51881.66
252.77	51887.18
252.84	51905.35
252.91	51918.93
252.98	51934.35
253.05	51950.75
253.12	51957.50
253.19	51960.67
253.25	51977.51
253.32	51991.60
253.39	52007.80
253.46	52030.56
253.53	52056.41
253.60	52062.52
253.67	52071.46
253.74	52091.70
253.81	52102.75
253.88	52100.73
253.95	52117.07
254.02	52135.52
254.09	52143.39
254.16	52156.57
254.23	52167.35
254.30	52176.09
254.37	52189.60
254.44	52203.47
254.51	52210.80
254.58	52224.39
254.65	52233.34
254.72	52230.35
254.79	52215.30
254.86	52218.41
254.93	52217.88
255.00	52221.18
255.07	52228.40
255.14	52243.72
255.21	52237.30
255.28	52238.61
255.34	52225.24
255.41	52213.47
255.48	52197.49
255.55	52190.69
255.62	52195.50
255.69	52205.90
255.76	52210.62
255.83	52221.87
255.90	52229.66
255.97	52236.00
256.04	52234.91
256.11	52238.01
256.18	52233.01
256.25	52233.97
256.32	52222.89
256.39	52228.68
256.46	52221.43
256.53	52218.87
256.60	52211.71
256.67	52212.25
256.74	52205.10
256.80	52212.33
256.87	52222.00
256.94	52224.70
257.01	52226.72
257.08	52225.39
257.15	52216.10
257.22	52197.31
257.29	52175.93
257.36	52152.95
257.43	52136.48
257.50	52124.97
257.57	52112.32
257.64	52114.91
257.71	52104.82
257.78	52093.05
257.85	52078.20
257.92	52068.49
257.98	52050.31
258.05	52040.99
258.12	52018.93
258.19	51997.73
258.26	51980.45
258.33	51964.88
258.40	51956.88
258.47	51960.27
258.54	51966.04
258.61	51965.73
258.68	51959.40
258.75	51939.18
258.82	51915.19
258.89	51893.31
258.95	51869.38
259.02	51862.39
259.09	51845.80
259.16	51825.65
259.23	51798.34
259.30	51769.37
259.37	51734.16
259.44	51713.83
259.51	51703.16
259.58	51693.57
259.65	51680.90
259.72	51662.28
259.79	51628.09
259.85	51591.25
259.92	51551.73
259.99	51529.99
260.06	51507.29
260.13	51493.73
260.20	51469.13
260.27	51435.74
260.34	51394.00
260.41	51357.98
260.48	51324.00
260.55	51304.61
260.62	51299.94
260.68	51283.44
260.75	51255.55
260.82	51236.38
260.89	51215.28
260.96	51187.27
261.03	51162.65
261.10	51142.17
261.17	51111.93
261.24	51073.32
261.31	51035.83
261.38	51003.95
261.44	50972.59
261.51	50934.86
261.58	50898.69
261.65	50864.04
261.72	50824.59
261.79	50783.10
261.86	50747.99
261.93	50721.62
262.00	50694.03
262.07	50665.40
262.13	50637.89
262.20	50611.45
262.27	50563.63
262.34	50522.81
262.41	50490.35
262.48	50452.54
262.55	50417.19
262.62	50391.11
262.69	50355.10
262.76	50318.92
262.82	50287.41
262.89	50254.06
262.96	50233.55
263.03	50201.05
263.10	50169.32
263.17	50135.29
263.24	50097.21
263.31	50052.35
263.38	50019.75
263.44	49986.37
263.51	49938.92
263.58	49896.72
263.65	49857.15
263.72	49806.91
263.79	49760.74
263.86	49723.77
263.93	49685.54
264.00	49639.39
264.06	49610.46
264.13	49576.04
264.20	49546.24
264.27	49502.23
264.34	49462.83
264.41	49411.81
264.48	49357.37
264.55	49303.80
264.61	49259.89
264.68	49213.65
264.75	49172.80
264.82	49126.12
264.89	49085.23
264.96	49053.19
265.03	49012.17
265.10	48970.94
265.16	48938.52
265.23	48908.81
265.30	48877.70
265.37	48848.03
265.44	48817.63
265.51	48778.55
265.58	48723.66
265.65	48662.04
265.71	48608.29
265.78	48560.33
265.85	48509.10
265.92	48472.37
265.99	48428.82
266.06	48393.09
266.13	48346.73
266.20	48308.48
266.26	48259.91
266.33	48218.71
266.40	48170.03
266.47	48120.15
266.54	48055.70
266.61	47995.50
266.68	47939.31
266.74	47873.88
266.81	47814.99
266.88	47768.88
266.95	47716.44
267.02	47667.03
267.09	47628.54
267.16	47590.69
267.22	47551.30
267.29	47513.90
267.36	47471.88
267.43	47432.75
267.50	47395.12
267.57	47362.76
267.64	47336.32
267.70	47305.90
267.77	47269.35
267.84	47235.08
267.91	47188.65
267.98	47133.52
268.05	47080.71
268.11	47027.22
268.18	46966.56
268.25	46916.33
268.32	46870.04
268.39	46826.79
268.46	46790.07
268.53	46753.60
268.59	46713.15
268.66	46679.28
268.73	46641.60
268.80	46591.81
268.87	46539.14
268.94	46500.58
269.00	46456.52
269.07	46412.53
269.14	46384.45
269.21	46353.51
269.28	46310.29
269.35	46268.94
269.41	46231.00
269.48	46186.40
269.55	46134.30
269.62	46085.52
269.69	46037.65
269.76	45984.78
269.82	45940.33
269.89	45920.14
269.96	45894.33
270.03	45868.14
270.10	45842.97
270.17	45798.98
270.23	45752.60
270.30	45710.74
270.37	45674.68
270.44	45643.12
270.51	45614.74
270.58	45583.04
270.64	45554.57
270.71	45516.49
270.78	45478.63
270.85	45438.75
270.92	45400.69
270.99	45360.62
271.05	45328.57
271.12	45292.96
271.19	45261.54
271.26	45217.33
271.33	45177.69
271.39	45138.53
271.46	45083.90
271.53	45048.12
271.60	45026.95
271.67	44996.73
271.74	44960.59
271.80	44935.54
271.87	44908.90
271.94	44871.60
272.01	44837.65
272.08	44808.34
272.14	44781.50
272.21	44745.25
272.28	44720.08
272.35	44704.00
272.42	44676.69
272.48	44659.50
272.55	44634.45
272.62	44611.05
272.69	44585.29
272.76	44576.16
272.83	44545.62
272.89	44517.20
272.96	44480.79
273.03	44442.11
273.10	44398.26
273.17	44367.91
273.23	44344.35
273.30	44326.66
273.37	44303.51
273.44	44279.52
273.51	44260.35
273.57	44240.75
273.64	44214.27
273.71	44197.26
273.78	44171.08
273.85	44152.35
273.91	44129.87
273.98	44112.67
274.05	44092.48
274.12	44080.25
274.19	44058.09
274.25	44030.57
274.32	44006.28
274.39	43968.61
274.46	43918.80
274.53	43868.21
274.59	43825.74
274.66	43783.55
274.73	43765.51
274.80	43748.73
274.86	43735.60
274.93	43715.10
275.00	43685.98
275.07	43640.48
275.14	43608.09
275.20	43578.10
275.27	43550.19
275.34	43525.84
275.41	43509.51
275.48	43486.06
275.54	43465.49
275.61	43447.56
275.68	43427.35
275.75	43401.02
275.81	43373.42
275.88	43340.50
275.95	43313.30
276.02	43286.26
276.09	43256.74
276.15	43229.49
276.22	43202.71
276.29	43184.02
276.36	43157.98
276.42	43130.62
276.49	43108.17
276.56	43081.12
276.63	43046.64
276.70	43018.50
276.76	43004.80
276.83	42990.15
276.90	42971.40
276.97	42953.05
277.03	42945.63
277.10	42922.13
277.17	42905.37
277.24	42896.79
277.30	42884.85
277.37	42857.97
277.44	42845.28
277.51	42813.62
277.58	42779.25
277.64	42749.38
277.71	42731.76
277.78	42703.07
277.85	42678.40
277.91	42649.87
277.98	42624.75
278.05	42594.67
278.12	42578.43
278.18	42561.25
278.25	42545.96
278.32	42528.64
278.39	42507.93
278.45	42483.07
278.52	42473.99
278.59	42461.87
278.66	42442.87
278.72	42438.44
278.79	42422.25
278.86	42394.59
278.93	42376.89
278.99	42358.38
279.06	42326.61
279.13	42295.97
279.20	42274.56
279.26	42250.92
279.33	42232.14
279.40	42207.50
279.47	42187.43
279.53	42161.93
279.60	42133.31
279.67	42099.82
279.74	42076.44
279.80	42058.07
279.87	42042.99
279.94	42029.50
280.01	42016.56
280.07	41998.55
280.14	41982.71
280.21	41956.65
280.28	41926.95
280.34	41894.82
280.41	41869.91
280.48	41831.01
280.55	41806.77
280.61	41790.14
280.68	41773.48
280.75	41746.04
280.82	41716.36
280.88	41679.59
280.95	41625.85
281.02	41567.06
281.08	41495.63
281.15	41429.03
281.22	41364.24
281.29	41306.20
281.35	41250.03
281.42	41219.58
281.49	41191.43
281.56	41150.88
281.62	41121.25
281.69	41088.84
281.76	41050.16
281.82	41011.44
281.89	40987.98
281.96	40959.52
282.03	40936.18
282.09	40912.11
282.16	40894.24
282.23	40868.05
282.30	40837.51
282.36	40817.49
282.43	40795.11
282.50	40776.51
282.56	40752.86
282.63	40738.14
282.70	40715.65
282.77	40699.24
282.83	40682.49
282.90	40667.90
282.97	40645.94
283.03	40621.67
283.10	40592.21
283.17	40563.02
283.24	40534.11
283.30	40504.76
283.37	40477.20
283.44	40451.24
283.50	40417.89
283.57	40393.10
283.64	40361.35
283.71	40326.30
283.77	40288.28
283.84	40255.35
283.91	40215.54
283.97	40198.09
284.04	40201.95
284.11	40213.14
284.18	40226.19
284.24	40241.07
284.31	40239.55
284.38	40230.40
284.44	40211.97
284.51	40188.58
284.58	40172.55
284.64	40170.45
284.71	40160.73
284.78	40153.77
284.85	40140.25
284.91	40126.15
284.98	40099.24
285.05	40064.06
285.11	40038.66
285.18	40018.34
285.25	39999.07
285.31	39997.12
285.38	40004.99
285.45	40006.35
285.52	40010.19
285.58	40009.53
285.65	39992.25
285.72	39966.83
285.78	39949.76
285.85	39934.97
285.92	39917.28
285.98	39901.89
286.05	39892.80
286.12	39881.85
286.18	39869.46
286.25	39863.77
286.32	39859.27
286.39	39859.10
286.45	39849.70
286.52	39838.95
286.59	39824.40
286.65	39817.60
286.72	39806.69
286.79	39798.30
286.85	39789.69
286.92	39777.03
286.99	39762.71
287.05	39741.11
287.12	39739.73
287.19	39724.87
287.25	39726.95
287.32	39722.71
287.39	39732.87
287.45	39727.84
287.52	39732.67
287.59	39733.19
287.65	39728.01
287.72	39715.96
287.79	39703.30
287.86	39687.92
287.92	39661.55
287.99	39650.59
288.06	39651.59
288.12	39643.21
288.19	39641.99
288.26	39640.93
288.32	39637.37
288.39	39625.47
288.46	39620.39
288.52	39621.60
288.59	39630.11
288.66	39629.88
288.72	39630.09
288.79	39632.32
288.86	39630.05
288.92	39620.31
288.99	39614.61
289.06	39609.85
289.12	39607.10
289.19	39615.21
289.26	39623.67
289.32	39635.11
289.39	39635.62
289.45	39641.39
289.52	39627.70
289.59	39624.85
289.65	39628.19
289.72	39638.16
289.79	39650.77
289.85	39663.09
289.92	39667.93
289.99	39667.43
290.05	39663.35
290.12	39643.38
290.19	39637.64
290.25	39634.70
290.32	39628.01
290.39	39637.34
290.45	39647.63
290.52	39652.44
290.59	39662.34
290.65	39669.33
290.72	39656.80
290.79	39649.74
290.85	39651.41
290.92	39656.88
290.98	39664.31
291.05	39678.40
291.12	39696.07
291.18	39708.63
291.25	39707.67
291.32	39707.18
291.38	39709.71
291.45	39708.27
291.52	39707.30
291.58	39708.65
291.65	39723.68
291.72	39739.81
291.78	39763.49
291.85	39777.03
291.91	39793.11
291.98	39808.64
292.05	39809.94
292.11	39816.76
292.18	39830.00
292.25	39835.53
292.31	39824.59
292.38	39833.65
292.45	39830.60
292.51	39839.48
292.58	39849.58
292.64	39867.97
292.71	39870.43
292.78	39883.19
292.84	39881.66
292.91	39888.56
292.98	39889.98
293.04	39904.70
293.11	39910.01
293.17	39920.47
293.24	39930.15
293.31	39948.08
293.37	39959.91
293.44	39971.46
293.51	39982.25
293.57	39989.99
293.64	39998.24
293.70	40013.65
293.77	40026.34
293.84	40033.16
293.90	40042.96
293.97	40043.33
294.04	40048.97
294.10	40050.46
294.17	40063.67
294.23	40083.18
294.30	40097.70
294.37	40103.55
294.43	40120.11
294.50	40126.67
294.56	40131.85
294.63	40144.60
294.70	40159.01
294.76	40172.14
294.83	40192.70
294.90	40212.02
294.96	40227.40
295.03	40243.15
295.09	40262.63
295.16	40275.38
295.23	40279.15
295.29	40292.19
295.36	40300.70
295.42	40307.80
295.49	40318.90
295.56	40347.99
295.62	40373.98
295.69	40395.02
295.75	40414.66
295.82	40430.20
295.89	40427.66
295.95	40423.40
296.02	40424.94
296.08	40422.78
296.15	40424.60
296.22	40435.37
296.28	40452.54
296.35	40472.48
296.41	40495.16
296.48	40518.59
296.55	40542.42
296.61	40561.85
296.68	40587.28
296.74	40609.37
296.81	40635.96
296.88	40657.35
296.94	40674.99
297.01	40690.11
297.07	40701.85
297.14	40714.39
297.20	40724.86
297.27	40742.45
297.34	40762.67
297.40	40787.93
297.47	40800.65
297.53	40817.99
297.60	40832.94
297.67	40838.05
297.73	40846.24
297.80	40854.16
297.86	40857.91
297.93	40868.86
298.00	40883.83
298.06	40898.97
298.13	40922.51
298.19	40945.65
298.26	40956.45
298.32	40975.06
298.39	40986.30
298.46	40991.89
298.52	41003.77
298.59	41017.33
298.65	41026.90
298.72	41043.22
298.78	41062.28
298.85	41074.73
298.92	41093.14
298.98	41106.41
299.05	41122.58
299.11	41137.39
299.18	41150.76
299.24	41162.97
299.31	41168.64
299.38	41174.61
299.44	41175.52
299.51	41189.36
299.57	41197.49
299.64	41212.36
299.70	41225.64
299.77	41242.78
299.84	41250.02
299.90	41256.36
299.97	41254.92
300.03	41256.12
300.10	41268.50
300.16	41278.86
300.23	41291.55
300.30	41318.45
300.36	41330.87
300.43	41341.79
300.49	41354.90
300.56	41364.55
300.62	41377.90
300.69	41395.73
300.75	41408.65
300.82	41417.19
300.89	41433.29
300.95	41444.96
301.02	41442.08
301.08	41446.20
301.15	41446.05
301.21	41450.60
301.28	41445.79
301.34	41453.69
301.41	41455.94
301.48	41463.16
301.54	41457.99
301.61	41459.68
301.67	41455.50
301.74	41454.39
301.80	41456.00
301.87	41452.14
301.93	41446.56
302.00	41451.88
302.06	41438.69
302.13	41422.24
302.20	41420.68
302.26	41413.34
302.33	41407.53
302.39	41400.98
302.46	41397.96
302.52	41384.24
302.59	41376.44
302.65	41365.70
302.72	41368.37
302.78	41368.60
302.85	41373.35
302.91	41371.28
302.98	41365.84
303.05	41357.17
303.11	41353.19
303.18	41340.09
303.24	41333.29
303.31	41317.73
303.37	41302.33
303.44	41283.79
303.50	41271.32
303.57	41254.11
303.63	41247.62
303.70	41240.72
303.76	41226.72
303.83	41210.92
303.89	41200.11
303.96	41180.13
304.03	41159.39
304.09	41139.21
304.16	41116.14
304.22	41086.23
304.29	41067.98
304.35	41046.75
304.42	41033.29
304.48	41013.38
304.55	40996.29
304.61	40970.20
304.68	40950.66
304.74	40929.87
304.81	40916.90
304.87	40886.72
304.94	40861.39
305.00	40827.82
305.07	40794.03
305.13	40753.87
305.20	40730.39
305.26	40708.59
305.33	40694.68
305.39	40679.49
305.46	40652.73
305.52	40629.62
305.59	40606.76
305.66	40569.14
305.72	40532.86
305.79	40508.37
305.85	40476.54
305.92	40419.94
305.98	40314.07
306.05	40093.86
306.11	39796.69
306.18	39506.37
306.24	39324.60
306.31	39285.50
306.37	39410.60
306.44	39644.68
306.50	39876.13
306.57	40011.41
306.63	40060.73
306.70	40045.22
306.76	40002.29
306.83	39954.41
306.89	39903.11
306.96	39857.08
307.02	39816.51
307.09	39784.99
307.15	39749.21
307.22	39716.24
307.28	39675.50
307.35	39639.73
307.41	39585.90
307.48	39535.08
307.54	39494.03
307.61	39448.60
307.67	39391.38
307.74	39347.24
307.80	39303.61
307.87	39256.95
307.93	39209.55
308.00	39170.53
308.06	39129.50
308.13	39077.88
308.19	39020.43
308.26	38970.21
308.32	38928.95
308.38	38886.70
308.45	38845.17
308.51	38814.18
308.58	38763.23
308.64	38694.50
308.71	38636.81
308.77	38586.98
308.84	38530.23
308.90	38499.30
308.97	38479.09
309.03	38450.10
309.10	38408.43
309.16	38368.95
309.23	38314.61
309.29	38249.60
309.36	38167.56
309.42	38095.34
309.49	38022.10
309.55	37952.91
309.62	37885.49
309.68	37832.58
309.75	37775.21
309.81	37715.55
309.88	37664.28
309.94	37609.26
310.00	37553.32
310.07	37498.64
310.13	37451.70
310.20	37394.21
310.26	37351.60
310.33	37298.96
310.39	37254.69
310.46	37201.15
310.52	37144.47
310.59	37081.16
310.65	37039.30
310.72	36976.07
310.78	36911.69
310.85	36850.26
310.91	36795.86
310.97	36730.77
311.04	36681.36
311.10	36625.46
311.17	36572.95
311.23	36520.92
311.30	36464.89
311.36	36411.70
311.43	36366.45
311.49	36310.01
311.56	36250.93
311.62	36193.99
311.69	36127.88
311.75	36070.09
311.81	36010.23
311.88	35946.68
311.94	35890.92
312.01	35850.75
312.07	35793.79
312.14	35749.76
312.20	35709.31
312.27	35656.81
312.33	35582.51
312.40	35517.27
312.46	35451.35
312.52	35385.88
312.59	35324.62
312.65	35263.20
312.72	35200.60
312.78	35133.58
312.85	35062.78
312.91	34983.50
312.98	34917.09
313.04	34856.16
313.10	34796.77
313.17	34742.81
313.23	34695.89
313.30	34643.32
313.36	34584.63
313.43	34517.58
313.49	34446.68
313.56	34373.20
313.62	34303.88
313.68	34236.02
313.75	34180.24
313.81	34118.96
313.88	34060.57
313.94	33999.53
314.01	33939.14
314.07	33878.61
314.13	33817.40
314.20	33755.61
314.26	33697.19
314.33	33625.37
314.39	33554.22
314.46	33473.57
314.52	33406.82
314.58	33332.07
314.65	33272.52
314.71	33206.95
314.78	33154.56
314.84	33084.86
314.91	33027.30
314.97	32961.48
315.03	32896.98
315.10	32838.49
315.16	32772.75
315.23	32702.92
315.29	32640.95
315.36	32576.61
315.42	32506.40
315.48	32446.31
315.55	32383.58
315.61	32312.61
315.68	32253.05
315.74	32194.32
315.81	32134.32
315.87	32066.73
315.93	32011.11
316.00	31968.80
316.06	31924.93
316.13	31887.35
316.19	31833.21
316.25	31736.11
316.32	31569.67
316.38	31351.56
316.45	31073.32
316.51	30765.55
316.58	30430.21
316.64	30075.88
316.70	29711.87
316.77	29325.25
316.83	28914.98
316.90	28486.80
316.96	28049.06
317.02	27594.60
317.09	27133.10
317.15	26664.10
317.22	26182.40
317.28	25680.41
317.34	25157.58
317.41	24631.72
317.47	24094.84
317.54	23543.66
317.60	22988.04
317.66	22430.98
317.73	21858.74
317.79	21281.15
317.86	20706.96
317.92	20130.86
317.98	19540.48
318.05	18944.14
318.11	18347.43
318.18	17757.48
318.24	17164.48
318.30	16580.62
318.37	15999.61
318.43	15416.96
318.50	14827.24
318.56	14240.41
318.62	13668.00
318.69	13101.92
318.75	12548.50
318.82	12004.87
318.88	11484.02
318.94	10962.45
319.01	10456.25
319.07	9963.55
319.13	9479.29
319.20	9001.83
319.26	8540.13
319.33	8091.77
319.39	7651.01
319.45	7241.30
319.52	6843.66
319.58	6463.23
319.65	6099.53
319.71	5755.60
319.77	5418.72
319.84	5103.50
319.90	4803.60
319.96	4516.24
320.03	4244.68
320.09	3993.34
320.16	3747.00
320.22	3522.40
320.28	3312.28
320.35	3116.78
320.41	2932.50
320.47	2766.79
320.54	2606.65
320.60	2464.91
320.67	2333.43
320.73	2210.25
320.79	2097.63
320.86	1999.32
320.92	1902.66
320.98	1819.81
321.05	1744.68
321.11	1672.42
321.18	1604.81
321.24	1547.31
321.30	1488.29
321.37	1436.66
321.43	1396.70
321.49	1355.69
321.56	1316.89
321.62	1286.17
321.68	1252.27
321.75	1217.78
321.81	1189.20
321.88	1161.58
321.94	1136.58
322.00	1114.07
322.07	1086.68
322.13	1059.91
322.19	1030.30
322.26	997.27
322.32	967.02
322.38	942.59
322.45	921.00
322.51	896.57
322.58	877.50
322.64	850.89
322.70	826.09
322.77	793.90
322.83	773.51
322.89	741.54
322.96	714.02
323.02	685.31
323.08	657.88
323.15	626.93
323.21	602.31
323.27	579.25
323.34	554.91
323.40	531.11
323.46	507.00
323.53	476.36
323.59	402.79
323.65	302.62
323.72	189.95
323.78	80.96
323.85	-17.54
323.91	-67.63
323.97	-85.50
324.04	-86.76
