180.21	3427.62
180.28	-125.91
180.36	631.88
180.44	-48.79
180.51	-18.06
180.59	5.16
180.66	32.14
180.74	30.51
180.81	30.18
180.89	32.22
180.97	33.08
181.04	31.19
181.12	29.67
181.19	30.46
181.27	31.05
181.34	46.92
181.42	53.28
181.50	60.49
181.57	70.90
181.65	75.95
181.72	70.22
181.80	65.92
181.87	66.35
181.95	67.17
182.03	67.28
182.10	71.31
182.18	74.61
182.25	81.51
182.33	83.91
182.40	93.72
182.48	92.90
182.55	107.67
182.63	116.51
182.71	124.00
182.78	133.30
182.86	147.14
182.93	147.57
183.01	146.90
183.08	142.88
183.16	140.29
183.23	131.27
183.31	138.47
183.39	145.51
183.46	165.46
183.54	175.66
183.61	203.25
183.69	223.34
183.76	256.00
183.84	282.55
183.91	311.92
183.99	352.62
184.06	384.74
184.14	417.41
184.22	461.49
184.29	495.13
184.37	505.12
184.44	521.68
184.52	510.62
184.59	454.64
184.67	401.21
184.74	352.43
184.82	318.43
184.89	313.49
184.97	356.82
185.04	426.25
185.12	495.61
185.20	574.64
185.27	649.22
185.35	735.61
185.42	793.81
185.50	854.99
185.57	909.22
185.65	952.43
185.72	991.55
185.80	1069.22
185.87	1126.08
185.95	1193.04
186.02	1305.99
186.10	1374.39
186.17	1398.21
186.25	1389.06
186.33	1250.71
186.40	1052.47
186.48	907.40
186.55	815.60
186.63	801.51
186.70	923.94
186.78	1088.01
186.85	1230.96
186.93	1355.22
187.00	1459.59
187.08	1572.50
187.15	1676.09
187.23	1798.67
187.30	1929.38
187.38	2037.22
187.45	2153.27
187.53	2290.96
187.60	2371.14
187.68	2471.42
187.75	2617.79
187.83	2690.96
187.90	2746.19
187.98	2856.50
188.05	2883.46
188.13	2744.24
188.21	2491.50
188.28	2226.77
188.36	1965.11
188.43	1773.47
188.51	1776.66
188.58	1964.78
188.66	2175.18
188.73	2374.55
188.81	2590.19
188.88	2748.75
188.96	2910.51
189.03	3046.82
189.11	3196.49
189.18	3329.25
189.26	3444.08
189.33	3558.98
189.41	3692.92
189.48	3775.06
189.56	3868.92
189.63	4000.61
189.71	4060.04
189.78	4119.82
189.86	4219.51
189.93	4271.12
190.01	4266.48
190.08	4242.20
190.16	4056.73
190.23	3692.37
190.31	3346.76
190.38	3099.95
190.46	2956.33
190.53	3001.16
190.61	3237.21
190.68	3489.72
190.76	3715.23
190.83	3911.74
190.91	4070.77
190.98	4245.17
191.06	4391.85
191.13	4541.00
191.21	4671.05
191.28	4786.51
191.35	4899.03
191.43	5017.08
191.50	5087.34
191.58	5178.95
191.65	5278.72
191.73	5317.93
191.80	5366.72
191.88	5414.82
191.95	5414.71
192.03	5415.78
192.10	5442.63
192.18	5456.16
192.25	5448.12
192.33	5346.36
192.40	5115.05
192.48	4860.74
192.55	4654.98
192.63	4516.72
192.70	4538.77
192.78	4716.74
192.85	4947.66
192.93	5153.13
193.00	5343.44
193.08	5493.91
193.15	5649.71
193.22	5760.04
193.30	5859.22
193.37	5956.38
193.45	6021.25
193.52	6075.88
193.60	6147.65
193.67	6199.47
193.75	6246.86
193.82	6312.07
193.90	6336.67
193.97	6359.07
194.05	6397.11
194.12	6419.35
194.20	6454.94
194.27	6509.50
194.34	6559.42
194.42	6596.77
194.49	6636.56
194.57	6659.47
194.64	6633.97
194.72	6542.42
194.79	6437.62
194.87	6346.64
194.94	6275.67
195.02	6265.32
195.09	6329.94
195.17	6434.96
195.24	6530.30
195.31	6632.55
195.39	6726.23
195.46	6820.59
195.54	6897.36
195.61	6975.83
195.69	7035.13
195.76	7082.98
195.84	7130.29
195.91	7165.70
195.99	7188.12
196.06	7206.48
196.13	7231.19
196.21	7241.18
196.28	7255.72
196.36	7273.99
196.43	7284.32
196.51	7285.24
196.58	7286.71
196.66	7293.39
196.73	7310.39
196.80	7340.83
196.88	7380.90
196.95	7434.56
197.03	7484.12
197.10	7511.75
197.18	7519.89
197.25	7521.34
197.33	7522.88
197.40	7529.08
197.47	7542.20
197.55	7579.16
197.62	7618.90
197.70	7650.26
197.77	7684.63
197.85	7720.13
197.92	7739.47
197.99	7752.95
198.07	7749.29
198.14	7730.47
198.22	7723.14
198.29	7729.21
198.37	7756.22
198.44	7809.56
198.51	7876.30
198.59	7938.38
198.66	8002.69
198.74	8055.55
198.81	8098.57
198.89	8131.33
198.96	8163.29
199.03	8191.23
199.11	8224.01
199.18	8248.67
199.26	8271.65
199.33	8291.77
199.41	8310.03
199.48	8309.53
199.55	8299.28
199.63	8274.15
199.70	8259.17
199.78	8237.66
199.85	8241.81
199.93	8279.47
200.00	8351.81
200.07	8421.19
200.15	8502.69
200.22	8575.74
200.30	8630.03
200.37	8680.17
200.44	8724.85
200.52	8766.54
200.59	8809.03
200.67	8844.40
200.74	8862.24
200.81	8873.41
200.89	8878.19
200.96	8886.71
201.04	8895.98
201.11	8908.65
201.19	8913.84
201.26	8913.49
201.33	8908.65
201.41	8921.09
201.48	8956.01
201.56	9012.64
201.63	9094.38
201.70	9173.14
201.78	9247.62
201.85	9315.60
201.93	9374.57
202.00	9420.75
202.07	9470.77
202.15	9515.39
202.22	9549.19
202.30	9588.62
202.37	9625.57
202.44	9659.36
202.52	9689.09
202.59	9719.51
202.67	9737.63
202.74	9765.37
202.81	9785.53
202.89	9795.76
202.96	9811.53
203.04	9846.62
203.11	9882.27
203.18	9944.93
203.26	10029.22
203.33	10112.14
203.41	10182.28
203.48	10251.71
203.55	10301.12
203.63	10355.21
203.70	10410.66
203.77	10467.12
203.85	10518.89
203.92	10567.09
204.00	10616.31
204.07	10660.64
204.14	10708.84
204.22	10749.74
204.29	10800.37
204.37	10834.47
204.44	10869.61
204.51	10909.02
204.59	10957.58
204.66	10996.68
204.73	11048.76
204.81	11108.63
204.88	11181.54
204.96	11252.92
205.03	11336.28
205.10	11412.02
205.18	11486.16
205.25	11545.86
205.32	11613.70
205.40	11676.45
205.47	11742.53
205.55	11802.17
205.62	11866.70
205.69	11928.36
205.77	11991.49
205.84	12061.85
205.91	12134.47
205.99	12207.01
206.06	12270.32
206.14	12334.60
206.21	12400.85
206.28	12459.76
206.36	12522.47
206.43	12584.80
206.50	12657.19
206.58	12726.22
206.65	12812.64
206.72	12897.01
206.80	12989.54
206.87	13074.97
206.95	13161.24
207.02	13248.24
207.09	13332.72
207.17	13417.81
207.24	13500.63
207.31	13586.69
207.39	13668.11
207.46	13747.85
207.53	13824.96
207.61	13910.31
207.68	13989.22
207.75	14075.16
207.83	14162.97
207.90	14249.57
207.98	14323.65
208.05	14406.79
208.12	14483.05
208.20	14567.82
208.27	14661.50
208.34	14765.30
208.42	14860.86
208.49	14961.15
208.56	15054.63
208.64	15148.59
208.71	15244.61
208.78	15337.90
208.86	15439.30
208.93	15542.56
209.00	15643.55
209.08	15743.98
209.15	15850.26
209.22	15953.10
209.30	16057.47
209.37	16159.68
209.44	16265.25
209.52	16369.97
209.59	16461.81
209.67	16565.42
209.74	16666.05
209.81	16768.20
209.89	16869.57
209.96	16987.18
210.03	17096.38
210.11	17208.94
210.18	17316.18
210.25	17431.48
210.33	17542.63
210.40	17647.32
210.47	17761.54
210.55	17881.67
210.62	17993.90
210.69	18102.28
210.77	18224.53
210.84	18342.22
210.91	18462.12
210.99	18586.57
211.06	18712.07
211.13	18829.85
211.21	18949.24
211.28	19067.71
211.35	19192.23
211.42	19318.30
211.50	19442.71
211.57	19567.54
211.64	19690.72
211.72	19809.60
211.79	19933.56
211.86	20059.65
211.94	20191.12
212.01	20326.84
212.08	20457.27
212.16	20581.72
212.23	20712.82
212.30	20843.31
212.38	20959.66
212.45	21090.02
212.52	21224.64
212.60	21352.91
212.67	21485.36
212.74	21628.17
212.82	21759.78
212.89	21891.22
212.96	22024.35
213.03	22151.17
213.11	22283.86
213.18	22413.29
213.25	22545.96
213.33	22677.27
213.40	22809.25
213.47	22947.21
213.55	23094.16
213.62	23235.34
213.69	23377.06
213.77	23520.37
213.84	23654.32
213.91	23801.69
213.98	23949.91
214.06	24102.94
214.13	24253.85
214.20	24398.96
214.28	24542.09
214.35	24681.33
214.42	24819.82
214.50	24959.17
214.57	25104.22
214.64	25234.96
214.72	25374.06
214.79	25516.26
214.86	25660.20
214.93	25804.06
215.01	25960.23
215.08	26108.12
215.15	26259.41
215.23	26405.32
215.30	26556.33
215.37	26693.45
215.44	26851.52
215.52	27002.98
215.59	27155.91
215.66	27294.55
215.74	27446.82
215.81	27582.53
215.88	27723.07
215.95	27860.61
216.03	28013.66
216.10	28164.41
216.17	28315.12
216.25	28461.00
216.32	28619.21
216.39	28775.06
216.46	28920.11
216.54	29066.38
216.61	29228.92
216.68	29375.16
216.76	29513.09
216.83	29659.59
216.90	29814.95
216.97	29960.34
217.05	30116.32
217.12	30267.54
217.19	30419.90
217.27	30561.99
217.34	30694.64
217.41	30824.60
217.48	30965.07
217.56	31106.54
217.63	31255.80
217.70	31412.35
217.78	31572.74
217.85	31728.89
217.92	31879.14
217.99	32028.75
218.07	32167.36
218.14	32300.77
218.21	32448.59
218.28	32592.06
218.36	32734.05
218.43	32878.15
218.50	33039.43
218.57	33182.21
218.65	33333.43
218.72	33474.01
218.79	33614.01
218.87	33744.73
218.94	33882.87
219.01	34014.21
219.08	34152.17
219.16	34294.90
219.23	34434.83
219.30	34578.53
219.37	34724.34
219.45	34869.45
219.52	35015.29
219.59	35149.25
219.66	35277.56
219.74	35412.17
219.81	35558.92
219.88	35692.07
219.95	35833.86
220.03	35975.77
220.10	36111.79
220.17	36235.47
220.24	36373.02
220.32	36509.51
220.39	36635.55
220.46	36756.05
220.53	36883.43
220.61	37005.47
220.68	37129.63
220.75	37264.13
220.82	37404.50
220.90	37536.04
220.97	37662.28
221.04	37778.18
221.11	37886.15
221.19	37998.78
221.26	38116.84
221.33	38245.88
221.40	38380.03
221.48	38510.70
221.55	38635.05
221.62	38749.09
221.69	38863.56
221.77	38980.05
221.84	39105.41
221.91	39226.06
221.98	39355.71
222.06	39477.29
222.13	39602.90
222.20	39712.32
222.27	39824.50
222.35	39938.28
222.42	40056.32
222.49	40163.73
222.56	40282.52
222.63	40397.12
222.71	40494.40
222.78	40595.63
222.85	40697.17
222.92	40807.08
223.00	40910.34
223.07	41024.28
223.14	41125.50
223.21	41227.96
223.29	41326.18
223.36	41433.52
223.43	41542.82
223.50	41653.52
223.57	41765.27
223.65	41886.82
223.72	41996.06
223.79	42099.28
223.86	42198.59
223.94	42285.26
224.01	42354.86
224.08	42436.04
224.15	42524.45
224.22	42614.91
224.30	42702.95
224.37	42799.87
224.44	42899.38
224.51	42980.60
224.59	43056.70
224.66	43143.10
224.73	43229.67
224.80	43312.71
224.87	43404.68
224.95	43513.70
225.02	43621.89
225.09	43720.61
225.16	43814.44
225.23	43903.37
225.31	43986.48
225.38	44057.21
225.45	44132.87
225.52	44210.19
225.60	44288.08
225.67	44359.59
225.74	44440.01
225.81	44519.83
225.88	44596.27
225.96	44674.27
226.03	44750.79
226.10	44830.27
226.17	44902.49
226.24	44972.34
226.32	45049.51
226.39	45121.77
226.46	45185.84
226.53	45254.91
226.60	45337.08
226.68	45413.60
226.75	45501.32
226.82	45594.96
226.89	45683.23
226.96	45757.02
227.04	45814.70
227.11	45860.59
227.18	45905.49
227.25	45945.10
227.32	45993.34
227.40	46058.21
227.47	46131.25
227.54	46206.18
227.61	46285.61
227.68	46361.47
227.76	46440.97
227.83	46509.40
227.90	46574.05
227.97	46631.72
228.04	46690.15
228.11	46730.25
228.19	46768.36
228.26	46816.91
228.33	46861.93
228.40	46901.61
228.47	46949.38
228.55	47004.46
228.62	47054.87
228.69	47117.06
228.76	47170.62
228.83	47225.92
228.90	47274.31
228.98	47325.10
229.05	47385.49
229.12	47466.72
229.19	47535.02
229.26	47601.08
229.34	47658.47
229.41	47696.39
229.48	47721.24
229.55	47758.11
229.62	47807.44
229.69	47862.21
229.77	47921.29
229.84	47980.67
229.91	48034.91
229.98	48075.41
230.05	48108.42
230.12	48143.60
230.20	48180.03
230.27	48216.38
230.34	48266.59
230.41	48318.23
230.48	48366.88
230.55	48419.95
230.63	48477.15
230.70	48534.64
230.77	48577.32
230.84	48621.62
230.91	48649.25
230.98	48677.46
231.06	48699.30
231.13	48741.79
231.20	48791.59
231.27	48854.22
231.34	48911.97
231.41	48967.10
231.49	49015.55
231.56	49054.62
231.63	49088.22
231.70	49124.39
231.77	49158.26
231.84	49187.16
231.92	49214.67
231.99	49241.47
232.06	49275.82
232.13	49305.79
232.20	49336.57
232.27	49368.56
232.34	49404.76
232.42	49422.97
232.49	49447.87
232.56	49474.18
232.63	49505.47
232.70	49530.67
232.77	49573.48
232.85	49616.53
232.92	49656.52
232.99	49688.33
233.06	49716.03
233.13	49732.41
233.20	49743.02
233.27	49742.45
233.35	49744.48
233.42	49751.65
233.49	49759.68
233.56	49777.77
233.63	49808.28
233.70	49835.90
233.77	49868.37
233.85	49898.23
233.92	49937.04
233.99	49966.17
234.06	49993.37
234.13	50011.95
234.20	50032.69
234.27	50028.39
234.35	50032.28
234.42	50036.16
234.49	50043.24
234.56	50057.81
234.63	50070.19
234.70	50087.12
234.77	50103.40
234.84	50115.16
234.92	50110.90
234.99	50123.83
235.06	50126.01
235.13	50118.36
235.20	50117.43
235.27	50130.32
235.34	50130.30
235.41	50143.27
235.49	50152.54
235.56	50161.10
235.63	50163.10
235.70	50170.92
235.77	50159.66
235.84	50157.32
235.91	50145.56
235.98	50133.49
236.06	50111.57
236.13	50092.45
236.20	50079.87
236.27	50059.92
236.34	50035.37
236.41	50016.26
236.48	50003.10
236.55	49995.86
236.63	49986.44
236.70	49980.83
236.77	49979.30
236.84	49988.61
236.91	49986.94
236.98	49987.90
237.05	49987.72
237.12	49981.64
237.19	49969.51
237.27	49966.25
237.34	49971.89
237.41	49968.12
237.48	49949.30
237.55	49931.89
237.62	49900.62
237.69	49881.39
237.76	49870.86
237.83	49884.17
237.91	49885.47
237.98	49894.35
238.05	49888.96
238.12	49883.58
238.19	49864.88
238.26	49860.96
238.33	49850.40
238.40	49837.63
238.47	49819.57
238.54	49812.74
238.62	49794.02
238.69	49774.47
238.76	49756.51
238.83	49739.59
238.90	49729.56
238.97	49714.56
239.04	49704.15
239.11	49695.77
239.18	49695.60
239.25	49681.16
239.33	49659.76
239.40	49642.55
239.47	49615.57
239.54	49576.25
239.61	49535.90
239.68	49504.05
239.75	49481.52
239.82	49471.92
239.89	49464.72
239.96	49465.54
240.03	49471.41
240.11	49468.90
240.18	49458.02
240.25	49451.26
240.32	49436.39
240.39	49428.12
240.46	49411.90
240.53	49405.51
240.60	49402.85
240.67	49399.36
240.74	49386.97
240.81	49380.63
240.88	49363.88
240.96	49349.34
241.03	49338.24
241.10	49328.78
241.17	49325.24
241.24	49321.83
241.31	49317.56
241.38	49311.65
241.45	49297.50
241.52	49276.09
241.59	49262.26
241.66	49243.59
241.73	49224.87
241.80	49212.66
241.88	49200.88
241.95	49187.45
242.02	49167.50
242.09	49143.49
242.16	49125.25
242.23	49117.94
242.30	49100.05
242.37	49091.92
242.44	49093.83
242.51	49087.13
242.58	49078.06
242.65	49080.14
242.72	49082.38
242.79	49075.64
242.87	49074.94
242.94	49065.03
243.01	49067.58
243.08	49069.59
243.15	49073.04
243.22	49072.01
243.29	49082.12
243.36	49080.55
243.43	49087.98
243.50	49105.22
243.57	49128.11
243.64	49134.20
243.71	49139.08
243.78	49128.39
243.85	49113.78
243.92	49102.48
243.99	49097.94
244.07	49091.21
244.14	49084.75
244.21	49079.31
244.28	49068.23
244.35	49061.15
244.42	49061.62
244.49	49064.45
244.56	49076.42
244.63	49084.14
244.70	49081.98
244.77	49074.72
244.84	49081.43
244.91	49083.94
244.98	49101.79
245.05	49129.88
245.12	49165.87
245.19	49190.02
245.26	49203.67
245.33	49213.87
245.40	49236.51
245.47	49257.52
245.55	49282.61
245.62	49302.83
245.69	49316.43
245.76	49323.55
245.83	49329.06
245.90	49327.45
245.97	49334.70
246.04	49350.01
246.11	49358.79
246.18	49364.33
246.25	49369.39
246.32	49373.78
246.39	49376.63
246.46	49380.47
246.53	49388.61
246.60	49413.42
246.67	49437.45
246.74	49464.36
246.81	49492.02
246.88	49517.24
246.95	49531.43
247.02	49560.54
247.09	49578.37
247.16	49581.91
247.23	49582.49
247.30	49580.66
247.37	49566.71
247.44	49582.63
247.51	49611.20
247.58	49644.83
247.66	49690.11
247.73	49743.07
247.80	49765.01
247.87	49786.94
247.94	49821.59
248.01	49855.48
248.08	49879.76
248.15	49914.69
248.22	49949.87
248.29	49971.71
248.36	49986.02
248.43	50011.46
248.50	50035.56
248.57	50055.89
248.64	50073.66
248.71	50098.10
248.78	50123.89
248.85	50147.09
248.92	50174.42
248.99	50198.17
249.06	50220.87
249.13	50230.45
249.20	50249.83
249.27	50266.63
249.34	50294.57
249.41	50305.41
249.48	50307.22
249.55	50293.62
249.62	50300.39
249.69	50306.89
249.76	50340.86
249.83	50389.88
249.90	50450.93
249.97	50499.91
250.04	50549.89
250.11	50586.52
250.18	50611.64
250.25	50633.68
250.32	50653.16
250.39	50675.15
250.46	50699.06
250.53	50733.12
250.60	50761.12
250.67	50791.77
250.74	50816.31
250.81	50827.70
250.88	50843.62
250.95	50866.51
251.02	50884.65
251.09	50902.63
251.16	50931.74
251.23	50957.57
251.30	50975.44
251.37	50994.49
251.44	51011.75
251.51	51030.43
251.58	51052.76
251.65	51078.65
251.72	51095.16
251.79	51112.77
251.86	51127.12
251.93	51142.28
252.00	51148.12
252.07	51164.32
252.14	51184.53
252.21	51198.71
252.28	51206.95
252.35	51226.95
252.42	51255.69
252.49	51269.45
252.56	51284.40
252.63	51298.38
252.70	51310.08
252.77	51318.56
252.84	51335.25
252.91	51350.67
252.98	51377.99
253.05	51403.46
253.12	51412.08
253.19	51424.85
253.25	51448.90
253.32	51456.79
253.39	51478.44
253.46	51505.02
253.53	51538.23
253.60	51548.30
253.67	51565.22
253.74	51573.76
253.81	51591.52
253.88	51594.85
253.95	51618.63
254.02	51636.21
254.09	51655.57
254.16	51667.68
254.23	51678.07
254.30	51686.73
254.37	51708.23
254.44	51722.77
254.51	51734.56
254.58	51744.01
254.65	51751.25
254.72	51750.22
254.79	51745.74
254.86	51752.61
254.93	51762.36
255.00	51774.00
255.07	51778.86
255.14	51793.59
255.21	51792.27
255.28	51786.62
255.34	51774.62
255.41	51775.56
255.48	51772.78
255.55	51773.72
255.62	51785.70
255.69	51796.88
255.76	51793.57
255.83	51795.64
255.90	51803.41
255.97	51817.87
256.04	51824.48
256.11	51841.91
256.18	51846.14
256.25	51852.59
256.32	51845.45
256.39	51853.59
256.46	51849.59
256.53	51848.57
256.60	51844.66
256.67	51847.47
256.74	51839.09
256.80	51845.30
256.87	51854.16
256.94	51858.68
257.01	51860.45
257.08	51862.67
257.15	51847.72
257.22	51829.73
257.29	51804.39
257.36	51784.75
257.43	51776.52
257.50	51780.98
257.57	51777.63
257.64	51783.05
257.71	51770.80
257.78	51755.95
257.85	51731.25
257.92	51715.42
257.98	51704.45
258.05	51694.46
258.12	51672.33
258.19	51663.54
258.26	51653.87
258.33	51638.25
258.40	51635.89
258.47	51640.65
258.54	51642.56
258.61	51643.69
258.68	51642.08
258.75	51630.80
258.82	51621.64
258.89	51596.79
258.95	51576.37
259.02	51565.03
259.09	51551.53
259.16	51529.61
259.23	51514.02
259.30	51491.60
259.37	51467.93
259.44	51446.17
259.51	51431.46
259.58	51424.72
259.65	51408.02
259.72	51391.54
259.79	51364.31
259.85	51332.00
259.92	51295.93
259.99	51278.03
260.06	51248.05
260.13	51226.64
260.20	51205.96
260.27	51177.27
260.34	51138.47
260.41	51112.15
260.48	51084.24
260.55	51064.77
260.62	51055.25
260.68	51041.79
260.75	51015.99
260.82	50999.29
260.89	50982.56
260.96	50955.62
261.03	50930.37
261.10	50909.75
261.17	50885.92
261.24	50845.44
261.31	50812.89
261.38	50796.18
261.44	50767.06
261.51	50728.73
261.58	50695.25
261.65	50655.68
261.72	50606.50
261.79	50562.79
261.86	50529.50
261.93	50508.87
262.00	50487.69
262.07	50457.34
262.13	50434.72
262.20	50404.93
262.27	50361.42
262.34	50325.92
262.41	50297.04
262.48	50257.52
262.55	50229.39
262.62	50200.82
262.69	50154.78
262.76	50116.49
262.82	50083.33
262.89	50050.31
262.96	50022.50
263.03	50004.24
263.10	49977.60
263.17	49948.13
263.24	49912.70
263.31	49874.46
263.38	49834.05
263.44	49794.60
263.51	49746.30
263.58	49698.28
263.65	49659.48
263.72	49618.10
263.79	49577.14
263.86	49544.62
263.93	49509.24
264.00	49466.93
264.06	49433.04
264.13	49392.57
264.20	49362.45
264.27	49321.20
264.34	49274.62
264.41	49228.52
264.48	49187.19
264.55	49135.42
264.61	49091.88
264.68	49056.16
264.75	49015.72
264.82	48962.73
264.89	48923.48
264.96	48891.56
265.03	48851.87
265.10	48814.33
265.16	48782.96
265.23	48747.23
265.30	48711.63
265.37	48680.02
265.44	48638.08
265.51	48603.17
265.58	48558.32
265.65	48505.57
265.71	48449.60
265.78	48407.60
265.85	48361.19
265.92	48324.48
265.99	48284.79
266.06	48248.13
266.13	48199.62
266.20	48160.79
266.26	48112.16
266.33	48068.78
266.40	48022.23
266.47	47974.16
266.54	47903.36
266.61	47844.83
266.68	47780.17
266.74	47723.25
266.81	47671.16
266.88	47633.21
266.95	47583.17
267.02	47548.03
267.09	47505.51
267.16	47463.09
267.22	47423.07
267.29	47386.89
267.36	47344.07
267.43	47305.64
267.50	47269.38
267.57	47241.63
267.64	47206.52
267.70	47169.62
267.77	47130.00
267.84	47095.12
267.91	47037.44
267.98	46986.31
268.05	46940.01
268.11	46890.89
268.18	46835.10
268.25	46790.89
268.32	46745.15
268.39	46706.90
268.46	46668.55
268.53	46632.36
268.59	46593.51
268.66	46563.27
268.73	46517.31
268.80	46469.54
268.87	46421.42
268.94	46377.25
269.00	46325.85
269.07	46284.83
269.14	46259.27
269.21	46227.18
269.28	46196.45
269.35	46163.57
269.41	46126.95
269.48	46071.73
269.55	46014.50
269.62	45963.52
269.69	45917.22
269.76	45862.73
269.82	45821.07
269.89	45800.84
269.96	45771.03
270.03	45740.72
270.10	45712.71
270.17	45671.65
270.23	45626.22
270.30	45584.72
270.37	45551.49
270.44	45522.99
270.51	45491.03
270.58	45453.29
270.64	45423.17
270.71	45382.95
270.78	45349.52
270.85	45322.51
270.92	45293.55
270.99	45259.95
271.05	45227.36
271.12	45184.59
271.19	45146.56
271.26	45102.61
271.33	45052.35
271.39	45009.27
271.46	44958.62
271.53	44925.34
271.60	44903.97
271.67	44882.80
271.74	44853.08
271.80	44825.62
271.87	44799.65
271.94	44763.55
272.01	44723.05
272.08	44693.91
272.14	44667.90
272.21	44636.02
272.28	44613.97
272.35	44603.25
272.42	44584.38
272.48	44568.16
272.55	44543.74
272.62	44514.97
272.69	44490.13
272.76	44470.57
272.83	44444.05
272.89	44413.36
272.96	44384.00
273.03	44348.79
273.10	44303.13
273.17	44273.22
273.23	44246.01
273.30	44224.74
273.37	44197.37
273.44	44181.61
273.51	44157.23
273.57	44142.35
273.64	44118.12
273.71	44096.13
273.78	44066.01
273.85	44051.48
273.91	44026.58
273.98	44010.76
274.05	43994.64
274.12	43983.89
274.19	43965.90
274.25	43947.32
274.32	43914.29
274.39	43881.35
274.46	43840.22
274.53	43787.66
274.59	43733.56
274.66	43700.28
274.73	43672.30
274.80	43640.34
274.86	43618.06
274.93	43603.26
275.00	43573.87
275.07	43529.65
275.14	43503.12
275.20	43475.07
275.27	43441.67
275.34	43411.23
275.41	43402.07
275.48	43389.63
275.54	43371.81
275.61	43354.74
275.68	43332.53
275.75	43306.58
275.81	43269.54
275.88	43246.02
275.95	43221.97
276.02	43201.25
276.09	43177.72
276.15	43153.74
276.22	43125.52
276.29	43101.90
276.36	43075.54
276.42	43051.07
276.49	43027.12
276.56	43001.64
276.63	42974.71
276.70	42949.52
276.76	42927.96
276.83	42911.22
276.90	42895.74
276.97	42876.30
277.03	42863.90
277.10	42849.59
277.17	42834.05
277.24	42813.56
277.30	42797.77
277.37	42772.08
277.44	42750.21
277.51	42725.87
277.58	42695.52
277.64	42668.94
277.71	42653.94
277.78	42627.63
277.85	42599.03
277.91	42574.40
277.98	42545.62
278.05	42514.87
278.12	42495.11
278.18	42479.55
278.25	42463.88
278.32	42441.82
278.39	42425.34
278.45	42397.84
278.52	42379.02
278.59	42361.95
278.66	42352.41
278.72	42338.94
278.79	42324.53
278.86	42303.09
278.93	42289.32
278.99	42271.94
279.06	42247.76
279.13	42222.75
279.20	42202.18
279.26	42179.88
279.33	42160.68
279.40	42133.82
279.47	42113.54
279.53	42096.15
279.60	42066.43
279.67	42032.60
279.74	42010.16
279.80	41988.51
279.87	41964.35
279.94	41951.44
280.01	41941.70
280.07	41923.05
280.14	41905.53
280.21	41883.86
280.28	41857.64
280.34	41827.04
280.41	41802.97
280.48	41772.03
280.55	41742.74
280.61	41713.02
280.68	41692.53
280.75	41668.80
280.82	41637.39
280.88	41605.93
280.95	41560.05
281.02	41496.37
281.08	41418.06
281.15	41346.85
281.22	41278.20
281.29	41221.92
281.35	41168.52
281.42	41140.25
281.49	41113.62
281.56	41075.68
281.62	41044.04
281.69	41007.90
281.76	40972.48
281.82	40934.43
281.89	40905.83
281.96	40875.66
282.03	40864.27
282.09	40840.77
282.16	40822.67
282.23	40803.53
282.30	40774.44
282.36	40746.27
282.43	40725.71
282.50	40709.10
282.56	40680.69
282.63	40664.40
282.70	40643.76
282.77	40620.30
282.83	40588.95
282.90	40570.27
282.97	40546.16
283.03	40518.10
283.10	40489.49
283.17	40469.37
283.24	40445.62
283.30	40420.41
283.37	40394.88
283.44	40372.53
283.50	40342.98
283.57	40323.38
283.64	40297.97
283.71	40262.23
283.77	40212.73
283.84	40179.84
283.91	40139.17
283.97	40115.78
284.04	40124.03
284.11	40148.67
284.18	40161.12
284.24	40172.65
284.31	40178.37
284.38	40174.53
284.44	40154.83
284.51	40132.45
284.58	40115.31
284.64	40100.08
284.71	40081.58
284.78	40069.54
284.85	40061.77
284.91	40046.69
284.98	40029.53
285.05	40004.47
285.11	39986.93
285.18	39960.25
285.25	39949.26
285.31	39941.80
285.38	39940.34
285.45	39933.12
285.52	39941.60
285.58	39937.84
285.65	39921.32
285.72	39894.42
285.78	39876.54
285.85	39852.84
285.92	39834.54
285.98	39818.14
286.05	39807.28
286.12	39801.58
286.18	39792.18
286.25	39784.15
286.32	39780.53
286.39	39782.55
286.45	39776.01
286.52	39761.75
286.59	39747.40
286.65	39744.26
286.72	39744.50
286.79	39734.87
286.85	39729.49
286.92	39718.76
286.99	39700.21
287.05	39674.39
287.12	39665.94
287.19	39657.19
287.25	39657.31
287.32	39662.32
287.39	39666.94
287.45	39667.53
287.52	39672.41
287.59	39665.99
287.65	39660.75
287.72	39648.73
287.79	39629.49
287.86	39617.60
287.92	39603.70
287.99	39587.27
288.06	39586.73
288.12	39587.75
288.19	39584.49
288.26	39576.59
288.32	39569.29
288.39	39556.95
288.46	39549.77
288.52	39539.59
288.59	39540.76
288.66	39547.80
288.72	39552.77
288.79	39560.98
288.86	39570.96
288.92	39579.12
288.99	39573.28
289.06	39572.45
289.12	39566.10
289.19	39561.96
289.26	39558.88
289.32	39566.02
289.39	39560.75
289.45	39562.22
289.52	39556.78
289.59	39557.53
289.65	39557.03
289.72	39562.69
289.79	39571.74
289.85	39581.29
289.92	39586.40
289.99	39592.85
290.05	39596.17
290.12	39585.74
290.19	39586.64
290.25	39584.32
290.32	39582.47
290.39	39589.54
290.45	39590.50
290.52	39592.32
290.59	39597.52
290.65	39593.94
290.72	39585.29
290.79	39587.72
290.85	39590.40
290.92	39602.40
290.98	39615.71
291.05	39633.18
291.12	39645.47
291.18	39655.14
291.25	39652.69
291.32	39656.22
291.38	39648.99
291.45	39650.92
291.52	39648.80
291.58	39651.17
291.65	39652.68
291.72	39675.82
291.78	39693.50
291.85	39706.63
291.91	39719.84
291.98	39742.67
292.05	39742.38
292.11	39748.78
292.18	39762.97
292.25	39773.33
292.31	39767.99
292.38	39778.55
292.45	39779.90
292.51	39789.57
292.58	39792.14
292.64	39810.29
292.71	39813.72
292.78	39829.65
292.84	39830.86
292.91	39839.62
292.98	39841.82
293.04	39854.94
293.11	39856.10
293.17	39863.43
293.24	39872.32
293.31	39884.00
293.37	39900.03
293.44	39908.44
293.51	39923.83
293.57	39934.35
293.64	39945.31
293.70	39955.42
293.77	39975.55
293.84	39986.78
293.90	39996.47
293.97	40001.46
294.04	40005.64
294.10	40007.66
294.17	40013.07
294.23	40030.05
294.30	40039.68
294.37	40052.32
294.43	40074.55
294.50	40085.69
294.56	40097.57
294.63	40114.34
294.70	40123.30
294.76	40131.82
294.83	40149.49
294.90	40164.47
294.96	40179.90
295.03	40196.74
295.09	40211.81
295.16	40226.41
295.23	40234.98
295.29	40243.89
295.36	40249.79
295.42	40255.09
295.49	40260.80
295.56	40284.50
295.62	40298.76
295.69	40313.02
295.75	40333.21
295.82	40352.53
295.89	40352.46
295.95	40363.02
296.02	40371.94
296.08	40375.40
296.15	40374.87
296.22	40393.45
296.28	40412.94
296.35	40441.94
296.41	40464.07
296.48	40488.81
296.55	40505.70
296.61	40514.97
296.68	40528.53
296.74	40547.53
296.81	40572.19
296.88	40591.47
296.94	40615.29
297.01	40635.02
297.07	40648.88
297.14	40660.97
297.20	40674.61
297.27	40687.93
297.34	40705.06
297.40	40724.85
297.47	40735.56
297.53	40750.51
297.60	40771.11
297.67	40778.04
297.73	40792.05
297.80	40805.68
297.86	40814.65
297.93	40823.24
298.00	40837.72
298.06	40848.19
298.13	40871.53
298.19	40894.17
298.26	40903.99
298.32	40926.40
298.39	40936.82
298.46	40945.61
298.52	40952.38
298.59	40964.77
298.65	40974.55
298.72	40991.89
298.78	41011.42
298.85	41022.69
298.92	41040.80
298.98	41050.91
299.05	41063.27
299.11	41069.03
299.18	41080.68
299.24	41094.07
299.31	41102.65
299.38	41116.67
299.44	41128.23
299.51	41145.81
299.57	41154.52
299.64	41174.86
299.70	41184.70
299.77	41192.69
299.84	41195.10
299.90	41195.90
299.97	41196.47
300.03	41209.34
300.10	41230.98
300.16	41251.82
300.23	41274.08
300.30	41290.09
300.36	41294.44
300.43	41303.14
300.49	41307.97
300.56	41320.91
300.62	41334.87
300.69	41350.90
300.75	41354.63
300.82	41366.98
300.89	41373.37
300.95	41380.44
301.02	41384.37
301.08	41391.42
301.15	41392.03
301.21	41396.05
301.28	41396.73
301.34	41398.83
301.41	41399.47
301.48	41401.17
301.54	41392.49
301.61	41390.55
301.67	41389.37
301.74	41391.79
301.80	41398.08
301.87	41405.36
301.93	41405.66
302.00	41406.96
302.06	41399.39
302.13	41377.27
302.20	41370.87
302.26	41361.68
302.33	41354.15
302.39	41344.71
302.46	41347.45
302.52	41334.63
302.59	41328.21
302.65	41323.67
302.72	41324.41
302.78	41324.32
302.85	41328.21
302.91	41323.50
302.98	41314.98
303.05	41307.91
303.11	41296.75
303.18	41281.99
303.24	41267.31
303.31	41248.04
303.37	41227.25
303.44	41216.27
303.50	41202.66
303.57	41187.07
303.63	41181.16
303.70	41175.08
303.76	41154.67
303.83	41143.98
303.89	41135.94
303.96	41121.96
304.03	41104.69
304.09	41091.72
304.16	41059.76
304.22	41034.89
304.29	41014.26
304.35	40988.83
304.42	40970.02
304.48	40960.02
304.55	40945.29
304.61	40923.86
304.68	40906.01
304.74	40889.47
304.81	40871.39
304.87	40844.78
304.94	40821.40
305.00	40795.51
305.07	40756.65
305.13	40719.78
305.20	40679.13
305.26	40644.95
305.33	40617.49
305.39	40599.06
305.46	40568.01
305.52	40554.70
305.59	40531.12
305.66	40502.62
305.72	40465.74
305.79	40438.43
305.85	40398.47
305.92	40345.44
305.98	40232.38
306.05	40021.92
306.11	39732.62
306.18	39448.98
306.24	39266.73
306.31	39233.89
306.37	39353.73
306.44	39582.59
306.50	39814.40
306.57	39952.11
306.63	40004.11
306.70	39994.87
306.76	39955.76
306.83	39907.50
306.89	39856.28
306.96	39803.67
307.02	39755.50
307.09	39722.44
307.15	39687.50
307.22	39652.43
307.28	39616.63
307.35	39579.49
307.41	39525.31
307.48	39470.92
307.54	39427.28
307.61	39375.69
307.67	39322.87
307.74	39276.03
307.80	39235.06
307.87	39184.97
307.93	39142.81
308.00	39104.04
308.06	39060.64
308.13	39002.17
308.19	38956.62
308.26	38909.74
308.32	38867.14
308.38	38832.80
308.45	38800.34
308.51	38761.88
308.58	38705.04
308.64	38636.98
308.71	38577.13
308.77	38527.96
308.84	38468.81
308.90	38440.52
308.97	38421.76
309.03	38386.66
309.10	38343.11
309.16	38298.95
309.23	38236.93
309.29	38170.04
309.36	38098.14
309.42	38026.65
309.49	37965.85
309.55	37898.76
309.62	37823.49
309.68	37767.29
309.75	37709.95
309.81	37646.81
309.88	37600.33
309.94	37555.42
310.00	37495.40
310.07	37434.52
310.13	37385.81
310.20	37324.55
310.26	37268.18
310.33	37214.12
310.39	37171.72
310.46	37120.12
310.52	37069.18
310.59	37021.00
310.65	36965.85
310.72	36907.01
310.78	36846.02
310.85	36782.69
310.91	36726.88
310.97	36678.31
311.04	36625.33
311.10	36565.69
311.17	36517.02
311.23	36462.65
311.30	36405.45
311.36	36353.61
311.43	36310.13
311.49	36253.07
311.56	36189.53
311.62	36128.06
311.69	36064.91
311.75	36001.45
311.81	35938.04
311.88	35881.68
311.94	35829.41
312.01	35788.57
312.07	35736.58
312.14	35691.09
312.20	35649.09
312.27	35599.40
312.33	35530.52
312.40	35464.33
312.46	35397.78
312.52	35331.54
312.59	35266.94
312.65	35202.18
312.72	35135.66
312.78	35067.87
312.85	34998.36
312.91	34920.97
312.98	34852.67
313.04	34794.75
313.10	34737.23
313.17	34676.64
313.23	34632.35
313.30	34580.52
313.36	34512.61
313.43	34444.07
313.49	34377.34
313.56	34301.47
313.62	34229.80
313.68	34165.12
313.75	34109.58
313.81	34049.30
313.88	33989.66
313.94	33928.18
314.01	33876.15
314.07	33815.42
314.13	33755.23
314.20	33696.45
314.26	33632.83
314.33	33568.76
314.39	33500.69
314.46	33429.81
314.52	33365.62
314.58	33299.87
314.65	33231.69
314.71	33163.41
314.78	33099.73
314.84	33026.27
314.91	32970.00
314.97	32908.97
315.03	32854.28
315.10	32796.12
315.16	32734.38
315.23	32665.28
315.29	32598.78
315.36	32527.44
315.42	32461.44
315.48	32396.18
315.55	32330.36
315.61	32253.31
315.68	32191.88
315.74	32130.90
315.81	32065.04
315.87	31997.84
315.93	31948.67
316.00	31902.37
316.06	31861.01
316.13	31834.77
316.19	31785.34
316.25	31684.75
316.32	31525.32
316.38	31301.03
316.45	31019.23
316.51	30702.53
316.58	30371.87
316.64	30014.48
316.70	29653.60
316.77	29259.32
316.83	28853.37
316.90	28425.31
316.96	27988.01
317.02	27534.43
317.09	27081.52
317.15	26611.35
317.22	26124.38
317.28	25620.53
317.34	25102.42
317.41	24576.06
317.47	24041.63
317.54	23497.32
317.60	22949.68
317.66	22392.14
317.73	21823.54
317.79	21246.97
317.86	20672.41
317.92	20093.23
317.98	19500.45
318.05	18908.22
318.11	18311.13
318.18	17722.82
318.24	17127.95
318.30	16543.51
318.37	15961.09
318.43	15378.28
318.50	14787.21
318.56	14204.89
318.62	13637.59
318.69	13070.92
318.75	12518.67
318.82	11977.89
318.88	11453.90
318.94	10930.25
319.01	10422.04
319.07	9929.37
319.13	9445.73
319.20	8977.54
319.26	8518.69
319.33	8076.31
319.39	7640.67
319.45	7232.70
319.52	6833.71
319.58	6453.05
319.65	6086.19
319.71	5739.42
319.77	5404.80
319.84	5089.24
319.90	4792.42
319.96	4508.28
320.03	4239.94
320.09	3986.50
320.16	3742.26
320.22	3517.22
320.28	3306.00
320.35	3110.62
320.41	2926.72
320.47	2760.99
320.54	2602.35
320.60	2460.83
320.67	2331.83
320.73	2211.14
320.79	2098.56
320.86	1999.77
320.92	1905.98
320.98	1821.59
321.05	1745.51
321.11	1672.53
321.18	1605.39
321.24	1547.95
321.30	1487.50
321.37	1436.90
321.43	1397.10
321.49	1356.29
321.56	1317.66
321.62	1286.12
321.68	1251.87
321.75	1217.97
321.81	1189.47
321.88	1160.78
321.94	1138.41
322.00	1116.67
322.07	1089.49
322.13	1062.91
322.19	1034.16
322.26	1000.22
322.32	970.21
322.38	945.62
322.45	922.93
322.51	898.32
322.58	879.08
322.64	850.53
322.70	826.20
322.77	794.52
322.83	773.70
322.89	742.11
322.96	716.19
323.02	687.42
323.08	660.33
323.15	629.80
323.21	605.42
323.27	580.77
323.34	555.70
323.40	531.71
323.46	506.63
323.53	475.80
323.59	402.39
323.65	302.05
323.72	189.07
323.78	80.58
323.85	-18.35
323.91	-67.96
323.97	-86.38
324.04	-87.00
