180.21	3422.44
180.28	-125.28
180.36	631.15
180.44	-48.07
180.51	-17.48
180.59	6.26
180.66	33.48
180.74	31.95
180.81	31.81
180.89	34.26
180.97	35.29
181.04	33.81
181.12	32.75
181.19	33.77
181.27	35.03
181.34	51.68
181.42	58.44
181.50	65.83
181.57	76.66
181.65	81.45
181.72	75.81
181.80	71.57
181.87	72.88
181.95	74.71
182.03	77.00
182.10	82.49
182.18	88.69
182.25	99.60
182.33	107.48
182.40	122.45
182.48	127.30
182.55	148.82
182.63	163.37
182.71	176.30
182.78	192.14
182.86	207.92
182.93	203.64
183.01	195.56
183.08	183.28
183.16	172.86
183.23	161.98
183.31	172.65
183.39	187.59
183.46	218.31
183.54	241.19
183.61	280.96
183.69	314.61
183.76	362.85
183.84	402.11
183.91	445.69
183.99	498.61
184.06	540.68
184.14	585.10
184.22	636.12
184.29	665.35
184.37	675.02
184.44	681.89
184.52	637.50
184.59	551.38
184.67	479.12
184.74	410.65
184.82	371.26
184.89	383.59
184.97	449.83
185.04	536.20
185.12	624.78
185.20	719.01
185.27	809.94
185.35	905.98
185.42	969.45
185.50	1040.41
185.57	1096.63
185.65	1141.56
185.72	1193.24
185.80	1276.53
185.87	1342.70
185.95	1431.50
186.02	1542.74
186.10	1590.88
186.17	1590.25
186.25	1518.63
186.33	1325.34
186.40	1110.22
186.48	963.28
186.55	888.90
186.63	917.33
186.70	1071.84
186.78	1242.49
186.85	1391.97
186.93	1517.91
187.00	1634.25
187.08	1750.95
187.15	1866.10
187.23	1999.10
187.30	2126.22
187.38	2241.98
187.45	2370.24
187.53	2495.75
187.60	2579.82
187.68	2695.73
187.75	2821.48
187.83	2884.12
187.90	2953.58
187.98	3031.25
188.05	2996.61
188.13	2797.31
188.21	2511.99
188.28	2229.96
188.36	1977.38
188.43	1838.72
188.51	1905.35
188.58	2118.76
188.66	2328.19
188.73	2538.53
188.81	2742.31
188.88	2904.50
188.96	3058.55
189.03	3202.80
189.11	3352.00
189.18	3479.48
189.26	3591.45
189.33	3710.48
189.41	3830.04
189.48	3909.92
189.56	4016.29
189.63	4129.48
189.71	4184.80
189.78	4252.16
189.86	4332.34
189.93	4357.95
190.01	4335.97
190.08	4254.76
190.16	4000.79
190.23	3626.13
190.31	3306.04
190.38	3087.95
190.46	2998.80
190.53	3104.56
190.61	3360.48
190.68	3601.29
190.76	3825.11
190.83	4012.97
190.91	4182.27
190.98	4340.01
191.06	4489.50
191.13	4633.54
191.21	4762.60
191.28	4873.94
191.35	4993.39
191.43	5095.17
191.50	5161.68
191.58	5252.64
191.65	5332.63
191.73	5367.01
191.80	5414.01
191.88	5441.90
191.95	5427.97
192.03	5430.43
192.10	5451.74
192.18	5450.41
192.25	5409.77
192.33	5267.90
192.40	5021.91
192.48	4779.79
192.55	4602.99
192.63	4516.08
192.70	4591.28
192.78	4793.43
192.85	5017.79
192.93	5215.63
193.00	5389.72
193.08	5533.74
193.15	5667.56
193.22	5768.00
193.30	5857.54
193.37	5947.76
193.45	6007.64
193.52	6069.55
193.60	6137.55
193.67	6190.40
193.75	6242.65
193.82	6299.21
193.90	6322.30
193.97	6351.55
194.05	6388.08
194.12	6411.16
194.20	6452.80
194.27	6505.50
194.34	6543.80
194.42	6571.52
194.49	6603.41
194.57	6606.14
194.64	6548.80
194.72	6444.47
194.79	6338.51
194.87	6244.51
194.94	6184.22
195.02	6196.08
195.09	6271.60
195.17	6371.01
195.24	6475.67
195.31	6582.80
195.39	6684.25
195.46	6779.79
195.54	6866.79
195.61	6940.52
195.69	6998.90
195.76	7043.41
195.84	7087.60
195.91	7110.04
195.99	7116.22
196.06	7119.53
196.13	7129.51
196.21	7129.90
196.28	7141.52
196.36	7158.00
196.43	7163.48
196.51	7162.34
196.58	7165.52
196.66	7172.90
196.73	7193.90
196.80	7233.43
196.88	7283.16
196.95	7341.08
197.03	7395.67
197.10	7425.35
197.18	7437.11
197.25	7439.84
197.33	7440.33
197.40	7445.36
197.47	7453.25
197.55	7478.92
197.62	7507.39
197.70	7529.93
197.77	7555.35
197.85	7586.87
197.92	7602.47
197.99	7604.94
198.07	7587.03
198.14	7560.20
198.22	7556.57
198.29	7569.28
198.37	7616.29
198.44	7696.70
198.51	7785.73
198.59	7858.74
198.66	7932.34
198.74	7983.25
198.81	8018.07
198.89	8040.93
198.96	8062.60
199.03	8068.86
199.11	8080.18
199.18	8087.65
199.26	8097.60
199.33	8116.87
199.41	8140.04
199.48	8139.26
199.55	8124.97
199.63	8094.07
199.70	8064.48
199.78	8042.44
199.85	8059.68
199.93	8117.65
200.00	8210.80
200.07	8302.27
200.15	8397.01
200.22	8474.92
200.30	8529.78
200.37	8571.93
200.44	8597.91
200.52	8617.90
200.59	8640.22
200.67	8662.82
200.74	8673.73
200.81	8688.43
200.89	8698.36
200.96	8714.21
201.04	8719.38
201.11	8723.78
201.19	8717.29
201.26	8711.09
201.33	8705.15
201.41	8723.56
201.48	8769.80
201.56	8845.64
201.63	8942.22
201.70	9035.68
201.78	9116.21
201.85	9185.80
201.93	9240.32
202.00	9273.28
202.07	9305.45
202.15	9327.15
202.22	9339.57
202.30	9365.97
202.37	9399.00
202.44	9428.58
202.52	9469.14
202.59	9509.09
202.67	9530.13
202.74	9555.99
202.81	9574.82
202.89	9577.02
202.96	9588.56
203.04	9630.61
203.11	9682.30
203.18	9755.24
203.26	9855.55
203.33	9948.61
203.41	10021.02
203.48	10077.91
203.55	10105.33
203.63	10126.16
203.70	10157.76
203.77	10189.40
203.85	10233.16
203.92	10288.95
204.00	10357.15
204.07	10418.73
204.14	10476.22
204.22	10524.96
204.29	10578.67
204.37	10614.12
204.44	10647.29
204.51	10692.02
204.59	10735.47
204.66	10774.28
204.73	10827.18
204.81	10892.52
204.88	10964.43
204.96	11038.65
205.03	11113.19
205.10	11177.00
205.18	11231.88
205.25	11275.34
205.32	11319.79
205.40	11367.16
205.47	11422.75
205.55	11480.61
205.62	11545.90
205.69	11623.89
205.77	11703.99
205.84	11783.48
205.91	11863.58
205.99	11941.34
206.06	12001.61
206.14	12066.16
206.21	12131.44
206.28	12191.34
206.36	12250.94
206.43	12312.12
206.50	12383.62
206.58	12455.22
206.65	12531.33
206.72	12595.31
206.80	12658.60
206.87	12710.49
206.95	12768.00
207.02	12834.80
207.09	12921.27
207.17	13016.77
207.24	13114.99
207.31	13213.88
207.39	13306.95
207.46	13397.01
207.53	13482.09
207.61	13574.52
207.68	13661.62
207.75	13749.55
207.83	13835.85
207.90	13922.51
207.98	13995.62
208.05	14071.85
208.12	14144.65
208.20	14219.65
208.27	14295.16
208.34	14368.56
208.42	14435.35
208.49	14511.83
208.56	14582.63
208.64	14663.83
208.71	14755.26
208.78	14853.74
208.86	14958.44
208.93	15070.16
209.00	15181.35
209.08	15294.09
209.15	15412.06
209.22	15528.21
209.30	15638.38
209.37	15743.23
209.44	15850.25
209.52	15951.12
209.59	16043.28
209.67	16142.28
209.74	16238.22
209.81	16339.50
209.89	16431.48
209.96	16525.19
210.03	16612.76
210.11	16703.17
210.18	16778.16
210.25	16859.55
210.33	16948.96
210.40	17048.34
210.47	17160.70
210.55	17291.10
210.62	17425.23
210.69	17546.03
210.77	17669.38
210.84	17789.84
210.91	17919.32
210.99	18038.89
211.06	18170.20
211.13	18299.56
211.21	18423.27
211.28	18533.98
211.35	18659.70
211.42	18782.46
211.50	18899.27
211.57	19022.92
211.64	19132.62
211.72	19221.21
211.79	19305.91
211.86	19397.25
211.94	19498.10
212.01	19607.42
212.08	19738.74
212.16	19871.65
212.23	20009.69
212.30	20137.00
212.38	20265.82
212.45	20402.93
212.52	20542.66
212.60	20674.44
212.67	20806.76
212.74	20947.22
212.82	21080.20
212.89	21213.88
212.96	21345.15
213.03	21478.46
213.11	21611.79
213.18	21736.97
213.25	21868.05
213.33	21993.39
213.40	22105.68
213.47	22218.29
213.55	22331.12
213.62	22436.16
213.69	22554.43
213.77	22685.25
213.84	22817.59
213.91	22968.51
213.98	23126.93
214.06	23285.40
214.13	23443.98
214.20	23591.93
214.28	23738.86
214.35	23884.94
214.42	24026.96
214.50	24166.49
214.57	24308.85
214.64	24442.33
214.72	24574.35
214.79	24709.40
214.86	24845.60
214.93	24987.63
215.01	25140.25
215.08	25278.45
215.15	25408.29
215.23	25528.87
215.30	25644.51
215.37	25750.65
215.44	25878.11
215.52	26020.57
215.59	26167.32
215.66	26315.12
215.74	26469.00
215.81	26615.00
215.88	26761.02
215.95	26902.51
216.03	27054.06
216.10	27207.45
216.17	27357.21
216.25	27502.42
216.32	27660.94
216.39	27811.26
216.46	27955.96
216.54	28101.71
216.61	28253.42
216.68	28399.15
216.76	28540.48
216.83	28673.23
216.90	28799.56
216.97	28930.43
217.05	29059.63
217.12	29186.49
217.19	29324.59
217.27	29468.57
217.34	29602.25
217.41	29739.65
217.48	29883.34
217.56	30027.96
217.63	30181.55
217.70	30334.07
217.78	30487.65
217.85	30646.32
217.92	30796.72
217.99	30947.22
218.07	31086.45
218.14	31221.80
218.21	31361.69
218.28	31504.23
218.36	31640.59
218.43	31786.88
218.50	31942.99
218.57	32080.48
218.65	32214.29
218.72	32337.60
218.79	32448.22
218.87	32552.88
218.94	32674.67
219.01	32801.33
219.08	32932.82
219.16	33086.39
219.23	33237.80
219.30	33387.02
219.37	33535.99
219.45	33690.18
219.52	33834.45
219.59	33969.85
219.66	34094.87
219.74	34230.37
219.81	34377.07
219.88	34507.01
219.95	34649.65
220.03	34799.71
220.10	34926.39
220.17	35049.54
220.24	35187.15
220.32	35318.66
220.39	35439.63
220.46	35560.28
220.53	35677.66
220.61	35786.90
220.68	35890.77
220.75	36004.42
220.82	36129.81
220.90	36254.20
220.97	36379.95
221.04	36509.16
221.11	36633.22
221.19	36753.65
221.26	36876.44
221.33	37003.04
221.40	37135.32
221.48	37261.51
221.55	37391.39
221.62	37508.75
221.69	37625.88
221.77	37744.43
221.84	37873.42
221.91	37993.00
221.98	38116.74
222.06	38245.16
222.13	38366.80
222.20	38471.80
222.27	38581.98
222.35	38692.62
222.42	38803.87
222.49	38911.18
222.56	39030.01
222.63	39140.25
222.71	39244.52
222.78	39340.99
222.85	39442.93
222.92	39553.31
223.00	39662.48
223.07	39779.06
223.14	39887.20
223.21	39991.76
223.29	40085.76
223.36	40196.47
223.43	40299.11
223.50	40410.16
223.57	40529.72
223.65	40664.04
223.72	40772.36
223.79	40888.98
223.86	40992.70
223.94	41084.25
224.01	41158.21
224.08	41243.94
224.15	41321.78
224.22	41409.72
224.30	41493.64
224.37	41585.68
224.44	41685.81
224.51	41775.59
224.59	41854.05
224.66	41938.49
224.73	42024.85
224.80	42108.69
224.87	42201.88
224.95	42312.77
225.02	42424.35
225.09	42529.27
225.16	42626.03
225.23	42726.59
225.31	42820.22
225.38	42905.99
225.45	42984.68
225.52	43070.51
225.60	43154.79
225.67	43236.37
225.74	43314.38
225.81	43397.50
225.88	43473.18
225.96	43538.28
226.03	43603.91
226.10	43678.54
226.17	43756.77
226.24	43832.15
226.32	43918.13
226.39	44010.53
226.46	44090.03
226.53	44162.02
226.60	44248.47
226.68	44337.66
226.75	44421.44
226.82	44510.28
226.89	44599.69
226.96	44678.07
227.04	44734.15
227.11	44783.76
227.18	44841.24
227.25	44894.12
227.32	44949.71
227.40	45021.20
227.47	45100.71
227.54	45181.22
227.61	45263.25
227.68	45343.80
227.76	45421.75
227.83	45493.14
227.90	45553.70
227.97	45609.88
228.04	45668.36
228.11	45724.66
228.19	45776.06
228.26	45836.48
228.33	45901.81
228.40	45957.18
228.47	46013.27
228.55	46074.21
228.62	46129.42
228.69	46188.90
228.76	46245.79
228.83	46302.61
228.90	46363.58
228.98	46431.81
229.05	46496.42
229.12	46580.70
229.19	46659.02
229.26	46722.50
229.34	46778.75
229.41	46834.43
229.48	46872.59
229.55	46917.42
229.62	46973.56
229.69	47035.15
229.77	47088.47
229.84	47146.30
229.91	47197.23
229.98	47239.64
230.05	47275.82
230.12	47314.87
230.20	47362.56
230.27	47406.42
230.34	47465.15
230.41	47529.44
230.48	47593.12
230.55	47651.86
230.63	47714.77
230.70	47775.57
230.77	47823.70
230.84	47866.35
230.91	47901.43
230.98	47941.47
231.06	47978.53
231.13	48027.66
231.20	48087.06
231.27	48148.33
231.34	48207.45
231.41	48268.47
231.49	48319.66
231.56	48372.87
231.63	48423.48
231.70	48470.64
231.77	48510.48
231.84	48541.75
231.92	48565.51
231.99	48590.10
232.06	48620.59
232.13	48654.01
232.20	48700.70
232.27	48747.63
232.34	48792.65
232.42	48824.30
232.49	48853.05
232.56	48886.68
232.63	48923.56
232.70	48962.62
232.77	49016.33
232.85	49074.97
232.92	49120.76
232.99	49158.05
233.06	49189.08
233.13	49214.80
233.20	49231.91
233.27	49245.32
233.35	49260.22
233.42	49274.33
233.49	49292.24
233.56	49313.49
233.63	49347.50
233.70	49376.80
233.77	49416.26
233.85	49446.51
233.92	49490.04
233.99	49525.17
234.06	49564.20
234.13	49596.73
234.20	49628.92
234.27	49646.37
234.35	49661.59
234.42	49671.40
234.49	49681.43
234.56	49701.71
234.63	49715.30
234.70	49727.00
234.77	49747.38
234.84	49767.18
234.92	49773.76
234.99	49784.04
235.06	49795.01
235.13	49797.76
235.20	49801.96
235.27	49814.73
235.34	49826.75
235.41	49846.71
235.49	49862.91
235.56	49883.69
235.63	49898.20
235.70	49915.77
235.77	49922.48
235.84	49936.76
235.91	49943.66
235.98	49940.90
236.06	49923.93
236.13	49910.04
236.20	49896.26
236.27	49863.33
236.34	49841.68
236.41	49832.73
236.48	49826.46
236.55	49819.32
236.63	49823.70
236.70	49826.82
236.77	49837.06
236.84	49849.99
236.91	49864.09
236.98	49875.58
237.05	49891.06
237.12	49887.83
237.19	49879.26
237.27	49874.86
237.34	49877.53
237.41	49875.07
237.48	49867.67
237.55	49862.49
237.62	49850.27
237.69	49846.11
237.76	49842.75
237.83	49855.75
237.91	49863.94
237.98	49872.66
238.05	49864.17
238.12	49859.71
238.19	49848.02
238.26	49853.37
238.33	49852.47
238.40	49852.66
238.47	49838.67
238.54	49830.44
238.62	49803.48
238.69	49782.81
238.76	49766.97
238.83	49761.09
238.90	49751.88
238.97	49745.47
239.04	49742.94
239.11	49744.51
239.18	49747.63
239.25	49748.62
239.33	49731.80
239.40	49717.91
239.47	49697.61
239.54	49665.31
239.61	49634.20
239.68	49609.74
239.75	49583.56
239.82	49560.71
239.89	49550.25
239.96	49547.52
240.03	49557.75
240.11	49565.26
240.18	49564.20
240.25	49556.50
240.32	49544.92
240.39	49529.64
240.46	49512.27
240.53	49510.02
240.60	49511.07
240.67	49504.32
240.74	49497.73
240.81	49492.48
240.88	49480.65
240.96	49468.52
241.03	49460.64
241.10	49455.15
241.17	49450.35
241.24	49444.96
241.31	49443.71
241.38	49444.50
241.45	49431.62
241.52	49420.47
241.59	49407.57
241.66	49381.49
241.73	49359.30
241.80	49349.89
241.88	49334.13
241.95	49316.09
242.02	49302.55
242.09	49282.90
242.16	49263.40
242.23	49256.11
242.30	49244.10
242.37	49239.08
242.44	49244.02
242.51	49239.26
242.58	49227.75
242.65	49229.74
242.72	49233.53
242.79	49218.20
242.87	49218.08
242.94	49203.60
243.01	49188.41
243.08	49180.24
243.15	49180.81
243.22	49170.98
243.29	49182.45
243.36	49190.75
243.43	49194.90
243.50	49215.61
243.57	49236.86
243.64	49251.15
243.71	49261.94
243.78	49263.34
243.85	49241.10
243.92	49230.30
243.99	49215.42
244.07	49202.01
244.14	49183.18
244.21	49177.01
244.28	49161.75
244.35	49146.31
244.42	49136.92
244.49	49133.82
244.56	49132.09
244.63	49138.90
244.70	49141.04
244.77	49139.20
244.84	49148.25
244.91	49156.92
244.98	49167.95
245.05	49187.08
245.12	49204.96
245.19	49217.17
245.26	49231.53
245.33	49241.57
245.40	49264.92
245.47	49296.41
245.55	49316.89
245.62	49326.87
245.69	49330.94
245.76	49328.84
245.83	49322.66
245.90	49320.23
245.97	49326.15
246.04	49341.18
246.11	49345.67
246.18	49351.79
246.25	49355.64
246.32	49354.11
246.39	49347.98
246.46	49346.16
246.53	49347.40
246.60	49356.76
246.67	49371.72
246.74	49386.76
246.81	49400.55
246.88	49416.28
246.95	49428.60
247.02	49444.20
247.09	49464.75
247.16	49475.75
247.23	49468.70
247.30	49468.29
247.37	49457.32
247.44	49458.41
247.51	49471.71
247.58	49508.68
247.66	49546.04
247.73	49591.26
247.80	49615.38
247.87	49642.82
247.94	49659.89
248.01	49679.77
248.08	49695.22
248.15	49717.58
248.22	49737.41
248.29	49755.84
248.36	49771.42
248.43	49794.06
248.50	49819.81
248.57	49833.47
248.64	49848.50
248.71	49865.65
248.78	49883.17
248.85	49889.96
248.92	49910.15
248.99	49923.55
249.06	49932.92
249.13	49939.64
249.20	49952.72
249.27	49960.92
249.34	49973.08
249.41	49979.40
249.48	49966.40
249.55	49953.00
249.62	49947.70
249.69	49959.25
249.76	49983.38
249.83	50030.39
249.90	50076.30
249.97	50118.90
250.04	50151.46
250.11	50187.80
250.18	50204.65
250.25	50217.80
250.32	50228.14
250.39	50242.56
250.46	50248.90
250.53	50267.84
250.60	50293.48
250.67	50321.45
250.74	50343.90
250.81	50348.68
250.88	50359.85
250.95	50369.55
251.02	50378.45
251.09	50386.30
251.16	50411.29
251.23	50426.92
251.30	50442.66
251.37	50456.78
251.44	50467.04
251.51	50479.92
251.58	50496.28
251.65	50509.45
251.72	50516.31
251.79	50531.81
251.86	50543.17
251.93	50549.56
252.00	50557.45
252.07	50564.53
252.14	50570.86
252.21	50572.40
252.28	50580.65
252.35	50587.10
252.42	50611.94
252.49	50631.08
252.56	50642.40
252.63	50647.23
252.70	50650.55
252.77	50650.04
252.84	50653.71
252.91	50654.63
252.98	50668.83
253.05	50683.13
253.12	50686.30
253.19	50684.67
253.25	50697.67
253.32	50701.83
253.39	50720.68
253.46	50740.08
253.53	50765.05
253.60	50774.20
253.67	50788.79
253.74	50798.61
253.81	50809.70
253.88	50821.04
253.95	50840.27
254.02	50855.75
254.09	50867.58
254.16	50870.20
254.23	50871.09
254.30	50879.03
254.37	50882.25
254.44	50886.05
254.51	50901.08
254.58	50906.38
254.65	50913.43
254.72	50925.70
254.79	50923.94
254.86	50923.33
254.93	50919.83
255.00	50917.14
255.07	50908.82
255.14	50914.37
255.21	50910.57
255.28	50911.40
255.34	50893.07
255.41	50885.34
255.48	50866.41
255.55	50859.60
255.62	50854.29
255.69	50862.76
255.76	50863.40
255.83	50874.09
255.90	50876.87
255.97	50889.74
256.04	50886.72
256.11	50891.09
256.18	50887.26
256.25	50885.14
256.32	50876.07
256.39	50881.47
256.46	50871.77
256.53	50868.11
256.60	50869.02
256.67	50863.93
256.74	50850.59
256.80	50860.53
256.87	50862.85
256.94	50855.78
257.01	50850.63
257.08	50850.38
257.15	50832.81
257.22	50822.73
257.29	50801.03
257.36	50780.33
257.43	50765.68
257.50	50753.98
257.57	50732.69
257.64	50734.23
257.71	50724.43
257.78	50711.14
257.85	50680.79
257.92	50666.80
257.98	50645.86
258.05	50629.14
258.12	50603.55
258.19	50591.85
258.26	50574.64
258.33	50554.30
258.40	50543.32
258.47	50549.30
258.54	50551.56
258.61	50547.67
258.68	50538.80
258.75	50522.36
258.82	50503.60
258.89	50480.45
258.95	50459.91
259.02	50452.88
259.09	50435.49
259.16	50417.07
259.23	50396.25
259.30	50369.52
259.37	50340.78
259.44	50328.59
259.51	50303.07
259.58	50291.26
259.65	50271.49
259.72	50250.96
259.79	50216.60
259.85	50190.22
259.92	50154.66
259.99	50134.02
260.06	50107.31
260.13	50084.69
260.20	50055.31
260.27	50020.52
260.34	49987.34
260.41	49953.81
260.48	49924.15
260.55	49905.55
260.62	49895.99
260.68	49874.90
260.75	49848.10
260.82	49827.35
260.89	49797.45
260.96	49767.63
261.03	49741.87
261.10	49723.85
261.17	49694.61
261.24	49662.16
261.31	49628.36
261.38	49600.87
261.44	49560.20
261.51	49522.43
261.58	49483.76
261.65	49444.59
261.72	49394.91
261.79	49356.09
261.86	49324.35
261.93	49305.73
262.00	49279.60
262.07	49253.43
262.13	49224.90
262.20	49191.64
262.27	49140.40
262.34	49106.23
262.41	49074.50
262.48	49036.95
262.55	49006.21
262.62	48984.49
262.69	48943.39
262.76	48912.78
262.82	48884.24
262.89	48846.14
262.96	48812.34
263.03	48785.51
263.10	48753.94
263.17	48721.39
263.24	48686.21
263.31	48650.49
263.38	48612.45
263.44	48574.22
263.51	48528.42
263.58	48483.75
263.65	48439.19
263.72	48395.64
263.79	48353.06
263.86	48322.77
263.93	48286.08
264.00	48250.32
264.06	48215.11
264.13	48170.57
264.20	48127.28
264.27	48092.07
264.34	48046.93
264.41	48002.57
264.48	47961.97
264.55	47916.30
264.61	47870.11
264.68	47825.99
264.75	47790.11
264.82	47741.34
264.89	47699.57
264.96	47658.43
265.03	47618.98
265.10	47579.91
265.16	47554.04
265.23	47524.88
265.30	47503.37
265.37	47474.94
265.44	47433.15
265.51	47383.60
265.58	47331.98
265.65	47268.65
265.71	47212.52
265.78	47171.45
265.85	47129.85
265.92	47090.06
265.99	47054.93
266.06	47023.83
266.13	46970.54
266.20	46935.00
266.26	46897.84
266.33	46855.12
266.40	46809.47
266.47	46767.16
266.54	46701.77
266.61	46644.28
266.68	46588.34
266.74	46528.03
266.81	46471.92
266.88	46423.14
266.95	46363.97
267.02	46317.92
267.09	46275.87
267.16	46235.30
267.22	46207.77
267.29	46175.97
267.36	46134.40
267.43	46099.87
267.50	46067.90
267.57	46032.06
267.64	45999.19
267.70	45970.46
267.77	45929.88
267.84	45891.54
267.91	45843.63
267.98	45791.73
268.05	45739.87
268.11	45694.75
268.18	45639.69
268.25	45594.53
268.32	45553.03
268.39	45507.47
268.46	45460.44
268.53	45422.69
268.59	45384.33
268.66	45355.50
268.73	45320.45
268.80	45284.46
268.87	45234.29
268.94	45188.69
269.00	45137.62
269.07	45091.65
269.14	45059.93
269.21	45037.01
269.28	45001.98
269.35	44968.21
269.41	44938.40
269.48	44887.30
269.55	44828.99
269.62	44776.28
269.69	44734.83
269.76	44681.68
269.82	44646.62
269.89	44626.56
269.96	44603.84
270.03	44566.21
270.10	44536.54
270.17	44491.95
270.23	44446.75
270.30	44404.49
270.37	44374.49
270.44	44346.38
270.51	44314.29
270.58	44285.57
270.64	44261.35
270.71	44220.69
270.78	44191.60
270.85	44162.00
270.92	44124.24
270.99	44080.83
271.05	44053.18
271.12	44011.15
271.19	43975.25
271.26	43931.41
271.33	43890.79
271.39	43854.70
271.46	43805.46
271.53	43768.92
271.60	43753.23
271.67	43730.69
271.74	43692.97
271.80	43669.82
271.87	43650.47
271.94	43615.22
272.01	43582.65
272.08	43558.13
272.14	43526.86
272.21	43487.55
272.28	43462.08
272.35	43436.99
272.42	43405.23
272.48	43386.78
272.55	43360.45
272.62	43336.36
272.69	43315.63
272.76	43309.25
272.83	43285.92
272.89	43267.41
272.96	43233.90
273.03	43197.42
273.10	43154.37
273.17	43124.78
273.23	43091.95
273.30	43071.66
273.37	43051.55
273.44	43033.32
273.51	43008.65
273.57	42989.89
273.64	42962.65
273.71	42943.64
273.78	42912.49
273.85	42895.67
273.91	42872.36
273.98	42862.84
274.05	42842.15
274.12	42836.49
274.19	42817.07
274.25	42803.40
274.32	42779.91
274.39	42752.75
274.46	42707.60
274.53	42666.60
274.59	42611.25
274.66	42569.49
274.73	42546.61
274.80	42525.38
274.86	42499.27
274.93	42488.62
275.00	42454.26
275.07	42404.77
275.14	42365.89
275.20	42331.10
275.27	42302.73
275.34	42282.95
275.41	42265.81
275.48	42254.63
275.54	42246.70
275.61	42229.74
275.68	42210.26
275.75	42187.80
275.81	42155.73
275.88	42123.91
275.95	42093.15
276.02	42062.98
276.09	42036.79
276.15	42014.64
276.22	41992.88
276.29	41978.41
276.36	41956.38
276.42	41938.04
276.49	41915.73
276.56	41887.09
276.63	41853.47
276.70	41830.79
276.76	41816.76
276.83	41799.55
276.90	41786.33
276.97	41767.12
277.03	41749.52
277.10	41720.83
277.17	41699.32
277.24	41681.18
277.30	41671.09
277.37	41651.21
277.44	41639.65
277.51	41624.72
277.58	41594.45
277.64	41568.40
277.71	41550.07
277.78	41529.21
277.85	41504.69
277.91	41485.23
277.98	41458.37
278.05	41430.66
278.12	41411.55
278.18	41382.85
278.25	41361.16
278.32	41338.76
278.39	41324.41
278.45	41299.14
278.52	41286.82
278.59	41276.71
278.66	41262.15
278.72	41240.13
278.79	41217.80
278.86	41200.27
278.93	41184.74
278.99	41170.05
279.06	41150.62
279.13	41129.00
279.20	41107.51
279.26	41082.74
279.33	41058.69
279.40	41038.50
279.47	41021.59
279.53	40993.00
279.60	40966.68
279.67	40938.60
279.74	40912.23
279.80	40884.10
279.87	40866.61
279.94	40847.03
280.01	40841.44
280.07	40829.98
280.14	40818.95
280.21	40797.60
280.28	40773.31
280.34	40741.95
280.41	40720.44
280.48	40690.07
280.55	40667.74
280.61	40645.59
280.68	40619.93
280.75	40587.47
280.82	40554.48
280.88	40516.40
280.95	40467.19
281.02	40411.40
281.08	40341.34
281.15	40274.28
281.22	40206.39
281.29	40149.64
281.35	40095.16
281.42	40056.92
281.49	40022.06
281.56	39994.16
281.62	39968.05
281.69	39939.95
281.76	39912.15
281.82	39884.13
281.89	39851.79
281.96	39822.86
282.03	39797.23
282.09	39773.26
282.16	39751.91
282.23	39725.85
282.30	39700.45
282.36	39678.86
282.43	39655.32
282.50	39641.56
282.56	39623.93
282.63	39609.05
282.70	39589.49
282.77	39579.95
282.83	39552.61
282.90	39543.51
282.97	39519.30
283.03	39495.73
283.10	39461.16
283.17	39441.91
283.24	39414.50
283.30	39389.91
283.37	39366.73
283.44	39347.75
283.50	39314.99
283.57	39294.86
283.64	39276.80
283.71	39249.30
283.77	39214.21
283.84	39190.02
283.91	39143.46
283.97	39106.39
284.04	39094.85
284.11	39093.11
284.18	39095.99
284.24	39110.25
284.31	39120.59
284.38	39114.19
284.44	39102.45
284.51	39085.39
284.58	39071.62
284.64	39059.20
284.71	39048.73
284.78	39046.80
284.85	39040.55
284.91	39026.57
284.98	39006.52
285.05	38981.27
285.11	38952.55
285.18	38925.62
285.25	38908.78
285.31	38903.98
285.38	38913.39
285.45	38916.68
285.52	38918.25
285.58	38915.36
285.65	38899.47
285.72	38877.30
285.78	38855.85
285.85	38840.37
285.92	38819.04
285.98	38805.05
286.05	38793.49
286.12	38784.14
286.18	38778.17
286.25	38775.53
286.32	38770.42
286.39	38767.70
286.45	38763.12
286.52	38752.95
286.59	38745.58
286.65	38734.78
286.72	38732.29
286.79	38723.98
286.85	38708.28
286.92	38689.35
286.99	38683.30
287.05	38658.05
287.12	38659.41
287.19	38660.33
287.25	38659.82
287.32	38654.31
287.39	38660.75
287.45	38646.93
287.52	38643.56
287.59	38646.25
287.65	38647.01
287.72	38637.04
287.79	38630.00
287.86	38617.70
287.92	38599.98
287.99	38584.33
288.06	38582.93
288.12	38569.60
288.19	38564.97
288.26	38562.02
288.32	38561.65
288.39	38553.93
288.46	38558.17
288.52	38553.62
288.59	38552.86
288.66	38555.62
288.72	38556.09
288.79	38557.93
288.86	38561.92
288.92	38568.35
288.99	38558.03
289.06	38552.57
289.12	38546.95
289.19	38547.41
289.26	38545.07
289.32	38552.08
289.39	38554.35
289.45	38560.21
289.52	38557.53
289.59	38561.29
289.65	38563.85
289.72	38569.07
289.79	38578.73
289.85	38590.15
289.92	38596.41
289.99	38601.06
290.05	38608.84
290.12	38596.78
290.19	38587.82
290.25	38580.28
290.32	38581.15
290.39	38583.79
290.45	38595.25
290.52	38608.03
290.59	38615.10
290.65	38612.90
290.72	38602.67
290.79	38600.47
290.85	38604.76
290.92	38623.76
290.98	38640.14
291.05	38662.04
291.12	38670.33
291.18	38674.64
291.25	38669.91
291.32	38670.13
291.38	38661.91
291.45	38662.85
291.52	38659.40
291.58	38658.32
291.65	38665.61
291.72	38687.08
291.78	38704.86
291.85	38716.66
291.91	38732.19
291.98	38758.21
292.05	38758.44
292.11	38771.10
292.18	38791.51
292.25	38799.26
292.31	38782.79
292.38	38789.65
292.45	38789.85
292.51	38791.27
292.58	38794.90
292.64	38814.05
292.71	38820.79
292.78	38833.24
292.84	38843.68
292.91	38857.13
292.98	38866.79
293.04	38878.04
293.11	38885.06
293.17	38895.96
293.24	38912.58
293.31	38922.50
293.37	38941.96
293.44	38957.64
293.51	38968.82
293.57	38968.53
293.64	38974.44
293.70	38984.51
293.77	38996.76
293.84	39006.59
293.90	39015.15
293.97	39029.22
294.04	39034.45
294.10	39032.85
294.17	39043.30
294.23	39060.72
294.30	39066.47
294.37	39078.56
294.43	39104.09
294.50	39114.43
294.56	39127.98
294.63	39142.08
294.70	39158.89
294.76	39167.06
294.83	39181.73
294.90	39199.30
294.96	39222.59
295.03	39237.27
295.09	39258.84
295.16	39274.01
295.23	39282.39
295.29	39289.38
295.36	39298.45
295.42	39296.70
295.49	39310.58
295.56	39336.70
295.62	39362.71
295.69	39375.04
295.75	39398.47
295.82	39419.07
295.89	39419.04
295.95	39417.82
296.02	39429.70
296.08	39436.21
296.15	39430.50
296.22	39446.21
296.28	39462.84
296.35	39481.60
296.41	39499.08
296.48	39524.14
296.55	39544.68
296.61	39558.70
296.68	39579.18
296.74	39596.98
296.81	39623.45
296.88	39638.92
296.94	39661.85
297.01	39684.04
297.07	39705.02
297.14	39721.56
297.20	39741.36
297.27	39759.24
297.34	39780.30
297.40	39801.07
297.47	39810.31
297.53	39826.18
297.60	39849.67
297.67	39856.92
297.73	39867.46
297.80	39883.85
297.86	39888.55
297.93	39891.93
298.00	39902.82
298.06	39914.86
298.13	39930.76
298.19	39954.02
298.26	39970.11
298.32	39992.91
298.39	40011.56
298.46	40022.35
298.52	40038.66
298.59	40054.80
298.65	40065.50
298.72	40087.59
298.78	40114.55
298.85	40135.91
298.92	40150.89
298.98	40164.87
299.05	40180.02
299.11	40190.27
299.18	40196.76
299.24	40206.50
299.31	40217.23
299.38	40223.56
299.44	40232.04
299.51	40247.51
299.57	40269.77
299.64	40289.70
299.70	40304.56
299.77	40314.95
299.84	40318.47
299.90	40313.41
299.97	40307.96
300.03	40313.34
300.10	40326.99
300.16	40343.26
300.23	40368.97
300.30	40398.04
300.36	40409.26
300.43	40428.59
300.49	40443.35
300.56	40458.27
300.62	40477.36
300.69	40500.51
300.75	40509.24
300.82	40527.13
300.89	40536.33
300.95	40544.55
301.02	40546.51
301.08	40552.11
301.15	40555.47
301.21	40567.64
301.28	40574.63
301.34	40589.07
301.41	40594.68
301.48	40595.28
301.54	40586.04
301.61	40582.66
301.67	40577.68
301.74	40582.77
301.80	40589.25
301.87	40593.36
301.93	40589.04
302.00	40590.71
302.06	40585.25
302.13	40572.38
302.20	40572.10
302.26	40567.25
302.33	40564.59
302.39	40558.75
302.46	40562.50
302.52	40555.70
302.59	40561.13
302.65	40562.73
302.72	40569.63
302.78	40571.88
302.85	40576.12
302.91	40570.62
302.98	40568.78
303.05	40564.12
303.11	40559.77
303.18	40557.81
303.24	40554.05
303.31	40543.81
303.37	40536.57
303.44	40531.73
303.50	40519.17
303.57	40506.02
303.63	40499.42
303.70	40487.10
303.76	40467.94
303.83	40459.31
303.89	40447.69
303.96	40429.99
304.03	40420.25
304.09	40411.30
304.16	40392.38
304.22	40377.15
304.29	40361.32
304.35	40334.27
304.42	40320.04
304.48	40308.96
304.55	40297.14
304.61	40280.00
304.68	40277.92
304.74	40265.97
304.81	40251.77
304.87	40227.57
304.94	40203.94
305.00	40177.53
305.07	40148.66
305.13	40120.56
305.20	40102.10
305.26	40091.75
305.33	40076.56
305.39	40061.86
305.46	40041.60
305.52	40022.75
305.59	40002.39
305.66	39975.79
305.72	39944.99
305.79	39916.90
305.85	39887.34
305.92	39848.60
305.98	39789.49
306.05	39660.92
306.11	39428.99
306.18	39138.29
306.24	38888.66
306.31	38750.46
306.37	38767.81
306.44	38940.25
306.50	39185.50
306.57	39394.57
306.63	39513.53
306.70	39542.68
306.76	39519.25
306.83	39480.74
306.89	39439.94
306.96	39402.80
307.02	39370.00
307.09	39347.72
307.15	39322.56
307.22	39300.42
307.28	39266.66
307.35	39234.53
307.41	39186.92
307.48	39144.40
307.54	39101.81
307.61	39067.63
307.67	39022.92
307.74	38989.12
307.80	38956.03
307.87	38916.92
307.93	38878.05
308.00	38847.97
308.06	38815.79
308.13	38775.26
308.19	38731.39
308.26	38689.31
308.32	38654.38
308.38	38622.45
308.45	38589.15
308.51	38565.03
308.58	38525.54
308.64	38473.58
308.71	38419.29
308.77	38371.29
308.84	38313.55
308.90	38288.66
308.97	38269.75
309.03	38255.18
309.10	38228.57
309.16	38199.92
309.23	38151.71
309.29	38102.20
309.36	38039.15
309.42	37981.35
309.49	37926.12
309.55	37873.84
309.62	37813.48
309.68	37769.74
309.75	37729.02
309.81	37683.97
309.88	37645.08
309.94	37610.02
310.00	37562.89
310.07	37511.63
310.13	37477.00
310.20	37431.71
310.26	37393.26
310.33	37351.37
310.39	37318.80
310.46	37281.92
310.52	37243.85
310.59	37197.91
310.65	37164.30
310.72	37118.16
310.78	37064.03
310.85	37010.79
310.91	36972.27
310.97	36926.76
311.04	36884.05
311.10	36837.82
311.17	36801.87
311.23	36756.76
311.30	36714.69
311.36	36679.54
311.43	36654.24
311.49	36612.26
311.56	36567.84
311.62	36522.91
311.69	36474.30
311.75	36431.82
311.81	36384.88
311.88	36338.42
311.94	36298.78
312.01	36273.75
312.07	36234.30
312.14	36211.85
312.20	36188.51
312.27	36154.70
312.33	36102.81
312.40	36054.06
312.46	35991.03
312.52	35939.08
312.59	35889.06
312.65	35839.06
312.72	35788.35
312.78	35741.69
312.85	35691.20
312.91	35635.11
312.98	35585.29
313.04	35540.95
313.10	35496.84
313.17	35456.01
313.23	35425.81
313.30	35393.42
313.36	35345.28
313.43	35302.25
313.49	35256.40
313.56	35194.56
313.62	35129.50
313.68	35083.46
313.75	35040.62
313.81	34996.42
313.88	34956.23
313.94	34920.65
314.01	34884.69
314.07	34838.90
314.13	34793.75
314.20	34756.81
314.26	34722.44
314.33	34682.92
314.39	34645.47
314.46	34595.42
314.52	34545.91
314.58	34490.95
314.65	34433.10
314.71	34384.35
314.78	34340.41
314.84	34301.96
314.91	34266.55
314.97	34230.04
315.03	34188.25
315.10	34147.85
315.16	34092.40
315.23	34043.49
315.29	33999.55
315.36	33951.20
315.42	33902.27
315.48	33860.06
315.55	33814.85
315.61	33763.43
315.68	33719.78
315.74	33680.92
315.81	33641.85
315.87	33597.55
315.93	33562.51
316.00	33531.58
316.06	33498.65
316.13	33475.06
316.19	33438.96
316.25	33377.15
316.32	33283.97
316.38	33166.30
316.45	33018.93
316.51	32856.60
316.58	32688.09
316.64	32510.20
316.70	32330.78
316.77	32127.21
316.83	31914.20
316.90	31677.53
316.96	31431.83
317.02	31168.64
317.09	30899.40
317.15	30615.51
317.22	30317.70
317.28	30005.75
317.34	29677.42
317.41	29335.12
317.47	28984.48
317.54	28617.93
317.60	28232.68
317.66	27829.92
317.73	27412.61
317.79	26981.45
317.86	26547.70
317.92	26092.50
317.98	25617.54
318.05	25127.08
318.11	24627.96
318.18	24113.26
318.24	23600.89
318.30	23078.82
318.37	22549.39
318.43	21995.11
318.50	21430.29
318.56	20853.98
318.62	20283.97
318.69	19708.78
318.75	19135.13
318.82	18556.80
318.88	17982.22
318.94	17403.79
319.01	16822.09
319.07	16246.11
319.13	15672.43
319.20	15096.86
319.26	14516.72
319.33	13946.00
319.39	13373.43
319.45	12826.53
319.52	12285.59
319.58	11757.54
319.65	11233.31
319.71	10724.56
319.77	10209.65
319.84	9710.10
319.90	9226.74
319.96	8756.90
320.03	8295.46
320.09	7855.77
320.16	7422.40
320.22	7005.10
320.28	6603.71
320.35	6221.05
320.41	5850.90
320.47	5503.44
320.54	5165.10
320.60	4849.48
320.67	4550.10
320.73	4264.50
320.79	3991.08
320.86	3739.40
320.92	3496.57
320.98	3270.28
321.05	3057.74
321.11	2856.65
321.18	2666.62
321.24	2493.53
321.30	2326.73
321.37	2177.03
321.43	2045.56
321.49	1922.39
321.56	1806.48
321.62	1703.42
321.68	1605.98
321.75	1513.86
321.81	1431.26
321.88	1355.16
321.94	1290.78
322.00	1232.82
322.07	1175.84
322.13	1121.57
322.19	1071.16
322.26	1020.23
322.32	974.66
322.38	937.29
322.45	908.52
322.51	877.84
322.58	853.99
322.64	823.24
322.70	796.61
322.77	763.64
322.83	741.97
322.89	710.82
322.96	685.55
323.02	659.16
323.08	633.57
323.15	605.54
323.21	583.86
323.27	562.15
323.34	539.25
323.40	517.62
323.46	495.36
323.53	466.41
323.59	396.23
323.65	299.15
323.72	188.01
323.78	80.99
323.85	-16.85
323.91	-67.00
323.97	-85.47
324.04	-85.83
