180.21	3422.44
180.28	-125.60
180.36	631.42
180.44	-48.08
180.51	-17.32
180.59	6.26
180.66	33.26
180.74	31.59
180.81	31.74
180.89	34.24
180.97	35.33
181.04	33.89
181.12	32.89
181.19	34.09
181.27	35.27
181.34	51.64
181.42	58.29
181.50	65.80
181.57	76.20
181.65	81.15
181.72	75.81
181.80	72.05
181.87	73.50
181.95	75.46
182.03	77.48
182.10	82.91
182.18	88.77
182.25	99.17
182.33	107.17
182.40	122.21
182.48	127.23
182.55	148.45
182.63	163.00
182.71	175.82
182.78	190.50
182.86	206.77
182.93	202.65
183.01	195.28
183.08	183.24
183.16	173.72
183.23	162.74
183.31	174.27
183.39	189.89
183.46	220.13
183.54	242.93
183.61	282.49
183.69	316.54
183.76	363.68
183.84	403.50
183.91	446.89
183.99	499.92
184.06	541.16
184.14	585.47
184.22	636.61
184.29	667.44
184.37	677.42
184.44	683.55
184.52	639.31
184.59	552.74
184.67	479.56
184.74	411.24
184.82	373.34
184.89	386.02
184.97	453.14
185.04	539.05
185.12	626.46
185.20	719.81
185.27	810.99
185.35	906.53
185.42	971.04
185.50	1042.64
185.57	1099.41
185.65	1144.41
185.72	1195.19
185.80	1277.79
185.87	1341.91
185.95	1430.16
186.02	1540.87
186.10	1590.23
186.17	1591.70
186.25	1522.44
186.33	1328.93
186.40	1113.93
186.48	967.02
186.55	890.08
186.63	917.54
186.70	1072.33
186.78	1243.39
186.85	1392.04
186.93	1518.20
187.00	1636.14
187.08	1752.56
187.15	1867.91
187.23	2002.60
187.30	2130.06
187.38	2245.69
187.45	2372.83
187.53	2497.48
187.60	2578.82
187.68	2697.16
187.75	2820.69
187.83	2884.84
187.90	2954.46
187.98	3034.95
188.05	2996.44
188.13	2799.68
188.21	2514.41
188.28	2231.43
188.36	1976.49
188.43	1837.22
188.51	1901.03
188.58	2112.82
188.66	2322.19
188.73	2533.09
188.81	2740.64
188.88	2904.82
188.96	3060.91
189.03	3204.94
189.11	3352.92
189.18	3478.74
189.26	3590.49
189.33	3709.59
189.41	3831.44
189.48	3915.15
189.56	4021.15
189.63	4135.10
189.71	4187.33
189.78	4254.42
189.86	4333.44
189.93	4361.35
190.01	4338.22
190.08	4257.27
190.16	3999.97
190.23	3623.17
190.31	3302.83
190.38	3085.63
190.46	3001.61
190.53	3108.39
190.61	3364.92
190.68	3602.37
190.76	3824.76
190.83	4009.66
190.91	4178.42
190.98	4339.94
191.06	4490.20
191.13	4633.98
191.21	4762.94
191.28	4875.84
191.35	4990.99
191.43	5094.17
191.50	5161.25
191.58	5248.57
191.65	5328.48
191.73	5364.92
191.80	5412.02
191.88	5438.44
191.95	5429.79
192.03	5431.66
192.10	5451.51
192.18	5449.09
192.25	5408.90
192.33	5263.93
192.40	5020.92
192.48	4778.00
192.55	4599.07
192.63	4515.05
192.70	4591.00
192.78	4791.02
192.85	5017.00
192.93	5219.57
193.00	5392.06
193.08	5536.21
193.15	5671.76
193.22	5769.87
193.30	5858.03
193.37	5948.55
193.45	6013.19
193.52	6069.74
193.60	6136.66
193.67	6189.40
193.75	6241.16
193.82	6296.53
193.90	6327.19
193.97	6360.05
194.05	6392.44
194.12	6417.99
194.20	6455.93
194.27	6503.00
194.34	6541.19
194.42	6572.27
194.49	6599.92
194.57	6601.94
194.64	6548.16
194.72	6443.90
194.79	6338.11
194.87	6245.42
194.94	6187.90
195.02	6198.64
195.09	6274.35
195.17	6375.36
195.24	6477.32
195.31	6582.58
195.39	6678.97
195.46	6775.07
195.54	6862.46
195.61	6942.38
195.69	6998.48
195.76	7048.87
195.84	7093.25
195.91	7114.09
195.99	7118.33
196.06	7125.57
196.13	7132.39
196.21	7130.20
196.28	7139.85
196.36	7152.61
196.43	7156.26
196.51	7155.94
196.58	7158.33
196.66	7166.45
196.73	7190.67
196.80	7230.67
196.88	7282.59
196.95	7343.28
197.03	7398.23
197.10	7426.91
197.18	7440.81
197.25	7441.44
197.33	7442.25
197.40	7446.66
197.47	7455.44
197.55	7481.32
197.62	7513.95
197.70	7536.04
197.77	7561.94
197.85	7589.28
197.92	7602.45
197.99	7601.52
198.07	7586.87
198.14	7559.99
198.22	7557.37
198.29	7574.30
198.37	7622.87
198.44	7699.83
198.51	7784.71
198.59	7860.85
198.66	7929.04
198.74	7978.94
198.81	8015.66
198.89	8040.41
198.96	8059.41
199.03	8069.23
199.11	8081.07
199.18	8083.90
199.26	8096.07
199.33	8117.52
199.41	8140.17
199.48	8136.30
199.55	8124.07
199.63	8093.91
199.70	8066.64
199.78	8041.39
199.85	8062.52
199.93	8119.70
200.00	8211.82
200.07	8301.42
200.15	8396.63
200.22	8475.75
200.30	8529.54
200.37	8570.26
200.44	8594.61
200.52	8616.09
200.59	8640.35
200.67	8662.48
200.74	8674.99
200.81	8687.99
200.89	8697.70
200.96	8709.24
201.04	8718.78
201.11	8725.20
201.19	8721.01
201.26	8715.46
201.33	8705.96
201.41	8723.81
201.48	8768.41
201.56	8845.69
201.63	8941.61
201.70	9038.51
201.78	9118.54
201.85	9186.24
201.93	9236.93
202.00	9271.58
202.07	9303.49
202.15	9327.59
202.22	9347.56
202.30	9374.00
202.37	9402.61
202.44	9437.32
202.52	9472.88
202.59	9507.75
202.67	9534.55
202.74	9565.14
202.81	9578.04
202.89	9582.76
202.96	9598.86
203.04	9634.95
203.11	9683.66
203.18	9759.49
203.26	9859.18
203.33	9950.61
203.41	10024.80
203.48	10082.00
203.55	10107.51
203.63	10128.14
203.70	10157.14
203.77	10193.11
203.85	10233.42
203.92	10290.00
204.00	10358.03
204.07	10420.17
204.14	10479.22
204.22	10532.81
204.29	10586.96
204.37	10622.36
204.44	10654.44
204.51	10691.19
204.59	10734.47
204.66	10771.80
204.73	10829.95
204.81	10892.70
204.88	10967.97
204.96	11041.52
205.03	11116.75
205.10	11174.55
205.18	11234.21
205.25	11275.60
205.32	11319.86
205.40	11373.12
205.47	11431.32
205.55	11489.43
205.62	11561.02
205.69	11633.62
205.77	11707.48
205.84	11787.84
205.91	11866.73
205.99	11940.15
206.06	12007.71
206.14	12069.76
206.21	12131.70
206.28	12188.80
206.36	12250.96
206.43	12315.95
206.50	12389.72
206.58	12459.28
206.65	12535.76
206.72	12598.56
206.80	12658.99
206.87	12709.44
206.95	12771.95
207.02	12840.11
207.09	12922.94
207.17	13016.60
207.24	13122.06
207.31	13221.42
207.39	13313.43
207.46	13404.94
207.53	13490.83
207.61	13574.29
207.68	13656.28
207.75	13745.90
207.83	13833.64
207.90	13914.61
207.98	13992.34
208.05	14073.41
208.12	14151.77
208.20	14233.47
208.27	14314.39
208.34	14394.13
208.42	14460.14
208.49	14530.57
208.56	14597.09
208.64	14679.27
208.71	14762.70
208.78	14858.96
208.86	14963.29
208.93	15072.13
209.00	15179.18
209.08	15292.86
209.15	15412.33
209.22	15527.51
209.30	15636.11
209.37	15739.00
209.44	15846.55
209.52	15943.48
209.59	16033.75
209.67	16132.05
209.74	16231.48
209.81	16334.97
209.89	16430.57
209.96	16524.29
210.03	16611.61
210.11	16701.26
210.18	16771.49
210.25	16857.80
210.33	16951.26
210.40	17051.84
210.47	17165.11
210.55	17291.57
210.62	17419.97
210.69	17543.67
210.77	17672.73
210.84	17793.26
210.91	17925.40
210.99	18044.33
211.06	18168.22
211.13	18291.72
211.21	18416.78
211.28	18524.48
211.35	18648.64
211.42	18776.65
211.50	18896.20
211.57	19013.56
211.64	19128.66
211.72	19223.06
211.79	19306.31
211.86	19391.84
211.94	19495.29
212.01	19602.31
212.08	19731.38
212.16	19869.00
212.23	20008.43
212.30	20137.37
212.38	20273.09
212.45	20409.30
212.52	20540.26
212.60	20671.45
212.67	20802.11
212.74	20935.56
212.82	21066.67
212.89	21199.91
212.96	21335.63
213.03	21473.94
213.11	21606.60
213.18	21729.99
213.25	21865.85
213.33	21987.65
213.40	22098.38
213.47	22209.51
213.55	22324.94
213.62	22428.99
213.69	22546.54
213.77	22679.67
213.84	22815.66
213.91	22972.84
213.98	23127.19
214.06	23283.23
214.13	23439.75
214.20	23593.34
214.28	23739.41
214.35	23885.32
214.42	24031.13
214.50	24164.95
214.57	24299.79
214.64	24430.04
214.72	24561.50
214.79	24699.93
214.86	24841.15
214.93	24985.78
215.01	25133.79
215.08	25273.74
215.15	25397.61
215.23	25509.94
215.30	25624.81
215.37	25736.22
215.44	25876.30
215.52	26028.68
215.59	26191.14
215.66	26349.97
215.74	26502.17
215.81	26635.71
215.88	26780.39
215.95	26917.92
216.03	27059.80
216.10	27208.06
216.17	27364.26
216.25	27507.45
216.32	27666.91
216.39	27817.43
216.46	27970.49
216.54	28113.99
216.61	28267.84
216.68	28407.01
216.76	28548.79
216.83	28677.26
216.90	28807.65
216.97	28936.01
217.05	29066.65
217.12	29201.14
217.19	29334.08
217.27	29469.67
217.34	29598.09
217.41	29731.71
217.48	29868.17
217.56	30013.08
217.63	30172.16
217.70	30323.38
217.78	30478.82
217.85	30637.02
217.92	30794.05
217.99	30937.15
218.07	31079.20
218.14	31215.49
218.21	31354.57
218.28	31492.74
218.36	31631.84
218.43	31783.53
218.50	31935.34
218.57	32077.21
218.65	32211.38
218.72	32335.74
218.79	32452.09
218.87	32568.91
218.94	32683.49
219.01	32813.26
219.08	32948.61
219.16	33095.95
219.23	33246.89
219.30	33396.42
219.37	33540.99
219.45	33691.06
219.52	33838.10
219.59	33973.35
219.66	34108.31
219.74	34245.06
219.81	34386.80
219.88	34516.27
219.95	34657.49
220.03	34805.10
220.10	34942.77
220.17	35072.22
220.24	35202.35
220.32	35324.96
220.39	35444.63
220.46	35563.14
220.53	35676.84
220.61	35786.81
220.68	35898.84
220.75	36010.22
220.82	36133.48
220.90	36259.30
220.97	36392.61
221.04	36517.96
221.11	36634.26
221.19	36751.34
221.26	36873.11
221.33	37003.80
221.40	37141.30
221.48	37274.69
221.55	37401.36
221.62	37516.48
221.69	37624.16
221.77	37742.78
221.84	37874.59
221.91	37992.84
221.98	38123.34
222.06	38246.34
222.13	38365.11
222.20	38469.84
222.27	38589.03
222.35	38691.51
222.42	38797.24
222.49	38900.14
222.56	39013.72
222.63	39114.52
222.71	39223.10
222.78	39333.73
222.85	39439.12
222.92	39541.84
223.00	39650.74
223.07	39764.70
223.14	39867.12
223.21	39973.38
223.29	40078.28
223.36	40188.18
223.43	40293.77
223.50	40407.62
223.57	40524.21
223.65	40649.44
223.72	40761.77
223.79	40868.64
223.86	40972.22
223.94	41062.27
224.01	41142.45
224.08	41226.50
224.15	41318.92
224.22	41412.19
224.30	41496.54
224.37	41587.00
224.44	41686.64
224.51	41776.56
224.59	41852.30
224.66	41946.53
224.73	42034.60
224.80	42126.44
224.87	42215.25
224.95	42319.64
225.02	42425.34
225.09	42527.74
225.16	42623.94
225.23	42725.98
225.31	42820.71
225.38	42900.66
225.45	42985.26
225.52	43068.75
225.60	43151.40
225.67	43224.60
225.74	43308.71
225.81	43381.86
225.88	43459.76
225.96	43532.90
226.03	43611.58
226.10	43685.45
226.17	43773.44
226.24	43847.52
226.32	43924.58
226.39	44009.46
226.46	44083.38
226.53	44159.90
226.60	44243.56
226.68	44333.49
226.75	44424.29
226.82	44521.17
226.89	44604.48
226.96	44682.12
227.04	44737.49
227.11	44787.16
227.18	44833.61
227.25	44883.64
227.32	44940.04
227.40	45012.89
227.47	45082.95
227.54	45165.16
227.61	45246.57
227.68	45320.33
227.76	45401.80
227.83	45481.75
227.90	45549.32
227.97	45609.04
228.04	45678.22
228.11	45726.45
228.19	45778.66
228.26	45832.56
228.33	45890.57
228.40	45937.72
228.47	45993.50
228.55	46051.63
228.62	46114.20
228.69	46180.38
228.76	46236.96
228.83	46301.19
228.90	46359.35
228.98	46422.40
229.05	46488.43
229.12	46566.64
229.19	46632.54
229.26	46699.15
229.34	46752.37
229.41	46800.66
229.48	46844.61
229.55	46892.48
229.62	46956.84
229.69	47019.71
229.77	47077.73
229.84	47135.98
229.91	47194.89
229.98	47229.24
230.05	47265.24
230.12	47306.84
230.20	47356.15
230.27	47402.78
230.34	47462.78
230.41	47525.07
230.48	47585.34
230.55	47644.60
230.63	47700.19
230.70	47764.72
230.77	47817.04
230.84	47864.92
230.91	47898.56
230.98	47939.19
231.06	47974.35
231.13	48023.89
231.20	48083.23
231.27	48149.11
231.34	48213.36
231.41	48271.43
231.49	48316.03
231.56	48356.66
231.63	48407.92
231.70	48454.05
231.77	48496.98
231.84	48540.42
231.92	48573.97
231.99	48594.30
232.06	48618.96
232.13	48646.07
232.20	48689.33
232.27	48736.65
232.34	48782.75
232.42	48817.97
232.49	48855.25
232.56	48883.12
232.63	48920.69
232.70	48955.91
232.77	49009.22
232.85	49057.77
232.92	49104.25
232.99	49135.31
233.06	49168.94
233.13	49190.53
233.20	49209.44
233.27	49220.58
233.35	49237.88
233.42	49248.37
233.49	49268.95
233.56	49290.57
233.63	49328.61
233.70	49364.14
233.77	49408.57
233.85	49445.12
233.92	49490.38
233.99	49520.09
234.06	49546.86
234.13	49578.85
234.20	49606.95
234.27	49622.64
234.35	49646.44
234.42	49670.42
234.49	49678.99
234.56	49699.89
234.63	49713.48
234.70	49728.88
234.77	49745.41
234.84	49769.88
234.92	49776.64
234.99	49785.35
235.06	49797.10
235.13	49802.39
235.20	49806.34
235.27	49826.40
235.34	49843.14
235.41	49859.28
235.49	49873.23
235.56	49889.91
235.63	49898.75
235.70	49913.69
235.77	49914.44
235.84	49923.93
235.91	49920.16
235.98	49914.30
236.06	49903.64
236.13	49892.00
236.20	49879.75
236.27	49855.20
236.34	49834.90
236.41	49815.87
236.48	49811.27
236.55	49806.57
236.63	49812.73
236.70	49813.27
236.77	49827.52
236.84	49843.44
236.91	49854.50
236.98	49866.80
237.05	49886.98
237.12	49888.04
237.19	49881.79
237.27	49876.36
237.34	49880.58
237.41	49869.75
237.48	49857.38
237.55	49841.45
237.62	49830.13
237.69	49825.91
237.76	49826.41
237.83	49839.29
237.91	49850.44
237.98	49857.10
238.05	49851.52
238.12	49845.59
238.19	49835.13
238.26	49831.53
238.33	49820.26
238.40	49812.77
238.47	49805.54
238.54	49792.72
238.62	49778.22
238.69	49765.50
238.76	49753.24
238.83	49736.03
238.90	49732.09
238.97	49726.41
239.04	49726.10
239.11	49724.22
239.18	49730.30
239.25	49727.93
239.33	49710.75
239.40	49697.89
239.47	49673.84
239.54	49649.60
239.61	49615.70
239.68	49584.80
239.75	49563.68
239.82	49553.26
239.89	49539.77
239.96	49544.01
240.03	49554.63
240.11	49554.48
240.18	49547.84
240.25	49546.51
240.32	49531.89
240.39	49518.29
240.46	49500.06
240.53	49497.55
240.60	49491.91
240.67	49488.29
240.74	49480.96
240.81	49482.59
240.88	49469.11
240.96	49454.80
241.03	49446.48
241.10	49443.40
241.17	49442.86
241.24	49440.75
241.31	49443.64
241.38	49433.84
241.45	49422.79
241.52	49408.24
241.59	49394.54
241.66	49373.95
241.73	49362.61
241.80	49354.45
241.88	49334.77
241.95	49318.28
242.02	49302.25
242.09	49280.45
242.16	49254.53
242.23	49243.69
242.30	49234.59
242.37	49221.71
242.44	49225.34
242.51	49223.30
242.58	49220.19
242.65	49215.53
242.72	49215.54
242.79	49203.14
242.87	49205.52
242.94	49189.46
243.01	49179.26
243.08	49181.95
243.15	49182.65
243.22	49173.86
243.29	49183.02
243.36	49187.74
243.43	49186.09
243.50	49202.56
243.57	49217.04
243.64	49223.62
243.71	49236.89
243.78	49237.84
243.85	49218.57
243.92	49204.37
243.99	49191.81
244.07	49176.81
244.14	49160.70
244.21	49155.39
244.28	49149.26
244.35	49137.03
244.42	49128.42
244.49	49128.25
244.56	49129.29
244.63	49134.60
244.70	49136.75
244.77	49144.06
244.84	49149.74
244.91	49159.25
244.98	49170.98
245.05	49186.85
245.12	49199.34
245.19	49216.71
245.26	49225.79
245.33	49235.87
245.40	49259.32
245.47	49289.33
245.55	49307.78
245.62	49324.51
245.69	49323.50
245.76	49317.96
245.83	49306.22
245.90	49297.20
245.97	49293.76
246.04	49310.16
246.11	49319.36
246.18	49318.18
246.25	49323.27
246.32	49317.44
246.39	49314.99
246.46	49318.78
246.53	49331.83
246.60	49345.66
246.67	49366.54
246.74	49382.26
246.81	49402.19
246.88	49415.87
246.95	49431.18
247.02	49452.68
247.09	49469.94
247.16	49470.09
247.23	49463.74
247.30	49457.77
247.37	49440.46
247.44	49440.77
247.51	49447.57
247.58	49474.54
247.66	49502.60
247.73	49545.05
247.80	49562.56
247.87	49590.93
247.94	49618.36
248.01	49648.92
248.08	49667.28
248.15	49693.59
248.22	49720.44
248.29	49743.11
248.36	49749.74
248.43	49771.54
248.50	49797.79
248.57	49815.68
248.64	49826.40
248.71	49847.70
248.78	49864.79
248.85	49870.70
248.92	49887.00
248.99	49896.82
249.06	49908.20
249.13	49914.97
249.20	49938.47
249.27	49948.10
249.34	49968.88
249.41	49973.07
249.48	49963.94
249.55	49942.05
249.62	49939.82
249.69	49937.58
249.76	49965.02
249.83	50008.81
249.90	50053.28
249.97	50091.60
250.04	50135.88
250.11	50168.02
250.18	50189.34
250.25	50209.06
250.32	50220.86
250.39	50231.80
250.46	50243.98
250.53	50259.28
250.60	50281.32
250.67	50306.12
250.74	50321.90
250.81	50324.40
250.88	50339.29
250.95	50356.67
251.02	50365.66
251.09	50384.59
251.16	50412.66
251.23	50434.96
251.30	50442.33
251.37	50454.81
251.44	50461.84
251.51	50470.76
251.58	50474.14
251.65	50488.23
251.72	50495.18
251.79	50506.98
251.86	50518.26
251.93	50530.54
252.00	50538.27
252.07	50553.63
252.14	50565.98
252.21	50565.77
252.28	50568.16
252.35	50578.58
252.42	50600.79
252.49	50604.09
252.56	50618.46
252.63	50624.63
252.70	50624.09
252.77	50620.65
252.84	50629.10
252.91	50635.54
252.98	50653.37
253.05	50669.10
253.12	50671.16
253.19	50677.41
253.25	50684.43
253.32	50685.91
253.39	50706.06
253.46	50735.75
253.53	50755.25
253.60	50771.01
253.67	50778.17
253.74	50786.09
253.81	50795.40
253.88	50805.21
253.95	50815.76
254.02	50834.63
254.09	50840.16
254.16	50839.49
254.23	50842.56
254.30	50843.85
254.37	50856.29
254.44	50871.47
254.51	50885.83
254.58	50895.17
254.65	50909.37
254.72	50914.51
254.79	50899.64
254.86	50895.37
254.93	50889.17
255.00	50892.66
255.07	50884.10
255.14	50891.99
255.21	50884.43
255.28	50879.61
255.34	50854.57
255.41	50844.48
255.48	50832.42
255.55	50831.47
255.62	50835.33
255.69	50845.14
255.76	50850.41
255.83	50858.11
255.90	50864.91
255.97	50878.44
256.04	50874.30
256.11	50878.50
256.18	50875.28
256.25	50865.33
256.32	50849.64
256.39	50859.37
256.46	50855.12
256.53	50850.93
256.60	50849.48
256.67	50846.19
256.74	50834.75
256.80	50835.52
256.87	50829.89
256.94	50825.07
257.01	50819.26
257.08	50818.80
257.15	50800.63
257.22	50792.89
257.29	50766.64
257.36	50750.87
257.43	50727.93
257.50	50716.89
257.57	50702.11
257.64	50706.50
257.71	50690.60
257.78	50676.87
257.85	50659.66
257.92	50643.03
257.98	50626.79
258.05	50621.23
258.12	50603.92
258.19	50583.02
258.26	50563.92
258.33	50544.14
258.40	50529.39
258.47	50525.59
258.54	50530.12
258.61	50531.49
258.68	50525.41
258.75	50509.95
258.82	50498.19
258.89	50471.38
258.95	50449.68
259.02	50429.84
259.09	50410.81
259.16	50383.48
259.23	50361.79
259.30	50331.76
259.37	50310.84
259.44	50293.84
259.51	50285.53
259.58	50281.66
259.65	50272.91
259.72	50248.00
259.79	50211.88
259.85	50173.64
259.92	50130.97
259.99	50107.11
260.06	50079.35
260.13	50058.41
260.20	50030.04
260.27	49991.47
260.34	49944.59
260.41	49917.73
260.48	49894.52
260.55	49875.54
260.62	49873.65
260.68	49860.65
260.75	49833.97
260.82	49809.28
260.89	49792.40
260.96	49764.40
261.03	49744.16
261.10	49721.50
261.17	49693.20
261.24	49646.60
261.31	49609.51
261.38	49576.87
261.44	49545.19
261.51	49505.75
261.58	49475.89
261.65	49433.16
261.72	49389.87
261.79	49349.19
261.86	49316.48
261.93	49293.17
262.00	49272.26
262.07	49242.36
262.13	49210.88
262.20	49178.12
262.27	49126.28
262.34	49087.60
262.41	49057.06
262.48	49022.40
262.55	48994.05
262.62	48968.42
262.69	48931.83
262.76	48899.68
262.82	48873.17
262.89	48839.51
262.96	48811.34
263.03	48784.09
263.10	48747.85
263.17	48714.14
263.24	48672.70
263.31	48633.36
263.38	48595.71
263.44	48566.51
263.51	48520.89
263.58	48476.73
263.65	48435.45
263.72	48387.06
263.79	48335.28
263.86	48295.58
263.93	48258.61
264.00	48219.10
264.06	48189.90
264.13	48153.20
264.20	48123.21
264.27	48088.25
264.34	48048.70
264.41	48001.69
264.48	47959.55
264.55	47909.99
264.61	47860.76
264.68	47817.46
264.75	47778.91
264.82	47725.52
264.89	47678.89
264.96	47644.94
265.03	47603.93
265.10	47567.56
265.16	47542.33
265.23	47512.01
265.30	47484.43
265.37	47451.17
265.44	47406.22
265.51	47359.29
265.58	47308.10
265.65	47244.42
265.71	47196.58
265.78	47159.68
265.85	47116.39
265.92	47082.64
265.99	47046.31
266.06	47002.61
266.13	46953.07
266.20	46918.21
266.26	46877.67
266.33	46835.88
266.40	46793.57
266.47	46744.27
266.54	46679.22
266.61	46617.87
266.68	46558.11
266.74	46504.79
266.81	46455.43
266.88	46411.94
266.95	46361.22
267.02	46323.94
267.09	46276.27
267.16	46233.74
267.22	46195.48
267.29	46161.22
267.36	46119.85
267.43	46085.88
267.50	46051.88
267.57	46016.02
267.64	45981.89
267.70	45946.76
267.77	45902.06
267.84	45864.18
267.91	45816.18
267.98	45764.70
268.05	45721.73
268.11	45679.06
268.18	45627.53
268.25	45583.88
268.32	45545.44
268.39	45500.61
268.46	45459.96
268.53	45415.49
268.59	45381.45
268.66	45344.39
268.73	45300.69
268.80	45262.81
268.87	45221.56
268.94	45177.99
269.00	45132.96
269.07	45097.52
269.14	45063.45
269.21	45038.01
269.28	45001.61
269.35	44962.34
269.41	44926.55
269.48	44879.57
269.55	44821.47
269.62	44770.34
269.69	44731.83
269.76	44679.74
269.82	44636.18
269.89	44612.19
269.96	44586.87
270.03	44548.59
270.10	44522.76
270.17	44484.66
270.23	44442.99
270.30	44394.91
270.37	44364.42
270.44	44331.88
270.51	44298.61
270.58	44265.37
270.64	44246.28
270.71	44207.42
270.78	44172.96
270.85	44143.62
270.92	44108.73
270.99	44068.68
271.05	44041.36
271.12	43999.38
271.19	43963.75
271.26	43917.75
271.33	43871.33
271.39	43831.27
271.46	43786.14
271.53	43748.83
271.60	43729.85
271.67	43709.21
271.74	43674.07
271.80	43655.81
271.87	43635.71
271.94	43601.41
272.01	43565.85
272.08	43533.75
272.14	43496.76
272.21	43465.00
272.28	43441.28
272.35	43419.98
272.42	43398.58
272.48	43381.21
272.55	43355.69
272.62	43327.29
272.69	43306.02
272.76	43297.97
272.83	43277.95
272.89	43245.23
272.96	43219.92
273.03	43189.16
273.10	43140.99
273.17	43105.99
273.23	43085.19
273.30	43065.78
273.37	43044.84
273.44	43025.75
273.51	43004.18
273.57	42984.99
273.64	42954.48
273.71	42933.94
273.78	42910.87
273.85	42893.53
273.91	42872.15
273.98	42860.94
274.05	42846.83
274.12	42843.63
274.19	42822.54
274.25	42799.83
274.32	42775.31
274.39	42739.84
274.46	42693.19
274.53	42646.99
274.59	42601.33
274.66	42562.48
274.73	42533.84
274.80	42504.39
274.86	42489.14
274.93	42471.15
275.00	42439.10
275.07	42398.30
275.14	42368.07
275.20	42333.34
275.27	42309.67
275.34	42287.44
275.41	42273.26
275.48	42254.26
275.54	42237.04
275.61	42211.34
275.68	42195.01
275.75	42172.20
275.81	42149.08
275.88	42124.64
275.95	42099.90
276.02	42069.44
276.09	42043.60
276.15	42016.65
276.22	41993.34
276.29	41977.30
276.36	41949.74
276.42	41923.00
276.49	41897.29
276.56	41874.86
276.63	41841.25
276.70	41821.87
276.76	41804.55
276.83	41791.89
276.90	41773.58
276.97	41756.12
277.03	41735.05
277.10	41710.30
277.17	41687.96
277.24	41673.45
277.30	41661.30
277.37	41650.62
277.44	41637.62
277.51	41623.76
277.58	41594.01
277.64	41570.77
277.71	41548.09
277.78	41524.91
277.85	41490.53
277.91	41465.09
277.98	41437.27
278.05	41409.34
278.12	41393.01
278.18	41376.72
278.25	41358.20
278.32	41337.71
278.39	41320.02
278.45	41302.68
278.52	41288.62
278.59	41272.77
278.66	41258.24
278.72	41240.54
278.79	41217.78
278.86	41198.64
278.93	41186.37
278.99	41166.26
279.06	41149.09
279.13	41120.49
279.20	41098.10
279.26	41082.44
279.33	41064.56
279.40	41040.26
279.47	41023.53
279.53	41002.24
279.60	40970.30
279.67	40943.27
279.74	40911.68
279.80	40891.89
279.87	40876.52
279.94	40859.63
280.01	40849.18
280.07	40839.23
280.14	40818.30
280.21	40789.85
280.28	40765.30
280.34	40735.56
280.41	40712.33
280.48	40683.14
280.55	40660.33
280.61	40635.62
280.68	40613.52
280.75	40585.94
280.82	40554.36
280.88	40516.51
280.95	40463.69
281.02	40408.53
281.08	40332.64
281.15	40266.96
281.22	40202.70
281.29	40144.09
281.35	40089.68
281.42	40062.79
281.49	40025.58
281.56	39990.10
281.62	39967.35
281.69	39935.27
281.76	39908.59
281.82	39879.14
281.89	39851.47
281.96	39821.43
282.03	39799.63
282.09	39767.83
282.16	39750.30
282.23	39724.39
282.30	39693.25
282.36	39668.35
282.43	39651.41
282.50	39637.64
282.56	39615.00
282.63	39603.47
282.70	39582.84
282.77	39567.49
282.83	39541.71
282.90	39529.83
282.97	39509.99
283.03	39487.62
283.10	39454.78
283.17	39431.42
283.24	39402.84
283.30	39374.65
283.37	39348.33
283.44	39329.59
283.50	39301.09
283.57	39288.22
283.64	39268.32
283.71	39240.63
283.77	39203.97
283.84	39182.44
283.91	39138.33
283.97	39106.38
284.04	39100.72
284.11	39102.13
284.18	39103.33
284.24	39112.55
284.31	39124.87
284.38	39120.83
284.44	39108.08
284.51	39084.28
284.58	39072.75
284.64	39060.91
284.71	39050.78
284.78	39039.76
284.85	39033.69
284.91	39017.87
284.98	38996.54
285.05	38963.19
285.11	38948.42
285.18	38929.83
285.25	38915.52
285.31	38905.59
285.38	38908.50
285.45	38908.33
285.52	38904.21
285.58	38898.85
285.65	38888.97
285.72	38871.82
285.78	38849.64
285.85	38838.46
285.92	38826.49
285.98	38811.02
286.05	38805.22
286.12	38798.91
286.18	38786.11
286.25	38776.16
286.32	38774.95
286.39	38774.31
286.45	38769.76
286.52	38762.04
286.59	38751.37
286.65	38737.64
286.72	38726.40
286.79	38713.02
286.85	38703.98
286.92	38692.51
286.99	38689.50
287.05	38664.78
287.12	38655.21
287.19	38645.55
287.25	38644.28
287.32	38634.82
287.39	38639.53
287.45	38638.19
287.52	38644.41
287.59	38652.83
287.65	38655.60
287.72	38656.10
287.79	38649.34
287.86	38640.26
287.92	38617.39
287.99	38602.48
288.06	38593.94
288.12	38589.23
288.19	38583.19
288.26	38575.65
288.32	38564.83
288.39	38558.67
288.46	38557.69
288.52	38552.12
288.59	38555.24
288.66	38561.72
288.72	38560.30
288.79	38553.62
288.86	38551.23
288.92	38553.67
288.99	38545.20
289.06	38547.22
289.12	38547.35
289.19	38551.67
289.26	38553.29
289.32	38561.27
289.39	38564.40
289.45	38574.45
289.52	38567.63
289.59	38567.86
289.65	38571.14
289.72	38575.59
289.79	38582.69
289.85	38594.76
289.92	38601.04
289.99	38609.77
290.05	38605.60
290.12	38591.83
290.19	38589.70
290.25	38581.25
290.32	38575.57
290.39	38580.49
290.45	38590.80
290.52	38595.09
290.59	38601.71
290.65	38602.67
290.72	38601.15
290.79	38597.11
290.85	38597.66
290.92	38609.39
290.98	38617.74
291.05	38635.08
291.12	38650.55
291.18	38665.13
291.25	38670.96
291.32	38676.13
291.38	38670.84
291.45	38667.49
291.52	38660.93
291.58	38664.78
291.65	38673.95
291.72	38694.13
291.78	38716.31
291.85	38733.09
291.91	38746.92
291.98	38767.71
292.05	38771.74
292.11	38775.62
292.18	38790.27
292.25	38791.68
292.31	38780.18
292.38	38780.85
292.45	38778.05
292.51	38784.84
292.58	38793.95
292.64	38810.89
292.71	38825.27
292.78	38849.06
292.84	38850.05
292.91	38861.49
292.98	38873.98
293.04	38879.49
293.11	38879.39
293.17	38889.73
293.24	38901.87
293.31	38908.77
293.37	38926.47
293.44	38939.58
293.51	38953.24
293.57	38959.83
293.64	38970.82
293.70	38981.67
293.77	38999.60
293.84	39014.59
293.90	39022.18
293.97	39030.93
294.04	39033.44
294.10	39029.60
294.17	39034.78
294.23	39048.25
294.30	39059.01
294.37	39072.16
294.43	39100.52
294.50	39107.12
294.56	39126.57
294.63	39140.51
294.70	39156.96
294.76	39166.07
294.83	39189.70
294.90	39202.19
294.96	39221.92
295.03	39243.62
295.09	39263.06
295.16	39285.65
295.23	39298.11
295.29	39307.39
295.36	39314.29
295.42	39318.50
295.49	39321.73
295.56	39343.62
295.62	39370.17
295.69	39382.45
295.75	39402.32
295.82	39416.94
295.89	39422.31
295.95	39418.23
296.02	39427.84
296.08	39425.90
296.15	39428.73
296.22	39437.10
296.28	39458.07
296.35	39479.19
296.41	39501.15
296.48	39524.70
296.55	39546.39
296.61	39566.36
296.68	39585.69
296.74	39611.82
296.81	39639.03
296.88	39661.39
296.94	39681.75
297.01	39697.34
297.07	39711.75
297.14	39721.54
297.20	39735.42
297.27	39743.22
297.34	39764.65
297.40	39785.05
297.47	39804.86
297.53	39820.07
297.60	39845.58
297.67	39856.30
297.73	39871.07
297.80	39885.84
297.86	39898.78
297.93	39904.32
298.00	39924.29
298.06	39937.49
298.13	39955.64
298.19	39969.26
298.26	39987.90
298.32	40003.58
298.39	40019.48
298.46	40029.55
298.52	40045.44
298.59	40063.00
298.65	40074.35
298.72	40090.48
298.78	40114.59
298.85	40132.56
298.92	40144.37
298.98	40164.08
299.05	40177.41
299.11	40192.43
299.18	40211.15
299.24	40224.27
299.31	40231.04
299.38	40244.95
299.44	40248.29
299.51	40258.27
299.57	40268.74
299.64	40287.03
299.70	40301.24
299.77	40318.10
299.84	40329.77
299.90	40332.26
299.97	40327.19
300.03	40330.40
300.10	40344.34
300.16	40352.45
300.23	40375.96
300.30	40398.59
300.36	40411.88
300.43	40423.47
300.49	40438.24
300.56	40460.65
300.62	40486.15
300.69	40507.36
300.75	40520.94
300.82	40534.43
300.89	40538.53
300.95	40542.15
301.02	40545.42
301.08	40550.60
301.15	40553.77
301.21	40566.68
301.28	40573.05
301.34	40579.77
301.41	40582.20
301.48	40587.04
301.54	40582.82
301.61	40586.34
301.67	40592.42
301.74	40601.04
301.80	40606.22
301.87	40602.54
301.93	40598.93
302.00	40596.76
302.06	40586.51
302.13	40578.90
302.20	40580.45
302.26	40571.83
302.33	40563.42
302.39	40556.11
302.46	40558.72
302.52	40550.42
302.59	40559.73
302.65	40566.46
302.72	40577.23
302.78	40581.16
302.85	40592.93
302.91	40581.40
302.98	40575.64
303.05	40568.35
303.11	40567.56
303.18	40555.40
303.24	40554.99
303.31	40547.27
303.37	40539.90
303.44	40522.51
303.50	40514.32
303.57	40502.18
303.63	40494.95
303.70	40489.61
303.76	40479.19
303.83	40472.69
303.89	40466.42
303.96	40456.28
304.03	40439.98
304.09	40422.76
304.16	40402.21
304.22	40379.46
304.29	40355.50
304.35	40330.56
304.42	40318.61
304.48	40302.07
304.55	40288.62
304.61	40279.63
304.68	40275.26
304.74	40269.26
304.81	40263.44
304.87	40241.33
304.94	40216.34
305.00	40193.04
305.07	40162.09
305.13	40130.81
305.20	40108.73
305.26	40096.06
305.33	40076.19
305.39	40058.89
305.46	40034.44
305.52	40022.49
305.59	39996.52
305.66	39974.17
305.72	39945.99
305.79	39925.44
305.85	39894.49
305.92	39859.98
305.98	39805.73
306.05	39680.39
306.11	39445.82
306.18	39152.25
306.24	38896.48
306.31	38753.53
306.37	38764.09
306.44	38940.10
306.50	39187.09
306.57	39395.06
306.63	39515.17
306.70	39547.15
306.76	39520.50
306.83	39481.35
306.89	39438.75
306.96	39403.42
307.02	39370.89
307.09	39346.74
307.15	39318.30
307.22	39302.19
307.28	39266.19
307.35	39231.35
307.41	39190.32
307.48	39152.82
307.54	39115.89
307.61	39079.81
307.67	39036.33
307.74	38994.73
307.80	38961.17
307.87	38916.44
307.93	38879.23
308.00	38846.86
308.06	38816.34
308.13	38774.71
308.19	38737.49
308.26	38692.91
308.32	38661.29
308.38	38630.99
308.45	38598.15
308.51	38569.42
308.58	38533.35
308.64	38478.45
308.71	38423.38
308.77	38373.13
308.84	38321.97
308.90	38295.32
308.97	38279.29
309.03	38263.04
309.10	38238.17
309.16	38206.57
309.23	38159.87
309.29	38115.60
309.36	38053.47
309.42	37998.39
309.49	37943.97
309.55	37886.42
309.62	37830.94
309.68	37786.04
309.75	37732.83
309.81	37687.10
309.88	37645.71
309.94	37592.84
310.00	37548.04
310.07	37506.77
310.13	37470.35
310.20	37428.47
310.26	37392.22
310.33	37352.36
310.39	37318.01
310.46	37271.23
310.52	37225.66
310.59	37182.44
310.65	37140.88
310.72	37099.14
310.78	37056.90
310.85	37013.44
310.91	36974.29
310.97	36936.93
311.04	36893.29
311.10	36846.29
311.17	36809.45
311.23	36768.75
311.30	36720.57
311.36	36680.95
311.43	36656.93
311.49	36615.28
311.56	36570.57
311.62	36524.29
311.69	36476.69
311.75	36426.15
311.81	36382.70
311.88	36340.39
311.94	36301.03
312.01	36278.66
312.07	36244.08
312.14	36213.66
312.20	36185.74
312.27	36152.32
312.33	36097.19
312.40	36041.86
312.46	35980.32
312.52	35927.88
312.59	35883.46
312.65	35837.34
312.72	35796.95
312.78	35757.60
312.85	35703.28
312.91	35645.09
312.98	35590.36
313.04	35543.54
313.10	35495.51
313.17	35456.78
313.23	35426.56
313.30	35390.40
313.36	35337.80
313.43	35289.45
313.49	35245.85
313.56	35188.56
313.62	35135.65
313.68	35090.69
313.75	35055.69
313.81	35008.61
313.88	34967.62
313.94	34926.27
314.01	34894.67
314.07	34857.25
314.13	34820.44
314.20	34785.02
314.26	34745.00
314.33	34693.56
314.39	34640.34
314.46	34576.96
314.52	34525.15
314.58	34473.54
314.65	34422.89
314.71	34375.14
314.78	34336.34
314.84	34292.84
314.91	34255.64
314.97	34222.28
315.03	34179.52
315.10	34142.71
315.16	34090.59
315.23	34046.55
315.29	34003.49
315.36	33961.69
315.42	33914.24
315.48	33873.89
315.55	33826.94
315.61	33767.88
315.68	33725.12
315.74	33685.90
315.81	33642.92
315.87	33598.47
315.93	33570.23
316.00	33538.31
316.06	33502.81
316.13	33484.03
316.19	33450.28
316.25	33384.90
316.32	33295.42
316.38	33179.91
316.45	33030.24
316.51	32866.07
316.58	32700.17
316.64	32512.13
316.70	32327.12
316.77	32119.23
316.83	31906.25
316.90	31666.65
316.96	31424.95
317.02	31165.35
317.09	30897.79
317.15	30614.99
317.22	30324.50
317.28	30010.18
317.34	29678.31
317.41	29340.39
317.47	28985.40
317.54	28617.69
317.60	28238.20
317.66	27838.90
317.73	27414.48
317.79	26983.76
317.86	26546.35
317.92	26087.27
317.98	25619.54
318.05	25135.44
318.11	24633.56
318.18	24126.76
318.24	23609.33
318.30	23077.61
318.37	22543.92
318.43	21997.13
318.50	21431.35
318.56	20860.85
318.62	20294.37
318.69	19717.46
318.75	19141.84
318.82	18557.57
318.88	17983.43
318.94	17400.71
319.01	16822.27
319.07	16247.26
319.13	15675.23
319.20	15100.68
319.26	14523.75
319.33	13955.41
319.39	13383.33
319.45	12831.56
319.52	12290.21
319.58	11758.44
319.65	11232.38
319.71	10719.67
319.77	10209.70
319.84	9710.58
319.90	9227.50
319.96	8755.56
320.03	8299.15
320.09	7857.72
320.16	7421.89
320.22	7006.54
320.28	6606.01
320.35	6220.68
320.41	5849.50
320.47	5503.49
320.54	5165.01
320.60	4848.53
320.67	4549.06
320.73	4262.05
320.79	3988.46
320.86	3736.02
320.92	3492.35
320.98	3265.92
321.05	3053.06
321.11	2851.99
321.18	2664.61
321.24	2491.96
321.30	2325.59
321.37	2176.44
321.43	2044.82
321.49	1918.90
321.56	1803.18
321.62	1701.70
321.68	1603.11
321.75	1511.41
321.81	1430.69
321.88	1356.37
321.94	1291.37
322.00	1235.08
322.07	1176.45
322.13	1123.35
322.19	1073.20
322.26	1020.66
322.32	976.34
322.38	939.21
322.45	908.85
322.51	876.49
322.58	852.77
322.64	820.84
322.70	794.35
322.77	761.92
322.83	741.38
322.89	711.30
322.96	686.09
323.02	660.39
323.08	634.87
323.15	606.85
323.21	584.63
323.27	562.89
323.34	540.29
323.40	518.62
323.46	495.72
323.53	467.64
323.59	397.72
323.65	299.82
323.72	188.49
323.78	81.80
323.85	-16.50
323.91	-67.01
323.97	-85.58
324.04	-85.61
