180.21	3438.22
180.28	-126.83
180.36	635.29
180.44	-45.01
180.51	-10.82
180.59	15.99
180.66	47.15
180.74	47.13
180.81	48.00
180.89	50.80
180.97	52.50
181.04	51.19
181.12	50.64
181.19	52.17
181.27	53.39
181.34	71.22
181.42	78.81
181.50	86.86
181.57	98.63
181.65	104.86
181.72	99.93
181.80	96.18
181.87	99.05
181.95	103.64
182.03	107.89
182.10	116.26
182.18	126.12
182.25	140.63
182.33	150.24
182.40	167.31
182.48	174.81
182.55	197.02
182.63	211.19
182.71	224.01
182.78	235.91
182.86	245.86
182.93	237.87
183.01	231.37
183.08	222.17
183.16	220.85
183.23	219.90
183.31	241.85
183.39	264.65
183.46	302.83
183.54	332.82
183.61	375.85
183.69	416.70
183.76	467.49
183.84	510.34
183.91	557.81
183.99	607.53
184.06	648.43
184.14	695.17
184.22	728.16
184.29	737.99
184.37	740.20
184.44	718.13
184.52	647.40
184.59	575.26
184.67	526.59
184.74	481.93
184.82	482.54
184.89	533.31
184.97	615.73
185.04	704.39
185.12	796.54
185.20	886.57
185.27	980.29
185.35	1059.50
185.42	1119.39
185.50	1192.44
185.57	1242.46
185.65	1296.84
185.72	1365.84
185.80	1438.89
185.87	1503.68
185.95	1585.60
186.02	1635.69
186.10	1641.11
186.17	1606.12
186.25	1486.94
186.33	1313.94
186.40	1171.34
186.48	1090.51
186.55	1084.86
186.63	1169.59
186.70	1331.09
186.78	1482.22
186.85	1617.60
186.93	1732.41
187.00	1861.33
187.08	1965.31
187.15	2093.83
187.23	2220.40
187.30	2334.13
187.38	2451.79
187.45	2585.56
187.53	2680.42
187.60	2773.95
187.68	2892.83
187.75	2967.65
187.83	3006.80
187.90	3045.62
187.98	3036.23
188.05	2916.19
188.13	2696.09
188.21	2455.39
188.28	2251.00
188.36	2104.51
188.43	2091.00
188.51	2231.17
188.58	2438.74
188.66	2629.68
188.73	2823.93
188.81	3001.99
188.88	3159.97
188.96	3293.67
189.03	3440.58
189.11	3577.79
189.18	3687.51
189.26	3797.32
189.33	3919.17
189.41	4011.43
189.48	4099.94
189.56	4206.59
189.63	4278.58
189.71	4330.40
189.78	4387.17
189.86	4403.67
189.93	4369.99
190.01	4297.45
190.08	4133.56
190.16	3855.26
190.23	3574.65
190.31	3381.90
190.38	3281.80
190.46	3315.76
190.53	3493.00
190.61	3734.15
190.68	3943.11
190.76	4138.98
190.83	4304.69
190.91	4465.40
190.98	4596.15
191.06	4738.01
191.13	4862.14
191.21	4974.83
191.28	5080.44
191.35	5189.69
191.43	5267.87
191.50	5345.68
191.58	5430.46
191.65	5487.35
191.73	5531.59
191.80	5572.49
191.88	5584.15
191.95	5579.04
192.03	5579.62
192.10	5566.88
192.18	5530.60
192.25	5443.20
192.33	5270.25
192.40	5072.30
192.48	4915.99
192.55	4822.19
192.63	4829.09
192.70	4962.13
192.78	5150.34
192.85	5341.53
192.93	5515.66
193.00	5663.16
193.08	5801.96
193.15	5922.68
193.22	6028.06
193.30	6117.41
193.37	6211.45
193.45	6275.11
193.52	6340.68
193.60	6395.51
193.67	6446.64
193.75	6480.75
193.82	6513.05
193.90	6531.49
193.97	6553.75
194.05	6576.04
194.12	6600.79
194.20	6639.76
194.27	6684.31
194.34	6708.96
194.42	6724.54
194.49	6736.16
194.57	6714.37
194.64	6645.33
194.72	6574.15
194.79	6518.39
194.87	6481.83
194.94	6490.19
195.02	6550.60
195.09	6636.55
195.17	6731.16
195.24	6824.15
195.31	6904.12
195.39	6981.97
195.46	7047.94
195.54	7108.49
195.61	7159.47
195.69	7198.23
195.76	7229.58
195.84	7267.25
195.91	7285.37
195.99	7297.26
196.06	7314.02
196.13	7335.38
196.21	7350.40
196.28	7375.04
196.36	7409.49
196.43	7440.48
196.51	7470.62
196.58	7498.32
196.66	7525.17
196.73	7546.65
196.80	7568.56
196.88	7584.54
196.95	7606.97
197.03	7618.54
197.10	7615.71
197.18	7608.70
197.25	7602.25
197.33	7608.80
197.40	7632.53
197.47	7663.17
197.55	7708.18
197.62	7752.63
197.70	7784.49
197.77	7813.04
197.85	7847.83
197.92	7876.59
197.99	7906.32
198.07	7935.61
198.14	7956.26
198.22	7981.15
198.29	7999.02
198.37	8019.34
198.44	8039.16
198.51	8062.26
198.59	8080.20
198.66	8110.79
198.74	8139.27
198.81	8169.54
198.89	8193.67
198.96	8221.78
199.03	8244.26
199.11	8276.47
199.18	8299.85
199.26	8329.31
199.33	8359.11
199.41	8387.81
199.48	8402.47
199.55	8420.32
199.63	8430.00
199.70	8445.22
199.78	8453.17
199.85	8473.13
199.93	8496.44
200.00	8532.36
200.07	8557.02
200.15	8599.25
200.22	8636.66
200.30	8669.94
200.37	8707.95
200.44	8749.82
200.52	8779.69
200.59	8817.12
200.67	8848.65
200.74	8870.97
200.81	8891.62
200.89	8911.67
200.96	8936.68
201.04	8962.67
201.11	8994.98
201.19	9027.64
201.26	9059.75
201.33	9078.81
201.41	9104.28
201.48	9133.65
201.56	9163.37
201.63	9207.10
201.70	9246.69
201.78	9289.58
201.85	9331.68
201.93	9375.65
202.00	9410.23
202.07	9451.92
202.15	9491.66
202.22	9525.59
202.30	9559.09
202.37	9589.14
202.44	9622.64
202.52	9660.95
202.59	9700.61
202.67	9732.93
202.74	9775.81
202.81	9813.85
202.89	9843.30
202.96	9881.10
203.04	9928.19
203.11	9968.63
203.18	10017.38
203.26	10073.80
203.33	10117.29
203.41	10160.28
203.48	10211.69
203.55	10243.68
203.63	10284.55
203.70	10331.05
203.77	10378.98
203.85	10421.46
203.92	10471.37
204.00	10525.75
204.07	10577.11
204.14	10630.29
204.22	10675.92
204.29	10736.18
204.37	10776.82
204.44	10820.55
204.51	10867.55
204.59	10920.24
204.66	10959.29
204.73	11019.21
204.81	11077.34
204.88	11137.13
204.96	11199.28
205.03	11262.81
205.10	11317.78
205.18	11372.81
205.25	11425.70
205.32	11483.55
205.40	11543.18
205.47	11602.32
205.55	11664.56
205.62	11729.34
205.69	11793.29
205.77	11857.64
205.84	11921.61
205.91	11982.09
205.99	12041.16
206.06	12097.92
206.14	12156.52
206.21	12221.99
206.28	12288.13
206.36	12359.04
206.43	12422.69
206.50	12495.46
206.58	12557.04
206.65	12626.18
206.72	12696.64
206.80	12778.53
206.87	12854.21
206.95	12942.64
207.02	13034.94
207.09	13123.16
207.17	13212.31
207.24	13300.57
207.31	13381.91
207.39	13458.19
207.46	13530.82
207.53	13595.94
207.61	13669.44
207.68	13739.46
207.75	13817.17
207.83	13903.16
207.90	13987.65
207.98	14065.28
208.05	14157.77
208.12	14240.32
208.20	14317.33
208.27	14406.72
208.34	14502.91
208.42	14583.09
208.49	14666.64
208.56	14749.33
208.64	14838.38
208.71	14919.98
208.78	15002.85
208.86	15101.06
208.93	15204.82
209.00	15299.76
209.08	15388.99
209.15	15494.88
209.22	15590.86
209.30	15682.98
209.37	15776.26
209.44	15887.30
209.52	15991.78
209.59	16090.07
209.67	16191.87
209.74	16291.31
209.81	16399.41
209.89	16500.00
209.96	16605.08
210.03	16712.24
210.11	16821.08
210.18	16909.96
210.25	17018.04
210.33	17129.94
210.40	17231.07
210.47	17338.38
210.55	17451.98
210.62	17550.86
210.69	17643.05
210.77	17749.60
210.84	17851.35
210.91	17969.87
210.99	18083.92
211.06	18204.16
211.13	18326.36
211.21	18447.36
211.28	18553.18
211.35	18670.61
211.42	18789.26
211.50	18905.06
211.57	19016.73
211.64	19136.09
211.72	19252.46
211.79	19368.73
211.86	19483.06
211.94	19618.89
212.01	19742.84
212.08	19867.09
212.16	19984.00
212.23	20112.61
212.30	20226.57
212.38	20344.23
212.45	20466.28
212.52	20599.72
212.60	20718.39
212.67	20846.90
212.74	20976.74
212.82	21098.04
212.89	21214.43
212.96	21338.34
213.03	21465.32
213.11	21599.13
213.18	21741.35
213.25	21891.74
213.33	22044.80
213.40	22189.49
213.47	22323.56
213.55	22448.29
213.62	22559.80
213.69	22672.48
213.77	22786.11
213.84	22908.33
213.91	23050.39
213.98	23192.18
214.06	23328.50
214.13	23471.80
214.20	23620.62
214.28	23767.11
214.35	23916.39
214.42	24062.93
214.50	24204.14
214.57	24332.60
214.64	24450.78
214.72	24573.41
214.79	24697.61
214.86	24824.40
214.93	24957.99
215.01	25102.31
215.08	25235.78
215.15	25370.16
215.23	25497.44
215.30	25636.30
215.37	25763.12
215.44	25916.01
215.52	26073.99
215.59	26235.44
215.66	26384.31
215.74	26534.73
215.81	26674.06
215.88	26809.16
215.95	26933.27
216.03	27065.91
216.10	27202.60
216.17	27343.82
216.25	27486.66
216.32	27647.27
216.39	27799.87
216.46	27952.26
216.54	28082.48
216.61	28215.57
216.68	28341.71
216.76	28477.40
216.83	28616.12
216.90	28778.61
216.97	28947.29
217.05	29115.67
217.12	29262.97
217.19	29383.82
217.27	29478.48
217.34	29563.38
217.41	29654.67
217.48	29770.32
217.56	29898.59
217.63	30058.06
217.70	30221.35
217.78	30383.38
217.85	30537.43
217.92	30700.45
217.99	30861.79
218.07	31012.39
218.14	31150.97
218.21	31292.07
218.28	31441.47
218.36	31582.25
218.43	31719.06
218.50	31863.69
218.57	31999.32
218.65	32117.16
218.72	32230.51
218.79	32363.53
218.87	32500.63
218.94	32643.13
219.01	32791.17
219.08	32929.79
219.16	33058.09
219.23	33177.97
219.30	33287.21
219.37	33406.22
219.45	33535.57
219.52	33675.14
219.59	33802.31
219.66	33929.75
219.74	34063.63
219.81	34215.13
219.88	34352.77
219.95	34499.21
220.03	34654.29
220.10	34787.25
220.17	34900.21
220.24	35021.28
220.32	35146.44
220.39	35263.20
220.46	35379.86
220.53	35512.39
220.61	35634.53
220.68	35765.24
220.75	35898.40
220.82	36045.50
220.90	36158.93
220.97	36253.69
221.04	36333.89
221.11	36425.34
221.19	36507.71
221.26	36609.26
221.33	36741.75
221.40	36875.31
221.48	37007.37
221.55	37139.63
221.62	37271.09
221.69	37395.74
221.77	37521.76
221.84	37637.85
221.91	37753.08
221.98	37870.79
222.06	37988.90
222.13	38115.73
222.20	38230.69
222.27	38340.15
222.35	38445.35
222.42	38557.36
222.49	38637.01
222.56	38714.74
222.63	38805.36
222.71	38901.16
222.78	38999.48
222.85	39119.93
222.92	39247.90
223.00	39350.44
223.07	39446.79
223.14	39524.45
223.21	39606.82
223.29	39701.90
223.36	39825.02
223.43	39945.07
223.50	40071.63
223.57	40199.24
223.65	40325.22
223.72	40441.00
223.79	40548.43
223.86	40647.91
223.94	40746.11
224.01	40825.73
224.08	40884.94
224.15	40950.52
224.22	41017.12
224.30	41068.99
224.37	41136.90
224.44	41228.10
224.51	41325.65
224.59	41421.30
224.66	41528.57
224.73	41637.67
224.80	41738.59
224.87	41835.33
224.95	41937.32
225.02	42038.45
225.09	42123.95
225.16	42207.74
225.23	42288.68
225.31	42378.72
225.38	42456.14
225.45	42547.41
225.52	42637.34
225.60	42723.22
225.67	42783.60
225.74	42831.92
225.81	42867.62
225.88	42921.94
225.96	43001.68
226.03	43109.52
226.10	43236.85
226.17	43365.68
226.24	43482.63
226.32	43572.09
226.39	43640.78
226.46	43695.61
226.53	43752.97
226.60	43801.70
226.68	43853.48
226.75	43914.15
226.82	43988.73
226.89	44063.95
226.96	44134.89
227.04	44188.24
227.11	44232.69
227.18	44277.60
227.25	44300.17
227.32	44349.58
227.40	44422.91
227.47	44495.37
227.54	44557.47
227.61	44640.41
227.68	44708.04
227.76	44775.30
227.83	44848.78
227.90	44919.23
227.97	44980.75
228.04	45037.01
228.11	45074.03
228.19	45104.70
228.26	45157.03
228.33	45224.57
228.40	45282.50
228.47	45351.31
228.55	45422.26
228.62	45488.01
228.69	45542.04
228.76	45604.70
228.83	45661.04
228.90	45715.48
228.98	45771.34
229.05	45833.68
229.12	45899.62
229.19	45968.89
229.26	46041.23
229.34	46087.52
229.41	46132.10
229.48	46178.89
229.55	46223.06
229.62	46269.26
229.69	46324.63
229.77	46369.80
229.84	46397.78
229.91	46433.80
229.98	46454.87
230.05	46484.52
230.12	46528.10
230.20	46590.74
230.27	46646.26
230.34	46715.47
230.41	46784.64
230.48	46840.44
230.55	46891.15
230.63	46941.42
230.70	46992.45
230.77	47015.01
230.84	47037.24
230.91	47058.10
230.98	47085.96
231.06	47113.69
231.13	47175.90
231.20	47255.98
231.27	47326.30
231.34	47379.34
231.41	47432.28
231.49	47476.63
231.56	47509.48
231.63	47549.38
231.70	47602.78
231.77	47639.18
231.84	47659.91
231.92	47667.77
231.99	47681.62
232.06	47702.91
232.13	47727.28
232.20	47775.09
232.27	47827.47
232.34	47869.51
232.42	47882.95
232.49	47913.93
232.56	47945.31
232.63	48000.38
232.70	48048.16
232.77	48118.18
232.85	48173.04
232.92	48213.76
232.99	48225.72
233.06	48248.81
233.13	48264.99
233.20	48271.80
233.27	48282.55
233.35	48292.39
233.42	48289.30
233.49	48288.37
233.56	48313.15
233.63	48330.83
233.70	48348.29
233.77	48380.54
233.85	48416.74
233.92	48448.04
233.99	48474.88
234.06	48517.30
234.13	48563.43
234.20	48605.77
234.27	48628.11
234.35	48657.09
234.42	48663.95
234.49	48661.27
234.56	48663.12
234.63	48660.74
234.70	48654.96
234.77	48651.64
234.84	48632.86
234.92	48601.23
234.99	48593.05
235.06	48599.33
235.13	48621.18
235.20	48650.90
235.27	48703.77
235.34	48738.61
235.41	48776.57
235.49	48800.66
235.56	48828.27
235.63	48822.60
235.70	48822.93
235.77	48799.90
235.84	48786.60
235.91	48770.20
235.98	48764.50
236.06	48764.47
236.13	48770.50
236.20	48775.96
236.27	48766.80
236.34	48770.24
236.41	48776.83
236.48	48769.57
236.55	48762.37
236.63	48765.67
236.70	48762.28
236.77	48747.57
236.84	48756.01
236.91	48746.60
236.98	48736.19
237.05	48726.71
237.12	48719.53
237.19	48700.34
237.27	48695.02
237.34	48696.22
237.41	48694.07
237.48	48682.84
237.55	48671.57
237.62	48655.86
237.69	48665.42
237.76	48672.41
237.83	48683.53
237.91	48692.45
237.98	48705.77
238.05	48690.79
238.12	48672.69
238.19	48662.95
238.26	48665.01
238.33	48651.91
238.40	48626.83
238.47	48603.13
238.54	48585.32
238.62	48556.77
238.69	48530.65
238.76	48514.12
238.83	48506.05
238.90	48510.20
238.97	48522.16
239.04	48537.27
239.11	48552.36
239.18	48570.57
239.25	48567.15
239.33	48547.03
239.40	48531.93
239.47	48511.29
239.54	48466.54
239.61	48412.07
239.68	48364.48
239.75	48325.20
239.82	48293.91
239.89	48273.22
239.96	48273.31
240.03	48277.49
240.11	48291.82
240.18	48311.69
240.25	48331.37
240.32	48335.63
240.39	48347.26
240.46	48342.71
240.53	48349.39
240.60	48370.60
240.67	48398.40
240.74	48411.13
240.81	48430.44
240.88	48427.10
240.96	48411.67
241.03	48386.76
241.10	48364.59
241.17	48335.65
241.24	48312.80
241.31	48293.32
241.38	48280.58
241.45	48277.35
241.52	48278.85
241.59	48283.45
241.66	48296.14
241.73	48311.79
241.80	48323.00
241.88	48319.41
241.95	48297.57
242.02	48257.49
242.09	48202.41
242.16	48143.53
242.23	48118.90
242.30	48109.51
242.37	48114.06
242.44	48127.75
242.51	48130.46
242.58	48115.27
242.65	48109.37
242.72	48109.38
242.79	48102.53
242.87	48116.44
242.94	48122.56
243.01	48113.12
243.08	48103.53
243.15	48099.84
243.22	48094.66
243.29	48098.59
243.36	48113.11
243.43	48126.78
243.50	48154.68
243.57	48181.30
243.64	48197.01
243.71	48216.16
243.78	48226.17
243.85	48212.22
243.92	48191.57
243.99	48184.43
244.07	48163.03
244.14	48129.47
244.21	48125.49
244.28	48142.77
244.35	48153.93
244.42	48182.21
244.49	48223.18
244.56	48251.22
244.63	48254.96
244.70	48254.10
244.77	48250.11
244.84	48247.60
244.91	48227.51
244.98	48221.59
245.05	48234.07
245.12	48257.22
245.19	48282.05
245.26	48322.52
245.33	48361.00
245.40	48394.48
245.47	48411.38
245.55	48431.38
245.62	48446.08
245.69	48460.23
245.76	48479.88
245.83	48493.33
245.90	48507.08
245.97	48515.02
246.04	48523.75
246.11	48518.89
246.18	48516.15
246.25	48502.32
246.32	48496.54
246.39	48494.20
246.46	48499.53
246.53	48520.49
246.60	48535.04
246.67	48564.72
246.74	48593.51
246.81	48629.51
246.88	48647.66
246.95	48681.83
247.02	48695.81
247.09	48706.13
247.16	48704.48
247.23	48694.67
247.30	48663.77
247.37	48633.70
247.44	48623.74
247.51	48608.53
247.58	48614.68
247.66	48655.69
247.73	48716.82
247.80	48762.34
247.87	48816.19
247.94	48874.13
248.01	48931.06
248.08	48972.25
248.15	49002.89
248.22	49040.31
248.29	49074.38
248.36	49093.30
248.43	49121.87
248.50	49158.43
248.57	49183.04
248.64	49200.67
248.71	49225.66
248.78	49255.26
248.85	49274.03
248.92	49298.60
248.99	49314.57
249.06	49315.52
249.13	49294.13
249.20	49275.42
249.27	49252.55
249.34	49250.35
249.41	49266.95
249.48	49286.22
249.55	49307.62
249.62	49330.42
249.69	49341.26
249.76	49358.14
249.83	49389.78
249.90	49424.85
249.97	49459.78
250.04	49519.36
250.11	49573.84
250.18	49617.71
250.25	49660.67
250.32	49691.96
250.39	49711.60
250.46	49711.62
250.53	49723.62
250.60	49739.35
250.67	49775.92
250.74	49802.60
250.81	49812.78
250.88	49814.22
250.95	49819.96
251.02	49809.98
251.09	49798.80
251.16	49827.54
251.23	49866.45
251.30	49907.60
251.37	49940.90
251.44	49977.30
251.51	50012.25
251.58	50036.61
251.65	50051.34
251.72	50075.79
251.79	50088.26
251.86	50074.08
251.93	50048.61
252.00	50010.33
252.07	49967.86
252.14	49947.68
252.21	49951.03
252.28	49967.20
252.35	50002.75
252.42	50065.33
252.49	50113.65
252.56	50158.68
252.63	50204.92
252.70	50229.75
252.77	50236.25
252.84	50247.56
252.91	50243.08
252.98	50221.21
253.05	50217.71
253.12	50220.33
253.19	50233.72
253.25	50256.83
253.32	50287.82
253.39	50326.78
253.46	50352.23
253.53	50364.90
253.60	50357.54
253.67	50367.58
253.74	50381.02
253.81	50406.60
253.88	50425.88
253.95	50458.52
254.02	50478.11
254.09	50476.92
254.16	50473.88
254.23	50466.17
254.30	50453.49
254.37	50455.26
254.44	50469.03
254.51	50488.06
254.58	50504.41
254.65	50533.79
254.72	50533.67
254.79	50511.12
254.86	50492.28
254.93	50475.79
255.00	50464.94
255.07	50477.46
255.14	50501.12
255.21	50489.29
255.28	50474.93
255.34	50443.80
255.41	50431.15
255.48	50435.18
255.55	50456.44
255.62	50491.61
255.69	50532.22
255.76	50556.80
255.83	50582.64
255.90	50605.75
255.97	50627.60
256.04	50637.86
256.11	50644.85
256.18	50639.08
256.25	50621.36
256.32	50597.37
256.39	50573.38
256.46	50545.18
256.53	50511.68
256.60	50492.59
256.67	50473.00
256.74	50467.21
256.80	50460.46
256.87	50442.62
256.94	50427.31
257.01	50422.74
257.08	50418.65
257.15	50414.41
257.22	50427.07
257.29	50431.09
257.36	50424.55
257.43	50412.26
257.50	50403.07
257.57	50386.82
257.64	50388.29
257.71	50385.27
257.78	50386.31
257.85	50376.64
257.92	50374.52
257.98	50369.65
258.05	50361.05
258.12	50348.31
258.19	50328.39
258.26	50292.29
258.33	50240.28
258.40	50199.39
258.47	50161.79
258.54	50150.48
258.61	50163.29
258.68	50184.45
258.75	50213.16
258.82	50236.01
258.89	50227.34
258.95	50194.07
259.02	50162.89
259.09	50116.78
259.16	50053.75
259.23	50002.85
259.30	49971.11
259.37	49940.49
259.44	49921.85
259.51	49922.32
259.58	49935.94
259.65	49931.33
259.72	49919.42
259.79	49886.26
259.85	49851.89
259.92	49817.36
259.99	49812.09
260.06	49803.83
260.13	49797.69
260.20	49785.44
260.27	49750.25
260.34	49691.41
260.41	49639.06
260.48	49595.64
260.55	49566.76
260.62	49540.25
260.68	49507.48
260.75	49481.14
260.82	49469.37
260.89	49451.67
260.96	49442.75
261.03	49448.18
261.10	49444.68
261.17	49430.74
261.24	49405.01
261.31	49373.06
261.38	49329.81
261.44	49284.58
261.51	49236.06
261.58	49193.65
261.65	49166.15
261.72	49127.28
261.79	49083.79
261.86	49029.07
261.93	48990.53
262.00	48952.83
262.07	48918.49
262.13	48891.84
262.20	48881.58
262.27	48853.36
262.34	48818.16
262.41	48787.32
262.48	48746.41
262.55	48700.99
262.62	48647.98
262.69	48583.70
262.76	48533.24
262.82	48488.99
262.89	48442.31
262.96	48403.17
263.03	48378.95
263.10	48349.59
263.17	48301.02
263.24	48249.35
263.31	48219.37
263.38	48179.93
263.44	48143.97
263.51	48120.25
263.58	48101.38
263.65	48066.76
263.72	48022.31
263.79	47968.01
263.86	47912.83
263.93	47857.03
264.00	47801.29
264.06	47769.47
264.13	47744.57
264.20	47728.35
264.27	47697.71
264.34	47664.66
264.41	47622.17
264.48	47582.35
264.55	47543.98
264.61	47518.79
264.68	47492.32
264.75	47467.85
264.82	47404.79
264.89	47331.19
264.96	47262.04
265.03	47184.79
265.10	47121.03
265.16	47088.16
265.23	47070.33
265.30	47057.69
265.37	47046.49
265.44	47010.61
265.51	46987.36
265.58	46951.93
265.65	46903.06
265.71	46855.02
265.78	46812.64
265.85	46747.20
265.92	46689.26
265.99	46633.07
266.06	46584.43
266.13	46527.13
266.20	46493.64
266.26	46467.96
266.33	46435.01
266.40	46384.62
266.47	46332.10
266.54	46253.09
266.61	46173.60
266.68	46105.07
266.74	46050.22
266.81	46012.07
266.88	45982.14
266.95	45925.83
267.02	45880.16
267.09	45833.52
267.16	45775.00
267.22	45727.51
267.29	45708.05
267.36	45690.53
267.43	45670.11
267.50	45642.20
267.57	45606.91
267.64	45557.63
267.70	45506.73
267.77	45449.65
267.84	45406.64
267.91	45357.86
267.98	45308.04
268.05	45241.91
268.11	45180.32
268.18	45121.59
268.25	45066.21
268.32	45016.29
268.39	44973.57
268.46	44942.14
268.53	44920.95
268.59	44906.01
268.66	44888.36
268.73	44863.69
268.80	44837.92
268.87	44789.60
268.94	44749.02
269.00	44714.24
269.07	44676.58
269.14	44634.90
269.21	44593.81
269.28	44552.14
269.35	44504.46
269.41	44461.11
269.48	44416.09
269.55	44362.69
269.62	44296.22
269.69	44234.98
269.76	44164.11
269.82	44097.85
269.89	44057.49
269.96	44037.03
270.03	44016.75
270.10	44001.94
270.17	43980.65
270.23	43946.74
270.30	43905.79
270.37	43869.99
270.44	43841.11
270.51	43810.38
270.58	43786.89
270.64	43758.22
270.71	43711.11
270.78	43676.50
270.85	43636.18
270.92	43583.04
270.99	43529.63
271.05	43489.28
271.12	43436.02
271.19	43386.70
271.26	43345.96
271.33	43306.06
271.39	43269.23
271.46	43211.27
271.53	43171.19
271.60	43141.68
271.67	43117.94
271.74	43087.77
271.80	43081.77
271.87	43079.33
271.94	43046.79
272.01	43000.16
272.08	42965.20
272.14	42924.34
272.21	42882.33
272.28	42867.67
272.35	42852.14
272.42	42827.33
272.48	42813.67
272.55	42788.02
272.62	42761.03
272.69	42754.50
272.76	42753.44
272.83	42735.94
272.89	42717.18
272.96	42688.05
273.03	42638.17
273.10	42587.58
273.17	42542.58
273.23	42494.72
273.30	42450.79
273.37	42419.71
273.44	42394.33
273.51	42378.32
273.57	42370.87
273.64	42364.05
273.71	42359.12
273.78	42344.89
273.85	42317.94
273.91	42285.89
273.98	42261.08
274.05	42232.21
274.12	42203.19
274.19	42185.82
274.25	42158.98
274.32	42139.06
274.39	42098.82
274.46	42049.27
274.53	41991.47
274.59	41934.94
274.66	41872.55
274.73	41830.70
274.80	41795.73
274.86	41759.47
274.93	41744.02
275.00	41725.91
275.07	41700.47
275.14	41672.74
275.20	41639.17
275.27	41597.17
275.34	41550.52
275.41	41520.19
275.48	41499.25
275.54	41493.80
275.61	41479.56
275.68	41466.33
275.75	41434.23
275.81	41394.73
275.88	41359.85
275.95	41324.35
276.02	41288.07
276.09	41256.84
276.15	41225.43
276.22	41194.12
276.29	41176.77
276.36	41143.63
276.42	41121.78
276.49	41094.81
276.56	41042.66
276.63	40978.82
276.70	40932.69
276.76	40901.89
276.83	40877.45
276.90	40875.88
276.97	40872.63
277.03	40879.43
277.10	40866.30
277.17	40859.67
277.24	40848.92
277.30	40837.56
277.37	40810.09
277.44	40783.60
277.51	40751.29
277.58	40707.87
277.64	40673.88
277.71	40648.36
277.78	40613.05
277.85	40566.61
277.91	40525.29
277.98	40485.08
278.05	40439.95
278.12	40401.17
278.18	40365.53
278.25	40343.90
278.32	40323.83
278.39	40320.08
278.45	40314.77
278.52	40319.19
278.59	40306.52
278.66	40279.51
278.72	40242.31
278.79	40214.81
278.86	40183.61
278.93	40167.30
278.99	40159.15
279.06	40145.71
279.13	40120.82
279.20	40108.54
279.26	40089.62
279.33	40074.11
279.40	40049.96
279.47	40017.28
279.53	39980.38
279.60	39940.25
279.67	39895.23
279.74	39854.23
279.80	39830.65
279.87	39797.90
279.94	39767.05
280.01	39743.37
280.07	39718.19
280.14	39684.26
280.21	39650.26
280.28	39616.95
280.34	39574.97
280.41	39528.56
280.48	39483.76
280.55	39447.26
280.61	39419.49
280.68	39402.95
280.75	39388.58
280.82	39364.74
280.88	39331.35
280.95	39274.54
281.02	39214.62
281.08	39153.33
281.15	39093.51
281.22	39036.74
281.29	38978.07
281.35	38911.69
281.42	38849.47
281.49	38788.95
281.56	38730.50
281.62	38696.14
281.69	38664.41
281.76	38643.05
281.82	38626.16
281.89	38604.62
281.96	38575.89
282.03	38544.90
282.09	38509.70
282.16	38474.03
282.23	38439.51
282.30	38402.15
282.36	38367.11
282.43	38333.24
282.50	38314.23
282.56	38279.66
282.63	38256.54
282.70	38234.78
282.77	38217.19
282.83	38188.29
282.90	38178.72
282.97	38163.43
283.03	38146.84
283.10	38130.43
283.17	38116.23
283.24	38095.37
283.30	38060.34
283.37	38033.26
283.44	37995.72
283.50	37943.48
283.57	37897.78
283.64	37852.84
283.71	37792.08
283.77	37745.81
283.84	37724.98
283.91	37699.52
283.97	37681.99
284.04	37686.72
284.11	37668.91
284.18	37651.90
284.24	37643.30
284.31	37643.16
284.38	37629.53
284.44	37628.59
284.51	37622.04
284.58	37611.52
284.64	37590.86
284.71	37573.95
284.78	37549.14
284.85	37522.50
284.91	37496.74
284.98	37473.53
285.05	37434.73
285.11	37410.15
285.18	37384.06
285.25	37359.24
285.31	37340.34
285.38	37337.44
285.45	37331.91
285.52	37317.87
285.58	37299.87
285.65	37271.26
285.72	37239.47
285.78	37214.70
285.85	37199.80
285.92	37183.62
285.98	37171.82
286.05	37163.07
286.12	37143.58
286.18	37123.37
286.25	37100.29
286.32	37073.13
286.39	37048.02
286.45	37020.62
286.52	36987.71
286.59	36965.31
286.65	36951.24
286.72	36945.17
286.79	36948.23
286.85	36954.53
286.92	36952.03
286.99	36948.39
287.05	36930.55
287.12	36914.33
287.19	36900.66
287.25	36895.84
287.32	36885.52
287.39	36880.74
287.45	36873.50
287.52	36861.72
287.59	36847.19
287.65	36840.87
287.72	36815.00
287.79	36786.64
287.86	36758.43
287.92	36726.80
287.99	36694.51
288.06	36692.33
288.12	36673.89
288.19	36658.69
288.26	36634.98
288.32	36623.69
288.39	36594.95
288.46	36585.53
288.52	36584.90
288.59	36592.19
288.66	36590.69
288.72	36590.84
288.79	36588.69
288.86	36568.79
288.92	36550.44
288.99	36524.14
289.06	36501.28
289.12	36476.57
289.19	36462.27
289.26	36451.13
289.32	36446.13
289.39	36436.92
289.45	36431.85
289.52	36421.85
289.59	36416.06
289.65	36403.18
289.72	36385.48
289.79	36380.02
289.85	36375.03
289.92	36359.23
289.99	36347.26
290.05	36349.53
290.12	36325.19
290.19	36304.21
290.25	36280.80
290.32	36256.56
290.39	36241.70
290.45	36237.61
290.52	36233.03
290.59	36232.90
290.65	36232.92
290.72	36213.29
290.79	36196.86
290.85	36190.22
290.92	36189.05
290.98	36188.45
291.05	36188.10
291.12	36184.13
291.18	36175.71
291.25	36162.62
291.32	36145.39
291.38	36129.19
291.45	36114.61
291.52	36092.05
291.58	36073.89
291.65	36059.51
291.72	36045.98
291.78	36036.72
291.85	36018.66
291.91	36001.65
291.98	35995.17
292.05	35987.79
292.11	35977.15
292.18	35976.59
292.25	35980.98
292.31	35964.03
292.38	35951.14
292.45	35941.82
292.51	35935.97
292.58	35916.79
292.64	35912.44
292.71	35904.66
292.78	35895.02
292.84	35873.39
292.91	35865.11
292.98	35851.41
293.04	35844.25
293.11	35827.27
293.17	35816.95
293.24	35805.59
293.31	35789.71
293.37	35777.12
293.44	35764.42
293.51	35761.66
293.57	35747.79
293.64	35738.53
293.70	35724.79
293.77	35712.18
293.84	35692.58
293.90	35678.15
293.97	35672.10
294.04	35661.94
294.10	35649.56
294.17	35641.14
294.23	35627.04
294.30	35604.44
294.37	35585.32
294.43	35578.66
294.50	35560.66
294.56	35551.39
294.63	35542.29
294.70	35529.47
294.76	35517.39
294.83	35509.37
294.90	35504.72
294.96	35495.36
295.03	35491.94
295.09	35488.48
295.16	35492.45
295.23	35478.33
295.29	35472.24
295.36	35452.56
295.42	35426.79
295.49	35392.95
295.56	35383.48
295.62	35371.56
295.69	35359.00
295.75	35354.42
295.82	35350.77
295.89	35326.93
295.95	35298.87
296.02	35278.05
296.08	35245.40
296.15	35211.63
296.22	35191.87
296.28	35172.97
296.35	35167.22
296.41	35160.75
296.48	35159.15
296.55	35152.19
296.61	35149.07
296.68	35137.02
296.74	35131.97
296.81	35125.88
296.88	35114.06
296.94	35101.96
297.01	35082.59
297.07	35057.51
297.14	35041.79
297.20	35031.71
297.27	35019.11
297.34	35021.87
297.40	35026.44
297.47	35010.48
297.53	34988.44
297.60	34973.55
297.67	34945.23
297.73	34922.83
297.80	34906.00
297.86	34886.29
297.93	34862.15
298.00	34844.08
298.06	34825.37
298.13	34817.82
298.19	34810.72
298.26	34801.43
298.32	34801.07
298.39	34792.37
298.46	34768.39
298.52	34750.16
298.59	34725.66
298.65	34690.63
298.72	34667.46
298.78	34652.39
298.85	34629.67
298.92	34612.92
298.98	34593.86
299.05	34563.89
299.11	34530.92
299.18	34506.68
299.24	34469.20
299.31	34432.82
299.38	34408.46
299.44	34387.37
299.51	34373.14
299.57	34366.29
299.64	34364.13
299.70	34351.95
299.77	34336.65
299.84	34303.74
299.90	34270.74
299.97	34228.85
300.03	34202.16
300.10	34187.50
300.16	34167.98
300.23	34154.09
300.30	34142.28
300.36	34118.27
300.43	34086.87
300.49	34058.75
300.56	34036.42
300.62	34017.53
300.69	33994.52
300.75	33965.51
300.82	33944.00
300.89	33916.17
300.95	33890.19
301.02	33847.27
301.08	33811.47
301.15	33780.05
301.21	33745.59
301.28	33713.68
301.34	33691.05
301.41	33663.35
301.48	33629.29
301.54	33601.24
301.61	33575.15
301.67	33549.63
301.74	33524.67
301.80	33499.35
301.87	33461.67
301.93	33411.51
302.00	33370.58
302.06	33320.20
302.13	33272.27
302.20	33241.29
302.26	33212.72
302.33	33189.22
302.39	33158.83
302.46	33126.31
302.52	33083.54
302.59	33040.92
302.65	32986.49
302.72	32946.76
302.78	32909.08
302.85	32874.24
302.91	32834.94
302.98	32806.92
303.05	32772.96
303.11	32739.75
303.18	32697.29
303.24	32661.15
303.31	32615.63
303.37	32577.06
303.44	32541.34
303.50	32498.84
303.57	32452.84
303.63	32405.22
303.70	32358.29
303.76	32299.26
303.83	32254.62
303.89	32211.63
303.96	32166.29
304.03	32121.81
304.09	32075.71
304.16	32025.87
304.22	31968.42
304.29	31921.40
304.35	31863.84
304.42	31819.56
304.48	31768.78
304.55	31724.97
304.61	31675.60
304.68	31630.88
304.74	31579.69
304.81	31536.56
304.87	31479.55
304.94	31428.32
305.00	31382.03
305.07	31321.91
305.13	31259.55
305.20	31206.42
305.26	31147.14
305.33	31089.06
305.39	31041.33
305.46	30980.03
305.52	30929.82
305.59	30882.13
305.66	30825.53
305.72	30772.91
305.79	30728.38
305.85	30667.96
305.92	30582.84
305.98	30468.24
306.05	30328.41
306.11	30176.59
306.18	30020.05
306.24	29887.30
306.31	29818.48
306.37	29809.89
306.44	29849.44
306.50	29910.42
306.57	29966.92
306.63	29997.84
306.70	29972.46
306.76	29920.24
306.83	29854.57
306.89	29781.96
306.96	29707.46
307.02	29647.98
307.09	29596.40
307.15	29542.03
307.22	29495.31
307.28	29431.70
307.35	29371.02
307.41	29295.18
307.48	29220.16
307.54	29149.30
307.61	29088.28
307.67	29026.02
307.74	28966.09
307.80	28915.80
307.87	28855.55
307.93	28795.56
308.00	28739.02
308.06	28686.52
308.13	28622.60
308.19	28562.90
308.26	28505.22
308.32	28443.16
308.38	28379.00
308.45	28317.05
308.51	28265.54
308.58	28208.84
308.64	28152.41
308.71	28104.06
308.77	28051.01
308.84	27979.37
308.90	27917.04
308.97	27859.67
309.03	27796.98
309.10	27729.64
309.16	27671.01
309.23	27603.16
309.29	27532.70
309.36	27442.33
309.42	27372.91
309.49	27301.21
309.55	27234.65
309.62	27169.77
309.68	27129.23
309.75	27067.04
309.81	27004.51
309.88	26946.29
309.94	26884.68
310.00	26812.61
310.07	26745.22
310.13	26694.11
310.20	26623.26
310.26	26555.66
310.33	26488.21
310.39	26435.45
310.46	26367.25
310.52	26313.93
310.59	26255.64
310.65	26201.54
310.72	26134.96
310.78	26070.04
310.85	26003.83
310.91	25945.27
310.97	25886.58
311.04	25829.79
311.10	25775.82
311.17	25713.50
311.23	25655.70
311.30	25593.16
311.36	25534.87
311.43	25484.16
311.49	25427.08
311.56	25366.63
311.62	25314.67
311.69	25260.73
311.75	25206.13
311.81	25151.89
311.88	25089.94
311.94	25026.79
312.01	24977.40
312.07	24910.51
312.14	24867.52
312.20	24826.31
312.27	24781.61
312.33	24716.11
312.40	24656.56
312.46	24584.13
312.52	24514.28
312.59	24446.06
312.65	24384.47
312.72	24320.82
312.78	24262.87
312.85	24206.04
312.91	24142.38
312.98	24085.01
313.04	24038.61
313.10	23984.51
313.17	23927.86
313.23	23877.47
313.30	23817.71
313.36	23750.66
313.43	23694.31
313.49	23638.82
313.56	23580.56
313.62	23524.24
313.68	23468.55
313.75	23419.78
313.81	23368.45
313.88	23315.81
313.94	23270.36
314.01	23220.01
314.07	23161.14
314.13	23104.14
314.20	23054.18
314.26	23002.73
314.33	22951.19
314.39	22899.07
314.46	22838.50
314.52	22791.55
314.58	22736.31
314.65	22685.17
314.71	22631.20
314.78	22587.33
314.84	22522.17
314.91	22466.17
314.97	22412.84
315.03	22358.24
315.10	22300.54
315.16	22242.72
315.23	22185.93
315.29	22136.84
315.36	22085.81
315.42	22039.91
315.48	21995.34
315.55	21950.44
315.61	21887.40
315.68	21837.53
315.74	21782.53
315.81	21724.74
315.87	21664.32
315.93	21623.34
316.00	21589.13
316.06	21554.40
316.13	21532.10
316.19	21480.33
316.25	21387.27
316.32	21246.05
316.38	21072.86
316.45	20853.16
316.51	20630.33
316.58	20401.49
316.64	20164.25
316.70	19934.24
316.77	19700.21
316.83	19453.79
316.90	19206.98
316.96	18967.26
317.02	18714.00
317.09	18468.08
317.15	18230.89
317.22	17987.64
317.28	17743.47
317.34	17501.10
317.41	17260.59
317.47	17016.74
317.54	16779.34
317.60	16536.73
317.66	16296.79
317.73	16053.32
317.79	15811.72
317.86	15567.87
317.92	15323.53
317.98	15071.09
318.05	14819.75
318.11	14567.76
318.18	14321.64
318.24	14071.05
318.30	13824.43
318.37	13575.66
318.43	13322.05
318.50	13058.07
318.56	12794.92
318.62	12536.13
318.69	12270.44
318.75	12007.96
318.82	11738.29
318.88	11476.72
318.94	11202.32
319.01	10934.34
319.07	10662.90
319.13	10393.14
319.20	10113.99
319.26	9835.87
319.33	9550.68
319.39	9260.79
319.45	8983.72
319.52	8704.95
319.58	8425.70
319.65	8148.27
319.71	7869.61
319.77	7584.92
319.84	7307.02
319.90	7037.66
319.96	6766.64
320.03	6500.62
320.09	6243.26
320.16	5978.66
320.22	5720.32
320.28	5469.92
320.35	5229.93
320.41	4992.80
320.47	4772.14
320.54	4551.87
320.60	4344.66
320.67	4144.22
320.73	3948.51
320.79	3757.41
320.86	3580.59
320.92	3404.44
320.98	3238.54
321.05	3080.74
321.11	2928.65
321.18	2784.45
321.24	2651.13
321.30	2521.67
321.37	2401.43
321.43	2296.45
321.49	2192.83
321.56	2095.90
321.62	2008.86
321.68	1921.95
321.75	1837.81
321.81	1764.35
321.88	1691.70
321.94	1626.39
322.00	1566.46
322.07	1503.63
322.13	1441.46
322.19	1381.82
322.26	1317.52
322.32	1262.01
322.38	1213.40
322.45	1169.88
322.51	1124.89
322.58	1087.81
322.64	1041.97
322.70	1000.57
322.77	951.75
322.83	915.16
322.89	868.66
322.96	827.57
323.02	785.70
323.08	746.02
323.15	704.89
323.21	670.38
323.27	636.20
323.34	602.29
323.40	569.02
323.46	535.16
323.53	496.16
323.59	415.95
323.65	311.07
323.72	194.45
323.78	83.41
323.85	-16.76
323.91	-67.01
323.97	-86.85
324.04	-86.86
