180.21	3429.03
180.28	-126.43
180.36	632.42
180.44	-47.84
180.51	-16.55
180.59	6.98
180.66	35.12
180.74	33.59
180.81	33.40
180.89	35.58
180.97	36.86
181.04	34.25
181.12	32.98
181.19	33.35
181.27	33.90
181.34	50.21
181.42	56.54
181.50	63.60
181.57	74.82
181.65	80.34
181.72	75.11
181.80	71.38
181.87	72.11
181.95	72.64
182.03	73.13
182.10	76.33
182.18	79.36
182.25	86.62
182.33	89.13
182.40	99.12
182.48	98.57
182.55	114.26
182.63	123.33
182.71	131.31
182.78	140.08
182.86	154.13
182.93	153.84
183.01	153.36
183.08	148.87
183.16	146.57
183.23	137.88
183.31	145.61
183.39	152.20
183.46	172.77
183.54	184.49
183.61	212.03
183.69	233.09
183.76	267.09
183.84	294.71
183.91	323.20
183.99	364.73
184.06	396.70
184.14	429.34
184.22	473.99
184.29	508.88
184.37	520.20
184.44	537.10
184.52	524.21
184.59	465.92
184.67	411.27
184.74	360.29
184.82	325.70
184.89	322.37
184.97	368.01
185.04	437.50
185.12	508.36
185.20	588.78
185.27	663.74
185.35	752.04
185.42	810.73
185.50	873.47
185.57	928.68
185.65	972.03
185.72	1010.17
185.80	1089.22
185.87	1146.50
185.95	1214.33
186.02	1330.09
186.10	1399.68
186.17	1424.66
186.25	1413.78
186.33	1270.68
186.40	1069.99
186.48	922.04
186.55	829.69
186.63	816.37
186.70	943.75
186.78	1109.45
186.85	1253.23
186.93	1379.02
187.00	1483.88
187.08	1596.41
187.15	1700.46
187.23	1825.64
187.30	1955.17
187.38	2065.93
187.45	2185.03
187.53	2322.54
187.60	2405.49
187.68	2508.52
187.75	2655.75
187.83	2728.71
187.90	2787.46
187.98	2896.37
188.05	2921.87
188.13	2778.57
188.21	2521.01
188.28	2252.94
188.36	1988.64
188.43	1794.88
188.51	1798.82
188.58	1989.66
188.66	2199.30
188.73	2401.48
188.81	2619.53
188.88	2783.17
188.96	2947.32
189.03	3087.28
189.11	3238.22
189.18	3371.28
189.26	3486.10
189.33	3601.05
189.41	3737.42
189.48	3821.89
189.56	3921.17
189.63	4052.34
189.71	4111.85
189.78	4168.37
189.86	4267.13
189.93	4316.24
190.01	4311.84
190.08	4289.37
190.16	4103.08
190.23	3731.77
190.31	3383.88
190.38	3136.44
190.46	2992.03
190.53	3041.46
190.61	3286.05
190.68	3545.18
190.76	3776.58
190.83	3975.65
190.91	4136.81
190.98	4312.33
191.06	4456.05
191.13	4605.02
191.21	4737.92
191.28	4853.36
191.35	4968.17
191.43	5084.87
191.50	5154.65
191.58	5242.95
191.65	5343.06
191.73	5385.27
191.80	5445.42
191.88	5498.56
191.95	5501.43
192.03	5502.87
192.10	5531.63
192.18	5543.88
192.25	5535.34
192.33	5435.41
192.40	5203.64
192.48	4942.14
192.55	4730.71
192.63	4586.98
192.70	4606.53
192.78	4785.45
192.85	5019.91
192.93	5229.14
193.00	5421.08
193.08	5573.32
193.15	5733.17
193.22	5848.34
193.30	5955.28
193.37	6065.30
193.45	6144.71
193.52	6213.92
193.60	6293.10
193.67	6348.08
193.75	6394.28
193.82	6454.97
193.90	6473.11
193.97	6490.03
194.05	6519.51
194.12	6534.32
194.20	6560.15
194.27	6609.77
194.34	6655.91
194.42	6690.95
194.49	6731.22
194.57	6760.94
194.64	6731.02
194.72	6637.52
194.79	6538.70
194.87	6454.98
194.94	6399.96
195.02	6413.72
195.09	6502.75
195.17	6621.34
195.24	6730.20
195.31	6826.04
195.39	6904.47
195.46	6982.06
195.54	7049.32
195.61	7112.20
195.69	7160.86
195.76	7207.48
195.84	7252.01
195.91	7282.59
195.99	7298.00
196.06	7312.32
196.13	7334.78
196.21	7342.71
196.28	7361.29
196.36	7396.59
196.43	7435.23
196.51	7467.36
196.58	7510.76
196.66	7543.36
196.73	7569.82
196.80	7597.02
196.88	7623.69
196.95	7647.96
197.03	7673.13
197.10	7681.09
197.18	7666.55
197.25	7650.10
197.33	7638.80
197.40	7637.47
197.47	7648.82
197.55	7687.31
197.62	7731.11
197.70	7769.02
197.77	7806.73
197.85	7846.26
197.92	7882.88
197.99	7921.72
198.07	7958.15
198.14	7988.51
198.22	8024.32
198.29	8048.02
198.37	8068.30
198.44	8087.64
198.51	8110.17
198.59	8126.35
198.66	8157.66
198.74	8182.53
198.81	8211.74
198.89	8231.27
198.96	8259.10
199.03	8278.68
199.11	8311.70
199.18	8337.76
199.26	8367.22
199.33	8394.10
199.41	8425.72
199.48	8443.80
199.55	8471.97
199.63	8495.01
199.70	8526.12
199.78	8544.83
199.85	8570.92
199.93	8587.22
200.00	8618.82
200.07	8638.53
200.15	8673.96
200.22	8708.74
200.30	8741.00
200.37	8773.40
200.44	8805.34
200.52	8831.91
200.59	8864.47
200.67	8894.36
200.74	8914.22
200.81	8938.93
200.89	8959.19
200.96	8980.20
201.04	9007.52
201.11	9043.46
201.19	9082.30
201.26	9122.87
201.33	9157.36
201.41	9193.02
201.48	9225.70
201.56	9254.20
201.63	9298.23
201.70	9335.49
201.78	9370.54
201.85	9414.75
201.93	9455.14
202.00	9484.84
202.07	9524.39
202.15	9563.65
202.22	9592.98
202.30	9629.47
202.37	9662.82
202.44	9696.84
202.52	9740.85
202.59	9785.55
202.67	9824.90
202.74	9872.16
202.81	9915.30
202.89	9948.37
202.96	9997.29
203.04	10045.70
203.11	10088.01
203.18	10140.27
203.26	10197.71
203.33	10239.72
203.41	10279.87
203.48	10328.68
203.55	10358.89
203.63	10394.86
203.70	10437.46
203.77	10483.71
203.85	10528.34
203.92	10583.03
204.00	10642.80
204.07	10694.88
204.14	10750.64
204.22	10802.38
204.29	10854.28
204.37	10899.27
204.44	10949.52
204.51	11005.48
204.59	11064.97
204.66	11118.55
204.73	11178.47
204.81	11237.17
204.88	11296.83
204.96	11353.62
205.03	11413.61
205.10	11462.13
205.18	11515.93
205.25	11565.30
205.32	11618.02
205.40	11679.79
205.47	11743.13
205.55	11802.66
205.62	11865.45
205.69	11931.05
205.77	11999.13
205.84	12074.20
205.91	12154.58
205.99	12228.63
206.06	12301.20
206.14	12371.00
206.21	12444.77
206.28	12511.78
206.36	12593.46
206.43	12664.65
206.50	12741.71
206.58	12806.11
206.65	12877.01
206.72	12937.06
206.80	13007.36
206.87	13073.01
206.95	13148.20
207.02	13227.00
207.09	13310.70
207.17	13394.22
207.24	13479.50
207.31	13570.45
207.39	13654.90
207.46	13742.23
207.53	13824.65
207.61	13908.15
207.68	13984.84
207.75	14073.41
207.83	14154.43
207.90	14240.90
207.98	14322.12
208.05	14418.34
208.12	14503.19
208.20	14594.23
208.27	14685.05
208.34	14780.12
208.42	14859.16
208.49	14944.17
208.56	15024.09
208.64	15114.65
208.71	15201.90
208.78	15295.57
208.86	15401.57
208.93	15505.18
209.00	15603.08
209.08	15707.39
209.15	15812.62
209.22	15908.62
209.30	16014.02
209.37	16120.48
209.44	16225.01
209.52	16330.39
209.59	16432.61
209.67	16537.00
209.74	16636.74
209.81	16748.02
209.89	16848.56
209.96	16957.74
210.03	17063.45
210.11	17175.35
210.18	17268.73
210.25	17379.63
210.33	17483.20
210.40	17588.19
210.47	17696.33
210.55	17821.60
210.62	17937.20
210.69	18050.00
210.77	18170.08
210.84	18288.06
210.91	18414.30
210.99	18532.53
211.06	18657.45
211.13	18783.68
211.21	18908.94
211.28	19019.44
211.35	19142.69
211.42	19268.97
211.50	19387.59
211.57	19506.60
211.64	19631.58
211.72	19756.07
211.79	19871.68
211.86	19989.61
211.94	20115.96
212.01	20238.68
212.08	20363.85
212.16	20489.83
212.23	20622.50
212.30	20753.20
212.38	20878.32
212.45	21012.68
212.52	21150.86
212.60	21281.63
212.67	21409.90
212.74	21546.16
212.82	21672.00
212.89	21801.51
212.96	21932.17
213.03	22066.18
213.11	22208.69
213.18	22342.83
213.25	22482.63
213.33	22616.99
213.40	22744.72
213.47	22871.46
213.55	23010.08
213.62	23140.98
213.69	23277.53
213.77	23420.78
213.84	23559.12
213.91	23708.71
213.98	23855.65
214.06	24002.23
214.13	24155.81
214.20	24306.56
214.28	24452.45
214.35	24598.32
214.42	24744.37
214.50	24883.90
214.57	25016.85
214.64	25146.42
214.72	25280.93
214.79	25424.62
214.86	25561.93
214.93	25709.90
215.01	25864.77
215.08	26009.81
215.15	26154.35
215.23	26298.00
215.30	26445.28
215.37	26576.97
215.44	26728.25
215.52	26875.01
215.59	27025.02
215.66	27169.32
215.74	27322.41
215.81	27460.67
215.88	27608.70
215.95	27751.24
216.03	27899.68
216.10	28052.39
216.17	28206.78
216.25	28352.05
216.32	28510.07
216.39	28660.49
216.46	28808.42
216.54	28955.83
216.61	29110.41
216.68	29252.71
216.76	29400.33
216.83	29542.75
216.90	29691.09
216.97	29835.37
217.05	29995.17
217.12	30144.99
217.19	30293.69
217.27	30438.03
217.34	30576.16
217.41	30704.43
217.48	30840.09
217.56	30980.78
217.63	31132.36
217.70	31285.08
217.78	31445.71
217.85	31603.01
217.92	31752.68
217.99	31904.31
218.07	32054.52
218.14	32192.83
218.21	32340.04
218.28	32492.78
218.36	32630.32
218.43	32775.66
218.50	32928.74
218.57	33069.44
218.65	33207.83
218.72	33344.86
218.79	33478.46
218.87	33608.98
218.94	33747.68
219.01	33887.02
219.08	34031.44
219.16	34177.43
219.23	34324.41
219.30	34462.52
219.37	34611.60
219.45	34758.78
219.52	34906.84
219.59	35039.35
219.66	35171.44
219.74	35304.00
219.81	35451.21
219.88	35580.15
219.95	35728.98
220.03	35878.98
220.10	36012.51
220.17	36139.47
220.24	36278.30
220.32	36411.42
220.39	36536.92
220.46	36662.91
220.53	36782.16
220.61	36903.01
220.68	37021.27
220.75	37154.15
220.82	37290.61
220.90	37425.22
220.97	37550.08
221.04	37669.56
221.11	37782.69
221.19	37897.39
221.26	38019.40
221.33	38151.46
221.40	38288.49
221.48	38419.71
221.55	38544.43
221.62	38658.24
221.69	38774.11
221.77	38889.44
221.84	39019.68
221.91	39144.69
221.98	39274.87
222.06	39396.37
222.13	39521.52
222.20	39625.39
222.27	39744.54
222.35	39860.06
222.42	39975.76
222.49	40088.47
222.56	40209.96
222.63	40313.24
222.71	40415.75
222.78	40523.68
222.85	40631.68
222.92	40742.46
223.00	40852.60
223.07	40966.79
223.14	41073.93
223.21	41181.42
223.29	41276.40
223.36	41388.15
223.43	41499.25
223.50	41612.58
223.57	41718.98
223.65	41841.83
223.72	41956.83
223.79	42061.91
223.86	42159.37
223.94	42255.42
224.01	42337.40
224.08	42421.25
224.15	42506.77
224.22	42595.86
224.30	42681.44
224.37	42778.07
224.44	42873.76
224.51	42968.74
224.59	43054.15
224.66	43141.47
224.73	43232.98
224.80	43324.35
224.87	43413.00
224.95	43520.52
225.02	43629.68
225.09	43724.77
225.16	43819.58
225.23	43914.43
225.31	44004.70
225.38	44087.48
225.45	44174.62
225.52	44262.17
225.60	44345.41
225.67	44415.22
225.74	44490.27
225.81	44563.30
225.88	44634.73
225.96	44708.90
226.03	44790.04
226.10	44873.89
226.17	44954.43
226.24	45027.92
226.32	45113.18
226.39	45198.25
226.46	45269.72
226.53	45342.87
226.60	45428.09
226.68	45509.23
226.75	45589.57
226.82	45680.55
226.89	45769.81
226.96	45843.24
227.04	45899.95
227.11	45954.27
227.18	46006.12
227.25	46055.17
227.32	46110.42
227.40	46181.56
227.47	46257.42
227.54	46340.40
227.61	46419.31
227.68	46495.30
227.76	46568.46
227.83	46643.38
227.90	46706.93
227.97	46774.31
228.04	46838.85
228.11	46894.04
228.19	46931.72
228.26	46984.83
228.33	47034.08
228.40	47081.92
228.47	47128.94
228.55	47184.37
228.62	47231.80
228.69	47293.85
228.76	47356.79
228.83	47427.73
228.90	47491.65
228.98	47557.97
229.05	47620.78
229.12	47694.14
229.19	47748.44
229.26	47803.85
229.34	47855.29
229.41	47895.97
229.48	47929.07
229.55	47987.32
229.62	48054.78
229.69	48125.32
229.77	48188.10
229.84	48247.31
229.91	48289.33
229.98	48325.49
230.05	48355.78
230.12	48392.32
230.20	48441.53
230.27	48490.42
230.34	48542.66
230.41	48597.03
230.48	48653.43
230.55	48703.91
230.63	48765.95
230.70	48826.84
230.77	48872.16
230.84	48919.14
230.91	48950.38
230.98	48980.10
231.06	49014.98
231.13	49068.34
231.20	49127.27
231.27	49194.20
231.34	49259.38
231.41	49321.94
231.49	49366.20
231.56	49412.60
231.63	49455.16
231.70	49491.41
231.77	49517.84
231.84	49552.81
231.92	49573.74
231.99	49600.64
232.06	49633.43
232.13	49674.84
232.20	49718.05
232.27	49762.53
232.34	49800.70
232.42	49833.48
232.49	49853.88
232.56	49875.70
232.63	49913.73
232.70	49947.79
232.77	49992.81
232.85	50048.61
232.92	50097.94
232.99	50134.14
233.06	50165.62
233.13	50179.09
233.20	50182.16
233.27	50186.39
233.35	50188.75
233.42	50195.52
233.49	50215.38
233.56	50245.50
233.63	50276.84
233.70	50308.63
233.77	50354.52
233.85	50390.05
233.92	50432.10
233.99	50463.02
234.06	50492.52
234.13	50513.02
234.20	50536.50
234.27	50544.33
234.35	50563.93
234.42	50574.91
234.49	50587.06
234.56	50600.16
234.63	50609.53
234.70	50619.35
234.77	50632.11
234.84	50642.09
234.92	50644.71
234.99	50660.44
235.06	50670.96
235.13	50675.83
235.20	50686.60
235.27	50702.80
235.34	50708.21
235.41	50714.48
235.49	50725.30
235.56	50732.68
235.63	50734.70
235.70	50743.26
235.77	50746.46
235.84	50749.16
235.91	50747.08
235.98	50742.93
236.06	50726.31
236.13	50712.85
236.20	50700.36
236.27	50671.71
236.34	50650.42
236.41	50631.75
236.48	50622.38
236.55	50617.39
236.63	50619.14
236.70	50619.13
236.77	50625.98
236.84	50628.89
236.91	50631.90
236.98	50638.66
237.05	50644.09
237.12	50640.35
237.19	50631.59
237.27	50624.12
237.34	50624.40
237.41	50613.93
237.48	50608.03
237.55	50594.79
237.62	50579.55
237.69	50572.26
237.76	50571.74
237.83	50577.03
237.91	50582.17
237.98	50581.67
238.05	50568.65
238.12	50558.62
238.19	50544.46
238.26	50545.66
238.33	50541.01
238.40	50530.78
238.47	50520.62
238.54	50512.42
238.62	50495.94
238.69	50483.28
238.76	50473.16
238.83	50458.56
238.90	50444.42
238.97	50432.82
239.04	50429.95
239.11	50428.28
239.18	50426.80
239.25	50416.79
239.33	50395.85
239.40	50376.62
239.47	50355.29
239.54	50322.71
239.61	50294.28
239.68	50263.75
239.75	50237.83
239.82	50219.62
239.89	50212.44
239.96	50209.97
240.03	50213.09
240.11	50205.40
240.18	50190.94
240.25	50179.32
240.32	50162.30
240.39	50147.41
240.46	50139.28
240.53	50140.89
240.60	50141.77
240.67	50141.02
240.74	50136.00
240.81	50128.48
240.88	50113.68
240.96	50097.25
241.03	50085.73
241.10	50078.99
241.17	50071.94
241.24	50061.92
241.31	50063.22
241.38	50060.01
241.45	50052.74
241.52	50043.56
241.59	50033.44
241.66	50016.53
241.73	49996.45
241.80	49982.55
241.88	49963.20
241.95	49946.27
242.02	49927.11
242.09	49909.61
242.16	49886.30
242.23	49881.52
242.30	49870.40
242.37	49859.68
242.44	49861.48
242.51	49858.39
242.58	49850.72
242.65	49847.57
242.72	49849.80
242.79	49837.18
242.87	49834.93
242.94	49822.54
243.01	49821.58
243.08	49828.09
243.15	49832.42
243.22	49828.58
243.29	49842.30
243.36	49840.45
243.43	49833.92
243.50	49851.01
243.57	49870.17
243.64	49869.88
243.71	49873.53
243.78	49876.07
243.85	49860.93
243.92	49855.63
243.99	49848.52
244.07	49843.81
244.14	49828.32
244.21	49827.72
244.28	49818.54
244.35	49807.18
244.42	49804.54
244.49	49804.52
244.56	49798.19
244.63	49796.42
244.70	49797.72
244.77	49804.90
244.84	49814.68
244.91	49821.96
244.98	49835.75
245.05	49861.51
245.12	49876.74
245.19	49892.35
245.26	49904.42
245.33	49923.21
245.40	49943.98
245.47	49973.34
245.55	50000.04
245.62	50013.66
245.69	50017.72
245.76	50013.15
245.83	50006.71
245.90	49998.36
245.97	50005.61
246.04	50022.87
246.11	50035.45
246.18	50047.76
246.25	50062.23
246.32	50066.93
246.39	50062.99
246.46	50066.72
246.53	50077.12
246.60	50093.92
246.67	50118.48
246.74	50141.59
246.81	50169.52
246.88	50182.67
246.95	50197.28
247.02	50220.10
247.09	50240.01
247.16	50241.75
247.23	50237.84
247.30	50227.88
247.37	50216.03
247.44	50223.86
247.51	50243.78
247.58	50281.59
247.66	50322.04
247.73	50366.84
247.80	50392.36
247.87	50422.13
247.94	50453.22
248.01	50491.09
248.08	50512.62
248.15	50543.06
248.22	50568.59
248.29	50591.52
248.36	50600.02
248.43	50627.13
248.50	50642.43
248.57	50660.72
248.64	50667.44
248.71	50692.13
248.78	50714.15
248.85	50733.53
248.92	50759.22
248.99	50784.48
249.06	50795.69
249.13	50804.54
249.20	50824.01
249.27	50834.11
249.34	50843.62
249.41	50856.06
249.48	50850.56
249.55	50838.54
249.62	50846.33
249.69	50859.02
249.76	50889.31
249.83	50934.26
249.90	50989.98
249.97	51028.95
250.04	51074.25
250.11	51108.25
250.18	51133.44
250.25	51151.42
250.32	51169.08
250.39	51188.48
250.46	51208.10
250.53	51235.81
250.60	51267.94
250.67	51303.17
250.74	51336.03
250.81	51347.79
250.88	51366.42
250.95	51376.17
251.02	51393.82
251.09	51407.75
251.16	51438.82
251.23	51460.48
251.30	51483.18
251.37	51491.15
251.44	51496.87
251.51	51506.77
251.58	51517.02
251.65	51533.15
251.72	51546.61
251.79	51567.05
251.86	51585.28
251.93	51601.75
252.00	51615.17
252.07	51631.99
252.14	51645.34
252.21	51646.66
252.28	51654.39
252.35	51659.97
252.42	51679.63
252.49	51693.59
252.56	51711.08
252.63	51719.49
252.70	51730.95
252.77	51735.17
252.84	51750.20
252.91	51765.13
252.98	51788.45
253.05	51807.02
253.12	51815.59
253.19	51822.52
253.25	51836.21
253.32	51839.16
253.39	51859.68
253.46	51887.61
253.53	51905.65
253.60	51920.50
253.67	51937.84
253.74	51947.25
253.81	51959.68
253.88	51972.31
253.95	51985.51
254.02	52006.02
254.09	52019.78
254.16	52035.35
254.23	52042.47
254.30	52052.00
254.37	52063.60
254.44	52075.78
254.51	52077.58
254.58	52082.14
254.65	52086.55
254.72	52089.15
254.79	52088.68
254.86	52095.64
254.93	52099.80
255.00	52105.46
255.07	52099.26
255.14	52105.57
255.21	52101.36
255.28	52100.07
255.34	52091.00
255.41	52091.73
255.48	52080.36
255.55	52076.54
255.62	52083.46
255.69	52087.79
255.76	52088.03
255.83	52098.02
255.90	52108.39
255.97	52120.43
256.04	52128.17
256.11	52142.03
256.18	52145.21
256.25	52135.59
256.32	52126.49
256.39	52127.97
256.46	52124.72
256.53	52122.39
256.60	52127.61
256.67	52126.05
256.74	52119.49
256.80	52113.98
256.87	52112.58
256.94	52113.20
257.01	52114.57
257.08	52114.53
257.15	52113.53
257.22	52105.22
257.29	52081.48
257.36	52063.10
257.43	52045.58
257.50	52038.04
257.57	52024.60
257.64	52031.39
257.71	52018.80
257.78	52011.95
257.85	51985.52
257.92	51971.47
257.98	51952.21
258.05	51943.20
258.12	51920.49
258.19	51910.25
258.26	51893.31
258.33	51873.49
258.40	51862.42
258.47	51859.53
258.54	51861.30
258.61	51859.26
258.68	51857.35
258.75	51847.13
258.82	51835.30
258.89	51809.02
258.95	51788.14
259.02	51781.39
259.09	51761.26
259.16	51740.60
259.23	51720.87
259.30	51698.19
259.37	51671.64
259.44	51653.99
259.51	51641.75
259.58	51628.68
259.65	51615.48
259.72	51589.26
259.79	51559.40
259.85	51528.92
259.92	51497.85
259.99	51473.76
260.06	51445.64
260.13	51424.75
260.20	51393.33
260.27	51357.40
260.34	51317.25
260.41	51290.12
260.48	51258.70
260.55	51243.77
260.62	51234.89
260.68	51220.58
260.75	51193.19
260.82	51172.38
260.89	51146.93
260.96	51122.80
261.03	51099.41
261.10	51076.50
261.17	51050.74
261.24	51013.84
261.31	50987.04
261.38	50957.68
261.44	50924.63
261.51	50883.45
261.58	50847.36
261.65	50801.86
261.72	50756.98
261.79	50718.43
261.86	50688.32
261.93	50666.57
262.00	50640.05
262.07	50612.67
262.13	50584.02
262.20	50551.40
262.27	50501.20
262.34	50465.01
262.41	50433.72
262.48	50398.61
262.55	50366.92
262.62	50337.14
262.69	50294.24
262.76	50257.66
262.82	50223.90
262.89	50187.66
262.96	50156.40
263.03	50136.84
263.10	50110.47
263.17	50079.46
263.24	50048.98
263.31	50015.56
263.38	49970.16
263.44	49926.32
263.51	49881.08
263.58	49833.02
263.65	49797.01
263.72	49755.46
263.79	49715.57
263.86	49674.81
263.93	49635.06
264.00	49590.17
264.06	49552.18
264.13	49509.32
264.20	49477.17
264.27	49437.24
264.34	49393.75
264.41	49350.90
264.48	49305.90
264.55	49260.01
264.61	49221.62
264.68	49180.01
264.75	49136.38
264.82	49089.32
264.89	49049.40
264.96	49007.22
265.03	48964.71
265.10	48927.91
265.16	48893.14
265.23	48857.19
265.30	48827.68
265.37	48796.67
265.44	48755.29
265.51	48720.23
265.58	48667.90
265.65	48607.81
265.71	48556.16
265.78	48515.08
265.85	48464.97
265.92	48425.18
265.99	48389.15
266.06	48350.94
266.13	48303.31
266.20	48267.40
266.26	48232.53
266.33	48187.46
266.40	48139.53
266.47	48093.91
266.54	48028.82
266.61	47961.62
266.68	47904.64
266.74	47846.42
266.81	47789.12
266.88	47747.45
266.95	47695.01
267.02	47649.19
267.09	47610.06
267.16	47564.26
267.22	47521.92
267.29	47493.68
267.36	47454.17
267.43	47408.79
267.50	47370.08
267.57	47335.20
267.64	47296.23
267.70	47254.93
267.77	47221.21
267.84	47187.75
267.91	47141.20
267.98	47086.15
268.05	47041.91
268.11	46994.07
268.18	46933.71
268.25	46884.35
268.32	46840.67
268.39	46799.42
268.46	46757.68
268.53	46724.81
268.59	46686.13
268.66	46651.92
268.73	46611.08
268.80	46567.99
268.87	46516.28
268.94	46468.46
269.00	46425.48
269.07	46384.28
269.14	46351.67
269.21	46329.73
269.28	46298.99
269.35	46256.84
269.41	46219.23
269.48	46166.64
269.55	46105.16
269.62	46050.87
269.69	46013.53
269.76	45957.15
269.82	45915.14
269.89	45887.93
269.96	45865.31
270.03	45824.38
270.10	45803.13
270.17	45761.20
270.23	45725.82
270.30	45675.75
270.37	45643.19
270.44	45603.88
270.51	45578.12
270.58	45535.89
270.64	45509.24
270.71	45466.91
270.78	45433.87
270.85	45391.10
270.92	45361.29
270.99	45319.81
271.05	45292.01
271.12	45252.40
271.19	45223.80
271.26	45176.19
271.33	45139.73
271.39	45099.28
271.46	45050.46
271.53	45013.25
271.60	44993.22
271.67	44966.39
271.74	44933.75
271.80	44911.70
271.87	44886.74
271.94	44852.84
272.01	44815.16
272.08	44785.99
272.14	44752.27
272.21	44720.90
272.28	44697.40
272.35	44677.58
272.42	44653.73
272.48	44642.52
272.55	44616.09
272.62	44587.11
272.69	44561.79
272.76	44547.18
272.83	44516.04
272.89	44487.66
272.96	44458.78
273.03	44430.67
273.10	44386.58
273.17	44354.08
273.23	44328.39
273.30	44307.28
273.37	44281.23
273.44	44264.25
273.51	44243.43
273.57	44223.46
273.64	44192.63
273.71	44168.75
273.78	44136.73
273.85	44116.76
273.91	44089.98
273.98	44074.13
274.05	44057.78
274.12	44048.59
274.19	44033.62
274.25	44016.52
274.32	43989.67
274.39	43949.74
274.46	43904.51
274.53	43845.82
274.59	43795.51
274.66	43762.95
274.73	43749.35
274.80	43725.99
274.86	43711.91
274.93	43693.81
275.00	43655.01
275.07	43603.83
275.14	43578.15
275.20	43549.16
275.27	43523.01
275.34	43503.90
275.41	43494.34
275.48	43474.84
275.54	43449.78
275.61	43429.61
275.68	43408.97
275.75	43376.43
275.81	43338.36
275.88	43313.17
275.95	43287.25
276.02	43261.13
276.09	43236.88
276.15	43212.47
276.22	43191.49
276.29	43171.67
276.36	43141.02
276.42	43117.09
276.49	43096.90
276.56	43067.98
276.63	43027.95
276.70	43006.02
276.76	42993.50
276.83	42972.70
276.90	42953.85
276.97	42941.45
277.03	42926.74
277.10	42898.38
277.17	42878.28
277.24	42864.13
277.30	42847.02
277.37	42821.56
277.44	42805.98
277.51	42787.52
277.58	42758.58
277.64	42736.59
277.71	42723.51
277.78	42701.10
277.85	42674.90
277.91	42647.68
277.98	42622.17
278.05	42593.95
278.12	42577.08
278.18	42557.60
278.25	42538.12
278.32	42515.14
278.39	42496.14
278.45	42471.61
278.52	42456.77
278.59	42448.15
278.66	42431.37
278.72	42418.94
278.79	42394.08
278.86	42366.29
278.93	42349.23
278.99	42330.96
279.06	42307.35
279.13	42286.75
279.20	42275.15
279.26	42253.42
279.33	42236.65
279.40	42212.70
279.47	42190.42
279.53	42158.66
279.60	42126.04
279.67	42095.47
279.74	42068.71
279.80	42050.88
279.87	42036.89
279.94	42021.59
280.01	42009.44
280.07	41991.09
280.14	41973.51
280.21	41947.22
280.28	41917.11
280.34	41890.11
280.41	41867.14
280.48	41835.01
280.55	41810.59
280.61	41790.09
280.68	41766.53
280.75	41736.92
280.82	41703.89
280.88	41669.62
280.95	41624.47
281.02	41560.11
281.08	41491.17
281.15	41419.82
281.22	41348.67
281.29	41287.17
281.35	41232.52
281.42	41193.96
281.49	41160.53
281.56	41134.40
281.62	41107.80
281.69	41077.44
281.76	41046.65
281.82	41014.81
281.89	40977.65
281.96	40945.25
282.03	40924.05
282.09	40904.79
282.16	40879.84
282.23	40854.79
282.30	40828.69
282.36	40803.11
282.43	40776.18
282.50	40763.48
282.56	40737.76
282.63	40714.10
282.70	40693.11
282.77	40681.01
282.83	40659.33
282.90	40644.90
282.97	40626.32
283.03	40599.81
283.10	40564.49
283.17	40539.76
283.24	40513.40
283.30	40486.25
283.37	40455.02
283.44	40432.10
283.50	40402.22
283.57	40379.61
283.64	40352.47
283.71	40319.77
283.77	40278.11
283.84	40245.66
283.91	40207.72
283.97	40185.49
284.04	40195.16
284.11	40209.34
284.18	40216.23
284.24	40224.58
284.31	40232.13
284.38	40217.21
284.44	40194.93
284.51	40173.67
284.58	40158.15
284.64	40142.11
284.71	40135.67
284.78	40127.32
284.85	40116.74
284.91	40104.25
284.98	40080.13
285.05	40050.12
285.11	40029.78
285.18	40007.28
285.25	39993.77
285.31	39992.86
285.38	39993.47
285.45	39995.22
285.52	40002.44
285.58	39995.99
285.65	39979.44
285.72	39957.61
285.78	39934.86
285.85	39920.24
285.92	39901.85
285.98	39886.27
286.05	39873.38
286.12	39860.88
286.18	39841.68
286.25	39838.22
286.32	39834.88
286.39	39837.21
286.45	39838.23
286.52	39832.79
286.59	39816.53
286.65	39810.69
286.72	39802.66
286.79	39790.76
286.85	39778.39
286.92	39769.74
286.99	39757.63
287.05	39740.60
287.12	39729.55
287.19	39726.03
287.25	39723.94
287.32	39718.27
287.39	39723.89
287.45	39723.66
287.52	39720.10
287.59	39715.96
287.65	39714.70
287.72	39697.40
287.79	39684.67
287.86	39677.62
287.92	39668.69
287.99	39655.22
288.06	39663.28
288.12	39656.86
288.19	39653.04
288.26	39642.34
288.32	39635.33
288.39	39618.34
288.46	39612.52
288.52	39604.27
288.59	39609.69
288.66	39616.78
288.72	39620.92
288.79	39624.96
288.86	39627.74
288.92	39623.93
288.99	39612.45
289.06	39604.74
289.12	39600.91
289.19	39606.38
289.26	39610.82
289.32	39615.10
289.39	39622.00
289.45	39629.46
289.52	39615.73
289.59	39617.47
289.65	39622.19
289.72	39626.59
289.79	39630.39
289.85	39645.58
289.92	39647.69
289.99	39654.62
290.05	39650.70
290.12	39641.63
290.19	39639.00
290.25	39637.04
290.32	39632.50
290.39	39638.48
290.45	39647.69
290.52	39646.96
290.59	39656.27
290.65	39657.53
290.72	39652.05
290.79	39646.61
290.85	39657.40
290.92	39660.85
290.98	39670.25
291.05	39687.40
291.12	39703.25
291.18	39709.68
291.25	39712.62
291.32	39713.37
291.38	39708.26
291.45	39702.09
291.52	39698.87
291.58	39702.08
291.65	39722.10
291.72	39740.34
291.78	39766.82
291.85	39786.69
291.91	39798.82
291.98	39808.51
292.05	39815.64
292.11	39821.52
292.18	39829.22
292.25	39837.56
292.31	39828.02
292.38	39833.38
292.45	39835.14
292.51	39839.96
292.58	39843.07
292.64	39855.76
292.71	39861.84
292.78	39876.42
292.84	39879.12
292.91	39889.44
292.98	39899.12
293.04	39906.98
293.11	39906.20
293.17	39915.13
293.24	39928.05
293.31	39944.30
293.37	39959.02
293.44	39973.27
293.51	39989.62
293.57	39995.18
293.64	39999.46
293.70	40012.96
293.77	40030.00
293.84	40043.30
293.90	40052.25
293.97	40065.10
294.04	40073.38
294.10	40074.13
294.17	40079.41
294.23	40097.26
294.30	40104.50
294.37	40115.93
294.43	40141.78
294.50	40149.03
294.56	40161.48
294.63	40170.85
294.70	40176.86
294.76	40181.22
294.83	40200.04
294.90	40211.09
294.96	40223.76
295.03	40243.00
295.09	40257.97
295.16	40272.31
295.23	40279.92
295.29	40290.80
295.36	40304.51
295.42	40312.37
295.49	40315.82
295.56	40344.51
295.62	40369.78
295.69	40378.88
295.75	40391.63
295.82	40411.94
295.89	40413.60
295.95	40417.53
296.02	40425.45
296.08	40436.05
296.15	40439.28
296.22	40446.70
296.28	40464.22
296.35	40489.49
296.41	40507.41
296.48	40528.07
296.55	40551.11
296.61	40565.79
296.68	40578.07
296.74	40595.88
296.81	40619.36
296.88	40635.60
296.94	40660.34
297.01	40683.58
297.07	40699.69
297.14	40715.45
297.20	40729.26
297.27	40744.62
297.34	40762.38
297.40	40784.64
297.47	40795.66
297.53	40813.79
297.60	40826.09
297.67	40829.70
297.73	40838.78
297.80	40853.28
297.86	40857.48
297.93	40867.63
298.00	40883.92
298.06	40895.03
298.13	40917.42
298.19	40941.32
298.26	40954.13
298.32	40976.38
298.39	40990.83
298.46	40994.69
298.52	41008.83
298.59	41022.01
298.65	41024.12
298.72	41040.96
298.78	41062.31
298.85	41074.63
298.92	41086.64
298.98	41106.30
299.05	41120.79
299.11	41135.11
299.18	41145.85
299.24	41161.44
299.31	41163.61
299.38	41171.59
299.44	41166.33
299.51	41181.01
299.57	41193.85
299.64	41214.35
299.70	41223.76
299.77	41245.17
299.84	41253.11
299.90	41251.95
299.97	41249.73
300.03	41256.50
300.10	41275.07
300.16	41293.05
300.23	41316.20
300.30	41335.25
300.36	41352.50
300.43	41356.82
300.49	41353.57
300.56	41362.21
300.62	41382.98
300.69	41398.46
300.75	41409.85
300.82	41427.55
300.89	41442.38
300.95	41449.49
301.02	41446.46
301.08	41446.65
301.15	41450.45
301.21	41447.95
301.28	41449.81
301.34	41460.58
301.41	41463.66
301.48	41461.42
301.54	41455.35
301.61	41448.45
301.67	41444.13
301.74	41451.45
301.80	41453.14
301.87	41456.93
301.93	41450.83
302.00	41446.27
302.06	41433.08
302.13	41418.18
302.20	41415.61
302.26	41410.44
302.33	41406.07
302.39	41401.22
302.46	41403.16
302.52	41393.09
302.59	41394.40
302.65	41389.43
302.72	41387.31
302.78	41383.43
302.85	41382.82
302.91	41374.48
302.98	41368.46
303.05	41358.82
303.11	41351.33
303.18	41335.72
303.24	41333.68
303.31	41316.01
303.37	41299.63
303.44	41292.51
303.50	41283.98
303.57	41258.06
303.63	41243.72
303.70	41231.74
303.76	41209.82
303.83	41193.42
303.89	41183.64
303.96	41178.52
304.03	41165.02
304.09	41145.76
304.16	41123.35
304.22	41100.80
304.29	41078.34
304.35	41058.65
304.42	41042.49
304.48	41025.96
304.55	41000.84
304.61	40976.62
304.68	40953.72
304.74	40933.47
304.81	40915.72
304.87	40893.13
304.94	40867.71
305.00	40843.66
305.07	40815.72
305.13	40776.85
305.20	40748.23
305.26	40722.12
305.33	40697.65
305.39	40668.87
305.46	40641.20
305.52	40621.73
305.59	40599.42
305.66	40559.60
305.72	40528.07
305.79	40503.53
305.85	40465.59
305.92	40411.83
305.98	40311.10
306.05	40096.98
306.11	39796.14
306.18	39506.49
306.24	39317.57
306.31	39275.43
306.37	39403.56
306.44	39643.82
306.50	39878.72
306.57	40019.85
306.63	40071.34
306.70	40058.14
306.76	40018.17
306.83	39971.63
306.89	39916.51
306.96	39871.05
307.02	39825.53
307.09	39787.54
307.15	39748.26
307.22	39720.58
307.28	39683.37
307.35	39641.81
307.41	39593.50
307.48	39544.08
307.54	39498.34
307.61	39450.61
307.67	39402.07
307.74	39349.50
307.80	39303.80
307.87	39254.86
307.93	39209.75
308.00	39171.29
308.06	39136.28
308.13	39086.31
308.19	39035.40
308.26	38991.51
308.32	38947.21
308.38	38899.66
308.45	38856.65
308.51	38818.14
308.58	38761.69
308.64	38693.16
308.71	38638.63
308.77	38590.14
308.84	38535.81
308.90	38500.41
308.97	38476.82
309.03	38445.94
309.10	38403.52
309.16	38358.42
309.23	38296.41
309.29	38233.97
309.36	38155.24
309.42	38089.52
309.49	38020.09
309.55	37958.53
309.62	37887.17
309.68	37836.32
309.75	37775.33
309.81	37721.48
309.88	37673.26
309.94	37626.42
310.00	37564.35
310.07	37503.97
310.13	37453.78
310.20	37393.37
310.26	37338.25
310.33	37288.19
310.39	37247.29
310.46	37192.42
310.52	37139.52
310.59	37086.46
310.65	37037.95
310.72	36976.63
310.78	36919.48
310.85	36856.19
310.91	36797.29
310.97	36736.30
311.04	36686.28
311.10	36627.02
311.17	36574.76
311.23	36524.51
311.30	36468.98
311.36	36412.49
311.43	36365.61
311.49	36304.42
311.56	36241.12
311.62	36180.97
311.69	36116.67
311.75	36062.73
311.81	36007.31
311.88	35951.84
311.94	35902.56
312.01	35863.93
312.07	35806.73
312.14	35760.61
312.20	35719.31
312.27	35666.45
312.33	35598.68
312.40	35532.42
312.46	35464.41
312.52	35392.47
312.59	35324.76
312.65	35264.22
312.72	35196.57
312.78	35136.01
312.85	35062.72
312.91	34991.59
312.98	34916.59
313.04	34860.56
313.10	34798.18
313.17	34745.25
313.23	34697.64
313.30	34649.03
313.36	34584.18
313.43	34513.33
313.49	34449.76
313.56	34374.21
313.62	34302.96
313.68	34236.67
313.75	34187.20
313.81	34126.09
313.88	34061.07
313.94	34000.79
314.01	33939.58
314.07	33875.70
314.13	33816.05
314.20	33764.09
314.26	33701.40
314.33	33636.52
314.39	33567.94
314.46	33489.98
314.52	33416.60
314.58	33345.91
314.65	33281.59
314.71	33215.01
314.78	33152.75
314.84	33087.60
314.91	33023.92
314.97	32963.83
315.03	32903.41
315.10	32844.99
315.16	32775.93
315.23	32711.81
315.29	32645.28
315.36	32578.91
315.42	32512.71
315.48	32453.14
315.55	32386.07
315.61	32315.61
315.68	32251.16
315.74	32190.11
315.81	32125.16
315.87	32057.55
315.93	31998.96
316.00	31951.23
316.06	31904.68
316.13	31874.59
316.19	31822.85
316.25	31720.44
316.32	31559.97
316.38	31344.32
316.45	31062.82
316.51	30754.06
316.58	30427.20
316.64	30070.99
316.70	29709.95
316.77	29322.62
316.83	28918.03
316.90	28487.33
316.96	28054.73
317.02	27595.30
317.09	27134.74
317.15	26660.33
317.22	26172.60
317.28	25666.19
317.34	25152.37
317.41	24629.31
317.47	24093.03
317.54	23551.67
317.60	23003.90
317.66	22443.29
317.73	21871.00
317.79	21298.00
317.86	20719.95
317.92	20137.81
317.98	19549.42
318.05	18954.05
318.11	18357.30
318.18	17769.99
318.24	17175.28
318.30	16584.78
318.37	16001.43
318.43	15411.98
318.50	14821.80
318.56	14239.17
318.62	13670.57
318.69	13107.94
318.75	12557.83
318.82	12012.42
318.88	11483.31
318.94	10957.19
319.01	10446.32
319.07	9952.44
319.13	9469.32
319.20	8999.66
319.26	8540.95
319.33	8096.80
319.39	7657.89
319.45	7247.19
319.52	6853.80
319.58	6475.62
319.65	6109.02
319.71	5763.85
319.77	5428.26
319.84	5106.05
319.90	4804.46
319.96	4516.67
320.03	4245.09
320.09	3992.68
320.16	3748.12
320.22	3522.28
320.28	3314.77
320.35	3118.56
320.41	2934.73
320.47	2768.47
320.54	2608.52
320.60	2464.97
320.67	2335.06
320.73	2213.01
320.79	2099.14
320.86	2002.80
320.92	1907.39
320.98	1823.85
321.05	1746.68
321.11	1674.89
321.18	1606.08
321.24	1548.64
321.30	1487.71
321.37	1436.76
321.43	1397.00
321.49	1357.11
321.56	1317.99
321.62	1288.55
321.68	1254.56
321.75	1221.14
321.81	1191.55
321.88	1163.94
321.94	1138.63
322.00	1116.36
322.07	1088.40
322.13	1061.42
322.19	1031.05
322.26	997.73
322.32	968.90
322.38	944.58
322.45	922.67
322.51	898.27
322.58	878.91
322.64	850.10
322.70	824.91
322.77	793.95
322.83	773.00
322.89	742.21
322.96	716.43
323.02	687.56
323.08	659.69
323.15	630.28
323.21	605.40
323.27	581.69
323.34	558.28
323.40	535.03
323.46	509.34
323.53	479.61
323.59	405.46
323.65	304.73
323.72	191.08
323.78	82.38
323.85	-17.23
323.91	-67.29
323.97	-85.90
324.04	-86.40
