180.21	3429.66
180.28	-126.53
180.36	632.80
180.44	-47.41
180.51	-15.94
180.59	8.13
180.66	35.69
180.74	33.78
180.81	33.26
180.89	35.43
180.97	36.17
181.04	34.26
181.12	33.42
181.19	34.02
181.27	34.50
181.34	50.42
181.42	56.82
181.50	63.55
181.57	74.52
181.65	80.12
181.72	74.65
181.80	70.57
181.87	71.51
181.95	72.49
182.03	72.40
182.10	76.25
182.18	79.51
182.25	86.25
182.33	88.40
182.40	98.80
182.48	97.94
182.55	113.35
182.63	122.36
182.71	130.36
182.78	139.41
182.86	153.50
182.93	153.36
183.01	153.07
183.08	147.86
183.16	145.42
183.23	137.51
183.31	144.49
183.39	151.74
183.46	173.08
183.54	183.93
183.61	210.80
183.69	232.75
183.76	266.27
183.84	293.71
183.91	323.19
183.99	365.15
184.06	397.06
184.14	429.78
184.22	475.41
184.29	510.00
184.37	522.02
184.44	539.33
184.52	526.17
184.59	467.68
184.67	412.71
184.74	360.92
184.82	326.24
184.89	322.35
184.97	366.50
185.04	436.93
185.12	507.82
185.20	587.49
185.27	663.37
185.35	751.46
185.42	810.60
185.50	873.70
185.57	930.16
185.65	973.33
185.72	1013.04
185.80	1092.79
185.87	1151.47
185.95	1218.50
186.02	1334.79
186.10	1403.32
186.17	1426.92
186.25	1415.56
186.33	1272.92
186.40	1071.25
186.48	923.89
186.55	830.30
186.63	815.57
186.70	939.63
186.78	1104.06
186.85	1247.78
186.93	1373.65
187.00	1476.69
187.08	1592.16
187.15	1698.97
187.23	1825.53
187.30	1955.67
187.38	2066.71
187.45	2185.66
187.53	2320.44
187.60	2401.01
187.68	2502.15
187.75	2650.70
187.83	2723.80
187.90	2785.48
187.98	2897.08
188.05	2926.93
188.13	2783.26
188.21	2525.07
188.28	2255.65
188.36	1989.35
188.43	1793.80
188.51	1797.61
188.58	1988.95
188.66	2198.25
188.73	2400.72
188.81	2618.06
188.88	2781.33
188.96	2946.45
189.03	3086.90
189.11	3237.58
189.18	3374.34
189.26	3489.07
189.33	3604.36
189.41	3739.22
189.48	3823.34
189.56	3917.31
189.63	4049.55
189.71	4107.47
189.78	4165.87
189.86	4266.29
189.93	4318.20
190.01	4315.19
190.08	4293.59
190.16	4106.07
190.23	3733.36
190.31	3384.16
190.38	3134.87
190.46	2990.56
190.53	3039.98
190.61	3284.83
190.68	3543.64
190.76	3775.14
190.83	3975.81
190.91	4137.68
190.98	4310.46
191.06	4454.00
191.13	4601.82
191.21	4734.00
191.28	4849.27
191.35	4966.94
191.43	5085.81
191.50	5159.55
191.58	5250.66
191.65	5351.55
191.73	5392.80
191.80	5447.89
191.88	5497.81
191.95	5494.54
192.03	5497.65
192.10	5528.77
192.18	5546.64
192.25	5540.23
192.33	5444.52
192.40	5212.27
192.48	4949.64
192.55	4735.77
192.63	4590.89
192.70	4606.69
192.78	4784.71
192.85	5017.30
192.93	5224.75
193.00	5419.43
193.08	5571.58
193.15	5731.06
193.22	5846.20
193.30	5956.97
193.37	6063.65
193.45	6145.61
193.52	6213.56
193.60	6296.83
193.67	6349.98
193.75	6398.28
193.82	6461.56
193.90	6480.46
193.97	6495.62
194.05	6524.39
194.12	6539.06
194.20	6561.71
194.27	6611.37
194.34	6654.14
194.42	6691.25
194.49	6731.90
194.57	6760.80
194.64	6735.57
194.72	6647.20
194.79	6546.11
194.87	6461.50
194.94	6407.61
195.02	6414.46
195.09	6498.21
195.17	6618.78
195.24	6727.03
195.31	6825.14
195.39	6906.04
195.46	6985.88
195.54	7051.27
195.61	7114.20
195.69	7162.79
195.76	7205.88
195.84	7252.74
195.91	7287.64
195.99	7304.36
196.06	7318.46
196.13	7342.95
196.21	7351.02
196.28	7365.33
196.36	7400.72
196.43	7436.54
196.51	7473.94
196.58	7513.01
196.66	7549.56
196.73	7578.51
196.80	7604.29
196.88	7625.68
196.95	7650.76
197.03	7670.62
197.10	7672.98
197.18	7661.55
197.25	7644.27
197.33	7636.20
197.40	7638.85
197.47	7651.48
197.55	7690.04
197.62	7736.59
197.70	7769.56
197.77	7808.59
197.85	7847.75
197.92	7879.67
197.99	7913.84
198.07	7955.58
198.14	7986.83
198.22	8025.18
198.29	8050.98
198.37	8074.94
198.44	8092.51
198.51	8111.56
198.59	8123.85
198.66	8153.46
198.74	8183.80
198.81	8213.23
198.89	8235.87
198.96	8261.13
199.03	8282.66
199.11	8309.46
199.18	8334.06
199.26	8360.26
199.33	8392.51
199.41	8423.20
199.48	8443.19
199.55	8468.41
199.63	8490.67
199.70	8521.91
199.78	8543.56
199.85	8567.85
199.93	8587.41
200.00	8617.24
200.07	8634.32
200.15	8668.41
200.22	8703.05
200.30	8737.06
200.37	8774.93
200.44	8809.99
200.52	8836.24
200.59	8869.27
200.67	8898.85
200.74	8915.38
200.81	8934.14
200.89	8955.41
200.96	8980.69
201.04	9005.47
201.11	9043.79
201.19	9083.99
201.26	9124.10
201.33	9155.56
201.41	9194.96
201.48	9229.59
201.56	9263.12
201.63	9304.03
201.70	9339.32
201.78	9372.70
201.85	9410.24
201.93	9449.39
202.00	9479.71
202.07	9518.19
202.15	9559.47
202.22	9593.23
202.30	9630.77
202.37	9668.61
202.44	9707.23
202.52	9747.40
202.59	9792.41
202.67	9828.70
202.74	9873.09
202.81	9912.28
202.89	9948.21
202.96	9992.67
203.04	10043.41
203.11	10085.85
203.18	10136.14
203.26	10190.86
203.33	10228.33
203.41	10267.92
203.48	10313.35
203.55	10347.58
203.63	10383.47
203.70	10431.38
203.77	10480.79
203.85	10530.40
203.92	10582.16
204.00	10645.06
204.07	10701.13
204.14	10755.87
204.22	10807.29
204.29	10868.98
204.37	10912.09
204.44	10962.61
204.51	11014.20
204.59	11071.96
204.66	11118.60
204.73	11180.71
204.81	11237.76
204.88	11294.78
204.96	11352.28
205.03	11410.28
205.10	11461.12
205.18	11512.82
205.25	11568.55
205.32	11624.55
205.40	11687.50
205.47	11749.88
205.55	11812.56
205.62	11875.51
205.69	11939.72
205.77	12008.35
205.84	12080.01
205.91	12152.89
205.99	12227.88
206.06	12297.98
206.14	12365.35
206.21	12438.66
206.28	12508.37
206.36	12581.47
206.43	12649.46
206.50	12723.12
206.58	12790.06
206.65	12862.76
206.72	12930.01
206.80	13002.57
206.87	13074.31
206.95	13150.36
207.02	13231.10
207.09	13311.12
207.17	13398.73
207.24	13483.15
207.31	13567.72
207.39	13651.61
207.46	13739.31
207.53	13820.31
207.61	13904.31
207.68	13987.76
207.75	14073.39
207.83	14157.09
207.90	14243.22
207.98	14327.56
208.05	14415.66
208.12	14502.77
208.20	14589.00
208.27	14682.28
208.34	14778.63
208.42	14862.93
208.49	14950.04
208.56	15035.04
208.64	15124.20
208.71	15208.21
208.78	15302.36
208.86	15401.42
208.93	15506.35
209.00	15606.26
209.08	15710.16
209.15	15815.55
209.22	15920.53
209.30	16024.67
209.37	16124.96
209.44	16231.09
209.52	16339.96
209.59	16441.22
209.67	16546.79
209.74	16650.23
209.81	16756.82
209.89	16856.53
209.96	16964.14
210.03	17066.90
210.11	17172.34
210.18	17274.65
210.25	17379.01
210.33	17483.18
210.40	17589.50
210.47	17705.91
210.55	17819.76
210.62	17938.46
210.69	18050.99
210.77	18169.76
210.84	18284.82
210.91	18416.32
210.99	18538.57
211.06	18663.98
211.13	18787.97
211.21	18916.26
211.28	19022.39
211.35	19140.92
211.42	19264.51
211.50	19389.34
211.57	19509.19
211.64	19640.59
211.72	19762.24
211.79	19879.71
211.86	19990.74
211.94	20117.70
212.01	20235.62
212.08	20369.17
212.16	20493.14
212.23	20631.56
212.30	20763.16
212.38	20895.34
212.45	21026.61
212.52	21167.69
212.60	21296.01
212.67	21421.67
212.74	21553.02
212.82	21679.61
212.89	21809.63
212.96	21939.50
213.03	22070.55
213.11	22209.88
213.18	22339.80
213.25	22473.28
213.33	22611.54
213.40	22743.66
213.47	22874.34
213.55	23011.07
213.62	23142.42
213.69	23275.54
213.77	23418.08
213.84	23557.57
213.91	23709.26
213.98	23860.65
214.06	24009.33
214.13	24163.15
214.20	24312.01
214.28	24457.36
214.35	24604.49
214.42	24751.65
214.50	24888.68
214.57	25022.80
214.64	25160.21
214.72	25296.35
214.79	25435.20
214.86	25574.10
214.93	25724.52
215.01	25868.46
215.08	26008.66
215.15	26154.92
215.23	26301.97
215.30	26442.51
215.37	26582.19
215.44	26729.93
215.52	26878.21
215.59	27022.72
215.66	27168.45
215.74	27315.98
215.81	27460.10
215.88	27604.19
215.95	27745.74
216.03	27893.85
216.10	28045.66
216.17	28199.47
216.25	28348.80
216.32	28508.64
216.39	28670.72
216.46	28823.30
216.54	28968.37
216.61	29123.20
216.68	29267.09
216.76	29405.43
216.83	29549.55
216.90	29696.93
216.97	29842.84
217.05	29993.16
217.12	30141.12
217.19	30281.90
217.27	30422.65
217.34	30555.78
217.41	30690.33
217.48	30827.82
217.56	30971.39
217.63	31126.31
217.70	31284.88
217.78	31439.81
217.85	31597.69
217.92	31752.03
217.99	31900.18
218.07	32041.39
218.14	32183.27
218.21	32326.22
218.28	32474.38
218.36	32622.00
218.43	32769.64
218.50	32931.15
218.57	33079.71
218.65	33227.79
218.72	33364.46
218.79	33499.13
218.87	33622.75
218.94	33755.95
219.01	33887.57
219.08	34023.71
219.16	34169.74
219.23	34315.94
219.30	34460.59
219.37	34605.54
219.45	34755.31
219.52	34897.52
219.59	35025.90
219.66	35152.62
219.74	35289.57
219.81	35437.64
219.88	35570.38
219.95	35719.35
220.03	35875.77
220.10	36010.38
220.17	36135.28
220.24	36274.27
220.32	36406.05
220.39	36524.13
220.46	36648.30
220.53	36772.20
220.61	36895.07
220.68	37013.86
220.75	37140.56
220.82	37279.16
220.90	37406.48
220.97	37536.80
221.04	37661.21
221.11	37778.13
221.19	37891.68
221.26	38017.87
221.33	38139.93
221.40	38278.14
221.48	38418.06
221.55	38548.33
221.62	38662.53
221.69	38782.16
221.77	38899.52
221.84	39023.10
221.91	39141.11
221.98	39267.29
222.06	39392.51
222.13	39513.78
222.20	39620.15
222.27	39733.53
222.35	39853.03
222.42	39964.05
222.49	40075.53
222.56	40188.98
222.63	40296.20
222.71	40398.95
222.78	40512.46
222.85	40620.01
222.92	40732.62
223.00	40850.81
223.07	40970.52
223.14	41076.61
223.21	41184.90
223.29	41291.78
223.36	41399.57
223.43	41499.74
223.50	41614.42
223.57	41727.29
223.65	41846.31
223.72	41954.88
223.79	42065.01
223.86	42158.95
223.94	42245.92
224.01	42327.71
224.08	42414.67
224.15	42497.79
224.22	42590.55
224.30	42684.87
224.37	42782.84
224.44	42883.37
224.51	42978.57
224.59	43061.28
224.66	43147.87
224.73	43236.43
224.80	43318.35
224.87	43408.13
224.95	43516.00
225.02	43622.06
225.09	43721.78
225.16	43823.09
225.23	43930.92
225.31	44024.95
225.38	44107.55
225.45	44187.45
225.52	44271.95
225.60	44346.09
225.67	44418.77
225.74	44495.47
225.81	44573.34
225.88	44647.43
225.96	44725.59
226.03	44801.12
226.10	44886.82
226.17	44969.84
226.24	45045.32
226.32	45116.07
226.39	45194.34
226.46	45254.41
226.53	45322.11
226.60	45409.46
226.68	45498.30
226.75	45585.55
226.82	45687.71
226.89	45773.79
226.96	45844.50
227.04	45903.86
227.11	45958.50
227.18	46007.78
227.25	46053.80
227.32	46106.97
227.40	46173.27
227.47	46242.53
227.54	46318.06
227.61	46410.86
227.68	46496.24
227.76	46575.54
227.83	46649.19
227.90	46717.99
227.97	46775.38
228.04	46831.54
228.11	46880.51
228.19	46925.73
228.26	46979.91
228.33	47035.27
228.40	47080.18
228.47	47134.37
228.55	47190.30
228.62	47245.11
228.69	47303.14
228.76	47368.18
228.83	47428.55
228.90	47491.45
228.98	47550.74
229.05	47615.14
229.12	47687.84
229.19	47753.37
229.26	47817.23
229.34	47869.46
229.41	47914.94
229.48	47950.07
229.55	47997.94
229.62	48054.01
229.69	48116.86
229.77	48182.96
229.84	48239.93
229.91	48291.73
229.98	48329.82
230.05	48364.15
230.12	48395.83
230.20	48448.89
230.27	48499.01
230.34	48552.94
230.41	48609.01
230.48	48665.37
230.55	48714.66
230.63	48767.51
230.70	48828.26
230.77	48874.14
230.84	48915.93
230.91	48948.43
230.98	48983.53
231.06	49011.35
231.13	49066.70
231.20	49125.06
231.27	49189.52
231.34	49248.93
231.41	49312.01
231.49	49353.60
231.56	49397.93
231.63	49444.01
231.70	49482.94
231.77	49517.89
231.84	49551.20
231.92	49580.83
231.99	49605.12
232.06	49633.26
232.13	49665.40
232.20	49711.41
232.27	49745.95
232.34	49780.87
232.42	49811.86
232.49	49840.36
232.56	49866.41
232.63	49906.91
232.70	49944.46
232.77	49998.96
232.85	50047.28
232.92	50093.44
232.99	50124.93
233.06	50152.09
233.13	50166.34
233.20	50183.02
233.27	50181.58
233.35	50194.07
233.42	50210.41
233.49	50230.53
233.56	50256.86
233.63	50295.14
233.70	50326.67
233.77	50359.73
233.85	50392.46
233.92	50431.57
233.99	50462.44
234.06	50487.26
234.13	50513.68
234.20	50542.67
234.27	50553.04
234.35	50570.61
234.42	50585.97
234.49	50594.18
234.56	50600.63
234.63	50612.34
234.70	50625.48
234.77	50642.85
234.84	50659.85
234.92	50665.63
234.99	50667.93
235.06	50668.08
235.13	50663.84
235.20	50673.93
235.27	50687.71
235.34	50691.40
235.41	50702.88
235.49	50712.56
235.56	50719.01
235.63	50727.60
235.70	50747.31
235.77	50752.87
235.84	50761.35
235.91	50759.34
235.98	50752.27
236.06	50733.67
236.13	50720.21
236.20	50707.82
236.27	50679.31
236.34	50655.58
236.41	50639.21
236.48	50625.85
236.55	50611.62
236.63	50610.26
236.70	50613.28
236.77	50619.71
236.84	50627.70
236.91	50633.47
236.98	50638.16
237.05	50643.14
237.12	50635.90
237.19	50627.67
237.27	50628.20
237.34	50634.86
237.41	50626.28
237.48	50612.74
237.55	50592.94
237.62	50576.14
237.69	50560.03
237.76	50553.88
237.83	50563.47
237.91	50577.13
237.98	50579.91
238.05	50576.01
238.12	50568.86
238.19	50558.34
238.26	50556.74
238.33	50541.53
238.40	50530.43
238.47	50514.53
238.54	50505.40
238.62	50482.64
238.69	50472.66
238.76	50463.07
238.83	50455.16
238.90	50446.38
238.97	50435.63
239.04	50424.57
239.11	50411.92
239.18	50405.12
239.25	50389.98
239.33	50371.01
239.40	50354.93
239.47	50329.24
239.54	50300.57
239.61	50267.04
239.68	50236.20
239.75	50216.63
239.82	50207.63
239.89	50201.66
239.96	50209.97
240.03	50216.82
240.11	50212.64
240.18	50200.61
240.25	50184.66
240.32	50163.35
240.39	50151.25
240.46	50141.81
240.53	50140.63
240.60	50144.50
240.67	50144.33
240.74	50133.89
240.81	50123.25
240.88	50111.35
240.96	50093.01
241.03	50083.38
241.10	50085.93
241.17	50082.09
241.24	50079.06
241.31	50080.03
241.38	50066.62
241.45	50049.11
241.52	50035.16
241.59	50014.74
241.66	50001.19
241.73	49995.21
241.80	49984.21
241.88	49968.38
241.95	49955.53
242.02	49935.74
242.09	49907.51
242.16	49882.79
242.23	49869.24
242.30	49857.91
242.37	49839.51
242.44	49841.76
242.51	49835.68
242.58	49835.05
242.65	49835.49
242.72	49845.89
242.79	49841.62
242.87	49842.11
242.94	49828.34
243.01	49824.82
243.08	49827.31
243.15	49830.05
243.22	49839.34
243.29	49855.52
243.36	49852.28
243.43	49852.67
243.50	49865.90
243.57	49873.58
243.64	49875.17
243.71	49890.91
243.78	49891.41
243.85	49877.76
243.92	49871.87
243.99	49862.45
244.07	49845.45
244.14	49824.51
244.21	49814.82
244.28	49801.76
244.35	49788.67
244.42	49787.33
244.49	49797.18
244.56	49806.10
244.63	49816.87
244.70	49823.41
244.77	49834.24
244.84	49843.77
244.91	49855.24
244.98	49868.03
245.05	49893.67
245.12	49908.83
245.19	49915.67
245.26	49918.95
245.33	49927.55
245.40	49947.27
245.47	49977.66
245.55	50009.51
245.62	50032.68
245.69	50037.17
245.76	50038.34
245.83	50029.70
245.90	50017.51
245.97	50015.78
246.04	50036.45
246.11	50045.95
246.18	50053.66
246.25	50060.61
246.32	50060.88
246.39	50058.29
246.46	50051.95
246.53	50061.72
246.60	50077.13
246.67	50102.26
246.74	50115.84
246.81	50139.84
246.88	50155.47
246.95	50176.63
247.02	50202.95
247.09	50229.45
247.16	50243.41
247.23	50249.70
247.30	50250.53
247.37	50235.56
247.44	50244.35
247.51	50263.82
247.58	50289.39
247.66	50323.87
247.73	50369.11
247.80	50392.98
247.87	50416.42
247.94	50449.66
248.01	50479.04
248.08	50503.97
248.15	50533.89
248.22	50563.00
248.29	50578.38
248.36	50592.81
248.43	50616.31
248.50	50637.81
248.57	50652.37
248.64	50663.37
248.71	50682.47
248.78	50698.55
248.85	50712.45
248.92	50744.61
248.99	50770.70
249.06	50790.88
249.13	50800.93
249.20	50820.54
249.27	50834.36
249.34	50856.23
249.41	50871.45
249.48	50876.52
249.55	50866.44
249.62	50864.99
249.69	50875.44
249.76	50901.03
249.83	50945.46
249.90	51001.15
249.97	51045.32
250.04	51088.93
250.11	51130.98
250.18	51156.94
250.25	51178.13
250.32	51195.66
250.39	51216.88
250.46	51226.27
250.53	51250.00
250.60	51272.83
250.67	51294.83
250.74	51310.25
250.81	51316.51
250.88	51328.65
250.95	51347.65
251.02	51371.40
251.09	51394.20
251.16	51433.37
251.23	51454.45
251.30	51471.86
251.37	51480.52
251.44	51485.20
251.51	51497.35
251.58	51520.47
251.65	51534.41
251.72	51556.01
251.79	51579.42
251.86	51590.01
251.93	51605.97
252.00	51618.80
252.07	51628.45
252.14	51642.49
252.21	51652.00
252.28	51654.37
252.35	51666.75
252.42	51688.50
252.49	51697.89
252.56	51709.51
252.63	51718.60
252.70	51727.36
252.77	51733.45
252.84	51744.93
252.91	51759.45
252.98	51780.60
253.05	51801.74
253.12	51814.28
253.19	51825.08
253.25	51841.31
253.32	51844.25
253.39	51865.02
253.46	51883.42
253.53	51905.66
253.60	51918.63
253.67	51942.90
253.74	51951.90
253.81	51968.71
253.88	51975.25
253.95	51990.46
254.02	52003.30
254.09	52016.73
254.16	52028.26
254.23	52042.51
254.30	52048.90
254.37	52065.73
254.44	52075.18
254.51	52084.99
254.58	52091.07
254.65	52098.31
254.72	52097.72
254.79	52095.33
254.86	52096.81
254.93	52104.19
255.00	52111.71
255.07	52109.78
255.14	52120.13
255.21	52113.94
255.28	52100.99
255.34	52087.37
255.41	52078.79
255.48	52070.76
255.55	52074.56
255.62	52087.05
255.69	52093.83
255.76	52103.55
255.83	52111.31
255.90	52116.95
255.97	52129.62
256.04	52136.26
256.11	52143.21
256.18	52143.11
256.25	52141.17
256.32	52127.72
256.39	52128.39
256.46	52124.84
256.53	52125.64
256.60	52123.11
256.67	52125.95
256.74	52125.00
256.80	52126.83
256.87	52124.36
256.94	52127.58
257.01	52124.10
257.08	52120.27
257.15	52106.82
257.22	52090.62
257.29	52066.06
257.36	52049.81
257.43	52038.96
257.50	52037.34
257.57	52033.82
257.64	52038.90
257.71	52030.60
257.78	52028.19
257.85	52012.35
257.92	51995.86
257.98	51976.10
258.05	51961.99
258.12	51929.32
258.19	51909.21
258.26	51897.76
258.33	51883.82
258.40	51874.29
258.47	51873.46
258.54	51874.80
258.61	51874.03
258.68	51868.00
258.75	51853.87
258.82	51838.62
258.89	51813.30
258.95	51789.25
259.02	51774.95
259.09	51761.56
259.16	51737.81
259.23	51717.90
259.30	51689.59
259.37	51662.16
259.44	51636.07
259.51	51628.53
259.58	51623.09
259.65	51613.64
259.72	51595.12
259.79	51574.19
259.85	51536.04
259.92	51489.01
259.99	51452.84
260.06	51431.67
260.13	51405.70
260.20	51381.51
260.27	51364.90
260.34	51334.49
260.41	51302.60
260.48	51274.61
260.55	51258.56
260.62	51239.66
260.68	51225.16
260.75	51200.03
260.82	51180.64
260.89	51152.34
260.96	51120.30
261.03	51099.95
261.10	51070.01
261.17	51044.94
261.24	51007.22
261.31	50979.58
261.38	50948.68
261.44	50923.01
261.51	50880.11
261.58	50849.10
261.65	50807.61
261.72	50757.54
261.79	50710.86
261.86	50681.33
261.93	50646.68
262.00	50618.24
262.07	50589.61
262.13	50568.25
262.20	50534.93
262.27	50494.39
262.34	50461.62
262.41	50430.99
262.48	50388.38
262.55	50355.61
262.62	50328.80
262.69	50295.60
262.76	50263.81
262.82	50235.26
262.89	50206.41
262.96	50183.29
263.03	50158.92
263.10	50128.05
263.17	50101.23
263.24	50059.60
263.31	50017.83
263.38	49969.09
263.44	49929.40
263.51	49872.81
263.58	49827.21
263.65	49781.91
263.72	49733.60
263.79	49691.38
263.86	49664.97
263.93	49629.49
264.00	49590.62
264.06	49564.48
264.13	49525.68
264.20	49484.21
264.27	49444.50
264.34	49406.41
264.41	49359.57
264.48	49314.71
264.55	49266.25
264.61	49215.73
264.68	49169.90
264.75	49130.12
264.82	49082.79
264.89	49043.85
264.96	49005.02
265.03	48961.96
265.10	48924.65
265.16	48887.82
265.23	48854.94
265.30	48833.04
265.37	48807.63
265.44	48754.91
265.51	48717.28
265.58	48665.48
265.65	48601.63
265.71	48546.49
265.78	48511.85
265.85	48471.35
265.92	48429.21
265.99	48393.33
266.06	48362.62
266.13	48312.13
266.20	48272.43
266.26	48235.72
266.33	48198.30
266.40	48148.88
266.47	48103.08
266.54	48035.32
266.61	47975.94
266.68	47908.06
266.74	47833.93
266.81	47779.26
266.88	47730.41
266.95	47677.16
267.02	47632.41
267.09	47599.45
267.16	47556.64
267.22	47526.01
267.29	47493.76
267.36	47456.82
267.43	47420.80
267.50	47385.35
267.57	47342.91
267.64	47307.01
267.70	47269.61
267.77	47230.16
267.84	47190.04
267.91	47143.82
267.98	47080.25
268.05	47032.50
268.11	46980.19
268.18	46926.36
268.25	46875.48
268.32	46837.19
268.39	46797.28
268.46	46759.38
268.53	46728.69
268.59	46698.85
268.66	46673.06
268.73	46632.97
268.80	46592.29
268.87	46538.22
268.94	46487.16
269.00	46432.79
269.07	46386.39
269.14	46351.73
269.21	46323.21
269.28	46285.71
269.35	46245.89
269.41	46205.83
269.48	46155.56
269.55	46100.34
269.62	46054.20
269.69	46014.93
269.76	45966.10
269.82	45925.97
269.89	45899.67
269.96	45868.03
270.03	45831.44
270.10	45805.92
270.17	45762.10
270.23	45719.40
270.30	45680.81
270.37	45654.47
270.44	45623.07
270.51	45594.46
270.58	45552.71
270.64	45522.61
270.71	45476.59
270.78	45442.60
270.85	45402.76
270.92	45369.06
270.99	45331.21
271.05	45307.44
271.12	45263.17
271.19	45234.08
271.26	45196.17
271.33	45152.77
271.39	45108.30
271.46	45062.30
271.53	45020.71
271.60	44999.68
271.67	44969.73
271.74	44930.77
271.80	44904.76
271.87	44880.67
271.94	44843.58
272.01	44809.79
272.08	44782.57
272.14	44751.08
272.21	44717.21
272.28	44693.98
272.35	44679.05
272.42	44655.05
272.48	44640.74
272.55	44615.65
272.62	44590.61
272.69	44568.99
272.76	44551.73
272.83	44524.36
272.89	44496.44
272.96	44464.31
273.03	44427.77
273.10	44392.05
273.17	44362.94
273.23	44336.70
273.30	44307.13
273.37	44280.25
273.44	44257.95
273.51	44233.55
273.57	44218.93
273.64	44198.72
273.71	44174.74
273.78	44141.78
273.85	44126.15
273.91	44099.90
273.98	44084.23
274.05	44066.42
274.12	44056.15
274.19	44034.74
274.25	44011.18
274.32	43980.76
274.39	43948.14
274.46	43906.51
274.53	43858.20
274.59	43811.54
274.66	43777.49
274.73	43754.22
274.80	43728.05
274.86	43695.02
274.93	43668.52
275.00	43636.69
275.07	43596.30
275.14	43568.49
275.20	43543.86
275.27	43524.58
275.34	43501.99
275.41	43486.01
275.48	43468.08
275.54	43453.31
275.61	43430.47
275.68	43409.16
275.75	43380.41
275.81	43344.36
275.88	43315.88
275.95	43291.35
276.02	43260.27
276.09	43233.43
276.15	43213.96
276.22	43187.38
276.29	43166.78
276.36	43144.04
276.42	43117.82
276.49	43091.90
276.56	43063.69
276.63	43033.57
276.70	43008.05
276.76	42996.98
276.83	42979.55
276.90	42963.21
276.97	42941.18
277.03	42925.22
277.10	42899.74
277.17	42883.30
277.24	42866.08
277.30	42855.00
277.37	42836.76
277.44	42818.70
277.51	42794.40
277.58	42769.36
277.64	42746.01
277.71	42722.16
277.78	42697.16
277.85	42666.31
277.91	42639.36
277.98	42610.64
278.05	42582.73
278.12	42566.24
278.18	42543.08
278.25	42529.99
278.32	42506.21
278.39	42494.31
278.45	42474.09
278.52	42468.25
278.59	42446.46
278.66	42433.74
278.72	42413.28
278.79	42391.88
278.86	42365.56
278.93	42353.73
278.99	42334.12
279.06	42314.50
279.13	42283.98
279.20	42260.88
279.26	42238.41
279.33	42215.91
279.40	42183.56
279.47	42163.79
279.53	42142.00
279.60	42106.85
279.67	42086.54
279.74	42066.22
279.80	42046.18
279.87	42025.48
279.94	42019.53
280.01	42003.82
280.07	41987.78
280.14	41971.62
280.21	41950.92
280.28	41918.34
280.34	41881.69
280.41	41857.66
280.48	41828.98
280.55	41806.45
280.61	41781.81
280.68	41764.35
280.75	41734.92
280.82	41705.65
280.88	41665.34
280.95	41622.03
281.02	41562.99
281.08	41494.50
281.15	41415.48
281.22	41349.61
281.29	41287.37
281.35	41235.01
281.42	41199.78
281.49	41172.96
281.56	41143.16
281.62	41109.52
281.69	41078.11
281.76	41047.23
281.82	41012.78
281.89	40977.99
281.96	40950.92
282.03	40923.67
282.09	40891.18
282.16	40870.06
282.23	40845.84
282.30	40820.61
282.36	40796.79
282.43	40776.39
282.50	40763.40
282.56	40736.92
282.63	40724.06
282.70	40703.59
282.77	40693.74
282.83	40668.57
282.90	40655.17
282.97	40627.56
283.03	40601.06
283.10	40570.91
283.17	40544.60
283.24	40519.52
283.30	40488.71
283.37	40458.67
283.44	40433.19
283.50	40404.32
283.57	40379.72
283.64	40357.01
283.71	40326.65
283.77	40282.21
283.84	40244.83
283.91	40204.23
283.97	40181.46
284.04	40185.21
284.11	40200.09
284.18	40210.18
284.24	40227.69
284.31	40232.63
284.38	40221.92
284.44	40198.87
284.51	40177.79
284.58	40156.42
284.64	40146.15
284.71	40139.67
284.78	40133.02
284.85	40124.64
284.91	40105.39
284.98	40083.82
285.05	40051.10
285.11	40034.05
285.18	40016.59
285.25	40010.64
285.31	40005.49
285.38	40009.86
285.45	40007.44
285.52	40003.61
285.58	39993.23
285.65	39974.36
285.72	39955.22
285.78	39930.36
285.85	39916.92
285.92	39901.18
285.98	39888.79
286.05	39874.58
286.12	39867.18
286.18	39853.88
286.25	39849.76
286.32	39843.02
286.39	39845.76
286.45	39834.33
286.52	39821.46
286.59	39808.44
286.65	39799.38
286.72	39789.39
286.79	39785.18
286.85	39775.71
286.92	39766.20
286.99	39759.90
287.05	39736.81
287.12	39734.12
287.19	39734.37
287.25	39734.19
287.32	39726.72
287.39	39731.66
287.45	39725.46
287.52	39722.13
287.59	39719.71
287.65	39714.84
287.72	39705.79
287.79	39691.28
287.86	39676.65
287.92	39656.76
287.99	39648.92
288.06	39645.33
288.12	39641.05
288.19	39642.53
288.26	39636.09
288.32	39618.32
288.39	39608.93
288.46	39603.25
288.52	39593.14
288.59	39595.82
288.66	39611.46
288.72	39613.63
288.79	39616.95
288.86	39621.33
288.92	39618.06
288.99	39602.99
289.06	39601.06
289.12	39600.47
289.19	39604.68
289.26	39607.13
289.32	39620.91
289.39	39621.41
289.45	39625.35
289.52	39614.67
289.59	39621.39
289.65	39624.48
289.72	39631.41
289.79	39641.66
289.85	39654.14
289.92	39661.15
289.99	39662.92
290.05	39659.48
290.12	39648.35
290.19	39648.13
290.25	39635.76
290.32	39625.46
290.39	39631.30
290.45	39634.69
290.52	39638.35
290.59	39648.64
290.65	39654.94
290.72	39650.67
290.79	39652.51
290.85	39653.61
290.92	39663.94
290.98	39677.30
291.05	39691.66
291.12	39700.20
291.18	39704.80
291.25	39704.61
291.32	39701.96
291.38	39694.49
291.45	39697.21
291.52	39699.23
291.58	39701.83
291.65	39712.48
291.72	39731.24
291.78	39747.91
291.85	39761.01
291.91	39776.22
291.98	39799.91
292.05	39807.96
292.11	39814.34
292.18	39830.23
292.25	39830.97
292.31	39819.35
292.38	39827.28
292.45	39830.19
292.51	39837.10
292.58	39849.14
292.64	39861.09
292.71	39868.00
292.78	39878.63
292.84	39873.31
292.91	39877.71
292.98	39886.26
293.04	39896.12
293.11	39899.50
293.17	39917.10
293.24	39929.18
293.31	39942.50
293.37	39950.77
293.44	39963.33
293.51	39976.54
293.57	39987.03
293.64	39992.00
293.70	40008.03
293.77	40022.41
293.84	40032.03
293.90	40037.98
293.97	40049.55
294.04	40054.10
294.10	40063.68
294.17	40074.43
294.23	40091.96
294.30	40100.09
294.37	40118.22
294.43	40132.61
294.50	40136.81
294.56	40147.55
294.63	40158.76
294.70	40163.19
294.76	40172.48
294.83	40193.91
294.90	40209.41
294.96	40232.24
295.03	40251.42
295.09	40268.23
295.16	40276.06
295.23	40283.61
295.29	40288.36
295.36	40295.11
295.42	40306.42
295.49	40321.06
295.56	40343.90
295.62	40370.90
295.69	40383.90
295.75	40401.02
295.82	40421.72
295.89	40422.24
295.95	40418.26
296.02	40429.38
296.08	40426.92
296.15	40425.99
296.22	40442.11
296.28	40469.17
296.35	40493.78
296.41	40517.07
296.48	40536.71
296.55	40555.89
296.61	40567.01
296.68	40578.35
296.74	40602.02
296.81	40631.01
296.88	40650.94
296.94	40667.23
297.01	40682.53
297.07	40694.64
297.14	40700.51
297.20	40710.90
297.27	40723.52
297.34	40748.21
297.40	40767.82
297.47	40782.49
297.53	40799.95
297.60	40822.90
297.67	40828.89
297.73	40841.37
297.80	40849.76
297.86	40852.66
297.93	40861.27
298.00	40876.65
298.06	40891.09
298.13	40921.08
298.19	40944.92
298.26	40957.53
298.32	40978.65
298.39	40991.52
298.46	40991.38
298.52	41006.87
298.59	41022.18
298.65	41031.88
298.72	41050.64
298.78	41069.44
298.85	41081.36
298.92	41097.91
298.98	41109.71
299.05	41118.22
299.11	41135.55
299.18	41150.88
299.24	41152.36
299.31	41158.05
299.38	41170.26
299.44	41174.33
299.51	41183.52
299.57	41199.89
299.64	41217.16
299.70	41226.89
299.77	41236.34
299.84	41243.90
299.90	41246.51
299.97	41242.75
300.03	41247.84
300.10	41264.30
300.16	41279.76
300.23	41300.15
300.30	41321.28
300.36	41330.79
300.43	41342.02
300.49	41348.49
300.56	41365.45
300.62	41382.52
300.69	41398.79
300.75	41406.87
300.82	41427.56
300.89	41434.24
300.95	41446.58
301.02	41451.22
301.08	41454.99
301.15	41449.16
301.21	41450.92
301.28	41453.19
301.34	41458.98
301.41	41459.98
301.48	41459.66
301.54	41452.34
301.61	41443.60
301.67	41441.32
301.74	41447.04
301.80	41447.30
301.87	41450.72
301.93	41445.89
302.00	41442.79
302.06	41434.53
302.13	41426.79
302.20	41424.27
302.26	41420.75
302.33	41417.36
302.39	41410.74
302.46	41411.00
302.52	41399.86
302.59	41394.81
302.65	41390.61
302.72	41385.96
302.78	41382.98
302.85	41383.27
302.91	41377.72
302.98	41367.05
303.05	41359.31
303.11	41350.54
303.18	41336.74
303.24	41325.94
303.31	41312.83
303.37	41294.36
303.44	41283.71
303.50	41274.48
303.57	41256.27
303.63	41238.56
303.70	41234.01
303.76	41216.33
303.83	41199.35
303.89	41195.10
303.96	41191.05
304.03	41173.88
304.09	41156.25
304.16	41135.27
304.22	41104.81
304.29	41079.18
304.35	41055.67
304.42	41031.47
304.48	41009.43
304.55	40987.65
304.61	40963.96
304.68	40944.70
304.74	40928.64
304.81	40920.36
304.87	40895.44
304.94	40874.15
305.00	40849.66
305.07	40816.99
305.13	40776.60
305.20	40751.49
305.26	40723.61
305.33	40700.76
305.39	40680.69
305.46	40648.36
305.52	40621.66
305.59	40597.88
305.66	40560.12
305.72	40522.28
305.79	40493.57
305.85	40467.06
305.92	40412.87
305.98	40305.67
306.05	40091.15
306.11	39794.60
306.18	39497.70
306.24	39307.98
306.31	39271.88
306.37	39395.95
306.44	39630.89
306.50	39866.78
306.57	40013.91
306.63	40063.74
306.70	40058.52
306.76	40018.96
306.83	39973.70
306.89	39917.54
306.96	39872.09
307.02	39825.95
307.09	39794.64
307.15	39753.10
307.22	39720.29
307.28	39678.74
307.35	39638.98
307.41	39586.80
307.48	39537.45
307.54	39493.29
307.61	39448.43
307.67	39385.15
307.74	39333.53
307.80	39291.80
307.87	39243.99
307.93	39192.13
308.00	39161.73
308.06	39124.36
308.13	39075.63
308.19	39028.98
308.26	38984.24
308.32	38937.00
308.38	38894.17
308.45	38855.14
308.51	38814.29
308.58	38763.75
308.64	38703.95
308.71	38646.11
308.77	38592.84
308.84	38537.19
308.90	38504.04
308.97	38479.13
309.03	38446.46
309.10	38402.39
309.16	38353.81
309.23	38296.16
309.29	38230.95
309.36	38152.22
309.42	38082.64
309.49	38017.86
309.55	37943.10
309.62	37873.79
309.68	37819.30
309.75	37755.47
309.81	37693.40
309.88	37649.38
309.94	37598.12
310.00	37548.01
310.07	37497.53
310.13	37454.16
310.20	37393.35
310.26	37345.53
310.33	37288.34
310.39	37240.96
310.46	37186.02
310.52	37134.72
310.59	37078.66
310.65	37030.35
310.72	36972.99
310.78	36913.25
310.85	36851.95
310.91	36792.43
310.97	36733.88
311.04	36677.37
311.10	36616.15
311.17	36560.76
311.23	36508.99
311.30	36458.77
311.36	36410.44
311.43	36367.61
311.49	36311.56
311.56	36247.33
311.62	36181.66
311.69	36115.50
311.75	36057.60
311.81	36002.97
311.88	35947.31
311.94	35899.00
312.01	35857.68
312.07	35803.63
312.14	35756.23
312.20	35712.89
312.27	35660.28
312.33	35590.49
312.40	35518.33
312.46	35447.55
312.52	35385.39
312.59	35321.16
312.65	35260.96
312.72	35203.32
312.78	35138.63
312.85	35066.01
312.91	34987.83
312.98	34919.09
313.04	34857.81
313.10	34799.22
313.17	34738.93
313.23	34692.83
313.30	34638.79
313.36	34569.09
313.43	34501.31
313.49	34437.72
313.56	34359.99
313.62	34292.66
313.68	34229.58
313.75	34173.99
313.81	34116.11
313.88	34055.20
313.94	33988.41
314.01	33937.08
314.07	33880.16
314.13	33814.07
314.20	33761.33
314.26	33703.22
314.33	33636.97
314.39	33564.97
314.46	33483.17
314.52	33413.73
314.58	33345.64
314.65	33275.08
314.71	33214.28
314.78	33170.65
314.84	33102.45
314.91	33038.03
314.97	32973.50
315.03	32904.16
315.10	32838.88
315.16	32772.54
315.23	32708.33
315.29	32644.97
315.36	32583.57
315.42	32518.45
315.48	32451.50
315.55	32384.53
315.61	32312.85
315.68	32251.95
315.74	32188.26
315.81	32128.93
315.87	32060.14
315.93	32004.93
316.00	31960.60
316.06	31914.04
316.13	31884.50
316.19	31834.60
316.25	31734.68
316.32	31566.70
316.38	31350.14
316.45	31068.44
316.51	30759.13
316.58	30423.11
316.64	30066.93
316.70	29703.77
316.77	29318.07
316.83	28908.59
316.90	28487.11
316.96	28055.20
317.02	27602.46
317.09	27133.71
317.15	26661.51
317.22	26173.83
317.28	25669.43
317.34	25148.94
317.41	24627.99
317.47	24095.12
317.54	23552.40
317.60	22999.51
317.66	22444.43
317.73	21872.53
317.79	21295.25
317.86	20721.74
317.92	20143.09
317.98	19549.35
318.05	18957.94
318.11	18362.93
318.18	17773.41
318.24	17178.93
318.30	16592.14
318.37	16006.86
318.43	15414.76
318.50	14825.58
318.56	14240.57
318.62	13668.06
318.69	13102.68
318.75	12555.10
318.82	12005.93
318.88	11480.19
318.94	10958.91
319.01	10452.73
319.07	9961.61
319.13	9477.64
319.20	9006.87
319.26	8542.62
319.33	8098.02
319.39	7658.23
319.45	7249.27
319.52	6850.59
319.58	6474.66
319.65	6106.86
319.71	5760.02
319.77	5424.11
319.84	5108.69
319.90	4806.15
319.96	4518.15
320.03	4246.36
320.09	3994.01
320.16	3746.54
320.22	3522.02
320.28	3311.11
320.35	3114.88
320.41	2931.02
320.47	2765.52
320.54	2606.24
320.60	2465.61
320.67	2336.08
320.73	2212.16
320.79	2097.56
320.86	1998.83
320.92	1904.16
320.98	1820.92
321.05	1745.02
321.11	1671.69
321.18	1605.77
321.24	1548.60
321.30	1488.67
321.37	1438.86
321.43	1401.57
321.49	1360.28
321.56	1320.85
321.62	1290.62
321.68	1255.22
321.75	1220.89
321.81	1192.28
321.88	1162.80
321.94	1139.01
322.00	1118.56
322.07	1090.48
322.13	1062.61
322.19	1033.76
322.26	998.60
322.32	967.33
322.38	941.88
322.45	920.13
322.51	895.32
322.58	876.58
322.64	849.78
322.70	825.64
322.77	794.36
322.83	773.65
322.89	743.31
322.96	716.76
323.02	688.28
323.08	661.35
323.15	630.89
323.21	605.83
323.27	581.55
323.34	557.78
323.40	533.14
323.46	508.73
323.53	478.26
323.59	404.13
323.65	303.71
323.72	190.66
323.78	81.53
323.85	-17.92
323.91	-67.53
323.97	-86.64
324.04	-86.24
