180.21	3428.98
180.28	-126.10
180.36	632.46
180.44	-48.08
180.51	-17.04
180.59	7.18
180.66	34.69
180.74	33.13
180.81	32.92
180.89	35.13
180.97	35.99
181.04	33.67
181.12	32.56
181.19	33.27
181.27	33.72
181.34	49.80
181.42	56.82
181.50	63.84
181.57	74.80
181.65	80.41
181.72	75.37
181.80	71.00
181.87	71.76
181.95	72.25
182.03	72.44
182.10	75.54
182.18	79.07
182.25	85.61
182.33	88.59
182.40	99.21
182.48	98.18
182.55	113.33
182.63	122.07
182.71	130.11
182.78	138.88
182.86	153.91
182.93	153.83
183.01	153.90
183.08	148.61
183.16	146.49
183.23	137.20
183.31	144.91
183.39	152.26
183.46	173.78
183.54	184.55
183.61	212.19
183.69	233.19
183.76	267.15
183.84	294.50
183.91	323.28
183.99	365.01
184.06	396.09
184.14	428.29
184.22	473.06
184.29	508.11
184.37	519.83
184.44	538.41
184.52	526.50
184.59	468.24
184.67	413.30
184.74	361.91
184.82	326.78
184.89	322.67
184.97	367.33
185.04	437.18
185.12	506.95
185.20	587.41
185.27	662.88
185.35	750.92
185.42	810.07
185.50	873.55
185.57	929.30
185.65	972.31
185.72	1012.49
185.80	1091.98
185.87	1148.68
185.95	1215.74
186.02	1329.87
186.10	1398.62
186.17	1421.49
186.25	1412.82
186.33	1270.18
186.40	1070.71
186.48	922.19
186.55	829.67
186.63	815.89
186.70	941.50
186.78	1106.75
186.85	1251.96
186.93	1378.80
187.00	1482.27
187.08	1595.56
187.15	1701.81
187.23	1825.84
187.30	1954.63
187.38	2065.50
187.45	2184.72
187.53	2320.87
187.60	2401.95
187.68	2505.35
187.75	2651.92
187.83	2723.43
187.90	2782.31
187.98	2893.98
188.05	2920.26
188.13	2777.96
188.21	2520.77
188.28	2252.07
188.36	1985.91
188.43	1793.81
188.51	1798.73
188.58	1992.15
188.66	2204.14
188.73	2408.44
188.81	2625.43
188.88	2787.27
188.96	2950.92
189.03	3087.97
189.11	3236.16
189.18	3373.37
189.26	3488.20
189.33	3604.94
189.41	3740.96
189.48	3826.69
189.56	3919.48
189.63	4051.47
189.71	4107.27
189.78	4165.25
189.86	4264.21
189.93	4315.20
190.01	4311.20
190.08	4289.09
190.16	4103.00
190.23	3731.32
190.31	3383.39
190.38	3136.56
190.46	2995.90
190.53	3043.70
190.61	3291.34
190.68	3551.25
190.76	3781.70
190.83	3978.34
190.91	4138.67
190.98	4310.73
191.06	4452.88
191.13	4599.93
191.21	4731.78
191.28	4846.73
191.35	4957.92
191.43	5075.90
191.50	5145.33
191.58	5237.20
191.65	5341.10
191.73	5387.98
191.80	5446.70
191.88	5501.41
191.95	5502.28
192.03	5507.15
192.10	5537.44
192.18	5550.16
192.25	5542.00
192.33	5442.94
192.40	5207.37
192.48	4944.40
192.55	4732.55
192.63	4587.77
192.70	4603.21
192.78	4782.37
192.85	5017.60
192.93	5227.98
193.00	5423.20
193.08	5578.98
193.15	5739.19
193.22	5850.92
193.30	5961.11
193.37	6070.94
193.45	6153.16
193.52	6219.34
193.60	6301.16
193.67	6350.35
193.75	6395.71
193.82	6452.40
193.90	6471.29
193.97	6490.02
194.05	6521.56
194.12	6536.52
194.20	6563.96
194.27	6614.21
194.34	6655.83
194.42	6689.77
194.49	6732.22
194.57	6758.29
194.64	6728.18
194.72	6637.09
194.79	6538.30
194.87	6454.07
194.94	6404.54
195.02	6420.35
195.09	6507.85
195.17	6627.73
195.24	6732.51
195.31	6830.03
195.39	6906.67
195.46	6987.76
195.54	7055.06
195.61	7118.97
195.69	7164.19
195.76	7211.84
195.84	7254.22
195.91	7285.57
195.99	7306.50
196.06	7321.98
196.13	7342.93
196.21	7352.66
196.28	7371.56
196.36	7400.94
196.43	7433.78
196.51	7468.73
196.58	7507.07
196.66	7541.87
196.73	7570.93
196.80	7599.04
196.88	7624.28
196.95	7649.48
197.03	7673.05
197.10	7681.59
197.18	7672.27
197.25	7654.78
197.33	7646.33
197.40	7643.17
197.47	7649.70
197.55	7688.72
197.62	7731.70
197.70	7768.67
197.77	7807.13
197.85	7850.92
197.92	7883.45
197.99	7919.25
198.07	7958.03
198.14	7990.01
198.22	8021.70
198.29	8047.15
198.37	8070.16
198.44	8088.50
198.51	8109.40
198.59	8125.84
198.66	8154.44
198.74	8184.99
198.81	8214.82
198.89	8237.50
198.96	8265.40
199.03	8288.41
199.11	8316.92
199.18	8340.99
199.26	8367.60
199.33	8397.06
199.41	8425.32
199.48	8444.36
199.55	8472.08
199.63	8493.63
199.70	8521.39
199.78	8541.71
199.85	8564.10
199.93	8580.11
200.00	8607.42
200.07	8625.79
200.15	8659.49
200.22	8694.72
200.30	8732.31
200.37	8771.42
200.44	8809.33
200.52	8837.81
200.59	8872.52
200.67	8896.63
200.74	8914.03
200.81	8936.07
200.89	8958.72
200.96	8983.61
201.04	9012.88
201.11	9051.07
201.19	9089.97
201.26	9125.17
201.33	9150.77
201.41	9186.86
201.48	9221.41
201.56	9249.89
201.63	9293.30
201.70	9331.57
201.78	9367.73
201.85	9406.24
201.93	9444.34
202.00	9477.27
202.07	9520.30
202.15	9557.74
202.22	9591.21
202.30	9628.73
202.37	9663.57
202.44	9702.50
202.52	9743.16
202.59	9787.25
202.67	9828.68
202.74	9873.26
202.81	9909.97
202.89	9946.66
202.96	9991.49
203.04	10040.54
203.11	10081.85
203.18	10132.90
203.26	10189.26
203.33	10229.21
203.41	10264.57
203.48	10313.85
203.55	10349.27
203.63	10383.27
203.70	10428.97
203.77	10476.06
203.85	10522.79
203.92	10576.37
204.00	10637.32
204.07	10691.16
204.14	10751.74
204.22	10802.32
204.29	10855.12
204.37	10902.63
204.44	10950.78
204.51	11003.35
204.59	11060.55
204.66	11114.93
204.73	11177.12
204.81	11242.07
204.88	11301.99
204.96	11359.54
205.03	11416.62
205.10	11469.14
205.18	11518.27
205.25	11568.12
205.32	11625.29
205.40	11684.57
205.47	11743.52
205.55	11807.57
205.62	11872.74
205.69	11937.93
205.77	12007.82
205.84	12083.02
205.91	12155.01
205.99	12230.98
206.06	12303.38
206.14	12371.06
206.21	12439.11
206.28	12507.37
206.36	12581.35
206.43	12647.71
206.50	12722.69
206.58	12793.30
206.65	12870.11
206.72	12937.93
206.80	13010.82
206.87	13081.47
206.95	13156.22
207.02	13230.77
207.09	13309.64
207.17	13395.75
207.24	13481.47
207.31	13567.83
207.39	13651.61
207.46	13738.81
207.53	13822.32
207.61	13906.26
207.68	13989.28
207.75	14077.16
207.83	14160.44
207.90	14242.56
207.98	14324.22
208.05	14414.65
208.12	14497.90
208.20	14587.87
208.27	14680.10
208.34	14776.66
208.42	14861.08
208.49	14953.18
208.56	15032.61
208.64	15120.04
208.71	15205.69
208.78	15295.99
208.86	15394.43
208.93	15503.14
209.00	15604.27
209.08	15704.98
209.15	15808.45
209.22	15911.79
209.30	16009.15
209.37	16113.15
209.44	16227.83
209.52	16332.41
209.59	16429.10
209.67	16536.10
209.74	16643.28
209.81	16743.10
209.89	16845.87
209.96	16956.61
210.03	17067.73
210.11	17172.91
210.18	17272.57
210.25	17382.13
210.33	17485.92
210.40	17588.78
210.47	17699.07
210.55	17821.77
210.62	17941.08
210.69	18056.88
210.77	18177.97
210.84	18298.86
210.91	18428.28
210.99	18549.87
211.06	18678.07
211.13	18796.25
211.21	18916.37
211.28	19020.59
211.35	19139.02
211.42	19260.70
211.50	19390.27
211.57	19515.17
211.64	19645.20
211.72	19764.67
211.79	19881.39
211.86	19991.88
211.94	20118.60
212.01	20243.27
212.08	20374.04
212.16	20499.56
212.23	20633.48
212.30	20762.30
212.38	20884.91
212.45	21018.91
212.52	21155.64
212.60	21287.38
212.67	21413.23
212.74	21550.59
212.82	21675.38
212.89	21808.28
212.96	21939.27
213.03	22076.89
213.11	22223.72
213.18	22358.87
213.25	22498.02
213.33	22634.02
213.40	22759.41
213.47	22878.17
213.55	23013.88
213.62	23138.67
213.69	23275.30
213.77	23417.17
213.84	23556.68
213.91	23707.17
213.98	23864.58
214.06	24014.09
214.13	24168.33
214.20	24318.29
214.28	24464.68
214.35	24604.93
214.42	24746.75
214.50	24888.17
214.57	25026.41
214.64	25160.74
214.72	25297.19
214.79	25437.35
214.86	25574.64
214.93	25717.41
215.01	25867.47
215.08	26009.07
215.15	26152.20
215.23	26293.58
215.30	26438.39
215.37	26571.55
215.44	26724.67
215.52	26877.35
215.59	27031.06
215.66	27175.44
215.74	27323.33
215.81	27463.82
215.88	27611.64
215.95	27755.38
216.03	27906.86
216.10	28053.42
216.17	28205.60
216.25	28353.55
216.32	28506.56
216.39	28659.10
216.46	28815.41
216.54	28956.55
216.61	29109.55
216.68	29256.27
216.76	29399.98
216.83	29543.98
216.90	29699.17
216.97	29848.08
217.05	30001.73
217.12	30150.05
217.19	30300.48
217.27	30437.03
217.34	30566.96
217.41	30693.30
217.48	30832.17
217.56	30974.95
217.63	31128.17
217.70	31284.28
217.78	31438.94
217.85	31588.29
217.92	31735.78
217.99	31888.70
218.07	32032.67
218.14	32181.27
218.21	32336.59
218.28	32487.80
218.36	32631.67
218.43	32777.39
218.50	32931.66
218.57	33074.09
218.65	33211.19
218.72	33349.59
218.79	33491.66
218.87	33619.47
218.94	33754.10
219.01	33895.69
219.08	34035.42
219.16	34173.32
219.23	34322.36
219.30	34470.26
219.37	34613.29
219.45	34759.92
219.52	34908.28
219.59	35042.57
219.66	35173.73
219.74	35312.78
219.81	35459.27
219.88	35596.97
219.95	35742.19
220.03	35886.72
220.10	36021.97
220.17	36151.41
220.24	36281.02
220.32	36408.53
220.39	36533.77
220.46	36657.06
220.53	36782.57
220.61	36904.86
220.68	37023.40
220.75	37148.03
220.82	37287.92
220.90	37412.11
220.97	37537.45
221.04	37666.40
221.11	37787.13
221.19	37899.39
221.26	38022.82
221.33	38157.24
221.40	38292.02
221.48	38420.25
221.55	38546.17
221.62	38655.93
221.69	38767.32
221.77	38882.14
221.84	39010.62
221.91	39127.77
221.98	39261.52
222.06	39391.72
222.13	39519.53
222.20	39630.51
222.27	39751.44
222.35	39864.52
222.42	39975.84
222.49	40087.18
222.56	40206.03
222.63	40316.59
222.71	40427.00
222.78	40534.26
222.85	40639.72
222.92	40752.71
223.00	40860.31
223.07	40970.07
223.14	41072.83
223.21	41180.17
223.29	41280.02
223.36	41391.67
223.43	41500.04
223.50	41615.70
223.57	41724.79
223.65	41841.63
223.72	41952.74
223.79	42055.63
223.86	42150.78
223.94	42243.07
224.01	42322.97
224.08	42404.66
224.15	42494.08
224.22	42583.12
224.30	42667.05
224.37	42764.70
224.44	42870.66
224.51	42969.40
224.59	43057.88
224.66	43149.97
224.73	43236.22
224.80	43318.02
224.87	43401.15
224.95	43504.60
225.02	43610.35
225.09	43713.79
225.16	43811.58
225.23	43910.05
225.31	43997.26
225.38	44081.48
225.45	44164.70
225.52	44250.32
225.60	44330.61
225.67	44406.72
225.74	44480.32
225.81	44555.51
225.88	44626.01
225.96	44704.14
226.03	44787.13
226.10	44872.08
226.17	44950.79
226.24	45026.98
226.32	45108.58
226.39	45188.82
226.46	45255.81
226.53	45330.02
226.60	45418.27
226.68	45501.10
226.75	45584.57
226.82	45680.34
226.89	45771.34
226.96	45847.09
227.04	45908.18
227.11	45964.21
227.18	46018.18
227.25	46063.27
227.32	46108.04
227.40	46172.84
227.47	46244.37
227.54	46320.36
227.61	46407.22
227.68	46493.92
227.76	46565.51
227.83	46633.01
227.90	46694.22
227.97	46749.00
228.04	46807.59
228.11	46864.41
228.19	46912.12
228.26	46968.13
228.33	47023.40
228.40	47063.56
228.47	47117.09
228.55	47171.64
228.62	47225.09
228.69	47291.80
228.76	47359.34
228.83	47423.03
228.90	47496.41
228.98	47563.96
229.05	47619.23
229.12	47695.57
229.19	47758.58
229.26	47811.73
229.34	47855.75
229.41	47899.97
229.48	47936.27
229.55	47978.47
229.62	48038.47
229.69	48103.29
229.77	48167.62
229.84	48225.39
229.91	48279.22
229.98	48315.83
230.05	48352.73
230.12	48392.11
230.20	48437.53
230.27	48488.15
230.34	48545.96
230.41	48601.49
230.48	48653.32
230.55	48708.38
230.63	48759.49
230.70	48818.25
230.77	48868.21
230.84	48910.12
230.91	48940.64
230.98	48973.98
231.06	49000.40
231.13	49049.01
231.20	49107.53
231.27	49176.65
231.34	49245.10
231.41	49309.52
231.49	49356.16
231.56	49404.60
231.63	49442.58
231.70	49481.02
231.77	49516.73
231.84	49550.46
231.92	49575.59
231.99	49600.54
232.06	49628.66
232.13	49657.55
232.20	49699.82
232.27	49742.02
232.34	49779.45
232.42	49809.58
232.49	49842.74
232.56	49871.74
232.63	49911.71
232.70	49954.13
232.77	50007.49
232.85	50057.97
232.92	50096.80
232.99	50126.93
233.06	50149.94
233.13	50159.56
233.20	50162.62
233.27	50170.28
233.35	50178.73
233.42	50187.68
233.49	50208.52
233.56	50243.27
233.63	50275.37
233.70	50305.63
233.77	50351.54
233.85	50388.62
233.92	50427.62
233.99	50460.90
234.06	50497.49
234.13	50518.74
234.20	50538.06
234.27	50545.09
234.35	50553.33
234.42	50557.49
234.49	50571.55
234.56	50587.02
234.63	50597.25
234.70	50615.64
234.77	50629.34
234.84	50641.19
234.92	50644.62
234.99	50653.44
235.06	50660.77
235.13	50664.44
235.20	50671.32
235.27	50686.30
235.34	50692.51
235.41	50700.27
235.49	50709.24
235.56	50713.44
235.63	50720.19
235.70	50730.03
235.77	50739.37
235.84	50748.57
235.91	50750.90
235.98	50737.57
236.06	50725.51
236.13	50704.11
236.20	50689.92
236.27	50660.07
236.34	50645.25
236.41	50629.37
236.48	50625.73
236.55	50617.60
236.63	50618.60
236.70	50618.22
236.77	50620.21
236.84	50623.80
236.91	50628.59
236.98	50635.54
237.05	50644.10
237.12	50638.83
237.19	50629.13
237.27	50617.61
237.34	50611.59
237.41	50599.69
237.48	50594.10
237.55	50580.18
237.62	50571.51
237.69	50571.13
237.76	50570.96
237.83	50577.58
237.91	50586.83
237.98	50585.74
238.05	50575.25
238.12	50560.84
238.19	50548.09
238.26	50546.88
238.33	50539.11
238.40	50530.92
238.47	50522.03
238.54	50516.53
238.62	50497.20
238.69	50480.38
238.76	50462.89
238.83	50440.95
238.90	50421.98
238.97	50405.89
239.04	50400.87
239.11	50395.80
239.18	50404.97
239.25	50394.74
239.33	50376.85
239.40	50359.58
239.47	50338.06
239.54	50302.56
239.61	50271.96
239.68	50239.69
239.75	50215.38
239.82	50198.14
239.89	50185.98
239.96	50187.74
240.03	50199.37
240.11	50200.34
240.18	50195.77
240.25	50194.37
240.32	50178.09
240.39	50162.67
240.46	50146.41
240.53	50144.35
240.60	50134.35
240.67	50131.62
240.74	50127.25
240.81	50121.62
240.88	50106.94
240.96	50097.90
241.03	50090.49
241.10	50080.84
241.17	50072.17
241.24	50066.85
241.31	50063.00
241.38	50053.84
241.45	50043.55
241.52	50033.27
241.59	50018.56
241.66	50003.60
241.73	49992.28
241.80	49980.46
241.88	49966.69
241.95	49947.04
242.02	49931.22
242.09	49907.97
242.16	49883.67
242.23	49868.86
242.30	49860.96
242.37	49845.87
242.44	49842.47
242.51	49837.84
242.58	49837.91
242.65	49835.56
242.72	49837.94
242.79	49823.85
242.87	49822.53
242.94	49811.81
243.01	49809.62
243.08	49814.85
243.15	49823.21
243.22	49825.74
243.29	49834.06
243.36	49831.31
243.43	49830.62
243.50	49848.61
243.57	49865.19
243.64	49871.53
243.71	49879.28
243.78	49874.45
243.85	49858.72
243.92	49845.57
243.99	49831.52
244.07	49821.92
244.14	49811.84
244.21	49799.80
244.28	49788.94
244.35	49787.67
244.42	49783.82
244.49	49784.53
244.56	49794.83
244.63	49808.32
244.70	49807.38
244.77	49815.97
244.84	49828.07
244.91	49837.02
244.98	49845.29
245.05	49869.36
245.12	49885.66
245.19	49904.30
245.26	49914.83
245.33	49927.32
245.40	49945.90
245.47	49975.87
245.55	49999.87
245.62	50014.68
245.69	50019.51
245.76	50023.52
245.83	50014.41
245.90	50001.56
245.97	50002.36
246.04	50020.93
246.11	50030.75
246.18	50037.82
246.25	50049.43
246.32	50053.41
246.39	50053.02
246.46	50052.22
246.53	50064.29
246.60	50081.35
246.67	50104.58
246.74	50124.64
246.81	50142.47
246.88	50158.50
246.95	50174.42
247.02	50201.17
247.09	50222.20
247.16	50234.32
247.23	50241.21
247.30	50237.70
247.37	50227.33
247.44	50238.98
247.51	50254.06
247.58	50286.03
247.66	50320.23
247.73	50360.89
247.80	50381.68
247.87	50411.32
247.94	50439.24
248.01	50476.04
248.08	50501.08
248.15	50526.79
248.22	50552.52
248.29	50571.26
248.36	50581.55
248.43	50601.60
248.50	50627.19
248.57	50646.40
248.64	50655.89
248.71	50679.20
248.78	50709.41
248.85	50730.11
248.92	50763.05
248.99	50797.17
249.06	50822.19
249.13	50832.11
249.20	50844.86
249.27	50853.95
249.34	50862.04
249.41	50865.22
249.48	50853.45
249.55	50840.25
249.62	50836.46
249.69	50842.85
249.76	50873.38
249.83	50925.76
249.90	50982.47
249.97	51032.37
250.04	51076.56
250.11	51110.75
250.18	51138.82
250.25	51159.92
250.32	51176.27
250.39	51196.42
250.46	51208.72
250.53	51231.77
250.60	51261.61
250.67	51292.79
250.74	51319.28
250.81	51331.58
250.88	51340.08
250.95	51355.28
251.02	51370.05
251.09	51384.47
251.16	51416.27
251.23	51444.53
251.30	51456.76
251.37	51465.79
251.44	51478.21
251.51	51494.42
251.58	51511.45
251.65	51532.48
251.72	51551.20
251.79	51570.45
251.86	51585.59
251.93	51595.94
252.00	51607.16
252.07	51619.65
252.14	51635.22
252.21	51638.15
252.28	51644.96
252.35	51662.46
252.42	51683.45
252.49	51693.37
252.56	51703.69
252.63	51714.10
252.70	51714.69
252.77	51717.86
252.84	51733.62
252.91	51750.48
252.98	51774.23
253.05	51795.05
253.12	51808.12
253.19	51815.15
253.25	51834.61
253.32	51841.07
253.39	51864.67
253.46	51886.07
253.53	51916.60
253.60	51926.90
253.67	51940.09
253.74	51950.59
253.81	51966.67
253.88	51966.50
253.95	51979.59
254.02	51995.92
254.09	52005.27
254.16	52017.48
254.23	52030.29
254.30	52040.58
254.37	52054.20
254.44	52067.59
254.51	52077.58
254.58	52082.80
254.65	52088.23
254.72	52093.87
254.79	52090.33
254.86	52094.38
254.93	52099.69
255.00	52104.08
255.07	52105.08
255.14	52114.26
255.21	52106.61
255.28	52101.10
255.34	52086.78
255.41	52081.93
255.48	52068.63
255.55	52062.50
255.62	52059.82
255.69	52072.55
255.76	52070.71
255.83	52076.14
255.90	52092.18
255.97	52115.91
256.04	52121.95
256.11	52133.40
256.18	52140.25
256.25	52141.87
256.32	52130.52
256.39	52133.83
256.46	52132.17
256.53	52127.12
256.60	52123.53
256.67	52121.78
256.74	52118.43
256.80	52115.85
256.87	52117.82
256.94	52116.11
257.01	52111.86
257.08	52106.17
257.15	52094.23
257.22	52086.27
257.29	52066.21
257.36	52054.32
257.43	52039.48
257.50	52034.65
257.57	52016.98
257.64	52018.67
257.71	52008.24
257.78	52001.16
257.85	51986.65
257.92	51979.62
257.98	51955.48
258.05	51945.14
258.12	51921.46
258.19	51906.61
258.26	51889.98
258.33	51876.57
258.40	51868.28
258.47	51869.92
258.54	51872.62
258.61	51871.49
258.68	51872.00
258.75	51859.49
258.82	51842.35
258.89	51810.35
258.95	51787.52
259.02	51771.47
259.09	51754.94
259.16	51734.56
259.23	51721.02
259.30	51694.34
259.37	51672.14
259.44	51647.37
259.51	51633.12
259.58	51621.52
259.65	51610.51
259.72	51589.43
259.79	51562.52
259.85	51530.71
259.92	51488.50
259.99	51458.79
260.06	51433.54
260.13	51413.02
260.20	51386.53
260.27	51360.58
260.34	51320.32
260.41	51282.93
260.48	51252.30
260.55	51234.83
260.62	51226.19
260.68	51217.73
260.75	51197.76
260.82	51172.07
260.89	51150.02
260.96	51125.16
261.03	51096.96
261.10	51069.90
261.17	51041.87
261.24	51001.29
261.31	50963.13
261.38	50937.33
261.44	50906.96
261.51	50874.58
261.58	50838.58
261.65	50797.66
261.72	50757.81
261.79	50719.40
261.86	50686.10
261.93	50663.22
262.00	50643.01
262.07	50613.42
262.13	50582.37
262.20	50547.06
262.27	50500.21
262.34	50459.42
262.41	50422.73
262.48	50385.29
262.55	50356.58
262.62	50329.55
262.69	50292.45
262.76	50258.35
262.82	50228.82
262.89	50198.48
262.96	50167.26
263.03	50133.47
263.10	50103.61
263.17	50071.35
263.24	50032.38
263.31	49997.05
263.38	49964.48
263.44	49927.11
263.51	49879.15
263.58	49831.50
263.65	49791.78
263.72	49743.41
263.79	49694.76
263.86	49656.27
263.93	49619.96
264.00	49575.28
264.06	49546.05
264.13	49511.30
264.20	49479.88
264.27	49439.19
264.34	49403.04
264.41	49357.18
264.48	49313.33
264.55	49263.14
264.61	49225.37
264.68	49181.74
264.75	49139.15
264.82	49088.53
264.89	49050.30
264.96	49007.65
265.03	48960.73
265.10	48925.57
265.16	48895.52
265.23	48866.45
265.30	48834.07
265.37	48807.88
265.44	48762.68
265.51	48722.68
265.58	48671.29
265.65	48614.84
265.71	48558.35
265.78	48519.49
265.85	48475.58
265.92	48429.79
265.99	48390.39
266.06	48359.86
266.13	48307.38
266.20	48269.02
266.26	48229.72
266.33	48186.50
266.40	48133.98
266.47	48085.47
266.54	48015.44
266.61	47949.98
266.68	47888.51
266.74	47826.63
266.81	47771.45
266.88	47726.12
266.95	47678.98
267.02	47643.37
267.09	47600.40
267.16	47561.09
267.22	47520.66
267.29	47486.40
267.36	47438.93
267.43	47400.37
267.50	47362.14
267.57	47332.28
267.64	47293.56
267.70	47260.91
267.77	47221.73
267.84	47183.47
267.91	47132.05
267.98	47081.85
268.05	47033.79
268.11	46984.46
268.18	46930.92
268.25	46890.33
268.32	46852.15
268.39	46807.44
268.46	46766.95
268.53	46732.69
268.59	46691.46
268.66	46654.18
268.73	46616.26
268.80	46569.91
268.87	46518.56
268.94	46475.31
269.00	46432.23
269.07	46393.02
269.14	46370.43
269.21	46340.82
269.28	46300.45
269.35	46257.66
269.41	46212.69
269.48	46157.34
269.55	46100.00
269.62	46052.32
269.69	46006.21
269.76	45950.51
269.82	45915.61
269.89	45897.74
269.96	45873.56
270.03	45840.78
270.10	45818.40
270.17	45772.42
270.23	45724.41
270.30	45671.38
270.37	45635.14
270.44	45602.55
270.51	45572.74
270.58	45537.65
270.64	45516.19
270.71	45476.09
270.78	45438.05
270.85	45403.09
270.92	45370.27
270.99	45330.76
271.05	45294.17
271.12	45252.00
271.19	45214.77
271.26	45170.83
271.33	45128.21
271.39	45096.07
271.46	45051.52
271.53	45015.48
271.60	44996.21
271.67	44972.12
271.74	44948.29
271.80	44932.50
271.87	44908.62
271.94	44869.31
272.01	44833.18
272.08	44797.03
272.14	44755.05
272.21	44719.90
272.28	44698.87
272.35	44680.19
272.42	44652.45
272.48	44641.38
272.55	44621.90
272.62	44589.67
272.69	44562.02
272.76	44543.48
272.83	44513.31
272.89	44483.97
272.96	44453.66
273.03	44415.07
273.10	44382.88
273.17	44356.16
273.23	44323.55
273.30	44306.35
273.37	44290.70
273.44	44265.92
273.51	44235.28
273.57	44215.96
273.64	44193.26
273.71	44166.36
273.78	44131.50
273.85	44116.97
273.91	44095.79
273.98	44074.52
274.05	44054.95
274.12	44048.44
274.19	44031.57
274.25	44009.66
274.32	43981.01
274.39	43950.37
274.46	43906.65
274.53	43857.94
274.59	43809.28
274.66	43777.82
274.73	43757.65
274.80	43737.68
274.86	43716.17
274.93	43696.02
275.00	43658.66
275.07	43613.27
275.14	43579.72
275.20	43547.05
275.27	43528.91
275.34	43503.41
275.41	43486.29
275.48	43469.90
275.54	43454.54
275.61	43428.24
275.68	43409.40
275.75	43380.62
275.81	43345.82
275.88	43316.71
275.95	43290.92
276.02	43265.20
276.09	43243.47
276.15	43224.59
276.22	43197.96
276.29	43172.22
276.36	43140.06
276.42	43113.10
276.49	43081.87
276.56	43058.06
276.63	43034.44
276.70	43019.95
276.76	43003.14
276.83	42986.77
276.90	42967.54
276.97	42941.12
277.03	42920.52
277.10	42896.21
277.17	42879.80
277.24	42864.92
277.30	42854.04
277.37	42832.78
277.44	42816.89
277.51	42798.82
277.58	42771.91
277.64	42755.03
277.71	42734.37
277.78	42708.54
277.85	42672.75
277.91	42647.05
277.98	42617.59
278.05	42590.30
278.12	42572.72
278.18	42558.78
278.25	42536.73
278.32	42511.51
278.39	42493.14
278.45	42470.15
278.52	42450.22
278.59	42434.46
278.66	42418.57
278.72	42405.91
278.79	42385.62
278.86	42366.89
278.93	42359.80
278.99	42345.67
279.06	42317.10
279.13	42296.67
279.20	42279.94
279.26	42249.16
279.33	42224.04
279.40	42205.61
279.47	42181.64
279.53	42150.21
279.60	42118.20
279.67	42092.39
279.74	42062.19
279.80	42046.16
279.87	42041.92
279.94	42035.85
280.01	42022.74
280.07	42011.27
280.14	41987.82
280.21	41947.95
280.28	41922.17
280.34	41894.59
280.41	41865.22
280.48	41835.47
280.55	41817.66
280.61	41784.41
280.68	41755.08
280.75	41736.32
280.82	41705.51
280.88	41667.59
280.95	41621.47
281.02	41568.16
281.08	41485.63
281.15	41411.68
281.22	41343.35
281.29	41287.26
281.35	41228.77
281.42	41207.01
281.49	41177.16
281.56	41147.10
281.62	41117.62
281.69	41086.23
281.76	41044.99
281.82	41012.12
281.89	40973.95
281.96	40941.82
282.03	40921.60
282.09	40895.67
282.16	40876.62
282.23	40855.90
282.30	40831.67
282.36	40810.34
282.43	40783.59
282.50	40767.35
282.56	40744.36
282.63	40720.53
282.70	40697.44
282.77	40690.06
282.83	40667.74
282.90	40651.28
282.97	40630.43
283.03	40598.83
283.10	40567.47
283.17	40537.61
283.24	40509.44
283.30	40484.28
283.37	40464.50
283.44	40437.21
283.50	40408.10
283.57	40387.50
283.64	40358.79
283.71	40325.47
283.77	40284.40
283.84	40249.53
283.91	40210.87
283.97	40193.59
284.04	40197.82
284.11	40207.90
284.18	40222.47
284.24	40235.60
284.31	40237.69
284.38	40224.97
284.44	40212.66
284.51	40188.83
284.58	40172.73
284.64	40159.04
284.71	40150.94
284.78	40135.80
284.85	40125.36
284.91	40101.88
284.98	40081.19
285.05	40046.15
285.11	40030.12
285.18	40010.70
285.25	40000.67
285.31	39995.50
285.38	40004.66
285.45	40003.19
285.52	40006.51
285.58	40008.10
285.65	39997.77
285.72	39970.20
285.78	39949.13
285.85	39931.82
285.92	39909.96
285.98	39890.40
286.05	39882.70
286.12	39874.71
286.18	39862.32
286.25	39857.49
286.32	39853.68
286.39	39850.20
286.45	39842.74
286.52	39836.52
286.59	39822.93
286.65	39813.82
286.72	39811.25
286.79	39802.69
286.85	39790.33
286.92	39779.66
286.99	39769.31
287.05	39748.59
287.12	39746.49
287.19	39741.94
287.25	39741.02
287.32	39734.48
287.39	39738.10
287.45	39730.44
287.52	39727.33
287.59	39722.41
287.65	39721.59
287.72	39710.19
287.79	39699.94
287.86	39687.72
287.92	39672.15
287.99	39658.33
288.06	39655.46
288.12	39646.13
288.19	39642.28
288.26	39638.87
288.32	39635.49
288.39	39623.42
288.46	39621.17
288.52	39624.28
288.59	39628.51
288.66	39628.74
288.72	39633.51
288.79	39636.59
288.86	39632.08
288.92	39628.36
288.99	39626.36
289.06	39621.75
289.12	39618.81
289.19	39618.34
289.26	39618.62
289.32	39621.47
289.39	39627.03
289.45	39632.45
289.52	39624.42
289.59	39627.98
289.65	39631.22
289.72	39635.91
289.79	39641.46
289.85	39651.95
289.92	39653.96
289.99	39660.86
290.05	39656.43
290.12	39644.81
290.19	39642.14
290.25	39636.50
290.32	39632.00
290.39	39634.71
290.45	39640.89
290.52	39644.13
290.59	39655.62
290.65	39654.64
290.72	39655.15
290.79	39653.09
290.85	39661.64
290.92	39679.07
290.98	39693.30
291.05	39706.62
291.12	39720.29
291.18	39727.29
291.25	39720.88
291.32	39718.96
291.38	39713.56
291.45	39713.95
291.52	39711.94
291.58	39709.91
291.65	39720.32
291.72	39737.10
291.78	39756.60
291.85	39770.39
291.91	39791.08
291.98	39813.34
292.05	39819.94
292.11	39830.73
292.18	39841.51
292.25	39843.87
292.31	39831.09
292.38	39833.17
292.45	39828.42
292.51	39835.62
292.58	39841.39
292.64	39856.43
292.71	39870.68
292.78	39884.11
292.84	39885.94
292.91	39893.24
292.98	39902.82
293.04	39908.49
293.11	39912.54
293.17	39927.89
293.24	39942.10
293.31	39952.19
293.37	39970.14
293.44	39978.63
293.51	39988.12
293.57	39999.87
293.64	40002.89
293.70	40006.84
293.77	40024.13
293.84	40036.19
293.90	40036.04
293.97	40047.82
294.04	40066.27
294.10	40075.30
294.17	40083.37
294.23	40104.59
294.30	40117.57
294.37	40119.84
294.43	40136.59
294.50	40147.84
294.56	40156.07
294.63	40165.83
294.70	40185.29
294.76	40198.74
294.83	40215.09
294.90	40229.91
294.96	40242.63
295.03	40246.25
295.09	40254.88
295.16	40273.24
295.23	40278.97
295.29	40300.12
295.36	40314.47
295.42	40325.75
295.49	40335.72
295.56	40359.86
295.62	40375.50
295.69	40386.54
295.75	40405.69
295.82	40415.07
295.89	40421.59
295.95	40420.16
296.02	40435.67
296.08	40438.28
296.15	40436.22
296.22	40441.74
296.28	40458.91
296.35	40477.37
296.41	40495.43
296.48	40515.51
296.55	40544.00
296.61	40562.00
296.68	40582.55
296.74	40605.79
296.81	40637.09
296.88	40658.17
296.94	40679.52
297.01	40689.74
297.07	40697.38
297.14	40707.16
297.20	40718.90
297.27	40731.52
297.34	40753.99
297.40	40778.61
297.47	40793.59
297.53	40803.60
297.60	40825.32
297.67	40836.47
297.73	40850.71
297.80	40862.86
297.86	40867.54
297.93	40873.25
298.00	40881.85
298.06	40893.49
298.13	40916.57
298.19	40944.96
298.26	40961.35
298.32	40983.84
298.39	40995.53
298.46	40999.04
298.52	41009.73
298.59	41023.89
298.65	41031.51
298.72	41045.79
298.78	41069.51
298.85	41083.87
298.92	41096.10
298.98	41113.43
299.05	41127.28
299.11	41141.01
299.18	41152.63
299.24	41162.24
299.31	41171.27
299.38	41181.46
299.44	41187.00
299.51	41199.76
299.57	41212.50
299.64	41225.50
299.70	41236.49
299.77	41244.28
299.84	41252.32
299.90	41259.93
299.97	41259.89
300.03	41272.45
300.10	41292.41
300.16	41303.16
300.23	41322.09
300.30	41341.72
300.36	41348.57
300.43	41355.52
300.49	41364.96
300.56	41375.54
300.62	41393.42
300.69	41412.55
300.75	41425.08
300.82	41444.42
300.89	41446.76
300.95	41449.82
301.02	41447.97
301.08	41448.58
301.15	41444.30
301.21	41455.57
301.28	41455.06
301.34	41458.89
301.41	41463.15
301.48	41465.55
301.54	41454.86
301.61	41454.27
301.67	41452.95
301.74	41454.60
301.80	41458.75
301.87	41459.15
301.93	41453.04
302.00	41447.34
302.06	41434.01
302.13	41418.19
302.20	41415.95
302.26	41414.76
302.33	41415.92
302.39	41413.77
302.46	41412.22
302.52	41405.92
302.59	41397.96
302.65	41393.70
302.72	41397.15
302.78	41391.63
302.85	41391.32
302.91	41390.25
302.98	41380.25
303.05	41362.60
303.11	41359.59
303.18	41350.64
303.24	41339.97
303.31	41319.53
303.37	41308.13
303.44	41292.87
303.50	41274.95
303.57	41256.97
303.63	41244.18
303.70	41235.79
303.76	41214.81
303.83	41201.17
303.89	41189.04
303.96	41178.82
304.03	41161.37
304.09	41149.24
304.16	41125.60
304.22	41101.38
304.29	41079.96
304.35	41052.81
304.42	41034.76
304.48	41013.38
304.55	40994.05
304.61	40976.09
304.68	40956.59
304.74	40936.48
304.81	40923.60
304.87	40894.23
304.94	40866.04
305.00	40842.65
305.07	40810.54
305.13	40771.27
305.20	40744.85
305.26	40716.33
305.33	40691.99
305.39	40668.13
305.46	40641.58
305.52	40626.03
305.59	40605.42
305.66	40574.64
305.72	40545.81
305.79	40520.17
305.85	40483.92
305.92	40432.29
305.98	40322.27
306.05	40101.33
306.11	39806.72
306.18	39519.22
306.24	39331.53
306.31	39295.65
306.37	39419.10
306.44	39649.49
306.50	39877.10
306.57	40022.99
306.63	40073.60
306.70	40069.80
306.76	40035.39
306.83	39986.35
306.89	39926.53
306.96	39876.12
307.02	39826.43
307.09	39788.62
307.15	39755.81
307.22	39727.74
307.28	39688.88
307.35	39649.09
307.41	39594.77
307.48	39542.37
307.54	39496.31
307.61	39448.81
307.67	39397.83
307.74	39346.72
307.80	39301.29
307.87	39248.94
307.93	39207.99
308.00	39170.74
308.06	39133.00
308.13	39080.95
308.19	39034.81
308.26	38982.42
308.32	38935.38
308.38	38899.57
308.45	38863.57
308.51	38823.71
308.58	38768.99
308.64	38702.64
308.71	38642.10
308.77	38590.45
308.84	38538.59
308.90	38509.66
308.97	38489.66
309.03	38463.76
309.10	38422.45
309.16	38373.79
309.23	38310.44
309.29	38246.49
309.36	38161.94
309.42	38088.45
309.49	38020.59
309.55	37953.19
309.62	37881.54
309.68	37832.25
309.75	37773.82
309.81	37718.97
309.88	37673.10
309.94	37619.66
310.00	37560.88
310.07	37509.90
310.13	37458.91
310.20	37394.34
310.26	37348.50
310.33	37292.96
310.39	37240.43
310.46	37191.39
310.52	37142.32
310.59	37087.20
310.65	37039.52
310.72	36989.41
310.78	36923.39
310.85	36861.42
310.91	36804.01
310.97	36744.59
311.04	36687.40
311.10	36636.08
311.17	36583.72
311.23	36524.70
311.30	36468.32
311.36	36408.91
311.43	36359.17
311.49	36308.76
311.56	36254.68
311.62	36193.15
311.69	36136.64
311.75	36080.64
311.81	36016.69
311.88	35957.09
311.94	35909.39
312.01	35867.23
312.07	35808.68
312.14	35765.79
312.20	35720.22
312.27	35668.22
312.33	35600.10
312.40	35533.73
312.46	35459.51
312.52	35396.59
312.59	35333.13
312.65	35266.75
312.72	35198.66
312.78	35133.67
312.85	35058.33
312.91	34980.24
312.98	34915.38
313.04	34860.65
313.10	34803.69
313.17	34749.12
313.23	34700.72
313.30	34645.06
313.36	34581.44
313.43	34516.60
313.49	34455.12
313.56	34378.40
313.62	34305.34
313.68	34239.74
313.75	34183.69
313.81	34117.83
313.88	34060.55
313.94	34003.13
314.01	33951.81
314.07	33894.84
314.13	33836.37
314.20	33780.53
314.26	33723.41
314.33	33649.82
314.39	33573.37
314.46	33500.30
314.52	33432.21
314.58	33357.81
314.65	33287.29
314.71	33221.21
314.78	33155.97
314.84	33093.67
314.91	33031.59
314.97	32974.07
315.03	32915.66
315.10	32854.30
315.16	32777.72
315.23	32709.67
315.29	32645.09
315.36	32578.22
315.42	32513.63
315.48	32450.55
315.55	32387.98
315.61	32315.23
315.68	32249.83
315.74	32191.16
315.81	32130.89
315.87	32061.11
315.93	32008.42
316.00	31969.94
316.06	31922.98
316.13	31892.82
316.19	31843.63
316.25	31740.09
316.32	31566.43
316.38	31350.35
316.45	31068.21
316.51	30756.67
316.58	30424.02
316.64	30076.71
316.70	29711.21
316.77	29324.09
316.83	28915.92
316.90	28492.99
316.96	28055.95
317.02	27604.67
317.09	27149.37
317.15	26675.37
317.22	26187.29
317.28	25686.25
317.34	25166.31
317.41	24631.90
317.47	24103.60
317.54	23558.15
317.60	23001.40
317.66	22441.33
317.73	21873.48
317.79	21289.65
317.86	20715.62
317.92	20138.44
317.98	19546.73
318.05	18951.04
318.11	18362.97
318.18	17773.14
318.24	17180.52
318.30	16593.67
318.37	16011.21
318.43	15417.73
318.50	14824.61
318.56	14237.52
318.62	13669.05
318.69	13104.20
318.75	12555.97
318.82	12010.61
318.88	11483.93
318.94	10960.51
319.01	10451.41
319.07	9956.23
319.13	9477.88
319.20	9007.48
319.26	8544.79
319.33	8098.72
319.39	7660.19
319.45	7246.78
319.52	6849.84
319.58	6472.41
319.65	6108.40
319.71	5761.65
319.77	5425.06
319.84	5105.32
319.90	4803.88
319.96	4515.58
320.03	4245.46
320.09	3992.09
320.16	3748.27
320.22	3521.45
320.28	3311.75
320.35	3114.53
320.41	2932.75
320.47	2768.58
320.54	2609.97
320.60	2466.95
320.67	2337.85
320.73	2213.87
320.79	2098.55
320.86	2001.44
320.92	1906.20
320.98	1822.24
321.05	1745.56
321.11	1671.54
321.18	1604.04
321.24	1546.26
321.30	1487.40
321.37	1436.54
321.43	1398.20
321.49	1357.84
321.56	1319.18
321.62	1288.25
321.68	1254.10
321.75	1220.37
321.81	1191.32
321.88	1162.77
321.94	1137.61
322.00	1117.09
322.07	1089.15
322.13	1062.00
322.19	1032.39
322.26	999.93
322.32	969.84
322.38	946.18
322.45	924.23
322.51	900.40
322.58	880.26
322.64	852.05
322.70	826.38
322.77	794.58
322.83	772.86
322.89	742.32
322.96	715.54
323.02	687.66
323.08	660.66
323.15	631.05
323.21	605.94
323.27	581.37
323.34	557.20
323.40	532.71
323.46	507.75
323.53	476.78
323.59	403.08
323.65	302.34
323.72	189.55
323.78	80.82
323.85	-17.90
323.91	-67.47
323.97	-86.10
324.04	-86.91
